1429470 2264.1
1429480 2264.1
1429490 2277.9
1429500 2291.0
1429510 2291.0
1429520 2305.2
1429530 2320.0
1429540 2320.0
1429550 2320.8
1429560 2308.9
1429570 2308.9
1429580 2298.6
1429590 2290.4
1429600 2280.9
1429610 2280.9
1429620 2264.7
1429630 2246.5
1429640 2246.5
1429650 2234.2
1429660 2230.8
1429670 2230.8
1429680 2223.1
1429690 2209.8
1429700 2209.8
1429710 2202.7
1429720 2205.3
1429730 2205.3
1429740 2212.9
1429750 2218.6
1429760 2225.5
1429770 2225.5
1429780 2229.8
1429790 2232.8
1429800 2232.8
1429810 2239.8
1429820 2246.0
1429830 2246.0
1429840 2252.5
1429850 2251.9
1429860 2251.9
1429870 2250.5
1429880 2249.2
1429890 2249.2
1429900 2250.1
1429910 2255.2
1429920 2269.8
1429930 2269.8
1429940 2284.2
1429950 2292.4
1429960 2292.4
1429970 2304.0
1429980 2324.7
1429990 2324.7
1430000 2338.7
1430010 2350.6
1430020 2350.6
1430030 2356.7
1430040 2362.6
1430050 2362.6
1430060 2371.1
1430070 2382.6
1430080 2392.1
1430090 2392.1
1430100 2398.0
1430110 2403.4
1430120 2403.4
1430130 2408.1
1430140 2407.9
1430150 2407.9
1430160 2412.6
1430170 2438.6
1430180 2438.6
1430190 2452.1
1430200 2446.3
1430210 2446.3
1430220 2450.0
1430230 2457.2
1430240 2460.6
1430250 2460.6
1430260 2469.9
1430270 2467.7
1430280 2467.7
1430290 2466.0
1430300 2464.7
1430310 2464.7
1430320 2461.8
1430330 2453.6
1430340 2453.6
1430350 2450.0
1430360 2455.6
1430370 2464.1
1430380 2464.1
1430390 2466.2
1430400 2462.8
1430410 2462.8
1430420 2463.7
1430430 2463.9
1430440 2463.9
1430450 2464.7
1430460 2466.1
1430470 2466.1
1430480 2475.7
1430490 2481.5
1430500 2481.5
1430510 2483.4
1430520 2471.9
1430530 2454.5
1430540 2454.5
1430550 2441.7
1430560 2419.6
1430570 2419.6
1430580 2392.7
1430590 2377.8
1430600 2377.8
1430610 2377.1
1430620 2370.1
1430630 2370.1
1430640 2370.0
1430650 2372.8
1430660 2372.8
1430670 2374.2
1430680 2379.6
1430690 2396.0
1430700 2396.0
1430710 2403.0
1430720 2411.0
1430730 2411.0
1430740 2422.7
1430750 2422.3
1430760 2422.3
1430770 2411.9
1430780 2407.0
1430790 2407.0
1430800 2400.2
1430810 2396.8
1430820 2396.8
1430830 2408.8
1430840 2413.2
1430850 2415.5
1430860 2415.5
1430870 2413.6
1430880 2409.5
1430890 2409.5
1430900 2408.4
1430910 2406.6
1430920 2406.6
1430930 2407.1
1430940 2417.0
1430950 2417.0
1430960 2445.0
1430970 2461.3
1430980 2461.3
1430990 2469.6
1431000 2485.7
1431010 2490.7
1431020 2490.7
1431030 2477.0
1431040 2459.5
1431050 2459.5
1431060 2436.5
1431070 2398.0
1431080 2398.0
1431090 2389.6
1431100 2380.3
1431110 2380.3
1431120 2365.1
1431130 2349.1
1431140 2349.1
1431150 2355.6
1431160 2384.4
1431170 2392.5
1431180 2392.5
1431190 2411.6
1431200 2416.9
1431210 2416.9
1431220 2408.4
1431230 2403.7
1431240 2403.7
1431250 2408.0
1431260 2424.2
1431270 2424.2
1431280 2426.6
1431290 2428.0
1431300 2428.0
1431310 2417.6
1431320 2404.1
1431330 2392.3
1431340 2392.3
1431350 2386.3
1431360 2381.6
1431370 2381.6
1431380 2383.0
1431390 2384.8
1431400 2384.8
1431410 2380.7
1431420 2382.7
1431430 2382.7
1431440 2391.6
1431450 2389.2
1431460 2394.8
1431470 2394.8
1431480 2399.0
1431490 2400.5
1431500 2400.5
1431510 2396.8
1431520 2396.3
1431530 2396.3
1431540 2405.9
1431550 2421.8
1431560 2421.8
1431570 2433.9
1431580 2446.9
1431590 2446.9
1431600 2457.7
1431610 2464.4
1431620 2470.4
1431630 2470.4
1431640 2480.0
1431650 2495.2
1431660 2495.2
1431670 2496.8
1431680 2487.7
1431690 2487.7
1431700 2477.5
1431710 2465.5
1431720 2465.5
1431730 2450.8
1431740 2436.1
1431750 2436.1
1431760 2422.6
1431770 2410.8
1431780 2399.3
1431790 2399.3
1434600 2552.9
1434610 2552.9
1434620 2552.5
1434630 2553.7
1434640 2553.7
1434650 2556.3
1434660 2560.7
1434670 2560.7
1434680 2566.9
1434690 2577.0
1434700 2577.0
1434710 2604.2
1434720 2639.2
1434730 2654.6
1434740 2654.6
1434750 2663.6
1434760 2667.1
1434770 2667.1
1434780 2667.7
1434790 2668.8
1434800 2668.8
1434810 2665.6
1434820 2667.1
1434830 2667.1
1434840 2663.4
1434850 2656.5
1434860 2656.5
1434870 2655.1
