1428360 2232.8
1428370 2232.8
1428380 2238.0
1428390 2245.5
1428400 2245.5
1428410 2253.5
1428420 2263.1
1428430 2263.1
1428440 2271.2
1428450 2280.2
1428460 2288.1
1428470 2288.1
1428480 2295.5
1428490 2301.8
1428500 2301.8
1428510 2314.2
1428520 2324.6
1428530 2324.6
1428540 2333.7
1428550 2341.6
1428560 2341.6
1428570 2352.1
1428580 2364.4
1428590 2364.4
1428600 2373.3
1428610 2354.3
1428620 2333.5
1428630 2333.5
1428640 2318.5
1428650 2310.1
1428660 2310.1
1428670 2301.0
1428680 2272.0
1428690 2272.0
1428700 2233.1
1428710 2213.1
1428720 2213.1
1428730 2199.6
1428740 2179.2
1428750 2179.2
1428760 2164.4
1428770 2154.5
1428780 2139.6
1428790 2139.6
1428800 2130.3
1428810 2123.8
1428820 2123.8
1428830 2117.0
1428840 2110.3
1428850 2110.3
1428860 2103.8
1428870 2098.4
1428880 2098.4
1428890 2089.9
1428900 2083.1
1428910 2083.1
1428920 2076.4
1428930 2069.6
1428940 2062.7
1428950 2062.7
1428960 2056.0
1428970 2049.5
1428980 2049.5
1428990 2043.1
1429000 2036.9
1429010 2036.9
1429020 2030.5
1429030 2024.5
1429040 2024.5
1429050 2018.4
1429060 2012.0
1429070 2012.0
1429080 2005.5
1429090 1999.2
1429100 1993.0
1429110 1993.0
1429120 1986.9
1429130 1980.8
1429140 1980.8
1429150 1974.9
1429160 1969.0
1429170 1969.0
1429180 1963.3
1429190 1957.7
1429200 1957.7
1429210 1952.2
1429220 1947.0
1429230 1941.9
1429240 1941.9
1429250 1936.9
1429260 1932.1
1429270 1932.1
1429280 1927.1
1429290 1922.2
1429300 1922.2
1429310 1917.5
1429320 1912.6
1429330 1912.6
1429340 1907.5
1429350 1901.7
1429360 1901.7
1429370 1897.0
1429380 1892.4
1429390 1888.7
1429400 1888.7
1429410 1884.8
1429420 1881.0
1429430 1881.0
1429440 1877.0
1429450 1873.5
1429460 1873.5
1429470 1870.5
1429480 1867.6
1429490 1867.6
1429500 1864.3
1429510 1861.1
1429520 1861.1
1429530 1858.4
1429540 1856.6
1429550 1854.1
1429560 1854.1
1429570 1853.1
1429580 1852.4
1429590 1852.4
1429600 1850.7
1429610 1849.3
1429620 1849.3
1429630 1849.0
1429640 1848.2
1429650 1848.2
1429660 1849.7
1429670 1852.4
1429680 1852.4
1429690 1855.6
1429700 1859.2
1429710 1861.8
1429720 1861.8
1429730 1862.9
1429740 1863.1
1429750 1863.1
1429760 1863.1
1429770 1863.1
1429780 1863.1
1429790 1862.5
1429800 1861.2
1429810 1861.2
1429820 1857.9
1429830 1855.0
1429840 1855.0
1429850 1854.3
1429860 1852.1
1429870 1848.9
1429880 1848.9
1429890 1844.7
1429900 1840.0
1429910 1840.0
1429920 1835.9
1429930 1831.6
1429940 1831.6
1429950 1827.4
1429960 1824.1
1429970 1824.1
1429980 1821.9
1429990 1819.4
1430000 1819.4
1430010 1814.8
1430020 1808.9
1430030 1802.3
1430040 1802.3
1430050 1797.4
1430060 1794.0
1430070 1794.0
1430080 1792.5
1430090 1790.8
1430100 1790.8
1430110 1788.9
1430120 1788.0
1430130 1788.0
1430140 1786.9
1430150 1786.0
1430160 1786.0
1430170 1785.4
1430180 1784.7
1430190 1784.5
1430200 1784.5
1430210 1784.5
1430220 1784.8
1430230 1784.8
1430240 1785.1
1430250 1785.4
1430260 1785.4
1430270 1786.0
1430280 1786.4
1430290 1786.4
1430300 1787.5
1430310 1790.3
1430320 1790.3
1430330 1793.8
1430340 1796.7
1430350 1800.1
1430360 1800.1
1430370 1801.7
1430380 1801.6
1430390 1801.6
1430400 1802.8
1430410 1803.7
1430420 1803.7
1430430 1805.9
1430440 1808.5
1430450 1808.5
1430460 1809.7
1430470 1811.5
1430480 1813.1
1430490 1813.1
1430500 1814.9
1430510 1816.3
1430520 1816.3
1430530 1816.1
1430540 1815.0
1430550 1815.0
1430560 1813.4
1430570 1814.1
1430580 1814.1
1430590 1813.6
1430600 1812.2
1430610 1812.2
1430620 1810.6
1430630 1807.5
1430640 1805.0
1430650 1805.0
1430660 1804.3
1430670 1805.6
1430680 1805.6
1430690 1806.5
1430700 1806.2
1430710 1806.2
1430720 1805.5
1430730 1805.1
1430740 1805.1
1430750 1804.2
1430760 1802.0
1430770 1802.0
1430780 1804.0
1430790 1802.3
1430800 1802.9
1430810 1802.9
1430820 1805.0
1430830 1805.5
1430840 1805.5
1430850 1806.8
1430860 1808.0
1430870 1808.0
1430880 1809.4
1430890 1810.9
1430900 1810.9
1430910 1811.6
1430920 1811.8
1430930 1811.8
1430940 1812.5
1430950 1813.3
1430960 1814.1
1430970 1814.1
1430980 1815.2
1430990 1817.4
1431000 1817.4
1431010 1819.4
1431020 1821.5
1431030 1821.5
1431040 1823.5
1431050 1825.3
1431060 1825.3
1431070 1827.0
1431080 1828.6
1431090 1828.6
1431100 1830.0
1431110 1830.9
1431120 1831.9
1431130 1831.9
1431140 1833.0
1431150 1834.4
1431160 1834.4
1431170 1835.6
1431180 1836.9
1431190 1836.9
1431200 1838.8
1431210 1840.1
1431220 1840.1
1431230 1842.2
1431240 1843.9
1431250 1843.9
1431260 1846.2
1431270 1849.5
1431280 1855.0
1431290 1855.0
1431300 1859.9
1431310 1862.8
1431320 1862.8
1431330 1865.8
1431340 1867.6
1431350 1867.6
1431360 1869.3
1431370 1871.4
1431380 1871.4
1431390 1873.1
1431400 1873.8
1431410 1873.8
1431420 1874.3
1431430 1875.4
1431440 1876.2
1431450 1876.2
1431460 1877.1
1431470 1879.1
1431480 1879.1
1431490 1880.6
1431500 1881.6
1431510 1881.6
1431520 1882.1
1431530 1883.1
1431540 1883.1
1431550 1884.5
1431560 1885.7
1431570 1885.7
1431580 1886.3
1431590 1885.7
1431600 1886.9
1431610 1886.9
1431620 1888.8
1431630 1890.9
1431640 1890.9
1431650 1893.2
1431660 1894.9
1431670 1894.9
1431680 1896.4
1431690 1897.5
1431700 1897.5
1431710 1897.9
1431720 1898.1
1431730 1899.9
1431740 1899.9
1431750 1900.8
1431760 1901.4
1431770 1901.4
1431780 1901.3
1431790 1901.8
1431800 1901.8
1431810 1903.3
1431820 1904.6
1431830 1904.6
1431840 1907.1
1431850 1912.6
1431860 1912.6
1431870 1918.1
1431880 1922.6
1431890 1926.5
1431900 1926.5
1431910 1930.2
1431920 1933.6
1431930 1933.6
1431940 1936.8
1431950 1940.1
1431960 1940.1
1431970 1944.1
1431980 1947.7
1431990 1947.7
1432000 1949.5
1432010 1950.5
1432020 1950.5
1432030 1951.2
1432040 1951.4
1432050 1951.8
1432060 1951.8
1432070 1951.0
1432080 1950.7
1432090 1950.7
1432100 1949.7
1432110 1947.4
1432120 1947.4
1432130 1945.2
1432140 1943.8
1432150 1943.8
1432160 1944.6
1432170 1946.3
1432180 1946.3
1432190 1948.4
1432200 1951.5
1432210 1956.3
1432220 1956.3
1432230 1960.5
1432240 1962.1
1432250 1962.1
1432260 1960.5
1432270 1956.9
1432280 1956.9
1432290 1953.6
1432300 1951.4
1432310 1951.4
1432320 1951.1
1432330 1951.2
1432340 1951.2
1432350 1949.7
1432360 1948.9
1432370 1948.9
1432380 1948.9
1432390 1948.9
1432400 1948.9
1432410 1948.9
1432420 1948.9
1432430 1948.9
1432440 1948.9
1432450 1948.9
1432460 1948.9
1432470 1948.9
1432480 1948.9
1432490 1948.9
1432500 1948.9
1432510 1948.9
1432520 1948.9
1432530 1948.9
1432540 1948.9
1432550 1948.9
1432560 1948.9
1432570 1948.9
1432580 1948.9
1432590 1949.0
1432600 1949.0
1432610 1949.2
1432620 1950.7
1432630 1950.7
1432640 1951.9
1432650 1953.0
1432660 1953.0
1432670 1953.8
1432680 1954.0
1432690 1953.4
1432700 1953.4
1432710 1953.6
1432720 1954.6
1432730 1954.6
1432740 1956.2
1432750 1957.1
1432760 1957.1
1432770 1956.8
1432780 1956.8
1432790 1956.8
1432800 1957.7
1432810 1959.1
1432820 1959.1
1432830 1961.2
1432840 1963.2
1432850 1966.5
1432860 1966.5
1432870 1970.5
1432880 1974.5
1432890 1974.5
1432900 1979.1
1432910 1983.4
1432920 1983.4
1432930 1987.9
1432940 1992.2
1432950 1992.2
1432960 1995.7
1432970 1999.4
1432980 2011.7
1432990 2011.7
1433000 2029.2
1433010 2044.8
1433020 2044.8
1433030 2057.5
1433040 2064.0
1433050 2064.0
1433060 2069.6
1433070 2074.9
1433080 2074.9
1433090 2078.0
1433100 2081.6
1433110 2081.6
1433120 2086.5
1433130 2090.5
1433140 2092.7
1433150 2092.7
1433160 2093.9
1433170 2103.8
1433180 2103.8
1433190 2110.8
1433200 2119.5
1433210 2119.5
1433220 2127.2
1433230 2130.1
1433240 2130.1
1433250 2131.1
1433260 2134.4
1433270 2134.4
1433280 2136.7
1433290 2134.9
1433300 2135.1
1433310 2135.1
1433320 2137.7
1433330 2139.5
1433340 2139.5
1433350 2140.2
1433360 2140.0
1433370 2140.0
1433380 2139.1
1433390 2137.7
1433400 2137.7
1433410 2138.0
1433420 2140.9
1433430 2140.9
1433440 2144.2
1433450 2145.5
1433460 2146.7
1433470 2146.7
1433480 2146.2
1433490 2143.9
1433500 2143.9
1433510 2144.6
1433520 2148.1
1433530 2148.1
1433540 2150.5
1433550 2151.3
1433560 2151.3
1433570 2153.2
1433580 2151.5
1433590 2151.5
1433600 2149.4
1433610 2148.3
1433620 2151.6
1433630 2151.6
1433640 2155.3
1433650 2157.5
1433660 2157.5
1433670 2158.2
1433680 2159.5
1433690 2159.5
1433700 2162.2
1433710 2166.8
1433720 2166.8
1433730 2171.2
1433740 2174.3
1433750 2174.3
1433760 2176.7
1433770 2178.9
1433780 2180.0
1433790 2180.0
1433800 2181.3
1433810 2185.1
1433820 2185.1
1433830 2189.6
1433840 2194.5
1433850 2194.5
1433860 2199.1
1433870 2202.2
1433880 2202.2
1433890 2204.8
1433900 2207.8
1433910 2207.8
1433920 2210.8
1433930 2213.4
1433940 2214.9
1433950 2214.9
1433960 2215.9
1433970 2216.4
1433980 2216.4
1433990 2216.6
1434000 2216.0
1434010 2216.0
1434020 2213.3
1434030 2208.3
1434040 2208.3
1434050 2204.6
1434060 2202.9
1434070 2202.9
1434080 2200.5
1434090 2199.1
1434100 2198.7
1434110 2198.7
1434120 2197.6
1434130 2199.1
1434140 2199.1
1434150 2199.8
1434160 2200.3
1434170 2200.3
1434180 2201.7
1434190 2196.4
1434200 2196.4
1434210 2177.0
1434220 2172.5
1434230 2172.5
1434240 2169.2
1434250 2169.3
1434260 2168.7
1434270 2168.7
1434280 2166.1
1434290 2161.4
1434300 2161.4
1434310 2157.9
1434320 2149.6
1434330 2149.6
1434340 2137.8
1434350 2130.1
1434360 2130.1
1434370 2125.6
1434380 2122.9
1434390 2112.0
1434400 2112.0
1434410 2102.4
1434420 2086.4
1434430 2086.4
1434440 2060.2
1434450 2046.2
1434460 2046.2
1434470 2044.8
1434480 2042.7
1434490 2042.7
1434500 2039.5
1434510 2035.8
1434520 2035.8
1434530 2031.4
1434540 2027.8
1434550 2023.9
1434560 2023.9
1434570 2020.0
1434580 2015.2
1434590 2015.2
1434600 2010.3
1434610 2006.5
1434620 2006.5
1434630 2002.7
1434640 1998.4
1434650 1998.4
1434660 1995.7
1434670 1995.2
1434680 1995.2
1434690 1994.9
1434700 1995.2
1434710 1995.7
1434720 1995.7
1434730 1995.8
1434740 1995.8
1434750 1995.8
1434760 1995.5
1434770 1995.0
1434780 1995.0
1434790 1994.2
1434800 1992.6
1434810 1992.6
1434820 1990.9
1434830 1989.6
1434840 1989.6
1434850 1988.5
1434860 1987.4
1434870 1986.1
1434880 1986.1
1434890 1985.7
1434900 1985.8
1434910 1985.8
1434920 1984.3
1434930 1985.1
1434940 1985.1
1434950 1986.5
1434960 1988.0
1434970 1988.0
1434980 1988.3
1434990 1986.2
1435000 1986.2
1435010 1986.1
1435020 1989.4
1435030 1992.6
1435040 1992.6
1435050 1994.8
1435060 1998.6
1435070 1998.6
1435080 2002.2
1435090 2004.4
1435100 2004.4
1435110 2007.0
1435120 2011.1
1435130 2011.1
1435140 2014.0
1435150 2016.4
1435160 2016.4
1435170 2020.0
1435180 2022.0
1435190 2024.9
1435200 2024.9
1435210 2028.6
1435220 2031.5
1435230 2031.5
1435240 2034.5
1435250 2036.6
1435260 2036.6
1435270 2041.7
1435280 2046.6
1435290 2046.6
1435300 2051.6
1435310 2056.1
1435320 2056.1
1435330 2060.1
1435340 2063.2
1435350 2065.3
1435360 2065.3
1435370 2071.7
1435380 2078.1
1435390 2078.1
1435400 2083.5
1435410 2089.3
1435420 2089.3
1435430 2095.5
1435440 2102.8
1435450 2102.8
1435460 2122.5
1435470 2153.0
1435480 2153.0
1435490 2166.9
1435500 2167.4
1435510 2161.6
1435520 2161.6
1435530 2161.4
1435540 2167.5
1435550 2167.5
1435560 2189.5
1435570 2208.0
1435580 2208.0
1435590 2222.6
1435600 2234.4
1435610 2234.4
1435620 2263.7
1435630 2293.4
1435640 2302.0
1435650 2302.0
1435660 2310.0
1435670 2333.7
1435680 2328.5
1435690 2337.5
1435700 2345.4
1435710 2345.4
1435720 2355.3
1435730 2362.8
1435740 2362.8
1435750 2373.8
1435760 2397.6
1435770 2397.6
1435780 2427.2
1435790 2456.9
1435800 2477.3
1435810 2477.3
1435820 2486.9
1435830 2493.9
1435840 2493.9
1435850 2505.5
1435860 2517.4
1435870 2517.4
1435880 2538.8
1435890 2557.5
1435900 2557.5
1435910 2567.6
1435920 2581.2
1435930 2581.2
1435940 2593.0
1435950 2594.1
1435960 2595.7
1435970 2595.7
1435980 2600.4
1435990 2604.6
1436000 2604.6
1436010 2611.8
1436020 2590.4
1436030 2590.4
1436040 2574.2
1436050 2569.5
1436060 2569.5
1436070 2575.8
1436080 2560.9
1436090 2560.9
1436100 2534.5
1436110 2512.9
1436120 2497.8
1436130 2497.8
1436140 2482.7
1436150 2462.0
1436160 2462.0
1436170 2435.4
1436180 2410.1
1436190 2410.1
1436200 2401.0
1436210 2389.9
1436220 2389.9
1436230 2380.0
1436240 2369.6
1436250 2369.6
1436260 2362.6
1436270 2355.5
1436280 2347.8
1436290 2347.8
1436300 2339.0
1436310 2328.0
1436320 2328.0
1436330 2311.6
1436340 2284.3
1436350 2284.3
1436360 2266.9
1436370 2256.7
1436380 2256.7
1436390 2252.3
1436400 2247.7
1436410 2247.7
1436420 2241.0
1436430 2234.9
1436440 2231.6
1436450 2231.6
1436460 2229.5
1436470 2227.8
1436480 2227.8
1436490 2226.9
1436500 2226.2
1436510 2226.2
1436520 2225.7
1436530 2225.4
1436540 2225.4
1436550 2225.0
1436560 2224.1
1436570 2224.1
1436580 2223.0
1436590 2222.1
1436600 2221.8
1436610 2221.8
1436620 2221.9
1436630 2222.4
1436640 2222.4
1436650 2223.0
1436660 2223.6
1436670 2223.6
1436680 2224.2
1436690 2224.7
1436700 2224.7
1436710 2224.9
1436720 2224.7
1436730 2224.7
1436740 2223.9
1436750 2222.5
1436760 2221.8
1436770 2221.8
1436780 2218.4
1436790 2214.9
1436800 2214.9
1436810 2213.2
1436820 2212.6
1436830 2212.6
1436840 2213.7
1436850 2215.7
1436860 2215.7
1436870 2218.2
1436880 2220.1
1436890 2219.2
1436900 2219.2
1436910 2215.0
1436920 2209.3
1436930 2209.3
1436940 2203.8
1436950 2198.7
1436960 2198.7
1436970 2194.0
1436980 2191.1
1436990 2191.1
1437000 2189.1
1437010 2187.3
1437020 2187.3
1437030 2185.9
1437040 2185.0
1437050 2186.7
1437060 2186.7
1437070 2189.0
1437080 2191.3
1437090 2191.3
1437100 2193.6
1437110 2196.0
1437120 2196.0
1437130 2197.8
1437140 2198.2
1437150 2198.2
1437160 2197.4
1437170 2196.3
1437180 2196.3
1437190 2196.5
1437200 2196.7
1437210 2197.4
1437220 2197.4
1437230 2201.0
1437240 2204.1
1437250 2204.1
1437260 2206.5
1437270 2211.0
1437280 2211.0
1437290 2215.5
1437300 2221.7
1437310 2221.7
1437320 2236.3
1437330 2245.9
1437340 2245.9
1437350 2246.4
1437360 2250.9
1437370 2264.4
1437380 2264.4
1437390 2269.9
1437400 2274.1
1437410 2274.1
1437420 2275.6
1437430 2270.8
1437440 2270.8
1437450 2267.7
1437460 2257.6
1437470 2257.6
1437480 2243.8
1437490 2233.5
1437500 2233.5
1437510 2224.8
1437520 2215.8
1437530 2205.6
1437540 2205.6
1437550 2197.1
1437560 2190.3
1437570 2190.3
1437580 2181.4
1437590 2172.4
1437600 2172.4
1437610 2163.6
1437620 2155.2
1437630 2155.2
1437640 2146.9
1437650 2141.2
1437660 2141.2
1437670 2136.4
1437680 2130.7
1437690 2121.2
1437700 2121.2
1437710 2110.9
1437720 2101.8
1437730 2101.8
1437740 2094.3
1437750 2089.2
1437760 2089.2
1437770 2082.9
1437780 2074.9
1437790 2074.9
1437800 2069.8
1437810 2064.0
1437820 2064.0
1437830 2055.9
1437840 2049.0
1437850 2044.6
1437860 2044.6
1437870 2039.9
1437880 2032.8
1437890 2032.8
1437900 2024.7
1437910 2018.9
1437920 2018.9
1437930 2012.7
1437940 2005.8
1437950 2005.8
1437960 1999.2
1437970 1994.5
1437980 1994.5
1437990 1989.8
1438000 1985.1
1438010 1980.4
1438020 1980.4
1438030 1976.1
1438040 1971.9
1438050 1971.9
1438060 1967.1
1438070 1962.8
1438080 1962.8
1438090 1958.6
1438100 1954.6
1438110 1954.6
1438120 1951.5
1438130 1949.9
1438140 1947.1
1438150 1947.1
1438160 1942.8
1438170 1936.3
1438180 1936.3
1438190 1930.3
1438200 1925.8
1438210 1925.8
1438220 1921.9
1438230 1918.0
1438240 1918.0
1438250 1914.0
1438260 1910.1
1438270 1910.1
1438280 1906.2
1438290 1902.6
1438300 1898.7
1438310 1898.7
1438320 1896.4
1438330 1892.8
1438340 1892.8
1438350 1889.3
1438360 1886.3
1438370 1886.3
1438380 1883.1
1438390 1879.6
1438400 1879.6
1438410 1875.9
1438420 1872.8
1438430 1872.8
1438440 1870.4
1438450 1867.8
1438460 1865.1
1438470 1865.1
1438480 1863.2
1438490 1863.0
1438500 1863.0
1438510 1863.5
1438520 1864.6
1438530 1864.6
1438540 1865.3
1438550 1866.6
1438560 1866.6
1438570 1867.9
1438580 1870.1
1438590 1870.1
1438600 1872.1
1438610 1873.0
1438620 1870.5
1438630 1870.5
1438640 1864.6
1438650 1859.9
1438660 1859.9
1438670 1854.7
1438680 1851.1
1438690 1851.1
1438700 1850.3
1438710 1847.4
1438720 1847.4
1438730 1849.2
1438740 1862.2
1438750 1862.2
1438760 1882.9
1438770 1899.9
1438780 1895.4
1438790 1895.4
1438800 1889.3
1438810 1897.5
1438820 1897.5
1438830 1897.1
1438840 1894.9
1438850 1894.9
1438860 1890.4
1438870 1888.1
1438880 1888.1
1438890 1890.9
1438900 1888.8
1438910 1888.8
1438920 1886.4
1438930 1888.2
1438940 1887.8
1438950 1887.8
1438960 1881.6
1438970 1868.6
1438980 1868.6
1438990 1862.6
1439000 1862.3
1439010 1862.3
1439020 1862.4
1439030 1863.1
1439040 1863.1
1439050 1867.7
1439060 1870.2
1439070 1870.2
1439080 1866.7
1439090 1868.1
1439100 1880.1
1439110 1880.1
1439120 1882.5
1439130 1877.8
1439140 1877.8
1439150 1880.4
1439160 1889.3
1439170 1889.3
1439180 1911.2
1439190 1925.2
1439200 1925.2
1439210 1936.0
1439220 1937.7
1439230 1937.7
1439240 1932.7
1439250 1927.7
1439260 1915.7
1439270 1915.7
1439280 1916.3
1439290 1915.1
1439300 1915.1
1439310 1911.5
1439320 1911.4
1439330 1911.4
1439340 1903.5
1439350 1901.8
1439360 1901.8
1439370 1898.6
1439380 1895.3
1439390 1893.9
1439400 1893.9
1439410 1894.3
1439420 1894.7
1439430 1894.7
1439440 1897.1
1439450 1898.2
1439460 1898.2
1439470 1897.5
1439480 1895.5
1439490 1895.5
1439500 1892.7
1439510 1887.9
1439520 1887.9
1439530 1880.8
1439540 1879.3
1439550 1898.6
1439560 1898.6
1439570 1917.4
1439580 1930.7
1439590 1930.7
1439600 1935.2
1439610 1932.8
1439620 1932.8
1439630 1928.6
1439640 1920.8
1439650 1920.8
1439660 1915.0
1439670 1911.5
1439680 1911.5
1439690 1911.1
1439700 1910.4
1439710 1906.9
1439720 1906.9
1439730 1906.8
1439740 1910.3
1439750 1910.3
1439760 1912.2
1439770 1912.8
1439780 1912.8
1439790 1916.2
1439800 1914.9
1439810 1914.9
1439820 1914.1
1439830 1910.5
1439840 1910.5
1439850 1905.6
1439860 1898.9
1439870 1886.2
1439880 1886.2
1439890 1875.4
1439900 1866.5
1439910 1866.5
1439920 1859.5
1439930 1851.6
1439940 1851.6
1439950 1844.7
1439960 1838.0
1439970 1838.0
1439980 1831.9
1439990 1826.2
