1428360 2257.9
1428370 2257.9
1428380 2264.0
1428390 2270.2
1428400 2270.2
1428410 2276.9
1428420 2284.1
1428430 2291.2
1428440 2291.2
1428450 2299.5
1428460 2306.6
1428470 2306.6
1428480 2313.0
1428490 2319.6
1428500 2319.6
1428510 2325.7
1428520 2332.0
1428530 2332.0
1428540 2339.6
1428550 2347.4
1428560 2347.4
1428570 2360.5
1428580 2373.4
1428590 2384.0
1428600 2384.0
1428610 2383.8
1428620 2364.2
1428630 2364.2
1428640 2342.2
1428650 2319.6
1428660 2319.6
1428670 2291.8
1428680 2263.5
1428690 2263.5
1428700 2246.5
1428710 2250.1
1428720 2250.1
1428730 2238.3
1428740 2224.1
1428750 2222.6
1428760 2222.6
1428770 2216.6
1428780 2197.5
1428790 2197.5
1428800 2176.4
1428810 2158.1
1428820 2158.1
1428830 2143.8
1428840 2134.4
1428850 2134.4
1428860 2121.0
1428870 2108.6
1428880 2108.6
1428890 2096.7
1428900 2090.8
1428910 2084.4
1428920 2084.4
1428930 2080.2
1428940 2074.4
1428950 2074.4
1428960 2067.1
1428970 2058.2
1428980 2058.2
1428990 2050.2
1429000 2043.6
1429010 2043.6
1429020 2036.9
1429030 2030.2
1429040 2030.2
1429050 2023.6
1429060 2016.9
1429070 2010.5
1429080 2010.5
1429090 2004.3
1429100 1998.2
1429110 1998.2
1429120 1992.0
1429130 1985.7
1429140 1985.7
1429150 1979.6
1429160 1973.2
1429170 1973.2
1429180 1966.8
1429190 1960.9
1429200 1960.9
1429210 1954.5
1429220 1947.9
1429230 1941.5
1429240 1941.5
1429250 1935.6
1429260 1930.1
1429270 1930.1
1429280 1924.8
1429290 1919.6
1429300 1919.6
1429310 1914.6
1429320 1909.7
1429330 1909.7
1429340 1904.6
1429350 1899.8
1429360 1899.8
1429370 1894.8
1429380 1890.1
1429390 1885.9
1429400 1885.9
1429410 1881.8
1429420 1878.7
1429430 1878.7
1429440 1876.4
1429450 1874.0
1429460 1874.0
1429470 1872.2
1429480 1870.6
1429490 1870.6
1429500 1867.6
1429510 1864.7
1429520 1864.7
1429530 1862.5
1429540 1860.1
1429550 1857.7
1429560 1857.7
1429570 1856.0
1429580 1855.2
1429590 1853.6
1429600 1852.7
1429610 1850.9
1429620 1850.9
1429630 1848.8
1429640 1846.4
1429650 1846.4
1429660 1843.6
1429670 1843.8
1429680 1846.2
1429690 1846.2
1429700 1846.9
1429710 1845.0
1429720 1845.0
1429730 1845.3
1429740 1845.7
1429750 1845.7
1429760 1845.9
1429770 1846.2
1429780 1846.2
1429790 1846.2
1429800 1845.1
1429810 1845.1
1429820 1843.9
1429830 1845.0
1429840 1844.9
1429850 1844.9
1429860 1843.3
1429870 1842.0
1429880 1842.0
1429890 1840.2
1429900 1836.0
1429910 1836.0
1429920 1829.5
1429930 1823.1
1429940 1823.1
1429950 1817.4
1429960 1812.4
1429970 1812.4
1429980 1808.3
1429990 1804.8
1430000 1801.9
1430010 1801.9
1430020 1798.8
1430030 1795.2
1430040 1795.2
1430050 1790.8
1430060 1786.3
1430070 1786.3
1430080 1782.3
1430090 1778.5
1430100 1778.5
1430110 1776.8
1430120 1775.7
1430130 1775.7
1430140 1774.6
1430150 1773.5
1430160 1771.2
1430170 1771.2
1430180 1766.8
1430190 1764.9
1430200 1764.9
1430210 1764.4
1430220 1763.7
1430230 1763.7
1430240 1763.7
1430250 1764.1
1430260 1764.1
1430270 1764.5
1430280 1765.5
1430290 1765.5
1430300 1766.8
1430310 1769.3
1430320 1771.6
1430330 1771.6
1430340 1773.6
1430350 1775.7
1430360 1775.7
1430370 1777.9
1430380 1780.4
1430390 1780.4
1430400 1782.3
1430410 1783.9
1430420 1783.9
1430430 1785.1
1430440 1786.6
1430450 1786.6
1430460 1788.2
1430470 1789.2
1430480 1790.0
1430490 1790.0
1430500 1791.6
1430510 1794.4
1430520 1794.4
1430530 1795.4
1430540 1793.1
1430550 1793.1
1430560 1790.0
1430570 1788.9
1430580 1788.9
1430590 1788.6
1430600 1785.6
1430610 1785.6
1430620 1782.8
1430630 1781.3
1430640 1782.3
1430650 1782.3
1430660 1784.5
1430670 1784.4
1430680 1784.4
1430690 1783.6
1430700 1782.8
1430710 1782.8
1430720 1782.3
1430730 1782.0
1430740 1782.0
1430750 1781.4
1430760 1782.1
1430770 1782.1
1430780 1783.7
1430790 1785.7
1430800 1787.1
1430810 1787.1
1430820 1788.6
1430830 1788.9
1430840 1788.9
1430850 1788.8
1430860 1788.2
1430870 1788.2
1430880 1788.7
1430890 1790.2
1430900 1790.2
1430910 1791.2
1430920 1791.7
1430930 1791.7
1430940 1792.1
1430950 1792.1
1430960 1792.1
1430970 1792.1
1430980 1792.3
1430990 1793.3
1431000 1793.3
1431010 1795.9
1431020 1798.1
1431030 1798.1
1431040 1800.3
1431050 1801.8
1431060 1801.8
1431070 1800.5
1431080 1801.0
1431090 1803.4
1431100 1803.4
1431110 1805.5
1431120 1808.1
1431130 1808.1
1431140 1809.5
1431150 1810.4
1431160 1810.4
1431170 1812.5
1431180 1814.5
1431190 1814.5
1431200 1815.8
1431210 1816.5
1431220 1816.5
1431230 1817.0
1431240 1819.0
1431250 1821.7
1431260 1821.7
1431270 1825.1
1431280 1829.7
1431290 1829.7
1431300 1835.3
1431310 1840.2
1431320 1840.2
1431330 1843.8
1431340 1846.6
1431350 1846.6
1431360 1847.8
1431370 1847.8
1431380 1847.8
1431390 1846.5
1431400 1846.1
1431410 1845.9
1431420 1845.9
1431430 1845.9
1431440 1848.1
1431450 1848.1
1431460 1849.3
1431470 1850.4
1431480 1850.4
1431490 1851.5
1431500 1852.7
1431510 1852.7
1431520 1853.6
1431530 1854.8
1431540 1854.8
1431550 1856.5
1431560 1857.6
1431570 1857.6
1431580 1857.6
1431590 1858.4
1431600 1859.6
1431610 1859.6
1431620 1860.8
1431630 1861.6
1431640 1861.6
1431650 1862.5
1431660 1863.3
1431670 1863.3
1431680 1864.3
1431690 1864.6
1431700 1864.6
1431710 1865.2
1431720 1866.6
1431730 1866.7
1431740 1866.7
1431750 1866.9
1431760 1868.7
1431770 1868.7
1431780 1871.3
1431790 1873.4
1431800 1873.4
1431810 1874.7
1431820 1875.3
1431830 1875.3
1431840 1877.0
1431850 1879.2
1431860 1879.2
1431870 1882.7
1431880 1886.2
1431890 1889.2
1431900 1889.2
1431910 1892.1
1431920 1897.2
1431930 1902.5
1431940 1908.7
1431950 1912.3
1431960 1912.3
1431970 1916.6
1431980 1922.0
1431990 1922.0
1432000 1926.4
1432010 1929.6
1432020 1929.6
1432030 1930.6
1432040 1931.0
1432050 1931.5
1432060 1931.5
1432070 1934.7
1432080 1939.5
1432090 1939.5
1432100 1944.9
1432110 1952.8
1432120 1952.8
1432130 1958.1
1432140 1963.7
1432150 1963.7
1432160 1969.5
1432170 1973.7
1432180 1973.7
1432190 1976.1
1432200 1977.7
1432210 1979.5
1432220 1979.5
1432230 1981.0
1432240 1982.0
1432250 1982.0
1432260 1982.9
1432270 1982.9
1432280 1982.9
1432290 1983.6
1432300 1977.8
1432310 1977.8
1432320 1971.5
1432330 1968.7
1432340 1965.1
1432350 1965.1
1432360 1961.5
1432370 1955.9
1432380 1955.9
1432390 1951.1
1432400 1949.1
1432410 1949.1
1432420 1948.9
1432430 1948.9
1432440 1948.9
1432450 1948.9
1432460 1949.0
1432470 1949.0
1432480 1950.2
1432490 1952.8
1432500 1955.6
1432510 1955.6
1432520 1957.1
1432530 1959.2
1432540 1959.2
1432550 1962.2
1432560 1965.6
1432570 1965.6
1432580 1969.5
1432590 1974.0
1432600 1974.0
1432610 1976.6
1432620 1978.3
1432630 1978.3
1432640 1981.7
1432650 1985.2
1432660 1986.6
1432670 1986.6
1432680 1986.5
1432690 1987.1
1432700 1987.1
1432710 1987.7
1432720 1988.1
1432730 1988.1
1432740 1988.3
1432750 1987.0
1432760 1987.0
1432770 1987.2
1432780 1990.5
1432790 1990.5
1432800 1992.1
1432810 1991.2
1432820 1988.9
1432830 1988.9
1432840 1985.5
1432850 1981.7
1432860 1981.7
1432870 1978.9
1432880 1977.5
1432890 1977.5
1432900 1976.4
1432910 1976.7
1432920 1976.7
1432930 1979.0
1432940 1982.6
1432950 1982.6
1432960 1986.9
1432970 1991.4
1432980 1996.2
1432990 1996.2
1433000 2001.7
1433010 2007.6
1433020 2007.6
1433030 2012.6
1433040 2017.3
1433050 2017.3
1433060 2028.4
1433070 2046.5
1433080 2046.5
1433090 2053.7
1433100 2057.1
1433110 2057.1
1433120 2060.4
1433130 2061.9
1433140 2064.8
1433150 2064.8
1433160 2068.3
1433170 2071.0
1433180 2071.0
1433190 2072.8
1433200 2073.7
1433210 2073.7
1433220 2074.9
1433230 2075.1
1433240 2075.1
1433250 2076.3
1433260 2078.1
1433270 2078.1
1433280 2079.6
1433290 2081.6
1433300 2085.1
1433310 2085.1
1433320 2087.2
1433330 2089.0
1433340 2089.0
1433350 2089.2
1433360 2084.5
1433370 2084.5
1433380 2078.2
1433390 2078.7
1433400 2078.7
1433410 2079.6
1433420 2079.5
1433430 2079.5
1433440 2081.7
1433450 2087.5
1433460 2091.7
1433470 2091.7
1433480 2093.2
1433490 2092.2
1433500 2092.2
1433510 2091.5
1433520 2094.6
1433530 2094.6
1433540 2099.6
1433550 2103.3
1433560 2103.3
1433570 2106.7
1433580 2109.2
1433590 2111.2
1433600 2111.2
1433610 2113.4
1433620 2115.6
1433630 2115.6
1433640 2118.0
1433650 2119.6
1433660 2119.6
1433670 2120.5
1433680 2119.8
1433690 2119.8
1433700 2119.8
1433710 2123.8
1433720 2123.8
1433730 2128.8
1433740 2133.7
1433750 2139.6
1433760 2139.6
1433770 2146.8
1433780 2152.2
1433790 2152.2
1433800 2157.0
1433810 2161.3
1433820 2161.3
1433830 2166.2
1433840 2172.8
1433850 2172.8
1433860 2177.6
1433870 2178.3
1433880 2178.3
1433890 2179.2
1433900 2181.4
1433910 2183.5
1433920 2183.5
1433930 2186.3
1433940 2188.9
1433950 2188.9
1433960 2188.4
1433970 2188.8
1433980 2188.8
1433990 2188.2
1434000 2184.3
1434010 2184.3
1434020 2173.7
1434030 2168.6
1434040 2168.6
1434050 2166.4
1434060 2164.0
1434070 2150.2
1434080 2150.2
1434090 2138.6
1434100 2129.0
1434110 2129.0
1434120 2123.2
1434130 2119.4
1434140 2119.4
1434150 2117.3
1434160 2114.3
1434170 2114.3
1434180 2110.5
1434190 2106.5
1434200 2106.5
1434210 2102.5
1434220 2098.3
1434230 2093.9
1434240 2093.9
1434250 2089.4
1434260 2083.0
1434270 2083.0
1434280 2076.2
1434290 2072.1
1434300 2072.1
1434310 2070.4
1434320 2067.7
1434330 2067.7
1434340 2061.5
1434350 2053.1
1434360 2053.1
1434370 2045.6
1434380 2044.9
1434390 2040.5
1434400 2040.5
1434410 2035.6
1434420 2030.7
1434430 2030.7
1434440 2025.6
1434450 2021.8
1434460 2021.8
1434470 2017.3
1434480 2014.2
1434490 2014.2
1434500 2011.7
1434510 2007.4
1434520 2007.4
1434530 2003.0
1434540 1999.3
1434550 1995.6
1434560 1995.6
1434570 1992.2
1434580 1989.0
1434590 1989.0
1434600 1985.2
1434610 1981.5
1434620 1981.5
1434630 1979.3
1434640 1978.8
1434650 1978.8
1434660 1977.1
1434670 1976.9
1434680 1976.9
1434690 1976.5
1434700 1976.3
1434710 1974.6
1434720 1974.6
1434730 1972.6
1434740 1975.6
1434750 1975.6
1434760 1976.2
1434770 1979.4
1434780 1979.4
1434790 1980.1
1434800 1977.9
1434810 1977.9
1434820 1973.7
1434830 1970.6
1434840 1970.6
1434850 1968.7
1434860 1967.0
1434870 1965.6
1434880 1965.6
1434890 1964.5
1434900 1963.7
1434910 1963.7
1434920 1963.1
1434930 1962.2
1434940 1962.2
1434950 1961.4
1434960 1961.6
1434970 1961.6
1434980 1962.5
1434990 1963.0
1435000 1963.6
1435010 1963.6
1435020 1964.3
1435030 1965.1
1435040 1965.1
1435050 1966.5
1435060 1971.1
1435070 1971.1
1435080 1975.3
1435090 1978.7
1435100 1978.7
1435110 1982.3
1435120 1985.5
1435130 1985.5
1435140 1988.0
1435150 1990.4
1435160 1992.3
1435170 1992.3
1435180 1993.6
1435190 1996.9
1435200 1996.9
1435210 1999.8
1435220 2003.8
1435230 2003.8
1435240 2007.7
1435250 2011.7
1435260 2011.7
1435270 2015.4
1435280 2019.6
1435290 2019.6
1435300 2023.3
1435310 2029.8
1435320 2041.5
1435330 2041.5
1435340 2053.2
1435350 2057.7
1435360 2057.7
1435370 2058.7
1435380 2061.3
1435390 2061.3
1435400 2064.9
1435410 2069.5
1435420 2069.5
1435430 2071.3
1435440 2069.0
1435450 2069.0
1435460 2068.8
1435470 2075.2
1435480 2086.5
1435490 2086.5
1435500 2100.5
1435510 2114.7
1435520 2114.7
1435530 2121.3
1435540 2124.7
1435550 2124.7
1435560 2128.0
1435570 2139.4
1435580 2139.4
1435590 2158.1
1435600 2188.6
1435610 2188.6
1435620 2230.0
1435630 2254.0
1435640 2277.3
1435650 2277.3
1435660 2300.5
1435670 2307.2
1435680 2307.2
1435690 2308.4
1435700 2312.3
1435710 2312.3
1435720 2317.4
1435730 2322.3
1435740 2322.3
1435750 2327.7
1435760 2336.0
1435770 2336.0
1435780 2359.1
1435790 2384.7
1435800 2405.3
1435810 2405.3
1435820 2422.8
1435830 2440.2
1435840 2440.2
1435850 2455.0
1435860 2468.6
1435870 2468.6
1435880 2482.7
1435890 2502.9
1435900 2502.9
1435910 2498.7
1435920 2500.4
1435930 2500.4
1435940 2497.3
1435950 2487.1
1435960 2483.6
1435970 2483.6
1435980 2487.7
1435990 2503.8
1436000 2503.8
1436010 2513.7
1436020 2512.6
1436030 2512.6
1436040 2505.7
1436050 2495.1
1436060 2495.1
1436070 2482.9
1436080 2462.1
1436090 2462.1
1436100 2444.8
1436110 2438.5
1436120 2433.2
1436130 2433.2
1436140 2427.3
1436150 2420.7
1436160 2420.7
1436170 2413.5
1436180 2404.9
1436190 2404.9
1436200 2395.8
1436210 2386.7
1436220 2386.7
1436230 2378.5
1436240 2371.3
1436250 2362.9
1436260 2362.9
1436270 2352.5
1436280 2340.4
1436290 2340.4
1436300 2330.1
1436310 2318.6
1436320 2318.6
1436330 2289.3
1436340 2263.7
1436350 2263.7
1436360 2245.0
1436370 2233.0
1436380 2233.0
1436390 2223.6
1436400 2215.4
1436410 2209.3
1436420 2209.3
1436430 2204.2
1436440 2201.8
1436450 2201.8
1436460 2200.6
1436470 2200.6
1436480 2200.6
1436490 2200.9
1436500 2201.3
1436510 2201.3
1436520 2201.8
1436530 2203.1
1436540 2203.1
1436550 2205.9
1436560 2212.5
1436570 2214.7
1436580 2214.7
1436590 2214.9
1436600 2216.7
1436610 2216.7
1436620 2220.7
1436630 2225.5
1436640 2225.5
1436650 2230.1
1436660 2231.9
1436670 2231.9
1436680 2234.2
1436690 2237.1
1436700 2237.1
1436710 2238.4
1436720 2238.5
1436730 2238.0
1436740 2238.0
1436750 2237.2
1436760 2235.8
1436770 2235.8
1436780 2234.6
1436790 2232.3
1436800 2232.3
1436810 2228.5
1436820 2223.7
1436830 2223.7
1436840 2218.5
1436850 2212.9
1436860 2212.9
1436870 2207.1
1436880 2201.8
1436890 2197.3
1436900 2197.3
1436910 2193.8
1436920 2191.9
1436930 2191.9
1436940 2193.5
1436950 2191.5
1436960 2191.5
1436970 2188.5
1436980 2184.4
1436990 2184.4
1437000 2179.5
1437010 2175.4
1437020 2175.4
1437030 2173.7
1437040 2172.1
1437050 2170.3
1437060 2170.3
1437070 2168.6
1437080 2168.7
1437090 2168.7
1437100 2171.8
1437110 2176.3
1437120 2176.3
1437130 2180.3
1437140 2182.9
1437150 2182.9
1437160 2184.2
1437170 2184.6
1437180 2184.6
1437190 2184.5
1437200 2183.9
1437210 2183.3
1437220 2183.3
1437230 2182.5
1437240 2183.1
1437250 2183.1
1437260 2184.0
1437270 2185.2
1437280 2185.2
1437290 2187.0
1437300 2189.9
1437310 2189.9
1437320 2193.5
1437330 2195.8
1437340 2195.8
1437350 2199.2
1437360 2206.0
1437370 2212.2
1437380 2212.2
1437390 2217.6
1437400 2229.7
1437410 2229.7
1437420 2245.5
1437430 2251.6
1437440 2251.6
1437450 2262.7
1437460 2271.1
1437470 2271.1
1437480 2270.0
1437490 2261.4
1437500 2253.4
1437510 2253.4
1437520 2263.8
1437530 2269.6
1437540 2269.6
1437550 2265.0
1437560 2258.1
1437570 2258.1
1437580 2251.4
1437590 2242.7
1437600 2242.7
1437610 2224.9
1437620 2208.4
1437630 2208.4
1437640 2195.2
1437650 2183.4
1437660 2170.6
1437670 2170.6
1437680 2155.5
1437690 2136.4
1437700 2136.4
1437710 2125.0
1437720 2118.0
1437730 2118.0
1437740 2110.9
1437750 2104.1
1437760 2104.1
1437770 2096.9
1437780 2089.7
1437790 2089.7
1437800 2083.1
1437810 2076.5
1437820 2070.0
1437830 2070.0
1437840 2064.7
1437850 2068.3
1437860 2068.3
1437870 2076.2
1437880 2076.3
1437890 2076.3
1437900 2071.1
1437910 2063.4
1437920 2063.4
1437930 2058.7
1437940 2054.4
1437950 2054.4
1437960 2050.5
1437970 2047.7
1437980 2045.0
1437990 2045.0
1438000 2041.7
1438010 2038.4
1438020 2038.4
1438030 2034.1
1438040 2032.8
1438050 2032.8
1438060 2031.9
1438070 2030.0
1438080 2030.0
1438090 2027.5
1438100 2024.8
1438110 2024.8
1438120 2022.0
1438130 2020.8
1438140 2019.8
1438150 2019.8
1438160 2015.4
1438170 2010.2
1438180 2010.2
1438190 2016.0
1438200 2019.4
1438210 2019.4
1438220 2016.6
1438230 2013.0
1438240 2013.0
1438250 2008.6
1438260 2005.1
1438270 2005.1
1438280 2007.6
1438290 2007.9
1438300 2001.6
1438310 2001.6
1438320 1995.3
1438330 1988.4
1438340 1988.4
1438350 1979.3
1438360 1966.0
1438370 1966.0
1438380 1944.5
1438390 1906.6
1438400 1906.6
1438410 1878.2
1438420 1872.5
1438430 1872.5
1438440 1868.2
1438450 1862.6
1438460 1859.1
1438470 1859.1
1438480 1856.8
1438490 1855.3
1438500 1855.3
1438510 1853.9
1438520 1852.3
1438530 1852.3
1438540 1850.8
1438550 1847.7
1438560 1847.7
1438570 1842.6
1438580 1836.7
1438590 1836.7
1438600 1831.9
1438610 1835.7
1438620 1835.8
1438630 1835.8
1438640 1830.4
1438650 1824.6
1438660 1824.6
1438670 1820.5
1438680 1816.1
1438690 1816.1
1438700 1810.2
1438710 1805.1
1438720 1805.1
1438730 1802.4
1438740 1801.4
1438750 1801.4
1438760 1798.1
1438770 1791.2
1438780 1782.8
1438790 1782.8
1438800 1777.1
1438810 1803.6
1438820 1803.6
1438830 1822.2
1438840 1824.5
1438850 1824.5
1438860 1822.1
1438870 1828.4
1438880 1828.4
1438890 1833.9
1438900 1831.8
1438910 1827.5
1438920 1827.5
1438930 1830.4
1438940 1832.7
1438950 1832.7
1438960 1831.7
1438970 1827.5
1438980 1827.5
1438990 1822.6
1439000 1820.0
1439010 1820.0
1439020 1817.0
1439030 1817.2
1439040 1817.2
1439050 1817.6
1439060 1818.1
1439070 1819.5
1439080 1819.5
1439090 1819.1
1439100 1818.9
1439110 1818.9
1439120 1818.5
1439130 1817.7
1439140 1817.7
1439150 1816.6
1439160 1816.7
1439170 1816.7
1439180 1820.4
1439190 1829.4
1439200 1829.4
1439210 1837.9
1439220 1830.7
1439230 1834.4
1439240 1834.4
1439250 1841.1
1439260 1839.0
1439270 1839.0
1439280 1832.6
1439290 1825.3
1439300 1825.3
1439310 1829.5
1439320 1836.8
1439330 1836.8
1439340 1837.8
1439350 1839.0
1439360 1839.0
1439370 1839.2
1439380 1833.1
1439390 1826.8
1439400 1826.8
1439410 1822.4
1439420 1822.8
1439430 1822.8
1439440 1822.8
1439450 1819.6
1439460 1819.6
1439470 1818.8
1439480 1819.3
1439490 1819.3
1439500 1819.2
1439510 1817.8
1439520 1817.8
1439530 1814.7
1439540 1815.1
1439550 1811.6
1439560 1811.6
1439570 1808.2
1439580 1815.8
1439590 1815.8
1439600 1816.7
1439610 1822.8
1439620 1822.8
1439630 1827.5
1439640 1825.6
1439650 1825.6
1439660 1838.1
1439670 1838.9
1439680 1838.9
1439690 1839.8
1439700 1839.0
1439710 1843.8
1439720 1843.8
1439730 1841.7
1439740 1834.8
1439750 1834.8
1439760 1836.0
1439770 1836.2
1439780 1836.2
1439790 1842.3
1439800 1847.3
1439810 1847.3
1439820 1847.6
1439830 1848.1
1439840 1848.1
1439850 1848.8
1439860 1852.0
1439870 1858.5
1439880 1858.5
1439890 1860.8
1439900 1859.0
1439910 1859.0
1439920 1858.1
1439930 1855.5
1439940 1855.5
1439950 1850.8
1439960 1846.4
1439970 1846.4
1439980 1840.2
1439990 1831.1
