1424620 2156.3
1424630 2155.3
1424640 2164.8
1424650 2164.8
1424660 2175.6
1424670 2184.5
1424680 2184.5
1424690 2192.8
1424700 2200.3
1424710 2200.3
1424720 2208.6
1424730 2219.6
1424740 2219.6
1424750 2225.3
1424760 2222.3
1424770 2222.3
1424780 2208.6
1424790 2218.4
1424800 2231.3
1424810 2231.3
1424820 2243.6
1424830 2255.9
1424840 2255.9
1424850 2259.2
1424860 2263.2
1424870 2263.2
1424880 2266.7
1424890 2269.3
1424900 2269.3
1424910 2270.9
1424920 2274.4
1424930 2274.4
1424940 2277.6
1424950 2277.9
1424960 2269.8
1424970 2269.8
1424980 2259.4
1424990 2248.2
1425000 2248.2
1425010 2233.6
1425020 2219.9
1425030 2219.9
1425040 2212.9
1425050 2206.0
1425060 2206.0
1425070 2198.0
1425080 2188.4
1425090 2188.4
1425100 2180.6
1425110 2174.6
1425120 2167.6
1425130 2167.6
1425140 2158.9
1425150 2149.9
1425160 2149.9
1425170 2141.9
1425180 2135.8
1425190 2135.8
1425200 2130.5
1425210 2124.8
1425220 2124.8
1425230 2120.1
1425240 2116.6
1425250 2116.6
1425260 2111.0
1425270 2106.5
1425280 2104.6
1425290 2104.6
1425300 2101.3
1425310 2096.2
1425320 2096.2
1425330 2090.4
1425340 2084.5
1425350 2084.5
1425360 2081.6
1425370 2081.6
1425380 2081.6
1425390 2079.0
1425400 2074.7
1425410 2074.7
1425420 2070.5
1425430 2065.6
1425440 2060.6
1425450 2060.6
1425460 2056.5
1425470 2058.5
1425480 2058.5
1425490 2068.4
1425500 2074.9
1425510 2074.9
1425520 2078.1
1425530 2083.4
1425540 2083.4
1425550 2079.6
1425560 2072.3
1425570 2064.9
1425580 2064.9
1425590 2055.7
1425600 2048.3
1425610 2048.3
1425620 2040.4
1425630 2033.8
1425640 2033.8
1425650 2024.9
1425660 2017.0
1425670 2017.0
1425680 2007.8
1425690 1996.5
1425700 1996.5
1425710 1988.5
1425720 1984.3
1425730 1979.2
1425740 1979.2
1425750 1973.7
1425760 1969.4
1425770 1969.4
1425780 1965.3
1425790 1962.1
1425800 1962.1
1425810 1959.1
1425820 1955.5
1425830 1955.5
1425840 1950.9
1425850 1945.6
1425860 1945.6
1425870 1941.5
1425880 1939.4
1425890 1941.9
1425900 1941.9
1425910 1946.2
1425920 1945.1
1425930 1945.1
1425940 1942.4
1425950 1937.0
1425960 1937.0
1425970 1932.4
1425980 1930.6
1425990 1930.6
1426000 1926.0
1426010 1920.8
1426020 1920.8
1426030 1915.7
1426040 1910.8
1426050 1903.7
1426060 1903.7
1426070 1895.1
1426080 1885.9
1426090 1885.9
1426100 1876.6
1426110 1867.5
1426120 1867.5
1426130 1859.0
1426140 1849.4
1426150 1849.4
1426160 1838.2
1426170 1832.5
1426180 1832.5
1426190 1830.8
1426200 1830.6
1426210 1837.0
1426220 1837.0
1426230 1846.0
1426240 1850.4
1426250 1850.4
1426260 1839.3
1426270 1827.5
1426280 1827.5
1426290 1818.4
1426300 1811.6
1426310 1811.6
1426320 1805.1
1426330 1799.5
1426340 1799.5
1426350 1793.7
1426360 1787.7
1426370 1782.5
1426380 1782.5
1426390 1776.9
1426400 1772.4
1426410 1772.4
1426420 1768.8
1426430 1765.0
1426440 1765.0
1426450 1761.0
1426460 1757.2
1426470 1757.2
1426480 1754.7
1426490 1752.8
1426500 1752.8
1426510 1749.9
1426520 1746.0
1426530 1742.2
1426540 1742.2
1426550 1739.0
1426560 1736.3
1426570 1736.3
1426580 1733.0
1426590 1729.0
1426600 1729.0
1426610 1724.1
1426620 1719.4
1426630 1719.4
1426640 1716.0
1426650 1713.0
1426660 1713.0
1426670 1712.5
1426680 1713.8
1426690 1715.6
1426700 1715.6
1426710 1712.8
1426720 1712.1
1426730 1712.1
1426740 1712.7
1426750 1717.7
1426760 1717.7
1426770 1719.3
1426780 1715.9
1426790 1715.9
1426800 1715.8
1426810 1713.9
1426820 1713.9
1426830 1714.1
1426840 1716.2
1426850 1713.8
1426860 1713.8
1426870 1716.7
1426880 1718.5
1426890 1718.5
1426900 1714.3
1426910 1716.3
1426920 1731.1
1426930 1734.7
1426940 1732.0
1426950 1732.0
1426960 1728.8
1426970 1726.6
1426980 1726.6
1426990 1726.1
1427000 1726.5
1427010 1724.1
1427020 1724.1
1427030 1723.1
1427040 1721.8
1427050 1721.8
1427060 1721.2
1427070 1720.1
1427080 1720.1
1427090 1719.3
1427100 1718.7
1427110 1718.7
1427120 1716.9
1427130 1714.0
1427140 1714.0
1427150 1711.6
1427160 1709.6
1427170 1708.6
1427180 1708.6
1427190 1707.7
1427200 1706.9
1427210 1706.9
1427220 1705.1
1427230 1699.2
1427240 1699.2
1427250 1690.5
1427260 1696.2
1427270 1696.2
1427280 1705.9
1427290 1711.0
1427300 1711.0
1427310 1714.0
1427320 1717.1
1427330 1719.6
1427340 1719.6
1427350 1721.7
1427360 1724.4
1427370 1724.4
1427380 1727.8
1427390 1730.6
1427400 1730.6
1427410 1734.2
1427420 1735.8
1427430 1735.8
1427440 1731.0
1427450 1722.8
1427460 1722.8
1427470 1715.8
1427480 1718.0
1427490 1728.1
1427500 1728.1
1427510 1737.4
1427520 1744.3
1427530 1744.3
1427540 1750.2
1427550 1755.5
1427560 1755.5
1427570 1758.7
1427580 1760.2
1427590 1760.2
1427600 1761.6
1427610 1763.6
1427620 1763.6
1427630 1766.0
1427640 1768.3
1427650 1771.2
1427660 1771.2
1427670 1774.5
1427680 1777.4
1427690 1777.4
1427700 1779.7
1427710 1781.4
1427720 1781.4
1427730 1783.7
1427740 1786.0
1427750 1786.0
1427760 1788.8
1427770 1791.5
1427780 1791.5
1427790 1794.8
1427800 1798.7
1427810 1803.5
1427820 1803.5
1427830 1808.7
1427840 1813.4
1427850 1813.4
1427860 1818.6
1427870 1823.8
1427880 1823.8
1427890 1828.5
1427900 1833.5
1427910 1833.5
1427920 1839.1
1427930 1844.7
1427940 1844.7
1427950 1850.5
1427960 1855.9
1427970 1860.9
1427980 1860.9
1427990 1865.8
1428000 1870.2
1428010 1870.2
1428020 1873.6
1428030 1876.9
1428040 1876.9
1428050 1879.9
1428060 1884.5
1428070 1884.5
1428080 1891.1
1428090 1897.9
1428100 1897.9
1428110 1904.0
1428120 1909.6
1428130 1914.1
1428140 1914.1
1428150 1917.5
1428160 1919.5
1428170 1919.5
1428180 1920.9
1428190 1921.6
1428200 1921.6
1428210 1921.5
1428220 1919.9
1428230 1919.9
1428240 1917.1
1428250 1914.0
1428260 1914.0
1428270 1913.5
1428280 1917.5
1428290 1922.3
1428300 1922.3
1428310 1926.9
1428320 1927.7
1428330 1927.7
1428340 1926.0
1428350 1927.1
1428360 1927.1
1428370 1929.6
1428380 1930.5
1428390 1930.5
1428400 1930.5
1428410 1930.8
1428420 1930.8
1428430 1931.6
1428440 1933.5
1428450 1934.1
1428460 1934.1
1428470 1934.4
1428480 1933.7
1428490 1933.7
1428500 1930.0
1428510 1927.2
1428520 1927.2
1428530 1930.5
1428540 1933.5
1428550 1933.5
1428560 1936.6
1428570 1939.3
1428580 1939.3
1428590 1942.4
1428600 1945.5
1428610 1948.5
1428620 1948.5
1428630 1951.6
1428640 1953.6
1428650 1953.6
1428660 1955.1
1428670 1957.9
1428680 1957.9
1428690 1964.3
1428700 1969.8
1428710 1969.8
1428720 1975.5
1428730 1983.8
1428740 1983.8
1428750 1995.1
1428760 2003.9
1428770 2010.0
1428780 2010.0
1428790 2015.5
1428800 2021.7
1428810 2021.7
1428820 2030.5
1428830 2036.5
1428840 2036.5
1428850 2039.8
1428860 2043.8
1428870 2043.8
1428880 2047.4
1428890 2050.5
1428900 2050.5
1428910 2053.8
1428920 2057.8
1428930 2060.7
1428940 2060.7
1428950 2064.2
1428960 2070.6
1428970 2070.6
1428980 2073.9
1428990 2073.2
1429000 2073.2
1429010 2066.6
1429020 2059.2
1429030 2059.2
1429040 2048.9
1429050 2037.3
1429060 2026.4
1429070 2026.4
1429080 2017.4
1429090 2006.8
1429100 2006.8
1429110 1996.9
1429120 1988.1
1429130 1988.1
1429140 1979.8
1429150 1975.2
1429160 1975.2
1429170 1967.2
1429180 1957.9
1429190 1957.9
1429200 1949.8
1429210 1942.5
1429220 1937.1
1429230 1937.1
1429240 1931.5
1429250 1923.4
1429260 1923.4
1429270 1915.2
1429280 1907.9
1429290 1907.9
1429300 1901.3
1429310 1895.5
1429320 1895.5
1429330 1889.4
1429340 1883.6
1429350 1883.6
1429360 1881.1
1429370 1878.1
1429380 1871.9
1429390 1871.9
1429400 1864.8
1429410 1859.5
1429420 1859.5
1429430 1855.3
1429440 1852.2
1429450 1852.2
1429460 1851.1
1429470 1854.0
1429480 1854.0
1429490 1862.2
1429500 1866.7
1429510 1866.7
1429520 1866.1
1429530 1863.8
1429540 1860.2
1429550 1860.2
1429560 1857.5
1429570 1856.1
1429580 1856.1
1429590 1853.8
1429600 1851.9
1429610 1851.9
1429620 1850.8
1429630 1850.1
1429640 1850.1
1429650 1848.7
1429660 1846.8
1429670 1846.8
1429680 1846.2
1429690 1847.6
1429700 1847.1
1429710 1847.1
1429720 1846.0
1429730 1844.8
1429740 1844.8
1429750 1842.7
1429760 1838.9
1429770 1838.9
1429780 1835.5
1429790 1833.0
1429800 1833.0
1429810 1830.9
1429820 1829.6
1429830 1829.6
1429840 1829.9
1429850 1830.9
1429860 1831.8
1429870 1831.8
1429880 1832.5
1429890 1831.5
1429900 1831.5
1429910 1826.7
1429920 1824.3
1429930 1824.3
1429940 1824.3
1429950 1823.8
1429960 1823.8
1429970 1823.0
1429980 1823.3
1429990 1823.3
1430000 1822.6
1430010 1821.1
1430020 1818.3
1430030 1818.3
1430040 1815.5
1430050 1816.0
1430060 1816.0
1430070 1817.2
1430080 1817.4
1430090 1817.4
1430100 1820.6
1430110 1825.4
1430120 1825.4
1430130 1829.2
1430140 1829.8
1430150 1829.8
1430160 1830.2
1430170 1831.4
1430180 1834.0
1430190 1834.0
1430200 1837.4
1430210 1841.7
1430220 1841.7
1430230 1848.2
1430240 1853.5
1430250 1853.5
1430260 1857.0
1430270 1860.7
1430280 1860.7
1430290 1859.7
1430300 1859.8
1430310 1859.8
1430320 1859.6
1430330 1858.0
1430340 1857.0
1430350 1857.0
1430360 1856.0
1430370 1853.7
1430380 1853.7
1430390 1851.2
1430400 1852.0
1430410 1852.0
1430420 1852.4
1430430 1852.6
1430440 1852.6
1430450 1853.2
1430460 1852.8
1430470 1852.8
1430480 1852.5
1430490 1850.9
1430500 1846.8
1430510 1846.8
1430520 1842.1
1430530 1836.8
1430540 1836.8
1430550 1830.4
1430560 1826.2
1430570 1826.2
1430580 1822.7
1430590 1819.4
1430600 1819.4
1430610 1816.2
1430620 1813.2
1430630 1813.2
1430640 1810.9
1430650 1809.3
1430660 1807.6
1430670 1807.6
1430680 1805.8
1430690 1804.1
1430700 1804.1
1430710 1802.4
1430720 1800.7
1430730 1800.7
1430740 1798.1
1430750 1795.7
1430760 1795.7
1430770 1793.6
1430780 1791.2
1430790 1791.2
1430800 1788.4
1430810 1786.0
1430820 1784.4
1430830 1784.4
1430840 1783.7
1430850 1782.0
1430860 1782.0
1430870 1779.7
1430880 1776.6
1430890 1776.6
1430900 1772.7
1430910 1769.1
1430920 1769.1
1430930 1766.7
1430940 1763.8
1430950 1763.8
1430960 1759.4
1430970 1755.8
1430980 1752.1
1430990 1752.1
1431000 1748.9
1431010 1746.8
1431020 1746.8
1431030 1741.9
1431040 1725.2
1431050 1725.2
1431060 1714.9
1431070 1706.8
1431080 1706.8
1431090 1701.9
1431100 1695.0
1431110 1695.0
1431120 1680.9
1431130 1663.0
1431140 1650.1
1431150 1650.1
1431160 1640.8
1431170 1632.3
1431180 1632.3
1431190 1625.0
1431200 1617.0
1431210 1617.0
1431220 1609.2
1431230 1603.6
1431240 1603.6
1431250 1600.5
1431260 1596.3
1431270 1596.3
1431280 1593.4
1431290 1591.9
1431300 1590.8
1431310 1590.8
1431320 1587.2
1431330 1584.5
1431340 1584.5
1431350 1580.4
1431360 1578.3
1431370 1578.3
1431380 1571.9
1431390 1560.8
1431400 1560.8
1431410 1550.2
1431420 1543.5
1431430 1543.5
1431440 1537.8
1431450 1534.3
1431460 1529.1
1431470 1511.6
1431480 1501.8
1431490 1496.2
1431500 1496.2
1431510 1494.9
1431520 1494.1
1431530 1494.1
1431540 1492.3
1431550 1490.2
1431560 1490.2
1431570 1481.1
1431580 1448.3
1431590 1448.3
1431600 1419.5
1431610 1405.4
1431620 1396.2
1431630 1396.2
1431640 1388.2
1431650 1379.9
1431660 1379.9
1431670 1371.9
1431680 1364.9
1431690 1364.9
1431700 1357.3
1431710 1347.3
1431720 1347.3
1431730 1338.1
1431740 1330.7
1431750 1330.7
1431760 1325.3
1431770 1318.9
1431780 1312.6
1431790 1312.6
1431800 1306.0
1431810 1299.2
1431820 1299.2
1431830 1292.1
1431840 1285.3
1431850 1285.3
1431860 1278.5
1431870 1271.6
1431880 1271.6
1431890 1264.0
1431900 1256.4
1431910 1256.4
1431920 1249.6
1431930 1243.1
1431940 1236.4
1431950 1236.4
1431960 1229.7
1431970 1223.1
1431980 1223.1
1431990 1216.5
1432000 1209.9
1432010 1209.9
1432020 1203.0
1432030 1195.9
1432040 1195.9
1432050 1187.8
1432060 1179.9
1432070 1179.9
1432080 1172.9
1432090 1166.1
1432100 1161.1
1432110 1161.1
1432120 1160.5
1432130 1160.1
1432140 1160.1
1432150 1159.5
1432160 1158.9
1432170 1158.9
1432180 1158.0
1432190 1156.5
1432200 1156.5
1432210 1156.1
1432220 1155.5
1432230 1155.5
1432240 1154.7
1432250 1154.3
1432260 1154.1
1432270 1154.1
1432280 1154.9
1432290 1155.8
1432300 1155.8
1432310 1156.8
1432320 1157.5
1432330 1157.5
1432340 1157.2
1432350 1156.7
1432360 1156.7
1432370 1156.7
1432380 1155.6
1432390 1156.1
1432400 1156.1
1432410 1159.4
1432420 1163.6
1432430 1163.6
1432440 1165.1
1432450 1166.7
1432460 1166.7
1432470 1168.9
1432480 1169.9
1432490 1169.9
1432500 1171.4
1432510 1173.2
1432520 1173.2
1432530 1175.7
1432540 1178.5
1432550 1181.8
1432560 1181.8
1432570 1185.2
1432580 1188.9
1432590 1188.9
1432600 1192.4
1432610 1195.8
1432620 1195.8
1432630 1199.2
1432640 1203.0
1432650 1203.0
1432660 1207.1
1432670 1211.0
1432680 1211.0
1432690 1215.4
1432700 1219.6
1432710 1223.9
1432720 1223.9
1432730 1228.6
1432740 1232.9
1432750 1232.9
1432760 1237.6
1432770 1243.4
1432780 1243.4
1432790 1249.3
1432800 1255.6
1432810 1255.6
1432820 1261.7
1432830 1267.9
1432840 1267.9
1432850 1273.8
1432860 1279.0
1432870 1284.6
1432880 1284.6
1432890 1289.9
1432900 1294.6
1432910 1294.6
1432920 1298.8
1432930 1301.4
1432940 1301.4
1432950 1304.9
1432960 1311.3
1432970 1311.3
1432980 1317.2
1432990 1322.5
1433000 1322.5
1433010 1327.6
1433020 1332.4
1433030 1337.3
1433040 1337.3
1433050 1344.6
1433060 1353.5
1433070 1353.5
1433080 1361.2
1433090 1368.8
1433100 1368.8
1433110 1374.4
1433120 1378.1
1433130 1378.1
1433140 1377.4
1433150 1379.2
1433160 1379.2
1433170 1382.6
1433180 1384.2
1433190 1382.2
1433200 1382.2
1433210 1384.5
1433220 1384.7
1433230 1384.7
1433240 1391.2
1433250 1405.1
1433260 1405.1
1433270 1419.0
1433280 1432.7
1433290 1432.7
1433300 1447.0
1433310 1453.4
1433320 1453.4
1433330 1459.3
1433340 1467.1
1433350 1471.9
1433360 1471.9
1433370 1477.5
1433380 1487.3
1433390 1487.3
1433400 1488.6
1433410 1487.2
1433420 1487.2
1433430 1506.7
1433440 1524.1
1433450 1524.1
1433460 1539.9
1433470 1547.5
1433480 1547.5
1433490 1555.0
1433500 1558.1
1433510 1563.0
1433520 1563.0
1433530 1564.7
1433540 1566.2
1433550 1566.2
1433560 1567.7
1433570 1575.4
1433580 1575.4
1433590 1585.9
1433600 1593.1
1433610 1593.1
1433620 1597.5
1433630 1600.7
1433640 1600.7
1433650 1606.5
1433660 1611.2
1433670 1612.7
1433680 1612.7
1433690 1616.9
1433700 1622.4
1433710 1622.4
1433720 1626.6
1433730 1629.2
1433740 1629.2
1433750 1630.7
1433760 1631.2
1433770 1631.2
1433780 1633.1
1433790 1631.5
1433800 1631.5
1433810 1630.7
1433820 1633.1
1433830 1633.8
1433840 1633.8
1433850 1635.9
1433860 1637.2
1433870 1637.2
1433880 1642.8
1433890 1643.0
1433900 1643.0
1433910 1647.9
1433920 1656.6
1433930 1656.6
1433940 1665.4
1433950 1672.4
1433960 1672.4
1433970 1681.3
1433980 1690.2
1433990 1698.7
1434000 1698.7
1434010 1706.7
1434020 1714.6
1434030 1714.6
1434040 1722.6
1434050 1733.8
1434060 1733.8
1434070 1749.7
1434080 1765.5
1434090 1765.5
1434100 1779.7
1434110 1788.9
1434120 1788.9
1434130 1796.0
1434140 1800.7
1434150 1805.5
1434160 1805.5
1434170 1809.9
1434180 1815.4
1434190 1815.4
1434200 1819.5
1434210 1819.5
1434220 1819.5
1434230 1824.3
1434240 1831.4
1434250 1831.4
1434260 1838.2
1434270 1841.4
1434280 1841.4
1434290 1843.2
1434300 1846.5
1434310 1848.4
1434320 1848.4
1434330 1845.2
1434340 1847.1
1434350 1847.1
1434360 1869.8
1434370 1888.1
1434380 1888.1
1434390 1895.7
1434400 1902.4
1434410 1902.4
1434420 1909.9
1434430 1917.3
1434440 1917.3
1434450 1923.9
1434460 1923.2
1434470 1921.8
1434480 1921.8
1434490 1922.2
1434500 1932.6
1434510 1932.6
1434520 1942.5
1434530 1949.5
1434540 1949.5
1434550 1951.9
1434560 1953.4
1434570 1953.4
1434580 1955.6
1434590 1951.5
1434600 1951.5
1434610 1947.6
1434620 1943.6
1434630 1942.6
1434640 1942.6
1434650 1945.6
1434660 1940.5
1434670 1940.5
1434680 1928.9
1434690 1926.9
1434700 1926.9
1434710 1936.4
1434720 1950.5
1434730 1950.5
1434740 1959.2
1434750 1968.1
1434760 1968.1
1434770 1975.2
1434780 1973.1
1434790 1976.8
1434800 1976.8
1434810 1984.3
1434820 1994.4
1434830 1994.4
1434840 2016.8
1434850 2027.5
1434860 2027.5
1434870 2033.9
1434880 2040.2
1434890 2040.2
1434900 2046.8
1434910 2050.0
1434920 2050.0
1434930 2050.6
1434940 2051.7
1434950 2057.3
1434960 2057.3
1434970 2062.3
1434980 2065.1
1434990 2065.1
1435000 2065.2
1435010 2065.9
1435020 2065.9
1435030 2067.3
1435040 2069.6
1435050 2069.6
1435060 2072.9
1435070 2076.5
1435080 2076.5
1435090 2080.2
1435100 2085.8
1435110 2089.1
1435120 2089.1
1435130 2089.5
1435140 2091.1
1435150 2091.1
1435160 2088.0
1435170 2086.2
1435180 2086.2
1435190 2091.5
1435200 2092.2
1435210 2092.2
1435220 2085.3
1435230 2085.4
1435240 2085.4
1435250 2089.9
1435260 2097.9
1435270 2107.4
1435280 2107.4
1435290 2107.1
1435300 2108.9
1435310 2108.9
1435320 2111.1
1435330 2112.0
1435340 2112.0
1435350 2114.0
1435360 2115.7
1435370 2115.7
1435380 2117.3
1435390 2119.7
1435400 2119.7
1435410 2122.1
1435420 2124.9
1435430 2126.1
1435440 2126.1
1435450 2126.4
1435460 2126.9
1435470 2126.9
1435480 2126.7
1435490 2125.0
1435500 2125.0
1435510 2121.1
1435520 2118.5
1435530 2118.5
1435540 2114.1
1435550 2109.5
1435560 2109.5
1435570 2103.4
1435580 2099.3
1435590 2095.6
1435600 2095.6
1435610 2091.6
1435620 2088.4
1435630 2088.4
1435640 2085.6
1435650 2083.6
1435660 2083.6
1435670 2081.9
1435680 2079.8
1435690 2079.8
1435700 2076.7
1435710 2073.7
1435720 2073.7
1435730 2070.6
1435740 2069.4
1435750 2071.5
1435760 2071.5
1435770 2071.7
1435780 2075.1
1435790 2075.1
1435800 2082.3
1435810 2089.1
1435820 2089.1
1435830 2089.7
1435840 2091.2
1435850 2091.2
1435860 2092.4
1435870 2094.1
1435880 2094.1
1435890 2097.9
1435900 2102.1
1435910 2106.0
1435920 2106.0
1435930 2109.8
1435940 2112.2
1435950 2112.2
1435960 2115.9
1435970 2127.6
1435980 2127.6
1435990 2138.6
1436000 2142.5
1436010 2142.5
1436020 2147.4
1436030 2151.0
1436040 2168.8
1436050 2168.8
1436060 2193.2
1436070 2204.6
1436080 2204.6
1436090 2209.1
1436100 2210.4
1436110 2210.4
1436120 2206.7
1436130 2201.2
1436140 2201.2
1436150 2197.2
1436160 2194.0
1436170 2194.0
1436180 2191.6
1436190 2190.7
1436200 2186.7
1436210 2186.7
1436220 2179.5
1436230 2168.8
1436240 2168.8
1436250 2156.9
1436260 2145.4
1436270 2145.4
1436280 2134.9
1436290 2134.9
1436300 2134.9
1436310 2133.2
1436320 2133.1
1436330 2133.1
1436340 2130.6
1436350 2130.5
1436360 2124.6
1436370 2124.6
1436380 2118.2
1436390 2118.4
1436400 2118.4
1436410 2119.6
1436420 2122.9
1436430 2122.9
1436440 2138.8
1436450 2144.3
1436460 2144.3
1436470 2150.3
1436480 2162.0
1436490 2162.0
1436500 2174.5
1436510 2188.1
1436520 2199.2
1436530 2199.2
1436540 2209.7
1436550 2224.0
1436560 2224.0
1436570 2243.3
1436580 2259.2
1436590 2259.2
1436600 2271.4
1436610 2281.6
1436620 2281.6
1436630 2292.9
1436640 2305.6
1436650 2305.6
1436660 2324.2
1436670 2333.1
1436680 2333.5
1436690 2333.5
1436700 2343.9
1436710 2356.1
1436720 2356.1
1436730 2366.3
1436740 2376.6
1436750 2376.6
1436760 2389.1
1436770 2400.0
1436780 2400.0
1436790 2411.4
1436800 2422.6
1436810 2422.6
1436820 2433.7
1436830 2446.7
1436840 2466.8
1436850 2466.8
1436860 2479.9
1436870 2484.3
1436880 2484.3
1436890 2486.2
1436900 2482.7
1436910 2482.7
1436920 2483.9
1436930 2484.8
1436940 2484.8
1436950 2478.3
1436960 2473.8
1436970 2473.8
1436980 2469.0
1436990 2458.2
1437000 2460.6
1437010 2460.6
1437020 2464.2
1437030 2470.5
1437040 2470.5
1437050 2474.1
1437060 2471.7
1437070 2471.7
1437080 2462.7
1437090 2453.6
1437100 2453.6
1437110 2441.6
1437120 2427.8
1437130 2427.8
1437140 2411.7
1437150 2403.7
1437160 2388.5
1437170 2388.5
1437180 2367.6
1437190 2355.3
1437200 2355.3
1437210 2348.0
1437220 2338.5
1437230 2338.5
1437240 2328.6
1437250 2318.9
1437260 2318.9
1437270 2306.9
1437280 2288.5
1437290 2288.5
1437300 2264.2
1437310 2239.2
1437320 2223.2
1437330 2223.2
1437340 2211.4
1437350 2211.5
1437360 2211.5
1437370 2226.2
1437380 2230.8
1437390 2230.8
1437400 2230.9
1437410 2234.2
1437420 2234.2
1437430 2240.5
1437440 2240.8
1437450 2240.8
1437460 2226.1
1437470 2210.4
1437480 2201.5
1437490 2201.5
1437500 2198.0
1437510 2195.3
1437520 2195.3
1437530 2188.3
1437540 2179.6
1437550 2179.6
1437560 2177.1
1437570 2179.0
1437580 2179.0
1437590 2179.0
1437600 2177.5
1437610 2177.5
1437620 2171.5
1437630 2171.3
1437640 2167.2
1437650 2167.2
1437660 2152.2
1437670 2140.9
1437680 2140.9
1437690 2124.9
1437700 2114.5
1437710 2114.5
1437720 2114.4
1437730 2110.3
1437740 2110.3
1437750 2113.8
1437760 2112.8
1437770 2112.8
1437780 2106.8
1437790 2103.7
1437800 2106.5
1437810 2106.5
1437820 2108.2
1437830 2108.5
1437840 2108.5
1437850 2108.1
1437860 2115.4
1437870 2115.4
1437880 2125.0
1437890 2136.4
1437900 2136.4
1437910 2146.1
1437920 2161.0
1437930 2161.0
1437940 2180.3
1437950 2192.0
1437960 2197.6
1437970 2197.6
1437980 2208.6
1437990 2212.1
1438000 2212.1
1438010 2204.7
1438020 2194.9
1438030 2194.9
1438040 2190.8
1438050 2195.5
1438060 2195.5
1438070 2200.4
1438080 2206.2
1438090 2206.2
1438100 2206.3
1438110 2202.6
1438120 2197.9
1438130 2197.9
1438140 2193.9
1438150 2197.5
1438160 2197.5
1438170 2204.5
1438180 2214.6
1438190 2214.6
1438200 2218.1
1438210 2210.5
1438220 2210.5
1438230 2202.3
1438240 2175.3
1438250 2175.3
1438260 2131.7
1438270 2125.8
1438280 2128.8
1438290 2128.8
1438300 2131.2
1438310 2130.8
1438320 2130.8
1438330 2131.9
1438340 2135.3
1438350 2135.3
1438360 2140.2
1438370 2150.1
1438380 2150.1
1438390 2155.5
1438400 2160.5
1438410 2160.5
1438420 2167.2
1438430 2174.0
1438440 2180.9
1438450 2180.9
1438460 2189.1
1438470 2202.4
1438480 2202.4
1438490 2233.0
1438500 2248.6
1438510 2248.6
1438520 2255.5
1438530 2261.4
1438540 2261.4
1438550 2267.0
1438560 2272.0
1438570 2272.0
1438580 2276.9
1438590 2282.1
1438600 2284.4
1438610 2284.4
1438620 2278.9
1438630 2271.7
1438640 2271.7
1438650 2264.4
1438660 2258.6
1438670 2258.6
1438680 2256.5
1438690 2247.5
1438700 2247.5
1438710 2237.8
1438720 2222.9
1438730 2222.9
1438740 2212.4
1438750 2195.7
1438760 2187.1
1438770 2187.1
1438780 2181.8
1438790 2178.4
1438800 2178.4
1438810 2176.7
1438820 2177.3
1438830 2177.3
1438840 2182.5
1438850 2184.7
1438860 2184.7
1438870 2184.0
1438880 2191.2
1438890 2191.2
1438900 2200.7
1438910 2197.2
1438920 2183.4
1438930 2183.4
1438940 2171.7
1438950 2162.0
1438960 2162.0
1438970 2139.3
1438980 2134.1
1438990 2134.1
1439000 2123.9
1439010 2109.9
1439020 2109.9
1439030 2097.2
1439040 2076.8
1439050 2076.8
1439060 2052.7
1439070 2041.1
1439080 2036.6
1439090 2036.6
1439100 2031.4
1439110 2025.0
1439120 2019.0
1439130 2012.9
1439140 2008.8
1439150 2008.8
1439160 2007.0
1439170 2002.8
1439180 2002.8
1439190 1997.2
1439200 1992.7
1439210 1992.7
1439220 1987.9
1439230 1984.2
1439240 1978.2
1439250 1978.2
1439260 1971.6
1439270 1966.8
1439280 1966.8
1439290 1961.0
1439300 1950.5
1439310 1950.5
1439320 1938.8
1439330 1923.5
1439340 1923.5
1439350 1909.5
1439360 1901.6
1439370 1896.5
1439380 1896.5
1439390 1893.7
1439400 1889.9
1439410 1889.9
1439420 1886.6
1439430 1884.9
1439440 1884.9
1439450 1882.5
1439460 1880.2
1439470 1880.2
1439480 1876.7
1439490 1872.8
1439500 1872.8
1439510 1870.4
1439520 1866.8
1439530 1864.0
1439540 1864.0
1439550 1858.1
1439560 1849.4
1439570 1849.4
1439580 1841.9
1439590 1836.3
1439600 1836.3
1439610 1833.6
1439620 1830.1
1439630 1830.1
1439640 1826.1
1439650 1820.9
1439660 1820.9
1439670 1815.3
1439680 1811.0
1439690 1806.5
1439700 1806.5
1439710 1803.2
1439720 1798.9
1439730 1798.9
1439740 1793.3
1439750 1793.1
1439760 1793.1
1439770 1793.8
1439780 1790.3
1439790 1790.3
1439800 1787.1
1439810 1791.6
1439820 1791.6
1439830 1793.0
1439840 1793.4
1439850 1795.0
1439860 1795.0
1439870 1796.5
1439880 1796.7
1439890 1796.7
1439900 1794.1
1439910 1791.9
1439920 1791.9
1439930 1793.1
1439940 1794.7
1439950 1794.7
1439960 1794.3
1439970 1800.1
1439980 1800.1
1439990 1807.3
