1424340 2197.3
1424350 2207.2
1424360 2207.2
1424370 2215.8
1424380 2224.0
1424390 2224.0
1424400 2233.3
1424410 2239.5
1424420 2239.6
1424430 2239.6
1424440 2243.9
1424450 2254.2
1424460 2254.2
1424470 2264.8
1424480 2278.3
1424490 2278.3
1424500 2290.9
1424510 2300.4
1424520 2300.4
1424530 2294.8
1424540 2300.6
1424550 2300.6
1424560 2308.9
1424570 2314.1
1424580 2315.4
1424590 2315.4
1424600 2314.1
1424610 2324.1
1424620 2324.1
1424630 2332.2
1424640 2325.7
1424650 2325.7
1424660 2315.7
1424670 2304.4
1424680 2304.4
1424690 2293.0
1424700 2286.0
1424710 2286.0
1424720 2275.9
1424730 2264.2
1424740 2253.2
1424750 2253.2
1424760 2244.3
1424770 2233.3
1424780 2233.3
1424790 2224.3
1424800 2216.8
1424810 2216.8
1424820 2205.8
1424830 2193.4
1424840 2193.4
1424850 2188.7
1424860 2184.1
1424870 2179.1
1424880 2179.1
1424890 2174.0
1424900 2168.7
1424910 2168.7
1424920 2163.3
1424930 2157.5
1424940 2157.5
1424950 2151.8
1424960 2146.2
1424970 2146.2
1424980 2140.4
1424990 2134.4
1425000 2134.4
1425010 2128.4
1425020 2123.0
1425030 2117.9
1425040 2117.9
1425050 2112.7
1425060 2107.8
1425070 2107.8
1425080 2103.6
1425090 2099.9
1425100 2099.9
1425110 2096.3
1425120 2092.7
1425130 2092.7
1425140 2089.3
1425150 2086.8
1425160 2086.8
1425170 2084.3
1425180 2083.7
1425190 2082.6
1425200 2082.6
1425210 2081.2
1425220 2079.4
1425230 2079.4
1425240 2077.3
1425250 2074.4
1425260 2074.4
1425270 2070.5
1425280 2065.3
1425290 2065.3
1425300 2059.4
1425310 2053.5
1425320 2053.5
1425330 2048.2
1425340 2044.0
1425350 2039.8
1425360 2039.8
1425370 2035.2
1425380 2029.9
1425390 2029.9
1425400 2024.1
1425410 2018.3
1425420 2018.3
1425430 2012.4
1425440 2006.6
1425450 2006.6
1425460 2000.8
1425470 1995.1
1425480 1995.1
1425490 1989.8
1425500 1986.0
1425510 1979.9
1425520 1979.9
1425530 1972.5
1425540 1964.7
1425550 1964.7
1425560 1957.3
1425570 1951.0
1425580 1951.0
1425590 1946.0
1425600 1941.7
1425610 1941.7
1425620 1939.3
1425630 1936.3
1425640 1936.3
1425650 1934.2
1425660 1932.5
1425670 1931.0
1425680 1931.0
1425690 1930.6
1425700 1930.1
1425710 1930.1
1425720 1929.4
1425730 1925.8
1425740 1925.8
1425750 1922.4
1425760 1918.2
1425770 1918.2
1425780 1913.6
1425790 1908.5
1425800 1908.5
1425810 1903.1
1425820 1897.6
1425830 1892.3
1425840 1892.3
1425850 1887.4
1425860 1882.4
1425870 1882.4
1425880 1877.3
1425890 1872.6
1425900 1872.6
1425910 1867.3
1425920 1861.7
1425930 1861.7
1425940 1854.9
1425950 1847.1
1425960 1847.1
1425970 1839.1
1425980 1831.3
1425990 1823.8
1426000 1823.8
1426010 1817.0
1426020 1810.5
1426030 1810.5
1426040 1805.2
1426050 1799.8
1426060 1799.8
1426070 1793.7
1426080 1787.7
1426090 1787.7
1426100 1782.8
1426110 1778.2
1426120 1778.2
1426130 1773.7
1426140 1769.6
1426150 1765.8
1426160 1765.8
1426170 1761.2
1426180 1755.8
1426190 1755.8
1426200 1751.0
1426210 1746.5
1426220 1746.5
1426230 1741.9
1426240 1737.7
1426250 1737.7
1426260 1733.2
1426270 1729.3
1426280 1729.3
1426290 1725.0
1426300 1720.7
1426310 1716.8
1426320 1716.8
1426330 1713.2
1426340 1709.7
1426350 1709.7
1426360 1705.7
1426370 1702.7
1426380 1702.7
1426390 1700.0
1426400 1696.4
1426410 1696.4
1426420 1693.6
1426430 1692.1
1426440 1692.1
1426450 1691.6
1426460 1689.1
1426470 1687.2
1426480 1687.2
1426490 1683.8
1426500 1680.3
1426510 1680.3
1426520 1677.1
1426530 1674.2
1426540 1674.2
1426550 1671.0
1426560 1667.0
1426570 1667.0
1426580 1663.0
1426590 1659.6
1426600 1659.6
1426610 1656.7
1426620 1653.0
1426630 1650.1
1426640 1650.1
1426650 1646.9
1426660 1645.0
1426670 1645.0
1426680 1641.7
1426690 1638.6
1426700 1638.6
1426710 1635.8
1426720 1632.9
1426730 1632.9
1426740 1630.3
1426750 1627.4
1426760 1627.4
1426770 1624.4
1426780 1621.8
1426790 1619.3
1426800 1619.3
1426810 1617.1
1426820 1614.6
1426830 1614.6
1426840 1611.7
1426850 1608.6
1426860 1608.6
1426870 1605.8
1426880 1603.5
1426890 1603.5
1426900 1601.3
1426910 1599.5
1426920 1599.5
1426930 1597.8
1426940 1595.8
1426950 1594.1
1426960 1594.1
1426970 1594.2
1426980 1596.6
1426990 1596.6
1427000 1600.2
1427010 1604.0
1427020 1604.0
1427030 1607.5
1427040 1611.9
1427050 1611.9
1427060 1614.9
1427070 1614.2
1427080 1614.2
1427090 1611.6
1427100 1607.8
1427110 1602.0
1427120 1602.0
1427130 1597.3
1427140 1591.1
1427150 1591.1
1427160 1585.9
1427170 1590.2
1427180 1590.2
1427190 1597.2
1427200 1602.4
1427210 1602.4
1427220 1606.1
1427230 1606.7
1427240 1606.7
1427250 1608.0
1427260 1610.0
1427270 1613.1
1427280 1613.1
1427290 1615.6
1427300 1617.8
1427310 1617.8
1427320 1619.6
1427330 1618.1
1427340 1618.1
1427350 1613.2
1427360 1612.4
1427370 1612.4
1427380 1619.2
1427390 1625.3
1427400 1625.3
1427410 1629.1
1427420 1632.7
1427430 1636.7
1427440 1636.7
1427450 1639.5
1427460 1641.5
1427470 1641.5
1427480 1642.8
1427490 1645.8
1427500 1645.8
1427510 1649.2
1427520 1651.6
1427530 1651.6
1427540 1653.8
1427550 1654.5
1427560 1654.5
1427570 1655.5
1427580 1656.2
1427590 1656.8
1427600 1656.8
1427610 1657.3
1427620 1660.8
1427630 1660.8
1427640 1666.1
1427650 1673.6
1427660 1673.6
1427670 1681.5
1427680 1686.9
1427690 1686.9
1427700 1691.5
1427710 1696.6
1427720 1696.6
1427730 1703.6
1427740 1710.0
1427750 1713.9
1427760 1713.9
1427770 1718.2
1427780 1724.0
1427790 1724.0
1427800 1730.5
1427810 1741.2
1427820 1741.2
1427830 1751.7
1427840 1770.5
1427850 1770.5
1427860 1786.7
1427870 1798.6
1427880 1798.6
1427890 1807.0
1427900 1814.7
1427910 1823.9
1427920 1823.9
1427930 1834.5
1427940 1841.9
1427950 1841.9
1427960 1851.3
1427970 1856.4
1427980 1856.4
1427990 1863.5
1428000 1869.3
1428010 1869.3
1428020 1873.7
1428030 1877.3
1428040 1877.3
1428050 1878.7
1428060 1876.8
1428070 1878.0
1428080 1878.0
1428090 1877.7
1428100 1876.9
1428110 1876.9
1428120 1875.9
1428130 1873.8
1428140 1873.8
1428150 1873.4
1428160 1872.7
1428170 1872.7
1428180 1870.9
1428190 1869.3
1428200 1869.3
1428210 1867.6
1428220 1863.7
1428230 1860.0
1428240 1860.0
1428250 1859.7
1428260 1861.9
1428270 1861.9
1428280 1864.8
1428290 1866.6
1428300 1866.6
1428310 1869.4
1428320 1873.0
1428330 1873.0
1428340 1874.9
1428350 1875.0
1428360 1875.0
1428370 1881.6
1428380 1886.2
1428390 1889.5
1428400 1889.5
1428410 1891.5
1428420 1893.9
1428430 1893.9
1428440 1895.9
1428450 1897.2
1428460 1897.2
1428470 1898.2
1428480 1898.7
1428490 1898.7
1428500 1900.0
1428510 1903.0
1428520 1903.0
1428530 1906.3
1428540 1909.3
1428550 1910.9
1428560 1910.9
1428570 1912.3
1428580 1914.3
1428590 1914.3
1428600 1916.7
1428610 1917.8
1428620 1917.8
1428630 1917.1
1428640 1917.9
1428650 1917.9
1428660 1922.1
1428670 1926.2
1428680 1926.2
1428690 1929.6
1428700 1933.5
1428710 1940.2
1428720 1940.2
1428730 1947.0
1428740 1953.5
1428750 1953.5
1428760 1959.2
1428770 1964.6
1428780 1964.6
1428790 1971.0
1428800 1978.2
1428810 1978.2
1428820 1985.6
1428830 1991.3
1428840 1996.0
1428850 1996.0
1428860 2001.1
1428870 2006.5
1428880 2011.5
1428890 2014.3
1428900 2017.6
1428910 2017.6
1428920 2021.9
1428930 2027.6
1428940 2027.6
1428950 2034.2
1428960 2038.1
1428970 2038.1
1428980 2042.3
1428990 2048.0
1429000 2053.7
1429010 2053.7
1429020 2059.2
1429030 2062.7
1429040 2062.7
1429050 2065.0
1429060 2064.8
1429070 2064.8
1429080 2063.9
1429090 2062.7
1429100 2062.7
1429110 2057.2
1429120 2049.7
1429130 2049.7
1429140 2042.8
1429150 2035.0
1429160 2028.7
1429170 2028.7
1429180 2022.5
1429190 2015.2
1429200 2015.2
1429210 2005.7
1429220 1997.1
1429230 1997.1
1429240 1991.6
1429250 1986.9
1429260 1986.9
1429270 1980.8
1429280 1972.9
1429290 1972.9
1429300 1964.9
1429310 1962.7
1429320 1961.3
1429330 1961.3
1429340 1958.4
1429350 1956.1
1429360 1956.1
1429370 1954.7
1429380 1952.9
1429390 1952.9
1429400 1951.2
1429410 1949.0
1429420 1949.0
1429430 1948.0
1429440 1946.2
1429450 1946.2
1429460 1942.7
1429470 1939.2
1429480 1936.2
1429490 1936.2
1429500 1932.8
1429510 1928.7
1429520 1928.7
1429530 1923.0
1429540 1915.1
1429550 1915.1
1429560 1903.6
1429570 1888.2
1429580 1888.2
1429590 1871.7
1429600 1853.8
1429610 1853.8
1429620 1847.2
1429630 1840.5
1429640 1833.5
1429650 1833.5
1429660 1828.0
1429670 1823.4
1429680 1823.4
1429690 1819.7
1429700 1816.1
1429710 1816.1
1429720 1811.7
1429730 1807.4
1429740 1807.4
1429750 1803.9
1429760 1798.9
1429770 1798.9
1429780 1794.7
1429790 1791.1
1429800 1787.6
1429810 1787.6
1429820 1784.1
1429830 1780.1
1429840 1780.1
1429850 1775.5
1429860 1770.7
1429870 1770.7
1429880 1767.6
1429890 1765.0
1429900 1765.0
1429910 1761.8
1429920 1758.3
1429930 1758.3
1429940 1754.6
1429950 1750.8
1429960 1747.7
1429970 1747.7
1429980 1744.2
1429990 1741.1
1430000 1741.1
1430010 1740.4
1430020 1740.1
1430030 1740.1
1430040 1738.5
1430050 1737.1
1430060 1737.1
1430070 1735.5
1430080 1733.8
1430090 1733.8
1430100 1732.2
1430110 1730.8
1430120 1729.9
1430130 1729.9
1430140 1729.1
1430150 1728.3
1430160 1728.3
1430170 1727.8
1430180 1726.5
1430190 1726.5
1430200 1720.2
1430210 1713.1
1430220 1713.1
1430230 1703.5
1430240 1695.5
1430250 1695.5
1430260 1692.6
1430270 1684.7
1430280 1672.7
1430290 1672.7
1430300 1664.7
1430310 1658.8
1430320 1658.8
1430330 1654.1
1430340 1654.8
1430350 1654.8
1430360 1656.3
1430370 1656.8
1430380 1656.8
1430390 1655.8
1430400 1653.5
1430410 1653.5
1430420 1651.3
1430430 1649.1
1430440 1645.9
1430450 1645.9
1430460 1642.0
1430470 1639.5
1430480 1639.5
1430490 1638.5
1430500 1639.5
1430510 1639.5
1430520 1641.0
1430530 1643.0
1430540 1643.0
1430550 1644.5
1430560 1644.3
1430570 1644.3
1430580 1642.8
1430590 1639.5
1430600 1635.8
1430610 1635.8
1430620 1633.0
1430630 1632.3
1430640 1632.3
1430650 1633.2
1430660 1632.2
1430670 1632.2
1430680 1631.0
1430690 1628.9
1430700 1628.9
1430710 1621.8
1430720 1617.2
1430730 1617.2
1430740 1614.6
1430750 1612.2
1430760 1612.4
1430770 1612.4
1430780 1612.6
1430790 1611.3
1430800 1611.3
1430810 1608.8
1430820 1606.8
1430830 1606.8
1430840 1606.7
1430850 1606.2
1430860 1606.2
1430870 1605.3
1430880 1603.6
1430890 1603.6
1430900 1600.0
1430910 1599.0
1430920 1599.6
1430930 1599.6
1430940 1600.7
1430950 1600.8
1430960 1600.8
1430970 1599.0
1430980 1596.0
1430990 1596.0
1431000 1593.7
1431010 1591.5
1431020 1591.5
1431030 1589.9
1431040 1589.1
1431050 1589.1
1431060 1588.2
1431070 1586.4
1431080 1585.7
1431090 1585.7
1431100 1584.2
1431110 1582.9
1431120 1582.9
1431130 1581.9
1431140 1581.4
1431150 1581.4
1431160 1580.7
1431170 1578.3
1431180 1578.3
1431190 1594.4
1431200 1596.2
1431210 1596.2
1431220 1598.2
1431230 1600.1
1431240 1602.0
1431250 1602.0
1431260 1604.2
1431270 1604.1
1431280 1604.1
1431290 1604.1
1431300 1604.5
1431310 1604.5
1431320 1605.7
1431330 1605.2
1431340 1605.2
1431350 1598.7
1431360 1585.3
1431370 1585.3
1431380 1583.6
1431390 1562.6
1431400 1515.1
1431410 1515.1
1431420 1507.4
1431430 1507.7
1431440 1507.7
1431450 1507.5
1431460 1507.2
1431470 1507.2
1431480 1507.6
1431490 1509.6
1431500 1509.6
1431510 1520.0
1431520 1531.9
1431530 1531.9
1431540 1532.2
1431550 1520.2
1431560 1508.6
1431570 1508.6
1431580 1505.6
1431590 1500.1
1431600 1500.1
1431610 1490.9
1431620 1477.8
1431630 1477.8
1431640 1469.5
1431650 1462.5
1431660 1462.5
1431670 1452.6
1431680 1439.0
1431690 1439.0
1431700 1418.7
1431710 1402.4
1431720 1386.6
1431730 1386.6
1431740 1364.8
1431750 1345.2
1431760 1345.2
1431770 1329.9
1431780 1320.7
1431790 1320.7
1431800 1311.9
1431810 1302.4
1431820 1302.4
1431830 1293.4
1431840 1282.7
1431850 1282.7
1431860 1270.7
1431870 1255.3
1431880 1240.8
1431890 1240.8
1431900 1233.5
1431910 1227.1
1431920 1227.1
1431930 1220.4
1431940 1213.4
1431950 1213.4
1431960 1207.7
1431970 1202.5
1431980 1202.5
1431990 1197.1
1432000 1191.6
1432010 1191.6
1432020 1186.2
1432030 1181.3
1432040 1176.5
1432050 1176.5
1432060 1171.9
1432070 1167.6
1432080 1167.6
1432090 1162.9
1432100 1158.0
1432110 1158.0
1432120 1153.8
1432130 1149.7
1432140 1149.7
1432150 1145.5
1432160 1142.2
1432170 1142.2
1432180 1141.6
1432190 1139.2
1432200 1138.1
1432210 1138.1
1432220 1138.7
1432230 1140.5
1432240 1140.5
1432250 1141.0
1432260 1140.1
1432270 1140.1
1432280 1139.5
1432290 1138.8
1432300 1138.8
1432310 1138.8
1432320 1138.9
1432330 1138.9
1432340 1138.1
1432350 1138.5
1432360 1137.9
1432370 1137.9
1432380 1137.2
1432390 1137.9
1432400 1137.9
1432410 1138.4
1432420 1141.7
1432430 1141.7
1432440 1143.2
1432450 1144.5
1432460 1144.5
1432470 1144.8
1432480 1146.3
1432490 1146.3
1432500 1149.7
1432510 1153.4
1432520 1157.8
1432530 1157.8
1432540 1161.3
1432550 1164.8
1432560 1164.8
1432570 1168.4
1432580 1172.8
1432590 1172.8
1432600 1177.3
1432610 1181.9
1432620 1181.9
1432630 1186.5
1432640 1191.5
1432650 1191.5
1432660 1196.7
1432670 1202.6
1432680 1209.0
1432690 1209.0
1432700 1214.7
1432710 1225.9
1432720 1225.9
1432730 1245.8
1432740 1255.7
1432750 1255.7
1432760 1257.1
1432770 1255.0
1432780 1255.0
1432790 1267.0
1432800 1283.7
1432810 1316.5
1432820 1316.5
1432830 1386.1
1432840 1444.7
1432850 1444.7
1432860 1461.5
1432870 1479.4
1432880 1479.4
1432890 1494.1
1432900 1511.3
1432910 1511.3
1432920 1525.0
1432930 1531.1
1432940 1531.1
1432950 1531.8
1432960 1530.3
1432970 1545.4
1432980 1545.4
1432990 1567.3
1433000 1586.9
1433010 1586.9
1433020 1592.2
1433030 1595.8
1433040 1595.8
1433050 1600.3
1433060 1605.1
1433070 1605.1
1433080 1608.8
1433090 1611.8
1433100 1611.8
1433110 1613.3
1433120 1614.2
1433130 1616.1
1433140 1616.1
1433150 1618.9
1433160 1622.1
1433170 1622.1
1433180 1626.7
1433190 1632.4
1433200 1632.4
1433210 1639.1
1433220 1646.4
1433230 1646.4
1433240 1654.0
1433250 1660.9
1433260 1660.9
1433270 1670.6
1433280 1677.6
1433290 1684.2
1433300 1684.2
1433310 1691.6
1433320 1699.7
1433330 1699.7
1433340 1706.4
1433350 1710.7
1433360 1710.7
1433370 1715.0
1433380 1719.6
1433390 1719.6
1433400 1726.0
1433410 1733.1
1433420 1733.1
1433430 1739.7
1433440 1745.1
1433450 1752.9
1433460 1752.9
1433470 1758.5
1433480 1763.9
1433490 1763.9
1433500 1769.5
1433510 1776.3
1433520 1776.3
1433530 1782.5
1433540 1787.8
1433550 1787.8
1433560 1793.0
1433570 1797.5
1433580 1797.5
1433590 1801.9
1433600 1806.6
1433610 1813.0
1433620 1813.0
1433630 1818.9
1433640 1825.6
1433650 1825.6
1433660 1832.5
1433670 1838.2
1433680 1838.2
1433690 1843.7
1433700 1849.9
1433710 1849.9
1433720 1856.2
1433730 1862.0
1433740 1862.0
1433750 1869.5
1433760 1878.4
1433770 1887.4
1433780 1887.4
1433790 1896.8
1433800 1907.4
1433810 1907.4
1433820 1916.6
1433830 1922.2
1433840 1922.2
1433850 1924.3
1433860 1924.9
1433870 1924.9
1433880 1925.5
1433890 1926.8
1433900 1926.8
1433910 1929.1
1433920 1933.0
1433930 1932.6
1433940 1932.6
1433950 1932.6
1433960 1930.8
1433970 1930.8
1433980 1922.8
1433990 1917.5
1434000 1917.5
1434010 1921.3
1434020 1916.9
1434030 1916.9
1434040 1914.4
1434050 1910.7
1434060 1910.7
1434070 1910.0
1434080 1911.0
1434090 1914.8
1434100 1914.8
1434110 1923.7
1434120 1931.7
1434130 1931.7
1434140 1938.7
1434150 1944.9
1434160 1944.9
1434170 1949.8
1434180 1954.8
1434190 1954.8
1434200 1961.4
1434210 1968.6
1434220 1968.6
1434230 1975.8
1434240 1984.0
1434250 1993.0
1434260 1993.0
1434270 2000.8
1434280 2009.2
1434290 2009.2
1434300 2018.3
1434310 2018.5
1434320 2018.5
1434330 2034.2
1434340 2046.4
1434350 2046.4
1434360 2061.5
1434370 2073.3
1434380 2073.3
1434390 2079.0
1434400 2082.7
1434410 2086.5
1434420 2086.5
1434430 2089.8
1434440 2093.8
1434450 2093.8
1434460 2096.8
1434470 2099.7
1434480 2099.7
1434490 2103.8
1434500 2109.3
1434510 2109.3
1434520 2114.9
1434530 2120.1
1434540 2120.1
1434550 2124.2
1434560 2127.3
1434570 2131.0
1434580 2131.0
1434590 2134.1
1434600 2136.0
1434610 2136.0
1434620 2137.4
1434630 2137.1
1434640 2137.1
1434650 2138.0
1434660 2140.1
1434670 2140.1
1434680 2141.3
1434690 2141.8
1434700 2141.8
1434710 2140.4
1434720 2139.3
1434730 2138.8
1434740 2138.8
1434750 2139.1
1434760 2138.2
1434770 2138.2
1434780 2138.2
1434790 2138.2
1434800 2138.2
1434810 2139.6
1434820 2141.3
1434830 2141.3
1434840 2143.7
1434850 2146.5
1434860 2146.5
1434870 2148.8
1434880 2152.7
1434890 2156.2
1434900 2156.2
1434910 2161.0
1434920 2164.8
1434930 2164.8
1434940 2167.8
1434950 2171.6
1434960 2171.6
1434970 2177.3
1434980 2181.7
1434990 2181.7
1435000 2186.0
1435010 2188.5
1435020 2188.5
1435030 2192.6
1435040 2197.7
1435050 2202.7
1435060 2202.7
1435070 2206.4
1435080 2208.1
1435090 2208.1
1435100 2205.2
1435110 2200.1
1435120 2200.1
1435130 2195.1
1435140 2189.3
1435150 2189.3
1435160 2184.6
1435170 2179.9
1435180 2179.9
1435190 2175.0
1435200 2170.3
1435210 2165.3
1435220 2165.3
1435230 2160.7
1435240 2155.4
1435250 2155.4
1435260 2150.4
1435270 2145.6
1435280 2145.6
1435290 2140.2
1435300 2135.3
1435310 2135.3
1435320 2130.1
1435330 2124.2
1435340 2124.2
1435350 2119.3
1435360 2113.8
1435370 2108.4
1435380 2108.4
1435390 2102.3
1435400 2096.3
1435410 2096.3
1435420 2091.1
1435430 2086.4
1435440 2086.4
1435450 2081.1
1435460 2074.4
1435470 2074.4
1435480 2068.1
1435490 2062.1
1435500 2062.1
1435510 2057.1
1435520 2053.3
1435530 2051.6
1435540 2051.6
1435550 2051.8
1435560 2053.1
1435570 2053.1
1435580 2055.0
1435590 2058.1
1435600 2058.1
1435610 2061.3
1435620 2063.5
1435630 2063.5
1435640 2063.3
1435650 2059.9
1435660 2059.9
1435670 2058.1
1435680 2055.2
1435690 2049.6
1435700 2049.6
1435710 2042.4
1435720 2036.4
1435730 2036.4
1435740 2032.7
1435750 2028.6
1435760 2028.6
1435770 2023.6
1435780 2022.5
1435790 2022.5
1435800 2021.2
1435810 2020.4
1435820 2020.4
1435830 2018.5
1435840 2017.3
1435850 2017.3
1435860 2017.3
1435870 2018.1
1435880 2016.3
1435890 2016.3
1435900 2010.5
1435910 2007.0
1435920 2007.0
1435930 2001.5
1435940 2000.2
1435950 2000.2
1435960 2000.2
1435970 2001.5
1435980 2001.5
1435990 2002.2
1436000 2002.9
1436010 2005.6
1436020 2005.6
1436030 2009.9
1436040 2015.6
1436050 2015.6
1436060 2022.8
1436070 2030.1
1436080 2030.1
1436090 2038.4
1436100 2047.1
1436110 2047.1
1436120 2057.1
1436130 2077.0
1436140 2077.0
1436150 2088.2
1436160 2086.4
1436170 2072.2
1436180 2072.2
1436190 2057.0
1436200 2041.8
1436210 2041.8
1436220 2019.6
1436230 2002.4
1436240 2002.4
1436250 1994.5
1436260 1992.3
1436270 1992.3
1436280 1991.3
1436290 1993.7
1436300 1993.7
1436310 1995.2
1436320 1997.7
1436330 1999.7
1436340 1999.7
1436350 2002.6
1436360 2007.8
1436370 2007.8
1436380 2013.9
1436390 2020.4
1436400 2020.4
1436410 2031.6
1436420 2054.4
1436430 2054.4
1436440 2071.3
1436450 2084.9
1436460 2084.9
1436470 2105.8
1436480 2147.2
1436490 2165.4
1436500 2165.4
1436510 2184.7
1436520 2201.6
1436530 2201.6
1436540 2214.3
1436550 2224.7
1436560 2224.7
1436570 2227.5
1436580 2231.8
1436590 2231.8
1436600 2236.0
1436610 2238.6
1436620 2238.6
1436630 2240.0
1436640 2235.8
1436650 2234.6
1436660 2234.6
1436670 2235.1
1436680 2237.4
1436690 2237.4
1436700 2237.0
1436710 2224.3
1436720 2224.3
1436730 2221.4
1436740 2220.0
1436750 2220.0
1436760 2216.6
1436770 2212.1
1436780 2209.2
1436790 2209.2
1436800 2204.4
1436810 2205.7
1436820 2205.7
1436830 2211.8
1436840 2209.1
1436850 2209.1
1436860 2200.7
1436870 2195.4
1436880 2195.4
1436890 2197.7
1436900 2204.0
1436910 2204.0
1436920 2199.7
1436930 2202.2
1436940 2205.6
1436950 2205.6
1436960 2206.4
1436970 2207.5
1436980 2207.5
1436990 2172.3
1437000 2082.2
1437010 2082.2
1437020 2050.6
1437030 2026.3
1437040 2026.3
1437050 2028.0
1437060 2040.1
1437070 2040.1
1437080 2032.8
1437090 2012.7
1437100 2007.8
1437110 2007.8
1437120 1999.1
1437130 1989.4
1437140 1989.4
1437150 1996.0
1437160 2002.0
1437170 2002.0
1437180 2000.6
1437190 2003.1
1437200 2003.1
1437210 2010.8
1437220 2024.5
1437230 2024.5
1437240 2032.6
1437250 2037.5
1437260 2044.3
1437270 2044.3
1437280 2052.0
1437290 2058.8
1437300 2058.8
1437310 2066.1
1437320 2073.8
1437330 2073.8
1437340 2079.0
1437350 2083.5
1437360 2083.5
1437370 2080.2
1437380 2068.8
1437390 2068.8
1437400 2053.5
1437410 2037.0
1437420 2013.0
1437430 2013.0
1437440 1997.7
1437450 1984.8
1437460 1984.8
1437470 1975.1
1437480 1964.4
1437490 1964.4
1437500 1950.4
1437510 1934.9
1437520 1934.9
1437530 1924.6
1437540 1925.6
1437550 1925.6
1437560 1926.7
1437570 1930.6
1437580 1929.2
1437590 1929.2
1437600 1928.1
1437610 1922.9
1437620 1922.9
1437630 1915.5
1437640 1913.7
1437650 1913.7
1437660 1913.4
1437670 1905.6
1437680 1905.6
1437690 1921.3
1437700 1932.2
1437710 1932.2
1437720 1942.6
1437730 1951.3
1437740 1960.4
1437750 1960.4
1437760 1968.5
1437770 1971.3
1437780 1971.3
1437790 1964.0
1437800 1951.1
1437810 1951.1
1437820 1954.6
1437830 1956.8
1437840 1956.8
1437850 1953.5
1437860 1955.4
1437870 1955.4
1437880 1956.8
1437890 1954.1
1437900 1951.9
1437910 1951.9
1437920 1952.0
1437930 1953.5
1437940 1953.5
1437950 1955.3
1437960 1961.8
1437970 1961.8
1437980 1973.5
1437990 1982.8
1438000 1982.8
1438010 1985.3
1438020 1983.4
1438030 1983.4
1438040 1980.4
1438050 1970.5
1438060 1956.7
1438070 1956.7
1438080 1960.5
1438090 1972.9
1438100 1972.9
1438110 1984.8
1438120 1992.7
1438130 1992.7
1438140 2001.2
1438150 1984.1
1438160 1984.1
1438170 1956.9
1438180 1942.5
1438190 1942.5
1438200 1931.8
1438210 1924.6
1438220 1925.2
1438230 1925.2
1438240 1924.1
1438250 1932.5
1438260 1932.5
1438270 1937.3
1438280 1948.8
1438290 1948.8
1438300 1970.7
1438310 1985.5
1438320 1985.5
1438330 1997.5
1438340 2009.6
1438350 2009.6
1438360 2026.4
1438370 2044.1
1438380 2065.3
1438390 2065.3
1438400 2072.8
1438410 2081.7
1438420 2081.7
1438430 2088.2
1438440 2095.2
1438450 2095.2
1438460 2105.6
1438470 2116.6
1438480 2116.6
1438490 2125.7
1438500 2135.5
1438510 2135.5
1438520 2144.9
1438530 2153.6
1438540 2163.4
1438550 2163.4
1438560 2172.5
1438570 2181.2
1438580 2181.2
1438590 2189.4
1438600 2183.0
1438610 2183.0
1438620 2174.3
1438630 2164.1
1438640 2164.1
1438650 2150.4
1438660 2136.9
1438670 2136.9
1438680 2121.6
1438690 2098.8
1438700 2052.9
1438710 2052.9
1438720 2019.3
1438730 2005.9
1438740 2005.9
1438750 2024.9
1438760 2040.6
1438770 2040.6
1438780 2069.2
1438790 2095.1
1438800 2095.1
1438810 2115.6
1438820 2130.0
1438830 2130.0
1438840 2144.8
1438850 2166.3
1438860 2178.2
1438870 2178.2
1438880 2181.4
1438890 2182.7
1438900 2182.7
1438910 2195.0
1438920 2204.3
1438930 2204.3
1438940 2202.6
1438950 2213.3
1438960 2213.3
1438970 2219.2
1438980 2217.9
1438990 2217.9
1439000 2218.1
1439010 2220.7
1439020 2220.5
1439030 2220.5
1439040 2221.3
1439050 2225.6
1439060 2225.6
1439070 2220.6
1439080 2204.0
1439090 2204.0
1439100 2185.5
1439110 2177.9
1439120 2177.9
1439130 2159.2
1439140 2127.6
1439150 2127.6
1439160 2121.3
1439170 2143.2
1439180 2132.7
1439190 2132.7
1439200 2112.8
1439210 2082.7
1439220 2082.7
1439230 2071.6
1439240 2086.3
1439250 2086.3
1439260 2098.3
1439270 2101.3
1439280 2101.3
1439290 2090.3
1439300 2077.9
1439310 2077.9
1439320 2067.0
1439330 2045.7
1439340 2029.5
1439350 2029.5
1439360 2016.7
1439370 2008.9
1439380 2008.9
1439390 2002.6
1439400 1995.9
1439410 1995.9
1439420 1989.0
1439430 1981.9
1439440 1981.9
1439450 1975.0
1439460 1967.2
1439470 1967.2
1439480 1959.3
1439490 1952.6
1439500 1946.5
1439510 1946.5
1439520 1942.6
1439530 1939.7
1439540 1939.7
1439550 1934.5
1439560 1932.0
1439570 1932.0
1439580 1928.9
1439590 1924.8
1439600 1924.8
1439610 1921.6
1439620 1918.8
1439630 1918.8
1439640 1915.6
1439650 1912.5
1439660 1908.7
1439670 1908.7
1439680 1903.9
1439690 1899.4
1439700 1899.4
1439710 1895.8
1439720 1896.0
1439730 1896.0
1439740 1898.8
1439750 1900.3
1439760 1900.3
1439770 1899.5
1439780 1896.8
1439790 1896.8
1439800 1892.3
1439810 1888.9
1439820 1886.1
1439830 1886.1
1439840 1880.3
1439850 1877.6
1439860 1877.6
1439870 1875.1
1439880 1872.1
1439890 1872.1
1439900 1870.7
1439910 1870.9
1439920 1870.9
1439930 1870.6
1439940 1867.9
1439950 1867.9
1439960 1864.2
1439970 1864.6
1439980 1865.7
1439990 1865.7
