1420000 2373.5
1420010 2365.1
1420020 2356.1
1420030 2356.1
1420040 2350.9
1420050 2352.6
1420060 2351.1
1420070 2351.1
1420080 2348.8
1420090 2354.1
1420100 2354.1
1420110 2347.5
1420120 2344.7
1420130 2344.7
1420140 2356.3
1420150 2360.6
1420160 2360.6
1420170 2355.2
1420180 2365.8
1420190 2365.8
1420200 2378.1
1420210 2387.8
1420220 2394.9
1420230 2394.9
1420240 2405.0
1420250 2415.2
1420260 2415.2
1420270 2418.9
1420280 2420.6
1420290 2420.6
1420300 2417.5
1420310 2407.3
1420320 2407.3
1420330 2398.0
1420340 2390.4
1420350 2390.4
1420360 2395.1
1420370 2401.9
1420380 2398.1
1420390 2398.1
1420400 2390.6
1420410 2396.7
1420420 2396.7
1420430 2395.4
1420440 2384.0
1420450 2384.0
1420460 2373.2
1420470 2365.8
1420480 2365.8
1420490 2356.1
1420500 2347.6
1420510 2347.6
1420520 2337.2
1420530 2346.1
1420540 2360.9
1420550 2360.9
1420560 2360.5
1420570 2361.6
1420580 2361.6
1420590 2358.8
1420600 2353.5
1420610 2353.5
1420620 2353.9
1420630 2358.0
1420640 2358.0
1420650 2358.4
1420660 2361.1
1420670 2361.1
1420680 2355.4
1420690 2346.1
1420700 2335.9
1420710 2335.9
1420720 2326.3
1420730 2337.3
1420740 2337.3
1420750 2363.6
1420760 2378.7
1420770 2378.7
1420780 2372.5
1420790 2366.1
1420800 2366.1
1420810 2372.3
1420820 2379.2
1420830 2379.2
1420840 2378.5
1420850 2370.5
1420860 2361.9
1420870 2361.9
1420880 2354.6
1420890 2343.4
1420900 2343.4
1420910 2336.9
1420920 2344.4
1420930 2344.4
1420940 2351.4
1420950 2353.9
1420960 2353.9
1420970 2355.6
1420980 2354.6
1420990 2354.6
1421000 2351.1
1421010 2344.5
1421020 2337.9
1421030 2337.9
1421040 2332.6
1421050 2317.1
1421060 2317.1
1421070 2300.6
1421080 2292.7
1421090 2292.7
1421100 2287.9
1421110 2283.6
1421120 2283.6
1421130 2279.0
1421140 2273.5
1421150 2273.5
1421160 2268.0
1421170 2264.7
1421180 2262.5
1421190 2262.5
1421200 2260.9
1421210 2260.6
1421220 2260.6
1421230 2261.4
1421240 2262.0
1421250 2262.0
1421260 2261.5
1421270 2261.2
1421280 2261.2
1421290 2262.6
1421300 2265.5
1421310 2265.5
1421320 2267.3
1421330 2269.6
1421340 2272.1
1421350 2272.1
1421360 2274.3
1421370 2277.9
1421380 2277.9
1421390 2282.6
1421400 2288.0
1421410 2288.0
1421420 2293.4
1421430 2299.7
1421440 2299.7
1421450 2306.3
1421460 2313.9
1421470 2313.9
1421480 2320.7
1421490 2326.7
1421500 2330.3
1421510 2330.3
1421520 2325.8
1421530 2324.3
1421540 2324.3
1421550 2322.0
1421560 2314.4
1421570 2314.4
1421580 2312.5
1421590 2313.4
1421600 2313.4
1421610 2316.2
1421620 2320.4
1421630 2320.4
1421640 2329.4
1421650 2339.9
1421660 2348.5
1421670 2348.5
1421680 2365.9
1421690 2369.8
1421700 2369.8
1421710 2372.7
1421720 2376.0
1421730 2376.0
1421740 2381.8
1421750 2388.1
1421760 2388.1
1421770 2396.0
1421780 2407.1
1421790 2407.1
1421800 2410.3
1421810 2406.7
1421820 2416.4
1421830 2416.4
1421840 2426.9
1421850 2432.6
1421860 2432.6
1421870 2433.9
1421880 2441.6
1421890 2441.6
1421900 2447.3
1421910 2452.4
1421920 2452.4
1421930 2457.1
1421940 2461.6
1421950 2461.6
1421960 2459.1
1421970 2453.1
1421980 2449.5
1421990 2449.5
1422000 2448.0
1422010 2455.7
1422020 2455.7
1422030 2452.6
1422040 2444.4
1422050 2444.4
1422060 2441.4
1422070 2443.6
1422080 2443.6
1422090 2447.8
1422100 2452.1
1422110 2452.1
1422120 2452.8
1422130 2449.6
1422140 2445.8
1422150 2445.8
1422160 2445.1
1422170 2446.4
1422180 2446.4
1422190 2449.8
1422200 2455.6
1422210 2455.6
1422220 2457.0
1422230 2459.3
1422240 2459.3
1422250 2462.8
1422260 2465.4
1422270 2465.4
1422280 2468.8
1422290 2473.2
1422300 2474.7
1422310 2474.7
1422320 2468.1
1422330 2455.4
1422340 2455.4
1422350 2447.7
1422360 2444.4
1422370 2444.4
1422380 2440.9
1422390 2434.9
1422400 2434.9
1422410 2429.7
1422420 2428.6
1422430 2428.6
1422440 2433.0
1422450 2433.3
1422460 2422.8
1422470 2422.8
1422480 2411.7
1422490 2401.3
1422500 2401.3
1422510 2393.4
1422520 2378.5
1422530 2378.5
1422540 2363.8
1422550 2350.2
1422560 2350.2
1422570 2340.8
1422580 2324.7
1422590 2324.7
1422600 2303.3
1422610 2287.2
1422620 2272.1
1422630 2272.1
1422640 2261.5
1422650 2264.8
1422660 2264.8
1422670 2267.6
1422680 2269.4
1422690 2269.4
1422700 2268.8
1422710 2270.6
1422720 2270.6
1422730 2273.5
1422740 2275.8
1422750 2275.8
1422760 2279.9
1422770 2278.2
1422780 2275.1
1422790 2275.1
1422800 2273.7
1422810 2272.9
1422820 2272.9
1422830 2273.7
1422840 2273.0
1422850 2273.0
1422860 2273.9
1422870 2268.8
1422880 2268.8
1422890 2243.1
1422900 2201.8
1422910 2201.8
1422920 2189.0
1422930 2181.3
1422940 2180.0
1422950 2180.0
1422960 2169.5
1422970 2149.7
1422980 2149.7
1422990 2123.9
1423000 2104.6
1423010 2104.6
1423020 2079.5
1423030 2077.2
1423040 2077.2
1423050 2079.9
1423060 2082.7
1423070 2082.7
1423080 2078.6
1423090 2071.7
1423100 2075.0
1423110 2075.0
1423120 2079.2
1423130 2085.1
1423140 2085.1
1423150 2087.5
1423160 2088.6
1423170 2088.6
1423180 2084.1
1423190 2081.9
1423200 2081.9
1423210 2082.0
1423220 2068.4
1423230 2068.4
1423240 2033.1
1423250 2001.4
1423260 1985.0
1423270 1985.0
1423280 1977.3
1423290 1969.1
1423300 1969.1
1423310 1960.9
1423320 1953.5
1423330 1953.5
1423340 1948.4
1423350 1942.6
1423360 1942.6
1423370 1944.0
1423380 1950.1
1423390 1950.1
1423400 1944.5
1423410 1930.3
1423420 1914.8
1423430 1914.8
1423440 1913.7
1423450 1914.9
1423460 1914.9
1423470 1914.4
1423480 1912.2
1423490 1912.2
1423500 1908.9
1423510 1905.8
1423520 1905.8
1423530 1902.5
1423540 1898.5
1423550 1898.5
1423560 1895.4
1423570 1895.1
1423580 1896.3
1423590 1896.3
1423600 1896.6
1423610 1896.7
1423620 1896.7
1423630 1896.9
1423640 1895.8
1423650 1895.8
1423660 1894.7
1423670 1894.4
1423680 1894.4
1423690 1895.6
1423700 1897.8
1423710 1897.8
1423720 1905.3
1423730 1905.2
1423740 1905.4
1423750 1905.4
1423760 1905.6
1423770 1905.6
1423780 1905.6
1423790 1905.6
1423800 1905.7
1423810 1905.7
1423820 1907.1
1423830 1910.2
1423840 1910.2
1423850 1911.4
1423860 1914.1
1423870 1914.1
1423880 1915.8
1423890 1917.7
1423900 1920.2
1423910 1920.2
1423920 1922.1
1423930 1923.2
1423940 1923.2
1423950 1924.1
1423960 1923.4
1423970 1923.4
1423980 1924.4
1423990 1925.2
1424000 1925.2
1424010 1925.8
1424020 1926.1
1424030 1926.1
1424040 1927.7
1424050 1932.0
1424060 1936.4
1424070 1936.4
1424080 1939.3
1424090 1941.4
1424100 1941.4
1424110 1942.9
1424120 1945.0
1424130 1945.0
1424140 1946.5
1424150 1947.2
1424160 1947.2
1424170 1947.9
1424180 1948.8
1424190 1948.8
1424200 1950.2
1424210 1950.0
1424220 1948.3
1424230 1948.3
1424240 1946.8
1424250 1945.2
1424260 1945.2
1424270 1944.1
1424280 1943.2
1424290 1943.2
1424300 1942.5
1424310 1942.5
1424320 1942.5
1424330 1944.6
1424340 1946.5
1424350 1946.5
1424360 1947.8
1424370 1948.6
1424380 1949.6
1424390 1949.6
1424400 1950.0
1424410 1950.6
1424420 1950.6
1424430 1951.8
1424440 1952.1
1424450 1952.1
1424460 1950.9
1424470 1952.1
1424480 1952.1
1424490 1955.9
1424500 1960.3
1424510 1960.3
1424520 1964.5
1424530 1969.0
1424540 1973.3
1424550 1973.3
1424560 1977.1
1424570 1980.7
1424580 1980.7
1424590 1984.5
1424600 1987.8
1424610 1987.8
1424620 1990.3
1424630 1991.5
1424640 1991.5
1424650 1991.7
1424660 1991.6
1424670 1991.6
1424680 1991.8
1424690 1991.8
1424700 1992.7
1424710 1992.7
1424720 1995.6
1424730 1998.2
1424740 1998.2
1424750 2000.9
1424760 2003.6
1424770 2003.6
1424780 2005.9
1424790 2009.1
1424800 2009.1
1424810 2013.5
1424820 2018.2
1424830 2018.2
1424840 2023.7
1424850 2029.5
1424860 2036.0
1424870 2036.0
1424880 2042.9
1424890 2048.0
1424900 2048.0
1424910 2053.1
1424920 2058.8
1424930 2058.8
1424940 2063.1
1424950 2067.3
1424960 2067.3
1424970 2072.5
1424980 2076.6
1424990 2076.6
1425000 2079.8
1425010 2083.6
1425020 2087.2
1425030 2087.2
1425040 2091.0
1425050 2094.9
1425060 2094.9
1425070 2099.1
1425080 2104.6
1425090 2104.6
1425100 2110.7
1425110 2117.0
1425120 2117.0
1425130 2123.7
1425140 2130.4
1425150 2130.4
1425160 2137.8
1425170 2145.5
1425180 2155.5
1425190 2155.5
1425200 2165.4
1425210 2180.5
1425220 2180.5
1425230 2189.3
1425240 2198.6
1425250 2198.6
1425260 2205.3
1425270 2214.8
1425280 2214.8
1425290 2223.9
1425300 2229.4
1425310 2229.4
1425320 2234.8
1425330 2240.5
1425340 2246.3
1425350 2246.3
1425360 2249.8
1425370 2248.6
1425380 2248.6
1425390 2243.0
1425400 2236.1
1425410 2236.1
1425420 2226.9
1425430 2214.8
1425440 2214.8
1425450 2203.1
1425460 2196.4
1425470 2196.4
1425480 2192.1
1425490 2187.9
1425500 2182.6
1425510 2182.6
1425520 2177.5
1425530 2173.4
1425540 2173.4
1425550 2169.8
1425560 2167.2
1425570 2167.2
1425580 2164.8
1425590 2161.8
1425600 2161.8
1425610 2162.6
1425620 2161.1
1425630 2161.1
1425640 2153.3
1425650 2146.2
1425660 2141.1
1425670 2141.1
1425680 2137.4
1425690 2134.9
1425700 2134.9
1425710 2131.5
1425720 2128.5
1425730 2128.5
1425740 2127.4
1425750 2128.5
1425760 2128.5
1425770 2128.6
1425780 2126.2
1425790 2126.2
1425800 2122.9
1425810 2120.9
1425820 2114.8
1425830 2114.8
1425840 2110.9
1425850 2105.2
1425860 2105.2
1425870 2099.4
1425880 2093.1
1425890 2093.1
1425900 2085.8
1425910 2077.3
1425920 2077.3
1425930 2064.3
1425940 2055.1
1425950 2055.1
1425960 2048.1
1425970 2040.7
1425980 2032.3
1425990 2032.3
1426000 2025.0
1426010 2021.2
1426020 2021.2
1426030 2018.1
1426040 2014.8
1426050 2014.8
1426060 2011.9
1426070 2007.8
1426080 2007.8
1426090 2005.2
1426100 2000.8
1426110 2000.8
1426120 1995.4
1426130 1986.8
1426140 1978.8
1426150 1978.8
1426160 1970.8
1426170 1963.0
1426180 1963.0
1426190 1956.3
1426200 1951.9
1426210 1951.9
1426220 1947.2
1426230 1942.5
1426240 1942.5
1426250 1936.7
1426260 1930.2
1426270 1930.2
1426280 1923.6
1426290 1917.2
1426300 1910.4
1426310 1910.4
1426320 1903.0
1426330 1897.4
1426340 1897.4
1426350 1892.3
1426360 1889.7
1426370 1889.7
1426380 1890.0
1426390 1883.6
1426400 1883.6
1426410 1888.3
1426420 1883.6
1426430 1883.6
1426440 1872.3
1426450 1861.9
1426460 1851.5
1426470 1851.5
1426480 1843.9
1426490 1838.5
1426500 1838.5
1426510 1830.6
1426520 1824.8
1426530 1824.8
1426540 1816.9
1426550 1806.6
1426560 1806.6
1426570 1798.1
1426580 1791.3
1426590 1784.9
1426600 1784.9
1426610 1777.0
1426620 1772.1
1426630 1772.1
1426640 1764.2
1426650 1758.9
1426660 1758.9
1426670 1756.2
1426680 1752.5
1426690 1752.5
1426700 1743.8
1426710 1732.6
1426720 1732.6
1426730 1724.2
1426740 1716.3
1426750 1710.9
1426760 1710.9
1426770 1707.9
1426780 1702.9
1426790 1702.9
1426800 1697.3
1426810 1692.4
1426820 1692.4
1426830 1687.1
1426840 1681.6
1426850 1681.6
1426860 1675.5
1426870 1670.6
1426880 1670.6
1426890 1666.2
1426900 1660.0
1426910 1652.8
1426920 1652.8
1426930 1649.1
1426940 1645.6
1426950 1645.6
1426960 1642.2
1426970 1638.1
1426980 1638.1
1426990 1635.1
1427000 1634.9
1427010 1634.9
1427020 1630.2
1427030 1629.4
1427040 1629.4
1427050 1625.7
1427060 1620.8
1427070 1617.2
1427080 1617.2
1427090 1610.6
1427100 1603.6
1427110 1603.6
1427120 1596.6
1427130 1589.9
1427140 1589.9
1427150 1583.9
1427160 1578.4
1427170 1578.4
1427180 1570.7
1427190 1562.8
1427200 1562.8
1427210 1554.4
1427220 1545.0
1427230 1535.4
1427240 1535.4
1427250 1526.3
1427260 1517.9
1427270 1517.9
1427280 1509.4
1427290 1501.8
1427300 1501.8
1427310 1494.9
1427320 1488.0
1427330 1488.0
1427340 1481.4
1427350 1475.6
1427360 1475.6
1427370 1470.3
1427380 1465.0
1427390 1459.8
1427400 1459.8
1427410 1454.5
1427420 1449.8
1427430 1449.8
1427440 1444.9
1427450 1439.4
1427460 1439.4
1427470 1434.3
1427480 1428.9
1427490 1428.9
1427500 1423.6
1427510 1418.8
1427520 1418.8
1427530 1414.9
1427540 1410.3
1427550 1403.1
1427560 1403.1
1427570 1394.8
1427580 1386.2
1427590 1386.2
1427600 1378.3
1427610 1371.2
1427620 1371.2
1427630 1366.9
1427640 1363.1
1427650 1363.1
1427660 1360.3
1427670 1359.7
1427680 1359.7
1427690 1357.6
1427700 1358.6
1427710 1360.7
1427720 1360.7
1427730 1364.2
1427740 1367.5
1427750 1367.5
1427760 1370.5
1427770 1373.3
1427780 1373.3
1427790 1375.4
1427800 1378.0
1427810 1378.0
1427820 1381.9
1427830 1385.2
1427840 1385.2
1427850 1387.9
1427860 1391.7
1427870 1397.5
1427880 1397.5
1427890 1404.5
1427900 1411.6
1427910 1411.6
1427920 1417.4
1427930 1422.9
1427940 1422.9
1427950 1428.1
1427960 1431.2
1427970 1431.2
1427980 1430.8
1427990 1434.8
1428000 1440.6
1428010 1445.6
1428020 1452.0
1428030 1457.8
1428040 1457.8
1428050 1465.4
1428060 1474.6
1428070 1474.6
1428080 1483.9
1428090 1492.8
1428100 1492.8
1428110 1501.1
1428120 1510.1
1428130 1510.1
1428140 1519.9
1428150 1529.4
1428160 1529.4
1428170 1537.6
1428180 1545.1
1428190 1554.9
1428200 1554.9
1428210 1563.5
1428220 1570.2
1428230 1570.2
1428240 1580.6
1428250 1590.8
1428260 1590.8
1428270 1599.1
1428280 1604.2
1428290 1604.2
1428300 1609.3
1428310 1616.1
1428320 1616.1
1428330 1623.7
1428340 1631.6
1428350 1639.0
1428360 1639.0
1428370 1646.6
1428380 1653.3
1428390 1653.3
1428400 1659.3
1428410 1665.4
1428420 1665.4
1428430 1671.7
1428440 1678.8
1428450 1678.8
1428460 1686.5
1428470 1694.4
1428480 1694.4
1428490 1702.9
1428500 1710.5
1428510 1714.9
1428520 1714.9
1428530 1719.6
1428540 1725.6
1428550 1725.6
1428560 1731.7
1428570 1737.6
1428580 1737.6
1428590 1742.8
1428600 1747.2
1428610 1747.2
1428620 1751.5
1428630 1756.5
1428640 1756.5
1428650 1759.7
1428660 1759.8
1428670 1758.9
1428680 1758.9
1428690 1758.8
1428700 1759.1
1428710 1759.1
1428720 1759.6
1428730 1760.8
1428740 1760.8
1428750 1762.6
1428760 1765.6
1428770 1765.6
1428780 1768.9
1428790 1771.2
1428800 1771.2
1428810 1773.5
1428820 1776.3
1428830 1778.7
1428840 1778.7
1428850 1779.7
1428860 1780.7
1428870 1780.7
1428880 1783.8
1428890 1787.4
1428900 1787.4
1428910 1790.2
1428920 1792.1
1428930 1792.1
1428940 1794.4
1428950 1796.7
1428960 1796.7
1428970 1797.5
1428980 1798.0
1428990 1799.5
1429000 1799.5
1429010 1802.9
1429020 1806.6
1429030 1806.6
1429040 1810.4
1429050 1814.9
1429060 1814.9
1429070 1821.5
1429080 1828.3
1429090 1828.3
1429100 1832.0
1429110 1837.7
1429120 1837.7
1429130 1843.2
1429140 1847.1
1429150 1849.3
1429160 1849.3
1429170 1854.7
1429180 1860.5
1429190 1860.5
1429200 1866.1
1429210 1870.3
1429220 1870.3
1429230 1873.5
1429240 1877.9
1429250 1877.9
1429260 1883.6
1429270 1888.4
1429280 1888.4
1429290 1893.6
1429300 1901.1
1429310 1918.3
1429320 1918.3
1429330 1931.1
1429340 1936.7
1429350 1936.7
1429360 1941.6
1429370 1944.8
1429380 1944.8
1429390 1951.1
1429400 1956.9
1429410 1956.9
1429420 1960.4
1429430 1963.7
1429440 1963.7
1429450 1967.3
1429460 1971.7
1429470 1976.6
1429480 1976.6
1429490 1983.7
1429500 1988.6
1429510 1988.6
1429520 1991.3
1429530 1995.4
1429540 1995.4
1429550 2000.7
1429560 2006.7
1429570 2006.7
1429580 2013.5
1429590 2022.2
1429600 2022.2
1429610 2029.6
1429620 2033.4
1429630 2038.4
1429640 2038.4
1429650 2045.3
1429660 2050.9
1429670 2050.9
1429680 2057.9
1429690 2064.8
1429700 2064.8
1429710 2072.6
1429720 2080.0
1429730 2080.0
1429740 2092.6
1429750 2106.4
1429760 2106.4
1429770 2114.6
1429780 2121.7
1429790 2129.2
1429800 2129.2
1429810 2139.1
1429820 2148.4
1429830 2148.4
1429840 2155.7
1429850 2158.2
1429860 2158.2
1429870 2153.1
1429880 2147.8
1429890 2147.8
1429900 2141.3
1429910 2130.6
1429920 2130.6
1429930 2118.6
1429940 2107.2
1429950 2096.2
1429960 2096.2
1429970 2087.3
1429980 2079.6
1429990 2079.6
1430000 2073.6
1430010 2066.1
1430020 2066.1
1430030 2055.5
1430040 2044.4
1430050 2044.4
1430060 2033.5
1430070 2023.5
1430080 2023.5
1430090 2014.3
1430100 2006.9
1430110 2000.4
1430120 2000.4
1430130 1994.6
1430140 1988.0
1430150 1988.0
1430160 1979.5
1430170 1972.0
1430180 1972.0
1430190 1966.8
1430200 1961.5
1430210 1961.5
1430220 1952.2
1430230 1942.8
1430240 1942.8
1430250 1930.8
1430260 1919.6
1430270 1913.2
1430280 1913.2
1430290 1905.8
1430300 1900.6
1430310 1900.6
1430320 1894.4
1430330 1885.9
1430340 1885.9
1430350 1879.5
1430360 1872.6
1430370 1872.6
1430380 1863.4
1430390 1856.1
1430400 1856.1
1430410 1849.4
1430420 1842.1
1430430 1832.2
1430440 1832.2
1430450 1822.8
1430460 1814.3
1430470 1814.3
1430480 1808.7
1430490 1803.9
1430500 1803.9
1430510 1799.4
1430520 1795.7
1430530 1795.7
1430540 1791.8
1430550 1787.6
1430560 1787.6
1430570 1782.4
1430580 1778.3
1430590 1775.9
1430600 1775.9
1430610 1772.7
1430620 1772.9
1430630 1772.9
1430640 1770.7
1430650 1767.5
1430660 1767.5
1430670 1769.7
1430680 1769.3
1430690 1769.3
1430700 1774.1
1430710 1783.6
1430720 1783.6
1430730 1790.3
1430740 1796.1
1430750 1801.5
1430760 1801.5
1430770 1802.8
1430780 1799.9
1430790 1799.9
1430800 1793.1
1430810 1794.7
1430820 1794.7
1430830 1803.1
1430840 1810.4
1430850 1810.4
1430860 1812.4
1430870 1810.8
1430880 1810.8
1430890 1816.8
1430900 1831.1
1430910 1848.2
1430920 1848.2
1430930 1849.7
1430940 1848.5
1430950 1848.5
1430960 1841.6
1430970 1823.4
1430980 1823.4
1430990 1813.9
1431000 1814.9
1431010 1814.9
1431020 1813.7
1431030 1808.9
1431040 1808.9
1431050 1806.4
1431060 1803.3
1431070 1796.0
1431080 1796.0
1431090 1770.4
1431100 1729.4
1431110 1729.4
1431120 1706.7
1431130 1684.2
1431140 1684.2
1431150 1669.7
1431160 1658.2
1431170 1658.2
1431180 1640.8
1431190 1620.2
1431200 1620.2
1431210 1599.1
1431220 1573.7
1431230 1559.3
1431240 1559.3
1431250 1543.1
1431260 1526.3
1431270 1526.3
1431280 1514.8
1431290 1517.3
1431300 1517.3
1431310 1528.2
1431320 1537.4
1431330 1537.4
1431340 1537.1
1431350 1526.8
1431360 1526.8
1431370 1517.2
1431380 1513.0
1431390 1520.1
1431400 1520.1
1431410 1523.4
1431420 1520.2
1431430 1520.2
1431440 1516.8
1431450 1514.3
1431460 1514.3
1431470 1495.4
1431480 1479.2
1431490 1479.2
1431500 1478.5
1431510 1469.9
1431520 1469.9
1431530 1451.5
1431540 1443.2
1431550 1445.8
1431560 1445.8
1431570 1443.3
1431580 1431.4
1431590 1431.4
1431600 1418.0
1431610 1416.7
1431620 1416.7
1431630 1422.9
1431640 1418.2
1431650 1418.2
1431660 1407.0
1431670 1392.7
1431680 1392.7
1431690 1371.7
1431700 1333.5
1431710 1293.0
1431720 1293.0
1431730 1273.1
1431740 1265.5
1431750 1265.5
1431760 1259.1
1431770 1252.8
1431780 1252.8
1431790 1246.7
1431800 1240.9
1431810 1240.9
1431820 1234.9
1431830 1228.6
1431840 1228.6
1431850 1222.1
1431860 1215.7
1431870 1209.3
1431880 1209.3
1431890 1202.2
1431900 1195.0
1431910 1195.0
1431920 1188.1
1431930 1181.7
1431940 1181.7
1431950 1176.9
1431960 1173.4
1431970 1173.4
1431980 1170.2
1431990 1166.7
1432000 1166.7
1432010 1163.3
1432020 1159.4
1432030 1155.8
1432040 1155.8
1432050 1152.4
1432060 1149.0
1432070 1149.0
1432080 1145.5
1432090 1141.8
1432100 1141.8
1432110 1138.2
1432120 1134.6
1432130 1134.6
1432140 1131.1
1432150 1127.3
1432160 1127.3
1432170 1123.3
1432180 1119.4
1432190 1115.8
1432200 1115.8
1432210 1112.0
1432220 1108.9
1432230 1108.9
1432240 1105.8
1432250 1102.7
1432260 1102.7
1432270 1099.8
1432280 1096.7
1432290 1096.7
1432300 1094.1
1432310 1090.5
1432320 1090.5
1432330 1087.5
1432340 1084.3
1432350 1080.9
1432360 1080.9
1432370 1077.9
1432380 1073.2
1432390 1073.2
1432400 1066.1
1432410 1063.4
1432420 1063.4
1432430 1062.2
1432440 1062.3
1432450 1062.3
1432460 1063.0
1432470 1066.5
1432480 1066.5
1432490 1074.4
1432500 1081.6
1432510 1086.0
1432520 1086.0
1432530 1090.6
1432540 1094.8
1432550 1094.8
1432560 1098.8
1432570 1102.9
1432580 1102.9
1432590 1106.9
1432600 1110.9
1432610 1110.9
1432620 1115.1
1432630 1119.8
1432640 1119.8
1432650 1125.7
1432660 1130.3
1432670 1135.0
1432680 1135.0
1432690 1140.2
1432700 1145.3
1432710 1145.3
1432720 1150.6
1432730 1156.1
1432740 1156.1
1432750 1162.0
1432760 1167.7
1432770 1167.7
1432780 1172.9
1432790 1178.1
1432800 1178.1
1432810 1183.5
1432820 1189.1
1432830 1194.5
1432840 1194.5
1432850 1199.2
1432860 1202.8
1432870 1202.8
1432880 1206.2
1432890 1209.1
1432900 1209.1
1432910 1212.3
1432920 1222.0
1432930 1222.0
1432940 1230.7
1432950 1238.8
1432960 1238.8
1432970 1250.0
1432980 1254.8
1432990 1258.8
1433000 1258.8
1433010 1264.7
1433020 1270.2
1433030 1270.2
1433040 1274.5
1433050 1278.0
1433060 1278.0
1433070 1283.2
1433080 1291.9
1433090 1291.9
1433100 1299.3
1433110 1306.6
1433120 1306.6
1433130 1314.5
1433140 1322.3
1433150 1330.8
1433160 1330.8
1433170 1341.1
1433180 1353.7
1433190 1353.7
1433200 1378.6
1433210 1419.8
1433220 1419.8
1433230 1453.9
1433240 1493.7
1433250 1493.7
1433260 1539.5
1433270 1562.3
1433280 1562.3
1433290 1578.3
1433300 1590.1
1433310 1592.1
1433320 1592.1
1433330 1600.1
1433340 1604.3
1433350 1604.3
1433360 1608.9
1433370 1614.0
1433380 1614.0
1433390 1617.7
1433400 1624.2
1433410 1624.2
1433420 1632.7
1433430 1645.0
1433440 1645.0
1433450 1669.0
1433460 1696.3
1433470 1720.4
1433480 1720.4
1433490 1733.8
1433500 1744.4
1433510 1744.4
1433520 1760.8
1433530 1774.0
1433540 1774.0
1433550 1788.6
1433560 1798.7
1433570 1798.7
1433580 1806.2
1433590 1811.6
1433600 1811.6
1433610 1816.0
1433620 1818.5
1433630 1823.3
1433640 1823.3
1433650 1827.7
1433660 1831.5
1433670 1831.5
1433680 1836.4
1433690 1842.0
1433700 1842.0
1433710 1847.9
1433720 1854.6
1433730 1854.6
1433740 1862.5
1433750 1871.0
1433760 1871.0
1433770 1878.5
1433780 1885.4
1433790 1891.6
1433800 1891.6
1433810 1895.2
1433820 1900.0
1433830 1900.0
1433840 1906.2
1433850 1912.8
1433860 1912.8
1433870 1921.3
1433880 1932.6
1433890 1932.6
1433900 1945.5
1433910 1957.4
1433920 1957.4
1433930 1963.6
1433940 1977.6
1433950 1984.9
1433960 1984.9
1433970 1990.8
1433980 1998.1
1433990 1998.1
1434000 2006.5
1434010 2014.0
1434020 2014.0
1434030 2020.6
1434040 2030.8
1434050 2030.8
1434060 2041.0
1434070 2047.3
1434080 2047.3
1434090 2056.8
1434100 2067.7
1434110 2078.0
1434120 2078.0
1434130 2087.1
1434140 2097.0
1434150 2097.0
1434160 2110.5
1434170 2121.2
1434180 2121.2
1434190 2131.3
1434200 2138.5
1434210 2138.5
1434220 2142.3
1434230 2146.4
1434240 2146.4
1434250 2151.9
1434260 2155.2
1434270 2158.8
1434280 2158.8
1434290 2161.8
1434300 2163.3
1434310 2163.3
1434320 2163.7
1434330 2160.9
1434340 2160.9
1434350 2157.5
1434360 2155.6
1434370 2155.6
1434380 2155.4
1434390 2156.0
1434400 2156.0
1434410 2156.7
1434420 2157.4
1434430 2158.3
1434440 2158.3
1434450 2158.4
1434460 2158.4
1434470 2158.4
1434480 2160.3
1434490 2164.5
1434500 2164.5
1434510 2167.8
1434520 2172.5
1434530 2172.5
1434540 2177.4
1434550 2181.4
1434560 2181.4
1434570 2182.7
1434580 2184.0
1434590 2185.9
1434600 2185.9
1434610 2186.6
1434620 2188.9
1434630 2188.9
1434640 2190.9
1434650 2190.7
1434660 2190.7
1434670 2191.5
1434680 2196.7
1434690 2196.7
1434700 2203.1
1434710 2209.9
1434720 2209.9
1434730 2218.5
1434740 2226.5
1434750 2234.3
1434760 2234.3
1434770 2242.3
1434780 2249.4
1434790 2249.4
1434800 2251.9
1434810 2253.9
1434820 2253.9
1434830 2258.1
1434840 2265.5
1434850 2265.5
1434860 2270.4
1434870 2275.5
1434880 2275.5
1434890 2281.1
1434900 2285.8
1434910 2290.0
1434920 2290.0
1434930 2294.6
1434940 2300.3
1434950 2300.3
1434960 2305.4
1434970 2308.5
1434980 2308.5
1434990 2310.5
1435000 2311.5
1435010 2311.5
1435020 2310.9
1435030 2308.7
1435040 2308.7
1435050 2305.6
1435060 2302.2
1435070 2298.8
1435080 2298.8
1435090 2296.5
1435100 2295.7
1435110 2295.7
1435120 2295.2
1435130 2287.8
1435140 2287.8
1435150 2283.9
1435160 2280.2
1435170 2280.2
1435180 2276.1
1435190 2271.3
1435200 2271.3
1435210 2267.1
1435220 2260.1
1435230 2251.1
1435240 2251.1
1435250 2242.0
1435260 2232.3
1435270 2232.3
1435280 2224.8
1435290 2218.8
1435300 2218.8
1435310 2214.2
1435320 2209.7
1435330 2209.7
1435340 2203.9
1435350 2198.0
1435360 2198.0
1435370 2192.6
1435380 2188.3
1435390 2185.5
1435400 2185.5
1435410 2182.3
1435420 2177.8
1435430 2177.8
1435440 2172.7
1435450 2166.8
1435460 2166.8
1435470 2160.6
1435480 2156.0
1435490 2156.0
1435500 2151.9
1435510 2148.4
1435520 2148.4
1435530 2144.7
1435540 2141.7
1435550 2138.3
1435560 2138.3
1435570 2134.9
1435580 2131.8
1435590 2131.8
1435600 2128.8
1435610 2125.7
1435620 2125.7
1435630 2122.6
1435640 2119.2
1435650 2119.2
1435660 2115.9
1435670 2112.5
1435680 2112.5
1435690 2109.3
1435700 2106.3
1435710 2103.8
1435720 2103.8
1435730 2100.8
1435740 2097.4
1435750 2097.4
1435760 2093.6
1435770 2089.6
1435780 2089.6
1435790 2085.6
1435800 2082.1
1435810 2082.1
1435820 2078.8
1435830 2074.6
1435840 2074.6
1435850 2070.3
1435860 2065.5
1435870 2061.5
1435880 2061.5
1435890 2058.3
1435900 2055.8
1435910 2055.8
1435920 2053.3
1435930 2050.8
1435940 2050.8
1435950 2047.9
1435960 2044.7
1435970 2044.7
1435980 2041.1
1435990 2038.1
1436000 2038.1
1436010 2034.6
1436020 2031.6
1436030 2028.5
1436040 2028.5
1436050 2024.9
1436060 2021.8
1436070 2021.8
1436080 2019.1
1436090 2016.4
1436100 2016.4
1436110 2013.2
1436120 2010.3
1436130 2010.3
1436140 2007.3
1436150 2004.2
1436160 2004.2
1436170 2000.8
1436180 1997.7
1436190 1994.6
1436200 1994.6
1436210 1991.6
1436220 1988.6
1436230 1988.6
1436240 1985.2
1436250 1981.7
1436260 1981.7
1436270 1977.8
1436280 1973.3
1436290 1973.3
1436300 1968.9
1436310 1964.7
1436320 1964.7
1436330 1960.4
1436340 1955.0
1436350 1948.3
1436360 1948.3
1436370 1940.1
1436380 1935.8
1436390 1935.8
1436400 1932.0
1436410 1927.7
1436420 1927.7
1436430 1922.8
1436440 1917.8
1436450 1917.8
1436460 1913.5
1436470 1909.1
1436480 1909.1
1436490 1905.5
1436500 1904.1
1436510 1904.2
1436520 1904.2
1436530 1901.5
1436540 1897.2
1436550 1897.2
1436560 1891.6
1436570 1885.1
1436580 1885.1
1436590 1877.9
1436600 1870.9
1436610 1870.9
1436620 1863.9
1436630 1856.7
1436640 1856.7
1436650 1848.9
1436660 1841.5
1436670 1833.3
1436680 1833.3
1436690 1821.8
1436700 1811.8
1436710 1811.8
1436720 1804.3
1436730 1797.7
1436740 1797.7
1436750 1790.5
1436760 1781.9
1436770 1781.9
1436780 1772.1
1436790 1763.5
1436800 1763.5
1436810 1761.8
1436820 1764.1
1436830 1764.2
1436840 1764.2
1436850 1763.3
1436860 1761.6
1436870 1761.6
1436880 1759.8
1436890 1757.8
1436900 1757.8
1436910 1755.5
1436920 1753.0
1436930 1753.0
1436940 1749.6
1436950 1746.1
1436960 1746.1
1436970 1743.5
1436980 1740.3
1436990 1736.9
1437000 1736.9
1437010 1733.7
1437020 1730.4
1437030 1730.4
1437040 1726.9
1437050 1722.2
1437060 1722.2
1437070 1716.9
1437080 1711.0
1437090 1711.0
1437100 1704.8
1437110 1697.8
1437120 1697.8
1437130 1687.5
1437140 1676.1
1437150 1666.0
1437160 1666.0
1437170 1662.3
1437180 1649.4
1437190 1649.4
1437200 1636.9
1437210 1622.0
1437220 1622.0
1437230 1593.2
1437240 1572.2
1437250 1572.2
1437260 1559.5
1437270 1543.4
1437280 1543.4
1437290 1534.5
1437300 1529.5
1437310 1523.9
1437320 1523.9
1437330 1516.7
1437340 1513.2
1437350 1513.2
1437360 1510.0
1437370 1504.5
1437380 1504.5
1437390 1497.7
1437400 1491.9
1437410 1491.9
1437420 1488.9
1437430 1485.7
1437440 1485.7
1437450 1481.7
1437460 1477.1
1437470 1475.8
1437480 1475.8
1437490 1473.5
1437500 1467.1
1437510 1467.1
1437520 1460.4
1437530 1454.8
1437540 1454.8
1437550 1450.3
1437560 1446.4
1437570 1446.4
1437580 1442.7
1437590 1440.3
1437600 1440.3
1437610 1437.9
1437620 1435.6
1437630 1433.2
1437640 1433.2
1437650 1429.6
1437660 1424.6
1437670 1424.6
1437680 1418.9
1437690 1413.5
1437700 1413.5
1437710 1408.1
1437720 1402.8
1437730 1400.7
1437740 1395.3
1437750 1389.7
1437760 1389.7
1437770 1383.8
1437780 1377.5
1437790 1371.5
1437800 1371.5
1437810 1365.4
1437820 1359.3
1437830 1359.3
1437840 1353.4
1437850 1348.4
1437860 1348.4
1437870 1344.1
1437880 1339.8
1437890 1339.8
1437900 1336.0
1437910 1332.2
1437920 1332.2
1437930 1328.5
1437940 1325.5
1437950 1323.2
1437960 1323.2
1437970 1320.8
1437980 1318.3
1437990 1318.3
1438000 1315.5
1438010 1312.3
1438020 1312.3
1438030 1308.8
1438040 1304.8
1438050 1304.8
1438060 1300.5
1438070 1296.0
1438080 1296.0
1438090 1291.6
1438100 1287.4
1438110 1283.4
1438120 1283.4
1438130 1280.4
1438140 1276.8
1438150 1276.8
1438160 1272.4
1438170 1268.3
1438180 1268.3
1438190 1264.5
1438200 1260.2
1438210 1260.2
1438220 1253.9
1438230 1246.5
1438240 1246.5
1438250 1238.4
1438260 1231.1
1438270 1226.5
1438280 1226.5
1438290 1224.8
1438300 1222.6
1438310 1222.6
1438320 1220.4
1438330 1219.3
1438340 1219.3
1438350 1219.2
1438360 1218.6
1438370 1218.6
1438380 1216.8
1438390 1217.7
1438400 1217.7
1438410 1217.8
1438420 1217.3
1438430 1217.9
1438440 1217.9
1438450 1217.3
1438460 1218.2
1438470 1218.2
1438480 1219.0
1438490 1219.4
1438500 1219.4
1438510 1220.4
1438520 1221.0
1438530 1221.0
1438540 1222.6
1438550 1224.3
1438560 1224.3
1438570 1223.5
1438580 1224.3
1438590 1227.6
1438600 1227.6
1438610 1231.3
1438620 1234.7
1438630 1234.7
1438640 1236.7
1438650 1239.3
1438660 1239.3
1438670 1241.8
1438680 1243.4
1438690 1243.4
1438700 1244.1
1438710 1246.0
1438720 1246.0
1438730 1249.0
1438740 1251.9
1438750 1254.2
1438760 1254.2
1438770 1255.8
1438780 1258.0
1438790 1258.0
1438800 1261.3
1438810 1264.6
1438820 1264.6
1438830 1266.6
1438840 1266.4
1438850 1266.4
1438860 1265.9
1438870 1266.3
1438880 1266.3
1438890 1269.2
1438900 1272.4
1438910 1273.1
1438920 1273.1
1438930 1282.9
1438940 1294.5
1438950 1294.5
1438960 1303.9
1438970 1311.4
1438980 1311.4
1438990 1317.9
1439000 1323.2
1439010 1323.2
1439020 1328.0
1439030 1331.4
1439040 1331.4
1439050 1335.0
1439060 1339.5
1439070 1342.6
1439080 1342.6
1439090 1343.2
1439100 1343.3
1439110 1343.3
1439120 1344.3
1439130 1348.9
1439140 1348.9
1439150 1354.0
1439160 1359.4
1439170 1359.4
1439180 1364.1
1439190 1367.6
1439200 1367.6
1439210 1369.5
1439220 1372.9
1439230 1379.4
1439240 1379.4
1439250 1385.9
1439260 1391.6
1439270 1391.6
1439280 1395.1
1439290 1398.4
1439300 1398.4
1439310 1400.0
1439320 1399.2
1439330 1399.2
1439340 1397.7
1439350 1395.4
1439360 1395.4
1439370 1393.5
1439380 1393.9
1439390 1396.1
1439400 1396.1
1439410 1399.4
1439420 1403.2
1439430 1403.2
1439440 1406.0
1439450 1409.6
1439460 1409.6
1439470 1412.9
1439480 1415.8
1439490 1415.8
1439500 1418.4
1439510 1420.9
1439520 1420.9
1439530 1423.3
1439540 1425.6
1439550 1428.5
1439560 1428.5
1439570 1432.0
1439580 1435.7
1439590 1435.7
1439600 1439.7
1439610 1444.3
1439620 1444.3
1439630 1449.1
1439640 1454.1
1439650 1454.1
1439660 1459.3
1439670 1465.2
1439680 1465.2
1439690 1471.4
1439700 1478.3
1439710 1485.1
1439720 1485.1
1439730 1491.5
1439740 1496.5
1439750 1496.5
1439760 1501.1
1439770 1506.0
1439780 1506.0
1439790 1511.2
1439800 1516.1
1439810 1516.1
1439820 1521.0
1439830 1526.1
1439840 1526.1
1439850 1531.6
1439860 1536.3
1439870 1539.6
1439880 1539.6
1439890 1543.8
1439900 1542.6
1439910 1542.6
1439920 1543.9
1439930 1548.4
1439940 1548.4
1439950 1554.3
1439960 1562.2
1439970 1562.2
1439980 1572.6
1439990 1581.6
