1420000 1440.2
1420010 1440.5
1420020 1440.7
1420030 1440.7
1420040 1442.4
1420050 1445.4
1420060 1449.5
1420070 1449.5
1420080 1452.5
1420090 1455.1
1420100 1455.1
1420110 1458.6
1420120 1462.5
1420130 1462.5
1420140 1466.8
1420150 1471.4
1420160 1471.4
1420170 1476.2
1420180 1481.2
1420190 1481.2
1420200 1486.3
1420210 1491.3
1420220 1496.5
1420230 1496.5
1420240 1501.5
1420250 1506.6
1420260 1506.6
1420270 1511.9
1420280 1518.0
1420290 1518.0
1420300 1524.7
1420310 1532.2
1420320 1532.2
1420330 1541.8
1420340 1548.4
1420350 1548.4
1420360 1556.4
1420370 1564.6
1420380 1571.5
1420390 1571.5
1420400 1578.4
1420410 1585.6
1420420 1585.6
1420430 1593.4
1420440 1601.1
1420450 1601.1
1420460 1609.6
1420470 1617.4
1420480 1617.4
1420490 1623.5
1420500 1629.3
1420510 1629.3
1420520 1636.8
1420530 1643.3
1420540 1649.6
1420550 1649.6
1420560 1655.4
1420570 1661.7
1420580 1661.7
1420590 1669.2
1420600 1674.9
1420610 1674.9
1420620 1681.4
1420630 1690.1
1420640 1690.1
1420650 1699.1
1420660 1705.2
1420670 1705.2
1420680 1711.7
1420690 1720.6
1420700 1727.1
1420710 1727.1
1420720 1732.2
1420730 1735.5
1420740 1735.5
1420750 1738.0
1420760 1741.4
1420770 1741.4
1420780 1744.7
1420790 1748.3
1420800 1748.3
1420810 1752.3
1420820 1756.5
1420830 1756.5
1420840 1760.2
1420850 1763.8
1420860 1767.0
1420870 1767.0
1420880 1769.8
1420890 1773.6
1420900 1773.6
1420910 1779.6
1420920 1786.9
1420930 1786.9
1420940 1794.3
1420950 1801.3
1420960 1801.3
1420970 1807.7
1420980 1813.1
1420990 1813.1
1421000 1818.5
1421010 1827.5
1421020 1838.9
1421030 1838.9
1421040 1846.3
1421050 1856.4
1421060 1856.4
1421070 1865.2
1421080 1871.2
1421090 1871.2
1421100 1877.3
1421110 1884.4
1421120 1884.4
1421130 1891.5
1421140 1901.2
1421150 1901.2
1421160 1919.5
1421170 1935.7
1421180 1940.4
1421190 1940.4
1421200 1955.0
1421210 1964.9
1421220 1964.9
1421230 1970.2
1421240 1973.6
1421250 1973.6
1421260 1980.5
1421270 1987.9
1421280 1987.9
1421290 1997.6
1421300 2014.0
1421310 2014.0
1421320 2032.7
1421330 2045.4
1421340 2056.5
1421350 2056.5
1421360 2067.6
1421370 2081.2
1421380 2081.2
1421390 2083.8
1421400 2077.4
1421410 2077.4
1421420 2071.5
1421430 2062.9
1421440 2062.9
1421450 2055.5
1421460 2049.7
1421470 2049.7
1421480 2043.1
1421490 2037.1
1421500 2033.2
1421510 2033.2
1421520 2029.6
1421530 2025.6
1421540 2025.6
1421550 2019.4
1421560 2013.5
1421570 2013.5
1421580 2010.7
1421590 2005.1
1421600 2005.1
1421610 1995.5
1421620 1984.3
1421630 1984.3
1421640 1970.8
1421650 1958.6
1421660 1946.3
1421670 1946.3
1421680 1935.4
1421690 1928.1
1421700 1928.1
1421710 1918.2
1421720 1907.9
1421730 1907.9
1421740 1897.9
1421750 1888.5
1421760 1888.5
1421770 1882.5
1421780 1878.2
1421790 1878.2
1421800 1873.2
1421810 1865.6
1421820 1859.2
1421830 1859.2
1421840 1853.7
1421850 1846.7
1421860 1846.7
1421870 1839.6
1421880 1833.2
1421890 1833.2
1421900 1827.4
1421910 1822.1
1421920 1822.1
1421930 1816.0
1421940 1808.9
1421950 1808.9
1421960 1802.3
1421970 1795.6
1421980 1788.9
1421990 1788.9
1422000 1783.5
1422010 1777.2
1422020 1777.2
1422030 1771.3
1422040 1765.0
1422050 1765.0
1422060 1759.2
1422070 1753.2
1422080 1753.2
1422090 1747.9
1422100 1742.6
1422110 1742.6
1422120 1738.1
1422130 1733.9
1422140 1730.0
1422150 1730.0
1422160 1726.0
1422170 1722.4
1422180 1722.4
1422190 1719.1
1422200 1715.0
1422210 1715.0
1422220 1710.5
1422230 1705.9
1422240 1705.9
1422250 1700.9
1422260 1696.3
1422270 1696.3
1422280 1692.3
1422290 1688.4
1422300 1684.4
1422310 1684.4
1422320 1677.7
1422330 1674.2
1422340 1674.2
1422350 1670.3
1422360 1666.4
1422370 1666.4
1422380 1663.0
1422390 1660.9
1422400 1660.9
1422410 1659.8
1422420 1659.3
1422430 1659.3
1422440 1659.2
1422450 1659.8
1422460 1660.2
1422470 1660.2
1422480 1659.6
1422490 1657.6
1422500 1657.6
1422510 1655.1
1422520 1651.9
1422530 1651.9
1422540 1647.6
1422550 1643.7
1422560 1643.7
1422570 1640.2
1422580 1636.9
1422590 1636.9
1422600 1634.5
1422610 1632.8
1422620 1629.7
1422630 1629.7
1422640 1624.5
1422650 1619.6
1422660 1619.6
1422670 1615.4
1422680 1611.4
1422690 1611.4
1422700 1607.2
1422710 1604.6
1422720 1604.6
1422730 1601.6
1422740 1597.9
1422750 1597.9
1422760 1593.9
1422770 1589.7
1422780 1583.7
1422790 1583.7
1422800 1577.8
1422810 1573.2
1422820 1573.2
1422830 1569.9
1422840 1566.3
1422850 1566.3
1422860 1561.7
1422870 1556.7
1422880 1556.7
1422890 1552.2
1422900 1548.1
1422910 1548.1
1422920 1543.4
1422930 1538.1
1422940 1532.2
1422950 1532.2
1422960 1526.3
1422970 1519.9
1422980 1519.9
1422990 1513.0
1423000 1507.3
1423010 1507.3
1423020 1502.7
1423030 1498.4
1423040 1498.4
1423050 1495.1
1423060 1492.8
1423070 1492.8
1423080 1490.3
1423090 1488.2
1423100 1486.0
1423110 1486.0
1423120 1483.6
1423130 1481.2
1423140 1481.2
1423150 1479.8
1423160 1479.8
1423170 1479.8
1423180 1480.0
1423190 1479.7
1423200 1479.7
1423210 1479.0
1423220 1478.2
1423230 1478.2
1423240 1477.3
1423250 1476.5
1423260 1476.9
1423270 1476.9
1423280 1477.9
1423290 1479.7
1423300 1479.7
1423310 1481.5
1423320 1481.8
1423330 1481.8
1423340 1481.3
1423350 1481.3
1423360 1481.3
1423370 1479.9
1423380 1478.6
1423390 1478.6
1423400 1477.8
1423410 1475.7
1423420 1473.6
1423430 1473.6
1423440 1472.4
1423450 1471.5
1423460 1471.5
1423470 1470.6
1423480 1469.4
1423490 1469.4
1423500 1468.2
1423510 1470.2
1423520 1470.2
1423530 1474.8
1423540 1481.3
1423550 1481.3
1423560 1487.9
1423570 1493.7
1423580 1498.1
1423590 1498.1
1423600 1501.5
1423610 1503.9
1423620 1503.9
1423630 1504.4
1423640 1503.7
1423650 1503.7
1423660 1500.1
1423670 1494.9
1423680 1494.9
1423690 1492.0
1423700 1495.5
1423710 1495.5
1423720 1499.0
1423730 1503.6
1423740 1508.0
1423750 1508.0
1423760 1512.8
1423770 1519.9
1423780 1519.9
1423790 1532.0
1423800 1538.4
1423810 1538.4
1423820 1540.1
1423830 1539.7
1423840 1539.7
1423850 1541.6
1423860 1544.9
1423870 1544.9
1423880 1549.1
1423890 1553.4
1423900 1553.4
1423910 1559.1
1423920 1565.0
1423930 1569.2
1423940 1569.2
1423950 1570.9
1423960 1575.7
1423970 1575.7
1423980 1581.8
1423990 1591.1
1424000 1591.1
1424010 1601.7
1424020 1612.4
1424030 1612.4
1424040 1621.7
1424050 1629.7
1424060 1629.7
1424070 1637.8
1424080 1644.8
1424090 1651.8
1424100 1651.8
1424110 1661.3
1424120 1672.1
1424130 1672.1
1424140 1682.7
1424150 1692.9
1424160 1692.9
1424170 1704.5
1424180 1715.1
1424190 1715.1
1424200 1721.7
1424210 1726.7
1424220 1726.7
1424230 1729.6
1424240 1733.3
1424250 1738.1
1424260 1738.1
1424270 1740.3
1424280 1737.5
1424290 1737.5
1424300 1733.8
1424310 1727.0
1424320 1727.0
1424330 1728.7
1424340 1735.2
1424350 1735.2
1424360 1743.5
1424370 1756.4
1424380 1756.4
1424390 1758.2
1424400 1764.9
1424410 1766.5
1424420 1766.5
1424430 1766.5
1424440 1771.3
1424450 1771.3
1424460 1779.6
1424470 1790.1
1424480 1790.1
1424490 1799.7
1424500 1808.2
1424510 1808.2
1424520 1816.7
1424530 1825.2
1424540 1825.2
1424550 1833.5
1424560 1841.3
1424570 1849.1
1424580 1849.1
1424590 1857.0
1424600 1865.3
1424610 1865.3
1424620 1875.1
1424630 1883.9
1424640 1883.9
1424650 1893.2
1424660 1902.7
1424670 1902.7
1424680 1912.8
1424690 1924.8
1424700 1924.8
1424710 1939.0
1424720 1953.3
1424730 1961.6
1424740 1961.6
1424750 1967.9
1424760 1972.3
1424770 1972.3
1424780 1978.6
1424790 1985.3
1424800 1985.3
1424810 1989.4
1424820 1995.0
1424830 1995.0
1424840 1997.9
1424850 1995.6
1424860 1995.6
1424870 1994.1
1424880 1993.5
1424890 1993.4
1424900 1993.4
1424910 1988.8
1424920 1988.1
1424930 1988.1
1424940 1990.8
1424950 1995.3
1424960 1995.3
1424970 2003.5
1424980 2012.8
1424990 2012.8
1425000 2018.2
1425010 2018.8
1425020 2018.8
1425030 2017.6
1425040 2019.0
1425050 2021.8
1425060 2021.8
1425070 2027.2
1425080 2033.0
1425090 2033.0
1425100 2038.9
1425110 2043.0
1425120 2043.0
1425130 2046.0
1425140 2050.0
1425150 2050.0
1425160 2055.3
1425170 2062.9
1425180 2062.9
1425190 2070.6
1425200 2077.6
1425210 2082.8
1425220 2082.8
1425230 2087.8
1425240 2089.6
1425250 2089.6
1425260 2085.1
1425270 2076.1
1425280 2076.1
1425290 2070.9
1425300 2066.4
1425310 2066.4
1425320 2063.8
1425330 2062.2
1425340 2062.2
1425350 2060.6
1425360 2058.0
1425370 2056.9
1425380 2056.9
1425390 2058.0
1425400 2059.3
1425410 2059.3
1425420 2060.7
1425430 2062.4
1425440 2062.4
1425450 2063.7
1425460 2065.6
1425470 2065.6
1425480 2069.4
1425490 2074.6
1425500 2074.6
1425510 2081.2
1425520 2087.5
1425530 2093.6
1425540 2093.6
1425550 2099.9
1425560 2105.5
1425570 2105.5
1425580 2110.7
1425590 2116.5
1425600 2116.5
1425610 2122.9
1425620 2131.8
1425630 2131.8
1425640 2141.0
1425650 2148.0
1425660 2148.0
1425670 2149.9
1425680 2145.0
1425690 2135.5
1425700 2135.5
1425710 2132.0
1425720 2129.5
1425730 2129.5
1425740 2128.0
1425750 2127.7
1425760 2127.7
1425770 2123.9
1425780 2116.8
1425790 2116.8
1425800 2112.0
1425810 2105.3
1425820 2105.3
1425830 2097.2
1425840 2093.6
1425850 2088.7
1425860 2088.7
1425870 2083.9
1425880 2077.5
1425890 2077.5
1425900 2072.9
1425910 2068.4
1425920 2068.4
1425930 2063.7
1425940 2060.0
1425950 2060.0
1425960 2056.9
1425970 2055.0
1425980 2055.0
1425990 2054.4
1426000 2055.2
1426010 2056.2
1426020 2056.2
1426030 2057.9
1426040 2057.9
1426050 2057.9
1426060 2055.0
1426070 2049.8
1426080 2049.8
1426090 2043.6
1426100 2040.5
1426110 2040.5
1426120 2037.8
1426130 2034.9
1426140 2034.9
1426150 2030.4
1426160 2026.1
1426170 2020.7
1426180 2020.7
1426190 2016.3
1426200 2017.3
1426210 2017.3
1426220 2013.5
1426230 2008.1
1426240 2008.1
1426250 1999.2
1426260 1991.1
1426270 1991.1
1426280 1985.5
1426290 1981.5
1426300 1981.5
1426310 1977.0
1426320 1971.7
1426330 1966.4
1426340 1966.4
1426350 1961.1
1426360 1957.3
1426370 1957.3
1426380 1954.5
1426390 1950.8
1426400 1950.8
1426410 1947.7
1426420 1942.4
1426430 1942.4
1426440 1936.6
1426450 1932.7
1426460 1932.7
1426470 1929.5
1426480 1925.7
1426490 1922.4
1426500 1924.1
1426510 1920.4
1426520 1917.9
1426530 1917.9
1426540 1914.1
1426550 1910.0
1426560 1910.0
1426570 1905.7
1426580 1902.1
1426590 1902.1
1426600 1899.0
1426610 1895.9
1426620 1895.9
1426630 1892.3
1426640 1888.2
1426650 1882.8
1426660 1882.8
1426670 1877.3
1426680 1871.3
1426690 1871.3
1426700 1865.3
1426710 1859.4
1426720 1859.4
1426730 1855.2
1426740 1853.3
1426750 1853.3
1426760 1852.7
1426770 1849.8
1426780 1849.8
1426790 1850.3
1426800 1855.7
1426810 1856.2
1426820 1856.2
1426830 1848.9
1426840 1839.9
1426850 1839.9
1426860 1831.8
1426870 1824.5
1426880 1824.5
1426890 1818.4
1426900 1810.3
1426910 1810.3
1426920 1800.4
1426930 1792.1
1426940 1792.1
1426950 1785.6
1426960 1780.0
1426970 1774.2
1426980 1774.2
1426990 1768.4
1427000 1761.0
1427010 1761.0
1427020 1754.8
1427030 1750.9
1427040 1750.9
1427050 1746.0
1427060 1740.4
1427070 1740.4
1427080 1734.5
1427090 1728.6
1427100 1728.6
1427110 1723.5
1427120 1720.7
1427130 1718.8
1427140 1718.8
1427150 1717.2
1427160 1715.4
1427170 1715.4
1427180 1712.0
1427190 1705.3
1427200 1705.3
1427210 1699.1
1427220 1692.6
1427230 1692.6
1427240 1685.4
1427250 1678.6
1427260 1678.6
1427270 1673.6
1427280 1669.7
1427290 1663.1
1427300 1663.1
1427310 1654.5
1427320 1645.2
1427330 1645.2
1427340 1638.7
1427350 1637.5
1427360 1637.5
1427370 1636.2
1427380 1631.6
1427390 1631.6
1427400 1626.9
1427410 1619.7
1427420 1619.7
1427430 1610.8
1427440 1605.4
1427450 1600.0
1427460 1600.0
1427470 1590.3
1427480 1583.4
1427490 1583.4
1427500 1578.2
1427510 1573.1
1427520 1573.1
1427530 1567.5
1427540 1562.0
1427550 1562.0
1427560 1556.8
1427570 1552.0
1427580 1552.0
1427590 1550.0
1427600 1550.9
1427610 1549.4
1427620 1549.4
1427630 1545.5
1427640 1543.2
1427650 1543.2
1427660 1541.6
1427670 1539.9
1427680 1539.9
1427690 1535.3
1427700 1529.6
1427710 1529.6
1427720 1526.7
1427730 1523.4
1427740 1523.4
1427750 1520.1
1427760 1516.8
1427770 1514.4
1427780 1514.4
1427790 1509.6
1427800 1505.7
1427810 1505.7
1427820 1501.4
1427830 1497.5
1427840 1497.5
1427850 1492.1
1427860 1485.2
1427870 1485.2
1427880 1475.6
1427890 1466.3
1427900 1466.3
1427910 1457.2
1427920 1448.3
1427930 1439.7
1427940 1439.7
1427950 1432.5
1427960 1427.0
1427970 1427.0
1427980 1423.2
1427990 1419.4
1428000 1419.4
1428010 1415.8
1428020 1413.0
1428030 1413.0
1428040 1410.5
1428050 1408.0
1428060 1408.0
1428070 1405.1
1428080 1401.9
1428090 1398.2
1428100 1398.2
1428110 1393.4
1428120 1387.2
1428130 1387.2
1428140 1381.8
1428150 1377.3
1428160 1377.3
1428170 1373.3
1428180 1368.5
1428190 1368.5
1428200 1362.1
1428210 1356.3
1428220 1356.3
1428230 1352.5
1428240 1349.2
1428250 1344.5
1428260 1344.5
1428270 1338.5
1428280 1334.3
1428290 1334.3
1428300 1331.8
1428310 1330.1
1428320 1330.1
1428330 1328.5
1428340 1325.5
1428350 1325.5
1428360 1320.8
1428370 1316.9
1428380 1316.9
1428390 1311.3
1428400 1304.8
1428410 1296.9
1428420 1296.9
1428430 1288.0
1428440 1278.7
1428450 1278.7
1428460 1270.8
1428470 1264.6
1428480 1264.6
1428490 1258.2
1428500 1251.3
1428510 1251.3
1428520 1246.8
1428530 1245.2
1428540 1245.2
1428550 1247.6
1428560 1251.4
1428570 1258.3
1428580 1258.3
1428590 1262.0
1428600 1265.5
1428610 1265.5
1428620 1269.0
1428630 1272.3
1428640 1272.3
1428650 1275.4
1428660 1278.6
1428670 1278.6
1428680 1282.3
1428690 1285.8
1428700 1288.2
1428710 1292.1
1428720 1294.4
1428730 1296.8
1428740 1296.8
1428750 1299.9
1428760 1306.5
1428770 1306.5
1428780 1314.2
1428790 1320.2
1428800 1320.2
1428810 1328.3
1428820 1336.1
1428830 1336.1
1428840 1343.0
1428850 1349.9
1428860 1349.9
1428870 1357.1
1428880 1364.2
1428890 1371.3
1428900 1371.3
1428910 1378.9
1428920 1387.2
1428930 1387.2
1428940 1395.6
1428950 1403.6
1428960 1403.6
1428970 1411.9
1428980 1421.9
1428990 1421.9
1429000 1433.1
1429010 1443.7
1429020 1443.7
1429030 1452.5
1429040 1460.3
1429050 1468.9
1429060 1468.9
1429070 1476.5
1429080 1483.6
1429090 1483.6
1429100 1493.7
1429110 1503.3
1429120 1503.3
1429130 1512.9
1429140 1521.5
1429150 1521.5
1429160 1528.1
1429170 1534.4
1429180 1534.4
1429190 1540.5
1429200 1546.5
1429210 1546.5
1429220 1552.7
1429230 1558.7
1429240 1564.6
1429250 1564.6
1429260 1569.8
1429270 1574.1
1429280 1574.1
1429290 1577.5
1429300 1581.1
1429310 1581.1
1429320 1586.2
1429330 1592.6
1429340 1592.6
1429350 1598.4
1429360 1604.0
1429370 1604.0
1429380 1609.4
1429390 1614.7
1429400 1620.1
1429410 1620.1
1429420 1626.4
1429430 1632.6
1429440 1632.6
1429450 1638.0
1429460 1643.4
1429470 1643.4
1429480 1649.4
1429490 1656.0
1429500 1656.0
1429510 1663.0
1429520 1669.8
1429530 1669.8
1429540 1676.9
1429550 1684.0
1429560 1691.4
1429570 1691.4
1429580 1697.3
1429590 1703.1
1429600 1703.1
1429610 1709.7
1429620 1715.8
1429630 1715.8
1429640 1722.9
1429650 1729.8
1429660 1729.8
1429670 1735.5
1429680 1741.0
1429690 1741.0
1429700 1748.0
1429710 1755.2
1429720 1762.6
1429730 1762.6
1429740 1770.6
1429750 1779.0
1429760 1779.0
1429770 1786.6
1429780 1792.5
1429790 1792.5
1429800 1795.3
1429810 1798.9
1429820 1798.9
1429830 1805.9
1429840 1811.5
1429850 1811.5
1429860 1817.0
1429870 1822.8
1429880 1828.1
1429890 1828.1
1429900 1831.1
1429910 1833.3
1429920 1833.3
1429930 1837.9
1429940 1842.9
1429950 1842.9
1429960 1848.2
1429970 1853.7
1429980 1853.7
1429990 1857.4
1430000 1859.4
1430010 1859.4
1430020 1861.0
1430030 1864.3
1430040 1868.4
1430050 1868.4
1430060 1871.9
1430070 1875.2
1430080 1875.2
1430090 1876.7
1430100 1878.4
1430110 1878.4
1430120 1879.4
1430130 1879.7
1430140 1879.7
1430150 1878.2
1430160 1877.3
1430170 1877.3
1430180 1877.8
1430190 1879.0
1430200 1879.9
1430210 1879.9
1430220 1882.0
1430230 1885.0
1430240 1885.0
1430250 1886.8
1430260 1887.0
1430270 1887.0
1430280 1886.5
1430290 1885.7
1430300 1885.7
1430310 1884.7
1430320 1883.1
1430330 1883.1
1430340 1880.5
1430350 1876.9
1430360 1873.7
1430370 1873.7
1430380 1873.4
1430390 1873.7
1430400 1873.7
1430410 1872.5
1430420 1869.9
1430430 1869.9
1430440 1869.0
1430450 1868.6
1430460 1868.6
1430470 1866.3
1430480 1861.7
1430490 1861.7
1430500 1857.4
1430510 1853.8
1430520 1852.1
1430530 1852.1
1430540 1850.6
1430550 1846.8
1430560 1846.8
1430570 1843.5
1430580 1842.6
1430590 1842.6
1430600 1841.2
1430610 1839.6
1430620 1839.6
1430630 1838.0
1430640 1836.7
1430650 1836.7
1430660 1836.3
1430670 1835.7
1430680 1834.1
1430690 1834.1
1430700 1832.1
1430710 1830.3
1430720 1830.3
1430730 1829.5
1430740 1831.6
1430750 1831.6
1430760 1835.6
1430770 1840.1
1430780 1840.1
1430790 1843.5
1430800 1848.6
1430810 1848.6
1430820 1849.7
1430830 1848.6
1430840 1847.6
1430850 1847.6
1430860 1846.2
1430870 1844.1
1430880 1844.1
1430890 1843.2
1430900 1842.4
1430910 1842.4
1430920 1840.4
1430930 1838.2
1430940 1838.2
1430950 1834.5
1430960 1830.4
1430970 1830.4
1430980 1826.2
1430990 1820.6
1431000 1813.8
1431010 1812.0
1431020 1803.4
1431030 1793.4
1431040 1793.4
1431050 1783.1
1431060 1774.3
1431070 1774.3
1431080 1765.5
1431090 1756.7
1431100 1756.7
1431110 1748.9
1431120 1742.2
1431130 1742.2
1431140 1735.2
1431150 1728.2
1431160 1720.9
1431170 1720.9
1431180 1712.6
1431190 1703.9
1431200 1703.9
1431210 1695.2
1431220 1687.9
1431230 1687.9
1431240 1684.7
1431250 1683.7
1431260 1683.7
1431270 1682.4
1431280 1681.3
1431290 1681.3
1431300 1680.7
1431310 1678.9
1431320 1672.9
1431330 1672.9
1431340 1665.0
1431350 1656.3
1431360 1656.3
1431370 1647.8
1431380 1640.2
1431390 1640.2
1431400 1634.2
1431410 1628.0
1431420 1628.0
1431430 1621.4
1431440 1614.4
1431450 1614.4
1431460 1605.9
1431470 1596.7
1431480 1588.7
1431490 1588.7
1431500 1581.6
1431510 1575.1
1431520 1575.1
1431530 1568.0
1431540 1562.2
1431550 1562.2
1431560 1556.4
1431570 1550.5
1431580 1550.5
1431590 1545.5
1431600 1541.3
1431610 1541.3
1431620 1536.8
1431630 1531.8
1431640 1526.7
1431650 1526.7
1431660 1522.2
1431670 1517.2
1431680 1517.2
1431690 1511.8
1431700 1505.5
1431710 1505.5
1431720 1498.6
1431730 1491.8
1431740 1491.8
1431750 1485.3
1431760 1477.0
1431770 1477.0
1431780 1462.3
1431790 1446.3
1431800 1424.8
1431810 1424.8
1431820 1402.3
1431830 1382.5
1431840 1382.5
1431850 1367.5
1431860 1358.4
1431870 1358.4
1431880 1349.8
1431890 1334.8
1431900 1334.8
1431910 1315.6
1431920 1305.0
1431930 1305.0
1431940 1296.5
1431950 1286.6
1431960 1279.4
1431970 1279.4
1431980 1270.4
1431990 1258.0
1432000 1258.0
1432010 1249.2
1432020 1238.8
1432030 1238.8
1432040 1231.2
1432050 1224.1
1432060 1224.1
1432070 1216.3
1432080 1208.8
1432090 1208.8
1432100 1201.4
1432110 1195.2
1432120 1189.7
1432130 1189.7
1432140 1184.3
1432150 1178.5
1432160 1178.5
1432170 1172.5
1432180 1167.4
1432190 1167.4
1432200 1161.9
1432210 1156.1
1432220 1156.1
1432230 1149.9
1432240 1144.0
1432250 1144.0
1432260 1138.5
1432270 1132.8
1432280 1127.3
1432290 1127.3
1432300 1121.7
1432310 1116.3
1432320 1116.3
1432330 1111.0
1432340 1106.0
1432350 1106.0
1432360 1101.3
1432370 1096.1
1432380 1096.1
1432390 1090.4
1432400 1084.0
1432410 1084.0
1432420 1078.1
1432430 1072.8
1432440 1067.9
1432450 1067.9
1432460 1063.2
1432470 1058.0
1432480 1058.0
1432490 1052.4
1432500 1046.2
1432510 1046.2
1432520 1039.2
1432530 1033.7
1432540 1033.7
1432550 1030.5
1432560 1028.3
1432570 1028.3
1432580 1026.7
1432590 1025.4
1432600 1024.0
1432610 1024.0
1432620 1021.9
1432630 1017.9
1432640 1017.9
1432650 1013.2
1432660 1009.4
1432670 1009.4
1432680 1002.9
1432690 997.9
1432700 997.9
1432710 997.7
1432720 998.1
1432730 998.1
1432740 1001.7
1432750 1008.0
1432760 1014.0
1432770 1014.0
1432780 1021.1
1432790 1025.8
1432800 1025.8
1432810 1028.6
1432820 1031.2
1432830 1031.2
1432840 1033.5
1432850 1035.7
1432860 1035.7
1432870 1038.7
1432880 1042.0
1432890 1042.0
1432900 1045.1
1432910 1049.0
1432920 1053.1
1432930 1053.1
1432940 1058.1
1432950 1062.9
1432960 1062.9
1432970 1068.7
1432980 1074.9
1432990 1074.9
1433000 1081.2
1433010 1086.8
1433020 1086.8
1433030 1091.9
1433040 1097.4
1433050 1097.4
1433060 1103.3
1433070 1109.2
1433080 1115.2
1433090 1115.2
1433100 1122.2
1433110 1129.2
1433120 1129.2
1433130 1136.3
1433140 1143.8
1433150 1143.8
1433160 1151.3
1433170 1161.2
1433180 1161.2
1433190 1175.4
1433200 1192.6
1433210 1192.6
1433220 1204.2
1433230 1214.6
1433240 1224.1
1433250 1224.1
1433260 1233.3
1433270 1241.5
1433280 1241.5
1433290 1247.2
1433300 1250.6
1433310 1250.6
1433320 1254.1
1433330 1257.6
1433340 1257.6
1433350 1261.9
1433360 1273.9
1433370 1273.9
1433380 1282.8
1433390 1287.1
1433400 1291.6
1433410 1291.6
1433420 1304.7
1433430 1309.9
1433440 1309.9
1433450 1312.6
1433460 1316.1
1433470 1316.1
1433480 1320.7
1433490 1324.3
1433500 1324.3
1433510 1323.0
1433520 1318.9
1433530 1318.9
1433540 1320.7
1433550 1330.1
1433560 1345.7
1433570 1345.7
1433580 1358.6
1433590 1377.9
1433600 1377.9
1433610 1396.6
1433620 1408.9
1433630 1408.9
1433640 1414.7
1433650 1420.3
1433660 1420.3
1433670 1424.4
1433680 1429.3
1433690 1429.3
1433700 1433.5
1433710 1439.4
1433720 1447.8
1433730 1447.8
1433740 1452.9
1433750 1457.8
1433760 1457.8
1433770 1466.5
1433780 1476.6
1433790 1476.6
1433800 1489.3
1433810 1497.8
1433820 1497.8
1433830 1503.5
1433840 1508.6
1433850 1508.6
1433860 1514.5
1433870 1521.5
1433880 1528.7
1433890 1528.7
1433900 1535.5
1433910 1535.9
1433920 1535.9
1433930 1531.0
1433940 1527.5
1433950 1527.5
1433960 1526.1
1433970 1525.8
1433980 1525.8
1433990 1524.1
1434000 1520.2
1434010 1520.2
1434020 1520.7
1434030 1523.7
1434040 1524.2
1434050 1524.2
1434060 1524.9
1434070 1526.4
1434080 1526.4
1434090 1532.0
1434100 1547.0
1434110 1547.0
1434120 1569.6
1434130 1585.5
1434140 1585.5
1434150 1596.2
1434160 1600.1
1434170 1600.1
1434180 1599.8
1434190 1598.8
1434200 1598.8
1434210 1597.9
1434220 1597.6
1434230 1595.4
1434240 1595.4
1434250 1589.6
1434260 1584.5
1434270 1584.5
1434280 1589.1
1434290 1584.3
1434300 1584.3
1434310 1580.9
1434320 1579.0
1434330 1579.0
1434340 1572.9
1434350 1560.3
1434360 1560.3
1434370 1553.2
1434380 1577.0
1434390 1598.7
1434400 1598.7
1434410 1609.3
1434420 1613.9
1434430 1613.9
1434440 1608.8
1434450 1599.3
1434460 1599.3
1434470 1596.3
1434480 1594.6
1434490 1594.6
1434500 1593.6
1434510 1592.4
1434520 1592.4
1434530 1591.3
1434540 1592.4
1434550 1589.1
1434560 1589.1
1434570 1583.2
1434580 1580.1
1434590 1580.1
1434600 1578.6
1434610 1581.5
1434620 1581.5
1434630 1580.6
1434640 1575.3
1434650 1575.3
1434660 1567.9
1434670 1554.1
1434680 1554.1
1434690 1543.8
1434700 1536.2
1434710 1535.4
1434720 1535.4
1434730 1536.8
1434740 1541.0
1434750 1541.0
1434760 1543.6
1434770 1557.4
1434780 1557.4
1434790 1577.6
1434800 1596.2
1434810 1596.2
1434820 1625.2
1434830 1630.3
1434840 1630.3
1434850 1614.1
1434860 1594.0
1434870 1596.2
1434880 1596.2
1434890 1608.1
1434900 1637.8
1434910 1637.8
1434920 1675.9
1434930 1700.4
1434940 1700.4
1434950 1712.3
1434960 1717.6
1434970 1717.6
1434980 1730.4
1434990 1747.0
1435000 1747.0
1435010 1757.5
1435020 1760.3
1435030 1760.5
1435040 1760.5
1435050 1759.9
1435060 1757.5
1435070 1757.5
1435080 1756.6
1435090 1748.2
1435100 1748.2
1435110 1730.9
1435120 1696.1
1435130 1696.1
1435140 1658.0
1435150 1628.5
1435160 1628.5
1435170 1618.7
1435180 1611.6
1435190 1603.9
1435200 1603.9
1435210 1596.1
1435220 1588.5
1435230 1588.5
1435240 1581.4
1435250 1574.2
1435260 1574.2
1435270 1566.9
1435280 1560.8
1435290 1560.8
1435300 1560.7
1435310 1562.6
1435320 1562.6
1435330 1563.8
1435340 1564.8
1435350 1562.3
1435360 1562.3
1435370 1561.5
1435380 1563.0
1435390 1563.0
1435400 1561.6
1435410 1563.3
1435420 1563.3
1435430 1566.9
1435440 1569.5
1435450 1569.5
1435460 1571.6
1435470 1573.6
1435480 1573.6
1435490 1577.9
1435500 1587.4
1435510 1604.8
1435520 1604.8
1435530 1612.5
1435540 1615.9
1435550 1615.9
1435560 1618.8
1435570 1622.3
1435580 1622.3
1435590 1626.4
1435600 1629.9
1435610 1629.9
1435620 1633.7
1435630 1637.8
1435640 1637.8
1435650 1642.1
1435660 1646.3
1435670 1651.1
1435680 1651.1
1435690 1656.8
1435700 1665.1
1435710 1665.1
1435720 1674.1
1435730 1682.6
1435740 1682.6
1435750 1691.7
1435760 1699.2
1435770 1699.2
1435780 1704.6
1435790 1710.3
1435800 1710.3
1435810 1714.2
1435820 1717.3
1435830 1720.7
1435840 1720.7
1435850 1723.5
1435860 1726.3
1435870 1726.3
1435880 1729.5
1435890 1732.6
1435900 1732.6
1435910 1735.7
1435920 1739.2
1435930 1739.2
1435940 1745.1
1435950 1747.9
1435960 1747.9
1435970 1749.3
1435980 1749.9
1435990 1750.5
1436000 1750.5
1436010 1748.2
1436020 1739.7
1436030 1739.7
1436040 1731.3
1436050 1724.1
1436060 1724.1
1436070 1718.5
1436080 1714.6
1436090 1714.6
1436100 1710.8
1436110 1707.2
1436120 1707.2
1436130 1704.2
1436140 1700.3
1436150 1694.5
1436160 1694.5
1436170 1687.1
1436180 1678.9
1436190 1678.9
1436200 1672.9
1436210 1666.7
1436220 1666.7
1436230 1661.2
1436240 1655.3
1436250 1655.3
1436260 1649.3
1436270 1643.4
1436280 1643.4
1436290 1637.1
1436300 1631.7
1436310 1626.9
1436320 1626.9
1436330 1622.2
1436340 1618.2
1436350 1618.2
1436360 1616.6
1436370 1616.9
1436380 1616.9
1436390 1617.3
1436400 1617.8
1436410 1617.8
1436420 1617.4
1436430 1617.4
1436440 1617.4
1436450 1617.3
1436460 1617.4
1436470 1621.4
1436480 1621.4
1436490 1625.4
1436500 1628.7
1436510 1628.7
1436520 1631.8
1436530 1631.7
1436540 1631.7
1436550 1630.7
1436560 1631.6
1436570 1631.6
1436580 1633.1
1436590 1634.9
1436600 1634.9
1436610 1636.8
1436620 1640.4
1436630 1644.8
1436640 1644.8
1436650 1649.8
1436660 1654.9
1436670 1654.9
1436680 1659.3
1436690 1663.0
1436700 1663.0
1436710 1666.9
1436720 1670.9
1436730 1670.9
1436740 1675.2
1436750 1680.8
1436760 1680.8
1436770 1687.8
1436780 1695.4
1436790 1703.2
1436800 1703.2
1436810 1713.2
1436820 1721.6
1436830 1721.6
1436840 1731.5
1436850 1743.4
1436860 1743.4
1436870 1752.2
1436880 1758.7
1436890 1758.7
1436900 1764.5
1436910 1771.3
1436920 1771.3
1436930 1776.7
1436940 1780.6
1436950 1784.2
1436960 1784.2
1436970 1787.5
1436980 1791.8
1436990 1791.8
1437000 1795.5
1437010 1797.1
1437020 1797.1
1437030 1797.7
1437040 1798.6
1437050 1798.6
1437060 1799.6
1437070 1801.7
1437080 1801.7
1437090 1803.2
1437100 1805.1
1437110 1808.0
1437120 1808.0
1437130 1811.0
1437140 1814.0
1437150 1814.0
1437160 1816.4
1437170 1818.1
1437180 1818.1
1437190 1819.0
1437200 1820.5
1437210 1820.5
1437220 1822.1
1437230 1822.6
1437240 1822.6
1437250 1822.5
1437260 1819.0
1437270 1813.2
1437280 1813.2
1437290 1808.1
1437300 1804.0
1437310 1804.0
1437320 1801.7
1437330 1800.8
1437340 1800.8
1437350 1800.2
1437360 1804.4
1437370 1804.4
1437380 1810.8
1437390 1818.1
1437400 1818.1
1437410 1827.2
1437420 1835.6
1437430 1841.6
1437440 1841.6
1437450 1844.9
1437460 1846.7
1437470 1846.7
1437480 1847.7
1437490 1848.7
1437500 1848.7
1437510 1849.0
1437520 1849.4
1437530 1849.4
1437540 1848.4
1437550 1845.9
1437560 1845.9
1437570 1843.4
1437580 1841.9
1437590 1840.5
1437600 1840.5
1437610 1840.3
1437620 1839.9
1437630 1839.9
1437640 1838.7
1437650 1837.6
1437660 1837.6
1437670 1835.1
1437680 1831.5
1437690 1831.5
1437700 1826.8
1437710 1823.4
1437720 1823.4
1437730 1822.1
1437740 1820.9
1437750 1820.2
1437760 1820.2
1437770 1820.5
1437780 1821.1
1437790 1821.1
1437800 1822.5
1437810 1823.7
1437820 1823.7
1437830 1824.1
1437840 1823.6
1437850 1823.6
1437860 1820.3
1437870 1816.0
1437880 1816.0
1437890 1813.3
1437900 1812.2
1437910 1810.9
1437920 1810.9
1437930 1809.5
1437940 1808.3
1437950 1808.3
1437960 1807.4
1437970 1806.6
1437980 1806.6
1437990 1806.0
1438000 1805.9
1438010 1805.9
1438020 1806.4
1438030 1806.3
1438040 1806.3
1438050 1804.4
1438060 1802.3
1438070 1800.4
1438080 1800.4
1438090 1798.5
1438100 1796.6
1438110 1796.6
1438120 1794.7
1438130 1792.8
1438140 1792.8
1438150 1790.2
1438160 1787.0
1438170 1787.0
1438180 1783.8
1438190 1781.0
1438200 1781.0
1438210 1777.2
1438220 1771.9
1438230 1765.4
1438240 1765.4
1438250 1757.5
1438260 1750.4
1438270 1750.4
1438280 1744.1
1438290 1738.5
1438300 1738.5
1438310 1731.2
1438320 1722.3
1438330 1722.3
1438340 1714.6
1438350 1709.1
1438360 1709.1
1438370 1703.5
1438380 1693.7
1438390 1684.6
1438400 1684.6
1438410 1676.1
1438420 1666.0
1438430 1666.0
1438440 1655.3
1438450 1647.6
1438460 1647.6
1438470 1643.6
1438480 1643.0
1438490 1643.0
1438500 1639.3
1438510 1628.4
1438520 1628.4
1438530 1609.0
1438540 1596.5
1438550 1589.0
1438560 1589.0
1438570 1581.7
1438580 1574.9
1438590 1575.3
1438600 1568.0
1438610 1561.4
1438620 1561.4
1438630 1554.6
1438640 1547.0
1438650 1547.0
1438660 1541.0
1438670 1539.4
1438680 1539.4
1438690 1543.0
1438700 1544.8
1438710 1542.4
1438720 1542.4
1438730 1542.4
1438740 1555.9
1438750 1555.9
1438760 1557.1
1438770 1559.0
1438780 1559.0
1438790 1555.7
1438800 1548.2
1438810 1548.2
1438820 1547.9
1438830 1543.3
1438840 1543.3
1438850 1535.2
1438860 1524.1
1438870 1512.4
1438880 1512.4
1438890 1505.4
1438900 1499.6
1438910 1499.6
1438920 1487.8
1438930 1474.8
1438940 1474.8
1438950 1452.2
1438960 1418.6
1438970 1418.6
1438980 1397.1
1438990 1387.9
1439000 1387.9
1439010 1379.7
1439020 1371.6
1439030 1363.7
1439040 1363.7
1439050 1355.9
1439060 1347.6
1439070 1347.6
1439080 1339.2
1439090 1331.0
1439100 1331.0
1439110 1323.1
1439120 1315.5
1439130 1315.5
1439140 1307.5
1439150 1298.9
1439160 1298.9
1439170 1290.8
1439180 1284.5
1439190 1278.8
1439200 1278.8
1439210 1272.0
1439220 1264.9
1439230 1264.9
1439240 1257.6
1439250 1250.5
1439260 1250.5
1439270 1243.3
1439280 1235.9
1439290 1235.9
1439300 1228.5
1439310 1221.1
1439320 1221.1
1439330 1214.6
1439340 1209.1
1439350 1209.1
1439360 1203.8
1439370 1197.9
1439380 1191.8
1439390 1191.8
1439400 1185.5
1439410 1179.0
1439420 1179.0
1439430 1172.2
1439440 1165.2
1439450 1165.2
1439460 1158.7
1439470 1152.8
1439480 1152.8
1439490 1146.9
1439500 1140.6
1439510 1140.6
1439520 1134.0
1439530 1127.4
1439540 1121.4
1439550 1121.4
1439560 1116.8
1439570 1112.8
1439580 1112.8
1439590 1108.9
1439600 1103.6
1439610 1103.6
1439620 1099.6
1439630 1097.7
1439640 1097.7
1439650 1092.6
1439660 1088.7
1439670 1088.7
1439680 1083.9
1439690 1079.2
1439700 1075.0
1439710 1075.0
1439720 1070.2
1439730 1064.5
1439740 1064.5
1439750 1056.6
1439760 1048.9
1439770 1048.9
1439780 1041.4
1439790 1033.6
1439800 1033.6
1439810 1025.6
1439820 1017.9
1439830 1017.9
1439840 1010.6
1439850 1006.1
1439860 1005.3
1439870 1005.3
1439880 1005.1
1439890 1004.4
1439900 1004.4
1439910 1005.5
1439920 1010.1
1439930 1010.1
1439940 1010.7
1439950 1012.0
1439960 1012.0
1439970 1015.0
1439980 1021.7
1439990 1021.7
