1420000 1521.9
1420010 1521.9
1420020 1521.4
1420030 1520.7
1420040 1516.8
1420050 1516.8
1420060 1512.4
1420070 1507.1
1420080 1507.1
1420090 1500.3
1420100 1493.3
1420110 1493.3
1420120 1486.5
1420130 1478.6
1420140 1478.6
1420150 1464.3
1420160 1453.5
1420170 1453.5
1420180 1442.5
1420190 1426.1
1420200 1414.0
1420210 1414.0
1420220 1405.5
1420230 1397.7
1420240 1397.7
1420250 1392.6
1420260 1390.2
1420270 1390.2
1420280 1389.9
1420290 1392.3
1420300 1392.3
1420310 1396.0
1420320 1399.8
1420330 1399.8
1420340 1403.6
1420350 1408.3
1420360 1412.8
1420370 1412.8
1420380 1415.8
1420390 1419.4
1420400 1419.4
1420410 1424.3
1420420 1428.8
1420430 1428.8
1420440 1432.5
1420450 1436.2
1420460 1436.2
1420470 1442.6
1420480 1447.3
1420490 1447.3
1420500 1451.8
1420510 1456.7
1420520 1461.8
1420530 1461.8
1420540 1467.3
1420550 1473.6
1420560 1473.6
1420570 1480.9
1420580 1488.4
1420590 1488.4
1420600 1495.9
1420610 1503.5
1420620 1503.5
1420630 1511.5
1420640 1519.1
1420650 1519.1
1420660 1526.4
1420670 1533.5
1420680 1540.5
1420690 1540.5
1420700 1548.0
1420710 1555.9
1420720 1555.9
1420730 1564.7
1420740 1572.1
1420750 1572.1
1420760 1576.6
1420770 1579.9
1420780 1579.9
1420790 1584.2
1420800 1588.7
1420810 1588.7
1420820 1594.3
1420830 1601.0
1420840 1608.6
1420850 1608.6
1420860 1615.9
1420870 1623.1
1420880 1623.1
1420890 1629.7
1420900 1635.7
1420910 1635.7
1420920 1642.4
1420930 1649.2
1420940 1649.2
1420950 1655.3
1420960 1660.9
1420970 1660.9
1420980 1666.5
1420990 1671.1
1421000 1675.7
1421010 1675.7
1421020 1680.3
1421030 1684.4
1421040 1684.4
1421050 1687.6
1421060 1690.4
1421070 1690.4
1421080 1693.6
1421090 1696.9
1421100 1696.9
1421110 1701.4
1421120 1706.4
1421130 1706.4
1421140 1711.8
1421150 1717.9
1421160 1725.2
1421170 1725.2
1421180 1733.0
1421190 1740.8
1421200 1740.8
1421210 1748.5
1421220 1755.5
1421230 1755.5
1421240 1762.2
1421250 1768.5
1421260 1768.5
1421270 1774.9
1421280 1781.4
1421290 1781.4
1421300 1786.8
1421310 1791.7
1421320 1796.6
1421330 1796.6
1421340 1801.6
1421350 1807.3
1421360 1807.3
1421370 1815.0
1421380 1840.9
1421390 1840.9
1421400 1859.1
1421410 1881.0
1421420 1881.0
1421430 1896.9
1421440 1910.0
1421450 1910.0
1421460 1924.9
1421470 1934.3
1421480 1940.2
1421490 1940.2
1421500 1959.7
1421510 1974.8
1421520 1974.8
1421530 1996.5
1421540 2012.8
1421550 2012.8
1421560 2018.2
1421570 2018.9
1421580 2018.9
1421590 2016.5
1421600 2015.5
1421610 2015.5
1421620 2016.8
1421630 2025.0
1421640 2038.9
1421650 2038.9
1421660 2046.6
1421670 2051.9
1421680 2051.9
1421690 2058.1
1421700 2063.6
1421710 2063.6
1421720 2070.4
1421730 2073.8
1421740 2073.8
1421750 2079.9
1421760 2096.7
1421770 2096.7
1421780 2109.4
1421790 2114.7
1421800 2117.3
1421810 2117.3
1421820 2118.0
1421830 2117.8
1421840 2117.8
1421850 2115.4
1421860 2110.0
1421870 2110.0
1421880 2107.4
1421890 2104.6
1421900 2104.6
1421910 2099.7
1421920 2092.2
1421930 2092.2
1421940 2080.7
1421950 2069.9
1421960 2062.5
1421970 2062.5
1421980 2049.4
1421990 2036.2
1422000 2036.2
1422010 2021.1
1422020 2011.2
1422030 2011.2
1422040 2002.0
1422050 1992.3
1422060 1992.3
1422070 1983.9
1422080 1977.6
1422090 1977.6
1422100 1971.3
1422110 1965.6
1422120 1956.4
1422130 1956.4
1422140 1949.4
1422150 1942.6
1422160 1942.6
1422170 1936.4
1422180 1930.0
1422190 1930.0
1422200 1923.9
1422210 1917.8
1422220 1917.8
1422230 1911.6
1422240 1905.7
1422250 1905.7
1422260 1899.6
1422270 1893.2
1422280 1886.8
1422290 1886.8
1422300 1880.6
1422310 1873.5
1422320 1873.5
1422330 1866.6
1422340 1859.6
1422350 1859.6
1422360 1852.3
1422370 1844.8
1422380 1844.8
1422390 1838.2
1422400 1831.8
1422410 1831.8
1422420 1825.7
1422430 1819.3
1422440 1811.8
1422450 1811.8
1422460 1802.3
1422470 1794.0
1422480 1794.0
1422490 1788.0
1422500 1782.4
1422510 1782.4
1422520 1778.2
1422530 1773.9
1422540 1773.9
1422550 1768.5
1422560 1762.1
1422570 1762.1
1422580 1756.6
1422590 1751.8
1422600 1746.7
1422610 1746.7
1422620 1741.5
1422630 1735.8
1422640 1735.8
1422650 1731.2
1422660 1727.0
1422670 1727.0
1422680 1722.9
1422690 1719.2
1422700 1719.2
1422710 1716.4
1422720 1713.6
1422730 1713.6
1422740 1710.8
1422750 1707.7
1422760 1703.8
1422770 1703.8
1422780 1699.6
1422790 1695.8
1422800 1695.8
1422810 1692.2
1422820 1687.4
1422830 1687.4
1422840 1682.7
1422850 1677.3
1422860 1677.3
1422870 1671.7
1422880 1665.0
1422890 1665.0
1422900 1657.4
1422910 1651.5
1422920 1647.9
1422930 1647.9
1422940 1643.9
1422950 1639.0
1422960 1639.0
1422970 1633.7
1422980 1630.7
1422990 1630.7
1423000 1628.9
1423010 1624.8
1423020 1624.8
1423030 1620.4
1423040 1617.1
1423050 1617.1
1423060 1613.7
1423070 1607.6
1423080 1601.2
1423090 1601.2
1423100 1595.6
1423110 1590.5
1423120 1590.5
1423130 1585.5
1423140 1579.3
1423150 1579.3
1423160 1571.3
1423170 1563.0
1423180 1563.0
1423190 1555.0
1423200 1547.4
1423210 1547.4
1423220 1540.8
1423230 1536.1
1423240 1529.7
1423250 1529.7
1423260 1524.6
1423270 1517.8
1423280 1517.8
1423290 1512.5
1423300 1507.0
1423310 1507.0
1423320 1501.4
1423330 1495.0
1423340 1495.0
1423350 1488.1
1423360 1480.1
1423370 1480.1
1423380 1471.9
1423390 1465.8
1423400 1465.8
1423410 1460.9
1423420 1454.9
1423430 1449.0
1423440 1449.0
1423450 1443.4
1423460 1437.9
1423470 1437.9
1423480 1435.8
1423490 1434.8
1423500 1434.8
1423510 1433.0
1423520 1431.1
1423530 1431.1
1423540 1429.6
1423550 1429.2
1423560 1429.2
1423570 1428.7
1423580 1426.8
1423590 1424.9
1423600 1424.9
1423610 1422.9
1423620 1420.8
1423630 1420.8
1423640 1418.7
1423650 1416.9
1423660 1416.9
1423670 1414.9
1423680 1413.0
1423690 1413.0
1423700 1412.4
1423710 1414.7
1423720 1414.7
1423730 1423.5
1423740 1430.0
1423750 1435.6
1423760 1435.6
1423770 1441.6
1423780 1447.8
1423790 1447.8
1423800 1455.0
1423810 1463.5
1423820 1463.5
1423830 1472.4
1423840 1479.1
1423850 1479.1
1423860 1484.9
1423870 1491.0
1423880 1491.0
1423890 1498.6
1423900 1507.1
1423910 1515.7
1423920 1515.7
1423930 1524.0
1423940 1532.7
1423950 1532.7
1423960 1542.9
1423970 1550.5
1423980 1550.5
1423990 1558.4
1424000 1569.2
1424010 1569.2
1424020 1578.3
1424030 1584.7
1424040 1584.7
1424050 1592.1
1424060 1599.6
1424070 1606.7
1424080 1606.7
1424090 1613.6
1424100 1619.9
1424110 1619.9
1424120 1625.3
1424130 1631.1
1424140 1631.1
1424150 1637.2
1424160 1643.1
1424170 1643.1
1424180 1649.6
1424190 1656.9
1424200 1656.9
1424210 1663.9
1424220 1669.5
1424230 1675.3
1424240 1675.3
1424250 1681.2
1424260 1686.7
1424270 1686.7
1424280 1693.1
1424290 1699.8
1424300 1699.8
1424310 1706.5
1424320 1712.8
1424330 1712.8
1424340 1716.7
1424350 1720.1
1424360 1720.1
1424370 1723.9
1424380 1727.9
1424390 1731.9
1424400 1731.9
1424410 1735.8
1424420 1740.7
1424430 1740.7
1424440 1746.7
1424450 1758.0
1424460 1758.0
1424470 1766.3
1424480 1771.2
1424490 1771.2
1424500 1776.3
1424510 1782.6
1424520 1785.3
1424530 1791.6
1424540 1797.5
1424550 1798.7
1424560 1798.7
1424570 1802.2
1424580 1806.8
1424590 1806.8
1424600 1811.3
1424610 1815.8
1424620 1815.8
1424630 1820.2
1424640 1825.2
1424650 1825.2
1424660 1830.2
1424670 1834.8
1424680 1834.8
1424690 1838.1
1424700 1842.5
1424710 1847.1
1424720 1847.1
1424730 1851.4
1424740 1856.9
1424750 1856.9
1424760 1862.5
1424770 1867.4
1424780 1867.4
1424790 1872.2
1424800 1877.1
1424810 1877.1
1424820 1880.4
1424830 1882.7
1424840 1882.7
1424850 1884.8
1424860 1887.9
1424870 1893.0
1424880 1893.0
1424890 1898.9
1424900 1901.8
1424910 1901.8
1424920 1904.1
1424930 1907.6
1424940 1907.6
1424950 1910.7
1424960 1913.5
1424970 1913.5
1424980 1916.6
1424990 1918.8
1425000 1918.8
1425010 1920.3
1425020 1922.6
1425030 1926.0
1425040 1926.0
1425050 1929.5
1425060 1932.6
1425070 1932.6
1425080 1934.4
1425090 1935.8
1425100 1935.8
1425110 1937.3
1425120 1940.6
1425130 1940.6
1425140 1945.3
1425150 1949.7
1425160 1949.7
1425170 1952.8
1425180 1956.8
1425190 1961.6
1425200 1961.6
1425210 1966.5
1425220 1970.6
1425230 1970.6
1425240 1973.6
1425250 1976.9
1425260 1976.9
1425270 1978.9
1425280 1980.5
1425290 1980.5
1425300 1983.3
1425310 1986.2
1425320 1986.2
1425330 1986.7
1425340 1986.7
1425350 1986.5
1425360 1986.5
1425370 1986.1
1425380 1986.0
1425390 1986.0
1425400 1985.1
1425410 1983.9
1425420 1983.9
1425430 1982.2
1425440 1979.6
1425450 1979.6
1425460 1975.6
1425470 1971.5
1425480 1971.5
1425490 1968.7
1425500 1965.7
1425510 1963.0
1425520 1963.0
1425530 1960.2
1425540 1957.0
1425550 1957.0
1425560 1952.5
1425570 1945.3
1425580 1945.3
1425590 1938.3
1425600 1930.8
1425610 1930.8
1425620 1924.9
1425630 1916.8
1425640 1916.8
1425650 1910.2
1425660 1903.8
1425670 1897.5
1425680 1897.5
1425690 1892.1
1425700 1887.1
1425710 1887.1
1425720 1882.2
1425730 1877.4
1425740 1877.4
1425750 1872.6
1425760 1867.4
1425770 1867.4
1425780 1862.1
1425790 1856.5
1425800 1856.5
1425810 1850.9
1425820 1845.5
1425830 1840.4
1425840 1840.4
1425850 1835.4
1425860 1830.9
1425870 1830.9
1425880 1827.0
1425890 1823.6
1425900 1823.6
1425910 1820.5
1425920 1818.1
1425930 1818.1
1425940 1815.7
1425950 1813.3
1425960 1813.3
1425970 1811.9
1425980 1810.7
1425990 1809.5
1426000 1809.5
1426010 1807.6
1426020 1805.5
1426030 1805.5
1426040 1803.7
1426050 1802.2
1426060 1802.2
1426070 1801.0
1426080 1800.8
1426090 1800.8
1426100 1800.7
1426110 1800.5
1426120 1800.5
1426130 1800.3
1426140 1801.1
1426150 1803.2
1426160 1803.2
1426170 1806.5
1426180 1810.4
1426190 1810.4
1426200 1814.1
1426210 1819.2
1426220 1819.2
1426230 1824.3
1426240 1828.9
1426250 1828.9
1426260 1832.3
1426270 1835.3
1426280 1835.3
1426290 1839.7
1426300 1844.3
1426310 1848.6
1426320 1848.6
1426330 1853.5
1426340 1859.8
1426350 1859.8
1426360 1865.0
1426370 1869.0
1426380 1869.0
1426390 1873.0
1426400 1878.6
1426410 1878.6
1426420 1885.2
1426430 1889.7
1426440 1889.7
1426450 1892.0
1426460 1896.2
1426470 1900.4
1426480 1900.4
1426490 1903.7
1426500 1905.9
1426510 1905.9
1426520 1907.4
1426530 1908.8
1426540 1908.8
1426550 1910.0
1426560 1910.7
1426570 1910.7
1426580 1907.0
1426590 1903.6
1426600 1903.6
1426610 1905.6
1426620 1906.3
1426630 1904.5
1426640 1904.5
1426650 1901.0
1426660 1899.6
1426670 1899.6
1426680 1899.0
1426690 1898.9
1426700 1898.9
1426710 1898.8
1426720 1897.9
1426730 1897.9
1426740 1896.9
1426750 1895.8
1426760 1895.8
1426770 1894.8
1426780 1894.1
1426790 1894.1
1426800 1892.6
1426810 1889.6
1426820 1885.9
1426830 1885.9
1426840 1883.3
1426850 1881.6
1426860 1881.6
1426870 1880.1
1426880 1878.5
1426890 1878.5
1426900 1877.5
1426910 1876.7
1426920 1876.7
1426930 1874.7
1426940 1869.9
1426950 1869.9
1426960 1863.2
1426970 1856.6
1426980 1851.7
1426990 1851.7
1427000 1848.2
1427010 1845.3
1427020 1845.3
1427030 1842.7
1427040 1840.0
1427050 1840.0
1427060 1839.0
1427070 1837.7
1427080 1837.7
1427090 1833.7
1427100 1830.0
1427110 1830.0
1427120 1826.5
1427130 1823.3
1427140 1820.4
1427150 1820.4
1427160 1816.0
1427170 1811.8
1427180 1811.8
1427190 1807.5
1427200 1803.3
1427210 1803.3
1427220 1798.9
1427230 1794.3
1427240 1794.3
1427250 1790.0
1427260 1785.5
1427270 1785.5
1427280 1781.4
1427290 1776.9
1427300 1772.5
1427310 1772.5
1427320 1768.0
1427330 1763.3
1427340 1763.3
1427350 1758.8
1427360 1754.0
1427370 1754.0
1427380 1749.0
1427390 1743.7
1427400 1743.7
1427410 1738.4
1427420 1733.1
1427430 1733.1
1427440 1727.9
1427450 1722.8
1427460 1716.5
1427470 1716.5
1427480 1711.0
1427490 1706.5
1427500 1706.5
1427510 1701.5
1427520 1696.5
1427530 1696.5
1427540 1691.6
1427550 1686.7
1427560 1686.7
1427570 1681.8
1427580 1677.2
1427590 1677.2
1427600 1672.8
1427610 1668.6
1427620 1664.9
1427630 1664.9
1427640 1661.7
1427650 1657.4
1427660 1657.4
1427670 1652.1
1427680 1646.5
1427690 1646.5
1427700 1640.9
1427710 1634.0
1427720 1634.0
1427730 1626.2
1427740 1620.6
1427750 1620.6
1427760 1616.8
1427770 1611.3
1427780 1601.5
1427790 1601.5
1427800 1591.1
1427810 1584.3
1427820 1584.3
1427830 1577.6
1427840 1574.3
1427850 1574.3
1427860 1573.9
1427870 1574.0
1427880 1574.0
1427890 1572.4
1427900 1567.7
1427910 1567.7
1427920 1563.5
1427930 1556.5
1427940 1549.4
1427950 1549.4
1427960 1543.1
1427970 1533.5
1427980 1533.5
1427990 1525.6
1428000 1520.8
1428010 1520.8
1428020 1515.1
1428030 1508.6
1428040 1508.6
1428050 1501.9
1428060 1494.6
1428070 1494.6
1428080 1488.6
1428090 1484.7
1428100 1481.0
1428110 1481.0
1428120 1476.2
1428130 1468.2
1428140 1468.2
1428150 1460.4
1428160 1452.5
1428170 1452.5
1428180 1445.1
1428190 1437.1
1428200 1437.1
1428210 1428.4
1428220 1420.7
1428230 1420.7
1428240 1413.8
1428250 1405.8
1428260 1396.9
1428270 1396.9
1428280 1389.3
1428290 1381.5
1428300 1381.5
1428310 1373.3
1428320 1366.6
1428330 1366.6
1428340 1357.9
1428350 1350.0
1428360 1350.0
1428370 1342.2
1428380 1334.7
1428390 1334.7
1428400 1328.1
1428410 1321.9
1428420 1315.8
1428430 1315.8
1428440 1311.3
1428450 1309.2
1428460 1309.2
1428470 1308.4
1428480 1307.3
1428490 1307.3
1428500 1303.2
1428510 1297.0
1428520 1297.0
1428530 1290.1
1428540 1282.6
1428550 1282.6
1428560 1275.3
1428570 1268.5
1428580 1261.0
1428590 1261.0
1428600 1254.2
1428610 1247.6
1428620 1247.6
1428630 1241.1
1428640 1234.6
1428650 1234.6
1428660 1228.8
1428670 1224.2
1428680 1224.2
1428690 1222.8
1428700 1221.9
1428710 1221.9
1428720 1220.0
1428730 1216.0
1428740 1210.9
1428750 1210.9
1428760 1204.2
1428770 1196.3
1428780 1196.3
1428790 1190.9
1428800 1189.2
1428810 1189.2
1428820 1193.9
1428830 1201.5
1428840 1201.5
1428850 1209.3
1428860 1217.1
1428870 1217.2
1428880 1224.6
1428890 1231.1
1428900 1236.8
1428910 1236.8
1428920 1242.5
1428930 1248.8
1428940 1248.8
1428950 1256.1
1428960 1264.1
1428970 1264.1
1428980 1272.6
1428990 1279.4
1429000 1279.4
1429010 1286.4
1429020 1293.8
1429030 1293.8
1429040 1301.3
1429050 1308.1
1429060 1313.8
1429070 1313.8
1429080 1321.2
1429090 1329.0
1429100 1329.0
1429110 1338.4
1429120 1346.7
1429130 1346.7
1429140 1350.9
1429150 1353.8
1429160 1353.8
1429170 1359.2
1429180 1363.3
1429190 1363.3
1429200 1367.4
1429210 1371.1
1429220 1376.2
1429230 1376.2
1429240 1381.2
1429250 1385.7
1429260 1385.7
1429270 1390.3
1429280 1394.3
1429290 1394.3
1429300 1401.6
1429310 1413.5
1429320 1413.5
1429330 1424.6
1429340 1433.8
1429350 1433.8
1429360 1441.7
1429370 1448.1
1429380 1455.9
1429390 1455.9
1429400 1465.7
1429410 1474.8
1429420 1474.8
1429430 1482.1
1429440 1490.1
1429450 1490.1
1429460 1499.6
1429470 1507.3
1429480 1507.3
1429490 1515.0
1429500 1523.4
1429510 1523.4
1429520 1532.2
1429530 1540.8
1429540 1549.0
1429550 1549.0
1429560 1557.2
1429570 1565.4
1429580 1565.4
1429590 1574.1
1429600 1583.1
1429610 1583.1
1429620 1591.3
1429630 1598.0
1429640 1598.0
1429650 1604.1
1429660 1608.3
1429670 1608.3
1429680 1612.6
1429690 1617.7
1429700 1623.1
1429710 1623.1
1429720 1628.8
1429730 1633.1
1429740 1633.1
1429750 1636.4
1429760 1640.0
1429770 1640.0
1429780 1644.5
1429790 1649.6
1429800 1649.6
1429810 1654.0
1429820 1655.9
1429830 1655.9
1429840 1658.6
1429850 1661.5
1429860 1665.4
1429870 1665.4
1429880 1669.8
1429890 1673.4
1429900 1673.4
1429910 1677.7
1429920 1682.7
1429930 1682.7
1429940 1687.7
1429950 1693.0
1429960 1693.0
1429970 1698.2
1429980 1703.2
1429990 1703.2
1430000 1708.1
1430010 1712.6
1430020 1717.2
1430030 1717.2
1430040 1721.5
1430050 1726.0
1430060 1726.0
1430070 1729.8
1430080 1731.5
1430090 1731.5
1430100 1733.1
1430110 1734.3
1430120 1734.3
1430130 1735.3
1430140 1736.3
1430150 1736.3
1430160 1736.8
1430170 1736.9
1430180 1736.7
1430190 1736.7
1430200 1737.1
1430210 1737.0
1430220 1737.0
1430230 1736.4
1430240 1735.7
1430250 1735.7
1430260 1736.1
1430270 1735.6
1430280 1735.6
1430290 1735.6
1430300 1735.7
1430310 1735.7
1430320 1735.1
1430330 1733.9
1430340 1731.8
1430350 1731.8
1430360 1728.8
1430370 1725.1
1430380 1725.1
1430390 1722.6
1430400 1721.6
1430410 1721.6
1430420 1716.7
1430430 1713.5
1430440 1713.5
1430450 1712.2
1430460 1708.7
1430470 1708.7
1430480 1706.4
1430490 1701.0
1430500 1701.0
1430510 1695.4
1430520 1689.0
1430530 1681.6
1430540 1681.6
1430550 1674.1
1430560 1667.9
1430570 1667.9
1430580 1660.9
1430590 1653.7
1430600 1653.7
1430610 1646.2
1430620 1636.0
1430630 1636.0
1430640 1626.1
1430650 1618.2
1430660 1618.2
1430670 1611.1
1430680 1605.0
1430690 1599.4
1430700 1599.4
1430710 1593.5
1430720 1590.3
1430730 1590.3
1430740 1587.9
1430750 1585.4
1430760 1585.4
1430770 1578.9
1430780 1576.8
1430790 1576.8
1430800 1575.0
1430810 1571.9
1430820 1571.9
1430830 1575.9
1430840 1579.9
1430850 1582.2
1430860 1582.2
1430870 1583.9
1430880 1585.4
1430890 1585.4
1430900 1590.0
1430910 1594.5
1430920 1594.5
1430930 1599.3
1430940 1603.1
1430950 1603.1
1430960 1607.7
1430970 1613.1
1430980 1613.1
1430990 1618.8
1431000 1623.2
1431010 1625.8
1431020 1625.8
1431030 1629.1
1431040 1632.2
1431050 1632.2
1431060 1634.3
1431070 1635.7
1431080 1635.7
1431090 1636.1
1431100 1636.1
1431110 1636.1
1431120 1636.1
1431130 1635.4
1431140 1635.4
1431150 1634.2
1431160 1632.7
1431170 1631.7
1431180 1639.1
1431190 1637.5
1431200 1635.7
1431210 1635.7
1431220 1633.1
1431230 1629.7
1431240 1629.7
1431250 1626.4
1431260 1623.1
1431270 1623.1
1431280 1621.3
1431290 1617.4
1431300 1617.4
1431310 1611.3
1431320 1604.4
1431330 1597.3
1431340 1597.3
1431350 1589.1
1431360 1580.1
1431370 1580.1
1431380 1572.0
1431390 1566.2
1431400 1566.2
1431410 1560.5
1431420 1553.3
1431430 1553.3
1431440 1546.8
1431450 1542.1
1431460 1542.1
1431470 1534.9
1431480 1526.4
1431490 1518.6
1431500 1518.6
1431510 1511.5
1431520 1505.2
1431530 1505.2
1431540 1498.6
1431550 1491.6
1431560 1491.6
1431570 1484.6
1431580 1478.0
1431590 1478.0
1431600 1471.4
1431610 1465.6
1431620 1465.6
1431630 1460.0
1431640 1452.9
1431650 1444.4
1431660 1444.4
1431670 1434.7
1431680 1426.4
1431690 1426.4
1431700 1420.4
1431710 1417.7
1431720 1417.7
1431730 1414.2
1431740 1408.8
1431750 1408.8
1431760 1404.4
1431770 1396.9
1431780 1396.9
1431790 1389.0
1431800 1386.1
1431810 1382.7
1431820 1382.7
1431830 1377.6
1431840 1372.9
1431850 1372.9
1431860 1367.5
1431870 1362.2
1431880 1362.2
1431890 1357.4
1431900 1352.4
1431910 1352.4
1431920 1347.8
1431930 1343.4
1431940 1343.4
1431950 1338.5
1431960 1332.3
1431970 1326.2
1431980 1326.2
1431990 1320.5
1432000 1313.6
1432010 1313.6
1432020 1306.6
1432030 1298.9
1432040 1298.9
1432050 1289.9
1432060 1280.6
1432070 1280.6
1432080 1270.3
1432090 1260.2
1432100 1260.2
1432110 1250.6
1432120 1242.0
1432130 1232.9
1432140 1232.9
1432150 1223.4
1432160 1213.8
1432170 1213.8
1432180 1204.0
1432190 1195.8
1432200 1195.8
1432210 1188.0
1432220 1181.8
1432230 1181.8
1432240 1178.5
1432250 1176.3
1432260 1176.3
1432270 1170.4
1432280 1164.1
1432290 1159.6
1432300 1159.6
1432310 1155.9
1432320 1152.9
1432330 1152.9
1432340 1149.6
1432350 1146.9
1432360 1146.9
1432370 1144.7
1432380 1140.7
1432390 1140.7
1432400 1136.9
1432410 1134.8
1432420 1134.8
1432430 1132.2
1432440 1128.6
1432450 1125.8
1432460 1125.8
1432470 1121.3
1432480 1116.5
1432490 1116.5
1432500 1109.9
1432510 1102.9
1432520 1102.9
1432530 1095.9
1432540 1089.3
1432550 1089.3
1432560 1083.6
1432570 1078.9
1432580 1078.9
1432590 1072.9
1432600 1066.1
1432610 1058.7
1432620 1058.7
1432630 1053.4
1432640 1049.0
1432650 1049.0
1432660 1046.7
1432670 1049.1
1432680 1049.1
1432690 1050.3
1432700 1048.3
1432710 1048.3
1432720 1045.9
1432730 1043.6
1432740 1043.6
1432750 1041.2
1432760 1038.7
1432770 1036.1
1432780 1036.1
1432790 1033.7
1432800 1031.5
1432810 1031.5
1432820 1029.2
1432830 1027.0
1432840 1027.0
1432850 1024.1
1432860 1018.2
1432870 1018.2
1432880 1011.1
1432890 1003.6
1432900 1003.6
1432910 998.1
1432920 994.2
1432930 989.2
1432940 989.2
1432950 984.6
1432960 980.4
1432970 980.4
1432980 977.5
1432990 975.1
1433000 975.1
1433010 973.6
1433020 974.9
1433030 974.9
1433040 978.3
1433050 982.4
1433060 982.4
1433070 988.2
1433080 994.9
1433090 999.4
1433100 999.4
1433110 1004.2
1433120 1006.0
1433130 1006.0
1433140 1007.0
1433150 1006.8
1433160 1006.8
1433170 1006.3
1433180 1006.7
1433190 1006.7
1433200 1007.7
1433210 1009.9
1433220 1009.9
1433230 1014.3
1433240 1019.0
1433250 1023.7
1433260 1023.7
1433270 1029.4
1433280 1033.8
1433290 1033.8
1433300 1036.7
1433310 1036.5
1433320 1036.5
1433330 1036.3
1433340 1034.2
1433350 1034.2
1433360 1034.9
1433370 1036.4
1433380 1036.4
1433390 1039.8
1433400 1044.8
1433410 1049.4
1433420 1049.4
1433430 1053.7
1433440 1057.2
1433450 1057.2
1433460 1061.4
1433470 1066.4
1433480 1066.4
1433490 1071.4
1433500 1074.9
1433510 1074.9
1433520 1077.8
1433530 1080.5
1433540 1080.5
1433550 1083.2
1433560 1085.3
1433570 1089.0
1433580 1089.0
1433590 1093.8
1433600 1100.0
1433610 1100.0
1433620 1103.3
1433630 1104.6
1433640 1104.6
1433650 1105.5
1433660 1107.5
1433670 1107.5
1433680 1110.3
1433690 1114.4
1433700 1114.4
1433710 1119.1
1433720 1122.7
1433730 1122.7
1433740 1125.7
1433750 1128.2
1433760 1129.0
1433770 1129.0
1433780 1130.0
1433790 1132.1
1433800 1132.1
1433810 1134.3
1433820 1136.6
1433830 1136.6
1433840 1138.8
1433850 1140.9
1433860 1140.9
1433870 1142.7
1433880 1144.6
1433890 1144.6
1433900 1146.5
1433910 1148.8
1433920 1151.0
1433930 1151.0
1433940 1152.8
1433950 1153.8
1433960 1153.8
1433970 1154.4
1433980 1154.9
1433990 1154.9
1434000 1155.2
1434010 1155.1
1434020 1155.1
1434030 1154.9
1434040 1154.4
1434050 1154.4
1434060 1154.7
1434070 1156.2
1434080 1156.1
1434090 1156.1
1434100 1157.4
1434110 1163.3
1434120 1163.3
1434130 1170.5
1434140 1178.1
1434150 1178.1
1434160 1184.7
1434170 1189.7
1434180 1189.7
1434190 1194.5
1434200 1197.1
1434210 1197.1
1434220 1199.7
1434230 1202.7
1434240 1205.6
1434250 1205.6
1434260 1209.2
1434270 1213.6
1434280 1213.6
1434290 1218.3
1434300 1222.8
1434310 1222.8
1434320 1226.4
1434330 1229.1
1434340 1229.1
1434350 1232.7
1434360 1239.8
1434370 1239.8
1434380 1245.8
1434390 1251.0
1434400 1256.3
1434410 1256.3
1434420 1261.9
1434430 1267.8
1434440 1267.8
1434450 1274.0
1434460 1280.3
1434470 1280.3
1434480 1286.6
1434490 1292.4
1434500 1292.4
1434510 1298.1
1434520 1303.5
1434530 1303.5
1434540 1308.6
1434550 1310.1
1434560 1308.9
1434570 1308.9
1434580 1312.4
1434590 1319.1
1434600 1319.1
1434610 1327.5
1434620 1334.4
1434630 1334.4
1434640 1339.4
1434650 1343.9
1434660 1343.9
1434670 1347.1
1434680 1350.1
1434690 1350.1
1434700 1352.9
1434710 1355.8
1434720 1359.7
1434730 1359.7
1434740 1363.8
1434750 1368.0
1434760 1368.0
1434770 1372.3
1434780 1376.4
1434790 1376.4
1434800 1380.5
1434810 1383.8
1434820 1383.8
1434830 1386.6
1434840 1388.8
1434850 1388.8
1434860 1390.4
1434870 1391.6
1434880 1392.6
1434890 1392.6
1434900 1393.4
1434910 1393.8
1434920 1393.8
1434930 1394.0
1434940 1394.2
1434950 1394.2
1434960 1394.3
1434970 1394.5
1434980 1394.5
1434990 1394.9
1435000 1396.1
1435010 1396.1
1435020 1396.4
1435030 1396.4
1435040 1395.7
1435050 1395.7
1435060 1392.8
1435070 1389.5
1435080 1389.5
1435090 1386.7
1435100 1383.1
1435110 1383.1
1435120 1379.0
1435130 1374.8
1435140 1374.8
1435150 1369.6
1435160 1365.9
1435170 1365.9
1435180 1361.0
1435190 1356.4
1435200 1353.5
1435210 1353.5
1435220 1352.8
1435230 1351.7
1435240 1351.7
1435250 1348.9
1435260 1348.3
1435270 1348.3
1435280 1349.8
1435290 1350.3
1435300 1350.3
1435310 1347.0
1435320 1339.3
1435330 1339.3
1435340 1331.4
1435350 1323.7
1435360 1316.8
1435370 1316.8
1435380 1309.6
1435390 1312.3
1435400 1312.3
1435410 1317.3
1435420 1321.2
1435430 1321.2
1435440 1327.8
1435450 1335.5
1435460 1335.5
1435470 1342.1
1435480 1346.7
1435490 1346.7
1435500 1349.2
1435510 1349.4
1435520 1349.0
1435530 1349.0
1435540 1350.8
1435550 1349.0
1435560 1349.0
1435570 1350.4
1435580 1349.9
1435590 1349.9
1435600 1347.5
1435610 1348.2
1435620 1348.2
1435630 1348.9
1435640 1349.2
1435650 1349.2
1435660 1350.1
1435670 1351.1
1435680 1351.5
1435690 1351.5
1435700 1351.6
1435710 1351.9
1435720 1351.9
1435730 1353.3
1435740 1354.8
1435750 1354.8
1435760 1355.2
1435770 1355.1
1435780 1355.1
1435790 1353.9
1435800 1353.9
1435810 1353.9
1435820 1355.9
1435830 1358.9
1435840 1362.0
1435850 1362.0
1435860 1365.9
1435870 1369.2
1435880 1369.2
1435890 1371.7
1435900 1375.1
1435910 1375.1
1435920 1379.4
1435930 1382.0
1435940 1382.0
1435950 1382.5
1435960 1384.4
1435970 1384.4
1435980 1386.7
1435990 1388.9
1436000 1390.8
1436010 1390.8
1436020 1392.5
1436030 1393.7
1436040 1393.7
1436050 1394.8
1436060 1396.4
1436070 1396.4
1436080 1398.6
1436090 1400.1
1436100 1400.1
1436110 1400.5
1436120 1400.0
1436130 1404.8
1436140 1404.4
1436150 1404.2
1436160 1403.9
1436170 1403.9
1436180 1403.3
1436190 1401.9
1436200 1401.9
1436210 1400.7
1436220 1399.9
1436230 1399.9
1436240 1398.2
1436250 1395.6
1436260 1395.6
1436270 1392.5
1436280 1388.7
1436290 1388.7
1436300 1384.9
1436310 1382.5
1436320 1380.4
1436330 1380.4
1436340 1375.6
1436350 1370.1
1436360 1370.1
1436370 1364.7
1436380 1358.4
1436390 1358.4
1436400 1352.4
1436410 1347.6
1436420 1347.6
1436430 1345.7
1436440 1344.8
1436450 1344.8
1436460 1346.3
1436470 1346.6
1436480 1344.4
1436490 1344.4
1436500 1344.4
1436510 1348.9
1436520 1348.9
1436530 1352.4
1436540 1355.7
1436550 1355.7
1436560 1360.4
1436570 1364.1
1436580 1364.1
1436590 1368.7
1436600 1374.6
1436610 1374.6
1436620 1379.5
1436630 1384.6
1436640 1390.3
1436650 1390.3
1436660 1396.4
1436670 1397.5
1436680 1397.5
1436690 1397.5
1436700 1398.2
1436710 1398.2
1436720 1398.6
1436730 1398.8
1436740 1398.8
1436750 1398.7
1436760 1399.0
1436770 1399.0
1436780 1399.7
1436790 1401.3
1436800 1403.4
1436810 1403.4
1436820 1404.1
1436830 1406.3
1436840 1406.3
1436850 1408.0
1436860 1408.4
1436870 1408.4
1436880 1407.7
1436890 1407.9
1436900 1407.9
1436910 1408.4
1436920 1409.2
1436930 1409.2
1436940 1410.7
1436950 1412.9
1436960 1414.9
1436970 1414.9
1436980 1415.6
1436990 1416.3
1437000 1416.3
1437010 1418.8
1437020 1421.6
1437030 1421.6
1437040 1422.3
1437050 1422.9
1437060 1422.9
1437070 1422.1
1437080 1417.7
1437090 1417.7
1437100 1419.9
1437110 1427.3
1437120 1427.3
1437130 1429.7
1437140 1429.9
1437150 1430.5
1437160 1430.5
1437170 1430.6
1437180 1430.2
1437190 1430.2
1437200 1430.0
1437210 1430.9
1437220 1430.9
1437230 1431.6
1437240 1432.7
1437250 1432.7
1437260 1435.0
1437270 1436.7
1437280 1436.7
1437290 1437.7
1437300 1438.4
1437310 1440.9
1437320 1440.9
1437330 1443.1
1437340 1443.7
1437350 1443.7
1437360 1445.0
1437370 1446.4
1437380 1446.4
1437390 1447.3
1437400 1448.3
1437410 1448.3
1437420 1448.4
1437430 1449.5
1437440 1449.5
1437450 1451.5
1437460 1450.8
1437470 1447.2
1437480 1447.2
1437490 1444.6
1437500 1449.7
1437510 1449.7
1437520 1458.0
1437530 1464.1
1437540 1464.1
1437550 1466.5
1437560 1468.3
1437570 1468.3
1437580 1469.3
1437590 1469.9
1437600 1469.9
1437610 1470.5
1437620 1472.2
1437630 1473.1
1437640 1473.1
1437650 1473.6
1437660 1476.6
1437670 1476.6
1437680 1478.6
1437690 1479.3
1437700 1479.3
1437710 1476.1
1437720 1470.1
1437730 1470.1
1437740 1464.7
1437750 1459.4
1437760 1459.4
1437770 1454.2
1437780 1454.1
1437790 1458.7
1437800 1458.7
1437810 1463.1
1437820 1468.6
1437830 1468.6
1437840 1475.0
1437850 1480.1
1437860 1480.1
1437870 1480.4
1437880 1479.3
1437890 1479.3
1437900 1478.2
1437910 1477.3
1437920 1477.3
1437930 1476.9
1437940 1476.3
1437950 1476.9
1437960 1476.9
1437970 1476.4
1437980 1475.4
1437990 1475.4
1438000 1474.6
1438010 1473.9
1438020 1473.9
1438030 1472.3
1438040 1466.6
1438050 1466.6
1438060 1457.8
1438070 1449.9
1438080 1449.9
1438090 1443.1
1438100 1437.0
1438110 1437.0
1438120 1437.0
1438130 1440.6
1438140 1441.3
1438150 1441.3
1438160 1442.5
1438170 1442.7
1438180 1442.7
1438190 1443.6
1438200 1446.1
1438210 1446.1
1438220 1446.7
1438230 1443.8
1438240 1443.8
1438250 1438.2
1438260 1433.7
1438270 1428.3
1438280 1428.3
1438290 1421.5
1438300 1415.7
1438310 1415.7
1438320 1410.6
1438330 1410.5
1438340 1410.5
1438350 1412.7
1438360 1414.5
1438370 1414.5
1438380 1415.6
1438390 1414.6
1438400 1414.6
1438410 1409.3
1438420 1402.6
1438430 1396.8
1438440 1396.8
1438450 1395.7
1438460 1399.7
1438470 1399.7
1438480 1400.5
1438490 1398.1
1438500 1398.1
1438510 1394.1
1438520 1388.7
1438530 1388.7
1438540 1385.6
1438550 1385.9
1438560 1385.9
1438570 1385.9
1438580 1386.3
1438590 1386.0
1438600 1386.0
1438610 1384.4
1438620 1383.7
1438630 1383.7
1438640 1382.4
1438650 1381.5
1438660 1381.5
1438670 1382.2
1438680 1380.5
1438690 1380.5
1438700 1376.9
1438710 1376.1
1438720 1376.1
1438730 1374.6
1438740 1370.6
1438750 1365.6
1438760 1365.6
1438770 1359.7
1438780 1355.3
1438790 1360.6
1438800 1358.4
1438810 1355.7
1438820 1355.7
1438830 1352.4
1438840 1349.8
1438850 1349.8
1438860 1348.1
1438870 1344.0
1438880 1344.0
1438890 1338.0
1438900 1333.4
1438910 1329.6
1438920 1329.6
1438930 1326.3
1438940 1323.9
1438950 1323.9
1438960 1321.5
1438970 1319.0
1438980 1319.0
1438990 1316.8
1439000 1314.5
1439010 1314.5
1439020 1312.5
1439030 1311.2
1439040 1311.2
1439050 1310.0
1439060 1309.7
1439070 1308.3
1439080 1308.3
1439090 1305.2
1439100 1302.1
1439110 1302.1
1439120 1298.4
1439130 1295.2
1439140 1295.2
1439150 1292.0
1439160 1288.2
1439170 1288.2
1439180 1285.3
1439190 1281.9
1439200 1281.9
1439210 1276.5
1439220 1269.6
1439230 1261.7
1439240 1261.7
1439250 1253.8
1439260 1246.0
1439270 1246.0
1439280 1238.4
1439290 1231.1
1439300 1231.1
1439310 1224.3
1439320 1218.2
1439330 1218.2
1439340 1209.9
1439350 1196.6
1439360 1196.6
1439370 1185.9
1439380 1177.3
1439390 1168.0
1439400 1168.0
1439410 1161.5
1439420 1157.5
1439430 1157.5
1439440 1152.5
1439450 1147.1
1439460 1147.1
1439470 1143.5
1439480 1136.8
1439490 1136.8
1439500 1132.3
1439510 1127.8
1439520 1127.8
1439530 1120.7
1439540 1111.8
1439550 1105.5
1439560 1105.5
1439570 1098.6
1439580 1095.7
1439590 1095.7
1439600 1094.5
1439610 1091.9
1439620 1091.9
1439630 1085.3
1439640 1077.9
1439650 1077.9
1439660 1070.8
1439670 1062.4
1439680 1062.4
1439690 1053.2
1439700 1045.1
1439710 1037.2
1439720 1037.2
1439730 1028.6
1439740 1019.4
1439750 1019.4
1439760 1012.5
1439770 1007.1
1439780 1007.1
1439790 1001.9
1439800 997.3
1439810 997.3
1439820 995.4
1439830 992.1
1439840 992.1
1439850 987.8
1439860 980.6
1439870 974.9
1439880 974.9
1439890 972.0
1439900 969.8
1439910 969.8
1439920 963.4
1439930 955.6
1439940 955.6
1439950 950.1
1439960 947.1
1439970 947.1
1439980 944.8
1439990 942.6
