1420000 1529.5
1420010 1526.5
1420020 1526.5
1420030 1521.6
1420040 1516.1
1420050 1516.1
1420060 1512.2
1420070 1508.8
1420080 1508.8
1420090 1502.7
1420100 1496.4
1420110 1496.4
1420120 1489.0
1420130 1481.1
1420140 1481.1
1420150 1473.5
1420160 1464.5
1420170 1451.9
1420180 1451.9
1420190 1439.1
1420200 1426.6
1420210 1426.6
1420220 1412.7
1420230 1400.0
1420240 1400.0
1420250 1393.6
1420260 1390.8
1420270 1390.8
1420280 1388.4
1420290 1388.3
1420300 1388.3
1420310 1390.9
1420320 1395.5
1420330 1400.0
1420340 1400.0
1420350 1405.6
1420360 1409.0
1420370 1409.0
1420380 1411.5
1420390 1417.9
1420400 1417.9
1420410 1422.7
1420420 1425.9
1420430 1425.9
1420440 1428.3
1420450 1433.4
1420460 1433.4
1420470 1439.2
1420480 1445.2
1420490 1445.2
1420500 1450.8
1420510 1456.6
1420520 1462.1
1420530 1462.1
1420540 1467.8
1420550 1474.5
1420560 1474.5
1420570 1481.6
1420580 1488.8
1420590 1488.8
1420600 1496.0
1420610 1502.4
1420620 1502.4
1420630 1510.7
1420640 1518.8
1420650 1518.8
1420660 1525.6
1420670 1532.8
1420680 1539.8
1420690 1539.8
1420700 1545.9
1420710 1553.5
1420720 1553.5
1420730 1562.4
1420740 1567.3
1420750 1567.3
1420760 1569.6
1420770 1573.6
1420780 1573.6
1420790 1579.9
1420800 1586.9
1420810 1586.9
1420820 1595.0
1420830 1601.9
1420840 1608.6
1420850 1608.6
1420860 1614.7
1420870 1621.1
1420880 1621.1
1420890 1627.6
1420900 1633.9
1420910 1633.9
1420920 1640.2
1420930 1646.7
1420940 1646.7
1420950 1651.7
1420960 1656.9
1420970 1656.9
1420980 1662.0
1420990 1666.3
1421000 1671.3
1421010 1671.3
1421020 1675.7
1421030 1678.9
1421040 1678.9
1421050 1682.4
1421060 1686.3
1421070 1686.3
1421080 1690.2
1421090 1694.0
1421100 1694.0
1421110 1698.1
1421120 1703.2
1421130 1703.2
1421140 1709.5
1421150 1716.1
1421160 1722.7
1421170 1722.7
1421180 1729.6
1421190 1736.5
1421200 1738.8
1421210 1746.5
1421220 1753.7
1421230 1753.7
1421240 1761.0
1421250 1767.7
1421260 1767.7
1421270 1774.5
1421280 1781.1
1421290 1781.1
1421300 1786.2
1421310 1791.2
1421320 1796.8
1421330 1796.8
1421340 1804.6
1421350 1814.6
1421360 1814.6
1421370 1837.3
1421380 1869.4
1421390 1869.4
1421400 1889.9
1421410 1906.1
1421420 1906.1
1421430 1920.4
1421440 1934.5
1421450 1934.5
1421460 1949.1
1421470 1957.6
1421480 1971.8
1421490 1971.8
1421500 1992.4
1421510 2005.0
1421520 2005.0
1421530 2007.7
1421540 2008.7
1421550 2008.7
1421560 2009.3
1421570 2009.7
1421580 2009.7
1421590 2008.1
1421600 2006.8
1421610 2006.8
1421620 2014.0
1421630 2026.9
1421640 2037.9
1421650 2037.9
1421660 2042.8
1421670 2047.6
1421680 2047.6
1421690 2053.3
1421700 2057.3
1421710 2057.3
1421720 2061.0
1421730 2066.3
1421740 2066.3
1421750 2078.5
1421760 2096.6
1421770 2096.6
1421780 2106.2
1421790 2111.6
1421800 2114.5
1421810 2114.5
1421820 2115.5
1421830 2115.2
1421840 2115.2
1421850 2113.0
1421860 2108.8
1421870 2108.8
1421880 2103.7
1421890 2100.1
1421900 2100.1
1421910 2095.4
1421920 2088.1
1421930 2088.1
1421940 2079.6
1421950 2070.0
1421960 2059.0
1421970 2059.0
1421980 2048.1
1421990 2034.4
1422000 2034.4
1422010 2016.8
1422020 2006.8
1422030 2006.8
1422040 1998.3
1422050 1988.7
1422060 1988.7
1422070 1978.9
1422080 1973.5
1422090 1973.5
1422100 1967.5
1422110 1960.8
1422120 1953.8
1422130 1953.8
1422140 1947.1
1422150 1940.6
1422160 1940.6
1422170 1934.2
1422180 1928.0
1422190 1928.0
1422200 1922.0
1422210 1915.8
1422220 1915.8
1422230 1909.8
1422240 1904.8
1422250 1904.8
1422260 1898.8
1422270 1891.9
1422280 1885.3
1422290 1885.3
1422300 1879.4
1422310 1874.1
1422320 1874.1
1422330 1867.8
1422340 1860.3
1422350 1860.3
1422360 1852.5
1422370 1844.7
1422380 1844.7
1422390 1838.0
1422400 1831.8
1422410 1831.8
1422420 1825.4
1422430 1818.2
1422440 1810.5
1422450 1810.5
1422460 1801.0
1422470 1792.9
1422480 1792.9
1422490 1785.6
1422500 1778.7
1422510 1778.7
1422520 1771.5
1422530 1766.3
1422540 1766.3
1422550 1761.8
1422560 1757.1
1422570 1757.1
1422580 1752.4
1422590 1747.3
1422600 1742.3
1422610 1742.3
1422620 1738.3
1422630 1735.3
1422640 1735.3
1422650 1732.4
1422660 1728.9
1422670 1728.9
1422680 1725.0
1422690 1720.9
1422700 1720.9
1422710 1717.3
1422720 1713.3
1422730 1713.3
1422740 1708.7
1422750 1704.1
1422760 1699.8
1422770 1699.8
1422780 1696.0
1422790 1692.1
1422800 1692.1
1422810 1689.1
1422820 1684.1
1422830 1684.1
1422840 1679.2
1422850 1675.4
1422860 1675.4
1422870 1669.9
1422880 1664.0
1422890 1664.0
1422900 1657.9
1422910 1650.3
1422920 1643.3
1422930 1643.3
1422940 1637.4
1422950 1632.6
1422960 1632.6
1422970 1629.2
1422980 1625.6
1422990 1625.6
1423000 1621.7
1423010 1617.4
1423020 1617.4
1423030 1611.6
1423040 1605.9
1423050 1605.9
1423060 1600.3
1423070 1595.7
1423080 1591.7
1423090 1591.7
1423100 1587.7
1423110 1582.9
1423120 1582.9
1423130 1578.4
1423140 1573.0
1423150 1573.0
1423160 1565.5
1423170 1557.3
1423180 1557.3
1423190 1547.6
1423200 1538.9
1423210 1538.9
1423220 1539.0
1423230 1528.7
1423240 1523.2
1423250 1523.2
1423260 1518.3
1423270 1514.2
1423280 1514.2
1423290 1511.4
1423300 1508.5
1423310 1508.5
1423320 1503.2
1423330 1496.6
1423340 1496.6
1423350 1489.5
1423360 1481.1
1423370 1481.1
1423380 1472.8
1423390 1467.3
1423400 1462.6
1423410 1462.6
1423420 1457.1
1423430 1451.3
1423440 1451.3
1423450 1445.5
1423460 1439.8
1423470 1439.8
1423480 1438.0
1423490 1436.3
1423500 1436.3
1423510 1434.4
1423520 1433.0
1423530 1433.0
1423540 1431.7
1423550 1431.1
1423560 1430.2
1423570 1430.2
1423580 1428.0
1423590 1425.6
1423600 1425.6
1423610 1423.7
1423620 1421.9
1423630 1421.9
1423640 1419.9
1423650 1417.2
1423660 1417.2
1423670 1414.9
1423680 1412.4
1423690 1412.4
1423700 1411.6
1423710 1414.3
1423720 1422.0
1423730 1422.0
1423740 1429.6
1423750 1436.3
1423760 1436.3
1423770 1442.8
1423780 1449.3
1423790 1449.3
1423800 1455.5
1423810 1462.4
1423820 1462.4
1423830 1469.3
1423840 1476.5
1423850 1476.5
1423860 1483.6
1423870 1491.2
1423880 1491.2
1423890 1499.3
1423900 1507.4
1423910 1515.6
1423920 1515.6
1423930 1523.2
1423940 1531.4
1423950 1531.4
1423960 1540.4
1423970 1549.4
1423980 1549.4
1423990 1558.4
1424000 1569.5
1424010 1569.5
1424020 1578.0
1424030 1584.8
1424040 1584.8
1424050 1592.7
1424060 1600.7
1424070 1607.8
1424080 1607.8
1424090 1614.0
1424100 1620.1
1424110 1620.1
1424120 1625.6
1424130 1631.8
1424140 1631.8
1424150 1638.2
1424160 1644.3
1424170 1644.3
1424180 1650.1
1424190 1657.2
1424200 1657.2
1424210 1664.9
1424220 1669.3
1424230 1674.6
1424240 1674.6
1424250 1679.9
1424260 1685.6
1424270 1685.6
1424280 1692.2
1424290 1699.0
1424300 1699.0
1424310 1705.5
1424320 1709.0
1424330 1709.0
1424340 1710.0
1424350 1713.9
1424360 1713.9
1424370 1717.5
1424380 1720.4
1424390 1723.9
1424400 1723.9
1424410 1729.1
1424420 1734.0
1424430 1734.0
1424440 1739.7
1424450 1749.2
1424460 1749.2
1424470 1758.2
1424480 1764.9
1424490 1764.9
1424500 1770.7
1424510 1776.6
1424520 1776.6
1424530 1783.0
1424540 1790.4
1424550 1795.8
1424560 1795.8
1424570 1800.1
1424580 1803.5
1424590 1803.5
1424600 1807.1
1424610 1811.5
1424620 1811.5
1424630 1817.0
1424640 1821.7
1424650 1821.7
1424660 1826.0
1424670 1831.3
1424680 1831.3
1424690 1836.1
1424700 1840.3
1424710 1843.7
1424720 1843.7
1424730 1848.1
1424740 1853.8
1424750 1853.8
1424760 1859.4
1424770 1863.1
1424780 1863.1
1424790 1867.8
1424800 1873.0
1424810 1873.0
1424820 1876.0
1424830 1880.8
1424840 1880.8
1424850 1884.9
1424860 1888.2
1424870 1892.4
1424880 1892.4
1424890 1897.4
1424900 1901.1
1424910 1901.1
1424920 1904.3
1424930 1908.0
1424940 1908.0
1424950 1911.7
1424960 1914.9
1424970 1914.9
1424980 1916.9
1424990 1919.9
1425000 1919.9
1425010 1922.1
1425020 1923.7
1425030 1926.6
1425040 1926.6
1425050 1930.0
1425060 1933.3
1425070 1933.3
1425080 1935.8
1425090 1937.1
1425100 1937.1
1425110 1937.7
1425120 1939.3
1425130 1939.3
1425140 1941.8
1425150 1945.7
1425160 1945.7
1425170 1949.0
1425180 1951.9
1425190 1956.1
1425200 1956.1
1425210 1960.9
1425220 1965.5
1425230 1965.5
1425240 1970.0
1425250 1974.3
1425260 1974.3
1425270 1977.7
1425280 1980.9
1425290 1980.9
1425300 1983.2
1425310 1985.5
1425320 1985.5
1425330 1986.7
1425340 1986.8
1425350 1985.9
1425360 1985.9
1425370 1985.4
1425380 1985.2
1425390 1985.2
1425400 1984.4
1425410 1983.3
1425420 1983.3
1425430 1982.2
1425440 1980.5
1425450 1980.5
1425460 1977.4
1425470 1974.1
1425480 1974.1
1425490 1970.6
1425500 1966.8
1425510 1963.3
1425520 1963.3
1425530 1960.2
1425540 1956.3
1425550 1956.3
1425560 1951.9
1425570 1947.3
1425580 1947.3
1425590 1941.3
1425600 1935.7
1425610 1935.7
1425620 1929.5
1425630 1921.9
1425640 1921.9
1425650 1912.6
1425660 1905.0
1425670 1898.1
1425680 1898.1
1425690 1891.7
1425700 1885.5
1425710 1885.5
1425720 1880.1
1425730 1875.1
1425740 1875.1
1425750 1870.2
1425760 1865.1
1425770 1865.1
1425780 1860.1
1425790 1855.0
1425800 1855.0
1425810 1849.9
1425820 1844.6
1425830 1839.4
1425840 1839.4
1425850 1834.5
1425860 1830.0
1425870 1830.0
1425880 1825.8
1425890 1821.9
1425900 1821.9
1425910 1818.7
1425920 1816.0
1425930 1816.0
1425940 1813.5
1425950 1811.4
1425960 1811.4
1425970 1809.6
1425980 1808.5
1425990 1807.3
1426000 1807.3
1426010 1805.9
1426020 1804.0
1426030 1804.0
1426040 1802.3
1426050 1800.8
1426060 1800.8
1426070 1799.5
1426080 1799.0
1426090 1799.0
1426100 1798.7
1426110 1798.2
1426120 1798.2
1426130 1797.5
1426140 1797.5
1426150 1799.2
1426160 1799.2
1426170 1801.8
1426180 1805.0
1426190 1805.0
1426200 1809.1
1426210 1814.1
1426220 1814.1
1426230 1818.8
1426240 1822.8
1426250 1822.8
1426260 1825.5
1426270 1828.7
1426280 1828.7
1426290 1833.3
1426300 1837.5
1426310 1841.0
1426320 1841.0
1426330 1847.4
1426340 1853.5
1426350 1853.5
1426360 1858.2
1426370 1860.5
1426380 1860.5
1426390 1866.4
1426400 1874.0
1426410 1874.0
1426420 1879.8
1426430 1881.5
1426440 1881.5
1426450 1884.7
1426460 1887.9
1426470 1890.1
1426480 1890.1
1426490 1895.5
1426500 1898.2
1426510 1898.2
1426520 1899.6
1426530 1901.6
1426540 1901.6
1426550 1903.3
1426560 1905.2
1426570 1905.2
1426580 1906.8
1426590 1902.5
1426600 1902.5
1426610 1900.7
1426620 1901.7
1426630 1901.8
1426640 1901.8
1426650 1901.7
1426660 1902.0
1426670 1902.0
1426680 1900.5
1426690 1899.9
1426700 1899.9
1426710 1899.2
1426720 1898.4
1426730 1898.4
1426740 1898.1
1426750 1898.5
1426760 1898.5
1426770 1899.1
1426780 1899.2
1426790 1899.0
1426800 1899.0
1426810 1898.1
1426820 1896.0
1426830 1896.0
1426840 1893.3
1426850 1890.8
1426860 1890.8
1426870 1888.9
1426880 1886.8
1426890 1886.8
1426900 1883.8
1426910 1880.9
1426920 1880.9
1426930 1878.6
1426940 1875.1
1426950 1869.1
1426960 1869.1
1426970 1862.9
1426980 1858.2
1426990 1858.2
1427000 1855.5
1427010 1852.1
1427020 1852.1
1427030 1848.5
1427040 1845.2
1427050 1845.2
1427060 1841.9
1427070 1838.6
1427080 1838.6
1427090 1835.8
1427100 1833.3
1427110 1831.9
1427120 1831.9
1427130 1830.3
1427140 1826.8
1427150 1826.8
1427160 1822.6
1427170 1818.2
1427180 1818.2
1427190 1814.1
1427200 1809.6
1427210 1809.6
1427220 1805.0
1427230 1800.4
1427240 1800.4
1427250 1796.1
1427260 1791.5
1427270 1791.5
1427280 1786.7
1427290 1781.4
1427300 1776.0
1427310 1776.0
1427320 1771.2
1427330 1766.6
1427340 1766.6
1427350 1761.9
1427360 1757.4
1427370 1757.4
1427380 1753.3
1427390 1748.3
1427400 1748.3
1427410 1743.1
1427420 1737.7
1427430 1737.7
1427440 1732.5
1427450 1727.0
1427460 1719.5
1427470 1719.5
1427480 1714.1
1427490 1708.7
1427500 1708.7
1427510 1702.9
1427520 1697.8
1427530 1697.8
1427540 1692.7
1427550 1688.1
1427560 1688.1
1427570 1683.6
1427580 1679.2
1427590 1679.2
1427600 1674.2
1427610 1669.6
1427620 1665.0
1427630 1665.0
1427640 1661.1
1427650 1658.1
1427660 1658.1
1427670 1654.0
1427680 1648.8
1427690 1648.8
1427700 1643.3
1427710 1637.8
1427720 1637.8
1427730 1632.0
1427740 1627.9
1427750 1627.9
1427760 1622.8
1427770 1616.3
1427780 1611.2
1427790 1611.2
1427800 1601.1
1427810 1592.9
1427820 1592.9
1427830 1589.0
1427840 1584.6
1427850 1584.6
1427860 1582.9
1427870 1579.0
1427880 1579.0
1427890 1575.5
1427900 1571.5
1427910 1571.5
1427920 1566.9
1427930 1562.6
1427940 1557.1
1427950 1557.1
1427960 1552.6
1427970 1546.1
1427980 1546.1
1427990 1536.2
1428000 1524.8
1428010 1524.8
1428020 1518.9
1428030 1512.4
1428040 1512.4
1428050 1504.7
1428060 1496.7
1428070 1496.7
1428080 1489.9
1428090 1485.4
1428100 1481.4
1428110 1481.4
1428120 1475.7
1428130 1468.0
1428140 1468.0
1428150 1461.2
1428160 1453.5
1428170 1453.5
1428180 1445.6
1428190 1437.2
1428200 1437.2
1428210 1429.0
1428220 1421.6
1428230 1421.6
1428240 1413.9
1428250 1406.0
1428260 1398.0
1428270 1398.0
1428280 1389.9
1428290 1383.1
1428300 1383.1
1428310 1375.2
1428320 1369.7
1428330 1369.7
1428340 1360.4
1428350 1351.5
1428360 1351.5
1428370 1343.6
1428380 1336.5
1428390 1336.5
1428400 1329.9
1428410 1325.0
1428420 1321.3
1428430 1321.3
1428440 1318.6
1428450 1317.6
1428460 1317.6
1428470 1316.3
1428480 1310.9
1428490 1310.9
1428500 1304.6
1428510 1297.2
1428520 1297.2
1428530 1289.9
1428540 1282.9
1428550 1282.9
1428560 1275.2
1428570 1268.2
1428580 1261.5
1428590 1261.5
1428600 1254.7
1428610 1248.0
1428620 1248.0
1428630 1241.7
1428640 1235.9
1428650 1235.9
1428660 1230.6
1428670 1225.9
1428680 1225.9
1428690 1224.5
1428700 1224.6
1428710 1224.6
1428720 1223.9
1428730 1218.5
1428740 1210.4
1428750 1210.4
1428760 1201.2
1428770 1193.6
1428780 1193.6
1428790 1189.2
1428800 1188.5
1428810 1188.5
1428820 1194.3
1428830 1201.8
1428840 1201.8
1428850 1209.5
1428860 1216.4
1428870 1216.4
1428880 1224.1
1428890 1232.8
1428900 1240.0
1428910 1240.0
1428920 1244.5
1428930 1250.0
1428940 1250.0
1428950 1257.1
1428960 1263.6
1428970 1263.6
1428980 1268.7
1428990 1274.5
1429000 1274.5
1429010 1281.8
1429020 1289.7
1429030 1289.7
1429040 1298.0
1429050 1305.2
1429060 1309.7
1429070 1309.7
1429080 1316.0
1429090 1325.2
1429100 1325.2
1429110 1333.3
1429120 1339.1
1429130 1339.1
1429140 1343.9
1429150 1348.1
1429160 1348.1
1429170 1352.1
1429180 1356.9
1429190 1356.9
1429200 1361.7
1429210 1366.3
1429220 1369.5
1429230 1369.5
1429240 1374.0
1429250 1376.7
1429260 1376.7
1429270 1382.2
1429280 1389.8
1429290 1389.8
1429300 1398.6
1429310 1408.7
1429320 1408.7
1429330 1419.4
1429340 1430.6
1429350 1430.6
1429360 1440.9
1429370 1449.7
1429380 1457.9
1429390 1457.9
1429400 1464.8
1429410 1472.4
1429420 1472.4
1429430 1479.8
1429440 1487.1
1429450 1487.1
1429460 1495.0
1429470 1503.3
1429480 1503.3
1429490 1511.5
1429500 1520.0
1429510 1520.0
1429520 1528.2
1429530 1535.9
1429540 1544.2
1429550 1544.2
1429560 1552.2
1429570 1558.8
1429580 1558.8
1429590 1565.4
1429600 1572.2
1429610 1572.2
1429620 1580.0
1429630 1587.7
1429640 1587.7
1429650 1592.6
1429660 1597.8
1429670 1597.8
1429680 1602.9
1429690 1607.9
1429700 1613.9
1429710 1618.2
1429720 1624.4
1429730 1629.5
1429740 1629.5
1429750 1633.5
1429760 1635.7
1429770 1635.7
1429780 1639.9
1429790 1645.5
1429800 1645.5
1429810 1649.9
1429820 1652.9
1429830 1652.9
1429840 1654.0
1429850 1656.5
1429860 1659.7
1429870 1659.7
1429880 1664.2
1429890 1670.0
1429900 1670.0
1429910 1674.4
1429920 1679.7
1429930 1679.7
1429940 1685.0
1429950 1690.3
1429960 1690.3
1429970 1697.0
1429980 1702.1
1429990 1702.1
1430000 1706.1
1430010 1710.2
1430020 1714.5
1430030 1714.5
1430040 1718.3
1430050 1722.5
1430060 1722.5
1430070 1726.4
1430080 1729.1
1430090 1729.1
1430100 1730.5
1430110 1733.0
1430120 1733.0
1430130 1734.0
1430140 1735.1
1430150 1735.1
1430160 1736.2
1430170 1736.1
1430180 1735.4
1430190 1735.4
1430200 1735.1
1430210 1735.0
1430220 1735.0
1430230 1735.2
1430240 1734.2
1430250 1734.2
1430260 1733.1
1430270 1732.4
1430280 1732.4
1430290 1732.1
1430300 1731.7
1430310 1731.7
1430320 1731.0
1430330 1729.7
1430340 1727.5
1430350 1727.5
1430360 1724.3
1430370 1720.7
1430380 1720.7
1430390 1719.0
1430400 1717.9
1430410 1717.9
1430420 1715.3
1430430 1714.8
1430440 1714.8
1430450 1712.6
1430460 1710.3
1430470 1710.3
1430480 1706.7
1430490 1699.8
1430500 1694.8
1430510 1694.8
1430520 1688.3
1430530 1679.8
1430540 1679.8
1430550 1672.5
1430560 1663.6
1430570 1663.6
1430580 1655.0
1430590 1647.9
1430600 1647.9
1430610 1641.0
1430620 1630.9
1430630 1630.9
1430640 1621.2
1430650 1613.6
1430660 1607.0
1430670 1607.0
1430680 1601.4
1430690 1596.0
1430700 1596.0
1430710 1591.0
1430720 1586.4
1430730 1586.4
1430740 1582.3
1430750 1580.1
1430760 1580.1
1430770 1577.3
1430780 1569.7
1430790 1569.7
1430800 1564.3
1430810 1561.5
1430820 1568.0
1430830 1568.0
1430840 1571.9
1430850 1573.9
1430860 1573.9
1430870 1575.2
1430880 1577.6
1430890 1577.6
1430900 1581.6
1430910 1585.4
1430920 1585.4
1430930 1590.0
1430940 1594.8
1430950 1594.8
1430960 1599.9
1430970 1605.9
1430980 1605.9
1430990 1610.8
1431000 1613.7
1431010 1616.9
1431020 1616.9
1431030 1621.1
1431040 1625.1
1431050 1625.1
1431060 1628.4
1431070 1630.8
1431080 1630.8
1431090 1632.7
1431100 1632.8
1431110 1632.8
1431120 1632.3
1431130 1631.4
1431140 1631.4
1431150 1630.4
1431160 1629.5
1431170 1628.5
1431180 1628.5
1431190 1627.5
1431200 1626.7
1431210 1626.7
1431220 1625.8
1431230 1624.5
1431240 1624.5
1431250 1623.2
1431260 1621.7
1431270 1621.7
1431280 1619.2
1431290 1616.0
1431300 1616.0
1431310 1612.3
1431320 1608.8
1431330 1603.0
1431340 1603.0
1431350 1595.4
1431360 1587.5
1431370 1587.5
1431380 1579.1
1431390 1573.3
1431400 1573.3
1431410 1568.4
1431420 1562.9
1431430 1562.9
1431440 1557.1
1431450 1547.5
1431460 1547.5
1431470 1537.8
1431480 1530.2
1431490 1524.0
1431500 1524.0
1431510 1519.0
1431520 1512.1
1431530 1512.1
1431540 1505.5
1431550 1500.9
1431560 1500.9
1431570 1494.6
1431580 1487.1
1431590 1487.1
1431600 1481.2
1431610 1474.2
1431620 1474.2
1431630 1466.3
1431640 1458.7
1431650 1451.1
1431660 1451.1
1431670 1443.8
1431680 1434.5
1431690 1434.5
1431700 1423.1
1431710 1413.5
1431720 1413.5
1431730 1404.3
1431740 1396.5
1431750 1396.5
1431760 1390.1
1431770 1383.8
1431780 1383.8
1431790 1375.9
1431800 1368.4
1431810 1361.6
1431820 1361.6
1431830 1357.4
1431840 1353.4
1431850 1353.4
1431860 1348.5
1431870 1343.9
1431880 1343.9
1431890 1339.6
1431900 1333.8
1431910 1333.8
1431920 1328.9
1431930 1326.6
1431940 1326.6
1431950 1322.1
1431960 1317.6
1431970 1314.2
1431980 1314.2
1431990 1310.7
1432000 1304.7
1432010 1304.7
1432020 1299.0
1432030 1294.3
1432040 1294.3
1432050 1287.9
1432060 1279.4
1432070 1279.4
1432080 1269.3
1432090 1259.7
1432100 1259.7
1432110 1251.7
1432120 1243.6
1432130 1235.7
1432140 1235.7
1432150 1228.8
1432160 1218.5
1432170 1218.5
1432180 1203.7
1432190 1195.9
1432200 1195.9
1432210 1190.5
1432220 1184.8
1432230 1184.8
1432240 1178.4
1432250 1174.0
1432260 1174.0
1432270 1168.6
1432280 1161.1
1432290 1153.6
1432300 1153.6
1432310 1148.6
1432320 1144.0
1432330 1144.0
1432340 1141.4
1432350 1139.7
1432360 1139.7
1432370 1137.4
1432380 1134.7
1432390 1134.7
1432400 1130.5
1432410 1128.2
1432420 1128.2
1432430 1125.8
1432440 1121.5
1432450 1119.0
1432460 1119.0
1432470 1115.9
1432480 1113.4
1432490 1113.4
1432500 1108.3
1432510 1102.3
1432520 1102.3
1432530 1096.2
1432540 1090.2
1432550 1090.2
1432560 1084.1
1432570 1077.4
1432580 1077.4
1432590 1069.3
1432600 1061.8
1432610 1056.6
1432620 1056.6
1432630 1053.4
1432640 1052.4
1432650 1052.4
1432660 1054.1
1432670 1054.8
1432680 1054.8
1432690 1052.6
1432700 1050.0
1432710 1050.0
1432720 1047.7
1432730 1045.0
1432740 1045.0
1432750 1042.1
1432760 1039.8
1432770 1037.1
1432780 1037.1
1432790 1034.6
1432800 1032.2
1432810 1032.2
1432820 1029.8
1432830 1027.5
1432840 1027.5
1432850 1025.7
1432860 1023.0
1432870 1023.0
1432880 1015.7
1432890 1007.6
1432900 1007.6
1432910 1002.5
1432920 997.8
1432930 992.2
1432940 992.2
1432950 987.5
1432960 983.5
1432970 983.5
1432980 981.0
1432990 977.5
1433000 977.5
1433010 973.3
1433020 972.5
1433030 972.5
1433040 974.7
1433050 977.8
1433060 977.8
1433070 983.8
1433080 988.4
1433090 993.7
1433100 993.7
1433110 999.2
1433120 1003.5
1433130 1003.5
1433140 1005.7
1433150 1005.6
1433160 1005.6
1433170 1005.5
1433180 1005.3
1433190 1005.3
1433200 1006.3
1433210 1008.4
1433220 1008.4
1433230 1012.4
1433240 1017.6
1433250 1022.7
1433260 1022.7
1433270 1028.1
1433280 1033.6
1433290 1033.6
1433300 1037.0
1433310 1034.7
1433320 1034.7
1433330 1033.8
1433340 1032.8
1433350 1032.8
1433360 1033.4
1433370 1035.3
1433380 1035.3
1433390 1040.2
1433400 1045.6
1433410 1049.9
1433420 1049.9
1433430 1052.5
1433440 1055.6
1433450 1055.6
1433460 1060.2
1433470 1065.2
1433480 1065.2
1433490 1069.5
1433500 1072.2
1433510 1072.2
1433520 1074.1
1433530 1076.3
1433540 1076.3
1433550 1078.9
1433560 1082.1
1433570 1086.8
1433580 1086.8
1433590 1091.1
1433600 1095.2
1433610 1095.2
1433620 1097.9
1433630 1098.4
1433640 1098.4
1433650 1099.0
1433660 1100.1
1433670 1100.1
1433680 1103.1
1433690 1107.5
1433700 1107.5
1433710 1111.3
1433720 1113.3
1433730 1114.5
1433740 1114.5
1433750 1118.3
1433760 1122.6
1433770 1122.6
1433780 1125.8
1433790 1128.5
1433800 1128.5
1433810 1131.1
1433820 1132.9
1433830 1132.9
1433840 1134.1
1433850 1136.4
1433860 1136.4
1433870 1137.7
1433880 1139.7
1433890 1142.2
1433900 1142.2
1433910 1142.4
1433920 1141.1
1433930 1141.1
1433940 1140.1
1433950 1140.4
1433960 1140.4
1433970 1141.1
1433980 1141.6
1433990 1141.6
1434000 1142.2
1434010 1142.5
1434020 1142.5
1434030 1143.8
1434040 1146.0
1434050 1146.6
1434060 1146.6
1434070 1147.4
1434080 1151.2
1434090 1151.2
1434100 1155.2
1434110 1159.4
1434120 1159.4
1434130 1165.9
1434140 1173.3
1434150 1173.3
1434160 1180.5
1434170 1186.1
1434180 1186.1
1434190 1188.2
1434200 1190.5
1434210 1190.5
1434220 1193.1
1434230 1195.1
1434240 1198.1
1434250 1198.1
1434260 1202.2
1434270 1206.3
1434280 1206.3
1434290 1209.9
1434300 1214.4
1434310 1214.4
1434320 1220.7
1434330 1226.4
1434340 1226.4
1434350 1231.7
1434360 1236.9
1434370 1236.9
1434380 1242.6
1434390 1248.1
1434400 1253.4
1434410 1253.4
1434420 1258.4
1434430 1263.5
1434440 1263.5
1434450 1269.3
1434460 1275.0
1434470 1275.0
1434480 1278.4
1434490 1279.4
1434500 1279.4
1434510 1285.7
1434520 1299.4
1434530 1299.4
1434540 1302.4
1434550 1301.5
1434560 1304.6
1434570 1304.6
1434580 1313.0
1434590 1321.0
1434600 1321.0
1434610 1327.7
1434620 1333.5
1434630 1333.5
1434640 1337.9
1434650 1341.6
1434660 1341.6
1434670 1344.6
1434680 1347.6
1434690 1347.6
1434700 1350.3
1434710 1353.2
1434720 1356.5
1434730 1356.5
1434740 1360.7
1434750 1365.1
1434760 1365.1
1434770 1369.5
1434780 1373.0
1434790 1373.0
1434800 1376.5
1434810 1379.8
1434820 1379.8
1434830 1382.6
1434840 1385.1
1434850 1385.1
1434860 1386.6
1434870 1387.6
1434880 1388.5
1434890 1388.5
1434900 1389.2
1434910 1389.7
1434920 1389.7
1434930 1390.1
1434940 1390.4
1434950 1390.4
1434960 1391.0
1434970 1390.9
1434980 1390.9
1434990 1391.5
1435000 1392.7
1435010 1392.7
1435020 1393.2
1435030 1393.5
1435040 1392.6
1435050 1392.6
1435060 1390.2
1435070 1387.0
1435080 1387.0
1435090 1383.7
1435100 1380.8
1435110 1380.8
1435120 1377.2
1435130 1371.8
1435140 1371.8
1435150 1367.1
1435160 1363.7
1435170 1363.7
1435180 1358.6
1435190 1354.1
1435200 1350.4
1435210 1350.4
1435220 1348.3
1435230 1346.5
1435240 1346.5
1435250 1344.5
1435260 1343.9
1435270 1343.9
1435280 1344.6
1435290 1345.0
1435300 1345.0
1435310 1343.3
1435320 1335.9
1435330 1335.9
1435340 1327.8
1435350 1320.3
1435360 1313.3
1435370 1313.3
1435380 1307.1
1435390 1307.0
1435400 1307.0
1435410 1311.8
1435420 1318.6
1435430 1318.6
1435440 1325.0
1435450 1331.7
1435460 1331.7
1435470 1338.3
1435480 1342.3
1435490 1342.3
1435500 1344.7
1435510 1345.1
1435520 1345.7
1435530 1345.7
1435540 1348.1
1435550 1345.1
1435560 1345.1
1435570 1345.5
1435580 1346.2
1435590 1346.2
1435600 1343.9
1435610 1343.6
1435620 1343.6
1435630 1344.3
1435640 1345.6
1435650 1345.6
1435660 1346.2
1435670 1346.6
1435680 1346.9
1435690 1346.9
1435700 1346.7
1435710 1347.3
1435720 1347.3
1435730 1348.7
1435740 1349.7
1435750 1349.7
1435760 1350.0
1435770 1349.8
1435780 1349.8
1435790 1348.7
1435800 1348.9
1435810 1348.9
1435820 1350.8
1435830 1354.0
1435840 1357.6
1435850 1357.6
1435860 1360.5
1435870 1363.0
1435880 1363.0
1435890 1365.5
1435900 1369.4
1435910 1369.4
1435920 1374.5
1435930 1376.9
1435940 1376.9
1435950 1376.7
1435960 1379.4
1435970 1379.4
1435980 1382.8
1435990 1384.9
1436000 1386.9
1436010 1386.9
1436020 1388.1
1436030 1389.5
1436040 1389.5
1436050 1390.9
1436060 1392.7
1436070 1392.7
1436080 1395.2
1436090 1396.5
1436100 1396.5
1436110 1396.2
1436120 1395.2
1436130 1395.2
1436140 1394.9
1436150 1393.9
1436160 1393.4
1436170 1393.4
1436180 1393.0
1436190 1391.6
1436200 1391.6
1436210 1390.0
1436220 1388.6
1436230 1388.6
1436240 1386.6
1436250 1383.3
1436260 1383.3
1436270 1380.2
1436280 1377.1
1436290 1377.1
1436300 1373.6
1436310 1372.8
1436320 1371.3
1436330 1371.3
1436340 1365.6
1436350 1360.4
1436360 1360.4
1436370 1356.1
1436380 1350.2
1436390 1350.2
1436400 1344.6
1436410 1340.0
1436420 1340.0
1436430 1337.3
1436440 1336.6
1436450 1336.6
1436460 1337.3
1436470 1337.1
1436480 1335.0
1436490 1335.0
1436500 1336.3
1436510 1340.4
1436520 1340.4
1436530 1342.7
1436540 1347.1
1436550 1347.1
1436560 1351.7
1436570 1354.6
1436580 1354.6
1436590 1359.2
1436600 1364.2
1436610 1364.2
1436620 1368.6
1436630 1373.7
1436640 1378.1
1436650 1378.1
1436660 1380.5
1436670 1381.9
1436680 1381.9
1436690 1383.1
1436700 1383.7
1436710 1383.7
1436720 1384.5
1436730 1384.8
1436740 1384.8
1436750 1384.9
1436760 1385.4
1436770 1385.4
1436780 1388.0
1436790 1390.7
1436800 1392.5
1436810 1392.5
1436820 1393.8
1436830 1395.8
1436840 1395.8
1436850 1396.8
1436860 1397.3
1436870 1397.3
1436880 1396.0
1436890 1395.3
1436900 1395.3
1436910 1395.7
1436920 1397.3
1436930 1397.3
1436940 1399.7
1436950 1402.0
1436960 1403.5
1436970 1403.5
1436980 1403.5
1436990 1401.8
1437000 1401.8
1437010 1401.3
1437020 1402.3
1437030 1402.3
1437040 1404.1
1437050 1405.6
1437060 1405.6
1437070 1405.6
1437080 1406.0
1437090 1410.9
1437100 1416.9
1437110 1421.2
1437120 1421.5
1437130 1421.5
1437140 1422.7
1437150 1423.0
1437160 1423.0
1437170 1423.5
1437180 1423.9
1437190 1423.9
1437200 1423.9
1437210 1425.2
1437220 1425.2
1437230 1425.8
1437240 1426.6
1437250 1426.6
1437260 1428.3
1437270 1429.9
1437280 1431.3
1437290 1431.3
1437300 1432.4
1437310 1434.2
1437320 1434.2
1437330 1435.8
1437340 1436.4
1437350 1436.4
1437360 1437.6
1437370 1438.7
1437380 1438.7
1437390 1439.5
1437400 1440.8
1437410 1440.8
1437420 1441.4
1437430 1443.5
1437440 1445.3
1437450 1445.3
1437460 1444.5
1437470 1440.2
1437480 1440.2
1437490 1439.4
1437500 1446.3
1437510 1446.3
1437520 1454.0
1437530 1457.8
1437540 1457.8
1437550 1459.6
1437560 1460.8
1437570 1460.8
1437580 1461.6
1437590 1461.5
1437600 1461.5
1437610 1462.6
1437620 1465.2
1437630 1466.1
1437640 1466.1
1437650 1467.8
1437660 1471.7
1437670 1471.7
1437680 1473.2
1437690 1473.0
1437700 1473.0
1437710 1469.7
1437720 1463.8
1437730 1463.8
1437740 1458.2
1437750 1453.2
1437760 1453.2
1437770 1448.3
1437780 1447.3
1437790 1451.8
1437800 1451.8
1437810 1457.1
1437820 1463.4
1437830 1463.4
1437840 1469.5
1437850 1473.0
1437860 1473.0
1437870 1473.9
1437880 1473.3
1437890 1473.3
1437900 1471.9
1437910 1470.7
1437920 1470.7
1437930 1469.8
1437940 1468.5
1437950 1469.2
1437960 1469.2
1437970 1469.3
1437980 1469.3
1437990 1469.3
1438000 1469.0
1438010 1468.3
1438020 1468.3
1438030 1466.6
1438040 1461.2
1438050 1461.2
1438060 1452.9
1438070 1444.0
1438080 1444.0
1438090 1436.8
1438100 1430.9
1438110 1429.1
1438120 1429.1
1438130 1432.6
1438140 1432.0
1438150 1432.0
1438160 1431.9
1438170 1433.3
1438180 1433.3
1438190 1435.6
1438200 1437.4
1438210 1437.4
1438220 1439.7
1438230 1438.9
1438240 1438.9
1438250 1433.6
1438260 1428.3
1438270 1424.5
1438280 1424.5
1438290 1417.4
1438300 1410.4
1438310 1410.4
1438320 1404.6
1438330 1401.4
1438340 1401.4
1438350 1403.1
1438360 1405.4
1438370 1405.4
1438380 1407.8
1438390 1407.5
1438400 1407.5
1438410 1403.9
1438420 1397.9
1438430 1391.1
1438440 1391.1
1438450 1387.5
1438460 1389.7
1438470 1389.7
1438480 1390.8
1438490 1389.5
1438500 1389.5
1438510 1387.6
1438520 1382.8
1438530 1382.8
1438540 1378.4
1438550 1377.4
1438560 1377.4
1438570 1377.6
1438580 1377.9
1438590 1377.7
1438600 1377.7
1438610 1375.5
1438620 1373.7
1438630 1373.7
1438640 1371.9
1438650 1372.3
1438660 1372.3
1438670 1373.5
1438680 1373.1
1438690 1373.1
1438700 1370.0
1438710 1368.2
1438720 1368.2
1438730 1368.3
1438740 1364.5
1438750 1360.3
1438760 1360.3
1438770 1355.5
1438780 1351.1
1438790 1351.1
1438800 1347.6
1438810 1345.2
1438820 1345.2
1438830 1342.5
1438840 1339.2
1438850 1339.2
1438860 1334.9
1438870 1330.1
1438880 1330.1
1438890 1325.8
1438900 1321.9
1438910 1319.2
1438920 1319.2
1438930 1316.7
1438940 1314.4
1438950 1314.4
1438960 1312.4
1438970 1310.8
1438980 1310.8
1438990 1308.7
1439000 1306.9
1439010 1306.9
1439020 1305.2
1439030 1303.5
1439040 1303.5
1439050 1301.7
1439060 1299.8
1439070 1298.0
1439080 1298.0
1439090 1295.8
1439100 1293.1
1439110 1293.1
1439120 1289.9
1439130 1286.3
1439140 1286.3
1439150 1282.6
1439160 1279.9
1439170 1279.9
1439180 1276.2
1439190 1271.3
1439200 1271.3
1439210 1265.7
1439220 1259.0
1439230 1252.1
1439240 1252.1
1439250 1245.1
1439260 1237.5
1439270 1237.5
1439280 1229.8
1439290 1221.8
1439300 1221.8
1439310 1213.6
1439320 1203.6
1439330 1203.6
1439340 1192.2
1439350 1182.5
1439360 1182.5
1439370 1173.9
1439380 1166.0
1439390 1157.9
1439400 1157.9
1439410 1149.5
1439420 1140.4
1439430 1140.4
1439440 1133.0
1439450 1126.9
1439460 1126.9
1439470 1122.9
1439480 1120.7
1439490 1120.7
1439500 1115.4
1439510 1111.9
1439520 1111.9
1439530 1105.2
1439540 1097.1
1439550 1089.8
1439560 1089.8
1439570 1085.0
1439580 1080.4
1439590 1080.4
1439600 1076.6
1439610 1073.7
1439620 1073.7
1439630 1068.5
1439640 1061.1
1439650 1061.1
1439660 1055.7
1439670 1048.5
1439680 1048.5
1439690 1040.7
1439700 1033.5
1439710 1028.3
1439720 1028.3
1439730 1026.7
1439740 1024.9
1439750 1024.9
1439760 1021.7
1439770 1015.7
1439780 1015.7
1439790 1011.6
1439800 1007.8
1439810 1007.0
1439820 1004.1
1439830 1001.0
1439840 1001.0
1439850 996.2
1439860 989.4
1439870 980.8
1439880 980.8
1439890 971.6
1439900 966.4
1439910 966.4
1439920 961.8
1439930 957.3
1439940 957.3
1439950 955.3
1439960 950.9
1439970 950.9
1439980 945.1
1439990 942.5
