1420000 1577.5
1420010 1559.5
1420020 1559.5
1420030 1524.9
1420040 1507.6
1420050 1495.2
1420060 1495.2
1420070 1475.0
1420080 1461.6
1420090 1461.6
1420100 1454.2
1420110 1443.7
1420120 1443.7
1420130 1432.1
1420140 1418.5
1420150 1418.5
1420160 1408.9
1420170 1402.7
1420180 1402.7
1420190 1397.8
1420200 1391.5
1420210 1386.1
1420220 1386.1
1420230 1382.3
1420240 1379.3
1420250 1379.3
1420260 1377.4
1420270 1375.2
1420280 1375.2
1420290 1373.1
1420300 1369.5
1420310 1369.5
1420320 1366.4
1420330 1363.4
1420340 1363.4
1420350 1360.2
1420360 1356.9
1420370 1353.4
1420380 1353.4
1420390 1350.6
1420400 1349.6
1420410 1349.6
1420420 1351.2
1420430 1358.0
1420440 1358.0
1420450 1365.2
1420460 1372.7
1420470 1379.0
1420480 1385.6
1420490 1390.9
1420500 1390.9
1420510 1396.1
1420520 1401.1
1420530 1405.1
1420540 1405.1
1420550 1408.6
1420560 1412.4
1420570 1412.4
1420580 1415.8
1420590 1418.7
1420600 1418.7
1420610 1420.7
1420620 1423.7
1420630 1423.7
1420640 1426.8
1420650 1428.9
1420660 1428.9
1420670 1431.2
1420680 1432.5
1420690 1432.2
1420700 1432.2
1420710 1431.5
1420720 1430.4
1420730 1430.4
1420740 1429.7
1420750 1431.4
1420760 1431.4
1420770 1435.3
1420780 1438.9
1420790 1438.9
1420800 1442.7
1420810 1447.8
1420820 1447.8
1420830 1453.0
1420840 1458.9
1420850 1464.2
1420860 1464.2
1420870 1473.4
1420880 1482.6
1420890 1482.6
1420900 1489.4
1420910 1496.4
1420920 1496.4
1420930 1505.0
1420940 1513.8
1420950 1513.8
1420960 1530.0
1420970 1551.8
1420980 1551.8
1420990 1556.8
1421000 1553.3
1421010 1555.1
1421020 1555.1
1421030 1564.9
1421040 1587.2
1421050 1587.2
1421060 1601.6
1421070 1614.0
1421080 1614.0
1421090 1624.4
1421100 1632.8
1421110 1632.8
1421120 1640.7
1421130 1647.2
1421140 1647.2
1421150 1652.8
1421160 1657.2
1421170 1657.2
1421180 1655.5
1421190 1653.2
1421200 1651.4
1421210 1651.4
1421220 1659.3
1421230 1668.3
1421240 1668.3
1421250 1679.7
1421260 1692.8
1421270 1692.8
1421280 1707.6
1421290 1727.6
1421300 1727.6
1421310 1740.8
1421320 1745.5
1421330 1745.5
1421340 1754.4
1421350 1760.8
1421360 1763.6
1421370 1763.6
1421380 1770.7
1421390 1778.6
1421400 1778.6
1421410 1787.4
1421420 1796.3
1421430 1796.3
1421440 1804.9
1421450 1810.2
1421460 1810.2
1421470 1815.6
1421480 1823.7
1421490 1823.7
1421500 1825.9
1421510 1830.0
1421520 1833.3
1421530 1833.3
1421540 1836.3
1421550 1841.5
1421560 1841.5
1421570 1848.0
1421580 1857.0
1421590 1857.0
1421600 1865.8
1421610 1870.7
1421620 1870.7
1421630 1876.5
1421640 1883.8
1421650 1883.8
1421660 1891.5
1421670 1899.6
1421680 1909.1
1421690 1909.1
1421700 1921.7
1421710 1935.0
1421720 1935.0
1421730 1944.6
1421740 1955.1
1421750 1955.1
1421760 1972.6
1421770 1989.7
1421780 1989.7
1421790 1996.2
1421800 2003.3
1421810 2003.3
1421820 2011.3
1421830 2019.2
1421840 2027.1
1421850 2027.1
1421860 2035.5
1421870 2040.8
1421880 2040.8
1421890 2041.6
1421900 2040.4
1421910 2040.4
1421920 2043.2
1421930 2055.6
1421940 2055.6
1421950 2065.1
1421960 2068.2
1421970 2068.2
1421980 2068.7
1421990 2070.9
1422000 2072.0
1422010 2072.0
1422020 2070.8
1422030 2067.3
1422040 2067.3
1422050 2064.1
1422060 2061.0
1422070 2061.0
1422080 2057.4
1422090 2049.4
1422100 2049.4
1422110 2039.5
1422120 2029.9
1422130 2029.9
1422140 2022.2
1422150 2014.6
1422160 2007.8
1422170 2007.8
1422180 2000.5
1422190 1991.2
1422200 1991.2
1422210 1985.1
1422220 1978.9
1422230 1978.9
1422240 1971.6
1422250 1963.9
1422260 1963.9
1422270 1957.4
1422280 1950.5
1422290 1950.5
1422300 1941.3
1422310 1933.2
1422320 1927.3
1422330 1927.3
1422340 1922.0
1422350 1916.2
1422360 1916.2
1422370 1911.0
1422380 1906.0
1422390 1906.0
1422400 1900.4
1422410 1894.1
1422420 1894.1
1422430 1887.8
1422440 1880.6
1422450 1880.6
1422460 1864.9
1422470 1856.9
1422480 1848.5
1422490 1848.5
1422500 1841.3
1422510 1835.8
1422520 1835.8
1422530 1829.2
1422540 1821.8
1422550 1821.8
1422560 1815.2
1422570 1811.4
1422580 1811.4
1422590 1808.4
1422600 1805.2
1422610 1805.2
1422620 1802.2
1422630 1799.2
1422640 1796.7
1422650 1796.7
1422660 1794.0
1422670 1791.5
1422680 1791.5
1422690 1789.2
1422700 1785.8
1422710 1785.8
1422720 1781.5
1422730 1776.6
1422740 1776.6
1422750 1771.6
1422760 1766.4
1422770 1766.4
1422780 1761.0
1422790 1756.4
1422800 1752.1
1422810 1752.1
1422820 1748.7
1422830 1745.5
1422840 1745.5
1422850 1742.3
1422860 1739.0
1422870 1739.0
1422880 1736.2
1422890 1733.3
1422900 1733.3
1422910 1730.3
1422920 1725.9
1422930 1725.9
1422940 1715.8
1422950 1708.0
1422960 1700.8
1422970 1700.8
1422980 1693.8
1422990 1686.0
1423000 1686.0
1423010 1679.3
1423020 1673.0
1423030 1673.0
1423040 1666.5
1423050 1659.5
1423060 1659.5
1423070 1652.6
1423080 1645.7
1423090 1645.7
1423100 1640.3
1423110 1635.8
1423120 1630.8
1423130 1630.8
1423140 1625.4
1423150 1620.2
1423160 1620.2
1423170 1614.7
1423180 1608.0
1423190 1608.0
1423200 1601.0
1423210 1594.1
1423220 1594.1
1423230 1587.5
1423240 1581.7
1423250 1581.7
1423260 1576.2
1423270 1570.1
1423280 1562.3
1423290 1562.3
1423300 1554.3
1423310 1546.3
1423320 1546.3
1423330 1535.9
1423340 1528.7
1423350 1528.7
1423360 1526.4
1423370 1521.4
1423380 1521.4
1423390 1516.7
1423400 1506.7
1423410 1506.7
1423420 1496.2
1423430 1485.2
1423440 1472.8
1423450 1472.8
1423460 1465.2
1423470 1457.4
1423480 1457.4
1423490 1449.6
1423500 1441.6
1423510 1441.6
1423520 1434.3
1423530 1427.1
1423540 1427.1
1423550 1420.3
1423560 1413.5
1423570 1413.5
1423580 1407.1
1423590 1400.8
1423600 1394.7
1423610 1394.7
1423620 1389.4
1423630 1383.2
1423640 1383.2
1423650 1378.2
1423660 1374.0
1423670 1374.0
1423680 1371.7
1423690 1369.6
1423700 1369.6
1423710 1365.2
1423720 1361.1
1423730 1361.1
1423740 1366.1
1423750 1368.9
1423760 1371.3
1423770 1371.3
1423780 1375.8
1423790 1384.4
1423800 1384.4
1423810 1393.0
1423820 1401.6
1423830 1401.6
1423840 1408.9
1423850 1416.2
1423860 1416.2
1423870 1423.1
1423880 1430.3
1423890 1430.3
1423900 1436.3
1423910 1441.7
1423920 1441.7
1423930 1446.5
1423940 1452.5
1423950 1456.9
1423960 1456.9
1423970 1460.0
1423980 1463.4
1423990 1463.4
1424000 1465.7
1424010 1466.4
1424020 1466.4
1424030 1466.6
1424040 1470.6
1424050 1470.6
1424060 1475.2
1424070 1476.7
1424080 1476.7
1424090 1479.8
1424100 1482.6
1424110 1486.2
1424120 1486.2
1424130 1489.6
1424140 1491.5
1424150 1491.5
1424160 1495.5
1424170 1501.4
1424180 1501.4
1424190 1508.6
1424200 1517.2
1424210 1517.2
1424220 1524.4
1424230 1529.5
1424240 1529.5
1424250 1532.3
1424260 1535.8
1424270 1538.4
1424280 1538.4
1424290 1540.5
1424300 1542.9
1424310 1542.9
1424320 1546.3
1424330 1549.2
1424340 1549.2
1424350 1553.7
1424360 1555.4
1424370 1555.4
1424380 1557.1
1424390 1559.7
1424400 1559.7
1424410 1564.6
1424420 1571.8
1424430 1581.3
1424440 1581.3
1424450 1587.8
1424460 1590.7
1424470 1590.7
1424480 1593.0
1424490 1597.6
1424500 1597.6
1424510 1605.9
1424520 1612.2
1424530 1612.2
1424540 1616.9
1424550 1621.1
1424560 1621.1
1424570 1624.6
1424580 1628.4
1424590 1632.7
1424600 1632.7
1424610 1636.7
1424620 1639.7
1424630 1639.7
1424640 1642.8
1424650 1646.6
1424660 1646.6
1424670 1650.3
1424680 1654.8
1424690 1654.8
1424700 1658.2
1424710 1662.4
1424720 1662.4
1424730 1665.1
1424740 1667.8
1424750 1671.1
1424760 1671.1
1424770 1673.5
1424780 1675.0
1424790 1675.0
1424800 1676.7
1424810 1678.7
1424820 1678.7
1424830 1680.6
1424840 1682.1
1424850 1682.1
1424860 1682.6
1424870 1681.6
1424880 1681.6
1424890 1680.5
1424900 1683.1
1424910 1687.3
1424920 1687.3
1424930 1690.6
1424940 1693.6
1424950 1693.6
1424960 1697.9
1424970 1704.7
1424980 1704.7
1424990 1712.1
1425000 1719.3
1425010 1719.3
1425020 1725.7
1425030 1731.9
1425040 1731.9
1425050 1735.4
1425060 1739.0
1425070 1743.5
1425080 1743.5
1425090 1747.7
1425100 1752.0
1425110 1752.0
1425120 1755.4
1425130 1759.1
1425140 1759.1
1425150 1761.4
1425160 1763.3
1425170 1763.3
1425180 1766.0
1425190 1768.9
1425200 1768.9
1425210 1771.7
1425220 1775.7
1425230 1780.4
1425240 1780.4
1425250 1784.2
1425260 1789.4
1425270 1789.4
1425280 1801.1
1425290 1806.9
1425300 1806.9
1425310 1810.4
1425320 1815.1
1425330 1815.1
1425340 1821.3
1425350 1825.3
1425360 1825.3
1425370 1827.9
1425380 1829.7
1425390 1832.9
1425400 1832.9
1425410 1835.8
1425420 1837.9
1425430 1837.9
1425440 1840.3
1425450 1842.3
1425460 1842.3
1425470 1844.8
1425480 1845.7
1425490 1845.7
1425500 1847.2
1425510 1850.5
1425520 1850.5
1425530 1852.2
1425540 1856.6
1425550 1859.8
1425560 1859.8
1425570 1859.9
1425580 1861.5
1425590 1861.5
1425600 1864.1
1425610 1865.9
1425620 1865.9
1425630 1867.0
1425640 1867.4
1425650 1867.4
1425660 1868.4
1425670 1869.9
1425680 1869.9
1425690 1871.8
1425700 1874.2
1425710 1874.6
1425720 1874.6
1425730 1874.3
1425740 1873.6
1425750 1873.6
1425760 1871.8
1425770 1869.7
1425780 1869.7
1425790 1868.2
1425800 1866.8
1425810 1866.8
1425820 1865.0
1425830 1861.7
1425840 1861.7
1425850 1855.8
1425860 1849.5
1425870 1841.5
1425880 1841.5
1425890 1833.4
1425900 1827.3
1425910 1827.3
1425920 1821.0
1425930 1814.2
1425940 1814.2
1425950 1806.0
1425960 1798.4
1425970 1798.4
1425980 1791.4
1425990 1785.6
1426000 1785.6
1426010 1780.6
1426020 1774.8
1426030 1768.7
1426040 1768.7
1426050 1759.3
1426060 1748.2
1426070 1748.2
1426080 1737.3
1426090 1729.2
1426100 1729.2
1426110 1721.9
1426120 1715.5
1426130 1715.5
1426140 1711.0
1426150 1706.9
1426160 1706.9
1426170 1705.4
1426180 1704.6
1426190 1703.2
1426200 1703.2
1426210 1701.4
1426220 1700.2
1426230 1700.2
1426240 1700.6
1426250 1703.3
1426260 1703.3
1426270 1704.5
1426280 1703.9
1426290 1703.9
1426300 1703.0
1426310 1701.2
1426320 1701.2
1426330 1698.4
1426340 1698.0
1426350 1696.8
1426360 1696.8
1426370 1693.4
1426380 1689.8
1426390 1689.8
1426400 1686.3
1426410 1686.7
1426420 1686.7
1426430 1686.4
1426440 1684.8
1426450 1684.8
1426460 1683.1
1426470 1681.8
1426480 1681.8
1426490 1681.0
1426500 1681.9
1426510 1684.2
1426520 1684.2
1426530 1687.4
1426540 1691.4
1426550 1691.4
1426560 1694.7
1426570 1696.3
1426580 1696.3
1426590 1699.4
1426600 1703.7
1426610 1703.7
1426620 1709.4
1426630 1715.7
1426640 1719.3
1426650 1726.5
1426660 1734.6
1426670 1734.6
1426680 1742.6
1426690 1752.1
1426700 1761.5
1426710 1761.5
1426720 1769.0
1426730 1775.2
1426740 1775.2
1426750 1783.4
1426760 1792.5
1426770 1792.5
1426780 1800.8
1426790 1806.7
1426800 1806.7
1426810 1809.5
1426820 1812.8
1426830 1812.8
1426840 1817.6
1426850 1821.6
1426860 1824.5
1426870 1824.5
1426880 1827.7
1426890 1830.7
1426900 1830.7
1426910 1832.7
1426920 1833.0
1426930 1833.0
1426940 1833.0
1426950 1833.0
1426960 1833.0
1426970 1833.4
1426980 1833.4
1426990 1833.4
1427000 1832.9
1427010 1832.4
1427020 1832.2
1427030 1832.2
1427040 1831.6
1427050 1831.0
1427060 1831.0
1427070 1830.9
1427080 1830.8
1427090 1830.8
1427100 1830.5
1427110 1830.3
1427120 1830.3
1427130 1830.0
1427140 1829.9
1427150 1829.9
1427160 1830.4
1427170 1831.0
1427180 1831.4
1427190 1831.4
1427200 1831.6
1427210 1830.7
1427220 1830.7
1427230 1829.2
1427240 1827.7
1427250 1827.7
1427260 1826.0
1427270 1825.1
1427280 1825.1
1427290 1824.1
1427300 1822.5
1427310 1822.5
1427320 1820.8
1427330 1818.5
1427340 1815.5
1427350 1815.5
1427360 1811.4
1427370 1808.4
1427380 1808.4
1427390 1804.0
1427400 1797.7
1427410 1797.7
1427420 1790.8
1427430 1783.6
1427440 1783.6
1427450 1778.3
1427460 1773.3
1427470 1773.3
1427480 1768.6
1427490 1764.6
1427500 1760.6
1427510 1760.6
1427520 1758.3
1427530 1753.6
1427540 1753.6
1427550 1747.5
1427560 1741.9
1427570 1741.9
1427580 1735.4
1427590 1729.3
1427600 1729.3
1427610 1722.5
1427620 1715.5
1427630 1715.5
1427640 1708.4
1427650 1701.7
1427660 1695.3
1427670 1695.3
1427680 1688.7
1427690 1681.7
1427700 1681.7
1427710 1675.5
1427720 1670.2
1427730 1670.2
1427740 1663.8
1427750 1656.7
1427760 1656.7
1427770 1650.9
1427780 1644.2
1427790 1644.2
1427800 1636.8
1427810 1631.5
1427820 1624.6
1427830 1624.6
1427840 1619.4
1427850 1613.7
1427860 1613.7
1427870 1606.5
1427880 1599.6
1427890 1599.6
1427900 1592.2
1427910 1584.3
1427920 1584.3
1427930 1576.1
1427940 1569.1
1427950 1569.1
1427960 1560.8
1427970 1553.9
1427980 1547.2
1427990 1547.2
1428000 1540.6
1428010 1534.1
1428020 1534.1
1428030 1527.1
1428040 1520.9
1428050 1520.9
1428060 1515.2
1428070 1509.0
1428080 1509.0
1428090 1502.9
1428100 1496.1
1428110 1496.1
1428120 1488.9
1428130 1483.8
1428140 1477.9
1428150 1477.9
1428160 1471.4
1428170 1464.2
1428180 1464.2
1428190 1457.8
1428200 1451.7
1428210 1451.7
1428220 1446.3
1428230 1440.8
1428240 1440.8
1428250 1434.4
1428260 1427.4
1428270 1427.4
1428280 1420.8
1428290 1414.7
1428300 1409.4
1428310 1409.4
1428320 1404.7
1428330 1401.0
1428340 1401.0
1428350 1397.3
1428360 1393.0
1428370 1393.0
1428380 1387.9
1428390 1381.3
1428400 1381.3
1428410 1374.6
1428420 1368.0
1428430 1368.0
1428440 1361.6
1428450 1355.3
1428460 1349.0
1428470 1349.0
1428480 1342.5
1428490 1338.0
1428500 1338.0
1428510 1331.0
1428520 1325.1
1428530 1325.1
1428540 1319.4
1428550 1313.3
1428560 1313.3
1428570 1307.0
1428580 1300.7
1428590 1300.7
1428600 1293.6
1428610 1286.5
1428620 1279.4
1428630 1279.4
1428640 1273.5
1428650 1267.3
1428660 1267.3
1428670 1261.4
1428680 1256.8
1428690 1256.8
1428700 1251.0
1428710 1243.9
1428720 1243.9
1428730 1236.5
1428740 1229.3
1428750 1229.3
1428760 1221.8
1428770 1214.6
1428780 1207.4
1428790 1207.4
1428800 1200.1
1428810 1193.2
1428820 1193.2
1428830 1186.2
1428840 1177.8
1428850 1177.8
1428860 1174.1
1428870 1167.1
1428880 1167.1
1428890 1158.2
1428900 1148.0
1428910 1148.0
1428920 1149.4
1428930 1155.3
1428940 1159.9
1428950 1159.9
1428960 1160.7
1428970 1163.3
1428980 1163.3
1428990 1168.4
1429000 1175.2
1429010 1175.2
1429020 1181.6
1429030 1185.7
1429040 1185.7
1429050 1189.1
1429060 1194.5
1429070 1194.5
1429080 1199.0
1429090 1203.4
1429100 1208.8
1429110 1208.8
1429120 1216.3
1429130 1225.0
1429140 1225.0
1429150 1232.9
1429160 1240.1
1429170 1240.1
1429180 1246.7
1429190 1252.8
1429200 1252.8
1429210 1258.8
1429220 1266.0
1429230 1266.0
1429240 1274.4
1429250 1286.2
1429260 1297.0
1429270 1297.0
1429280 1306.2
1429290 1315.2
1429300 1315.2
1429310 1324.7
1429320 1334.8
1429330 1334.8
1429340 1342.6
1429350 1349.9
1429360 1349.9
1429370 1357.5
1429380 1364.5
1429390 1364.5
1429400 1370.9
1429410 1377.8
1429420 1384.0
1429430 1384.0
1429440 1390.5
1429450 1397.4
1429460 1397.4
1429470 1403.9
1429480 1410.3
1429490 1410.3
1429500 1416.8
1429510 1423.7
1429520 1423.7
1429530 1430.8
1429540 1437.5
1429550 1437.5
1429560 1443.9
1429570 1449.8
1429580 1456.2
1429590 1456.2
1429600 1464.0
1429610 1472.2
1429620 1472.2
1429630 1480.2
1429640 1485.7
1429650 1485.7
1429660 1491.1
1429670 1496.7
1429680 1496.7
1429690 1503.2
1429700 1507.8
1429710 1507.8
1429720 1509.5
1429730 1514.9
1429740 1514.9
1429750 1520.3
1429760 1525.8
1429770 1530.7
1429780 1530.7
1429790 1535.1
1429800 1539.2
1429810 1539.2
1429820 1543.2
1429830 1547.2
1429840 1547.2
1429850 1550.5
1429860 1553.6
1429870 1553.6
1429880 1557.0
1429890 1558.9
1429900 1558.9
1429910 1560.6
1429920 1564.9
1429930 1568.0
1429940 1568.0
1429950 1569.3
1429960 1573.3
1429970 1573.3
1429980 1577.5
1429990 1581.0
1430000 1581.0
1430010 1583.8
1430020 1587.3
1430030 1587.3
1430040 1590.0
1430050 1590.5
1430060 1590.5
1430070 1592.0
1430080 1594.0
1430090 1596.0
1430100 1596.0
1430110 1598.8
1430120 1601.6
1430130 1601.6
1430140 1604.5
1430150 1607.4
1430160 1607.4
1430170 1608.8
1430180 1610.7
1430190 1610.7
1430200 1611.7
1430210 1612.3
1430220 1612.3
1430230 1612.7
1430240 1612.2
1430250 1611.3
1430260 1611.3
1430270 1610.8
1430280 1610.7
1430290 1610.7
1430300 1610.4
1430310 1610.0
1430320 1610.0
1430330 1607.9
1430340 1605.3
1430350 1605.3
1430360 1603.1
1430370 1600.9
1430380 1600.9
1430390 1598.2
1430400 1594.5
1430410 1588.9
1430420 1588.9
1430430 1580.8
1430440 1572.0
1430450 1572.0
1430460 1563.9
1430470 1555.9
1430480 1555.9
1430490 1549.9
1430500 1544.9
1430510 1544.9
1430520 1538.5
1430530 1532.1
1430540 1532.1
1430550 1526.1
1430560 1521.3
1430570 1518.9
1430580 1518.9
1430590 1517.8
1430600 1514.0
1430610 1514.0
1430620 1509.1
1430630 1503.7
1430640 1503.7
1430650 1497.8
1430660 1490.0
1430670 1490.0
1430680 1481.5
1430690 1473.2
1430700 1473.2
1430710 1464.7
1430720 1456.5
1430730 1449.1
1430740 1449.1
1430750 1442.4
1430760 1436.6
1430770 1436.6
1430780 1430.8
1430790 1423.7
1430800 1423.7
1430810 1416.1
1430820 1411.1
1430830 1411.1
1430840 1406.3
1430850 1398.5
1430860 1398.5
1430870 1391.5
1430880 1387.6
1430890 1383.0
1430900 1383.0
1430910 1376.7
1430920 1371.9
1430930 1371.9
1430940 1367.1
1430950 1371.6
1430960 1371.6
1430970 1378.9
1430980 1386.9
1430990 1386.9
1431000 1396.0
1431010 1403.3
1431020 1403.3
1431030 1409.5
1431040 1414.8
1431050 1420.0
1431060 1420.0
1431070 1426.3
1431080 1432.6
1431090 1432.6
1431100 1437.1
1431110 1436.7
1431120 1436.7
1431130 1433.8
1431140 1438.7
1431150 1438.7
1431160 1447.8
1431170 1457.6
1431180 1457.6
1431190 1465.6
1431200 1472.0
1431210 1479.2
1431220 1479.2
1431230 1486.1
1431240 1491.8
1431250 1491.8
1431260 1494.9
1431270 1497.4
1431280 1497.4
1431290 1500.0
1431300 1502.7
1431310 1502.7
1431320 1504.9
1431330 1506.7
1431340 1506.7
1431350 1507.7
1431360 1509.2
1431370 1510.6
1431380 1510.6
1431390 1512.1
1431400 1512.9
1431410 1512.9
1431420 1513.3
1431430 1513.8
1431440 1513.8
1431450 1514.2
1431460 1515.2
1431470 1515.2
1431480 1516.0
1431490 1516.3
1431500 1516.3
1431510 1516.8
1431520 1517.6
1431530 1517.7
1431540 1517.7
1431550 1517.4
1431560 1516.8
1431570 1516.8
1431580 1516.5
1431590 1516.8
1431600 1516.8
1431610 1516.5
1431620 1515.8
1431630 1515.8
1431640 1514.6
1431650 1512.4
1431660 1512.4
1431670 1508.9
1431680 1504.1
1431690 1498.5
1431700 1498.5
1431710 1492.1
1431720 1486.4
1431730 1486.4
1431740 1481.5
1431750 1476.4
1431760 1476.4
1431770 1469.8
1431780 1461.3
1431790 1461.3
1431800 1453.5
1431810 1446.5
1431820 1446.5
1431830 1438.4
1431840 1430.9
1431850 1426.7
1431860 1426.7
1431870 1424.7
1431880 1421.1
1431890 1421.1
1431900 1416.6
1431910 1411.9
1431920 1411.9
1431930 1408.8
1431940 1404.6
1431950 1404.6
1431960 1400.5
1431970 1397.0
1431980 1397.0
1431990 1392.7
1432000 1387.4
1432010 1381.6
1432020 1381.6
1432030 1376.7
1432040 1371.5
1432050 1371.5
1432060 1365.2
1432070 1357.9
1432080 1357.9
1432090 1352.5
1432100 1344.6
1432110 1344.6
1432120 1338.8
1432130 1335.1
1432140 1335.1
1432150 1331.1
1432160 1326.5
1432170 1322.2
1432180 1322.2
1432190 1316.8
1432200 1311.8
1432210 1311.8
1432220 1306.3
1432230 1300.0
1432240 1300.0
1432250 1292.5
1432260 1282.4
1432270 1282.4
1432280 1273.5
1432290 1265.6
1432300 1265.6
1432310 1258.1
1432320 1251.7
1432330 1245.9
1432340 1245.9
1432350 1239.6
1432360 1233.9
1432370 1233.9
1432380 1228.3
1432390 1222.0
1432400 1222.0
1432410 1215.7
1432420 1209.0
1432430 1209.0
1432440 1202.4
1432450 1197.5
1432460 1197.5
1432470 1192.8
1432480 1186.6
1432490 1186.6
1432500 1179.8
1432510 1174.3
1432520 1168.4
1432530 1168.4
1432540 1162.7
1432550 1158.0
1432560 1158.0
1432570 1152.8
1432580 1147.5
1432590 1147.5
1432600 1143.0
1432610 1139.4
1432620 1139.4
1432630 1133.7
1432640 1128.3
1432650 1128.3
1432660 1123.0
1432670 1118.4
1432680 1114.4
1432690 1114.4
1432700 1110.7
1432710 1106.7
1432720 1106.7
1432730 1099.8
1432740 1093.9
1432750 1093.9
1432760 1088.3
1432770 1081.9
1432780 1081.9
1432790 1075.1
1432800 1070.8
1432810 1070.8
1432820 1066.3
1432830 1061.3
1432840 1057.2
1432850 1057.2
1432860 1053.4
1432870 1050.9
1432880 1050.9
1432890 1049.0
1432900 1047.8
1432910 1047.8
1432920 1047.1
1432930 1048.5
1432940 1048.5
1432950 1049.9
1432960 1049.2
1432970 1049.2
1432980 1045.8
1432990 1040.6
1433000 1036.1
1433010 1036.1
1433020 1030.3
1433030 1023.8
1433040 1023.8
1433050 1018.5
1433060 1013.0
1433070 1013.0
1433080 1008.2
1433090 1003.9
1433100 1003.9
1433110 997.5
1433120 992.8
1433130 992.8
1433140 988.0
1433150 982.3
1433160 976.5
1433170 976.5
1433180 971.1
1433190 965.3
1433200 965.3
1433210 957.3
1433220 949.6
1433230 949.6
1433240 943.5
1433250 941.3
1433260 941.3
1433270 940.8
1433280 944.9
1433290 944.9
1433300 948.9
1433310 954.1
1433320 961.6
1433330 961.6
1433340 968.8
1433350 975.2
1433360 975.2
1433370 980.6
1433380 986.6
1433390 986.6
1433400 995.3
1433410 1002.3
1433420 1002.3
1433430 1007.6
1433440 1013.3
1433450 1013.3
1433460 1019.1
1433470 1024.2
1433480 1030.1
1433490 1030.1
1433500 1033.9
1433510 1031.8
1433520 1031.8
1433530 1025.6
1433540 1019.9
1433550 1019.9
1433560 1015.9
1433570 1013.9
1433580 1013.9
1433590 1014.8
1433600 1015.5
1433610 1015.5
1433620 1016.5
1433630 1017.9
1433640 1019.4
1433650 1019.4
1433660 1020.6
1433670 1021.6
1433680 1021.6
1433690 1021.4
1433700 1021.6
1433710 1021.6
1433720 1025.0
1433730 1029.4
1433740 1029.4
1433750 1036.2
1433760 1042.9
1433770 1042.9
1433780 1049.0
1433790 1053.3
1433800 1054.5
1433810 1054.5
1433820 1055.8
1433830 1059.2
1433840 1059.2
1433850 1064.9
1433860 1071.1
1433870 1071.1
1433880 1075.6
1433890 1078.2
1433900 1078.2
1433910 1079.2
1433920 1080.5
1433930 1080.5
1433940 1081.9
1433950 1083.8
1433960 1085.8
1433970 1085.8
1433980 1087.5
1433990 1089.1
1434000 1089.1
1434010 1090.4
1434020 1091.5
1434030 1091.5
1434040 1092.8
1434050 1093.6
1434060 1093.6
1434070 1094.4
1434080 1095.2
1434090 1095.2
1434100 1096.3
1434110 1097.4
1434120 1098.4
1434130 1098.4
1434140 1100.3
1434150 1104.2
1434160 1104.2
1434170 1107.4
1434180 1109.1
1434190 1109.1
1434200 1110.3
1434210 1112.2
1434220 1112.2
1434230 1114.9
1434240 1117.2
1434250 1117.2
1434260 1119.1
1434270 1120.9
1434280 1122.8
1434290 1122.8
1434300 1124.5
1434310 1125.3
1434320 1125.3
1434330 1126.6
1434340 1127.8
1434350 1127.8
1434360 1128.5
1434370 1130.3
1434380 1130.3
1434390 1133.0
1434400 1135.4
1434410 1135.4
1434420 1137.8
1434430 1141.1
1434440 1144.4
1434450 1144.4
1434460 1144.8
1434470 1145.9
1434480 1145.9
1434490 1153.7
1434500 1160.2
1434510 1160.2
1434520 1165.1
1434530 1169.5
1434540 1169.5
1434550 1174.0
1434560 1177.9
1434570 1177.9
1434580 1181.8
1434590 1185.8
1434600 1189.5
1434610 1189.5
1434620 1192.7
1434630 1195.3
1434640 1195.3
1434650 1197.7
1434660 1201.0
1434670 1201.0
1434680 1204.4
1434690 1206.6
1434700 1206.6
1434710 1208.8
1434720 1211.0
1434730 1211.0
1434740 1214.1
1434750 1217.5
1434760 1221.1
1434770 1221.1
1434780 1225.0
1434790 1228.0
1434800 1228.0
1434810 1231.2
1434820 1236.1
1434830 1236.1
1434840 1240.9
1434850 1245.1
1434860 1245.1
1434870 1249.0
1434880 1253.2
1434890 1253.2
1434900 1256.4
1434910 1259.0
1434920 1261.1
1434930 1261.1
1434940 1262.5
1434950 1263.3
1434960 1263.3
1434970 1264.1
1434980 1265.0
1434990 1265.0
1435000 1266.0
1435010 1267.3
1435020 1267.3
1435030 1268.5
1435040 1269.0
1435050 1269.0
1435060 1269.3
1435070 1270.2
1435080 1270.2
1435090 1271.3
1435100 1272.1
1435110 1272.6
1435120 1272.6
1435130 1270.9
1435140 1270.4
1435150 1270.4
1435160 1272.2
1435170 1271.6
1435180 1271.6
1435190 1271.4
1435200 1272.4
1435210 1272.4
1435220 1272.8
1435230 1271.9
1435240 1271.9
1435250 1271.0
1435260 1270.1
1435270 1270.0
1435280 1270.0
1435290 1269.1
1435300 1266.3
1435310 1266.3
1435320 1262.6
1435330 1255.6
1435340 1255.6
1435350 1246.5
1435360 1237.1
1435370 1237.1
1435380 1228.0
1435390 1218.4
1435400 1218.4
1435410 1209.5
1435420 1200.7
1435430 1196.1
1435440 1196.1
1435450 1203.1
1435460 1207.0
1435470 1207.0
1435480 1209.4
1435490 1211.4
1435500 1211.4
1435510 1212.2
1435520 1213.2
1435530 1213.2
1435540 1215.5
1435550 1217.6
1435560 1217.6
1435570 1219.4
1435580 1221.6
1435590 1224.1
1435600 1224.1
1435610 1225.6
1435620 1227.5
1435630 1227.5
1435640 1229.3
1435650 1230.9
1435660 1230.9
1435670 1233.3
1435680 1236.2
1435690 1236.2
1435700 1238.7
1435710 1240.3
1435720 1240.3
1435730 1242.0
1435740 1243.6
1435750 1246.4
1435760 1246.4
1435770 1247.8
1435780 1249.1
1435790 1249.1
1435800 1249.9
1435810 1250.3
1435820 1250.3
1435830 1250.2
1435840 1249.3
1435850 1249.3
1435860 1248.4
1435870 1248.0
1435880 1248.0
1435890 1248.0
1435900 1248.1
1435910 1248.4
1435920 1248.4
1435930 1248.8
1435940 1249.4
1435950 1249.4
1435960 1249.7
1435970 1249.5
1435980 1249.5
1435990 1249.1
1436000 1248.4
1436010 1248.4
1436020 1247.2
1436030 1246.8
1436040 1246.8
1436050 1246.9
1436060 1246.1
1436070 1244.5
1436080 1244.5
1436090 1243.9
1436100 1243.0
1436110 1243.0
1436120 1245.2
1436130 1245.5
1436140 1245.5
1436150 1246.2
1436160 1246.3
1436170 1246.3
1436180 1247.1
1436190 1248.7
1436200 1248.7
1436210 1251.0
1436220 1251.9
1436230 1251.3
1436240 1251.3
1436250 1249.4
1436260 1249.0
1436270 1249.0
1436280 1247.8
1436290 1243.0
1436300 1243.0
1436310 1237.5
1436320 1233.1
1436330 1233.1
1436340 1234.9
1436350 1241.8
1436360 1241.8
1436370 1246.6
1436380 1245.9
1436390 1240.5
1436400 1240.5
1436410 1233.8
1436420 1226.4
1436430 1226.4
1436440 1218.1
1436450 1210.1
1436460 1210.1
1436470 1200.9
1436480 1191.8
1436490 1191.8
1436500 1186.1
1436510 1192.2
1436520 1192.2
1436530 1201.0
1436540 1201.5
1436550 1208.6
1436560 1208.6
1436570 1217.9
1436580 1224.4
1436590 1224.4
1436600 1231.5
1436610 1236.6
1436620 1236.6
1436630 1237.9
1436640 1241.5
1436650 1241.5
1436660 1246.3
1436670 1249.5
1436680 1249.5
1436690 1250.5
1436700 1250.1
1436710 1249.7
1436720 1249.7
1436730 1249.6
1436740 1249.2
1436750 1249.2
1436760 1249.2
1436770 1248.9
1436780 1248.9
1436790 1248.8
1436800 1247.6
1436810 1247.6
1436820 1246.5
1436830 1247.9
1436840 1247.9
1436850 1249.4
1436860 1250.5
1436870 1251.3
1436880 1251.3
1436890 1250.6
1436900 1249.0
1436910 1249.0
1436920 1248.3
1436930 1248.2
1436940 1248.2
1436950 1248.3
1436960 1247.9
1436970 1247.9
1436980 1246.9
1436990 1246.5
1437000 1246.5
1437010 1245.8
1437020 1243.4
1437030 1234.9
1437040 1234.9
1437050 1226.4
1437060 1217.9
1437070 1217.9
1437080 1208.7
1437090 1207.1
1437100 1207.1
1437110 1214.5
1437120 1221.8
1437130 1221.8
1437140 1227.5
1437150 1234.0
1437160 1234.0
1437170 1240.4
1437180 1246.0
1437190 1249.1
1437200 1249.1
1437210 1248.8
1437220 1246.4
1437230 1246.4
1437240 1244.5
1437250 1247.9
1437260 1247.9
1437270 1251.2
1437280 1252.7
1437290 1252.7
1437300 1254.7
1437310 1255.4
1437320 1255.4
1437330 1257.0
1437340 1257.4
1437350 1257.9
1437360 1257.9
1437370 1259.5
1437380 1260.1
1437390 1260.1
1437400 1256.9
1437410 1252.1
1437420 1252.1
1437430 1248.4
1437440 1244.5
1437450 1244.5
1437460 1243.5
1437470 1244.5
1437480 1244.5
1437490 1247.5
1437500 1252.2
1437510 1254.7
1437520 1254.7
1437530 1255.4
1437540 1259.0
1437550 1259.0
1437560 1260.5
1437570 1259.7
1437580 1259.7
1437590 1256.7
1437600 1252.0
1437610 1252.0
1437620 1246.6
1437630 1243.3
1437640 1243.3
1437650 1246.3
1437660 1249.8
1437670 1252.1
1437680 1252.1
1437690 1250.0
1437700 1246.7
1437710 1246.7
1437720 1246.5
1437730 1246.5
1437740 1246.5
1437750 1247.3
1437760 1250.0
1437770 1250.0
1437780 1250.2
1437790 1246.9
1437800 1246.9
1437810 1244.2
1437820 1243.1
1437830 1242.2
1437840 1242.2
1437850 1244.1
1437860 1243.5
1437870 1243.5
1437880 1239.1
1437890 1233.9
1437900 1233.9
1437910 1230.4
1437920 1227.9
1437930 1227.9
1437940 1224.5
1437950 1216.3
1437960 1216.3
1437970 1210.0
1437980 1205.5
1437990 1205.5
1438000 1200.8
1438010 1200.4
1438020 1205.4
1438030 1205.4
1438040 1208.8
1438050 1213.8
1438060 1213.8
1438070 1218.8
1438080 1221.7
1438090 1221.7
1438100 1224.7
1438110 1223.3
1438120 1223.3
1438130 1218.7
1438140 1220.8
1438150 1220.8
1438160 1223.7
1438170 1225.5
1438180 1225.2
1438190 1225.2
1438200 1222.6
1438210 1216.3
1438220 1216.3
1438230 1209.1
1438240 1203.7
1438250 1203.7
1438260 1202.1
1438270 1200.7
1438280 1200.7
1438290 1198.9
1438300 1196.4
1438310 1196.4
1438320 1194.8
1438330 1196.5
1438340 1197.7
1438350 1197.7
1438360 1195.5
1438370 1190.4
1438380 1190.4
1438390 1184.0
1438400 1177.5
1438410 1177.5
1438420 1170.6
1438430 1162.5
1438440 1162.5
1438450 1152.7
1438460 1142.0
1438470 1142.0
1438480 1132.8
1438490 1126.2
1438500 1126.7
1438510 1126.7
1438520 1135.4
1438530 1141.3
1438540 1141.3
1438550 1144.4
1438560 1147.9
1438570 1147.9
1438580 1150.7
1438590 1151.2
1438600 1151.2
1438610 1151.2
1438620 1151.6
1438630 1151.6
1438640 1151.3
1438650 1150.7
1438660 1149.5
1438670 1149.5
1438680 1147.7
1438690 1145.2
1438700 1145.2
1438710 1142.7
1438720 1140.5
1438730 1140.5
1438740 1138.0
1438750 1136.3
1438760 1136.3
1438770 1135.6
1438780 1143.2
1438790 1143.2
1438800 1143.0
1438810 1140.6
1438820 1137.0
1438830 1137.0
1438840 1136.1
1438850 1135.3
1438860 1135.3
1438870 1130.7
1438880 1124.7
1438890 1124.7
1438900 1121.9
1438910 1122.0
1438920 1122.0
1438930 1121.4
1438940 1117.4
1438950 1117.4
1438960 1113.0
1438970 1110.1
1438980 1107.3
1438990 1107.3
1439000 1104.1
1439010 1097.2
1439020 1097.2
1439030 1091.6
1439040 1098.5
1439050 1098.5
1439060 1105.8
1439070 1105.6
1439080 1105.6
1439090 1103.0
1439100 1101.9
1439110 1101.9
1439120 1101.2
1439130 1099.5
1439140 1097.3
1439150 1097.3
1439160 1094.8
1439170 1092.5
1439180 1092.5
1439190 1090.9
1439200 1090.2
1439210 1090.2
1439220 1089.5
1439230 1088.3
1439240 1088.3
1439250 1087.3
1439260 1086.1
1439270 1086.1
1439280 1081.1
1439290 1078.4
1439300 1079.0
1439310 1079.0
1439320 1079.2
1439330 1080.7
1439340 1080.7
1439350 1082.4
1439360 1083.4
1439370 1083.4
1439380 1079.8
1439390 1074.7
1439400 1074.7
1439410 1071.9
1439420 1071.3
1439430 1071.3
1439440 1071.7
1439450 1072.3
1439460 1069.7
1439470 1069.7
1439480 1065.0
1439490 1058.8
1439500 1058.8
1439510 1051.6
1439520 1048.3
1439530 1048.3
1439540 1047.8
1439550 1046.6
1439560 1046.6
1439570 1044.5
1439580 1042.7
1439590 1042.7
1439600 1042.1
1439610 1042.0
1439620 1042.3
1439630 1042.3
1439640 1043.6
1439650 1046.2
1439660 1046.2
1439670 1048.4
1439680 1047.5
1439690 1047.5
1439700 1043.1
1439710 1037.2
1439720 1037.2
1439730 1031.4
1439740 1025.5
1439750 1025.5
1439760 1019.8
1439770 1013.9
1439780 1008.1
1439790 1008.1
1439800 1003.1
1439810 998.7
1439820 998.7
1439830 995.9
1439840 991.2
1439850 991.2
1439860 987.8
1439870 984.1
1439880 984.1
1439890 978.4
1439900 972.9
1439910 972.9
1439920 967.2
1439930 961.5
1439940 955.2
1439950 955.2
1439960 949.0
1439970 942.9
1439980 942.9
1439990 935.2
