1420000 1581.2
1420010 1580.4
1420020 1580.4
1420030 1581.4
1420040 1580.5
1420050 1580.5
1420060 1578.9
1420070 1575.9
1420080 1575.9
1420090 1572.8
1420100 1569.4
1420110 1563.6
1420120 1563.6
1420130 1556.0
1420140 1548.5
1420150 1548.5
1420160 1540.4
1420170 1532.2
1420180 1532.2
1420190 1522.8
1420200 1513.2
1420210 1513.2
1420220 1504.2
1420230 1496.5
1420240 1496.5
1420250 1489.4
1420260 1481.9
1420270 1474.0
1420280 1474.0
1420290 1466.3
1420300 1458.6
1420310 1458.6
1420320 1451.4
1420330 1444.1
1420340 1444.1
1420350 1437.3
1420360 1430.7
1420370 1430.7
1420380 1423.0
1420390 1414.3
1420400 1414.3
1420410 1406.0
1420420 1398.3
1420430 1389.4
1420440 1389.4
1420450 1379.1
1420460 1367.1
1420470 1367.1
1420480 1356.5
1420490 1346.2
1420500 1346.2
1420510 1338.3
1420520 1330.9
1420530 1330.9
1420540 1324.0
1420550 1318.4
1420560 1318.4
1420570 1312.0
1420580 1307.1
1420590 1301.2
1420600 1301.2
1420610 1295.2
1420620 1289.1
1420630 1289.1
1420640 1284.3
1420650 1279.6
1420660 1279.6
1420670 1275.1
1420680 1271.3
1420690 1271.3
1420700 1267.6
1420710 1263.8
1420720 1263.8
1420730 1261.1
1420740 1257.9
1420750 1255.0
1420760 1255.0
1420770 1251.6
1420780 1249.3
1420790 1249.3
1420800 1246.2
1420810 1240.6
1420820 1240.6
1420830 1239.2
1420840 1237.9
1420850 1237.9
1420860 1237.0
1420870 1236.5
1420880 1236.5
1420890 1236.3
1420900 1235.8
1420910 1235.0
1420920 1235.0
1420930 1234.3
1420940 1233.3
1420950 1233.3
1420960 1233.1
1420970 1234.3
1420980 1234.3
1420990 1235.6
1421000 1236.2
1421010 1236.2
1421020 1239.5
1421030 1244.8
1421040 1244.8
1421050 1247.3
1421060 1249.4
1421070 1249.4
1421080 1251.9
1421090 1255.3
1421100 1259.2
1421110 1259.2
1421120 1262.6
1421130 1266.7
1421140 1266.7
1421150 1270.9
1421160 1275.5
1421170 1275.5
1421180 1280.1
1421190 1285.3
1421200 1285.3
1421210 1291.4
1421220 1297.9
1421230 1297.9
1421240 1303.0
1421250 1307.1
1421260 1311.4
1421270 1311.4
1421280 1315.2
1421290 1319.4
1421300 1319.4
1421310 1325.5
1421320 1332.9
1421330 1332.9
1421340 1340.2
1421350 1347.7
1421360 1347.7
1421370 1352.3
1421380 1359.5
1421390 1359.5
1421400 1364.5
1421410 1371.3
1421420 1378.1
1421430 1378.1
1421440 1385.3
1421450 1393.4
1421460 1393.4
1421470 1404.3
1421480 1414.9
1421490 1414.9
1421500 1422.5
1421510 1430.1
1421520 1430.1
1421530 1437.9
1421540 1445.1
1421550 1445.1
1421560 1452.0
1421570 1458.4
1421580 1464.6
1421590 1464.6
1421600 1472.3
1421610 1480.4
1421620 1480.4
1421630 1488.1
1421640 1495.2
1421650 1495.2
1421660 1501.0
1421670 1506.0
1421680 1506.0
1421690 1510.7
1421700 1515.7
1421710 1515.7
1421720 1520.8
1421730 1525.1
1421740 1529.2
1421750 1529.2
1421760 1532.4
1421770 1534.9
1421780 1534.9
1421790 1535.7
1421800 1536.8
1421810 1536.8
1421820 1537.8
1421830 1538.4
1421840 1538.4
1421850 1538.1
1421860 1540.1
1421870 1540.1
1421880 1545.5
1421890 1554.3
1421900 1564.0
1421910 1564.0
1421920 1571.3
1421930 1577.0
1421940 1577.0
1421950 1582.6
1421960 1587.3
1421970 1587.3
1421980 1592.4
1421990 1597.2
1422000 1597.2
1422010 1601.8
1422020 1606.6
1422030 1606.6
1422040 1611.0
1422050 1614.9
1422060 1618.6
1422070 1618.6
1422080 1622.2
1422090 1625.5
1422100 1625.5
1422110 1628.1
1422120 1629.8
1422130 1629.8
1422140 1631.4
1422150 1634.5
1422160 1634.5
1422170 1638.9
1422180 1643.3
1422190 1643.3
1422200 1648.6
1422210 1654.5
1422220 1662.9
1422230 1662.9
1422240 1672.5
1422250 1681.0
1422260 1681.0
1422270 1688.9
1422280 1696.6
1422290 1696.6
1422300 1700.8
1422310 1704.7
1422320 1704.7
1422330 1708.0
1422340 1711.0
1422350 1711.0
1422360 1713.6
1422370 1716.6
1422380 1720.2
1422390 1720.2
1422400 1723.6
1422410 1726.6
1422420 1726.6
1422430 1729.3
1422440 1731.1
1422450 1731.1
1422460 1733.1
1422470 1735.9
1422480 1735.9
1422490 1738.7
1422500 1740.4
1422510 1740.4
1422520 1741.3
1422530 1741.6
1422540 1740.7
1422550 1740.7
1422560 1739.9
1422570 1739.6
1422580 1739.6
1422590 1741.8
1422600 1741.4
1422610 1741.4
1422620 1739.4
1422630 1736.5
1422640 1736.5
1422650 1733.2
1422660 1729.5
1422670 1729.5
1422680 1724.7
1422690 1720.0
1422700 1720.0
1422710 1716.0
1422720 1711.8
1422730 1708.3
1422740 1708.3
1422750 1708.0
1422760 1704.2
1422770 1704.2
1422780 1697.2
1422790 1691.2
1422800 1691.2
1422810 1684.8
1422820 1677.1
1422830 1677.1
1422840 1669.8
1422850 1662.5
1422860 1662.5
1422870 1655.3
1422880 1648.2
1422890 1640.9
1422900 1640.9
1422910 1633.8
1422920 1626.9
1422930 1626.9
1422940 1621.1
1422950 1615.1
1422960 1615.1
1422970 1609.3
1422980 1603.9
1422990 1603.9
1423000 1600.3
1423010 1596.1
1423020 1596.1
1423030 1591.4
1423040 1586.4
1423050 1581.1
1423060 1581.1
1423070 1574.6
1423080 1566.3
1423090 1566.3
1423100 1557.6
1423110 1549.6
1423120 1549.6
1423130 1542.6
1423140 1536.3
1423150 1536.3
1423160 1530.1
1423170 1523.7
1423180 1523.7
1423190 1517.7
1423200 1511.5
1423210 1505.1
1423220 1505.1
1423230 1498.7
1423240 1492.2
1423250 1492.2
1423260 1485.8
1423270 1478.8
1423280 1478.8
1423290 1471.7
1423300 1464.8
1423310 1464.8
1423320 1458.3
1423330 1451.9
1423340 1451.9
1423350 1446.9
1423360 1441.9
1423370 1436.0
1423380 1436.0
1423390 1430.0
1423400 1423.8
1423410 1423.8
1423420 1417.9
1423430 1412.3
1423440 1412.3
1423450 1407.2
1423460 1402.3
1423470 1402.3
1423480 1397.4
1423490 1392.3
1423500 1388.7
1423510 1383.9
1423520 1379.2
1423530 1374.6
1423540 1374.6
1423550 1371.7
1423560 1366.5
1423570 1366.5
1423580 1361.0
1423590 1356.6
1423600 1356.6
1423610 1352.0
1423620 1348.0
1423630 1348.0
1423640 1344.6
1423650 1342.7
1423660 1342.7
1423670 1342.0
1423680 1340.2
1423690 1337.6
1423700 1337.6
1423710 1334.5
1423720 1330.0
1423730 1330.0
1423740 1326.2
1423750 1320.4
1423760 1320.4
1423770 1315.2
1423780 1310.0
1423790 1310.0
1423800 1305.4
1423810 1302.0
1423820 1302.0
1423830 1297.7
1423840 1292.3
1423850 1286.9
1423860 1286.9
1423870 1281.5
1423880 1276.6
1423890 1276.6
1423900 1271.6
1423910 1267.1
1423920 1267.1
1423930 1263.9
1423940 1260.3
1423950 1260.3
1423960 1256.6
1423970 1252.8
1423980 1252.8
1423990 1249.2
1424000 1243.8
1424010 1239.7
1424020 1239.7
1424030 1236.1
1424040 1232.9
1424050 1232.9
1424060 1230.3
1424070 1226.2
1424080 1226.2
1424090 1221.4
1424100 1216.8
1424110 1216.8
1424120 1212.2
1424130 1207.2
1424140 1207.2
1424150 1202.8
1424160 1199.2
1424170 1195.6
1424180 1195.6
1424190 1192.9
1424200 1190.6
1424210 1190.6
1424220 1188.3
1424230 1184.9
1424240 1184.9
1424250 1182.6
1424260 1180.6
1424270 1180.6
1424280 1178.8
1424290 1176.3
1424300 1176.3
1424310 1173.5
1424320 1171.2
1424330 1169.2
1424340 1169.2
1424350 1164.0
1424360 1154.4
1424370 1154.4
1424380 1148.8
1424390 1142.4
1424400 1142.4
1424410 1135.9
1424420 1133.0
1424430 1133.0
1424440 1132.6
1424450 1132.6
1424460 1132.6
1424470 1131.8
1424480 1130.6
1424490 1130.6
1424500 1131.4
1424510 1137.1
1424520 1143.4
1424530 1143.4
1424540 1149.7
1424550 1152.8
1424560 1152.8
1424570 1155.8
1424580 1160.0
1424590 1160.0
1424600 1162.2
1424610 1162.5
1424620 1162.5
1424630 1164.0
1424640 1165.4
1424650 1165.4
1424660 1167.2
1424670 1169.0
1424680 1171.0
1424690 1171.0
1424700 1173.7
1424710 1178.2
1424720 1178.2
1424730 1182.8
1424740 1187.1
1424750 1187.1
1424760 1190.8
1424770 1194.6
1424780 1194.6
1424790 1198.7
1424800 1203.0
1424810 1203.0
1424820 1206.8
1424830 1208.3
1424840 1210.6
1424850 1210.6
1424860 1216.2
1424870 1222.7
1424880 1222.7
1424890 1229.6
1424900 1234.7
1424910 1234.7
1424920 1238.2
1424930 1240.7
1424940 1240.7
1424950 1243.2
1424960 1245.9
1424970 1245.9
1424980 1248.8
1424990 1251.9
1425000 1255.3
1425010 1255.3
1425020 1257.9
1425030 1261.2
1425040 1261.2
1425050 1263.6
1425060 1265.8
1425070 1265.8
1425080 1269.4
1425090 1273.0
1425100 1273.0
1425110 1277.2
1425120 1282.2
1425130 1282.2
1425140 1287.4
1425150 1291.0
1425160 1291.5
1425170 1291.5
1425180 1293.7
1425190 1298.3
1425200 1298.3
1425210 1298.5
1425220 1301.7
1425230 1301.7
1425240 1309.8
1425250 1318.8
1425260 1318.8
1425270 1326.9
1425280 1332.5
1425290 1332.5
1425300 1340.5
1425310 1349.8
1425320 1355.8
1425330 1355.8
1425340 1361.4
1425350 1367.1
1425360 1367.1
1425370 1372.9
1425380 1379.1
1425390 1379.1
1425400 1384.9
1425410 1390.5
1425420 1390.5
1425430 1396.3
1425440 1401.1
1425450 1401.1
1425460 1405.6
1425470 1409.2
1425480 1412.5
1425490 1412.5
1425500 1415.8
1425510 1419.7
1425520 1419.7
1425530 1423.9
1425540 1427.6
1425550 1427.6
1425560 1431.7
1425570 1436.4
1425580 1436.4
1425590 1442.7
1425600 1447.1
1425610 1447.1
1425620 1449.8
1425630 1451.6
1425640 1453.6
1425650 1453.6
1425660 1455.0
1425670 1455.7
1425680 1455.7
1425690 1456.3
1425700 1456.4
1425710 1456.4
1425720 1456.3
1425730 1455.9
1425740 1455.9
1425750 1455.1
1425760 1454.4
1425770 1454.4
1425780 1453.3
1425790 1451.8
1425800 1450.2
1425810 1450.2
1425820 1448.4
1425830 1446.2
1425840 1446.2
1425850 1443.7
1425860 1440.3
1425870 1440.3
1425880 1437.0
1425890 1431.7
1425900 1431.7
1425910 1426.6
1425920 1421.8
1425930 1421.8
1425940 1417.7
1425950 1412.4
1425960 1407.2
1425970 1407.2
1425980 1401.7
1425990 1396.0
1426000 1396.0
1426010 1390.4
1426020 1384.3
1426030 1384.3
1426040 1376.6
1426050 1370.1
1426060 1370.1
1426070 1363.8
1426080 1356.9
1426090 1356.9
1426100 1350.6
1426110 1343.8
1426120 1337.1
1426130 1337.1
1426140 1330.8
1426150 1324.5
1426160 1324.5
1426170 1315.8
1426180 1306.8
1426190 1306.8
1426200 1300.9
1426210 1300.3
1426220 1300.3
1426230 1299.9
1426240 1295.2
1426250 1295.2
1426260 1288.0
1426270 1282.2
1426280 1282.2
1426290 1277.8
1426300 1273.3
1426310 1268.5
1426320 1268.5
1426330 1264.2
1426340 1263.2
1426350 1263.2
1426360 1265.8
1426370 1272.4
1426380 1272.4
1426390 1280.2
1426400 1287.7
1426410 1287.7
1426420 1293.1
1426430 1296.9
1426440 1296.9
1426450 1300.1
1426460 1303.4
1426470 1306.9
1426480 1306.9
1426490 1310.2
1426500 1313.6
1426510 1313.6
1426520 1316.5
1426530 1319.4
1426540 1319.4
1426550 1321.7
1426560 1324.1
1426570 1324.1
1426580 1326.9
1426590 1329.4
1426600 1329.4
1426610 1331.2
1426620 1333.2
1426630 1335.0
1426640 1335.0
1426650 1336.3
1426660 1337.1
1426670 1337.1
1426680 1337.8
1426690 1338.0
1426700 1338.0
1426710 1337.9
1426720 1337.7
1426730 1337.7
1426740 1337.8
1426750 1339.3
1426760 1339.3
1426770 1340.6
1426780 1342.3
1426790 1343.6
1426800 1343.6
1426810 1344.3
1426820 1345.1
1426830 1345.1
1426840 1345.8
1426850 1345.9
1426860 1345.9
1426870 1345.6
1426880 1345.0
1426890 1345.0
1426900 1344.2
1426910 1343.9
1426920 1343.9
1426930 1344.1
1426940 1346.2
1426950 1347.5
1426960 1347.5
1426970 1348.0
1426980 1348.5
1426990 1348.5
1427000 1346.8
1427010 1344.0
1427020 1344.0
1427030 1341.3
1427040 1340.6
1427050 1340.6
1427060 1339.9
1427070 1338.9
1427080 1338.9
1427090 1337.6
1427100 1336.3
1427110 1334.6
1427120 1334.6
1427130 1334.4
1427140 1329.6
1427150 1329.6
1427160 1320.6
1427170 1315.4
1427180 1315.4
1427190 1320.3
1427200 1321.3
1427210 1321.3
1427220 1321.4
1427230 1321.8
1427240 1321.8
1427250 1321.7
1427260 1320.7
1427270 1318.5
1427280 1318.5
1427290 1314.0
1427300 1310.7
1427310 1310.7
1427320 1306.4
1427330 1301.3
1427340 1301.3
1427350 1297.6
1427360 1293.7
1427370 1293.7
1427380 1288.1
1427390 1279.8
1427400 1279.8
1427410 1269.5
1427420 1268.8
1427430 1274.1
1427440 1274.1
1427450 1278.5
1427460 1281.3
1427470 1281.3
1427480 1279.7
1427490 1273.8
1427500 1273.8
1427510 1270.1
1427520 1265.8
1427530 1265.8
1427540 1255.3
1427550 1249.8
1427560 1249.8
1427570 1243.0
1427580 1232.6
1427590 1228.3
1427600 1228.3
1427610 1236.9
1427620 1246.6
1427630 1246.6
1427640 1255.5
1427650 1262.1
1427660 1262.1
1427670 1262.3
1427680 1260.5
1427690 1260.5
1427700 1262.7
1427710 1266.9
1427720 1266.9
1427730 1270.4
1427740 1274.2
1427750 1277.1
1427760 1279.0
1427770 1281.1
1427780 1282.2
1427790 1282.2
1427800 1280.5
1427810 1275.6
1427820 1275.6
1427830 1272.1
1427840 1271.1
1427850 1271.1
1427860 1270.6
1427870 1270.2
1427880 1270.2
1427890 1275.7
1427900 1278.6
1427910 1278.3
1427920 1278.3
1427930 1276.8
1427940 1276.3
1427950 1276.3
1427960 1271.6
1427970 1260.8
1427980 1260.8
1427990 1253.1
1428000 1250.3
1428010 1250.3
1428020 1253.4
1428030 1256.1
1428040 1256.1
1428050 1254.5
1428060 1252.6
1428070 1252.6
1428080 1249.6
1428090 1244.8
1428100 1248.0
1428110 1248.0
1428120 1252.6
1428130 1257.1
1428140 1257.1
1428150 1258.5
1428160 1263.2
1428170 1263.2
1428180 1266.1
1428190 1265.1
1428200 1265.1
1428210 1262.7
1428220 1261.2
1428230 1261.2
1428240 1259.3
1428250 1257.0
1428260 1254.8
1428270 1254.8
1428280 1252.4
1428290 1250.2
1428300 1250.2
1428310 1247.3
1428320 1245.1
1428330 1245.1
1428340 1242.9
1428350 1240.0
1428360 1240.0
1428370 1237.3
1428380 1235.5
1428390 1235.5
1428400 1233.4
1428410 1231.4
1428420 1228.1
1428430 1228.1
1428440 1225.0
1428450 1222.7
1428460 1222.7
1428470 1220.4
1428480 1217.2
1428490 1217.2
1428500 1214.0
1428510 1210.9
1428520 1210.9
1428530 1207.5
1428540 1204.1
1428550 1204.1
1428560 1201.2
1428570 1198.8
1428580 1196.4
1428590 1196.4
1428600 1195.4
1428610 1195.9
1428620 1195.9
1428630 1193.5
1428640 1189.1
1428650 1189.1
1428660 1183.8
1428670 1178.5
1428680 1178.5
1428690 1175.3
1428700 1173.2
1428710 1173.2
1428720 1170.2
1428730 1166.2
1428740 1163.1
1428750 1163.1
1428760 1159.6
1428770 1156.3
1428780 1156.3
1428790 1153.8
1428800 1150.5
1428810 1150.5
1428820 1146.2
1428830 1143.4
1428840 1143.4
1428850 1140.5
1428860 1137.3
1428870 1137.3
1428880 1135.4
1428890 1133.7
1428900 1131.4
1428910 1131.4
1428920 1128.5
1428930 1126.5
1428940 1126.5
1428950 1124.1
1428960 1122.6
1428970 1122.6
1428980 1120.9
1428990 1119.3
1429000 1119.3
1429010 1117.9
1429020 1117.0
1429030 1117.0
1429040 1116.2
1429050 1115.3
1429060 1114.4
1429070 1114.4
1429080 1113.5
1429090 1112.6
1429100 1112.6
1429110 1111.6
1429120 1110.5
1429130 1110.5
1429140 1109.0
1429150 1107.8
1429160 1107.8
1429170 1107.1
1429180 1106.5
1429190 1106.5
1429200 1105.6
1429210 1105.1
1429220 1104.7
1429230 1104.7
1429240 1104.6
1429250 1104.3
1429260 1104.3
1429270 1104.0
1429280 1103.7
1429290 1103.7
1429300 1098.6
1429310 1092.3
1429320 1092.3
1429330 1086.7
1429340 1082.4
1429350 1082.4
1429360 1077.1
1429370 1070.7
1429380 1063.7
1429390 1063.7
1429400 1056.8
1429410 1049.7
1429420 1049.7
1429430 1041.9
1429440 1035.1
1429450 1035.1
1429460 1027.7
1429470 1021.2
1429480 1021.2
1429490 1014.5
1429500 1007.2
1429510 1007.2
1429520 999.5
1429530 992.8
1429540 986.7
1429550 986.7
1429560 982.3
1429570 976.4
1429580 976.4
1429590 970.8
1429600 968.3
1429610 968.3
1429620 965.8
1429630 966.5
1429640 966.5
1429650 970.3
1429660 976.3
1429670 976.3
1429680 981.4
1429690 987.4
1429700 993.2
1429710 993.2
1429720 999.2
1429730 1006.4
1429740 1006.4
1429750 1013.9
1429760 1018.6
1429770 1018.6
1429780 1021.3
1429790 1022.3
1429800 1022.3
1429810 1024.2
1429820 1025.7
1429830 1025.7
1429840 1026.6
1429850 1028.3
1429860 1028.3
1429870 1029.9
1429880 1031.9
1429890 1033.4
1429900 1033.4
1429910 1035.2
1429920 1038.6
1429930 1038.6
1429940 1042.2
1429950 1045.8
1429960 1045.8
1429970 1051.4
1429980 1056.4
1429990 1056.4
1430000 1060.1
1430010 1068.6
1430020 1071.8
1430030 1075.1
1430040 1076.5
1430050 1078.4
1430060 1078.4
1430070 1080.3
1430080 1082.4
1430090 1082.4
1430100 1084.2
1430110 1085.6
1430120 1085.6
1430130 1086.1
1430140 1087.2
1430150 1087.2
1430160 1088.5
1430170 1090.1
1430180 1090.1
1430190 1091.8
1430200 1093.2
1430210 1094.4
1430220 1094.4
1430230 1095.6
1430240 1097.1
1430250 1097.1
1430260 1099.4
1430270 1101.6
1430280 1101.6
1430290 1102.4
1430300 1104.0
1430310 1104.0
1430320 1101.9
1430330 1097.9
1430340 1097.9
1430350 1094.7
1430360 1093.4
1430370 1095.2
1430380 1095.2
1430390 1098.3
1430400 1102.0
1430410 1102.0
1430420 1104.6
1430430 1105.0
1430440 1105.0
1430450 1106.0
1430460 1108.2
1430470 1108.2
1430480 1110.0
1430490 1113.3
1430500 1113.3
1430510 1118.3
1430520 1122.7
1430530 1125.6
1430540 1125.6
1430550 1125.8
1430560 1125.5
1430570 1125.5
1430580 1124.4
1430590 1122.6
1430600 1122.6
1430610 1121.0
1430620 1118.8
1430630 1118.8
1430640 1115.5
1430650 1112.5
1430660 1112.5
1430670 1110.9
1430680 1109.9
1430690 1108.9
1430700 1108.9
1430710 1108.4
1430720 1107.7
1430730 1107.7
1430740 1105.5
1430750 1099.7
1430760 1099.7
1430770 1095.4
1430780 1095.6
1430790 1095.6
1430800 1095.9
1430810 1093.4
1430820 1093.4
1430830 1089.3
1430840 1090.7
1430850 1092.3
1430860 1092.3
1430870 1089.4
1430880 1083.5
1430890 1083.5
1430900 1076.8
1430910 1070.8
1430920 1070.8
1430930 1061.7
1430940 1053.7
1430950 1053.7
1430960 1046.5
1430970 1037.7
1430980 1037.7
1430990 1030.6
1431000 1022.6
1431010 1014.1
1431020 1014.1
1431030 1006.5
1431040 995.9
1431050 995.9
1431060 989.1
1431070 989.9
1431080 989.9
1431090 997.7
1431100 1007.5
1431110 1007.5
1431120 1009.9
1431130 1012.2
1431140 1012.2
1431150 1019.8
1431160 1025.1
1431170 1030.6
1431180 1030.6
1431190 1034.8
1431200 1040.4
1431210 1040.4
1431220 1047.2
1431230 1053.8
1431240 1053.8
1431250 1061.3
1431260 1069.0
1431270 1069.0
1431280 1069.4
1431290 1067.3
1431300 1067.3
1431310 1064.7
1431320 1056.8
1431330 1051.2
1431340 1051.2
1431350 1045.8
1431360 1041.1
1431370 1041.1
1431380 1037.8
1431390 1033.6
1431400 1033.6
1431410 1026.8
1431420 1017.0
1431430 1017.0
1431440 1008.2
1431450 1011.0
1431460 1011.0
1431470 1015.6
1431480 1021.3
1431490 1022.7
1431500 1022.7
1431510 1025.4
1431520 1028.2
1431530 1028.2
1431540 1031.2
1431550 1035.5
1431560 1035.5
1431570 1039.9
1431580 1044.9
1431590 1044.9
1431600 1043.1
1431610 1034.3
1431620 1034.3
1431630 1026.3
1431640 1018.0
1431650 1018.0
1431660 1007.7
1431670 999.0
1431680 992.7
1431690 992.7
1431700 987.8
1431710 982.1
1431720 982.1
1431730 976.8
1431740 973.0
1431750 973.0
1431760 967.4
1431770 962.1
1431780 962.1
1431790 961.1
1431800 963.4
1431810 963.4
1431820 966.9
1431830 972.0
1431840 976.4
1431850 976.4
1431860 982.3
1431870 989.5
1431880 989.5
1431890 995.4
1431900 1000.5
1431910 1000.5
1431920 1005.4
1431930 1008.9
1431940 1008.9
1431950 1014.7
1431960 1022.2
1431970 1022.2
1431980 1029.3
1431990 1036.8
1432000 1043.1
1432010 1043.1
1432020 1048.5
1432030 1053.9
1432040 1053.9
1432050 1058.6
1432060 1062.4
1432070 1062.4
1432080 1066.7
1432090 1072.3
1432100 1072.3
1432110 1076.4
1432120 1077.5
1432130 1077.5
1432140 1077.8
1432150 1078.4
1432160 1078.2
1432170 1078.2
1432180 1078.2
1432190 1078.5
1432200 1078.5
1432210 1079.4
1432220 1080.1
1432230 1080.1
1432240 1081.2
1432250 1081.9
1432260 1081.9
1432270 1082.4
1432280 1082.3
1432290 1082.3
1432300 1081.9
1432310 1081.4
1432320 1081.6
1432330 1081.6
1432340 1081.8
1432350 1081.7
1432360 1081.7
1432370 1081.6
1432380 1081.5
1432390 1082.7
1432400 1082.3
1432410 1082.0
1432420 1082.0
1432430 1081.8
1432440 1081.4
1432450 1081.4
1432460 1080.8
1432470 1080.3
1432480 1079.8
1432490 1079.8
1432500 1079.3
1432510 1078.7
1432520 1078.7
1432530 1078.2
1432540 1077.6
1432550 1077.6
1432560 1076.6
1432570 1074.9
1432580 1074.9
1432590 1072.5
1432600 1070.1
1432610 1070.1
1432620 1069.0
1432630 1067.9
1432640 1068.5
1432650 1068.5
1432660 1071.0
1432670 1071.1
1432680 1071.1
1432690 1070.0
1432700 1068.8
1432710 1068.8
1432720 1068.1
1432730 1067.4
1432740 1067.4
1432750 1066.5
1432760 1065.3
1432770 1065.3
1432780 1062.6
1432790 1061.0
1432800 1060.6
1432810 1060.6
1432820 1060.1
1432830 1058.5
1432840 1058.5
1432850 1057.3
1432860 1056.2
1432870 1056.2
1432880 1054.6
1432890 1053.5
1432900 1053.5
1432910 1052.9
1432920 1052.6
1432930 1052.6
1432940 1052.3
1432950 1051.5
1432960 1050.4
1432970 1050.4
1432980 1049.5
1432990 1048.8
1433000 1048.8
1433010 1048.1
1433020 1047.1
1433030 1047.1
1433040 1046.5
1433050 1045.5
1433060 1045.5
1433070 1044.3
1433080 1041.9
1433090 1041.9
1433100 1040.0
1433110 1039.5
1433120 1038.5
1433130 1038.5
1433140 1037.1
1433150 1036.3
1433160 1036.3
1433170 1036.3
1433180 1036.1
1433190 1036.1
1433200 1034.8
1433210 1033.6
1433220 1033.6
1433230 1032.5
1433240 1030.6
1433250 1030.6
1433260 1024.5
1433270 1019.4
1433280 1019.4
1433290 1014.2
1433300 1006.8
1433310 999.3
1433320 999.3
1433330 995.7
1433340 994.9
1433350 994.9
1433360 996.0
1433370 1000.8
1433380 1000.8
1433390 996.8
1433400 999.7
1433410 999.7
1433420 1001.5
1433430 999.9
1433440 999.9
1433450 997.3
1433460 997.2
1433470 1000.9
1433480 1000.9
1433490 1004.1
1433500 1003.0
1433510 1003.0
1433520 1007.3
1433530 1010.5
1433540 1010.5
1433550 1006.2
1433560 1003.2
1433570 1003.2
1433580 1002.6
1433590 999.9
1433600 999.9
1433610 996.3
1433620 991.1
1433630 983.6
1433640 983.6
1433650 976.2
1433660 969.9
1433670 969.9
1433680 964.7
1433690 958.1
1433700 958.1
1433710 951.6
1433720 945.1
1433730 945.1
1433740 937.6
1433750 929.7
1433760 929.7
1433770 921.7
1433780 906.8
1433790 894.3
1433800 894.3
1433810 884.4
1433820 877.0
1433830 877.0
1433840 875.8
1433850 870.7
1433860 870.7
1433870 863.1
1433880 855.2
1433890 855.2
1433900 852.9
1433910 854.0
1433920 854.0
1433930 861.4
1433940 870.9
1433950 879.7
1433960 879.7
1433970 891.5
1433980 898.3
1433990 898.3
1434000 899.2
1434010 901.4
1434020 901.4
1434030 904.7
1434040 912.0
1434050 912.0
1434060 915.8
1434070 917.6
1434080 917.6
1434090 919.8
1434100 924.1
1434110 930.6
1434120 930.6
1434130 938.4
1434140 945.9
1434150 945.9
1434160 952.7
1434170 960.1
1434180 960.1
1434190 966.5
1434200 972.2
1434210 972.2
1434220 974.8
1434230 974.2
1434240 974.2
1434250 973.0
1434260 971.7
1434270 970.1
1434280 970.1
1434290 967.9
1434300 965.6
1434310 965.6
1434320 964.1
1434330 963.3
1434340 963.3
1434350 962.3
1434360 961.3
1434370 961.3
1434380 960.4
1434390 957.9
1434400 957.9
1434410 953.4
1434420 949.5
1434430 946.6
1434440 946.6
1434450 943.9
1434460 942.1
1434470 942.1
1434480 940.6
1434490 939.8
1434500 939.8
1434510 940.9
1434520 942.8
1434530 942.8
1434540 945.2
1434550 948.9
1434560 948.9
1434570 953.7
1434580 954.7
1434590 954.2
1434600 954.2
1434610 953.4
1434620 952.5
1434630 952.5
1434640 951.8
1434650 951.4
1434660 951.4
1434670 951.2
1434680 950.9
1434690 950.9
1434700 950.4
1434710 950.1
1434720 950.1
1434730 950.2
1434740 951.2
1434750 950.0
1434760 950.0
1434770 946.6
1434780 951.2
1434790 951.2
1434800 952.5
1434810 952.4
1434820 952.4
1434830 950.7
1434840 949.2
1434850 949.2
1434860 949.0
1434870 948.3
1434880 948.3
1434890 948.3
1434900 949.5
1434910 949.5
1434920 951.7
1434930 953.6
1434940 955.0
1434950 955.0
1434960 955.9
1434970 956.4
1434980 956.4
1434990 956.2
1435000 956.0
1435010 956.0
1435020 955.6
1435030 955.3
1435040 955.3
1435050 954.8
1435060 954.4
1435070 954.4
1435080 954.1
1435090 953.2
1435100 953.1
1435110 953.1
1435120 953.5
1435130 953.0
1435140 953.0
1435150 952.1
1435160 950.6
1435170 950.6
1435180 949.5
1435190 950.5
1435200 950.5
1435210 951.8
1435220 952.3
1435230 952.3
1435240 952.2
1435250 952.0
1435260 952.1
1435270 952.1
1435280 952.5
1435290 952.3
1435300 952.3
1435310 952.6
1435320 954.9
1435330 954.9
1435340 958.0
1435350 958.7
1435360 958.7
1435370 956.6
1435380 953.6
1435390 953.6
1435400 952.5
1435410 952.5
1435420 952.3
1435430 952.3
1435440 952.2
1435450 952.1
1435460 952.1
1435470 952.0
1435480 951.9
1435490 951.9
1435500 952.4
1435510 953.5
1435520 953.5
1435530 954.1
1435540 955.1
1435550 955.1
1435560 955.6
1435570 954.4
1435580 953.2
1435590 953.2
1435600 952.6
1435610 952.3
1435620 952.3
1435630 952.7
1435640 952.9
1435650 952.9
1435660 952.6
1435670 952.5
1435680 952.5
1435690 952.7
1435700 952.0
1435710 952.0
1435720 950.2
1435730 949.2
1435740 949.2
1435750 949.2
1435760 949.2
1435770 949.6
1435780 949.6
1435790 947.2
1435800 946.7
1435810 946.7
1435820 946.5
1435830 945.3
1435840 945.3
1435850 944.8
1435860 941.5
1435870 941.5
1435880 935.1
1435890 929.6
1435900 924.3
1435910 924.3
1435920 921.3
1435930 916.8
1435940 916.8
1435950 910.7
1435960 906.5
1435970 906.5
1435980 905.8
1435990 905.7
1436000 905.7
1436010 905.4
1436020 904.5
1436030 904.5
1436040 902.4
1436050 901.7
1436060 904.1
1436070 904.1
1436080 908.6
1436090 913.9
1436100 913.9
1436110 920.0
1436120 926.1
1436130 926.1
1436140 926.7
1436150 919.5
1436160 919.5
1436170 911.6
1436180 904.7
1436190 904.7
1436200 898.4
1436210 891.4
1436220 885.3
1436230 885.3
1436240 880.4
1436250 875.8
1436260 875.8
1436270 872.3
1436280 866.1
1436290 866.1
1436300 859.3
1436310 851.6
1436320 851.6
1436330 844.4
1436340 837.8
1436350 837.8
1436360 830.8
1436370 824.5
1436380 822.0
1436390 822.0
1436400 821.8
1436410 821.4
1436420 821.4
1436430 820.5
1436440 819.1
1436450 819.1
1436460 817.2
1436470 815.7
1436480 815.7
1436490 814.3
1436500 812.4
1436510 812.4
1436520 810.0
1436530 807.4
1436540 805.3
1436550 805.3
1436560 803.6
1436570 802.7
1436580 802.7
1436590 802.0
1436600 800.8
1436610 800.8
1436620 798.9
1436630 797.5
1436640 797.5
1436650 796.8
1436660 796.5
1436670 796.5
1436680 796.3
1436690 796.1
1436700 796.1
1436710 795.9
1436720 795.8
1436730 795.7
1436740 795.7
1436750 795.7
1436760 795.8
1436770 795.8
1436780 795.8
1436790 795.7
1436800 795.7
1436810 795.4
1436820 795.1
1436830 795.1
1436840 795.3
1436850 795.8
1436860 795.8
1436870 803.5
1436880 815.9
1436890 825.0
1436900 825.0
1436910 831.4
1436920 837.6
1436930 837.6
1436940 844.8
1436950 851.0
1436960 851.0
1436970 860.1
1436980 867.3
1436990 867.3
1437000 871.5
1437010 876.9
1437020 876.9
1437030 884.4
1437040 892.4
1437050 900.7
1437060 900.7
1437070 906.9
1437080 905.7
1437090 905.7
1437100 901.7
1437110 899.9
1437120 899.9
1437130 899.7
1437140 902.3
1437150 902.3
1437160 902.5
1437170 901.4
1437180 901.4
1437190 905.5
1437200 908.4
1437210 909.3
1437220 909.3
1437230 906.5
1437240 906.9
1437250 906.9
1437260 905.6
1437270 906.6
1437280 906.6
1437290 899.4
1437300 887.9
1437310 887.9
1437320 879.0
1437330 873.6
1437340 873.6
1437350 876.8
1437360 884.5
1437370 892.5
1437380 892.5
1437390 901.1
1437400 910.0
1437410 910.0
1437420 916.8
1437430 920.0
1437440 920.0
1437450 919.9
1437460 922.2
1437470 922.2
1437480 923.2
1437490 923.9
1437500 923.9
1437510 924.3
1437520 923.9
1437530 922.7
1437540 922.7
1437550 921.8
1437560 921.5
1437570 921.5
1437580 921.5
1437590 921.1
1437600 921.1
1437610 920.0
1437620 919.2
1437630 919.2
1437640 919.1
1437650 919.0
1437660 919.0
1437670 918.3
1437680 917.4
1437690 917.0
1437700 917.0
1437710 916.8
1437720 916.5
1437730 916.5
1437740 916.2
1437750 916.0
1437760 916.0
1437770 915.9
1437780 915.7
1437790 915.7
1437800 915.5
1437810 915.2
1437820 915.2
1437830 915.0
1437840 914.7
1437850 914.5
1437860 914.5
1437870 914.3
1437880 914.0
1437890 914.0
1437900 913.7
1437910 913.3
1437920 913.3
1437930 912.7
1437940 912.2
1437950 912.2
1437960 911.8
1437970 911.6
1437980 911.6
1437990 912.2
1438000 911.1
1438010 910.6
1438020 910.6
1438030 909.9
1438040 908.3
1438050 908.3
1438060 908.0
1438070 907.9
1438080 907.9
1438090 908.1
1438100 907.4
1438110 907.4
1438120 907.4
1438130 908.0
1438140 908.0
1438150 908.0
1438160 907.8
1438170 907.7
1438180 907.7
1438190 907.5
1438200 907.1
1438210 907.1
1438220 906.8
1438230 906.5
1438240 906.5
1438250 906.3
1438260 905.6
1438270 905.6
1438280 902.6
1438290 898.9
1438300 898.9
1438310 895.4
1438320 891.4
1438330 887.2
1438340 887.2
1438350 882.3
1438360 876.1
1438370 876.1
1438380 871.0
1438390 866.5
1438400 866.5
1438410 860.6
1438420 854.0
1438430 854.0
1438440 845.9
1438450 835.9
1438460 835.9
1438470 825.0
1438480 816.3
1438490 816.3
1438500 809.8
1438510 802.5
1438520 795.6
1438530 795.6
1438540 795.4
1438550 790.4
1438560 790.4
1438570 780.6
1438580 771.8
1438590 771.8
1438600 768.0
1438610 767.7
1438620 767.7
1438630 767.7
1438640 767.6
1438650 767.6
1438660 767.4
1438670 767.1
1438680 766.8
1438690 766.8
1438700 766.5
1438710 766.2
1438720 766.2
1438730 766.0
1438740 765.9
1438750 765.9
1438760 766.0
1438770 766.1
1438780 766.1
1438790 766.3
1438800 766.8
1438810 766.8
1438820 767.0
1438830 767.2
1438840 767.3
1438850 767.3
1438860 767.1
1438870 766.9
1438880 766.9
1438890 766.8
1438900 766.7
1438910 766.7
1438920 766.7
1438930 766.6
1438940 766.6
1438950 766.5
1438960 766.3
1438970 766.3
1438980 766.2
1438990 766.0
1439000 765.9
1439010 765.9
1439020 765.6
1439030 765.5
1439040 765.5
1439050 765.4
1439060 765.3
1439070 765.3
1439080 765.2
1439090 765.0
1439100 765.0
1439110 764.9
1439120 764.7
1439130 764.7
1439140 764.4
1439150 764.1
1439160 763.6
1439170 763.6
1439180 763.2
1439190 762.9
1439200 762.9
1439210 762.9
1439220 762.9
1439230 762.9
1439240 762.8
1439250 762.8
1439260 762.8
1439270 762.7
1439280 762.6
1439290 762.6
1439300 762.6
1439310 762.7
1439320 762.8
1439330 762.8
1439340 762.8
1439350 762.8
1439360 762.8
1439370 762.7
1439380 762.6
1439390 762.6
1439400 762.4
1439410 762.1
1439420 762.1
1439430 762.0
1439440 762.3
1439450 762.3
1439460 762.4
1439470 762.4
1439480 762.2
1439490 762.2
1439500 761.9
1439510 761.9
1439520 761.9
1439530 761.9
1439540 761.7
1439550 761.7
1439560 761.5
1439570 761.4
1439580 761.4
1439590 761.5
1439600 761.5
1439610 761.5
1439620 761.3
1439630 761.1
1439640 761.0
1439650 761.0
1439660 760.8
1439670 760.7
1439680 760.7
1439690 760.6
1439700 760.7
1439710 760.7
1439720 760.5
1439730 760.3
1439740 760.3
1439750 759.9
1439760 759.4
1439770 759.4
1439780 759.1
1439790 759.3
1439800 759.7
1439810 759.7
1439820 759.8
1439830 759.6
1439840 759.6
1439850 759.3
1439860 759.1
1439870 759.1
1439880 759.0
1439890 758.8
1439900 758.8
1439910 758.7
1439920 758.5
1439930 758.5
1439940 758.4
1439950 758.4
1439960 758.4
1439970 758.4
1439980 758.4
1439990 758.0
