1420000 1058.8
1420010 1058.3
1420020 1058.3
1420030 1057.7
1420040 1057.3
1420050 1057.3
1420060 1057.7
1420070 1059.6
1420080 1059.6
1420090 1063.4
1420100 1068.5
1420110 1068.5
1420120 1076.7
1420130 1084.2
1420140 1085.4
1420150 1085.4
1420160 1084.3
1420170 1082.9
1420180 1082.9
1420190 1081.7
1420200 1080.7
1420210 1080.7
1420220 1080.2
1420230 1080.1
1420240 1080.1
1420250 1080.2
1420260 1080.1
1420270 1080.1
1420280 1079.1
1420290 1078.1
1420300 1076.9
1420310 1076.9
1420320 1073.6
1420330 1066.3
1420340 1066.3
1420350 1058.3
1420360 1056.3
1420370 1056.3
1420380 1055.5
1420390 1052.7
1420400 1052.7
1420410 1051.2
1420420 1051.9
1420430 1051.9
1420440 1053.7
1420450 1056.0
1420460 1057.7
1420470 1057.7
1420480 1059.3
1420490 1060.7
1420500 1060.7
1420510 1061.3
1420520 1061.5
1420530 1061.5
1420540 1061.6
1420550 1062.0
1420560 1062.0
1420570 1062.2
1420580 1062.4
1420590 1062.4
1420600 1062.5
1420610 1062.1
1420620 1062.0
1420630 1062.0
1420640 1061.9
1420650 1061.8
1420660 1061.8
1420670 1061.5
1420680 1064.2
1420690 1064.2
1420700 1064.0
1420710 1063.8
1420720 1063.8
1420730 1063.5
1420740 1063.0
1420750 1063.0
1420760 1063.0
1420770 1063.6
1420780 1064.0
1420790 1064.0
1420800 1064.2
1420810 1064.3
1420820 1064.3
1420830 1064.3
1420840 1064.3
1420850 1064.3
1420860 1064.1
1420870 1063.8
1420880 1063.8
1420890 1063.5
1420900 1063.3
1420910 1063.3
1420920 1063.0
1420930 1062.7
1420940 1062.7
1420950 1062.3
1420960 1062.0
1420970 1061.9
1420980 1061.9
1420990 1061.8
1421000 1061.7
1421010 1061.7
1421020 1061.5
1421030 1061.4
1421040 1061.4
1421050 1061.2
1421060 1060.9
1421070 1060.9
1421080 1059.9
1421090 1057.2
1421100 1057.2
1421110 1053.7
1421120 1051.1
1421130 1049.2
1421140 1049.2
1421150 1047.2
1421160 1045.9
1421170 1045.9
1421180 1045.2
1421190 1044.6
1421200 1044.6
1421210 1044.2
1421220 1043.9
1421230 1043.9
1421240 1043.5
1421250 1041.0
1421260 1041.0
1421270 1036.0
1421280 1036.8
1421290 1040.9
1421300 1040.9
1421310 1041.1
1421320 1040.2
1421330 1040.2
1421340 1040.9
1421350 1042.6
1421360 1042.6
1421370 1043.8
1421380 1044.9
1421390 1044.9
1421400 1046.4
1421410 1048.2
1421420 1048.2
1421430 1050.8
1421440 1053.4
1421450 1057.1
1421460 1057.1
1421470 1062.1
1421480 1068.2
1421490 1068.2
1421500 1072.9
1421510 1075.2
1421520 1075.2
1421530 1076.3
1421540 1076.5
1421550 1076.5
1421560 1076.4
1421570 1076.1
1421580 1076.1
1421590 1076.0
1421600 1076.0
1421610 1075.6
1421620 1075.6
1421630 1075.4
1421640 1075.3
1421650 1075.3
1421660 1075.3
1421670 1075.4
1421680 1075.4
1421690 1075.9
1421700 1075.2
1421710 1075.2
1421720 1074.8
1421730 1074.6
1421740 1074.6
1421750 1074.6
1421760 1074.9
1421770 1074.9
1421780 1075.6
1421790 1076.5
1421800 1077.2
1421810 1077.2
1421820 1077.6
1421830 1077.8
1421840 1077.8
1421850 1077.7
1421860 1076.6
1421870 1076.6
1421880 1070.3
1421890 1062.0
1421900 1062.0
1421910 1053.7
1421920 1047.0
1421930 1047.0
1421940 1044.0
1421950 1040.4
1421960 1034.6
1421970 1034.6
1421980 1034.5
1421990 1037.0
1422000 1037.0
1422010 1037.9
1422020 1038.7
1422030 1038.7
1422040 1040.7
1422050 1046.5
1422060 1046.5
1422070 1054.7
1422080 1061.1
1422090 1061.1
1422100 1065.6
1422110 1072.3
1422120 1080.3
1422130 1080.3
1422140 1085.8
1422150 1091.2
1422160 1091.2
1422170 1093.1
1422180 1095.6
1422190 1095.6
1422200 1099.5
1422210 1104.4
1422220 1104.4
1422230 1107.4
1422240 1108.0
1422250 1108.0
1422260 1110.4
1422270 1114.0
1422280 1115.9
1422290 1115.9
1422300 1116.4
1422310 1116.5
1422320 1116.5
1422330 1116.6
1422340 1116.8
1422350 1116.8
1422360 1116.8
1422370 1116.6
1422380 1116.6
1422390 1115.3
1422400 1113.4
1422410 1113.4
1422420 1111.1
1422430 1109.3
1422440 1108.5
1422450 1108.5
1422460 1108.1
1422470 1106.5
1422480 1106.5
1422490 1103.8
1422500 1103.0
1422510 1103.0
1422520 1102.7
1422530 1102.1
1422540 1102.1
1422550 1101.1
1422560 1100.4
1422570 1100.4
1422580 1100.7
1422590 1100.6
1422600 1100.5
1422610 1100.5
1422620 1100.4
1422630 1100.0
1422640 1100.0
1422650 1099.4
1422660 1099.0
1422670 1099.0
1422680 1099.0
1422690 1099.2
1422700 1099.2
1422710 1099.7
1422720 1100.4
1422730 1100.4
1422740 1101.3
1422750 1102.3
1422760 1102.3
1422770 1102.8
1422780 1102.9
1422790 1103.3
1422800 1103.3
1422810 1103.9
1422820 1104.2
1422830 1104.2
1422840 1104.7
1422850 1104.8
1422860 1104.8
1422870 1104.5
1422880 1104.1
1422890 1104.1
1422900 1104.3
1422910 1104.8
1422920 1104.8
1422930 1105.0
1422940 1105.2
1422950 1105.4
1422960 1105.4
1422970 1105.5
1422980 1105.6
1422990 1105.6
1423000 1106.0
1423010 1106.7
1423020 1106.7
1423030 1107.1
1423040 1108.3
1423050 1108.3
1423060 1108.8
1423070 1108.7
1423080 1108.7
1423090 1109.2
1423100 1110.0
1423110 1110.1
1423120 1110.1
1423130 1110.1
1423140 1110.2
1423150 1110.2
1423160 1110.0
1423170 1110.2
1423180 1110.2
1423190 1109.9
1423200 1109.6
1423210 1109.6
1423220 1109.8
1423230 1110.3
1423240 1110.3
1423250 1111.6
1423260 1112.9
1423270 1113.8
1423280 1113.8
1423290 1115.3
1423300 1115.4
1423310 1115.4
1423320 1113.8
1423330 1112.9
1423340 1112.9
1423350 1111.9
1423360 1110.8
1423370 1110.8
1423380 1109.3
1423390 1107.2
1423400 1107.2
1423410 1103.3
1423420 1098.9
1423430 1095.2
1423440 1095.2
1423450 1093.3
1423460 1093.1
1423470 1093.1
1423480 1093.4
1423490 1093.8
1423500 1093.8
1423510 1094.5
1423520 1095.4
1423530 1095.4
1423540 1096.4
1423550 1097.7
1423560 1097.7
1423570 1098.9
1423580 1100.3
1423590 1101.5
1423600 1101.5
1423610 1103.1
1423620 1104.4
1423630 1104.4
1423640 1106.0
1423650 1108.5
1423660 1108.5
1423670 1112.1
1423680 1114.6
1423690 1114.6
1423700 1115.9
1423710 1117.6
1423720 1117.6
1423730 1119.3
1423740 1120.6
1423750 1120.6
1423760 1121.5
1423770 1121.7
1423780 1121.4
1423790 1121.4
1423800 1121.1
1423810 1121.5
1423820 1121.5
1423830 1122.1
1423840 1122.6
1423850 1122.6
1423860 1123.1
1423870 1123.4
1423880 1123.4
1423890 1120.6
1423900 1111.2
1423910 1111.2
1423920 1110.3
1423930 1115.5
1423940 1122.5
1423950 1122.5
1423960 1130.8
1423970 1137.3
1423980 1137.3
1423990 1142.1
1424000 1146.9
1424010 1146.9
1424020 1151.2
1424030 1155.2
1424040 1155.2
1424050 1159.4
1424060 1163.1
1424070 1163.1
1424080 1167.4
1424090 1172.4
1424100 1177.9
1424110 1177.9
1424120 1183.5
1424130 1189.1
1424140 1189.1
1424150 1190.9
1424160 1188.0
1424170 1188.0
1424180 1184.6
1424190 1182.4
1424200 1182.4
1424210 1178.5
1424220 1172.7
1424230 1172.7
1424240 1166.7
1424250 1160.6
1424260 1155.1
1424270 1155.1
1424280 1149.6
1424290 1152.7
1424300 1152.7
1424310 1161.6
1424320 1170.8
1424330 1170.8
1424340 1178.7
1424350 1186.6
1424360 1186.6
1424370 1194.4
1424380 1202.0
1424390 1202.0
1424400 1208.8
1424410 1212.3
1424420 1215.1
1424430 1215.1
1424440 1217.1
1424450 1218.0
1424460 1218.0
1424470 1218.9
1424480 1219.3
1424490 1219.3
1424500 1219.7
1424510 1220.1
1424520 1220.1
1424530 1220.6
1424540 1220.7
1424550 1220.7
1424560 1220.7
1424570 1221.0
1424580 1221.0
1424590 1221.3
1424600 1221.3
1424610 1221.0
1424620 1221.0
1424630 1220.7
1424640 1219.8
1424650 1219.8
1424660 1218.9
1424670 1218.5
1424680 1218.5
1424690 1218.0
1424700 1217.7
1424710 1217.7
1424720 1217.0
1424730 1216.3
1424740 1216.3
1424750 1213.9
1424760 1213.7
1424770 1213.2
1424780 1213.2
1424790 1212.6
1424800 1212.1
1424810 1212.1
1424820 1211.9
1424830 1211.7
1424840 1211.7
1424850 1211.4
1424860 1210.5
1424870 1210.5
1424880 1207.1
1424890 1202.5
1424900 1202.5
1424910 1198.2
1424920 1193.3
1424930 1188.2
1424940 1188.2
1424950 1181.8
1424960 1175.2
1424970 1175.2
1424980 1172.4
1424990 1172.4
1425000 1172.4
1425010 1168.3
1425020 1161.8
1425030 1161.8
1425040 1157.8
1425050 1153.9
1425060 1153.9
1425070 1148.2
1425080 1142.6
1425090 1138.5
1425100 1138.5
1425110 1135.6
1425120 1130.5
1425130 1130.5
1425140 1123.4
1425150 1114.9
1425160 1114.9
1425170 1105.8
1425180 1098.5
1425190 1098.5
1425200 1092.5
1425210 1087.4
1425220 1087.4
1425230 1083.8
1425240 1082.6
1425250 1083.7
1425260 1083.7
1425270 1085.1
1425280 1088.4
1425290 1088.4
1425300 1091.6
1425310 1094.8
1425320 1094.8
1425330 1102.3
1425340 1110.8
1425350 1110.8
1425360 1120.0
1425370 1128.4
1425380 1128.4
1425390 1136.0
1425400 1142.8
1425410 1149.3
1425420 1149.3
1425430 1156.7
1425440 1164.3
1425450 1164.3
1425460 1171.4
1425470 1177.4
1425480 1177.4
1425490 1182.6
1425500 1187.1
1425510 1187.1
1425520 1191.3
1425530 1194.4
1425540 1194.4
1425550 1197.7
1425560 1202.1
1425570 1202.1
1425580 1207.7
1425590 1215.0
1425600 1222.1
1425610 1222.1
1425620 1229.6
1425630 1235.5
1425640 1235.5
1425650 1239.7
1425660 1244.9
1425670 1244.9
1425680 1251.7
1425690 1259.0
1425700 1259.0
1425710 1266.7
1425720 1272.6
1425730 1272.6
1425740 1278.0
1425750 1282.9
1425760 1286.7
1425770 1286.7
1425780 1290.5
1425790 1294.0
1425800 1294.0
1425810 1297.7
1425820 1300.9
1425830 1300.9
1425840 1304.0
1425850 1306.8
1425860 1306.8
1425870 1308.8
1425880 1310.5
1425890 1310.5
1425900 1311.3
1425910 1312.1
1425920 1313.5
1425930 1313.5
1425940 1314.7
1425950 1315.7
1425960 1315.7
1425970 1316.9
1425980 1319.0
1425990 1319.0
1426000 1321.1
1426010 1324.0
1426020 1324.0
1426030 1327.5
1426040 1330.4
1426050 1330.4
1426060 1332.8
1426070 1335.4
1426080 1338.2
1426090 1338.2
1426100 1340.6
1426110 1342.4
1426120 1342.4
1426130 1343.9
1426140 1345.3
1426150 1345.3
1426160 1346.5
1426170 1348.0
1426180 1348.0
1426190 1349.9
1426200 1351.0
1426210 1351.0
1426220 1351.3
1426230 1351.1
1426240 1350.6
1426250 1350.6
1426260 1350.5
1426270 1350.6
1426280 1350.6
1426290 1350.4
1426300 1350.1
1426310 1350.1
1426320 1349.2
1426330 1346.9
1426340 1346.9
1426350 1343.9
1426360 1340.1
1426370 1340.1
1426380 1336.0
1426390 1331.6
1426400 1331.6
1426410 1327.8
1426420 1323.4
1426430 1319.8
1426440 1319.8
1426450 1315.8
1426460 1312.3
1426470 1312.3
1426480 1307.2
1426490 1303.1
1426500 1303.1
1426510 1299.2
1426520 1295.6
1426530 1295.6
1426540 1291.2
1426550 1287.2
1426560 1287.2
1426570 1283.3
1426580 1279.8
1426590 1277.1
1426600 1277.1
1426610 1273.6
1426620 1269.4
1426630 1269.4
1426640 1265.0
1426650 1260.2
1426660 1260.2
1426670 1254.5
1426680 1247.9
1426690 1247.9
1426700 1239.6
1426710 1229.3
1426720 1229.3
1426730 1221.5
1426740 1216.9
1426750 1208.3
1426760 1208.3
1426770 1197.6
1426780 1195.3
1426790 1195.3
1426800 1190.8
1426810 1182.1
1426820 1182.1
1426830 1172.5
1426840 1162.7
1426850 1162.7
1426860 1153.8
1426870 1146.2
1426880 1146.2
1426890 1131.7
1426900 1124.0
1426910 1119.0
1426920 1119.0
1426930 1131.1
1426940 1142.2
1426950 1142.2
1426960 1149.0
1426970 1151.6
1426980 1151.6
1426990 1153.4
1427000 1157.4
1427010 1157.4
1427020 1162.5
1427030 1166.7
1427040 1166.7
1427050 1173.2
1427060 1181.1
1427070 1187.3
1427080 1187.3
1427090 1190.4
1427100 1195.3
1427110 1195.3
1427120 1204.2
1427130 1212.0
1427140 1212.0
1427150 1218.6
1427160 1225.1
1427170 1225.1
1427180 1232.0
1427190 1238.5
1427200 1238.5
1427210 1245.0
1427220 1251.6
1427230 1255.7
1427240 1255.7
1427250 1260.0
1427260 1264.5
1427270 1264.5
1427280 1268.8
1427290 1274.0
1427300 1274.0
1427310 1278.5
1427320 1282.3
1427330 1282.3
1427340 1286.3
1427350 1290.3
1427360 1290.3
1427370 1294.5
1427380 1299.0
1427390 1299.0
1427400 1303.4
1427410 1306.9
1427420 1309.6
1427430 1309.6
1427440 1312.1
1427450 1314.2
1427460 1314.2
1427470 1315.9
1427480 1317.8
1427490 1317.8
1427500 1319.9
1427510 1322.8
1427520 1322.8
1427530 1325.0
1427540 1327.3
1427550 1327.3
1427560 1329.6
1427570 1332.2
1427580 1335.6
1427590 1335.6
1427600 1338.6
1427610 1341.7
1427620 1341.7
1427630 1345.3
1427640 1349.0
1427650 1349.0
1427660 1352.3
1427670 1355.4
1427680 1355.4
1427690 1357.9
1427700 1360.0
1427710 1360.0
1427720 1362.6
1427730 1365.4
1427740 1368.7
1427750 1368.7
1427760 1371.6
1427770 1373.4
1427780 1373.4
1427790 1372.7
1427800 1370.0
1427810 1370.0
1427820 1372.0
1427830 1378.8
1427840 1378.8
1427850 1379.3
1427860 1375.0
1427870 1375.0
1427880 1374.8
1427890 1378.5
1427900 1384.8
1427910 1384.8
1427920 1390.9
1427930 1396.6
1427940 1396.6
1427950 1400.7
1427960 1403.6
1427970 1403.6
1427980 1407.2
1427990 1412.6
1428000 1412.6
1428010 1419.4
1428020 1427.4
1428030 1427.4
1428040 1435.5
1428050 1440.9
1428060 1447.8
1428070 1447.8
1428080 1453.7
1428090 1460.6
1428100 1460.6
1428110 1466.5
1428120 1468.5
1428130 1468.5
1428140 1469.4
1428150 1473.6
1428160 1473.6
1428170 1480.4
1428180 1485.6
1428190 1485.6
1428200 1489.6
1428210 1493.3
1428220 1496.8
1428230 1496.8
1428240 1500.9
1428250 1505.0
1428260 1505.0
1428270 1508.8
1428280 1512.7
1428290 1512.7
1428300 1517.3
1428310 1522.3
1428320 1522.3
1428330 1527.0
1428340 1532.3
1428350 1532.3
1428360 1537.4
1428370 1541.5
1428380 1541.5
1428390 1545.6
1428400 1549.8
1428410 1553.9
1428420 1553.9
1428430 1557.4
1428440 1559.8
1428450 1559.8
1428460 1562.2
1428470 1564.8
1428480 1564.8
1428490 1567.2
1428500 1569.5
1428510 1569.5
1428520 1572.1
1428530 1575.6
1428540 1575.6
1428550 1577.7
1428560 1580.5
1428570 1583.4
1428580 1583.4
1428590 1586.1
1428600 1588.8
1428610 1588.8
1428620 1591.5
1428630 1593.5
1428640 1593.5
1428650 1595.1
1428660 1596.1
1428670 1596.1
1428680 1596.9
1428690 1597.1
1428700 1597.1
1428710 1597.0
1428720 1597.9
1428730 1599.3
1428740 1599.3
1428750 1600.7
1428760 1601.6
1428770 1601.6
1428780 1602.3
1428790 1603.1
1428800 1603.1
1428810 1604.2
1428820 1605.0
1428830 1605.0
1428840 1606.2
1428850 1607.6
1428860 1607.6
1428870 1609.3
1428880 1611.1
1428890 1612.7
1428900 1612.7
1428910 1614.3
1428920 1616.3
1428930 1616.3
1428940 1618.1
1428950 1620.0
1428960 1620.0
1428970 1622.1
1428980 1624.1
1428990 1624.1
1429000 1626.4
1429010 1629.1
1429020 1629.1
1429030 1631.3
1429040 1633.3
1429050 1634.8
1429060 1634.8
1429070 1636.3
1429080 1637.2
1429090 1637.2
1429100 1638.0
1429110 1634.0
1429120 1634.0
1429130 1634.7
1429140 1635.4
1429150 1635.4
1429160 1635.9
1429170 1636.0
1429180 1636.0
1429190 1637.3
1429200 1638.7
1429210 1639.5
1429220 1639.5
1429230 1640.2
1429240 1641.4
1429250 1641.4
1429260 1642.2
1429270 1643.1
1429280 1643.1
1429290 1644.3
1429300 1645.6
1429310 1645.6
1429320 1647.0
1429330 1648.3
1429340 1648.3
1429350 1648.8
1429360 1649.6
1429370 1649.6
1429380 1650.2
1429390 1650.7
1429400 1651.3
1429410 1651.3
1429420 1651.9
1429430 1652.6
1429440 1652.6
1429450 1653.4
1429460 1654.2
1429470 1654.2
1429480 1654.8
1429490 1655.5
1429500 1655.5
1429510 1657.3
1429520 1659.0
1429530 1659.0
1429540 1659.3
1429550 1659.4
1429560 1659.7
1429570 1659.7
1429580 1660.0
1429590 1660.3
1429600 1660.3
1429610 1660.6
1429620 1660.9
1429630 1660.9
1429640 1661.2
1429650 1661.3
1429660 1661.3
1429670 1661.4
1429680 1661.2
1429690 1661.2
1429700 1660.6
1429710 1660.5
1429720 1660.3
1429730 1660.3
1429740 1659.0
1429750 1657.2
1429760 1657.2
1429770 1657.9
1429780 1658.3
1429790 1658.3
1429800 1658.0
1429810 1656.8
1429820 1656.8
1429830 1655.5
1429840 1655.1
1429850 1655.1
1429860 1654.6
1429870 1653.9
1429880 1653.6
1429890 1653.6
1429900 1653.1
1429910 1651.8
1429920 1651.8
1429930 1649.3
1429940 1649.0
1429950 1649.0
1429960 1648.8
1429970 1647.3
1429980 1647.3
1429990 1645.9
1430000 1644.3
1430010 1644.3
1430020 1643.3
1430030 1642.7
1430040 1642.0
1430050 1642.0
1430060 1639.9
1430070 1638.1
1430080 1638.1
1430090 1637.5
1430100 1636.6
1430110 1636.6
1430120 1635.8
1430130 1633.9
1430140 1633.9
1430150 1631.4
1430160 1628.7
1430170 1628.7
1430180 1625.9
1430190 1622.5
1430200 1622.5
1430210 1618.6
1430220 1612.6
1430230 1606.6
1430240 1606.6
1430250 1603.1
1430260 1598.4
1430270 1598.4
1430280 1594.5
1430290 1591.6
1430300 1591.6
1430310 1589.0
1430320 1586.0
1430330 1586.0
1430340 1582.3
1430350 1578.5
1430360 1578.5
1430370 1574.0
1430380 1567.5
1430390 1561.3
1430400 1561.3
1430410 1556.6
1430420 1550.9
1430430 1550.9
1430440 1545.9
1430450 1540.7
1430460 1540.7
1430470 1535.6
1430480 1529.6
1430490 1529.6
1430500 1522.1
1430510 1513.6
1430520 1513.6
1430530 1506.3
1430540 1498.2
1430550 1487.6
1430560 1487.6
1430570 1477.8
1430580 1466.7
1430590 1466.7
1430600 1454.2
1430610 1441.0
1430620 1441.0
1430630 1429.5
1430640 1417.2
1430650 1417.2
1430660 1413.6
1430670 1418.6
1430680 1418.6
1430690 1428.3
1430700 1438.0
1430710 1448.1
1430720 1448.1
1430730 1454.1
1430740 1459.2
1430750 1459.2
1430760 1463.2
1430770 1466.3
1430780 1466.3
1430790 1470.4
1430800 1473.9
1430810 1473.9
1430820 1476.6
1430830 1481.1
1430840 1481.1
1430850 1487.4
1430860 1495.4
1430870 1499.5
1430880 1499.5
1430890 1499.5
1430900 1500.1
1430910 1500.1
1430920 1500.4
1430930 1502.5
1430940 1502.5
1430950 1506.1
1430960 1509.2
1430970 1509.2
1430980 1511.1
1430990 1510.5
1431000 1510.5
1431010 1510.2
1431020 1509.2
1431030 1512.0
1431040 1512.0
1431050 1516.6
1431060 1522.2
1431070 1522.2
1431080 1527.9
1431090 1533.0
1431100 1533.0
1431110 1535.2
1431120 1537.0
1431130 1537.0
1431140 1536.0
1431150 1536.0
1431160 1536.0
1431170 1537.8
1431180 1537.8
1431190 1537.8
1431200 1537.0
1431210 1536.8
1431220 1537.5
1431230 1537.5
1431240 1539.1
1431250 1540.9
1431260 1540.9
1431270 1547.0
1431280 1553.3
1431290 1553.3
1431300 1556.4
1431310 1559.5
1431320 1559.5
1431330 1567.0
1431340 1575.6
1431350 1575.6
1431360 1579.1
1431370 1581.5
1431380 1584.5
1431390 1584.5
1431400 1589.5
1431410 1593.6
1431420 1590.0
1431430 1593.9
1431440 1599.3
1431450 1599.3
1431460 1604.2
1431470 1608.5
1431480 1608.5
1431490 1613.2
1431500 1617.8
1431510 1617.8
1431520 1622.1
1431530 1626.4
1431540 1630.4
1431550 1630.4
1431560 1632.8
1431570 1635.6
1431580 1635.6
1431590 1639.6
1431600 1643.8
1431610 1643.8
1431620 1647.9
1431630 1651.3
1431640 1651.3
1431650 1653.8
1431660 1655.3
1431670 1655.3
1431680 1655.9
1431690 1656.3
1431700 1656.7
1431710 1656.7
1431720 1655.2
1431730 1657.3
1431740 1657.3
1431750 1662.8
1431760 1667.6
1431770 1667.6
1431780 1671.3
1431790 1674.6
1431800 1674.6
1431810 1677.4
1431820 1680.0
1431830 1680.0
1431840 1683.1
1431850 1685.4
1431860 1686.8
1431870 1686.8
1431880 1686.2
1431890 1686.8
1431900 1686.8
1431910 1690.6
1431920 1693.3
1431930 1693.3
1431940 1695.4
1431950 1697.4
1431960 1697.4
1431970 1699.7
1431980 1701.6
1431990 1701.6
1432000 1703.2
1432010 1704.3
1432020 1704.6
1432030 1704.6
1432040 1705.6
1432050 1706.4
1432060 1706.4
1432070 1706.6
1432080 1707.4
1432090 1707.4
1432100 1708.7
1432110 1710.3
1432120 1710.3
1432130 1711.7
1432140 1712.3
1432150 1712.3
1432160 1711.8
1432170 1711.1
1432180 1711.1
1432190 1711.5
1432200 1712.7
1432210 1714.4
1432220 1714.4
1432230 1716.7
1432240 1719.3
1432250 1719.3
1432260 1721.5
1432270 1723.4
1432280 1723.4
1432290 1725.1
1432300 1726.9
1432310 1726.9
1432320 1728.9
1432330 1730.4
1432340 1730.4
1432350 1731.5
1432360 1732.6
1432370 1733.5
1432380 1733.5
1432390 1734.5
1432400 1735.1
1432410 1735.1
1432420 1735.6
1432430 1735.6
1432440 1735.6
1432450 1734.8
1432460 1733.5
1432470 1733.5
1432480 1733.8
1432490 1734.2
1432500 1734.2
1432510 1733.4
1432520 1732.2
1432530 1730.4
1432540 1730.4
1432550 1728.9
1432560 1727.2
1432570 1727.2
1432580 1725.6
1432590 1724.0
1432600 1724.0
1432610 1722.9
1432620 1720.3
1432630 1720.3
1432640 1717.3
1432650 1713.7
1432660 1713.7
1432670 1709.8
1432680 1706.3
1432690 1703.1
1432700 1703.1
1432710 1700.2
1432720 1697.0
1432730 1697.0
1432740 1693.9
1432750 1690.9
1432760 1690.9
1432770 1687.1
1432780 1683.0
1432790 1683.0
1432800 1678.0
1432810 1674.5
1432820 1674.5
1432830 1672.1
1432840 1669.2
1432850 1665.5
1432860 1665.5
1432870 1659.8
1432880 1653.5
1432890 1653.5
1432900 1646.9
1432910 1640.3
1432920 1640.3
1432930 1634.6
1432940 1629.7
1432950 1629.7
1432960 1624.4
1432970 1618.5
1432980 1618.5
1432990 1612.5
1433000 1606.7
1433010 1606.7
1433020 1601.6
1433030 1599.2
1433040 1600.9
1433050 1600.9
1433060 1602.5
1433070 1603.5
1433080 1603.5
1433090 1603.1
1433100 1601.0
1433110 1601.0
1433120 1598.1
1433130 1595.0
1433140 1595.0
1433150 1592.0
1433160 1589.0
1433170 1589.0
1433180 1584.9
1433190 1581.4
1433200 1575.3
1433210 1575.3
1433220 1568.5
1433230 1562.0
1433240 1562.0
1433250 1555.7
1433260 1549.0
1433270 1549.0
1433280 1542.2
1433290 1536.1
1433300 1536.1
1433310 1530.5
1433320 1524.2
1433330 1524.2
1433340 1515.7
1433350 1506.6
1433360 1500.6
1433370 1500.6
1433380 1496.0
1433390 1488.8
1433400 1488.8
1433410 1480.2
1433420 1469.1
1433430 1469.1
1433440 1459.0
1433450 1449.9
1433460 1449.9
1433470 1456.4
1433480 1466.9
1433490 1466.9
1433500 1474.5
1433510 1477.1
1433520 1475.1
1433530 1475.1
1433540 1473.7
1433550 1474.6
1433560 1474.6
1433570 1475.2
1433580 1475.7
1433590 1475.7
1433600 1477.4
1433610 1478.9
1433620 1478.9
1433630 1480.2
1433640 1482.5
1433650 1482.5
1433660 1486.4
1433670 1491.5
1433680 1496.6
1433690 1496.6
1433700 1497.9
1433710 1496.6
1433720 1496.6
1433730 1497.8
1433740 1498.6
1433750 1498.6
1433760 1497.3
1433770 1493.4
1433780 1493.4
1433790 1488.1
1433800 1489.4
1433810 1489.4
1433820 1494.1
1433830 1496.9
1433840 1498.8
1433850 1493.1
1433860 1495.0
1433870 1495.9
1433880 1495.9
1433890 1501.6
1433900 1505.6
1433910 1505.6
1433920 1507.4
1433930 1508.9
1433940 1508.9
1433950 1510.2
1433960 1512.2
1433970 1512.2
1433980 1515.7
1433990 1519.0
1434000 1519.0
1434010 1521.3
1434020 1523.0
1434030 1525.7
1434040 1525.7
1434050 1528.0
1434060 1529.4
1434070 1529.4
1434080 1534.2
1434090 1537.7
1434100 1537.7
1434110 1540.9
1434120 1544.0
1434130 1544.0
1434140 1545.9
1434150 1548.3
1434160 1548.3
1434170 1552.2
1434180 1556.8
1434190 1562.2
1434200 1562.2
1434210 1566.8
1434220 1570.0
1434230 1570.0
1434240 1573.7
1434250 1577.9
1434260 1577.9
1434270 1581.5
1434280 1585.3
1434290 1585.3
1434300 1589.5
1434310 1592.4
1434320 1592.4
1434330 1595.6
1434340 1597.8
1434350 1600.6
1434360 1600.6
1434370 1602.8
1434380 1604.1
1434390 1604.1
1434400 1605.2
1434410 1606.3
1434420 1606.3
1434430 1607.5
1434440 1608.5
1434450 1608.5
1434460 1609.1
1434470 1609.3
1434480 1609.3
1434490 1609.2
1434500 1609.2
1434510 1609.2
1434520 1609.2
1434530 1608.4
1434540 1608.1
1434550 1608.1
1434560 1607.6
1434570 1606.1
1434580 1606.1
1434590 1603.8
1434600 1602.9
1434610 1602.9
1434620 1601.7
1434630 1599.9
1434640 1599.9
1434650 1598.2
1434660 1596.7
1434670 1594.9
1434680 1594.9
1434690 1593.2
1434700 1591.0
1434710 1591.0
1434720 1588.6
1434730 1586.0
1434740 1586.0
1434750 1583.3
1434760 1580.3
1434770 1580.3
1434780 1577.0
1434790 1573.6
1434800 1573.6
1434810 1569.9
1434820 1565.3
1434830 1560.8
1434840 1560.8
1434850 1556.6
1434860 1552.7
1434870 1552.7
1434880 1548.8
1434890 1543.1
1434900 1543.1
1434910 1537.3
1434920 1532.1
1434930 1532.1
1434940 1527.2
1434950 1520.1
1434960 1520.1
1434970 1512.5
1434980 1505.1
1434990 1505.1
1435000 1498.5
1435010 1491.5
1435020 1483.3
1435030 1483.3
1435040 1474.9
1435050 1466.3
1435060 1466.3
1435070 1457.4
1435080 1448.3
1435090 1448.3
1435100 1440.1
1435110 1432.5
1435120 1432.5
1435130 1425.3
1435140 1418.4
1435150 1418.4
1435160 1410.9
1435170 1403.9
1435180 1397.5
1435190 1397.5
1435200 1390.7
1435210 1384.2
1435220 1384.2
1435230 1379.3
1435240 1374.5
1435250 1374.5
1435260 1368.3
1435270 1361.0
1435280 1361.0
1435290 1353.7
1435300 1346.6
1435310 1346.6
1435320 1339.0
1435330 1330.8
1435340 1323.4
1435350 1323.4
1435360 1316.5
1435370 1309.8
1435380 1309.8
1435390 1302.8
1435400 1295.8
1435410 1295.8
1435420 1289.3
1435430 1285.0
1435440 1285.0
1435450 1281.1
1435460 1277.3
1435470 1277.3
1435480 1274.3
1435490 1271.2
1435500 1268.7
1435510 1268.7
1435520 1266.4
1435530 1263.2
1435540 1263.2
1435550 1259.5
1435560 1255.3
1435570 1255.3
1435580 1251.2
1435590 1245.7
1435600 1245.7
1435610 1240.3
1435620 1234.9
1435630 1234.9
1435640 1227.8
1435650 1220.6
1435660 1213.7
1435670 1213.7
1435680 1207.3
1435690 1200.7
1435700 1200.7
1435710 1195.0
1435720 1190.0
1435730 1190.0
1435740 1185.7
1435750 1180.4
1435760 1180.4
1435770 1174.6
1435780 1172.2
1435790 1172.2
1435800 1173.0
1435810 1172.2
1435820 1172.2
1435830 1169.1
1435840 1166.0
1435850 1162.6
1435860 1162.6
1435870 1160.1
1435880 1158.1
1435890 1158.1
1435900 1155.9
1435910 1152.9
1435920 1152.9
1435930 1146.4
1435940 1137.7
1435950 1137.7
1435960 1127.7
1435970 1118.5
1435980 1118.5
1435990 1108.9
1436000 1100.9
1436010 1096.9
1436020 1096.9
1436030 1093.4
1436040 1086.3
1436050 1086.3
1436060 1080.5
1436070 1075.8
1436080 1075.8
1436090 1071.1
1436100 1070.2
1436110 1070.2
1436120 1069.0
1436130 1061.6
1436140 1061.6
1436150 1054.7
1436160 1052.5
1436170 1051.9
1436180 1051.9
1436190 1053.1
1436200 1061.9
1436210 1061.9
1436220 1068.1
1436230 1069.9
1436240 1069.9
1436250 1072.0
1436260 1075.9
1436270 1075.9
1436280 1081.1
1436290 1088.1
1436300 1088.1
1436310 1096.4
1436320 1102.5
1436330 1104.6
1436340 1104.6
1436350 1107.0
1436360 1109.1
1436370 1109.1
1436380 1105.0
1436390 1098.5
1436400 1088.7
1436410 1086.6
1436420 1088.9
1436430 1088.9
1436440 1089.1
1436450 1085.1
1436460 1085.1
1436470 1079.4
1436480 1075.1
1436490 1078.0
1436500 1078.0
1436510 1082.7
1436520 1089.2
1436530 1089.2
1436540 1097.4
1436550 1105.4
1436560 1105.4
1436570 1108.3
1436580 1110.5
1436590 1110.5
1436600 1115.5
1436610 1120.3
1436620 1120.3
1436630 1126.7
1436640 1129.2
1436650 1131.7
1436660 1131.7
1436670 1135.0
1436680 1138.3
1436690 1138.3
1436700 1142.9
1436710 1146.7
1436720 1146.7
1436730 1151.3
1436740 1157.2
1436750 1157.2
1436760 1160.0
1436770 1164.7
1436780 1164.7
1436790 1169.4
1436800 1173.0
1436810 1173.0
1436820 1178.9
1436830 1183.6
1436840 1187.4
1436850 1187.4
1436860 1191.1
1436870 1195.1
1436880 1195.1
1436890 1199.7
1436900 1205.5
1436910 1205.5
1436920 1212.5
1436930 1219.7
1436940 1219.7
1436950 1226.6
1436960 1232.8
1436970 1232.8
1436980 1238.8
1436990 1244.1
1437000 1248.4
1437010 1248.4
1437020 1252.8
1437030 1257.2
1437040 1257.2
1437050 1261.5
1437060 1265.9
1437070 1265.9
1437080 1270.5
1437090 1273.0
1437100 1273.0
1437110 1275.7
1437120 1280.3
1437130 1280.3
1437140 1284.6
1437150 1288.7
1437160 1291.6
1437170 1291.6
1437180 1294.9
1437190 1299.3
1437200 1299.3
1437210 1303.6
1437220 1307.0
1437230 1307.0
1437240 1310.0
1437250 1312.7
1437260 1312.7
1437270 1316.3
1437280 1320.2
1437290 1320.2
1437300 1323.4
1437310 1327.1
1437320 1330.9
1437330 1330.9
1437340 1334.6
1437350 1339.7
1437360 1339.7
1437370 1345.8
1437380 1350.6
1437390 1350.6
1437400 1353.6
1437410 1356.8
1437420 1356.8
1437430 1360.6
1437440 1364.1
1437450 1364.1
1437460 1366.3
1437470 1369.8
1437480 1374.0
1437490 1374.0
1437500 1378.2
1437510 1381.3
1437520 1381.3
1437530 1383.2
1437540 1385.2
1437550 1385.2
1437560 1387.0
1437570 1388.2
1437580 1388.2
1437590 1390.2
1437600 1393.5
1437610 1393.5
1437620 1397.8
1437630 1402.4
1437640 1406.9
1437650 1406.9
1437660 1411.2
1437670 1415.5
1437680 1415.5
1437690 1419.6
1437700 1424.4
1437710 1424.4
1437720 1429.3
1437730 1434.7
1437740 1434.7
1437750 1439.9
1437760 1445.8
1437770 1445.8
1437780 1449.2
1437790 1453.2
1437800 1453.2
1437810 1457.6
1437820 1461.5
1437830 1465.5
1437840 1465.5
1437850 1468.6
1437860 1471.1
1437870 1471.1
1437880 1473.4
1437890 1474.9
1437900 1474.9
1437910 1476.4
1437920 1478.3
1437930 1478.3
1437940 1483.3
1437950 1488.7
1437960 1488.7
1437970 1491.1
1437980 1492.6
1437990 1494.0
1438000 1494.0
1438010 1494.9
1438020 1495.7
1438030 1495.7
1438040 1496.6
1438050 1497.7
1438060 1497.7
1438070 1498.6
1438080 1499.2
1438090 1499.2
1438100 1499.9
1438110 1500.9
1438120 1500.9
1438130 1502.2
1438140 1503.2
1438150 1503.2
1438160 1503.2
1438170 1502.9
1438180 1502.7
1438190 1502.7
1438200 1502.6
1438210 1502.7
1438220 1502.7
1438230 1502.8
1438240 1502.9
1438250 1502.9
1438260 1503.3
1438270 1504.3
1438280 1504.3
1438290 1505.1
1438300 1505.1
1438310 1504.9
1438320 1504.9
1438330 1504.8
1438340 1504.5
1438350 1504.5
1438360 1504.1
1438370 1503.9
1438380 1503.9
1438390 1503.7
1438400 1503.1
1438410 1503.1
1438420 1502.6
1438430 1501.8
1438440 1501.8
1438450 1500.6
1438460 1500.4
1438470 1500.4
1438480 1500.4
1438490 1500.7
1438500 1498.6
1438510 1498.6
1438520 1496.2
1438530 1494.7
1438540 1494.7
1438550 1494.3
1438560 1493.8
1438570 1493.8
1438580 1491.3
1438590 1487.4
1438600 1487.4
1438610 1483.8
1438620 1480.6
1438630 1479.2
1438640 1479.2
1438650 1482.1
1438660 1485.4
1438670 1485.4
1438680 1489.0
1438690 1491.5
1438700 1491.5
1438710 1490.8
1438720 1489.5
1438730 1489.5
1438740 1488.9
1438750 1488.1
1438760 1488.1
1438770 1484.9
1438780 1480.0
1438790 1480.0
1438800 1479.2
1438810 1479.7
1438820 1479.9
1438830 1479.9
1438840 1480.9
1438850 1479.6
1438860 1479.6
1438870 1478.6
1438880 1478.6
1438890 1478.6
1438900 1476.3
1438910 1471.6
1438920 1471.6
1438930 1469.8
1438940 1470.1
1438950 1470.1
1438960 1468.5
1438970 1465.3
1438980 1461.4
1438990 1461.4
1439000 1459.1
1439010 1455.1
1439020 1455.1
1439030 1449.8
1439040 1443.9
1439050 1443.9
1439060 1438.2
1439070 1432.9
1439080 1432.9
1439090 1420.0
1439100 1421.6
1439110 1421.6
1439120 1429.9
1439130 1437.6
1439140 1444.7
1439150 1444.7
1439160 1452.4
1439170 1459.7
1439180 1459.7
1439190 1466.8
1439200 1474.3
1439210 1474.3
1439220 1481.4
1439230 1488.0
1439240 1488.0
1439250 1493.4
1439260 1498.2
1439270 1498.2
1439280 1502.6
1439290 1506.3
1439300 1508.2
1439310 1508.2
1439320 1508.0
1439330 1506.1
1439340 1506.1
1439350 1504.6
1439360 1502.4
1439370 1502.4
1439380 1499.7
1439390 1496.9
1439400 1496.9
1439410 1494.2
1439420 1490.9
1439430 1490.9
1439440 1487.1
1439450 1483.5
1439460 1479.5
1439470 1479.5
1439480 1475.5
1439490 1471.9
1439500 1471.9
1439510 1468.3
1439520 1465.8
1439530 1465.8
1439540 1462.0
1439550 1457.1
1439560 1457.1
1439570 1452.4
1439580 1448.1
1439590 1448.1
1439600 1444.5
1439610 1440.1
1439620 1440.1
1439630 1436.1
1439640 1432.5
1439650 1429.9
1439660 1429.9
1439670 1426.0
1439680 1421.7
1439690 1421.7
1439700 1417.1
1439710 1412.8
1439720 1412.8
1439730 1408.8
1439740 1404.5
1439750 1404.5
1439760 1398.9
1439770 1393.6
1439780 1393.6
1439790 1388.5
1439800 1383.7
1439810 1378.7
1439820 1378.7
1439830 1373.9
1439840 1369.5
1439850 1369.5
1439860 1364.8
1439870 1360.0
1439880 1360.0
1439890 1355.4
1439900 1350.3
1439910 1350.3
1439920 1343.6
1439930 1338.5
1439940 1338.5
1439950 1333.9
1439960 1329.2
1439970 1324.7
1439980 1324.7
1439990 1319.6
