1420000 1666.0
1420010 1662.0
1420020 1662.0
1420030 1658.1
1420040 1654.8
1420050 1654.8
1420060 1652.2
1420070 1649.6
1420080 1649.6
1420090 1646.7
1420100 1643.7
1420110 1640.6
1420120 1640.6
1420130 1637.1
1420140 1633.4
1420150 1633.4
1420160 1629.9
1420170 1626.2
1420180 1626.2
1420190 1622.9
1420200 1619.9
1420210 1619.9
1420220 1617.3
1420230 1615.0
1420240 1615.0
1420250 1612.7
1420260 1610.6
1420270 1608.7
1420280 1608.7
1420290 1607.4
1420300 1607.7
1420310 1607.7
1420320 1609.4
1420330 1610.1
1420340 1610.1
1420350 1609.9
1420360 1609.3
1420370 1609.3
1420380 1608.7
1420390 1608.2
1420400 1608.2
1420410 1607.5
1420420 1605.8
1420430 1605.8
1420440 1602.7
1420450 1598.9
1420460 1595.7
1420470 1595.7
1420480 1593.2
1420490 1590.7
1420500 1590.7
1420510 1587.7
1420520 1584.4
1420530 1584.4
1420540 1581.5
1420550 1578.1
1420560 1578.1
1420570 1574.5
1420580 1570.2
1420590 1570.2
1420600 1565.9
1420610 1560.9
1420620 1555.9
1420630 1555.9
1420640 1551.4
1420650 1546.0
1420660 1546.0
1420670 1540.3
1420680 1534.0
1420690 1534.0
1420700 1527.4
1420710 1520.5
1420720 1520.5
1420730 1513.7
1420740 1506.9
1420750 1506.9
1420760 1499.7
1420770 1492.2
1420780 1485.2
1420790 1485.2
1420800 1478.0
1420810 1470.1
1420820 1470.1
1420830 1459.0
1420840 1448.7
1420850 1448.7
1420860 1442.5
1420870 1440.1
1420880 1440.1
1420890 1438.5
1420900 1436.6
1420910 1436.6
1420920 1432.7
1420930 1425.5
1420940 1417.6
1420950 1417.6
1420960 1411.6
1420970 1408.1
1420980 1408.1
1420990 1403.8
1421000 1399.2
1421010 1399.2
1421020 1394.6
1421030 1389.1
1421040 1389.1
1421050 1382.7
1421060 1376.4
1421070 1376.4
1421080 1371.1
1421090 1368.3
1421100 1368.3
1421110 1365.0
1421120 1358.5
1421130 1352.3
1421140 1352.3
1421150 1347.8
1421160 1345.0
1421170 1345.0
1421180 1341.5
1421190 1337.0
1421200 1337.0
1421210 1332.9
1421220 1329.4
1421230 1329.4
1421240 1329.8
1421250 1325.6
1421260 1325.6
1421270 1318.6
1421280 1310.4
1421290 1303.9
1421300 1303.9
1421310 1297.9
1421320 1293.9
1421330 1293.9
1421340 1290.3
1421350 1285.3
1421360 1285.3
1421370 1280.6
1421380 1275.7
1421390 1275.7
1421400 1271.6
1421410 1268.7
1421420 1268.7
1421430 1265.3
1421440 1261.1
1421450 1258.0
1421460 1258.0
1421470 1255.2
1421480 1251.9
1421490 1251.9
1421500 1248.1
1421510 1244.0
1421520 1244.0
1421530 1237.3
1421540 1230.1
1421550 1230.1
1421560 1222.7
1421570 1217.3
1421580 1217.3
1421590 1214.0
1421600 1207.1
1421610 1199.1
1421620 1199.1
1421630 1190.6
1421640 1181.9
1421650 1181.9
1421660 1173.3
1421670 1165.7
1421680 1165.7
1421690 1160.3
1421700 1153.6
1421710 1153.6
1421720 1151.3
1421730 1150.8
1421740 1150.8
1421750 1152.6
1421760 1154.5
1421770 1159.3
1421780 1159.3
1421790 1162.3
1421800 1163.8
1421810 1163.8
1421820 1165.0
1421830 1168.7
1421840 1168.7
1421850 1175.4
1421860 1182.8
1421870 1182.8
1421880 1188.1
1421890 1190.3
1421900 1190.3
1421910 1191.4
1421920 1192.1
1421930 1192.1
1421940 1195.1
1421950 1198.3
1421960 1199.7
1421970 1199.7
1421980 1203.0
1421990 1208.7
1422000 1208.7
1422010 1214.7
1422020 1219.9
1422030 1219.9
1422040 1225.0
1422050 1230.1
1422060 1230.1
1422070 1235.4
1422080 1241.5
1422090 1241.5
1422100 1248.0
1422110 1254.6
1422120 1260.4
1422130 1260.4
1422140 1265.0
1422150 1270.4
1422160 1270.4
1422170 1272.5
1422180 1274.0
1422190 1274.0
1422200 1277.4
1422210 1280.2
1422220 1280.2
1422230 1283.0
1422240 1284.6
1422250 1284.6
1422260 1288.1
1422270 1291.8
1422280 1296.3
1422290 1296.3
1422300 1301.3
1422310 1306.6
1422320 1306.6
1422330 1311.7
1422340 1316.5
1422350 1316.5
1422360 1320.4
1422370 1324.3
1422380 1324.3
1422390 1329.2
1422400 1334.5
1422410 1334.5
1422420 1340.0
1422430 1345.3
1422440 1351.3
1422450 1351.3
1422460 1356.9
1422470 1362.6
1422480 1362.6
1422490 1368.0
1422500 1373.4
1422510 1373.4
1422520 1379.1
1422530 1384.6
1422540 1384.6
1422550 1389.8
1422560 1395.1
1422570 1395.1
1422580 1400.4
1422590 1406.4
1422600 1406.4
1422610 1411.4
1422620 1416.7
1422630 1421.6
1422640 1421.6
1422650 1426.9
1422660 1430.9
1422670 1430.9
1422680 1435.9
1422690 1439.1
1422700 1439.1
1422710 1442.2
1422720 1446.7
1422730 1446.7
1422740 1451.9
1422750 1456.3
1422760 1456.3
1422770 1459.7
1422780 1464.1
1422790 1467.6
1422800 1467.6
1422810 1471.0
1422820 1474.4
1422830 1474.4
1422840 1478.2
1422850 1482.1
1422860 1482.1
1422870 1486.3
1422880 1489.8
1422890 1489.8
1422900 1493.3
1422910 1497.1
1422920 1497.1
1422930 1500.9
1422940 1504.2
1422950 1506.6
1422960 1506.6
1422970 1509.3
1422980 1512.1
1422990 1512.1
1423000 1515.5
1423010 1519.0
1423020 1519.0
1423030 1521.9
1423040 1525.7
1423050 1525.7
1423060 1528.8
1423070 1531.1
1423080 1531.1
1423090 1533.3
1423100 1535.6
1423110 1538.2
1423120 1538.2
1423130 1540.1
1423140 1542.5
1423150 1542.5
1423160 1545.2
1423170 1548.8
1423180 1548.8
1423190 1551.9
1423200 1554.4
1423210 1554.4
1423220 1556.2
1423230 1557.4
1423240 1557.4
1423250 1558.6
1423260 1558.6
1423270 1558.6
1423280 1561.3
1423290 1563.8
1423300 1566.2
1423310 1566.2
1423320 1568.5
1423330 1571.3
1423340 1571.3
1423350 1573.6
1423360 1575.2
1423370 1575.2
1423380 1577.2
1423390 1579.2
1423400 1579.2
1423410 1581.2
1423420 1583.4
1423430 1583.4
1423440 1585.7
1423450 1587.9
1423460 1590.2
1423470 1590.2
1423480 1592.3
1423490 1594.3
1423500 1594.3
1423510 1596.1
1423520 1597.6
1423530 1597.6
1423540 1599.2
1423550 1600.9
1423560 1600.9
1423570 1602.7
1423580 1604.1
1423590 1604.1
1423600 1605.2
1423610 1606.2
1423620 1607.5
1423630 1607.5
1423640 1608.6
1423650 1609.7
1423660 1609.7
1423670 1610.1
1423680 1610.4
1423690 1610.4
1423700 1610.7
1423710 1611.2
1423720 1611.2
1423730 1611.5
1423740 1611.5
1423750 1611.5
1423760 1610.9
1423770 1610.1
1423780 1609.6
1423790 1609.6
1423800 1609.2
1423810 1609.1
1423820 1609.1
1423830 1609.2
1423840 1609.8
1423850 1609.8
1423860 1610.5
1423870 1611.1
1423880 1611.1
1423890 1611.8
1423900 1612.2
1423910 1612.2
1423920 1612.7
1423930 1613.9
1423940 1615.3
1423950 1615.3
1423960 1616.7
1423970 1618.0
1423980 1618.0
1423990 1619.4
1424000 1620.5
1424010 1620.5
1424020 1621.9
1424030 1624.1
1424040 1624.1
1424050 1626.4
1424060 1627.8
1424070 1627.8
1424080 1629.2
1424090 1630.9
1424100 1630.9
1424110 1631.9
1424120 1632.6
1424130 1629.9
1424140 1629.9
1424150 1626.3
1424160 1623.6
1424170 1623.6
1424180 1623.0
1424190 1620.7
1424200 1620.7
1424210 1617.0
1424220 1614.7
1424230 1614.7
1424240 1612.8
1424250 1613.2
1424260 1613.2
1424270 1614.1
1424280 1614.5
1424290 1614.4
1424300 1614.4
1424310 1612.7
1424320 1610.7
1424330 1610.7
1424340 1609.2
1424350 1605.5
1424360 1605.5
1424370 1600.2
1424380 1598.9
1424390 1598.9
1424400 1597.7
1424410 1594.5
1424420 1594.5
1424430 1591.2
1424440 1587.1
1424450 1580.6
1424460 1580.6
1424470 1575.1
1424480 1573.1
1424490 1573.1
1424500 1572.5
1424510 1570.6
1424520 1570.6
1424530 1566.6
1424540 1562.7
1424550 1562.7
1424560 1559.4
1424570 1555.9
1424580 1555.9
1424590 1552.3
1424600 1549.5
1424610 1546.5
1424620 1546.5
1424630 1542.1
1424640 1537.0
1424650 1537.0
1424660 1531.0
1424670 1524.4
1424680 1524.4
1424690 1518.5
1424700 1511.7
1424710 1511.7
1424720 1505.2
1424730 1498.3
1424740 1498.3
1424750 1490.4
1424760 1481.9
1424770 1481.9
1424780 1478.1
1424790 1478.3
1424800 1480.8
1424810 1480.8
1424820 1484.4
1424830 1485.3
1424840 1485.3
1424850 1485.8
1424860 1487.9
1424870 1487.9
1424880 1488.6
1424890 1482.5
1424900 1482.5
1424910 1472.3
1424920 1462.6
1424930 1462.6
1424940 1454.2
1424950 1444.3
1424960 1435.3
1424970 1435.3
1424980 1429.5
1424990 1420.6
1425000 1420.6
1425010 1410.7
1425020 1400.0
1425030 1400.0
1425040 1391.2
1425050 1387.1
1425060 1387.1
1425070 1385.1
1425080 1383.2
1425090 1383.2
1425100 1382.2
1425110 1381.3
1425120 1379.3
1425130 1379.3
1425140 1378.1
1425150 1377.8
1425160 1377.8
1425170 1377.7
1425180 1377.9
1425190 1377.9
1425200 1379.2
1425210 1382.0
1425220 1382.0
1425230 1385.7
1425240 1392.2
1425250 1392.2
1425260 1396.4
1425270 1394.5
1425280 1389.8
1425290 1389.8
1425300 1387.8
1425310 1391.0
1425320 1391.0
1425330 1397.8
1425340 1406.6
1425350 1406.5
1425360 1415.6
1425370 1425.0
1425380 1425.0
1425390 1429.9
1425400 1431.2
1425410 1431.2
1425420 1429.4
1425430 1427.3
1425440 1428.3
1425450 1428.3
1425460 1435.5
1425470 1445.4
1425480 1445.4
1425490 1454.6
1425500 1463.1
1425510 1463.1
1425520 1469.5
1425530 1474.9
1425540 1474.9
1425550 1479.6
1425560 1484.1
1425570 1484.1
1425580 1483.2
1425590 1477.9
1425600 1477.9
1425610 1478.8
1425620 1485.0
1425630 1491.1
1425640 1491.1
1425650 1492.5
1425660 1489.4
1425670 1489.4
1425680 1486.2
1425690 1485.1
1425700 1485.1
1425710 1487.9
1425720 1490.2
1425730 1490.2
1425740 1491.0
1425750 1492.9
1425760 1492.9
1425770 1497.0
1425780 1499.7
1425790 1501.9
1425800 1501.9
1425810 1507.0
1425820 1509.7
1425830 1509.7
1425840 1514.8
1425850 1521.3
1425860 1521.3
1425870 1528.3
1425880 1534.3
1425890 1534.3
1425900 1534.9
1425910 1529.6
1425920 1529.6
1425930 1523.9
1425940 1516.4
1425950 1508.2
1425960 1508.2
1425970 1500.8
1425980 1493.3
1425990 1493.3
1426000 1486.2
1426010 1480.6
1426020 1480.6
1426030 1476.7
1426040 1472.8
1426050 1472.8
1426060 1468.3
1426070 1464.0
1426080 1464.0
1426090 1460.9
1426100 1459.5
1426110 1458.6
1426120 1458.6
1426130 1459.0
1426140 1460.2
1426150 1460.2
1426160 1460.5
1426170 1460.7
1426180 1460.7
1426190 1461.3
1426200 1462.3
1426210 1462.3
1426220 1463.0
1426230 1462.0
1426240 1462.0
1426250 1462.4
1426260 1462.2
1426270 1462.2
1426280 1462.4
1426290 1463.1
1426300 1462.5
1426310 1462.5
1426320 1460.3
1426330 1456.9
1426340 1456.9
1426350 1455.5
1426360 1455.0
1426370 1455.0
1426380 1456.0
1426390 1455.8
1426400 1455.8
1426410 1455.3
1426420 1455.0
1426430 1455.0
1426440 1453.5
1426450 1455.3
1426460 1459.2
1426470 1459.2
1426480 1464.7
1426490 1471.3
1426500 1471.3
1426510 1478.3
1426520 1483.8
1426530 1483.8
1426540 1487.0
1426550 1484.5
1426560 1484.5
1426570 1478.6
1426580 1467.8
1426590 1467.8
1426600 1458.3
1426610 1452.8
1426620 1446.6
1426630 1446.6
1426640 1441.1
1426650 1437.7
1426660 1437.7
1426670 1435.6
1426680 1433.2
1426690 1433.2
1426700 1431.2
1426710 1431.1
1426720 1431.1
1426730 1432.5
1426740 1435.0
1426750 1435.0
1426760 1440.2
1426770 1441.5
1426780 1437.0
1426790 1437.0
1426800 1432.7
1426810 1429.3
1426820 1429.3
1426830 1425.5
1426840 1421.4
1426850 1421.4
1426860 1417.3
1426870 1412.8
1426880 1412.8
1426890 1405.9
1426900 1401.0
1426910 1401.0
1426920 1400.8
1426930 1401.1
1426940 1401.6
1426950 1401.6
1426960 1402.3
1426970 1403.8
1426980 1403.8
1426990 1406.8
1427000 1410.2
1427010 1410.2
1427020 1413.0
1427030 1416.6
1427040 1416.6
1427050 1418.7
1427060 1419.6
1427070 1419.6
1427080 1417.8
1427090 1415.4
1427100 1415.4
1427110 1411.9
1427120 1407.1
1427130 1398.9
1427140 1398.9
1427150 1391.6
1427160 1383.3
1427170 1383.3
1427180 1377.7
1427190 1380.0
1427200 1380.0
1427210 1379.9
1427220 1377.7
1427230 1377.7
1427240 1375.4
1427250 1372.5
1427260 1372.5
1427270 1370.6
1427280 1366.8
1427290 1360.7
1427300 1360.7
1427310 1355.1
1427320 1349.9
1427330 1349.9
1427340 1344.5
1427350 1339.2
1427360 1339.2
1427370 1334.8
1427380 1333.1
1427390 1333.1
1427400 1333.3
1427410 1332.7
1427420 1332.7
1427430 1331.3
1427440 1331.8
1427450 1334.2
1427460 1334.2
1427470 1341.1
1427480 1348.8
1427490 1348.8
1427500 1356.2
1427510 1361.7
1427520 1361.7
1427530 1369.3
1427540 1377.4
1427550 1377.4
1427560 1385.4
1427570 1391.2
1427580 1391.2
1427590 1391.2
1427600 1387.9
1427610 1383.0
1427620 1383.0
1427630 1375.5
1427640 1368.5
1427650 1368.5
1427660 1362.1
1427670 1358.3
1427680 1358.3
1427690 1356.9
1427700 1355.6
1427710 1355.6
1427720 1355.9
1427730 1358.8
1427740 1358.8
1427750 1362.5
1427760 1365.4
1427770 1365.4
1427780 1368.3
1427790 1371.6
1427800 1373.9
1427810 1373.9
1427820 1375.1
1427830 1375.7
1427840 1375.7
1427850 1375.8
1427860 1375.9
1427870 1375.9
1427880 1376.3
1427890 1377.4
1427900 1377.4
1427910 1380.1
1427920 1384.8
1427930 1384.8
1427940 1390.7
1427950 1397.8
1427960 1407.7
1427970 1407.7
1427980 1415.8
1427990 1423.4
1428000 1423.4
1428010 1433.5
1428020 1441.5
1428030 1441.5
1428040 1447.3
1428050 1448.3
1428060 1448.3
1428070 1446.8
1428080 1445.7
1428090 1445.7
1428100 1442.2
1428110 1439.1
1428120 1445.1
1428130 1445.1
1428140 1445.4
1428150 1443.9
1428160 1443.9
1428170 1440.4
1428180 1437.2
1428190 1437.2
1428200 1436.7
1428210 1442.6
1428220 1442.6
1428230 1449.1
1428240 1455.3
1428250 1455.3
1428260 1459.5
1428270 1464.3
1428280 1476.0
1428290 1476.0
1428300 1480.5
1428310 1482.1
1428320 1482.1
1428330 1482.3
1428340 1483.1
1428350 1483.1
1428360 1486.1
1428370 1491.4
1428380 1491.4
1428390 1495.6
1428400 1502.3
1428410 1502.3
1428420 1506.9
1428430 1512.3
1428440 1514.3
1428450 1514.3
1428460 1514.4
1428470 1517.1
1428480 1517.1
1428490 1522.3
1428500 1521.9
1428510 1521.9
1428520 1519.7
1428530 1523.7
1428540 1523.7
1428550 1521.8
1428560 1516.7
1428570 1516.7
1428580 1514.7
1428590 1514.2
1428600 1514.2
1428610 1515.9
1428620 1518.6
1428630 1521.3
1428640 1521.3
1428650 1523.7
1428660 1531.5
1428670 1531.5
1428680 1540.4
1428690 1544.9
1428700 1544.9
1428710 1546.1
1428720 1546.4
1428730 1546.4
1428740 1545.7
1428750 1548.4
1428760 1548.4
1428770 1552.5
1428780 1558.3
1428790 1563.7
1428800 1563.7
1428810 1567.6
1428820 1571.3
1428830 1571.3
1428840 1572.4
1428850 1574.2
1428860 1574.2
1428870 1574.6
1428880 1577.1
1428890 1577.1
1428900 1581.0
1428910 1584.5
1428920 1584.5
1428930 1585.9
1428940 1587.8
1428950 1591.8
1428960 1591.8
1428970 1595.8
1428980 1599.7
1428990 1599.7
1429000 1602.3
1429010 1605.7
1429020 1605.7
1429030 1609.8
1429040 1615.5
1429050 1615.5
1429060 1624.3
1429070 1633.9
1429080 1633.9
1429090 1643.0
1429100 1650.6
1429110 1656.8
1429120 1656.8
1429130 1663.5
1429140 1670.8
1429150 1670.8
1429160 1679.3
1429170 1687.4
1429180 1687.4
1429190 1693.4
1429200 1697.4
1429210 1697.4
1429220 1699.8
1429230 1704.0
1429240 1704.0
1429250 1708.8
1429260 1712.8
1429270 1718.7
1429280 1718.7
1429290 1725.7
1429300 1732.2
1429310 1732.2
1429320 1738.6
1429330 1744.9
1429340 1744.9
1429350 1749.5
1429360 1755.9
1429370 1755.9
1429380 1762.8
1429390 1769.1
1429400 1769.1
1429410 1774.6
1429420 1779.5
1429430 1779.5
1429440 1783.5
1429450 1787.3
1429460 1790.4
1429470 1790.4
1429480 1792.9
1429490 1795.1
1429500 1795.1
1429510 1797.2
1429520 1798.9
1429530 1798.9
1429540 1800.4
1429550 1802.0
1429560 1802.0
1429570 1803.7
1429580 1805.4
1429590 1805.4
1429600 1807.0
1429610 1808.6
1429620 1809.7
1429630 1809.7
1429640 1810.8
1429650 1812.7
1429660 1812.7
1429670 1814.8
1429680 1816.0
1429690 1816.0
1429700 1816.6
1429710 1816.8
1429720 1816.8
1429730 1816.8
1429740 1816.5
1429750 1816.5
1429760 1816.1
1429770 1814.3
1429780 1812.5
1429790 1812.5
1429800 1810.6
1429810 1808.5
1429820 1808.5
1429830 1806.5
1429840 1804.8
1429850 1804.8
1429860 1803.6
1429870 1803.2
1429880 1803.2
1429890 1802.4
1429900 1800.7
1429910 1800.7
1429920 1798.5
1429930 1797.3
1429940 1797.8
1429950 1797.8
1429960 1798.0
1429970 1797.7
1429980 1797.7
1429990 1797.0
1430000 1796.8
1430010 1796.8
1430020 1796.1
1430030 1795.3
1430040 1795.3
1430050 1794.7
1430060 1793.8
1430070 1793.8
1430080 1790.3
1430090 1783.9
1430100 1783.9
1430110 1784.7
1430120 1787.3
1430130 1781.6
1430140 1781.6
1430150 1778.7
1430160 1778.1
1430170 1778.1
1430180 1778.6
1430190 1781.1
1430200 1781.1
1430210 1787.3
1430220 1793.2
1430230 1793.2
1430240 1797.9
1430250 1799.8
1430260 1799.8
1430270 1800.5
1430280 1800.9
1430290 1801.1
1430300 1801.1
1430310 1800.3
1430320 1799.8
1430330 1799.8
1430340 1798.9
1430350 1799.3
1430360 1799.3
1430370 1799.7
1430380 1800.3
1430390 1800.3
1430400 1801.2
1430410 1801.7
1430420 1801.7
1430430 1802.7
1430440 1804.3
1430450 1804.9
1430460 1804.9
1430470 1804.2
1430480 1804.6
1430490 1804.6
1430500 1807.4
1430510 1811.6
1430520 1811.6
1430530 1815.0
1430540 1816.9
1430550 1816.9
1430560 1818.6
1430570 1820.0
1430580 1820.0
1430590 1821.0
1430600 1820.8
1430610 1820.0
1430620 1820.0
1430630 1817.6
1430640 1814.4
1430650 1814.4
1430660 1811.8
1430670 1809.0
1430680 1809.0
1430690 1810.8
1430700 1814.8
1430710 1814.8
1430720 1814.4
1430730 1812.3
1430740 1812.3
1430750 1816.6
1430760 1822.5
1430770 1827.0
1430780 1827.0
1430790 1831.6
1430800 1834.4
1430810 1834.4
1430820 1834.8
1430830 1831.8
1430840 1831.8
1430850 1828.8
1430860 1832.4
1430870 1832.4
1430880 1834.5
1430890 1837.0
1430900 1837.0
1430910 1840.2
1430920 1840.4
1430930 1840.4
1430940 1842.1
1430950 1847.1
1430960 1853.1
1430970 1853.1
1430980 1855.9
1430990 1857.5
1431000 1857.5
1431010 1855.6
1431020 1848.0
1431030 1848.0
1431040 1843.1
1431050 1843.8
1431060 1843.8
1431070 1848.6
1431080 1851.8
1431090 1851.8
1431100 1853.3
1431110 1855.3
1431120 1853.0
1431130 1853.0
1431140 1853.2
1431150 1856.7
1431160 1856.7
1431170 1862.4
1431180 1866.4
1431190 1866.4
1431200 1869.0
1431210 1871.0
1431220 1871.0
1431230 1875.3
1431240 1879.1
1431250 1879.1
1431260 1881.7
1431270 1883.5
1431280 1885.1
1431290 1885.1
1431300 1886.2
1431310 1886.7
1431320 1886.7
1431330 1886.9
1431340 1886.8
1431350 1886.8
1431360 1886.4
1431370 1885.8
1431380 1885.8
1431390 1884.7
1431400 1883.3
1431410 1883.3
1431420 1881.9
1431430 1880.5
1431440 1878.3
1431450 1878.3
1431460 1875.9
1431470 1874.6
1431480 1874.6
1431490 1873.5
1431500 1870.5
1431510 1870.5
1431520 1862.6
1431530 1852.3
1431540 1852.3
1431550 1842.0
1431560 1834.8
1431570 1834.8
1431580 1826.6
1431590 1817.7
1431600 1809.3
1431610 1809.3
1431620 1799.2
1431630 1790.1
1431640 1790.1
1431650 1783.4
1431660 1778.7
1431670 1778.7
1431680 1776.1
1431690 1773.8
1431700 1773.8
1431710 1771.2
1431720 1768.8
1431730 1768.8
1431740 1765.2
1431750 1762.3
1431760 1762.3
1431770 1759.2
1431780 1755.2
1431790 1749.7
1431800 1749.7
1431810 1743.6
1431820 1738.6
1431830 1738.6
1431840 1733.9
1431850 1730.6
1431860 1730.6
1431870 1728.6
1431880 1726.4
1431890 1726.4
1431900 1723.5
1431910 1721.0
1431920 1721.0
1431930 1718.1
1431940 1712.9
1431950 1708.8
1431960 1708.8
1431970 1706.7
1431980 1704.2
1431990 1704.2
1432000 1702.0
1432010 1696.3
1432020 1696.3
1432030 1689.8
1432040 1684.3
1432050 1684.3
1432060 1681.4
1432070 1678.2
1432080 1678.2
1432090 1675.0
1432100 1674.0
1432110 1666.8
1432120 1666.8
1432130 1665.6
1432140 1667.0
1432150 1667.0
1432160 1670.2
1432170 1674.9
1432180 1674.9
1432190 1679.0
1432200 1679.5
1432210 1679.5
1432220 1678.3
1432230 1678.1
1432240 1678.1
1432250 1676.5
1432260 1672.7
1432270 1667.1
1432280 1667.1
1432290 1661.3
1432300 1655.4
1432310 1655.4
1432320 1647.4
1432330 1636.6
1432340 1636.6
1432350 1628.3
1432360 1620.9
1432370 1620.9
1432380 1610.8
1432390 1600.7
1432400 1600.7
1432410 1591.9
1432420 1583.8
1432430 1583.8
1432440 1576.2
1432450 1569.0
1432460 1565.8
1432470 1565.8
1432480 1563.6
1432490 1560.7
1432500 1560.7
1432510 1556.8
1432520 1555.4
1432530 1555.4
1432540 1554.8
1432550 1553.6
1432560 1553.6
1432570 1552.1
1432580 1550.7
1432590 1550.7
1432600 1548.6
1432610 1546.2
1432620 1543.8
1432630 1543.8
1432640 1541.4
1432650 1538.0
1432660 1538.0
1432670 1536.5
1432680 1535.5
1432690 1535.5
1432700 1534.5
1432710 1532.0
1432720 1532.0
1432730 1529.3
1432740 1527.5
1432750 1527.5
1432760 1529.1
1432770 1531.7
1432780 1531.7
1432790 1531.7
1432800 1530.7
1432810 1527.8
1432820 1527.8
1432830 1523.3
1432840 1519.6
1432850 1519.6
1432860 1515.5
1432870 1511.6
1432880 1511.6
1432890 1508.9
1432900 1507.4
1432910 1507.4
1432920 1504.8
1432930 1502.0
1432940 1498.7
1432950 1498.7
1432960 1494.3
1432970 1492.1
1432980 1492.1
1432990 1490.3
1433000 1487.3
1433010 1487.3
1433020 1485.9
1433030 1481.7
1433040 1481.7
1433050 1476.8
1433060 1472.9
1433070 1472.9
1433080 1468.7
1433090 1465.4
1433100 1462.6
1433110 1462.6
1433120 1459.8
1433130 1456.6
1433140 1456.6
1433150 1453.8
1433160 1450.5
1433170 1450.5
1433180 1447.7
1433190 1444.3
1433200 1444.3
1433210 1440.0
1433220 1435.9
1433230 1435.9
1433240 1432.2
1433250 1428.0
1433260 1428.0
1433270 1421.9
1433280 1418.9
1433290 1421.1
1433300 1421.1
1433310 1423.2
1433320 1423.6
1433330 1423.6
1433340 1423.7
1433350 1424.2
1433360 1424.2
1433370 1424.3
1433380 1423.9
1433390 1423.9
1433400 1423.1
1433410 1421.6
1433420 1421.6
1433430 1420.5
1433440 1419.0
1433450 1416.5
1433460 1416.5
1433470 1413.1
1433480 1408.7
1433490 1408.7
1433500 1404.1
1433510 1400.7
1433520 1400.7
1433530 1396.4
1433540 1390.6
1433550 1390.6
1433560 1385.7
1433570 1383.2
1433580 1383.2
1433590 1381.9
1433600 1381.1
1433610 1380.8
1433620 1380.8
1433630 1379.8
1433640 1378.1
1433650 1378.1
1433660 1376.7
1433670 1373.3
1433680 1373.3
1433690 1368.6
1433700 1364.0
1433710 1364.0
1433720 1360.1
1433730 1355.6
1433740 1355.6
1433750 1350.4
1433760 1344.7
1433770 1340.7
1433780 1340.7
1433790 1338.1
1433800 1335.9
1433810 1335.9
1433820 1334.0
1433830 1331.5
1433840 1331.5
1433850 1329.6
1433860 1327.9
1433870 1327.9
1433880 1326.2
1433890 1324.1
1433900 1324.1
1433910 1322.4
1433920 1320.9
1433930 1320.9
1433940 1320.4
1433950 1319.3
1433960 1318.8
1433970 1318.8
1433980 1317.4
1433990 1316.1
1434000 1316.1
1434010 1316.3
1434020 1318.2
1434030 1318.2
1434040 1320.6
1434050 1321.9
1434060 1321.9
1434070 1323.5
1434080 1324.5
1434090 1324.5
1434100 1325.9
1434110 1327.4
1434120 1329.1
1434130 1329.1
1434140 1331.2
1434150 1334.0
1434160 1334.0
1434170 1337.4
1434180 1339.5
1434190 1339.5
1434200 1342.3
1434210 1345.5
1434220 1345.5
1434230 1349.7
1434240 1353.0
1434250 1353.0
1434260 1354.4
1434270 1356.2
1434280 1356.3
1434290 1356.3
1434300 1355.3
1434310 1355.8
1434320 1355.8
1434330 1357.4
1434340 1358.8
1434350 1358.8
1434360 1361.9
1434370 1363.3
1434380 1363.3
1434390 1363.3
1434400 1362.3
1434410 1362.3
1434420 1360.7
1434430 1359.1
1434440 1358.8
1434450 1358.8
1434460 1357.8
1434470 1357.6
1434480 1357.6
1434490 1358.0
1434500 1356.9
1434510 1356.9
1434520 1356.5
1434530 1357.0
1434540 1357.0
1434550 1358.3
1434560 1359.0
1434570 1355.6
1434580 1356.0
1434590 1356.3
1434600 1356.2
1434610 1356.2
1434620 1356.6
1434630 1356.9
1434640 1356.9
1434650 1356.6
1434660 1356.5
1434670 1356.5
1434680 1356.3
1434690 1355.9
1434700 1355.9
1434710 1355.0
1434720 1354.2
1434730 1354.2
1434740 1353.0
1434750 1351.3
1434760 1351.3
1434770 1349.1
1434780 1346.4
1434790 1343.1
1434800 1343.1
1434810 1339.3
1434820 1335.3
1434830 1335.3
1434840 1330.9
1434850 1326.5
1434860 1326.5
1434870 1321.9
1434880 1317.5
1434890 1317.5
1434900 1313.2
1434910 1308.8
1434920 1308.8
1434930 1304.4
1434940 1300.1
1434950 1296.2
1434960 1296.2
1434970 1292.5
1434980 1288.9
1434990 1288.9
1435000 1284.4
1435010 1279.9
1435020 1279.9
1435030 1274.7
1435040 1268.6
1435050 1268.6
1435060 1262.0
1435070 1255.6
1435080 1255.6
1435090 1248.0
1435100 1241.7
1435110 1234.6
1435120 1234.6
1435130 1228.0
1435140 1220.7
1435150 1220.7
1435160 1212.7
1435170 1204.0
1435180 1204.0
1435190 1196.1
1435200 1189.3
1435210 1189.3
1435220 1184.2
1435230 1179.1
1435240 1179.1
1435250 1176.1
1435260 1175.7
1435270 1177.3
1435280 1177.3
1435290 1184.0
1435300 1194.6
1435310 1194.6
1435320 1202.9
1435330 1211.0
1435340 1211.0
1435350 1219.0
1435360 1226.6
1435370 1226.6
1435380 1233.7
1435390 1239.6
1435400 1239.6
1435410 1244.3
1435420 1246.7
1435430 1246.7
1435440 1253.4
1435450 1259.9
1435460 1264.0
1435470 1264.0
1435480 1267.8
1435490 1271.1
1435500 1271.1
1435510 1273.5
1435520 1275.4
1435530 1275.4
1435540 1278.0
1435550 1280.5
1435560 1280.5
1435570 1284.6
1435580 1290.1
1435590 1290.1
1435600 1296.0
1435610 1300.8
1435620 1304.0
1435630 1304.0
1435640 1309.0
1435650 1313.3
1435660 1313.3
1435670 1316.3
1435680 1319.9
1435690 1319.9
1435700 1321.2
1435710 1324.2
1435720 1324.2
1435730 1327.0
1435740 1326.8
1435750 1326.8
1435760 1327.1
1435770 1330.8
1435780 1335.9
1435790 1335.9
1435800 1340.1
1435810 1346.7
1435820 1346.7
1435830 1352.6
1435840 1357.9
1435850 1357.9
1435860 1362.6
1435870 1366.6
1435880 1366.6
1435890 1369.5
1435900 1370.7
1435910 1370.7
1435920 1371.9
1435930 1374.5
1435940 1376.6
1435950 1376.6
1435960 1376.0
1435970 1374.4
1435980 1374.4
1435990 1374.9
1436000 1376.5
1436010 1376.5
1436020 1371.3
1436030 1363.2
1436040 1363.2
1436050 1356.9
1436060 1354.1
1436070 1354.1
1436080 1353.9
1436090 1353.2
1436100 1351.9
1436110 1351.9
1436120 1351.6
1436130 1351.7
1436140 1351.7
1436150 1351.6
1436160 1352.7
1436170 1352.7
1436180 1355.1
1436190 1358.3
1436200 1358.3
1436210 1361.4
1436220 1364.7
1436230 1364.7
1436240 1368.7
1436250 1372.8
1436260 1372.8
1436270 1376.9
1436280 1381.7
1436290 1387.5
1436300 1387.5
1436310 1394.2
1436320 1401.1
1436330 1401.1
1436340 1407.9
1436350 1414.6
1436360 1414.6
1436370 1420.8
1436380 1426.4
1436390 1426.4
1436400 1432.4
1436410 1439.6
1436420 1439.6
1436430 1447.8
1436440 1455.0
1436450 1460.8
1436460 1460.8
1436470 1467.3
1436480 1474.3
1436490 1474.3
1436500 1481.7
1436510 1488.7
1436520 1488.7
1436530 1496.3
1436540 1503.1
1436550 1503.1
1436560 1510.1
1436570 1516.1
1436580 1516.1
1436590 1522.1
1436600 1530.1
1436610 1539.6
1436620 1539.6
1436630 1549.1
1436640 1558.5
1436650 1558.5
1436660 1566.4
1436670 1572.4
1436680 1572.4
1436690 1578.6
1436700 1585.2
1436710 1585.2
1436720 1592.1
1436730 1598.8
1436740 1598.8
1436750 1606.3
1436760 1615.5
1436770 1624.4
1436780 1624.4
1436790 1629.9
1436800 1635.8
1436810 1635.8
1436820 1642.0
1436830 1648.8
1436840 1648.8
1436850 1656.2
1436860 1662.9
1436870 1662.9
1436880 1668.9
1436890 1674.8
1436900 1674.8
1436910 1679.7
1436920 1684.6
1436930 1684.6
1436940 1689.3
1436950 1694.0
1436960 1698.9
1436970 1698.9
1436980 1704.5
1436990 1709.6
1437000 1709.6
1437010 1714.6
1437020 1719.4
1437030 1719.4
1437040 1723.9
1437050 1728.4
1437060 1728.4
1437070 1732.7
1437080 1737.2
1437090 1737.2
1437100 1741.6
1437110 1745.9
1437120 1749.8
1437130 1749.8
1437140 1753.4
1437150 1757.4
1437160 1751.0
1437170 1754.8
1437180 1758.4
1437190 1758.4
1437200 1761.7
1437210 1764.6
1437220 1764.6
1437230 1767.8
1437240 1771.2
1437250 1771.2
1437260 1773.2
1437270 1774.8
1437280 1776.0
1437290 1776.0
1437300 1778.0
1437310 1780.5
1437320 1780.5
1437330 1783.3
1437340 1788.0
1437350 1788.0
1437360 1792.8
1437370 1795.8
1437380 1795.8
1437390 1797.3
1437400 1797.5
1437410 1797.5
1437420 1797.6
1437430 1797.8
1437440 1798.6
1437450 1798.6
1437460 1797.9
1437470 1795.4
1437480 1795.4
1437490 1794.2
1437500 1792.5
1437510 1792.5
1437520 1791.6
1437530 1792.6
1437540 1792.6
1437550 1791.1
1437560 1791.1
1437570 1791.1
1437580 1796.2
1437590 1801.1
1437600 1805.5
1437610 1805.5
1437620 1809.3
1437630 1812.9
1437640 1812.9
1437650 1816.3
1437660 1819.4
1437670 1819.4
1437680 1823.0
1437690 1826.6
1437700 1826.6
1437710 1828.4
1437720 1824.7
1437730 1824.7
1437740 1821.8
1437750 1825.8
1437760 1825.8
1437770 1824.9
1437780 1825.8
1437790 1834.3
1437800 1834.3
1437810 1843.3
1437820 1850.8
1437830 1850.8
1437840 1856.8
1437850 1862.5
1437860 1862.5
1437870 1867.2
1437880 1871.5
1437890 1871.5
1437900 1877.1
1437910 1882.9
1437920 1882.9
1437930 1888.1
1437940 1893.4
1437950 1897.9
1437960 1897.9
1437970 1902.0
1437980 1905.8
1437990 1905.8
1438000 1909.8
1438010 1913.0
1438020 1913.0
1438030 1915.8
1438040 1917.7
1438050 1917.7
1438060 1919.6
1438070 1920.9
1438080 1920.9
1438090 1922.7
1438100 1925.4
1438110 1928.3
1438120 1928.3
1438130 1931.2
1438140 1934.0
1438150 1934.0
1438160 1936.8
1438170 1939.7
1438180 1939.7
1438190 1942.5
1438200 1944.8
1438210 1944.8
1438220 1946.0
1438230 1946.3
1438240 1946.3
1438250 1946.4
1438260 1946.6
1438270 1947.5
1438280 1947.5
1438290 1949.2
1438300 1950.1
1438310 1950.1
1438320 1949.0
1438330 1946.0
1438340 1946.0
1438350 1942.5
1438360 1938.6
1438370 1938.6
1438380 1936.2
1438390 1935.0
1438400 1935.0
1438410 1935.1
1438420 1935.5
1438430 1935.8
1438440 1935.8
1438450 1934.8
1438460 1932.1
1438470 1932.1
1438480 1928.3
1438490 1924.7
1438500 1924.7
1438510 1920.3
1438520 1916.1
1438530 1916.1
1438540 1911.6
1438550 1906.3
1438560 1906.3
1438570 1901.0
1438580 1895.9
1438590 1895.9
1438600 1891.1
1438610 1887.0
1438620 1882.9
1438630 1882.9
1438640 1879.9
1438650 1877.6
1438660 1877.6
1438670 1876.2
1438680 1877.1
1438690 1877.1
1438700 1880.6
1438710 1883.3
1438720 1883.3
1438730 1883.5
1438740 1882.2
1438750 1882.2
1438760 1879.6
1438770 1876.9
1438780 1873.5
1438790 1873.5
1438800 1870.0
1438810 1867.5
1438820 1867.5
1438830 1864.6
1438840 1860.1
1438850 1860.1
1438860 1854.2
1438870 1848.1
1438880 1848.1
1438890 1842.7
1438900 1838.0
1438910 1838.0
1438920 1833.1
1438930 1828.7
1438940 1825.0
1438950 1825.0
1438960 1823.5
1438970 1822.8
1438980 1822.8
1438990 1822.2
1439000 1820.9
1439010 1820.9
1439020 1818.3
1439030 1815.2
1439040 1815.2
1439050 1813.0
1439060 1811.6
1439070 1811.6
1439080 1810.1
1439090 1808.4
1439100 1806.7
1439110 1806.7
1439120 1805.6
1439130 1804.9
1439140 1804.9
1439150 1804.5
1439160 1804.7
1439170 1804.7
1439180 1804.5
1439190 1804.0
1439200 1804.0
1439210 1804.4
1439220 1806.5
1439230 1806.5
1439240 1809.5
1439250 1811.4
1439260 1811.4
1439270 1812.0
1439280 1812.3
1439290 1812.1
1439300 1812.1
1439310 1810.8
1439320 1808.9
1439330 1808.9
1439340 1806.3
1439350 1804.3
1439360 1804.3
1439370 1803.8
1439380 1802.9
1439390 1802.9
1439400 1803.5
1439410 1806.3
1439420 1806.3
1439430 1808.1
1439440 1808.1
1439450 1807.5
1439460 1807.5
1439470 1807.2
1439480 1805.2
1439490 1805.2
1439500 1803.0
1439510 1802.1
1439520 1802.1
1439530 1801.3
1439540 1799.8
1439550 1799.8
1439560 1799.7
1439570 1802.2
1439580 1802.2
1439590 1805.9
1439600 1809.7
1439610 1812.7
1439620 1812.7
1439630 1815.6
1439640 1818.6
1439650 1818.6
1439660 1822.3
1439670 1825.4
1439680 1825.4
1439690 1828.5
1439700 1830.2
1439710 1830.2
1439720 1830.1
1439730 1829.0
1439740 1829.0
1439750 1829.8
1439760 1832.5
1439770 1834.4
1439780 1834.4
1439790 1834.8
1439800 1835.3
1439810 1835.3
1439820 1835.4
1439830 1834.2
1439840 1834.2
1439850 1834.9
1439860 1836.1
1439870 1836.1
1439880 1836.8
1439890 1835.7
1439900 1835.7
1439910 1836.5
1439920 1837.1
1439930 1838.0
1439940 1838.0
1439950 1838.9
1439960 1838.5
1439970 1838.5
1439980 1836.5
1439990 1834.8
