1420000 2115.3
1420010 2115.1
1420020 2113.6
1420030 2113.6
1420040 2111.2
1420050 2109.5
1420060 2109.5
1420070 2108.3
1420080 2106.5
1420090 2106.5
1420100 2105.6
1420110 2105.2
1420120 2105.2
1420130 2105.6
1420140 2106.5
1420150 2106.9
1420160 2106.9
1420170 2107.1
1420180 2107.6
1420190 2107.6
1420200 2108.8
1420210 2111.1
1420220 2111.1
1420230 2112.1
1420240 2111.9
1420250 2111.9
1420260 2112.5
1420270 2114.2
1420280 2114.2
1420290 2116.7
1420300 2118.6
1420310 2121.3
1420320 2121.3
1420330 2123.4
1420340 2126.1
1420350 2126.1
1420360 2128.4
1420370 2129.4
1420380 2129.4
1420390 2131.0
1420400 2132.5
1420410 2132.5
1420420 2132.8
1420430 2133.8
1420440 2133.8
1420450 2138.3
1420460 2145.1
1420470 2152.7
1420480 2152.7
1420490 2162.7
1420500 2170.5
1420510 2170.5
1420520 2174.6
1420530 2178.2
1420540 2178.2
1420550 2185.0
1420560 2185.3
1420570 2185.3
1420580 2183.8
1420590 2184.6
1420600 2184.6
1420610 2183.3
1420620 2180.4
1420630 2180.4
1420640 2177.2
1420650 2178.1
1420660 2181.1
1420670 2181.1
1420680 2181.5
1420690 2183.7
1420700 2183.7
1420710 2186.1
1420720 2188.1
1420730 2188.1
1420740 2189.3
1420750 2190.0
1420760 2190.0
1420770 2190.4
1420780 2191.3
1420790 2191.3
1420800 2190.8
1420810 2190.4
1420820 2189.6
1420830 2189.6
1420840 2188.8
1420850 2189.1
1420860 2189.1
1420870 2191.8
1420880 2189.5
1420890 2189.5
1420900 2184.9
1420910 2178.7
1420920 2178.7
1420930 2177.0
1420940 2174.7
1420950 2174.7
1420960 2175.0
1420970 2176.1
1420980 2176.1
1420990 2176.6
1421000 2174.0
1421010 2169.8
1421020 2169.8
1421030 2162.6
1421040 2155.1
1421050 2155.1
1421060 2152.5
1421070 2152.1
1421080 2152.1
1421090 2150.2
1421100 2148.4
1421110 2148.4
1421120 2147.9
1421130 2151.4
1421140 2151.4
1421150 2157.1
1421160 2156.1
1421170 2149.6
1421180 2149.6
1421190 2143.0
1421200 2138.8
1421210 2138.8
1421220 2138.7
1421230 2140.5
1421240 2140.5
1421250 2138.3
1421260 2133.5
1421270 2133.5
1421280 2133.1
1421290 2139.4
1421300 2139.4
1421310 2139.0
1421320 2138.3
1421330 2136.3
1421340 2136.3
1421350 2133.5
1421360 2131.1
1421370 2131.1
1421380 2129.5
1421390 2128.5
1421400 2128.5
1421410 2127.8
1421420 2131.9
1421430 2131.9
1421440 2134.4
1421450 2136.1
1421460 2136.1
1421470 2135.5
1421480 2132.9
1421490 2132.9
1421500 2128.1
1421510 2124.2
1421520 2121.1
1421530 2121.1
1421540 2118.3
1421550 2122.0
1421560 2122.0
1421570 2126.6
1421580 2130.1
1421590 2130.1
1421600 2135.2
1421610 2138.4
1421620 2138.4
1421630 2136.7
1421640 2139.3
1421650 2139.3
1421660 2144.7
1421670 2150.1
1421680 2152.4
1421690 2152.4
1421700 2156.3
1421710 2163.1
1421720 2163.1
1421730 2170.1
1421740 2177.4
1421750 2177.4
1421760 2183.6
1421770 2188.3
1421780 2188.3
1421790 2191.6
1421800 2191.8
1421810 2191.8
1421820 2195.9
1421830 2201.3
1421840 2209.0
1421850 2209.0
1421860 2216.4
1421870 2223.2
1421880 2223.2
1421890 2230.4
1421900 2239.6
1421910 2239.6
1421920 2250.1
1421930 2262.5
1421940 2262.5
1421950 2253.2
1421960 2241.6
1421970 2241.6
1421980 2237.3
1421990 2223.2
1422000 2223.2
1422010 2213.2
1422020 2206.4
1422030 2199.2
1422040 2199.2
1422050 2193.0
1422060 2188.7
1422070 2188.7
1422080 2186.6
1422090 2183.1
1422100 2183.1
1422110 2178.9
1422120 2175.1
1422130 2175.1
1422140 2172.2
1422150 2169.3
1422160 2169.3
1422170 2167.9
1422180 2167.3
1422190 2166.5
1422200 2166.5
1422210 2165.3
1422220 2163.5
1422230 2163.5
1422240 2161.8
1422250 2160.9
1422260 2160.9
1422270 2160.6
1422280 2160.4
1422290 2160.4
1422300 2159.9
1422310 2159.2
1422320 2159.2
1422330 2158.2
1422340 2157.1
1422350 2157.1
1422360 2157.5
1422370 2159.0
1422380 2160.0
1422390 2160.0
1422400 2161.4
1422410 2162.5
1422420 2162.5
1422430 2164.4
1422440 2167.1
1422450 2167.1
1422460 2170.2
1422470 2173.5
1422480 2173.5
1422490 2177.1
1422500 2180.7
1422510 2180.7
1422520 2184.2
1422530 2187.6
1422540 2190.3
1422550 2190.3
1422560 2192.2
1422570 2194.0
1422580 2194.0
1422590 2197.1
1422600 2200.1
1422610 2200.1
1422620 2201.9
1422630 2203.8
1422640 2203.8
1422650 2206.4
1422660 2209.8
1422670 2209.8
1422680 2212.7
1422690 2213.2
1422700 2212.2
1422710 2212.2
1422720 2213.9
1422730 2216.8
1422740 2216.8
1422750 2218.3
1422760 2219.8
1422770 2219.8
1422780 2222.1
1422790 2221.9
1422800 2221.9
1422810 2217.8
1422820 2215.9
1422830 2215.9
1422840 2219.9
1422850 2224.7
1422860 2224.7
1422870 2228.9
1422880 2231.3
1422890 2231.6
1422900 2231.6
1422910 2231.2
1422920 2232.4
1422930 2232.4
1422940 2235.2
1422950 2238.5
1422960 2238.5
1422970 2242.5
1422980 2246.4
1422990 2246.4
1423000 2250.5
1423010 2255.2
1423020 2255.2
1423030 2259.8
1423040 2263.9
1423050 2267.9
1423060 2267.9
1423070 2272.8
1423080 2276.8
1423090 2276.8
1423100 2280.1
1423110 2283.5
1423120 2283.5
1423130 2286.9
1423140 2290.0
1423150 2290.0
1423160 2292.5
1423170 2295.1
1423180 2295.1
1423190 2298.0
1423200 2301.0
1423210 2303.8
1423220 2303.8
1423230 2306.8
1423240 2309.9
1423250 2309.9
1423260 2312.5
1423270 2315.2
1423280 2315.2
1423290 2319.0
1423300 2323.4
1423310 2328.8
1423320 2332.9
1423330 2336.6
1423340 2336.6
1423350 2341.1
1423360 2345.6
1423370 2345.6
1423380 2350.3
1423390 2354.2
1423400 2356.0
1423410 2356.0
1423420 2358.3
1423430 2363.1
1423440 2363.1
1423450 2377.5
1423460 2389.3
1423470 2389.3
1423480 2389.1
1423490 2389.8
1423500 2389.8
1423510 2389.0
1423520 2389.8
1423530 2389.8
1423540 2391.2
1423550 2394.9
1423560 2402.1
1423570 2402.1
1423580 2411.4
1423590 2427.9
1423600 2427.9
1423610 2426.9
1423620 2425.5
1423630 2425.5
1423640 2419.8
1423650 2422.4
1423660 2422.4
1423670 2424.1
1423680 2420.9
1423690 2420.9
1423700 2422.5
1423710 2427.0
1423720 2428.8
1423730 2428.8
1423740 2429.8
1423750 2433.1
1423760 2433.1
1423770 2433.9
1423780 2431.8
1423790 2431.8
1423800 2430.7
1423810 2433.9
1423820 2433.9
1423830 2431.7
1423840 2428.5
1423850 2428.5
1423860 2428.8
1423870 2440.5
1423880 2440.5
1423890 2444.7
1423900 2449.2
1423910 2451.4
1423920 2451.4
1423930 2451.3
1423940 2448.8
1423950 2448.8
1423960 2445.1
1423970 2441.7
1423980 2441.7
1423990 2438.1
1424000 2431.4
1424010 2431.4
1424020 2435.4
1424030 2444.7
1424040 2444.7
1424050 2448.0
1424060 2452.3
1424070 2458.7
1424080 2458.7
1424090 2464.5
1424100 2465.6
1424110 2465.6
1424120 2459.9
1424130 2458.4
1424140 2458.4
1424150 2459.6
1424160 2465.5
1424170 2465.5
1424180 2478.9
1424190 2486.5
1424200 2486.5
1424210 2491.6
1424220 2494.2
1424230 2494.2
1424240 2493.9
1424250 2492.6
1424260 2489.7
1424270 2489.7
1424280 2486.0
1424290 2480.9
1424300 2480.9
1424310 2482.1
1424320 2479.5
1424330 2479.5
1424340 2474.5
1424350 2468.9
1424360 2468.9
1424370 2461.7
1424380 2451.7
1424390 2451.7
1424400 2436.3
1424410 2418.1
1424420 2389.0
1424430 2389.0
1424440 2377.3
1424450 2375.8
1424460 2375.8
1424470 2374.8
1424480 2367.5
1424490 2367.5
1424500 2362.6
1424510 2372.9
1424520 2372.9
1424530 2381.7
1424540 2383.8
1424550 2383.8
1424560 2388.0
1424570 2405.7
1424580 2433.1
1424590 2433.1
1424600 2437.5
1424610 2437.7
1424620 2437.7
1424630 2438.1
1424640 2432.1
1424650 2432.1
1424660 2432.2
1424670 2427.5
1424680 2427.5
1424690 2428.6
1424700 2429.7
1424710 2429.7
1424720 2431.4
1424730 2434.8
1424740 2434.8
1424750 2429.9
1424760 2417.5
1424770 2399.1
1424780 2399.1
1424790 2387.3
1424800 2383.0
1424810 2383.0
1424820 2380.6
1424830 2376.6
1424840 2376.6
1424850 2372.9
1424860 2371.3
1424870 2371.3
1424880 2365.1
1424890 2356.6
1424900 2356.6
1424910 2352.0
1424920 2345.0
1424930 2338.8
1424940 2338.8
1424950 2334.7
1424960 2330.4
1424970 2330.4
1424980 2329.1
1424990 2326.7
1425000 2326.7
1425010 2328.4
1425020 2328.2
1425030 2328.2
1425040 2330.0
1425050 2330.3
1425060 2330.3
1425070 2326.7
1425080 2328.4
1425090 2333.1
1425100 2333.1
1425110 2338.4
1425120 2345.2
1425130 2345.2
1425140 2351.7
1425150 2351.1
1425160 2351.1
1425170 2348.3
1425180 2346.5
1425190 2346.5
1425200 2347.6
1425210 2349.4
1425220 2349.4
1425230 2351.7
1425240 2352.2
1425250 2352.2
1425260 2349.4
1425270 2349.0
1425280 2351.8
1425290 2351.8
1425300 2354.1
1425310 2355.4
1425320 2355.4
1425330 2356.8
1425340 2357.7
1425350 2357.7
1425360 2359.1
1425370 2360.2
1425380 2360.2
1425390 2360.9
1425400 2355.8
1425410 2355.8
1425420 2356.3
1425430 2356.9
1425440 2357.6
1425450 2357.6
1425460 2358.1
1425470 2358.3
1425480 2358.3
1425490 2357.8
1425500 2357.2
1425510 2357.2
1425520 2356.8
1425530 2357.7
1425540 2357.7
1425550 2358.6
1425560 2358.4
1425570 2358.4
1425580 2359.7
1425590 2360.9
1425600 2360.9
1425610 2362.1
1425620 2364.1
1425630 2365.0
1425640 2365.0
1425650 2366.6
1425660 2368.2
1425670 2368.2
1425680 2369.9
1425690 2371.4
1425700 2371.4
1425710 2374.1
1425720 2377.6
1425730 2377.6
1425740 2380.7
1425750 2383.2
1425760 2383.2
1425770 2386.3
1425780 2389.6
1425790 2392.4
1425800 2392.4
1425810 2395.1
1425820 2397.3
1425830 2397.3
1425840 2399.1
1425850 2400.6
1425860 2400.6
1425870 2402.3
1425880 2403.3
1425890 2403.3
1425900 2404.2
1425910 2405.5
1425920 2405.5
1425930 2407.4
1425940 2408.6
1425950 2409.5
1425960 2409.5
1425970 2411.4
1425980 2414.3
1425990 2414.3
1426000 2417.9
1426010 2422.0
1426020 2422.0
1426030 2426.1
1426040 2430.3
1426050 2430.3
1426060 2435.3
1426070 2440.5
1426080 2440.5
1426090 2446.2
1426100 2452.4
1426110 2452.4
1426120 2458.6
1426130 2464.8
1426140 2470.9
1426150 2470.9
1426160 2477.3
1426170 2483.9
1426180 2483.9
1426190 2490.4
1426200 2496.3
1426210 2496.3
1426220 2503.4
1426230 2511.3
1426240 2511.3
1426250 2521.5
1426260 2529.9
1426270 2529.9
1426280 2535.4
1426290 2539.1
1426300 2540.8
1426310 2540.8
1426320 2544.0
1426330 2543.5
1426340 2543.5
1426350 2539.0
1426360 2531.2
1426370 2531.2
1426380 2520.9
1426390 2507.8
1426400 2507.8
1426410 2498.8
1426420 2492.0
1426430 2492.0
1426440 2482.2
1426450 2469.4
1426460 2455.4
1426470 2455.4
1426480 2442.8
1426490 2435.0
1426500 2435.0
1426510 2427.7
1426520 2420.6
1426530 2420.6
1426540 2413.7
1426550 2406.7
1426560 2406.7
1426570 2399.4
1426580 2392.2
1426590 2392.2
1426600 2384.9
1426610 2378.1
1426620 2378.1
1426630 2371.5
1426640 2365.4
1426650 2359.7
1426660 2359.7
1426670 2353.0
1426680 2346.9
1426690 2346.9
1426700 2340.9
1426710 2334.8
1426720 2334.8
1426730 2327.5
1426740 2321.3
1426750 2321.3
1426760 2315.8
1426770 2310.9
1426780 2310.9
1426790 2306.1
1426800 2301.4
1426810 2297.0
1426820 2297.0
1426830 2293.0
1426840 2288.0
1426850 2288.0
1426860 2283.6
1426870 2280.3
1426880 2280.3
1426890 2277.3
1426900 2274.8
1426910 2274.8
1426920 2271.9
1426930 2267.8
1426940 2267.8
1426950 2266.2
1426960 2264.3
1426970 2262.2
1426980 2262.2
1426990 2260.3
1427000 2257.2
1427010 2257.2
1427020 2255.6
1427030 2254.4
1427040 2254.4
1427050 2252.9
1427060 2251.9
1427070 2251.9
1427080 2252.3
1427090 2251.6
1427100 2251.6
1427110 2247.6
1427120 2245.5
1427130 2245.5
1427140 2245.9
1427150 2246.7
1427160 2247.4
1427170 2247.4
1427180 2248.3
1427190 2249.5
1427200 2249.5
1427210 2250.4
1427220 2251.3
1427230 2251.3
1427240 2252.3
1427250 2253.8
1427260 2253.8
1427270 2255.0
1427280 2256.8
1427290 2256.8
1427300 2257.3
1427310 2256.5
1427320 2255.3
1427330 2255.3
1427340 2254.6
1427350 2253.1
1427360 2253.1
1427370 2251.1
1427380 2249.6
1427390 2249.6
1427400 2249.9
1427410 2251.3
1427420 2251.3
1427430 2252.7
1427440 2254.5
1427450 2254.5
1427460 2256.6
1427470 2259.7
1427480 2259.7
1427490 2263.4
1427500 2267.9
1427510 2273.0
1427520 2273.0
1427530 2278.3
1427540 2284.1
1427550 2284.1
1427560 2290.0
1427570 2297.3
1427580 2297.3
1427590 2304.8
1427600 2312.3
1427610 2312.3
1427620 2319.4
1427630 2328.3
1427640 2328.3
1427650 2340.5
1427660 2342.3
1427670 2339.1
1427680 2339.1
1427690 2343.8
1427700 2338.3
1427710 2338.3
1427720 2333.6
1427730 2337.1
1427740 2337.1
1427750 2338.6
1427760 2346.1
1427770 2346.1
1427780 2346.6
1427790 2337.1
1427800 2337.1
1427810 2325.8
1427820 2313.7
1427830 2296.9
1427840 2296.9
1427850 2282.6
1427860 2265.3
1427870 2265.3
1427880 2252.3
1427890 2245.1
1427900 2245.1
1427910 2243.3
1427920 2245.2
1427930 2245.2
1427940 2246.7
1427950 2245.6
1427960 2245.6
1427970 2245.8
1427980 2250.0
1427990 2250.0
1428000 2255.9
1428010 2267.1
1428020 2273.0
1428030 2273.0
1428040 2276.9
1428050 2288.8
1428060 2288.8
1428070 2303.8
1428080 2312.7
1428090 2312.7
1428100 2322.7
1428110 2332.7
1428120 2332.7
1428130 2343.8
1428140 2353.6
1428150 2353.6
1428160 2360.7
1428170 2356.4
1428180 2358.7
1428190 2358.7
1428200 2359.3
1428210 2359.3
1428220 2359.3
1428230 2355.9
1428240 2354.0
1428250 2354.0
1428260 2351.9
1428270 2350.1
1428280 2350.1
1428290 2348.4
1428300 2348.6
1428310 2348.6
1428320 2348.3
1428330 2343.7
1428340 2335.0
1428350 2335.0
1428360 2324.3
1428370 2308.9
1428380 2308.9
1428390 2309.0
1428400 2308.0
1428410 2308.0
1428420 2300.7
1428430 2291.3
1428440 2291.3
1428450 2278.8
1428460 2282.9
1428470 2282.9
1428480 2282.2
1428490 2277.1
1428500 2277.1
1428510 2273.8
1428520 2265.8
1428530 2258.4
1428540 2258.4
1428550 2229.5
1428560 2213.7
1428570 2213.7
1428580 2206.8
1428590 2196.9
1428600 2196.9
1428610 2185.1
1428620 2172.7
1428630 2172.7
1428640 2166.7
1428650 2161.5
1428660 2161.5
1428670 2156.5
1428680 2152.5
1428690 2151.5
1428700 2151.5
1428710 2153.8
1428720 2155.7
1428730 2155.7
1428740 2158.4
1428750 2161.8
1428760 2161.8
1428770 2165.0
1428780 2169.1
1428790 2169.1
1428800 2175.9
1428810 2182.9
1428820 2182.9
1428830 2193.1
1428840 2204.0
1428850 2215.4
1428860 2215.4
1428870 2235.4
1428880 2255.2
1428890 2255.2
1428900 2278.1
1428910 2308.5
1428920 2308.5
1428930 2324.0
1428940 2328.3
1428950 2328.3
1428960 2323.5
1428970 2315.8
1428980 2315.8
1428990 2310.5
1429000 2306.4
1429010 2306.4
1429020 2300.1
1429030 2294.4
1429040 2286.7
1429050 2286.7
1429060 2282.0
1429070 2279.7
1429080 2279.7
1429090 2279.9
1429100 2279.3
1429110 2279.3
1429120 2277.8
1429130 2275.7
1429140 2275.7
1429150 2272.3
1429160 2265.4
1429170 2265.4
1429180 2259.8
1429190 2257.0
1429200 2255.7
1429210 2255.7
1429220 2253.5
1429230 2249.8
1429240 2249.8
1429250 2247.2
1429260 2244.2
1429270 2244.2
1429280 2236.9
1429290 2234.3
1429300 2234.3
1429310 2231.9
1429320 2228.6
1429330 2228.6
1429340 2224.2
1429350 2217.7
1429360 2217.7
1429370 2210.6
1429380 2202.6
1429390 2196.0
1429400 2196.0
1429410 2188.1
1429420 2181.0
1429430 2181.0
1429440 2175.3
1429450 2170.0
1429460 2170.0
1429470 2164.9
1429480 2160.3
1429490 2160.3
1429500 2158.8
1429510 2159.8
1429520 2159.8
1429530 2160.9
1429540 2162.5
1429550 2163.7
1429560 2163.7
1429570 2165.4
1429580 2168.2
1429590 2168.2
1429600 2172.6
1429610 2178.3
1429620 2178.3
1429630 2183.8
1429640 2188.5
1429650 2188.5
1429660 2192.7
1429670 2196.2
1429680 2196.2
1429690 2197.4
1429700 2200.3
1429710 2207.0
1429720 2207.0
1429730 2208.4
1429740 2208.2
1429750 2208.2
1429760 2210.2
1429770 2212.1
1429780 2212.1
1429790 2216.0
1429800 2219.9
1429810 2219.9
1429820 2223.0
1429830 2241.9
1429840 2241.9
1429850 2249.6
1429860 2259.1
1429870 2259.1
1429880 2279.7
1429890 2286.7
1429900 2328.9
1429910 2328.9
1429920 2367.0
1429930 2380.9
1429940 2380.9
1429950 2388.3
1429960 2388.8
1429970 2388.8
1429980 2391.7
1429990 2393.6
1430000 2393.6
1430010 2395.7
1430020 2398.9
1430030 2398.9
1430040 2396.1
1430050 2390.0
1430060 2382.5
1430070 2382.5
1430080 2374.7
1430090 2365.6
1430100 2365.6
1430110 2355.2
1430120 2346.7
1430130 2346.7
1430140 2341.3
1430150 2333.9
1430160 2333.9
1430170 2326.3
1430180 2319.8
1430190 2319.8
1430200 2313.8
1430210 2307.6
1430220 2301.3
1430230 2301.3
1430240 2295.4
1430250 2289.5
1430260 2289.5
1430270 2283.4
1430280 2277.4
1430290 2277.4
1430300 2270.9
1430310 2262.7
1430320 2262.7
1430330 2255.4
1430340 2250.9
1430350 2250.9
1430360 2246.0
1430370 2242.2
1430380 2242.2
1430390 2237.5
1430400 2233.0
1430410 2228.4
1430420 2228.4
1430430 2222.1
1430440 2216.4
1430450 2216.4
1430460 2210.2
1430470 2205.0
1430480 2205.0
1430490 2200.8
1430500 2194.9
1430510 2194.9
1430520 2188.6
1430530 2184.1
1430540 2184.1
1430550 2181.2
1430560 2178.0
1430570 2174.4
1430580 2174.4
1430590 2170.2
1430600 2166.3
1430610 2166.3
1430620 2163.2
1430630 2159.4
1430640 2159.4
1430650 2154.3
1430660 2151.6
1430670 2151.6
1430680 2152.4
1430690 2150.3
1430700 2150.3
1430710 2145.4
1430720 2139.7
1430730 2140.9
1430740 2140.9
1430750 2135.5
1430760 2133.4
1430770 2133.4
1430780 2138.6
1430790 2153.7
1430800 2153.7
1430810 2164.6
1430820 2171.8
1430830 2171.8
1430840 2179.1
1430850 2185.5
1430860 2185.5
1430870 2190.2
1430880 2193.8
1430890 2193.8
1430900 2197.4
1430910 2201.0
1430920 2203.9
1430930 2203.9
1430940 2206.5
1430950 2209.3
1430960 2209.3
1430970 2212.4
1430980 2215.5
1430990 2215.5
1431000 2218.3
1431010 2223.2
1431020 2223.2
1431030 2228.2
1431040 2234.6
1431050 2234.6
1431060 2240.9
1431070 2246.5
1431080 2252.0
1431090 2252.0
1431100 2257.8
1431110 2263.2
1431120 2263.2
1431130 2267.7
1431140 2272.3
1431150 2272.3
1431160 2277.3
1431170 2282.0
1431180 2282.0
1431190 2285.1
1431200 2287.3
1431210 2287.3
1431220 2288.9
1431230 2290.3
1431240 2289.8
1431250 2289.8
1431260 2288.3
1431270 2284.5
1431280 2284.5
1431290 2281.2
1431300 2275.4
1431310 2275.4
1431320 2272.4
1431330 2269.7
1431340 2269.7
1431350 2267.4
1431360 2265.5
1431370 2265.5
1431380 2262.6
1431390 2260.3
1431400 2260.3
1431410 2258.8
1431420 2257.2
1431430 2254.9
1431440 2254.9
1431450 2252.8
1431460 2251.4
1431470 2251.4
1431480 2251.7
1431490 2251.3
1431500 2251.3
1431510 2250.4
1431520 2251.2
1431530 2251.2
1431540 2252.9
1431550 2255.1
1431560 2255.1
1431570 2258.7
1431580 2262.8
1431590 2266.6
1431600 2266.6
1431610 2271.7
1431620 2278.8
1431630 2278.8
1431640 2284.4
1431650 2288.5
1431660 2288.5
1431670 2289.9
1431680 2285.2
1431690 2285.2
1431700 2274.4
1431710 2264.4
1431720 2264.4
1431730 2252.0
1431740 2241.3
1431750 2241.3
1431760 2227.2
1431770 2215.3
1431780 2207.0
1431790 2207.0
1431800 2194.3
1431810 2182.5
1431820 2182.5
1431830 2175.1
1431840 2168.9
1431850 2168.9
1431860 2163.9
1431870 2159.5
1431880 2159.5
1431890 2154.8
1431900 2149.3
1431910 2149.3
1431920 2143.6
1431930 2138.1
1431940 2132.7
1431950 2132.7
1431960 2127.3
1431970 2122.0
1431980 2122.0
1431990 2117.5
1432000 2113.6
1432010 2113.6
1432020 2110.2
1432030 2107.4
1432040 2107.4
1432050 2106.3
1432060 2105.3
1432070 2105.3
1432080 2103.3
1432090 2100.5
1432100 2098.1
1432110 2098.1
1432120 2096.5
1432130 2094.2
1432140 2094.2
1432150 2093.6
1432160 2093.5
1432170 2093.5
1432180 2094.6
1432190 2097.7
1432200 2097.7
1432210 2096.2
1432220 2094.9
1432230 2094.9
1432240 2093.6
1432250 2091.9
1432260 2091.9
1432270 2089.5
1432280 2087.4
1432290 2084.4
1432300 2084.4
1432310 2081.9
1432320 2079.1
1432330 2079.1
1432340 2076.9
1432350 2075.4
1432360 2075.4
1432370 2074.1
1432380 2072.7
1432390 2072.7
1432400 2070.6
1432410 2066.4
1432420 2066.4
1432430 2060.5
1432440 2055.1
1432450 2050.0
1432460 2050.0
1432470 2044.7
1432480 2040.8
1432490 2040.8
1432500 2037.4
1432510 2033.7
1432520 2033.7
1432530 2028.3
1432540 2019.5
1432550 2019.5
1432560 2014.7
1432570 2012.4
1432580 2012.4
1432590 2009.5
1432600 2005.8
1432610 2002.5
1432620 2002.5
1432630 1999.5
1432640 1997.5
1432650 1997.5
1432660 1995.1
1432670 1994.0
1432680 1994.0
1432690 1995.1
1432700 1995.4
1432710 1995.4
1432720 1995.0
1432730 1993.0
1432740 1993.0
1432750 1990.2
1432760 1987.5
1432770 1987.5
1432780 1986.8
1432790 1986.6
1432800 1984.3
1432810 1984.3
1432820 1981.7
1432830 1980.1
1432840 1980.1
1432850 1979.3
1432860 1977.3
1432870 1977.3
1432880 1975.4
1432890 1973.3
1432900 1973.3
1432910 1967.9
1432920 1963.3
1432930 1963.3
1432940 1967.5
1432950 1970.1
1432960 1971.6
1432970 1971.6
1432980 1971.3
1432990 1969.5
1433000 1969.5
1433010 1967.1
1433020 1968.0
1433030 1968.0
1433040 1968.1
1433050 1969.1
1433060 1969.1
1433070 1969.9
1433080 1970.0
1433090 1970.0
1433100 1969.9
1433110 1966.5
1433120 1966.0
1433130 1966.0
1433140 1969.4
1433150 1971.2
1433160 1971.2
1433170 1972.0
1433180 1972.7
1433190 1972.7
1433200 1969.4
1433210 1961.1
1433220 1961.1
1433230 1961.7
1433240 1968.4
1433250 1968.4
1433260 1974.5
1433270 1981.7
1433280 1981.7
1433290 1992.6
1433300 1993.6
1433310 2000.2
1433320 2000.2
1433330 2005.5
1433340 2014.4
1433350 2014.4
1433360 2021.0
1433370 2025.9
1433380 2025.9
1433390 2028.3
1433400 2035.4
1433410 2035.4
1433420 2044.1
1433430 2052.6
1433440 2052.6
1433450 2057.0
1433460 2060.3
1433470 2062.8
1433480 2062.8
1433490 2072.4
1433500 2083.2
1433510 2083.2
1433520 2086.3
1433530 2085.8
1433540 2085.8
1433550 2085.4
1433560 2084.2
1433570 2084.2
1433580 2082.6
1433590 2078.8
1433600 2078.8
1433610 2073.8
1433620 2067.8
1433630 2067.8
1433640 2060.3
1433650 2052.4
1433660 2045.2
1433670 2045.2
1433680 2037.2
1433690 2030.3
1433700 2030.3
1433710 2025.6
1433720 2022.1
1433730 2022.1
1433740 2017.9
1433750 2014.5
1433760 2014.5
1433770 2010.5
1433780 2005.8
1433790 2005.8
1433800 2001.4
1433810 1996.7
1433820 1993.2
1433830 1993.2
1433840 1991.3
1433850 1989.3
1433860 1989.3
1433870 1985.7
1433880 1981.9
1433890 1981.9
1433900 1977.6
1433910 1972.6
1433920 1972.6
1433930 1968.0
1433940 1964.3
1433950 1964.3
1433960 1959.4
1433970 1954.5
1433980 1948.6
1433990 1948.6
1434000 1942.8
1434010 1938.6
1434020 1938.6
1434030 1934.0
1434040 1929.6
1434050 1929.6
1434060 1926.5
1434070 1923.5
1434080 1923.5
1434090 1919.8
1434100 1916.1
1434110 1916.1
1434120 1912.2
1434130 1907.2
1434140 1907.2
1434150 1901.7
1434160 1896.9
1434170 1895.2
1434180 1895.2
1434190 1896.1
1434200 1895.3
1434210 1895.3
1434220 1892.5
1434230 1888.5
1434240 1888.5
1434250 1883.1
1434260 1877.9
1434270 1877.9
1434280 1873.3
1434290 1869.2
1434300 1869.2
1434310 1864.4
1434320 1859.3
1434330 1854.3
1434340 1854.3
1434350 1850.4
1434360 1847.2
1434370 1847.2
1434380 1844.2
1434390 1840.7
1434400 1840.7
1434410 1836.4
1434420 1833.1
1434430 1833.1
1434440 1830.6
1434450 1828.7
1434460 1828.7
1434470 1827.5
1434480 1825.4
1434490 1821.8
1434500 1821.8
1434510 1817.3
1434520 1813.4
1434530 1813.4
1434540 1810.2
1434550 1807.3
1434560 1807.3
1434570 1804.0
1434580 1800.1
1434590 1800.1
1434600 1795.8
1434610 1791.6
1434620 1791.6
1434630 1787.2
1434640 1782.7
1434650 1782.7
1434660 1775.4
1434670 1770.9
1434680 1767.4
1434690 1767.4
1434700 1764.0
1434710 1759.9
1434720 1759.9
1434730 1755.4
1434740 1750.2
1434750 1750.2
1434760 1745.2
1434770 1739.6
1434780 1739.6
1434790 1733.2
1434800 1726.4
1434810 1726.4
1434820 1719.2
1434830 1710.8
1434840 1702.0
1434850 1702.0
1434860 1694.3
1434870 1687.9
1434880 1687.9
1434890 1682.0
1434900 1675.9
1434910 1675.9
1434920 1670.3
1434930 1664.9
1434940 1664.9
1434950 1656.4
1434960 1647.6
1434970 1647.6
1434980 1638.6
1434990 1624.0
1435000 1607.4
1435010 1607.4
1435020 1597.7
1435030 1591.9
1435040 1591.9
1435050 1586.3
1435060 1580.0
1435070 1580.0
1435080 1571.9
1435090 1565.7
1435100 1565.7
1435110 1556.3
1435120 1541.9
1435130 1541.9
1435140 1523.7
1435150 1516.1
1435160 1516.1
1435170 1507.5
1435180 1497.3
1435190 1485.8
1435200 1485.8
1435210 1475.6
1435220 1469.2
1435230 1469.2
1435240 1464.7
1435250 1458.8
1435260 1458.8
1435270 1451.3
1435280 1448.6
1435290 1448.6
1435300 1443.8
1435310 1436.1
1435320 1436.1
1435330 1427.1
1435340 1416.8
1435350 1411.2
1435360 1411.2
1435370 1407.1
1435380 1405.4
1435390 1405.4
1435400 1399.0
1435410 1391.3
1435420 1391.3
1435430 1383.2
1435440 1377.8
1435450 1377.8
1435460 1373.1
1435470 1363.7
1435480 1363.7
1435490 1355.6
1435500 1342.3
1435510 1342.3
1435520 1332.8
1435530 1326.9
1435540 1321.1
1435550 1321.1
1435560 1315.5
1435570 1313.7
1435580 1313.7
1435590 1312.7
1435600 1305.2
1435610 1305.2
1435620 1298.5
1435630 1300.3
1435640 1300.3
1435650 1303.2
1435660 1313.3
1435670 1313.3
1435680 1322.5
1435690 1329.0
1435700 1327.5
1435710 1327.5
1435720 1321.0
1435730 1308.9
1435740 1308.9
1435750 1299.0
1435760 1293.3
1435770 1293.3
1435780 1280.6
1435790 1268.6
1435800 1268.6
1435810 1262.1
1435820 1255.3
1435830 1255.3
1435840 1248.9
1435850 1245.5
1435860 1243.2
1435870 1243.2
1435880 1233.4
1435890 1220.0
1435900 1220.0
1435910 1210.7
1435920 1208.6
1435930 1208.6
1435940 1204.1
1435950 1199.3
1435960 1199.3
1435970 1197.9
1435980 1196.7
1435990 1196.7
1436000 1194.5
1436010 1189.5
1436020 1189.5
1436030 1183.4
1436040 1178.3
1436050 1171.9
1436060 1171.9
1436070 1168.1
1436080 1167.6
1436090 1167.6
1436100 1165.7
1436110 1159.6
1436120 1159.6
1436130 1153.8
1436140 1144.1
1436150 1144.1
1436160 1134.6
1436170 1126.3
1436180 1126.3
1436190 1123.1
1436200 1121.4
1436210 1119.8
1436220 1119.8
1436230 1118.1
1436240 1116.5
1436250 1116.5
1436260 1114.2
1436270 1110.6
1436280 1110.6
1436290 1104.7
1436300 1100.6
1436310 1100.6
1436320 1091.4
1436330 1077.1
1436340 1077.1
1436350 1070.0
1436360 1065.6
1436370 1060.8
1436380 1060.8
1436390 1053.6
1436400 1048.2
1436410 1048.2
1436420 1042.8
1436430 1034.8
1436440 1034.8
1436450 1026.2
1436460 1017.6
1436470 1017.6
1436480 1007.0
1436490 995.6
1436500 995.6
1436510 979.2
1436520 971.3
1436530 971.3
1436540 997.9
1436550 1013.1
1436560 1009.7
1436570 1009.7
1436580 1014.7
1436590 1027.7
1436600 1027.7
1436610 1044.6
1436620 1068.3
1436630 1068.3
1436640 1076.5
1436650 1079.3
1436660 1079.3
1436670 1082.6
1436680 1084.5
1436690 1084.5
1436700 1081.6
1436710 1076.5
1436720 1078.4
1436730 1078.4
1436740 1080.9
1436750 1092.0
1436760 1092.0
1436770 1110.9
1436780 1119.7
1436790 1119.7
1436800 1126.9
1436810 1133.1
1436820 1133.1
1436830 1137.6
1436840 1140.0
1436850 1140.0
1436860 1140.1
1436870 1140.5
1436880 1142.0
1436890 1142.0
1436900 1143.3
1436910 1142.4
1436920 1142.4
1436930 1140.3
1436940 1138.6
1436950 1138.6
1436960 1137.0
1436970 1135.7
1436980 1135.7
1436990 1134.3
1437000 1132.6
1437010 1132.6
1437020 1132.1
1437030 1129.4
1437040 1129.4
1437050 1126.6
1437060 1123.0
1437070 1119.3
1437080 1119.3
1437090 1115.1
1437100 1116.7
1437110 1116.7
1437120 1119.6
1437130 1119.5
1437140 1119.5
1437150 1118.1
1437160 1116.6
1437170 1116.6
1437180 1113.5
1437190 1110.9
1437200 1110.9
1437210 1108.6
1437220 1105.2
1437230 1102.4
1437240 1102.4
1437250 1105.7
1437260 1102.5
1437270 1102.5
1437280 1099.3
1437290 1094.0
1437300 1094.0
1437310 1089.0
1437320 1084.7
1437330 1084.7
1437340 1080.7
1437350 1077.7
1437360 1077.7
1437370 1075.9
1437380 1073.2
1437390 1073.2
1437400 1070.3
1437410 1065.0
1437420 1061.5
1437430 1061.5
1437440 1061.3
1437450 1057.3
1437460 1057.3
1437470 1053.1
1437480 1050.4
1437490 1050.4
1437500 1046.3
1437510 1043.8
1437520 1043.8
1437530 1043.6
1437540 1041.4
1437550 1041.4
1437560 1037.2
1437570 1031.4
1437580 1027.0
1437590 1027.0
1437600 1021.9
1437610 1017.7
1437620 1017.7
1437630 1013.5
1437640 1010.3
1437650 1010.3
1437660 1006.8
1437670 1002.7
1437680 1002.7
1437690 998.5
1437700 994.8
1437710 994.8
1437720 990.3
1437730 985.3
1437740 981.7
1437750 981.7
1437760 979.3
1437770 977.1
1437780 977.1
1437790 975.3
1437800 971.9
1437810 971.9
1437820 967.1
1437830 963.4
1437840 963.4
1437850 959.2
1437860 955.9
1437870 955.9
1437880 957.0
1437890 954.6
1437900 954.6
1437910 949.3
1437920 943.2
1437930 937.6
1437940 937.6
1437950 931.9
1437960 926.6
1437970 926.6
1437980 921.3
1437990 918.8
1438000 918.8
1438010 919.3
1438020 918.6
1438030 918.6
1438040 916.2
1438050 913.9
1438060 913.9
1438070 910.7
1438080 903.6
1438090 897.8
1438100 897.8
1438110 892.6
1438120 887.5
1438130 887.5
1438140 882.9
1438150 878.5
1438160 878.5
1438170 874.2
1438180 869.3
1438190 869.3
1438200 864.4
1438210 860.1
1438220 860.1
1438230 855.6
1438240 850.6
1438250 845.9
1438260 845.9
1438270 841.4
1438280 836.8
1438290 836.8
1438300 831.1
1438310 828.7
1438320 828.7
1438330 825.3
1438340 821.3
1438350 821.3
1438360 816.8
1438370 813.5
1438380 813.5
1438390 810.1
1438400 807.0
1438410 807.0
1438420 804.6
1438430 805.0
1438440 804.2
1438450 804.2
1438460 804.3
1438470 806.1
1438480 806.1
1438490 806.8
1438500 807.2
1438510 807.2
1438520 806.0
1438530 802.4
1438540 802.4
1438550 796.4
1438560 790.0
1438570 790.0
1438580 784.0
1438590 779.0
1438600 774.1
1438610 774.1
1438620 769.7
1438630 764.8
1438640 764.8
1438650 760.5
1438660 756.1
1438670 756.1
1438680 753.6
1438690 754.7
1438700 754.7
1438710 756.8
1438720 758.9
1438730 758.9
1438740 759.4
1438750 759.3
1438760 757.2
1438770 757.2
1438780 750.7
1438790 745.2
1438800 745.2
1438810 738.5
1438820 732.0
1438830 732.0
1438840 725.7
1438850 718.4
1438860 718.4
1438870 710.9
1438880 705.0
1438890 705.0
1438900 701.3
1438910 697.6
1438920 697.6
1438930 692.6
1438940 687.2
1438950 681.7
1438960 681.7
1438970 676.7
1438980 671.6
1438990 671.6
1439000 666.4
1439010 662.2
1439020 662.2
1439030 658.5
1439040 654.5
1439050 654.5
1439060 649.3
1439070 643.6
1439080 643.6
1439090 639.4
1439100 637.8
1439110 636.6
1439120 636.6
1439130 636.1
1439140 635.6
1439150 635.6
1439160 635.2
1439170 634.9
1439180 634.9
1439190 634.7
1439200 634.5
1439210 634.5
1439220 634.1
1439230 633.6
1439240 633.6
1439250 633.1
1439260 632.7
1439270 632.7
1439280 632.3
1439290 631.9
1439300 631.6
1439310 631.6
1439320 631.4
1439330 631.2
1439340 631.2
1439350 630.9
1439360 630.8
1439370 630.8
1439380 630.7
1439390 630.9
1439400 630.9
1439410 630.8
1439420 630.0
1439430 630.0
1439440 629.5
1439450 629.2
1439460 629.0
1439470 629.0
1439480 628.7
1439490 628.3
1439500 628.3
1439510 628.0
1439520 627.7
1439530 627.7
1439540 627.5
1439550 627.4
1439560 627.4
1439570 627.2
1439580 627.2
1439590 627.2
1439600 627.0
1439610 626.4
1439620 626.1
1439630 626.1
1439640 625.8
1439650 625.6
1439660 625.6
1439670 625.4
1439680 625.3
1439690 625.3
1439700 625.2
1439710 625.1
1439720 625.1
1439730 625.0
1439740 625.0
1439750 625.0
1439760 624.9
1439770 625.3
1439780 625.3
1439790 625.5
1439800 625.2
1439810 625.2
1439820 625.2
1439830 625.2
1439840 625.1
1439850 625.1
1439860 625.1
1439870 625.1
1439880 625.1
1439890 625.2
1439900 625.2
1439910 625.2
1439920 625.2
1439930 625.2
1439940 625.2
1439950 625.2
1439960 625.2
1439970 625.2
1439980 625.2
1439990 625.2
