1420000 2145.3
1420010 2139.1
1420020 2139.1
1420030 2130.8
1420040 2126.4
1420050 2126.4
1420060 2122.7
1420070 2118.7
1420080 2118.7
1420090 2113.1
1420100 2103.4
1420110 2103.4
1420120 2095.1
1420130 2089.5
1420140 2089.5
1420150 2086.2
1420160 2083.1
1420170 2083.1
1420180 2079.2
1420190 2072.8
1420200 2067.5
1420210 2067.5
1420220 2062.7
1420230 2058.2
1420240 2058.2
1420250 2055.1
1420260 2053.8
1420270 2053.8
1420280 2053.4
1420290 2052.2
1420300 2052.2
1420310 2050.6
1420320 2048.6
1420330 2048.6
1420340 2045.4
1420350 2043.2
1420360 2041.3
1420370 2041.3
1420380 2038.5
1420390 2035.8
1420400 2035.8
1420410 2033.3
1420420 2031.1
1420430 2031.1
1420440 2029.2
1420450 2025.8
1420460 2025.8
1420470 2023.6
1420480 2021.6
1420490 2021.6
1420500 2017.9
1420510 2015.0
1420520 2011.3
1420530 2011.3
1420540 2007.6
1420550 2004.9
1420560 2004.9
1420570 2001.3
1420580 1997.3
1420590 1997.3
1420600 1993.6
1420610 1990.1
1420620 1990.1
1420630 1987.0
1420640 1984.0
1420650 1984.0
1420660 1980.5
1420670 1977.2
1420680 1977.2
1420690 1973.9
1420700 1971.1
1420710 1967.7
1420720 1967.7
1420730 1964.9
1420740 1962.2
1420750 1962.2
1420760 1959.8
1420770 1958.1
1420780 1958.1
1420790 1955.8
1420800 1952.8
1420810 1952.8
1420820 1950.6
1420830 1948.9
1420840 1948.9
1420850 1947.0
1420860 1946.0
1420870 1944.8
1420880 1944.8
1420890 1943.0
1420900 1940.3
1420910 1940.3
1420920 1938.8
1420930 1939.3
1420940 1939.3
1420950 1942.3
1420960 1943.7
1420970 1943.7
1420980 1941.3
1420990 1937.8
1421000 1937.8
1421010 1936.1
1421020 1932.0
1421030 1932.0
1421040 1928.1
1421050 1924.2
1421060 1919.9
1421070 1919.9
1421080 1915.9
1421090 1912.1
1421100 1912.1
1421110 1908.0
1421120 1903.4
1421130 1903.4
1421140 1899.0
1421150 1894.8
1421160 1894.8
1421170 1890.6
1421180 1886.6
1421190 1886.6
1421200 1882.2
1421210 1879.5
1421220 1877.0
1421230 1877.0
1421240 1871.0
1421250 1864.2
1421260 1864.2
1421270 1860.8
1421280 1859.7
1421290 1859.7
1421300 1858.1
1421310 1856.0
1421320 1856.0
1421330 1856.7
1421340 1857.6
1421350 1857.6
1421360 1856.7
1421370 1855.6
1421380 1856.1
1421390 1856.1
1421400 1855.6
1421410 1854.7
1421420 1854.7
1421430 1853.1
1421440 1851.2
1421450 1851.2
1421460 1849.1
1421470 1847.5
1421480 1847.5
1421490 1846.2
1421500 1845.3
1421510 1845.3
1421520 1846.4
1421530 1845.9
1421540 1845.9
1421550 1844.2
1421560 1842.6
1421570 1841.2
1421580 1841.2
1421590 1840.5
1421600 1839.1
1421610 1839.1
1421620 1837.8
1421630 1836.9
1421640 1836.9
1421650 1835.9
1421660 1835.5
1421670 1835.5
1421680 1835.0
1421690 1832.8
1421700 1832.8
1421710 1831.2
1421720 1833.5
1421730 1837.5
1421740 1837.5
1421750 1840.7
1421760 1844.2
1421770 1844.2
1421780 1848.3
1421790 1854.0
1421800 1854.0
1421810 1859.4
1421820 1864.8
1421830 1864.8
1421840 1870.6
1421850 1876.8
1421860 1876.8
1421870 1882.8
1421880 1889.2
1421890 1889.2
1421900 1895.9
1421910 1902.8
1421920 1908.5
1421930 1908.5
1421940 1913.2
1421950 1916.3
1421960 1916.3
1421970 1918.8
1421980 1921.5
1421990 1921.5
1422000 1924.2
1422010 1926.5
1422020 1926.5
1422030 1929.0
1422040 1931.6
1422050 1931.6
1422060 1933.1
1422070 1933.8
1422080 1935.2
1422090 1935.2
1422100 1937.8
1422110 1941.2
1422120 1941.2
1422130 1944.5
1422140 1946.2
1422150 1946.2
1422160 1947.5
1422170 1948.8
1422180 1948.8
1422190 1950.6
1422200 1952.5
1422210 1952.5
1422220 1953.7
1422230 1954.9
1422240 1957.0
1422250 1957.0
1422260 1958.9
1422270 1960.7
1422280 1960.7
1422290 1961.9
1422300 1963.1
1422310 1963.1
1422320 1963.8
1422330 1963.8
1422340 1963.8
1422350 1963.6
1422360 1963.8
1422370 1963.8
1422380 1964.8
1422390 1966.2
1422400 1966.2
1422410 1967.4
1422420 1968.4
1422430 1969.0
1422440 1969.0
1422450 1969.7
1422460 1970.6
1422470 1970.6
1422480 1971.2
1422490 1972.7
1422500 1972.7
1422510 1975.1
1422520 1977.8
1422530 1977.8
1422540 1980.5
1422550 1983.1
1422560 1983.1
1422570 1986.1
1422580 1989.0
1422590 1991.7
1422600 1991.7
1422610 1994.1
1422620 1997.0
1422630 1997.0
1422640 1999.9
1422650 2003.0
1422660 2003.0
1422670 2006.4
1422680 2009.5
1422690 2009.5
1422700 2013.2
1422710 2017.1
1422720 2017.1
1422730 2020.6
1422740 2024.6
1422750 2024.6
1422760 2028.4
1422770 2033.5
1422780 2036.8
1422790 2036.8
1422800 2039.5
1422810 2043.7
1422820 2043.7
1422830 2049.3
1422840 2053.6
1422850 2053.6
1422860 2058.1
1422870 2063.6
1422880 2063.6
1422890 2069.7
1422900 2075.0
1422910 2075.0
1422920 2080.4
1422930 2086.0
1422940 2095.3
1422950 2095.3
1422960 2105.5
1422970 2115.8
1422980 2115.8
1422990 2125.8
1423000 2136.3
1423010 2136.3
1423020 2153.3
1423030 2165.3
1423040 2165.3
1423050 2173.7
1423060 2179.5
1423070 2179.5
1423080 2184.4
1423090 2190.1
1423100 2194.4
1423110 2194.4
1423120 2196.6
1423130 2199.2
1423140 2199.2
1423150 2202.1
1423160 2205.5
1423170 2205.5
1423180 2209.9
1423190 2214.7
1423200 2214.7
1423210 2220.0
1423220 2225.7
1423230 2225.7
1423240 2230.9
1423250 2236.2
1423260 2236.2
1423270 2241.4
1423280 2246.5
1423290 2252.3
1423300 2252.3
1423310 2258.3
1423320 2265.4
1423330 2265.4
1423340 2272.5
1423350 2278.4
1423360 2278.4
1423370 2283.2
1423380 2286.6
1423390 2286.6
1423400 2287.7
1423410 2288.0
1423420 2288.0
1423430 2287.9
1423440 2287.1
1423450 2286.7
1423460 2286.7
1423470 2286.8
1423480 2289.0
1423490 2289.0
1423500 2293.1
1423510 2298.5
1423520 2298.5
1423530 2304.4
1423540 2310.9
1423550 2310.9
1423560 2315.8
1423570 2318.3
1423580 2318.3
1423590 2320.1
1423600 2319.0
1423610 2319.0
1423620 2315.0
1423630 2311.0
1423640 2305.8
1423650 2305.8
1423660 2300.0
1423670 2296.9
1423680 2296.9
1423690 2296.5
1423700 2295.5
1423710 2295.5
1423720 2294.2
1423730 2291.9
1423740 2291.9
1423750 2295.0
1423760 2299.3
1423770 2299.3
1423780 2303.9
1423790 2308.3
1423800 2311.8
1423810 2311.8
1423820 2314.9
1423830 2318.3
1423840 2318.3
1423850 2322.1
1423860 2325.0
1423870 2325.0
1423880 2326.8
1423890 2331.9
1423900 2331.9
1423910 2338.8
1423920 2343.8
1423930 2343.8
1423940 2349.1
1423950 2354.2
1423960 2358.7
1423970 2358.7
1423980 2361.5
1423990 2361.9
1424000 2361.9
1424010 2361.7
1424020 2363.0
1424030 2363.0
1424040 2365.0
1424050 2367.8
1424060 2367.8
1424070 2368.6
1424080 2366.5
1424090 2366.5
1424100 2364.4
1424110 2361.6
1424120 2361.6
1424130 2358.6
1424140 2356.2
1424150 2354.1
1424160 2354.1
1424170 2355.4
1424180 2360.7
1424190 2360.7
1424200 2357.7
1424210 2348.8
1424220 2348.8
1424230 2340.5
1424240 2328.8
1424250 2328.8
1424260 2322.6
1424270 2313.0
1424280 2313.0
1424290 2296.4
1424300 2281.5
1424310 2275.1
1424320 2275.1
1424330 2275.2
1424340 2275.0
1424350 2275.0
1424360 2274.8
1424370 2274.4
1424380 2274.4
1424390 2273.5
1424400 2271.5
1424410 2271.5
1424420 2269.5
1424430 2267.9
1424440 2267.9
1424450 2266.4
1424460 2265.9
1424470 2265.7
1424480 2265.7
1424490 2265.7
1424500 2264.8
1424510 2264.8
1424520 2265.7
1424530 2269.8
1424540 2269.8
1424550 2274.3
1424560 2278.6
1424570 2278.6
1424580 2285.4
1424590 2292.9
1424600 2292.9
1424610 2300.2
1424620 2308.4
1424630 2308.4
1424640 2317.3
1424650 2329.2
1424660 2339.8
1424670 2339.8
1424680 2347.3
1424690 2349.1
1424700 2349.1
1424710 2349.8
1424720 2351.1
1424730 2351.1
1424740 2351.4
1424750 2349.9
1424760 2349.9
1424770 2344.8
1424780 2336.5
1424790 2336.5
1424800 2328.1
1424810 2322.8
1424820 2317.6
1424830 2317.6
1424840 2312.8
1424850 2308.5
1424860 2308.5
1424870 2304.3
1424880 2300.9
1424890 2300.9
1424900 2299.9
1424910 2301.0
1424920 2301.0
1424930 2302.8
1424940 2305.1
1424950 2305.1
1424960 2306.8
1424970 2308.1
1424980 2308.1
1424990 2308.6
1425000 2309.0
1425010 2310.5
1425020 2310.5
1425030 2312.0
1425040 2313.1
1425050 2313.1
1425060 2314.7
1425070 2315.7
1425080 2315.7
1425090 2317.1
1425100 2318.5
1425110 2318.5
1425120 2320.2
1425130 2319.6
1425140 2319.6
1425150 2315.6
1425160 2310.8
1425170 2308.6
1425180 2308.6
1425190 2307.5
1425200 2305.8
1425210 2305.8
1425220 2307.2
1425230 2308.7
1425240 2308.7
1425250 2309.6
1425260 2310.1
1425270 2310.1
1425280 2310.9
1425290 2311.1
1425300 2311.1
1425310 2311.2
1425320 2311.8
1425330 2309.9
1425340 2309.9
1425350 2308.1
1425360 2305.6
1425370 2305.6
1425380 2303.8
1425390 2302.1
1425400 2302.1
1425410 2300.9
1425420 2299.3
1425430 2299.3
1425440 2297.7
1425450 2296.3
1425460 2296.3
1425470 2295.4
1425480 2295.1
1425490 2295.1
1425500 2294.6
1425510 2294.7
1425520 2294.8
1425530 2294.8
1425540 2294.5
1425550 2295.0
1425560 2295.0
1425570 2295.7
1425580 2296.6
1425590 2296.6
1425600 2297.2
1425610 2298.3
1425620 2298.3
1425630 2298.9
1425640 2297.9
1425650 2297.9
1425660 2297.5
1425670 2299.6
1425680 2303.9
1425690 2303.9
1425700 2308.5
1425710 2313.6
1425720 2313.6
1425730 2318.1
1425740 2322.3
1425750 2322.3
1425760 2325.2
1425770 2326.7
1425780 2326.7
1425790 2328.4
1425800 2329.7
1425810 2329.7
1425820 2330.6
1425830 2331.7
1425840 2331.7
1425850 2332.3
1425860 2333.9
1425870 2337.5
1425880 2337.5
1425890 2341.8
1425900 2346.1
1425910 2346.1
1425920 2350.9
1425930 2355.3
1425940 2355.3
1425950 2360.0
1425960 2366.8
1425970 2366.8
1425980 2380.5
1425990 2394.0
1426000 2394.0
1426010 2405.1
1426020 2436.8
1426030 2449.4
1426040 2449.4
1426050 2474.0
1426060 2490.1
1426070 2490.1
1426080 2498.8
1426090 2515.0
1426100 2515.0
1426110 2540.2
1426120 2559.1
1426130 2559.1
1426140 2571.1
1426150 2578.1
1426160 2578.1
1426170 2578.8
1426180 2568.4
1426190 2564.3
1426200 2564.3
1426210 2581.4
1426220 2606.4
1426230 2606.4
1426240 2618.3
1426250 2620.1
1426260 2620.1
1426270 2618.7
1426280 2611.0
1426290 2611.0
1426300 2596.2
1426310 2584.3
1426320 2584.3
1426330 2584.9
1426340 2574.9
1426350 2574.9
1426360 2561.1
1426370 2558.3
1426380 2560.2
1426390 2560.2
1426400 2563.9
1426410 2571.7
1426420 2571.7
1426430 2590.3
1426440 2605.9
1426450 2605.9
1426460 2608.4
1426470 2604.7
1426480 2604.7
1426490 2608.5
1426500 2609.6
1426510 2609.6
1426520 2617.1
1426530 2628.0
1426540 2629.8
1426550 2629.8
1426560 2630.2
1426570 2626.1
1426580 2626.1
1426590 2605.1
1426600 2591.6
1426610 2591.6
1426620 2584.6
1426630 2579.1
1426640 2579.1
1426650 2573.1
1426660 2567.1
1426670 2567.1
1426680 2561.0
1426690 2554.4
1426700 2554.4
1426710 2548.2
1426720 2541.8
1426730 2533.7
1426740 2533.7
1426750 2514.2
1426760 2491.0
1426770 2491.0
1426780 2489.0
1426790 2503.1
1426800 2503.1
1426810 2500.9
1426820 2492.5
1426830 2492.5
1426840 2484.7
1426850 2477.5
1426860 2477.5
1426870 2466.3
1426880 2445.8
1426890 2420.0
1426900 2420.0
1426910 2393.4
1426920 2378.9
1426930 2378.9
1426940 2370.1
1426950 2362.4
1426960 2362.4
1426970 2355.1
1426980 2347.1
1426990 2347.1
1427000 2339.1
1427010 2330.2
1427020 2330.2
1427030 2322.4
1427040 2317.9
1427050 2315.0
1427060 2315.0
1427070 2313.5
1427080 2311.1
1427090 2311.1
1427100 2305.9
1427110 2300.3
1427120 2300.3
1427130 2295.1
1427140 2290.8
1427150 2290.8
1427160 2287.3
1427170 2283.9
1427180 2283.9
1427190 2280.2
1427200 2276.7
1427210 2276.7
1427220 2273.6
1427230 2269.5
1427240 2265.8
1427250 2265.8
1427260 2261.2
1427270 2256.9
1427280 2256.9
1427290 2253.3
1427300 2249.8
1427310 2249.8
1427320 2246.7
1427330 2244.8
1427340 2244.8
1427350 2243.7
1427360 2243.8
1427370 2243.8
1427380 2242.9
1427390 2241.2
1427400 2239.7
1427410 2239.7
1427420 2237.9
1427430 2237.0
1427440 2237.0
1427450 2237.2
1427460 2237.9
1427470 2237.9
1427480 2237.0
1427490 2234.7
1427500 2234.7
1427510 2231.6
1427520 2229.2
1427530 2229.2
1427540 2224.3
1427550 2219.2
1427560 2219.2
1427570 2214.0
1427580 2209.2
1427590 2206.9
1427600 2206.9
1427610 2201.6
1427620 2194.7
1427630 2194.7
1427640 2190.6
1427650 2185.7
1427660 2185.7
1427670 2181.6
1427680 2179.3
1427690 2179.3
1427700 2174.7
1427710 2168.9
1427720 2168.9
1427730 2162.2
1427740 2153.8
1427750 2145.9
1427760 2145.9
1427770 2139.1
1427780 2133.6
1427790 2133.6
1427800 2129.0
1427810 2124.3
1427820 2124.3
1427830 2118.6
1427840 2112.8
1427850 2112.8
1427860 2107.1
1427870 2100.7
1427880 2100.7
1427890 2094.1
1427900 2087.4
1427910 2080.9
1427920 2080.9
1427930 2074.6
1427940 2068.7
1427950 2068.7
1427960 2063.4
1427970 2058.3
1427980 2058.3
1427990 2053.8
1428000 2049.7
1428010 2049.7
1428020 2046.8
1428030 2044.1
1428040 2044.1
1428050 2041.7
1428060 2039.3
1428070 2039.3
1428080 2036.8
1428090 2034.9
1428100 2033.4
1428110 2033.4
1428120 2032.4
1428130 2032.2
1428140 2032.2
1428150 2032.7
1428160 2033.3
1428170 2033.3
1428180 2033.0
1428190 2033.0
1428200 2033.0
1428210 2040.4
1428220 2039.6
1428230 2039.6
1428240 2038.0
1428250 2035.9
1428260 2033.8
1428270 2033.8
1428280 2030.9
1428290 2027.2
1428300 2027.2
1428310 2022.3
1428320 2021.9
1428330 2021.9
1428340 2022.5
1428350 2022.7
1428360 2022.7
1428370 2025.1
1428380 2026.3
1428390 2026.3
1428400 2025.9
1428410 2026.1
1428420 2026.8
1428430 2026.8
1428440 2025.3
1428450 2024.6
1428460 2024.6
1428470 2023.9
1428480 2021.8
1428490 2021.8
1428500 2018.7
1428510 2015.5
1428520 2015.5
1428530 2012.9
1428540 2010.2
1428550 2010.2
1428560 2006.0
1428570 2001.6
1428580 2001.6
1428590 1997.5
1428600 1993.1
1428610 1986.3
1428620 1986.3
1428630 1977.3
1428640 1968.1
1428650 1968.1
1428660 1954.9
1428670 1943.1
1428680 1943.1
1428690 1933.7
1428700 1925.1
1428710 1925.1
1428720 1916.2
1428730 1907.8
1428740 1907.8
1428750 1901.0
1428760 1895.9
1428770 1893.6
1428780 1893.6
1428790 1891.9
1428800 1889.5
1428810 1889.5
1428820 1886.3
1428830 1882.6
1428840 1882.6
1428850 1882.4
1428860 1882.9
1428870 1882.9
1428880 1884.3
1428890 1884.6
1428900 1884.6
1428910 1882.8
1428920 1880.1
1428930 1880.1
1428940 1879.2
1428950 1878.9
1428960 1878.5
1428970 1878.5
1428980 1878.1
1428990 1877.1
1429000 1877.1
1429010 1876.8
1429020 1877.8
1429030 1877.8
1429040 1878.1
1429050 1878.2
1429060 1878.2
1429070 1879.5
1429080 1882.1
1429090 1882.1
1429100 1884.9
1429110 1883.9
1429120 1881.3
1429130 1881.3
1429140 1883.1
1429150 1886.3
1429160 1886.3
1429170 1890.7
1429180 1894.7
1429190 1894.7
1429200 1897.4
1429210 1900.0
1429220 1900.0
1429230 1902.3
1429240 1904.4
1429250 1904.4
1429260 1906.5
1429270 1908.0
1429280 1909.0
1429290 1909.0
1429300 1910.7
1429310 1914.0
1429320 1914.0
1429330 1918.6
1429340 1924.0
1429350 1924.0
1429360 1929.6
1429370 1935.3
1429380 1935.3
1429390 1943.0
1429400 1950.1
1429410 1950.1
1429420 1958.9
1429430 1968.6
1429440 1968.6
1429450 1970.7
1429460 1970.8
1429470 1968.8
1429480 1968.8
1429490 1957.7
1429500 1939.9
1429510 1939.9
1429520 1926.4
1429530 1916.9
1429540 1916.9
1429550 1909.6
1429560 1902.5
1429570 1902.5
1429580 1894.8
1429590 1886.6
1429600 1886.6
1429610 1879.6
1429620 1872.8
1429630 1866.4
1429640 1866.4
1429650 1860.1
1429660 1854.9
1429670 1854.9
1429680 1851.0
1429690 1846.6
1429700 1846.6
1429710 1840.9
1429720 1835.3
1429730 1835.3
1429740 1830.1
1429750 1825.7
1429760 1825.7
1429770 1822.4
1429780 1819.4
1429790 1819.4
1429800 1816.3
1429810 1815.1
1429820 1810.8
1429830 1810.8
1429840 1807.4
1429850 1806.6
1429860 1806.6
1429870 1809.4
1429880 1814.5
1429890 1814.5
1429900 1819.2
1429910 1824.0
1429920 1824.0
1429930 1828.7
1429940 1832.0
1429950 1832.0
1429960 1835.5
1429970 1839.7
1429980 1848.2
1429990 1848.2
1430000 1859.1
1430010 1863.4
1430020 1863.4
1430030 1864.8
1430040 1866.7
1430050 1866.7
1430060 1871.2
1430070 1877.1
1430080 1877.1
1430090 1884.7
1430100 1897.3
1430110 1897.3
1430120 1915.4
1430130 1931.1
1430140 1947.4
1430150 1947.4
1430160 1961.5
1430170 1968.2
1430180 1968.2
1430190 1974.8
1430200 1983.0
1430210 1983.0
1430220 1993.7
1430230 2007.2
1430240 2007.2
1430250 2032.3
1430260 2065.5
1430270 2065.5
1430280 2096.1
1430290 2102.4
1430300 2102.4
1430310 2114.0
1430320 2119.7
1430330 2119.7
1430340 2119.7
1430350 2125.3
1430360 2160.3
1430370 2160.3
1430380 2204.0
1430390 2227.3
1430400 2227.3
1430410 2232.9
1430420 2236.9
1430430 2236.9
1430440 2262.6
1430450 2280.1
1430460 2280.1
1430470 2254.8
1430480 2229.3
1430490 2216.7
1430500 2228.1
1430510 2261.6
1430520 2281.8
1430530 2281.8
1430540 2317.5
1430550 2339.5
1430560 2339.5
1430570 2342.0
1430580 2319.6
1430590 2319.6
1430600 2325.0
1430610 2336.8
1430620 2336.8
1430630 2347.6
1430640 2366.5
1430650 2366.5
1430660 2381.3
1430670 2390.2
1430680 2387.2
1430690 2387.2
1430700 2370.9
1430710 2348.9
1430720 2348.9
1430730 2353.0
1430740 2359.0
1430750 2359.0
1430760 2358.1
1430770 2349.1
1430780 2349.1
1430790 2330.0
1430800 2309.9
1430810 2309.9
1430820 2307.2
1430830 2332.9
1430840 2349.5
1430850 2349.5
1430860 2368.1
1430870 2387.2
1430880 2387.2
1430890 2391.6
1430900 2401.6
1430910 2401.6
1430920 2415.6
1430930 2424.4
1430940 2424.4
1430950 2426.9
1430960 2425.4
1430970 2425.4
1430980 2436.1
1430990 2452.8
1431000 2462.3
1431010 2462.3
1431020 2475.0
1431030 2498.6
1431040 2498.6
1431050 2506.2
1431060 2506.4
1431070 2506.4
1431080 2541.3
1431090 2584.7
1431100 2584.7
1431110 2601.2
1431120 2605.9
1431130 2605.9
1431140 2629.5
1431150 2643.3
1431160 2643.3
1431170 2659.3
1431180 2668.0
1431190 2656.3
1431200 2656.3
1431210 2667.8
1431220 2673.7
1431230 2673.7
1431240 2673.7
1431250 2671.8
1431260 2671.8
1431270 2668.6
1431280 2664.5
1431290 2664.5
1431300 2659.7
1431310 2655.4
1431320 2655.4
1431330 2649.2
1431340 2644.4
1431350 2639.3
1431360 2639.3
1431370 2634.9
1431380 2631.8
1431390 2631.8
1431400 2627.0
1431410 2621.4
1431420 2621.4
1431430 2616.0
1431440 2610.9
1431450 2610.9
1431460 2611.0
1431470 2606.8
1431480 2606.8
1431490 2603.9
1431500 2598.4
1431510 2594.7
1431520 2594.7
1431530 2589.6
1431540 2586.0
1431550 2586.0
1431560 2584.4
1431570 2581.9
1431580 2581.9
1431590 2579.1
1431600 2574.4
1431610 2574.4
1431620 2568.7
1431630 2563.1
1431640 2563.1
1431650 2558.6
1431660 2554.3
1431670 2554.3
1431680 2549.2
1431690 2544.2
1431700 2539.2
1431710 2539.2
1431720 2534.4
1431730 2529.4
1431740 2529.4
1431750 2524.8
1431760 2520.0
1431770 2520.0
1431780 2514.2
1431790 2506.3
1431800 2506.3
1431810 2500.0
1431820 2494.3
1431830 2494.3
1431840 2489.3
1431850 2484.4
1431860 2481.2
1431870 2481.2
1431880 2477.5
1431890 2473.5
1431900 2473.5
1431910 2470.2
1431920 2468.0
1431930 2468.0
1431940 2465.4
1431950 2463.5
1431960 2463.5
1431970 2462.2
1431980 2459.3
1431990 2459.3
1432000 2455.2
1432010 2450.8
1432020 2450.8
1432030 2446.8
1432040 2442.8
1432050 2437.4
1432060 2437.4
1432070 2432.2
1432080 2428.0
1432090 2428.0
1432100 2425.2
1432110 2423.4
1432120 2423.4
1432130 2422.1
1432140 2419.6
1432150 2419.6
1432160 2415.5
1432170 2409.0
1432180 2409.0
1432190 2404.8
1432200 2401.6
1432210 2397.6
1432220 2397.6
1432230 2391.7
1432240 2386.6
1432250 2386.6
1432260 2381.8
1432270 2377.7
1432280 2377.7
1432290 2373.9
1432300 2371.4
1432310 2371.4
1432320 2367.1
1432330 2360.9
1432340 2360.9
1432350 2353.1
1432360 2344.4
1432370 2337.1
1432380 2337.1
1432390 2330.9
1432400 2322.3
1432410 2322.3
1432420 2316.4
1432430 2313.3
1432440 2313.3
1432450 2310.2
1432460 2306.7
1432470 2306.7
1432480 2303.3
1432490 2301.6
1432500 2301.6
1432510 2302.8
1432520 2305.5
1432530 2305.5
1432540 2307.6
1432550 2310.3
1432560 2313.0
1432570 2313.0
1432580 2316.0
1432590 2318.6
1432600 2318.6
1432610 2312.9
1432620 2296.8
1432630 2296.8
1432640 2274.3
1432650 2255.2
1432660 2255.2
1432670 2239.6
1432680 2224.4
1432690 2224.4
1432700 2216.9
1432710 2209.3
1432720 2201.8
1432730 2201.8
1432740 2195.0
1432750 2187.8
1432760 2187.8
1432770 2180.9
1432780 2174.3
1432790 2174.3
1432800 2167.3
1432810 2160.1
1432820 2160.1
1432830 2153.4
1432840 2146.5
1432850 2146.5
1432860 2140.0
1432870 2134.4
1432880 2134.4
1432890 2126.5
1432900 2121.2
1432910 2116.3
1432920 2116.3
1432930 2111.6
1432940 2108.0
1432950 2108.0
1432960 2106.3
1432970 2106.0
1432980 2106.0
1432990 2105.4
1433000 2104.8
1433010 2104.8
1433020 2104.1
1433030 2101.8
1433040 2101.8
1433050 2098.2
1433060 2095.9
1433070 2093.8
1433080 2093.8
1433090 2091.1
1433100 2088.0
1433110 2088.0
1433120 2085.6
1433130 2084.4
1433140 2084.4
1433150 2084.2
1433160 2083.9
1433170 2083.9
1433180 2082.2
1433190 2079.7
1433200 2079.7
1433210 2076.9
1433220 2074.3
1433230 2071.2
1433240 2071.2
1433250 2068.1
1433260 2066.0
1433270 2066.0
1433280 2064.7
1433290 2062.0
1433300 2062.0
1433310 2059.7
1433320 2058.2
1433330 2058.2
1433340 2057.0
1433350 2056.0
1433360 2056.0
1433370 2056.0
1433380 2055.6
1433390 2055.6
1433400 2054.5
1433410 2052.8
1433420 2052.5
1433430 2052.5
1433440 2053.3
1433450 2054.3
1433460 2054.3
1433470 2054.5
1433480 2053.8
1433490 2053.8
1433500 2054.2
1433510 2052.4
1433520 2052.4
1433530 2048.0
1433540 2044.5
1433550 2044.5
1433560 2040.1
1433570 2030.9
1433580 2020.6
1433590 2020.6
1433600 2014.1
1433610 2008.7
1433620 2008.7
1433630 2004.4
1433640 2000.5
1433650 2000.5
1433660 1996.7
1433670 1993.1
1433680 1993.1
1433690 1990.2
1433700 1988.5
1433710 1988.5
1433720 1987.1
1433730 1985.3
1433740 1985.3
1433750 1982.4
1433760 1978.6
1433770 1973.0
1433780 1973.0
1433790 1968.4
1433800 1966.0
1433810 1966.0
1433820 1964.1
1433830 1961.5
1433840 1961.5
1433850 1959.0
1433860 1957.4
1433870 1957.4
1433880 1955.3
1433890 1951.9
1433900 1951.9
1433910 1947.8
1433920 1941.8
1433930 1937.0
1433940 1937.0
1433950 1933.1
1433960 1929.8
1433970 1929.8
1433980 1927.9
1433990 1926.2
1434000 1926.2
1434010 1924.5
1434020 1922.6
1434030 1922.6
1434040 1921.8
1434050 1921.2
1434060 1921.2
1434070 1921.1
1434080 1921.8
1434090 1922.7
1434100 1922.7
1434110 1921.0
1434120 1916.2
1434130 1916.2
1434140 1911.7
1434150 1908.3
1434160 1908.3
1434170 1905.7
1434180 1903.5
1434190 1903.5
1434200 1902.6
1434210 1901.8
1434220 1901.8
1434230 1900.8
1434240 1898.7
1434250 1898.7
1434260 1896.5
1434270 1893.9
1434280 1890.6
1434290 1890.6
1434300 1888.4
1434310 1887.9
1434320 1887.9
1434330 1888.1
1434340 1887.6
1434350 1887.6
1434360 1886.8
1434370 1885.3
1434380 1885.3
1434390 1884.0
1434400 1882.6
1434410 1882.6
1434420 1880.1
1434430 1878.2
1434440 1876.9
1434450 1876.9
1434460 1876.7
1434470 1876.0
1434480 1876.0
1434490 1874.5
1434500 1871.7
1434510 1871.7
1434520 1867.2
1434530 1860.7
1434540 1860.7
1434550 1854.7
1434560 1849.2
1434570 1849.2
1434580 1843.3
1434590 1838.1
1434600 1833.8
1434610 1833.8
1434620 1829.2
1434630 1825.9
1434640 1825.9
1434650 1823.5
1434660 1817.2
1434670 1817.2
1434680 1809.9
1434690 1803.2
1434700 1803.2
1434710 1796.0
1434720 1789.7
1434730 1789.7
1434740 1784.4
1434750 1779.3
1434760 1779.3
1434770 1775.3
1434780 1773.0
1434790 1771.4
1434800 1771.4
1434810 1770.2
1434820 1768.8
1434830 1768.8
1434840 1765.6
1434850 1762.7
1434860 1762.7
1434870 1760.5
1434880 1757.8
1434890 1757.8
1434900 1754.5
1434910 1750.7
1434920 1750.7
1434930 1747.3
1434940 1744.1
1434950 1740.6
1434960 1740.6
1434970 1736.2
1434980 1732.0
1434990 1732.0
1435000 1726.9
1435010 1721.5
1435020 1721.5
1435030 1716.9
1435040 1711.1
1435050 1711.1
1435060 1705.3
1435070 1697.1
1435080 1697.1
1435090 1691.3
1435100 1684.9
1435110 1684.9
1435120 1679.7
1435130 1674.2
1435140 1668.2
1435150 1668.2
1435160 1663.9
1435170 1658.9
1435180 1658.9
1435190 1651.3
1435200 1646.3
1435210 1646.3
1435220 1641.6
1435230 1636.3
1435240 1636.3
1435250 1627.9
1435260 1618.9
1435270 1618.9
1435280 1612.0
1435290 1606.4
1435300 1601.7
1435310 1601.7
1435320 1596.8
1435330 1592.1
1435340 1592.1
1435350 1587.8
1435360 1583.1
1435370 1583.1
1435380 1578.7
1435390 1575.6
1435400 1575.6
1435410 1575.2
1435420 1574.5
1435430 1574.5
1435440 1571.8
1435450 1568.9
1435460 1565.0
1435470 1565.0
1435480 1559.1
1435490 1551.2
1435500 1551.2
1435510 1546.4
1435520 1542.8
1435530 1542.8
1435540 1536.2
1435550 1531.5
1435560 1531.5
1435570 1525.1
1435580 1518.9
1435590 1518.9
1435600 1514.1
1435610 1509.1
1435620 1509.1
1435630 1500.1
1435640 1491.5
1435650 1484.9
1435660 1484.9
1435670 1477.9
1435680 1472.0
1435690 1472.0
1435700 1467.1
1435710 1463.2
1435720 1463.2
1435730 1457.8
1435740 1452.9
1435750 1452.9
1435760 1446.9
1435770 1439.5
1435780 1439.5
1435790 1432.8
1435800 1425.7
1435810 1418.4
1435820 1418.4
1435830 1410.9
1435840 1403.4
1435850 1403.4
1435860 1396.5
1435870 1391.1
1435880 1391.1
1435890 1387.7
1435900 1386.3
1435910 1386.3
1435920 1389.2
1435930 1396.8
1435940 1396.8
1435950 1398.2
1435960 1394.8
1435970 1394.8
1435980 1389.0
1435990 1382.9
1436000 1378.2
1436010 1378.2
1436020 1375.4
1436030 1371.7
1436040 1371.7
1436050 1367.9
1436060 1364.0
1436070 1364.0
1436080 1360.3
1436090 1356.3
1436100 1356.3
1436110 1352.6
1436120 1349.2
1436130 1349.2
1436140 1344.9
1436150 1339.7
1436160 1333.8
1436170 1333.8
1436180 1328.4
1436190 1322.6
1436200 1322.6
1436210 1317.9
1436220 1311.6
1436230 1311.6
1436240 1305.0
1436250 1297.7
1436260 1297.7
1436270 1290.9
1436280 1284.1
1436290 1284.1
1436300 1277.2
1436310 1270.0
1436320 1262.7
1436330 1262.7
1436340 1255.4
1436350 1247.1
1436360 1247.1
1436370 1238.5
1436380 1229.8
1436390 1229.8
1436400 1220.2
1436410 1209.0
1436420 1209.0
1436430 1198.4
1436440 1191.7
1436450 1191.7
1436460 1186.5
1436470 1182.7
1436480 1182.7
1436490 1180.7
1436500 1180.1
1436510 1181.4
1436520 1181.4
1436530 1189.4
1436540 1201.0
1436550 1201.0
1436560 1208.3
1436570 1208.1
1436580 1208.1
1436590 1206.0
1436600 1199.1
1436610 1199.1
1436620 1193.7
1436630 1189.0
1436640 1189.0
1436650 1183.2
1436660 1178.4
1436670 1172.4
1436680 1172.4
1436690 1165.9
1436700 1157.5
1436710 1157.5
1436720 1151.8
1436730 1146.2
1436740 1146.2
1436750 1141.0
1436760 1136.7
1436770 1136.7
1436780 1131.9
1436790 1127.0
1436800 1127.0
1436810 1122.4
1436820 1118.9
1436830 1118.9
1436840 1115.7
1436850 1113.1
1436860 1111.1
1436870 1111.1
1436880 1109.9
1436890 1111.2
1436900 1111.2
1436910 1113.2
1436920 1115.1
1436930 1115.1
1436940 1115.9
1436950 1114.7
1436960 1114.7
1436970 1110.7
1436980 1106.6
1436990 1106.6
1437000 1102.7
1437010 1097.0
1437020 1089.2
1437030 1089.2
1437040 1076.0
1437050 1067.0
1437060 1067.0
1437070 1060.4
1437080 1049.8
1437090 1049.8
1437100 1041.5
1437110 1032.2
1437120 1032.2
1437130 1026.0
1437140 1016.6
1437150 1016.6
1437160 1007.9
1437170 999.9
1437180 992.2
1437190 992.2
1437200 984.7
1437210 977.2
1437220 977.2
1437230 969.4
1437240 960.3
1437250 960.3
1437260 953.4
1437270 944.6
1437280 944.6
1437290 936.6
1437300 929.0
1437310 929.0
1437320 921.8
1437330 916.1
1437340 916.1
1437350 909.4
1437360 902.8
1437370 896.6
1437380 896.6
1437390 890.4
1437400 884.4
1437410 884.4
1437420 877.9
1437430 870.9
1437440 870.9
1437450 863.4
1437460 856.3
1437470 856.3
1437480 849.7
1437490 843.4
1437500 843.4
1437510 837.0
1437520 831.4
1437530 825.6
1437540 825.6
1437550 819.5
1437560 813.7
1437570 813.7
1437580 811.0
1437590 808.4
1437600 808.4
1437610 803.6
1437620 797.6
1437630 797.6
1437640 790.2
1437650 780.8
1437660 780.8
1437670 771.2
1437680 761.9
1437690 761.9
1437700 754.0
1437710 746.2
1437720 738.0
1437730 738.0
1437740 729.6
1437750 721.2
1437760 721.2
1437770 713.6
1437780 706.1
1437790 706.1
1437800 698.7
1437810 693.0
1437820 693.0
1437830 687.6
1437840 681.6
1437850 681.6
1437860 676.0
1437870 669.8
1437880 662.6
1437890 662.6
1437900 655.4
1437910 650.1
1437920 650.1
1437930 646.9
1437940 643.6
1437950 643.6
1437960 640.7
1437970 638.5
1437980 638.5
1437990 636.9
1438000 635.9
1438010 635.9
1438020 635.8
1438030 636.2
1438040 636.3
1438050 636.3
1438060 636.4
1438070 636.5
1438080 636.5
1438090 636.7
1438100 636.8
1438110 636.8
1438120 637.0
1438130 637.2
1438140 637.2
1438150 637.3
1438160 637.3
1438170 637.3
1438180 637.3
1438190 637.3
1438200 637.3
1438210 637.2
1438220 637.2
1438230 637.3
1438240 637.3
1438250 637.3
1438260 637.3
1438270 637.3
1438280 637.4
1438290 637.6
1438300 637.6
1438310 637.8
1438320 638.0
1438330 638.0
1438340 638.2
1438350 638.3
1438360 638.3
1438370 638.4
1438380 638.5
1438390 638.6
1438400 638.6
1438410 638.6
1438420 638.6
1438430 638.6
1438440 638.8
1438450 638.9
1438460 638.9
1438470 638.5
1438480 638.3
1438490 638.3
1438500 638.2
1438510 638.1
1438520 638.1
1438530 638.0
1438540 637.9
1438550 638.0
1438560 638.0
1438570 638.0
1438580 638.1
1438590 638.1
1438600 638.1
1438610 638.1
1438620 638.1
1438630 637.9
1438640 637.7
1438650 637.7
1438660 637.5
1438670 637.3
1438680 637.3
1438690 637.1
1438700 636.9
1438710 636.9
1438720 636.9
1438730 637.0
1438740 636.7
1438750 636.7
1438760 636.3
1438770 636.3
1438780 636.3
1438790 636.4
1438800 636.5
1438810 636.5
1438820 636.6
1438830 636.8
1438840 636.8
1438850 637.2
1438860 637.3
1438870 637.3
1438880 637.5
1438890 635.3
1438900 635.4
1438910 635.4
1438920 637.5
1438930 637.4
1438940 637.4
1438950 637.0
1438960 636.7
1438970 636.7
1438980 636.3
1438990 636.0
1439000 636.0
1439010 635.7
1439020 635.4
1439030 635.4
1439040 635.2
1439050 634.9
1439060 634.9
1439070 634.5
1439080 634.3
1439090 634.1
1439100 634.1
1439110 634.0
1439120 633.8
1439130 633.8
1439140 633.6
1439150 633.4
1439160 633.4
1439170 633.2
1439180 633.1
1439190 633.1
1439200 633.1
1439210 632.9
1439220 632.9
1439230 632.9
1439240 633.0
1439250 632.7
1439260 632.7
1439270 632.1
1439280 631.8
1439290 631.8
1439300 631.1
1439310 630.6
1439320 630.6
1439330 630.4
1439340 630.2
1439350 630.2
1439360 630.0
1439370 629.8
1439380 629.8
1439390 629.7
1439400 629.5
1439410 629.2
1439420 629.2
1439430 629.1
1439440 628.8
1439450 628.8
1439460 628.7
1439470 628.6
1439480 628.6
1439490 628.4
1439500 628.3
1439510 628.3
1439520 628.1
1439530 628.1
1439540 628.1
1439550 628.2
1439560 628.2
1439570 628.2
1439580 628.0
1439590 627.9
1439600 627.7
1439610 627.7
1439620 627.5
1439630 627.3
1439640 627.3
1439650 627.3
1439660 627.2
1439670 627.2
1439680 627.2
1439690 627.2
1439700 627.2
1439710 627.2
1439720 627.3
1439730 627.3
1439740 627.4
1439750 627.2
1439760 627.0
1439770 627.0
1439780 627.1
1439790 627.2
1439800 627.2
1439810 627.5
1439820 627.6
1439830 627.6
1439840 627.6
1439850 627.7
1439860 627.7
1439870 627.6
1439880 627.6
1439890 627.6
1439900 627.6
1439910 627.7
1439920 627.7
1439930 627.7
1439940 627.8
1439950 627.8
1439960 627.8
1439970 628.0
1439980 628.7
1439990 628.7
