1420000 1825.4
1420010 1825.4
1420020 1836.5
1420030 1856.4
1420040 1856.4
1420050 1870.3
1420060 1877.9
1420070 1877.9
1420080 1878.2
1420090 1879.2
1420100 1879.2
1420110 1878.2
1420120 1877.0
1420130 1883.2
1420140 1883.2
1420150 1889.7
1420160 1888.5
1420170 1888.5
1420180 1889.9
1420190 1888.4
1420200 1888.4
1420210 1890.4
1420220 1885.6
1420230 1885.6
1420240 1881.5
1420250 1876.8
1420260 1876.8
1420270 1869.1
1420280 1861.8
1420290 1858.5
1420300 1858.5
1420310 1853.8
1420320 1845.2
1420330 1845.2
1420340 1838.9
1420350 1833.8
1420360 1833.8
1420370 1830.0
1420380 1834.2
1420390 1834.2
1420400 1840.8
1420410 1850.1
1420420 1850.1
1420430 1859.1
1420440 1865.9
1420450 1865.9
1420460 1871.9
1420470 1874.2
1420480 1874.3
1420490 1874.3
1420500 1873.4
1420510 1870.7
1420520 1870.7
1420530 1866.5
1420540 1865.0
1420550 1865.0
1420560 1862.6
1420570 1858.3
1420580 1858.3
1420590 1853.0
1420600 1846.4
1420610 1846.4
1420620 1839.7
1420630 1831.3
1420640 1823.6
1420650 1823.6
1420660 1814.2
1420670 1805.1
1420680 1805.1
1420690 1796.6
1420700 1786.5
1420710 1786.5
1420720 1776.1
1420730 1764.1
1420740 1764.1
1420750 1761.7
1420760 1750.2
1420770 1750.2
1420780 1736.6
1420790 1727.7
1420800 1727.7
1420810 1718.3
1420820 1716.0
1420830 1720.8
1420840 1720.8
1420850 1728.8
1420860 1740.4
1420870 1740.4
1420880 1748.0
1420890 1751.2
1420900 1751.2
1420910 1752.8
1420920 1754.0
1420930 1754.0
1420940 1754.5
1420950 1753.8
1420960 1753.8
1420970 1752.7
1420980 1751.6
1420990 1749.6
1421000 1749.6
1421010 1746.1
1421020 1741.3
1421030 1741.3
1421040 1736.5
1421050 1730.8
1421060 1730.8
1421070 1722.9
1421080 1713.4
1421090 1713.4
1421100 1699.8
1421110 1672.9
1421120 1672.9
1421130 1634.1
1421140 1597.5
1421150 1597.5
1421160 1573.5
1421170 1554.5
1421180 1544.7
1421190 1544.7
1421200 1544.6
1421210 1545.4
1421220 1545.4
1421230 1544.5
1421240 1541.4
1421250 1541.4
1421260 1539.4
1421270 1539.3
1421280 1539.3
1421290 1535.7
1421300 1524.1
1421310 1524.1
1421320 1500.2
1421330 1468.8
1421340 1444.8
1421350 1444.8
1421360 1418.3
1421370 1403.3
1421380 1403.3
1421390 1393.3
1421400 1386.2
1421410 1386.2
1421420 1379.1
1421430 1371.4
1421440 1371.4
1421450 1363.8
1421460 1356.4
1421470 1356.4
1421480 1349.0
1421490 1341.5
1421500 1341.5
1421510 1334.5
1421520 1328.0
1421530 1321.8
1421540 1321.8
1421550 1315.9
1421560 1310.1
1421570 1310.1
1421580 1305.0
1421590 1300.0
1421600 1300.0
1421610 1295.2
1421620 1290.8
1421630 1290.8
1421640 1286.6
1421650 1282.8
1421660 1282.8
1421670 1278.8
1421680 1275.0
1421690 1271.9
1421700 1271.9
1421710 1269.9
1421720 1268.0
1421730 1268.0
1421740 1265.5
1421750 1263.2
1421760 1263.2
1421770 1259.0
1421780 1253.7
1421790 1253.7
1421800 1249.5
1421810 1245.5
1421820 1245.5
1421830 1248.7
1421840 1255.5
1421850 1263.1
1421860 1263.1
1421870 1269.4
1421880 1275.0
1421890 1275.0
1421900 1280.7
1421910 1287.1
1421920 1287.1
1421930 1293.6
1421940 1299.8
1421950 1299.8
1421960 1305.4
1421970 1312.5
1421980 1312.5
1421990 1324.7
1422000 1338.6
1422010 1338.6
1422020 1349.3
1422030 1358.0
1422040 1369.2
1422050 1369.2
1422060 1379.2
1422070 1390.5
1422080 1390.5
1422090 1403.0
1422100 1417.4
1422110 1417.4
1422120 1433.9
1422130 1447.0
1422140 1447.0
1422150 1455.5
1422160 1474.6
1422170 1474.6
1422180 1504.8
1422190 1540.6
1422200 1566.6
1422210 1566.6
1422220 1592.7
1422230 1613.4
1422240 1613.4
1422250 1638.4
1422260 1655.6
1422270 1655.6
1422280 1673.8
1422290 1691.7
1422300 1691.7
1422310 1699.7
1422320 1705.8
1422330 1705.8
1422340 1716.1
1422350 1722.8
1422360 1722.8
1422370 1733.0
1422380 1741.4
1422390 1744.4
1422400 1744.4
1422410 1747.6
1422420 1750.7
1422430 1750.7
1422440 1751.3
1422450 1750.9
1422460 1750.9
1422470 1749.0
1422480 1745.3
1422490 1745.3
1422500 1742.1
1422510 1738.4
1422520 1738.4
1422530 1732.8
1422540 1726.1
1422550 1719.7
1422560 1719.7
1422570 1715.4
1422580 1710.1
1422590 1710.1
1422600 1703.7
1422610 1697.8
1422620 1702.5
1422630 1698.1
1422640 1694.3
1422650 1694.3
1422660 1688.1
1422670 1679.9
1422680 1679.9
1422690 1672.9
1422700 1667.3
1422710 1667.3
1422720 1662.6
1422730 1661.2
1422740 1660.1
1422750 1660.1
1422760 1656.4
1422770 1650.3
1422780 1650.3
1422790 1643.9
1422800 1638.2
1422810 1638.2
1422820 1630.6
1422830 1615.6
1422840 1615.6
1422850 1602.3
1422860 1595.4
1422870 1595.4
1422880 1583.5
1422890 1569.9
1422900 1563.8
1422910 1563.8
1422920 1561.0
1422930 1558.6
1422940 1558.6
1422950 1554.5
1422960 1552.0
1422970 1552.0
1422980 1553.1
1422990 1550.7
1423000 1550.7
1423010 1547.6
1423020 1544.8
1423030 1544.8
1423040 1542.2
1423050 1539.4
1423060 1539.4
1423070 1537.7
1423080 1537.5
1423090 1539.1
1423100 1539.1
1423110 1542.1
1423120 1545.0
1423130 1545.0
1423140 1547.9
1423150 1551.1
1423160 1551.1
1423170 1554.1
1423180 1556.6
1423190 1556.6
1423200 1557.1
1423210 1556.6
1423220 1556.6
1423230 1561.4
1423240 1566.4
1423250 1569.1
1423260 1569.1
1423270 1570.7
1423280 1570.6
1423290 1570.6
1423300 1574.6
1423310 1585.5
1423320 1585.5
1423330 1598.4
1423340 1613.5
1423350 1613.5
1423360 1645.7
1423370 1664.0
1423380 1664.0
1423390 1669.3
1423400 1675.8
1423410 1675.8
1423420 1678.6
1423430 1675.6
1423440 1673.2
1423450 1673.2
1423460 1673.4
1423470 1674.4
1423480 1674.4
1423490 1672.4
1423500 1668.5
1423510 1668.5
1423520 1665.2
1423530 1662.8
1423540 1662.8
1423550 1660.0
1423560 1656.4
1423570 1656.4
1423580 1654.0
1423590 1651.4
1423600 1650.7
1423610 1650.7
1423620 1650.9
1423630 1651.3
1423640 1651.3
1423650 1652.4
1423660 1655.1
1423670 1655.1
1423680 1659.8
1423690 1665.2
1423700 1665.2
1423710 1669.9
1423720 1675.0
1423730 1675.0
1423740 1681.1
1423750 1687.2
1423760 1687.2
1423770 1693.9
1423780 1700.8
1423790 1708.2
1423800 1708.2
1423810 1715.6
1423820 1724.3
1423830 1724.3
1423840 1731.2
1423850 1736.5
1423860 1736.5
1423870 1743.5
1423880 1750.9
1423890 1750.9
1423900 1760.0
1423910 1778.7
1423920 1778.7
1423930 1799.7
1423940 1809.6
1423950 1812.4
1423960 1812.4
1423970 1815.8
1423980 1819.8
1423990 1819.8
1424000 1823.1
1424010 1826.5
1424020 1826.5
1424030 1829.6
1424040 1833.5
1424050 1833.5
1424060 1836.1
1424070 1838.6
1424080 1838.6
1424090 1841.5
1424100 1845.8
1424110 1845.8
1424120 1849.7
1424130 1853.5
1424140 1856.6
1424150 1856.6
1424160 1859.2
1424170 1862.1
1424180 1862.1
1424190 1865.4
1424200 1868.9
1424210 1868.9
1424220 1872.7
1424230 1877.0
1424240 1877.0
1424250 1881.1
1424260 1885.7
1424270 1885.7
1424280 1891.1
1424290 1896.5
1424300 1901.8
1424310 1901.8
1424320 1906.2
1424330 1909.3
1424340 1909.3
1424350 1912.7
1424360 1915.2
1424370 1915.2
1424380 1918.2
1424390 1921.5
1424400 1921.5
1424410 1925.2
1424420 1929.9
1424430 1929.9
1424440 1935.5
1424450 1940.4
1424460 1940.4
1424470 1943.2
1424480 1942.9
1424490 1941.8
1424500 1941.8
1424510 1942.8
1424520 1942.4
1424530 1942.4
1424540 1942.4
1424550 1944.3
1424560 1944.3
1424570 1946.5
1424580 1948.8
1424590 1948.8
1424600 1951.3
1424610 1955.9
1424620 1955.9
1424630 1958.7
1424640 1957.1
1424650 1956.9
1424660 1956.9
1424670 1955.1
1424680 1951.3
1424690 1957.9
1424700 1958.7
1424710 1959.6
1424720 1959.6
1424730 1960.2
1424740 1961.5
1424750 1961.5
1424760 1964.4
1424770 1966.1
1424780 1966.1
1424790 1967.4
1424800 1969.4
1424810 1969.4
1424820 1971.5
1424830 1972.2
1424840 1971.0
1424850 1971.0
1424860 1975.4
1424870 1976.5
1424880 1976.5
1424890 1976.6
1424900 1977.6
1424910 1977.6
1424920 1977.8
1424930 1978.9
1424940 1978.9
1424950 1979.1
1424960 1979.1
1424970 1979.1
1424980 1978.3
1424990 1978.0
1425000 1977.8
1425010 1977.8
1425020 1976.3
1425030 1973.2
1425040 1973.2
1425050 1970.1
1425060 1967.0
1425070 1967.0
1425080 1966.5
1425090 1965.9
1425100 1965.9
1425110 1963.4
1425120 1963.2
1425130 1963.2
1425140 1965.0
1425150 1964.8
1425160 1964.8
1425170 1963.5
1425180 1961.6
1425190 1956.7
1425200 1956.7
1425210 1950.9
1425220 1946.0
1425230 1946.0
1425240 1942.1
1425250 1940.0
1425260 1940.0
1425270 1939.8
1425280 1938.8
1425290 1938.8
1425300 1939.0
1425310 1940.6
1425320 1940.6
1425330 1941.3
1425340 1940.7
1425350 1939.5
1425360 1939.5
1425370 1938.0
1425380 1936.3
1425390 1936.3
1425400 1934.6
1425410 1933.1
1425420 1933.1
1425430 1933.3
1425440 1932.8
1425450 1932.8
1425460 1930.5
1425470 1929.1
1425480 1929.1
1425490 1928.1
1425500 1925.6
1425510 1923.2
1425520 1923.2
1425530 1922.3
1425540 1923.0
1425550 1923.0
1425560 1924.9
1425570 1926.1
1425580 1926.1
1425590 1926.0
1425600 1924.3
1425610 1924.3
1425620 1921.5
1425630 1918.2
1425640 1918.2
1425650 1913.9
1425660 1908.7
1425670 1908.7
1425680 1902.1
1425690 1892.0
1425700 1886.1
1425710 1886.1
1425720 1881.6
1425730 1873.7
1425740 1873.7
1425750 1865.0
1425760 1861.3
1425770 1861.3
1425780 1856.6
1425790 1849.4
1425800 1849.4
1425810 1839.9
1425820 1834.0
1425830 1834.0
1425840 1830.5
1425850 1825.9
1425860 1821.1
1425870 1821.1
1425880 1815.0
1425890 1808.6
1425900 1808.6
1425910 1804.1
1425920 1801.1
1425930 1801.1
1425940 1797.5
1425950 1792.6
1425960 1792.6
1425970 1786.7
1425980 1778.6
1425990 1778.6
1426000 1770.6
1426010 1764.8
1426020 1764.8
1426030 1760.0
1426040 1753.3
1426050 1746.2
1426060 1746.2
1426070 1742.2
1426080 1734.8
1426090 1734.8
1426100 1727.1
1426110 1719.6
1426120 1719.6
1426130 1711.9
1426140 1703.2
1426150 1703.2
1426160 1694.2
1426170 1686.3
1426180 1686.3
1426190 1678.6
1426200 1670.9
1426210 1663.1
1426220 1663.1
1426230 1656.1
1426240 1649.8
1426250 1649.8
1426260 1643.1
1426270 1636.3
1426280 1636.3
1426290 1629.4
1426300 1623.1
1426310 1623.1
1426320 1615.4
1426330 1607.3
1426340 1607.3
1426350 1600.0
1426360 1591.0
1426370 1591.0
1426380 1582.4
1426390 1576.3
1426400 1571.7
1426410 1571.7
1426420 1567.5
1426430 1561.6
1426440 1561.6
1426450 1555.9
1426460 1549.9
1426470 1549.9
1426480 1544.2
1426490 1540.1
1426500 1540.1
1426510 1536.0
1426520 1532.1
1426530 1532.1
1426540 1528.8
1426550 1524.9
1426560 1519.6
1426570 1519.6
1426580 1514.4
1426590 1509.7
1426600 1509.7
1426610 1506.0
1426620 1502.3
1426630 1502.3
1426640 1498.7
1426650 1496.1
1426660 1496.1
1426670 1494.9
1426680 1493.0
1426690 1493.0
1426700 1491.0
1426710 1488.9
1426720 1488.9
1426730 1487.1
1426740 1485.4
1426750 1484.0
1426760 1484.0
1426770 1482.6
1426780 1481.4
1426790 1481.4
1426800 1480.8
1426810 1480.8
1426820 1480.8
1426830 1484.9
1426840 1484.9
1426850 1484.9
1426860 1484.8
1426870 1484.2
1426880 1484.2
1426890 1482.4
1426900 1481.1
1426910 1478.7
1426920 1478.7
1426930 1471.9
1426940 1465.5
1426950 1465.5
1426960 1462.3
1426970 1464.6
1426980 1464.6
1426990 1467.7
1427000 1473.8
1427010 1473.8
1427020 1480.3
1427030 1488.0
1427040 1488.0
1427050 1497.0
1427060 1502.7
1427070 1502.7
1427080 1505.9
1427090 1507.7
1427100 1505.1
1427110 1505.1
1427120 1499.0
1427130 1494.1
1427140 1494.1
1427150 1490.1
1427160 1487.4
1427170 1487.4
1427180 1481.1
1427190 1473.5
1427200 1473.5
1427210 1466.6
1427220 1461.2
1427230 1461.2
1427240 1456.0
1427250 1453.1
1427260 1451.8
1427270 1451.8
1427280 1450.4
1427290 1447.9
1427300 1447.9
1427310 1446.5
1427320 1445.1
1427330 1445.1
1427340 1442.6
1427350 1439.7
1427360 1439.7
1427370 1436.5
1427380 1436.6
1427390 1436.6
1427400 1437.9
1427410 1435.3
1427420 1435.3
1427430 1432.4
1427440 1429.9
1427450 1428.1
1427460 1428.1
1427470 1425.2
1427480 1422.6
1427490 1422.6
1427500 1419.7
1427510 1419.5
1427520 1419.5
1427530 1420.0
1427540 1420.6
1427550 1420.6
1427560 1418.9
1427570 1416.2
1427580 1416.2
1427590 1413.9
1427600 1415.3
1427610 1417.0
1427620 1417.0
1427630 1416.1
1427640 1415.6
1427650 1415.6
1427660 1416.6
1427670 1417.7
1427680 1417.7
1427690 1420.2
1427700 1422.5
1427710 1422.5
1427720 1424.7
1427730 1426.9
1427740 1426.9
1427750 1430.2
1427760 1435.2
1427770 1435.2
1427780 1441.1
1427790 1446.7
1427800 1451.4
1427810 1451.4
1427820 1450.7
1427830 1445.0
1427840 1445.0
1427850 1440.4
1427860 1440.0
1427870 1440.0
1427880 1440.5
1427890 1438.8
1427900 1438.8
1427910 1433.9
1427920 1427.6
1427930 1427.6
1427940 1419.0
1427950 1410.0
1427960 1401.3
1427970 1401.3
1427980 1391.6
1427990 1386.2
1428000 1386.2
1428010 1384.4
1428020 1382.2
1428030 1382.2
1428040 1379.2
1428050 1377.1
1428060 1377.1
1428070 1375.1
1428080 1370.3
1428090 1370.3
1428100 1363.3
1428110 1367.4
1428120 1367.4
1428130 1374.1
1428140 1377.6
1428150 1380.8
1428160 1380.8
1428170 1384.7
1428180 1388.9
1428190 1388.9
1428200 1393.9
1428210 1398.9
1428220 1398.9
1428230 1404.2
1428240 1409.4
1428250 1409.4
1428260 1414.3
1428270 1419.3
1428280 1419.3
1428290 1424.0
1428300 1430.6
1428310 1438.4
1428320 1438.4
1428330 1443.1
1428340 1446.8
1428350 1446.8
1428360 1449.7
1428370 1455.6
1428380 1455.6
1428390 1460.7
1428400 1463.9
1428410 1463.9
1428420 1472.3
1428430 1488.6
1428440 1488.6
1428450 1506.1
1428460 1518.5
1428470 1522.8
1428480 1522.8
1428490 1525.0
1428500 1525.4
1428510 1525.4
1428520 1526.2
1428530 1525.8
1428540 1525.8
1428550 1524.8
1428560 1521.0
1428570 1521.0
1428580 1519.4
1428590 1524.3
1428600 1524.3
1428610 1535.5
1428620 1551.6
1428630 1551.6
1428640 1564.5
1428650 1577.9
1428660 1589.0
1428670 1589.0
1428680 1595.1
1428690 1605.9
1428700 1605.9
1428710 1609.3
1428720 1614.6
1428730 1614.6
1428740 1611.0
1428750 1615.4
1428760 1615.4
1428770 1628.2
1428780 1638.1
1428790 1638.1
1428800 1643.3
1428810 1659.4
1428820 1663.0
1428830 1663.0
1428840 1666.7
1428850 1670.5
1428860 1670.5
1428870 1672.8
1428880 1677.9
1428890 1677.9
1428900 1683.4
1428910 1686.8
1428920 1686.8
1428930 1688.6
1428940 1687.2
1428950 1687.2
1428960 1686.0
1428970 1688.3
1428980 1688.3
1428990 1688.6
1429000 1688.7
1429010 1693.6
1429020 1693.6
1429030 1702.8
1429040 1706.9
1429050 1706.9
1429060 1719.0
1429070 1726.8
1429080 1726.8
1429090 1730.5
1429100 1730.6
1429110 1730.6
1429120 1728.4
1429130 1726.8
1429140 1726.8
1429150 1724.0
1429160 1715.4
1429170 1707.7
1429180 1707.7
1429190 1699.1
1429200 1691.1
1429210 1691.1
1429220 1682.8
1429230 1672.5
1429240 1672.5
1429250 1659.1
1429260 1659.8
1429270 1659.8
1429280 1673.9
1429290 1676.3
1429300 1676.3
1429310 1677.0
1429320 1676.8
1429330 1676.8
1429340 1675.1
1429350 1669.8
1429360 1669.4
1429370 1669.4
1429380 1677.8
1429390 1686.1
1429400 1686.1
1429410 1693.2
1429420 1706.8
1429430 1706.8
1429440 1713.3
1429450 1712.7
1429460 1712.7
1429470 1708.7
1429480 1701.1
1429490 1701.1
1429500 1697.3
1429510 1697.0
1429520 1695.2
1429530 1695.2
1429540 1692.0
1429550 1688.7
1429560 1688.7
1429570 1685.9
1429580 1684.2
1429590 1684.2
1429600 1679.9
1429610 1672.5
1429620 1672.5
1429630 1666.5
1429640 1665.1
1429650 1665.1
1429660 1663.6
1429670 1659.9
1429680 1659.9
1429690 1656.1
1429700 1653.1
1429710 1651.3
1429720 1651.3
1429730 1649.0
1429740 1645.8
1429750 1645.8
1429760 1642.6
1429770 1639.8
1429780 1639.8
1429790 1637.2
1429800 1635.0
1429810 1635.0
1429820 1633.4
1429830 1630.2
1429840 1630.2
1429850 1626.3
1429860 1623.1
1429870 1619.7
1429880 1619.7
1429890 1616.3
1429900 1612.2
1429910 1612.2
1429920 1606.8
1429930 1602.5
1429940 1602.5
1429950 1599.7
1429960 1597.4
1429970 1597.4
1429980 1591.7
1429990 1583.8
1430000 1583.8
1430010 1575.7
1430020 1567.5
1430030 1567.5
1430040 1560.1
1430050 1554.0
1430060 1548.7
1430070 1548.7
1430080 1538.7
1430090 1528.6
1430100 1528.6
1430110 1519.9
1430120 1512.0
1430130 1512.0
1430140 1499.5
1430150 1482.4
1430160 1482.4
1430170 1462.0
1430180 1438.9
1430190 1438.9
1430200 1417.5
1430210 1400.9
1430220 1391.0
1430230 1391.0
1430240 1382.6
1430250 1374.3
1430260 1374.3
1430270 1366.3
1430280 1357.9
1430290 1357.9
1430300 1349.6
1430310 1342.4
1430320 1342.4
1430330 1335.8
1430340 1329.9
1430350 1329.9
1430360 1325.7
1430370 1321.1
1430380 1321.1
1430390 1316.6
1430400 1312.2
1430410 1299.8
1430420 1299.8
1430430 1290.1
1430440 1281.3
1430450 1281.3
1430460 1271.2
1430470 1260.7
1430480 1260.7
1430490 1249.7
1430500 1239.6
1430510 1239.6
1430520 1230.6
1430530 1220.9
1430540 1220.9
1430550 1210.5
1430560 1198.6
1430570 1180.7
1430580 1180.7
1430590 1169.6
1430600 1161.5
1430610 1161.5
1430620 1154.5
1430630 1148.1
1430640 1148.1
1430650 1142.3
1430660 1137.3
1430670 1137.3
1430680 1132.2
1430690 1128.0
1430700 1128.0
1430710 1125.0
1430720 1122.6
1430730 1122.6
1430740 1120.7
1430750 1117.7
1430760 1113.5
1430770 1113.5
1430780 1110.1
1430790 1105.6
1430800 1105.6
1430810 1099.9
1430820 1094.1
1430830 1094.1
1430840 1088.4
1430850 1084.0
1430860 1084.0
1430870 1081.7
1430880 1078.5
1430890 1078.5
1430900 1075.0
1430910 1073.0
1430920 1070.0
1430930 1070.0
1430940 1064.9
1430950 1059.1
1430960 1059.1
1430970 1054.0
1430980 1049.3
1430990 1049.3
1431000 1045.1
1431010 1041.3
1431020 1041.3
1431030 1037.9
1431040 1034.7
1431050 1034.7
1431060 1031.5
1431070 1028.0
1431080 1028.0
1431090 1024.5
1431100 1019.1
1431110 1014.7
1431120 1014.7
1431130 1014.8
1431140 1011.9
1431150 1011.9
1431160 1014.6
1431170 1021.1
1431180 1021.1
1431190 1025.6
1431200 1030.7
1431210 1030.7
1431220 1034.3
1431230 1030.9
1431240 1030.9
1431250 1025.6
1431260 1020.2
1431270 1014.6
1431280 1014.6
1431290 1009.0
1431300 1004.0
1431310 1004.0
1431320 998.9
1431330 994.0
1431340 994.0
1431350 989.5
1431360 984.3
1431370 984.3
1431380 984.5
1431390 978.4
1431400 978.4
1431410 972.5
1431420 967.1
1431430 967.1
1431440 961.3
1431450 955.8
1431460 948.9
1431470 948.9
1431480 944.3
1431490 940.8
1431500 940.8
1431510 939.7
1431520 939.1
1431530 939.1
1431540 936.0
1431550 931.9
1431560 931.9
1431570 927.3
1431580 922.8
1431590 922.8
1431600 918.1
1431610 911.5
1431620 906.8
1431630 906.8
1431640 902.8
1431650 899.8
1431660 899.8
1431670 897.7
1431680 896.5
1431690 896.5
1431700 894.1
1431710 890.2
1431720 890.2
1431730 885.4
1431740 878.7
1431750 878.7
1431760 873.6
1431770 869.8
1431780 869.8
1431790 865.9
1431800 862.8
1431810 857.4
1431820 857.4
1431830 853.7
1431840 849.5
1431850 849.5
1431860 843.1
1431870 838.8
1431880 838.8
1431890 846.4
1431900 857.0
1431910 857.0
1431920 864.7
1431930 864.7
1431940 864.7
1431950 861.2
1431960 856.4
1431970 854.0
1431980 854.0
1431990 852.9
1432000 850.3
1432010 850.3
1432020 845.8
1432030 845.2
1432040 845.2
1432050 848.9
1432060 848.9
1432070 848.9
1432080 846.2
1432090 845.2
1432100 845.2
1432110 844.5
1432120 842.4
1432130 838.7
1432140 838.7
1432150 833.6
1432160 827.9
1432170 827.9
1432180 821.7
1432190 816.4
1432200 816.4
1432210 811.7
1432220 805.2
1432230 805.2
1432240 798.4
1432250 795.9
1432260 795.9
1432270 795.6
1432280 795.3
1432290 795.3
1432300 796.3
1432310 798.8
1432320 802.0
1432330 802.0
1432340 804.8
1432350 806.0
1432360 806.0
1432370 806.8
1432380 808.4
1432390 808.4
1432400 809.5
1432410 809.4
1432420 809.4
1432430 805.7
1432440 800.4
1432450 800.4
1432460 799.6
1432470 802.6
1432480 805.9
1432490 805.9
1432500 807.7
1432510 803.6
1432520 803.6
1432530 797.5
1432540 789.3
1432550 789.3
1432560 781.8
1432570 775.8
1432580 775.8
1432590 771.4
1432600 768.6
1432610 768.6
1432620 766.6
1432630 765.4
1432640 765.4
1432650 764.1
1432660 761.2
1432670 757.4
1432680 757.4
1432690 755.1
1432700 751.5
1432710 751.5
1432720 749.7
1432730 748.4
1432740 748.4
1432750 749.6
1432760 749.6
1432770 749.6
1432780 746.1
1432790 748.4
1432800 748.4
1432810 749.1
1432820 743.4
1432830 738.9
1432840 738.9
1432850 733.9
1432860 729.2
1432870 729.2
1432880 725.4
1432890 722.5
1432900 722.5
1432910 721.7
1432920 717.5
1432930 717.5
1432940 713.1
1432950 710.2
1432960 710.2
1432970 708.0
1432980 703.7
1432990 703.7
1433000 698.9
1433010 694.4
1433020 691.3
1433030 691.3
1433040 687.9
1433050 684.1
1433060 684.1
1433070 680.7
1433080 675.9
1433090 675.9
1433100 670.1
1433110 664.3
1433120 664.3
1433130 658.7
1433140 655.3
1433150 655.3
1433160 655.0
1433170 654.0
1433180 651.4
1433190 651.4
1433200 647.8
1433210 644.3
1433220 644.3
1433230 641.4
1433240 640.0
1433250 640.0
1433260 639.7
1433270 639.5
1433280 639.5
1433290 639.3
1433300 639.2
1433310 639.2
1433320 639.3
1433330 639.3
1433340 639.3
1433350 639.2
1433360 639.6
1433370 640.2
1433380 640.2
1433390 640.5
1433400 641.1
1433410 641.1
1433420 642.0
1433430 642.9
1433440 642.9
1433450 643.8
1433460 645.2
1433470 645.2
1433480 646.3
1433490 647.3
1433500 647.3
1433510 648.2
1433520 649.1
1433530 650.0
1433540 650.0
1433550 650.6
1433560 651.2
1433570 651.2
1433580 651.5
1433590 651.5
1433600 651.5
1433610 650.8
1433620 649.2
1433630 649.2
1433640 648.3
1433650 647.7
1433660 647.7
1433670 647.2
1433680 646.1
1433690 646.1
1433700 645.4
1433710 645.6
1433720 645.7
1433730 645.7
1433740 646.6
1433750 648.3
1433760 648.3
1433770 649.0
1433780 649.5
1433790 649.5
1433800 649.6
1433810 651.5
1433820 651.5
1433830 651.6
1433840 650.9
1433850 650.9
1433860 650.0
1433870 649.2
1433880 648.6
1433890 648.6
1433900 647.8
1433910 646.8
1433920 646.8
1433930 645.4
1433940 644.4
1433950 644.4
1433960 643.1
1433970 641.1
1433980 641.1
1433990 639.7
1434000 638.9
1434010 638.9
1434020 638.6
1434030 638.4
1434040 638.4
1434050 638.3
1434060 638.3
1434070 638.4
1434080 638.4
1434090 638.2
1434100 638.4
1434110 638.4
1434120 638.5
1434130 638.8
1434140 638.8
1434150 638.8
1434160 638.4
1434170 638.4
1434180 638.2
1434190 638.1
1434200 638.1
1434210 638.2
1434220 638.4
1434230 637.9
1434240 637.9
1434250 637.3
1434260 638.5
1434270 638.5
1434280 639.8
1434290 640.2
1434300 640.2
1434310 639.0
1434320 637.2
1434330 637.2
1434340 636.6
1434350 636.6
1434360 636.6
1434370 636.6
1434380 636.6
1434390 636.6
1434400 636.6
1434410 636.6
1434420 636.6
1434430 636.6
1434440 637.1
1434450 638.5
1434460 638.5
1434470 639.6
1434480 639.6
1434490 639.6
1434500 638.2
1434510 637.1
1434520 637.1
1434530 636.2
1434540 635.8
1434550 635.8
1434560 635.7
1434570 635.7
1434580 636.4
1434590 636.4
1434600 637.1
1434610 636.0
1434620 636.0
1434630 635.9
1434640 635.8
1434650 635.8
1434660 635.8
1434670 636.0
1434680 636.0
1434690 636.5
1434700 637.8
1434710 637.8
1434720 638.4
1434730 638.4
1434740 638.4
1434750 637.8
1434760 636.6
1434770 636.1
1434780 636.1
1434790 636.0
1434800 636.1
1434810 636.1
1434820 636.1
1434830 636.0
1434840 636.0
1434850 635.8
1434860 635.6
1434870 635.6
1434880 635.4
1434890 635.5
1434900 635.5
1434910 635.5
1434920 635.3
1434930 635.2
1434940 635.2
1434950 635.3
1434960 635.1
1434970 635.1
1434980 635.1
1434990 635.2
1435000 635.2
1435010 635.1
1435020 635.0
1435030 635.0
1435040 634.2
1435050 634.7
1435060 634.7
1435070 635.1
1435080 635.0
1435090 635.0
1435100 634.9
1435110 634.8
1435120 634.7
1435130 634.7
1435140 634.8
1435150 634.9
1435160 634.9
1435170 635.0
1435180 635.0
1435190 635.0
1435200 634.9
1435210 634.8
1435220 634.8
1435230 634.8
1435240 634.8
1435250 634.8
1435260 634.7
1435270 634.8
1435280 634.9
1435290 634.9
1435300 635.0
1435310 635.0
1435320 635.0
1435330 634.8
1435340 634.7
1435350 634.7
1435360 634.6
1435370 634.5
1435380 634.5
1435390 634.6
1435400 634.6
1435410 634.6
1435420 634.6
1435430 634.6
1435440 634.6
1435450 634.6
1435460 634.5
1435470 634.6
1435480 634.6
1435490 634.4
1435500 634.3
1435510 634.3
1435520 634.1
1435530 634.0
1435540 634.0
1435550 634.0
1435560 634.0
1435570 634.0
1435580 633.9
1435590 633.9
1435600 633.9
1435610 633.9
1435620 634.1
1435630 634.0
1435640 634.0
1435650 634.1
1435660 634.2
1435670 634.2
1435680 634.0
1435690 633.8
1435700 633.8
1435710 633.7
1435720 633.7
1435730 633.7
1435740 633.8
1435750 633.7
1435760 633.7
1435770 633.8
1435780 634.0
1435790 634.1
1435800 634.1
1435810 633.8
1435820 633.5
1435830 633.5
1435840 633.7
1435850 633.9
1435860 633.9
1435870 633.8
1435880 633.8
1435890 633.8
1435900 633.7
1435910 633.6
1435920 633.6
1435930 632.9
1435940 631.7
1435950 631.7
1435960 631.8
1435970 632.4
1435980 632.8
1435990 632.8
1436000 632.9
1436010 632.9
1436020 632.9
1436030 632.9
1436040 632.9
1436050 632.9
1436060 633.0
1436070 633.0
1436080 633.0
1436090 632.9
1436100 632.9
1436110 632.9
1436120 632.9
1436130 633.0
1436140 632.9
1436150 632.9
1436160 632.8
1436170 632.8
1436180 632.8
1436190 633.0
1436200 633.1
1436210 633.1
1436220 633.1
1436230 633.2
1436240 633.2
1436250 633.1
1436260 633.0
1436270 633.0
1436280 633.0
1436290 632.9
1436300 632.9
1436310 632.9
1436320 632.9
1436330 632.9
1436340 632.9
1436350 632.9
1436360 632.8
1436370 632.8
1436380 632.9
1436390 632.9
1436400 632.9
1436410 633.0
1436420 632.9
1436430 632.9
1436440 632.8
1436450 632.7
1436460 632.7
1436470 632.7
1436480 632.8
1436490 632.7
1436500 632.7
1436510 632.6
1436520 632.6
1436530 632.6
1436540 632.7
1436550 632.7
1436560 632.7
1436570 632.7
1436580 632.7
1436590 632.7
1436600 632.7
1436610 632.8
1436620 632.8
1436630 632.8
1436640 632.8
1436650 632.8
1436660 632.9
1436670 632.9
1436680 632.8
1436690 632.8
1436700 632.7
1436710 632.7
1436720 632.7
1436730 632.7
1436740 632.7
1436750 632.7
1436760 632.7
1436770 632.7
1436780 632.7
1436790 632.7
1436800 632.7
1436810 632.7
1436820 632.7
1436830 632.7
1436840 632.7
1436850 632.7
1436860 632.7
1436870 632.6
1436880 632.6
1436890 632.6
1436900 632.8
1436910 632.8
1436920 632.8
1436930 632.7
1436940 632.7
1436950 632.7
1436960 632.6
1436970 632.6
1436980 632.6
1436990 632.5
1437000 632.5
1437010 632.4
1437020 632.4
1437030 632.4
1437040 632.4
1437050 632.3
1437060 632.3
1437070 632.3
1437080 632.5
1437090 632.6
1437100 632.6
1437110 632.6
1437120 632.6
1437130 632.6
1437140 632.7
1437150 632.8
1437160 632.8
1437170 632.8
1437180 632.9
1437190 633.3
1437200 633.3
1437210 633.1
1437220 632.8
1437230 632.8
1437240 633.0
1437250 632.8
1437260 632.8
1437270 632.6
1437280 633.7
1437290 633.7
1437300 634.1
1437310 634.2
1437320 634.2
1437330 634.5
1437340 635.2
1437350 635.2
1437360 636.3
1437370 636.9
1437380 637.0
1437390 637.0
1437400 637.4
1437410 637.6
1437420 637.6
1437430 637.9
1437440 638.9
1437450 638.9
1437460 639.4
1437470 639.4
1437480 639.4
1437490 640.0
1437500 640.5
1437510 640.5
1437520 641.7
1437530 643.2
1437540 643.9
1437550 643.9
1437560 644.0
1437570 644.1
1437580 644.1
1437590 644.5
1437600 644.9
1437610 644.9
1437620 645.2
1437630 645.3
1437640 645.3
1437650 645.8
1437660 645.9
1437670 645.9
1437680 646.3
1437690 647.8
1437700 647.8
1437710 650.0
1437720 651.1
1437730 653.4
1437740 653.4
1437750 657.1
1437760 662.6
1437770 662.6
1437780 668.1
1437790 673.0
1437800 673.0
1437810 678.0
1437820 682.7
1437830 682.7
1437840 686.3
1437850 689.6
1437860 689.6
1437870 690.4
1437880 687.1
1437890 682.5
1437900 682.5
1437910 677.9
1437920 675.3
1437930 675.3
1437940 674.6
1437950 675.0
1437960 675.0
1437970 676.2
1437980 677.7
1437990 677.7
1438000 679.6
1438010 682.3
1438020 682.3
1438030 686.0
1438040 689.3
1438050 689.3
1438060 692.2
1438070 695.3
1438080 699.0
1438090 699.0
1438100 703.4
1438110 708.4
1438120 708.4
1438130 713.3
1438140 717.2
1438150 717.2
1438160 719.1
1438170 719.8
1438180 719.8
1438190 719.8
1438200 719.4
1438210 719.4
1438220 720.9
1438230 724.5
1438240 728.4
1438250 728.4
1438260 732.4
1438270 735.4
1438280 735.4
1438290 736.8
1438300 736.9
1438310 736.9
1438320 737.2
1438330 738.6
1438340 738.6
1438350 741.8
1438360 747.4
1438370 747.4
1438380 753.2
1438390 758.7
1438400 758.7
1438410 763.2
1438420 766.4
1438430 767.0
1438440 767.0
1438450 769.0
1438460 770.9
1438470 770.9
1438480 772.7
1438490 775.2
1438500 775.2
1438510 779.5
1438520 785.3
1438530 785.3
1438540 791.6
1438550 796.8
1438560 796.8
1438570 800.3
1438580 802.6
1438590 809.6
1438600 809.6
1438610 819.9
1438620 829.6
1438630 829.6
1438640 838.3
1438650 845.7
1438660 845.7
1438670 853.4
1438680 860.8
1438690 860.8
1438700 867.9
1438710 873.3
1438720 873.3
1438730 879.8
1438740 886.8
1438750 886.8
1438760 888.8
1438770 894.6
1438780 906.5
1438790 906.5
1438800 916.8
1438810 922.9
1438820 922.9
1438830 928.2
1438840 933.1
1438850 933.1
1438860 937.8
1438870 942.3
1438880 942.3
1438890 947.5
1438900 951.9
1438910 951.9
1438920 956.1
1438930 960.3
1438940 964.7
1438950 964.7
1438960 968.7
1438970 971.8
1438980 971.8
1438990 975.2
1439000 978.5
1439010 978.5
1439020 981.7
1439030 984.8
1439040 984.8
1439050 987.7
1439060 986.7
1439070 986.7
1439080 990.5
1439090 993.7
1439100 995.5
1439110 995.5
1439120 998.5
1439130 1001.4
1439140 1001.4
1439150 1005.6
1439160 1009.0
1439170 1009.0
1439180 1012.1
1439190 1014.0
1439200 1014.0
1439210 1016.7
1439220 1020.1
1439230 1020.1
1439240 1025.0
1439250 1028.9
1439260 1028.9
1439270 1031.3
1439280 1034.6
1439290 1035.4
1439300 1035.4
1439310 1037.7
1439320 1042.1
1439330 1042.1
1439340 1044.4
1439350 1046.4
1439360 1046.4
1439370 1049.5
1439380 1053.6
1439390 1053.6
1439400 1056.7
1439410 1059.0
1439420 1059.0
1439430 1061.0
1439440 1062.8
1439450 1064.5
1439460 1064.5
1439470 1065.4
1439480 1067.0
1439490 1067.0
1439500 1070.1
1439510 1074.2
1439520 1074.2
1439530 1077.3
1439540 1080.0
1439550 1080.0
1439560 1081.7
1439570 1083.2
1439580 1083.2
1439590 1083.6
1439600 1079.3
1439610 1079.3
1439620 1071.4
1439630 1066.9
1439640 1063.3
1439650 1063.3
1439660 1059.0
1439670 1056.2
1439680 1056.2
1439690 1055.8
1439700 1054.0
1439710 1054.0
1439720 1052.1
1439730 1052.4
1439740 1052.4
1439750 1050.5
1439760 1048.7
1439770 1048.7
1439780 1048.3
1439790 1049.2
1439800 1055.0
1439810 1055.0
1439820 1063.7
1439830 1068.5
1439840 1068.5
1439850 1070.0
1439860 1069.8
1439870 1069.8
1439880 1069.6
1439890 1068.4
1439900 1068.4
1439910 1064.7
1439920 1055.3
1439930 1055.3
1439940 1048.3
1439950 1039.6
1439960 1039.6
1439970 1031.5
1439980 1024.9
1439990 1025.1
