1420000 1839.8
1420010 1839.8
1420020 1847.2
1420030 1853.7
1420040 1853.7
1420050 1855.7
1420060 1862.6
1420070 1862.6
1420080 1872.9
1420090 1884.0
1420100 1884.0
1420110 1896.1
1420120 1912.0
1420130 1912.0
1420140 1924.9
1420150 1936.7
1420160 1945.2
1420170 1945.2
1420180 1949.6
1420190 1948.7
1420200 1948.7
1420210 1945.9
1420220 1950.9
1420230 1950.9
1420240 1945.1
1420250 1938.2
1420260 1938.2
1420270 1932.0
1420280 1927.0
1420290 1927.0
1420300 1919.9
1420310 1912.3
1420320 1904.0
1420330 1904.0
1420340 1897.0
1420350 1899.8
1420360 1899.8
1420370 1904.3
1420380 1904.8
1420390 1904.8
1420400 1916.6
1420410 1922.7
1420420 1922.7
1420430 1928.2
1420440 1935.7
1420450 1935.7
1420460 1940.8
1420470 1941.7
1420480 1941.7
1420490 1940.4
1420500 1936.8
1420510 1931.0
1420520 1931.0
1420530 1924.5
1420540 1917.5
1420550 1917.5
1420560 1910.8
1420570 1901.7
1420580 1901.7
1420590 1887.6
1420600 1871.7
1420610 1871.7
1420620 1857.9
1420630 1846.1
1420640 1846.1
1420650 1834.7
1420660 1824.8
1420670 1820.4
1420680 1820.4
1420690 1814.7
1420700 1806.0
1420710 1806.0
1420720 1797.0
1420730 1786.4
1420740 1786.4
1420750 1780.3
1420760 1783.4
1420770 1783.4
1420780 1790.0
1420790 1794.4
1420800 1794.4
1420810 1795.4
1420820 1793.9
1420830 1793.9
1420840 1789.8
1420850 1784.8
1420860 1779.6
1420870 1779.6
1420880 1774.0
1420890 1767.9
1420900 1767.9
1420910 1761.5
1420920 1754.8
1420930 1754.8
1420940 1747.8
1420950 1741.5
1420960 1741.5
1420970 1735.4
1420980 1730.3
1420990 1730.3
1421000 1726.8
1421010 1722.9
1421020 1717.7
1421030 1717.7
1421040 1708.6
1421050 1694.1
1421060 1694.1
1421070 1676.4
1421080 1670.1
1421090 1670.1
1421100 1673.8
1421110 1674.7
1421120 1674.7
1421130 1670.9
1421140 1664.7
1421150 1664.7
1421160 1658.2
1421170 1652.2
1421180 1652.2
1421190 1644.1
1421200 1634.8
1421210 1622.4
1421220 1622.4
1421230 1608.3
1421240 1596.0
1421250 1596.0
1421260 1581.4
1421270 1566.2
1421280 1566.2
1421290 1550.5
1421300 1534.4
1421310 1534.4
1421320 1510.1
1421330 1490.7
1421340 1490.7
1421350 1472.5
1421360 1447.6
1421370 1436.7
1421380 1436.7
1421390 1430.2
1421400 1420.8
1421410 1420.8
1421420 1412.4
1421430 1404.8
1421440 1404.8
1421450 1395.7
1421460 1386.1
1421470 1386.1
1421480 1374.1
1421490 1361.9
1421500 1361.9
1421510 1349.0
1421520 1340.2
1421530 1340.2
1421540 1332.3
1421550 1324.4
1421560 1316.7
1421570 1316.7
1421580 1309.5
1421590 1305.2
1421600 1305.2
1421610 1299.8
1421620 1295.9
1421630 1295.9
1421640 1292.3
1421650 1288.7
1421660 1288.7
1421670 1285.6
1421680 1283.0
1421690 1283.0
1421700 1280.3
1421710 1277.6
1421720 1275.4
1421730 1275.4
1421740 1272.0
1421750 1268.1
1421760 1268.1
1421770 1264.1
1421780 1264.4
1421790 1264.4
1421800 1269.8
1421810 1275.2
1421820 1275.2
1421830 1279.3
1421840 1283.4
1421850 1283.4
1421860 1287.3
1421870 1291.6
1421880 1291.6
1421890 1296.6
1421900 1301.2
1421910 1305.9
1421920 1305.9
1421930 1310.5
1421940 1315.3
1421950 1315.3
1421960 1319.7
1421970 1324.1
1421980 1324.1
1421990 1329.1
1422000 1335.2
1422010 1335.2
1422020 1341.8
1422030 1348.3
1422040 1348.3
1422050 1355.5
1422060 1363.0
1422070 1378.9
1422080 1378.9
1422090 1403.9
1422100 1418.4
1422110 1418.4
1422120 1440.4
1422130 1466.0
1422140 1466.0
1422150 1499.6
1422160 1522.5
1422170 1522.5
1422180 1535.2
1422190 1548.1
1422200 1553.8
1422210 1593.4
1422220 1621.8
1422230 1641.5
1422240 1641.5
1422250 1664.6
1422260 1684.3
1422270 1684.3
1422280 1701.1
1422290 1715.9
1422300 1715.9
1422310 1726.7
1422320 1737.9
1422330 1737.9
1422340 1749.6
1422350 1761.4
1422360 1761.4
1422370 1773.2
1422380 1783.0
1422390 1783.0
1422400 1788.3
1422410 1789.6
1422420 1789.3
1422430 1789.3
1422440 1783.0
1422450 1779.8
1422460 1779.8
1422470 1778.9
1422480 1776.2
1422490 1776.2
1422500 1773.2
1422510 1770.9
1422520 1770.9
1422530 1767.8
1422540 1762.6
1422550 1762.6
1422560 1755.6
1422570 1749.7
1422580 1745.4
1422590 1745.4
1422600 1743.1
1422610 1741.0
1422620 1741.0
1422630 1738.1
1422640 1735.6
1422650 1735.6
1422660 1734.2
1422670 1731.4
1422680 1731.4
1422690 1727.4
1422700 1724.2
1422710 1724.2
1422720 1721.5
1422730 1718.6
1422740 1718.6
1422750 1716.1
1422760 1707.4
1422770 1690.8
1422780 1690.8
1422790 1682.3
1422800 1675.0
1422810 1675.0
1422820 1668.9
1422830 1658.1
1422840 1658.1
1422850 1641.6
1422860 1629.7
1422870 1629.7
1422880 1622.9
1422890 1615.3
1422900 1615.3
1422910 1610.2
1422920 1610.3
1422930 1610.6
1422940 1610.6
1422950 1607.1
1422960 1602.6
1422970 1602.6
1422980 1598.3
1422990 1593.7
1423000 1593.7
1423010 1589.6
1423020 1586.9
1423030 1586.9
1423040 1585.2
1423050 1584.6
1423060 1584.6
1423070 1589.8
1423080 1610.8
1423090 1610.8
1423100 1628.2
1423110 1644.6
1423120 1656.3
1423130 1656.3
1423140 1662.5
1423150 1666.6
1423160 1666.6
1423170 1668.2
1423180 1672.1
1423190 1672.1
1423200 1675.2
1423210 1677.2
1423220 1677.2
1423230 1670.0
1423240 1659.8
1423250 1659.8
1423260 1652.9
1423270 1647.0
1423280 1642.6
1423290 1642.6
1423300 1637.7
1423310 1631.0
1423320 1631.0
1423330 1619.1
1423340 1609.6
1423350 1609.6
1423360 1612.0
1423370 1638.1
1423380 1638.1
1423390 1671.1
1423400 1683.0
1423410 1683.0
1423420 1685.7
1423430 1687.4
1423440 1687.4
1423450 1694.2
1423460 1697.9
1423470 1700.3
1423480 1700.3
1423490 1699.0
1423500 1691.3
1423510 1691.3
1423520 1684.7
1423530 1678.7
1423540 1678.7
1423550 1672.2
1423560 1669.4
1423570 1669.4
1423580 1667.1
1423590 1666.0
1423600 1666.0
1423610 1663.9
1423620 1661.1
1423630 1658.7
1423640 1658.7
1423650 1658.8
1423660 1659.3
1423670 1659.3
1423680 1659.8
1423690 1661.1
1423700 1661.1
1423710 1665.0
1423720 1668.8
1423730 1668.8
1423740 1674.1
1423750 1679.7
1423760 1679.7
1423770 1685.4
1423780 1691.1
1423790 1691.1
1423800 1697.7
1423810 1705.2
1423820 1711.3
1423830 1711.3
1423840 1718.3
1423850 1724.5
1423860 1724.5
1423870 1731.3
1423880 1738.9
1423890 1738.9
1423900 1746.3
1423910 1753.2
1423920 1753.2
1423930 1758.8
1423940 1763.7
1423950 1763.7
1423960 1769.5
1423970 1777.3
1423980 1785.6
1423990 1785.6
1424000 1798.5
1424010 1818.4
1424020 1818.4
1424030 1847.2
1424040 1853.7
1424050 1853.7
1424060 1856.1
1424070 1858.2
1424080 1858.2
1424090 1860.7
1424100 1864.2
1424110 1864.2
1424120 1866.4
1424130 1868.5
1424140 1868.5
1424150 1871.2
1424160 1874.0
1424170 1876.6
1424180 1876.6
1424190 1879.4
1424200 1882.5
1424210 1882.5
1424220 1886.6
1424230 1892.0
1424240 1892.0
1424250 1896.5
1424260 1901.2
1424270 1901.2
1424280 1905.1
1424290 1909.1
1424300 1909.1
1424310 1913.0
1424320 1917.3
1424330 1921.7
1424340 1921.7
1424350 1926.4
1424360 1931.7
1424370 1931.7
1424380 1936.3
1424390 1939.8
1424400 1939.8
1424410 1944.7
1424420 1949.4
1424430 1949.4
1424440 1952.5
1424450 1956.7
1424460 1956.7
1424470 1960.3
1424480 1962.6
1424490 1962.6
1424500 1964.5
1424510 1967.3
1424520 1972.8
1424530 1972.8
1424540 1979.1
1424550 1983.9
1424560 1983.9
1424570 1987.0
1424580 1988.7
1424590 1988.7
1424600 1989.9
1424610 1991.2
1424620 1991.2
1424630 1992.9
1424640 1993.7
1424650 1993.7
1424660 1994.8
1424670 1996.4
1424680 1997.9
1424690 1997.9
1424700 1998.3
1424710 1999.0
1424720 1999.0
1424730 2000.1
1424740 2001.8
1424750 2001.8
1424760 2004.5
1424770 2008.1
1424780 2008.1
1424790 2011.2
1424800 2014.6
1424810 2014.6
1424820 2016.3
1424830 2016.6
1424840 2016.6
1424850 2016.2
1424860 2015.8
1424870 2015.7
1424880 2015.7
1424890 2014.9
1424900 2015.0
1424910 2015.0
1424920 2015.8
1424930 2017.1
1424940 2017.1
1424950 2017.3
1424960 2016.9
1424970 2016.9
1424980 2016.8
1424990 2017.2
1425000 2017.2
1425010 2018.0
1425020 2019.3
1425030 2020.5
1425040 2020.5
1425050 2019.8
1425060 2019.1
1425070 2019.1
1425080 2018.1
1425090 2017.2
1425100 2017.2
1425110 2014.9
1425120 2012.8
1425130 2012.8
1425140 2011.7
1425150 2010.8
1425160 2010.8
1425170 2010.5
1425180 2010.1
1425190 2009.3
1425200 2009.3
1425210 2006.8
1425220 2002.6
1425230 2002.6
1425240 1997.3
1425250 1991.3
1425260 1991.3
1425270 1984.7
1425280 1976.9
1425290 1976.9
1425300 1970.3
1425310 1966.2
1425320 1966.2
1425330 1962.7
1425340 1959.7
1425350 1959.7
1425360 1954.0
1425370 1945.7
1425380 1940.3
1425390 1940.3
1425400 1937.1
1425410 1934.6
1425420 1934.6
1425430 1931.6
1425440 1928.9
1425450 1928.9
1425460 1925.4
1425470 1921.3
1425480 1921.3
1425490 1917.4
1425500 1912.4
1425510 1912.4
1425520 1907.7
1425530 1903.4
1425540 1899.3
1425550 1899.3
1425560 1895.1
1425570 1889.0
1425580 1889.0
1425590 1882.4
1425600 1876.3
1425610 1876.3
1425620 1870.8
1425630 1866.2
1425640 1866.2
1425650 1862.2
1425660 1858.0
1425670 1858.0
1425680 1853.6
1425690 1848.9
1425700 1848.9
1425710 1843.3
1425720 1837.9
1425730 1833.2
1425740 1833.2
1425750 1829.0
1425760 1824.9
1425770 1824.9
1425780 1820.7
1425790 1816.9
1425800 1816.9
1425810 1812.7
1425820 1807.5
1425830 1807.5
1425840 1802.1
1425850 1796.8
1425860 1796.8
1425870 1792.0
1425880 1786.9
1425890 1781.9
1425900 1781.9
1425910 1777.3
1425920 1773.9
1425930 1773.9
1425940 1771.0
1425950 1766.8
1425960 1766.8
1425970 1762.1
1425980 1755.8
1425990 1755.8
1426000 1747.0
1426010 1738.3
1426020 1738.3
1426030 1732.5
1426040 1726.9
1426050 1726.9
1426060 1721.9
1426070 1716.1
1426080 1708.9
1426090 1708.9
1426100 1695.6
1426110 1686.2
1426120 1686.2
1426130 1679.9
1426140 1676.3
1426150 1676.3
1426160 1673.5
1426170 1668.3
1426180 1668.3
1426190 1661.6
1426200 1655.8
1426210 1655.8
1426220 1653.0
1426230 1648.9
1426240 1643.7
1426250 1643.7
1426260 1639.2
1426270 1631.4
1426280 1631.4
1426290 1621.8
1426300 1614.0
1426310 1614.0
1426320 1605.4
1426330 1596.1
1426340 1596.1
1426350 1589.0
1426360 1586.0
1426370 1586.0
1426380 1584.4
1426390 1588.7
1426400 1588.7
1426410 1583.6
1426420 1576.9
1426430 1572.1
1426440 1572.1
1426450 1568.5
1426460 1570.0
1426470 1570.0
1426480 1568.9
1426490 1563.7
1426500 1563.7
1426510 1557.4
1426520 1549.5
1426530 1549.5
1426540 1541.0
1426550 1534.8
1426560 1534.8
1426570 1532.1
1426580 1530.9
1426590 1528.5
1426600 1528.5
1426610 1525.1
1426620 1522.4
1426630 1522.4
1426640 1518.8
1426650 1518.2
1426660 1518.2
1426670 1517.9
1426680 1514.9
1426690 1514.9
1426700 1511.6
1426710 1510.6
1426720 1510.6
1426730 1511.7
1426740 1512.4
1426750 1512.4
1426760 1512.2
1426770 1511.3
1426780 1511.6
1426790 1511.6
1426800 1512.0
1426810 1511.5
1426820 1511.5
1426830 1511.5
1426840 1510.8
1426850 1510.8
1426860 1507.3
1426870 1501.9
1426880 1501.9
1426890 1496.4
1426900 1498.1
1426910 1498.1
1426920 1500.8
1426930 1501.2
1426940 1501.3
1426950 1501.3
1426960 1501.9
1426970 1503.4
1426980 1503.4
1426990 1507.2
1427000 1513.6
1427010 1513.6
1427020 1516.4
1427030 1519.8
1427040 1519.8
1427050 1524.0
1427060 1526.8
1427070 1526.8
1427080 1523.8
1427090 1521.4
1427100 1521.4
1427110 1520.5
1427120 1514.9
1427130 1507.6
1427140 1507.6
1427150 1500.2
1427160 1494.2
1427170 1494.2
1427180 1490.4
1427190 1486.6
1427200 1486.6
1427210 1484.4
1427220 1480.9
1427230 1480.9
1427240 1478.3
1427250 1477.2
1427260 1477.2
1427270 1475.6
1427280 1474.2
1427290 1472.7
1427300 1472.7
1427310 1472.4
1427320 1470.7
1427330 1470.7
1427340 1468.5
1427350 1467.4
1427360 1467.4
1427370 1466.1
1427380 1463.5
1427390 1463.5
1427400 1461.6
1427410 1461.0
1427420 1461.0
1427430 1460.0
1427440 1458.3
1427450 1458.3
1427460 1455.6
1427470 1452.8
1427480 1449.3
1427490 1449.3
1427500 1447.4
1427510 1445.5
1427520 1445.5
1427530 1442.3
1427540 1441.3
1427550 1441.3
1427560 1442.0
1427570 1439.4
1427580 1439.4
1427590 1438.9
1427600 1439.7
1427610 1439.7
1427620 1439.0
1427630 1438.9
1427640 1439.8
1427650 1439.8
1427660 1440.9
1427670 1442.7
1427680 1442.7
1427690 1445.0
1427700 1448.5
1427710 1448.5
1427720 1453.4
1427730 1459.1
1427740 1459.1
1427750 1464.3
1427760 1468.8
1427770 1468.8
1427780 1470.4
1427790 1470.5
1427800 1470.5
1427810 1472.2
1427820 1473.1
1427830 1470.3
1427840 1470.3
1427850 1464.4
1427860 1457.8
1427870 1457.8
1427880 1449.4
1427890 1440.5
1427900 1440.5
1427910 1431.9
1427920 1424.3
1427930 1424.3
1427940 1421.2
1427950 1420.3
1427960 1420.3
1427970 1421.6
1427980 1420.3
1427990 1417.3
1428000 1417.3
1428010 1415.7
1428020 1414.6
1428030 1414.6
1428040 1411.1
1428050 1404.1
1428060 1404.1
1428070 1397.9
1428080 1398.4
1428090 1398.4
1428100 1403.3
1428110 1407.7
1428120 1407.7
1428130 1412.5
1428140 1416.3
1428150 1417.7
1428160 1417.7
1428170 1420.4
1428180 1425.3
1428190 1425.3
1428200 1429.5
1428210 1434.4
1428220 1434.4
1428230 1440.5
1428240 1447.4
1428250 1447.4
1428260 1454.1
1428270 1460.4
1428280 1460.4
1428290 1467.0
1428300 1475.2
1428310 1475.2
1428320 1498.0
1428330 1518.6
1428340 1555.9
1428350 1555.9
1428360 1578.6
1428370 1584.7
1428380 1584.7
1428390 1589.5
1428400 1593.9
1428410 1593.9
1428420 1596.9
1428430 1599.2
1428440 1599.2
1428450 1600.5
1428460 1601.9
1428470 1601.9
1428480 1603.1
1428490 1604.4
1428500 1605.8
1428510 1605.8
1428520 1606.7
1428530 1607.9
1428540 1607.9
1428550 1609.1
1428560 1610.6
1428570 1610.6
1428580 1619.0
1428590 1640.6
1428600 1651.7
1428610 1666.3
1428620 1671.7
1428630 1671.7
1428640 1681.0
1428650 1683.1
1428660 1683.1
1428670 1683.3
1428680 1684.7
1428690 1687.9
1428700 1687.9
1428710 1684.7
1428720 1683.9
1428730 1683.9
1428740 1687.2
1428750 1696.8
1428760 1696.8
1428770 1701.9
1428780 1702.8
1428790 1702.8
1428800 1707.2
1428810 1716.2
1428820 1716.2
1428830 1727.1
1428840 1737.7
1428850 1748.2
1428860 1748.2
1428870 1753.0
1428880 1758.6
1428890 1758.6
1428900 1773.5
1428910 1773.1
1428920 1773.1
1428930 1775.9
1428940 1788.5
1428950 1788.5
1428960 1797.0
1428970 1805.7
1428980 1805.7
1428990 1810.9
1429000 1813.7
1429010 1813.7
1429020 1816.9
1429030 1818.7
1429040 1819.0
1429050 1819.0
1429060 1817.3
1429070 1815.3
1429080 1815.3
1429090 1811.8
1429100 1805.2
1429110 1805.2
1429120 1794.7
1429130 1787.3
1429140 1787.3
1429150 1779.5
1429160 1770.3
1429170 1770.3
1429180 1760.2
1429190 1747.5
1429200 1733.2
1429210 1733.2
1429220 1726.7
1429230 1756.2
1429240 1756.2
1429250 1778.0
1429260 1786.0
1429270 1786.0
1429280 1791.0
1429290 1791.4
1429300 1791.4
1429310 1790.4
1429320 1786.8
1429330 1786.8
1429340 1782.7
1429350 1780.8
1429360 1780.8
1429370 1779.3
1429380 1780.1
1429390 1781.1
1429400 1781.1
1429410 1779.7
1429420 1776.8
1429430 1776.8
1429440 1777.5
1429450 1774.8
1429460 1774.8
1429470 1772.1
1429480 1767.3
1429490 1767.3
1429500 1761.6
1429510 1758.9
1429520 1758.9
1429530 1757.0
1429540 1752.1
1429550 1746.3
1429560 1746.3
1429570 1740.8
1429580 1734.4
1429590 1734.4
1429600 1728.1
1429610 1722.6
1429620 1722.6
1429630 1716.4
1429640 1710.3
1429650 1710.3
1429660 1704.0
1429670 1702.3
1429680 1702.3
1429690 1702.7
1429700 1701.3
1429710 1701.3
1429720 1698.9
1429730 1694.9
1429740 1686.4
1429750 1686.4
1429760 1670.3
1429770 1658.7
1429780 1658.7
1429790 1651.2
1429800 1642.5
1429810 1642.5
1429820 1633.7
1429830 1625.8
1429840 1625.8
1429850 1617.7
1429860 1610.4
1429870 1610.4
1429880 1603.9
1429890 1597.4
1429900 1591.9
1429910 1591.9
1429920 1587.1
1429930 1581.8
1429940 1581.8
1429950 1576.7
1429960 1573.2
1429970 1573.2
1429980 1568.9
1429990 1561.7
1430000 1561.7
1430010 1553.9
1430020 1548.8
1430030 1548.8
1430040 1544.9
1430050 1537.9
1430060 1537.9
1430070 1528.5
1430080 1516.1
1430090 1494.2
1430100 1494.2
1430110 1473.0
1430120 1464.4
1430130 1464.4
1430140 1453.2
1430150 1444.6
1430160 1444.6
1430170 1432.2
1430180 1398.4
1430190 1398.4
1430200 1377.3
1430210 1369.7
1430220 1369.7
1430230 1363.2
1430240 1355.6
1430250 1347.8
1430260 1347.8
1430270 1340.3
1430280 1332.9
1430290 1332.9
1430300 1325.8
1430310 1319.0
1430320 1319.0
1430330 1312.5
1430340 1305.8
1430350 1305.8
1430360 1299.0
1430370 1292.5
1430380 1292.5
1430390 1286.1
1430400 1279.5
1430410 1279.5
1430420 1272.9
1430430 1266.3
1430440 1259.7
1430450 1259.7
1430460 1252.9
1430470 1245.9
1430480 1245.9
1430490 1239.1
1430500 1231.3
1430510 1231.3
1430520 1223.0
1430530 1213.6
1430540 1213.6
1430550 1202.0
1430560 1194.3
1430570 1194.3
1430580 1188.6
1430590 1183.4
1430600 1179.0
1430610 1179.0
1430620 1173.9
1430630 1167.5
1430640 1167.5
1430650 1159.8
1430660 1152.1
1430670 1152.1
1430680 1145.0
1430690 1138.5
1430700 1138.5
1430710 1131.8
1430720 1124.6
1430730 1124.6
1430740 1119.0
1430750 1112.6
1430760 1112.6
1430770 1108.2
1430780 1104.4
1430790 1101.8
1430800 1101.8
1430810 1101.8
1430820 1100.1
1430830 1100.1
1430840 1096.9
1430850 1092.8
1430860 1092.8
1430870 1089.6
1430880 1087.8
1430890 1087.8
1430900 1093.5
1430910 1092.9
1430920 1092.9
1430930 1088.8
1430940 1083.6
1430950 1077.9
1430960 1077.9
1430970 1072.1
1430980 1065.2
1430990 1065.2
1431000 1059.4
1431010 1060.7
1431020 1060.7
1431030 1062.7
1431040 1064.4
1431050 1064.4
1431060 1066.7
1431070 1068.6
1431080 1068.6
1431090 1066.4
1431100 1061.9
1431110 1058.0
1431120 1058.0
1431130 1054.6
1431140 1052.3
1431150 1052.3
1431160 1050.4
1431170 1049.1
1431180 1049.1
1431190 1047.1
1431200 1044.1
1431210 1044.1
1431220 1041.2
1431230 1038.4
1431240 1038.4
1431250 1036.6
1431260 1033.6
1431270 1033.6
1431280 1030.5
1431290 1026.9
1431300 1021.9
1431310 1021.9
1431320 1018.9
1431330 1016.3
1431340 1016.3
1431350 1014.2
1431360 1011.2
1431370 1011.2
1431380 1007.4
1431390 1003.9
1431400 1003.9
1431410 1000.9
1431420 997.5
1431430 997.5
1431440 992.9
1431450 987.9
1431460 984.9
1431470 984.9
1431480 983.1
1431490 979.1
1431500 979.1
1431510 973.8
1431520 967.9
1431530 967.9
1431540 962.0
1431550 959.7
1431560 959.7
1431570 957.0
1431580 951.2
1431590 951.2
1431600 946.2
1431610 940.9
1431620 940.9
1431630 936.7
1431640 933.9
1431650 930.9
1431660 930.9
1431670 927.4
1431680 922.3
1431690 922.3
1431700 917.0
1431710 910.8
1431720 910.8
1431730 906.5
1431740 907.4
1431750 907.4
1431760 910.6
1431770 908.1
1431780 908.1
1431790 902.4
1431800 895.3
1431810 893.1
1431820 893.1
1431830 891.1
1431840 881.2
1431850 881.2
1431860 867.1
1431870 861.5
1431880 861.5
1431890 869.6
1431900 880.1
1431910 880.1
1431920 881.1
1431930 883.7
1431940 883.7
1431950 885.9
1431960 883.5
1431970 883.5
1431980 880.2
1431990 877.1
1432000 875.2
1432010 875.2
1432020 875.2
1432030 874.3
1432040 874.3
1432050 870.0
1432060 866.1
1432070 866.1
1432080 863.1
1432090 861.3
1432100 861.3
1432110 860.5
1432120 857.6
1432130 857.6
1432140 854.7
1432150 853.2
1432160 853.3
1432170 853.3
1432180 854.8
1432190 856.2
1432200 856.2
1432210 858.3
1432220 862.3
1432230 862.3
1432240 867.1
1432250 870.6
1432260 870.6
1432270 872.8
1432280 875.3
1432290 875.3
1432300 876.5
1432310 877.1
1432320 877.1
1432330 877.0
1432340 875.7
1432350 873.1
1432360 873.1
1432370 872.2
1432380 871.6
1432390 871.6
1432400 872.2
1432410 871.4
1432420 871.4
1432430 869.0
1432440 867.0
1432450 867.0
1432460 864.3
1432470 861.2
1432480 861.2
1432490 857.3
1432500 855.0
1432510 852.3
1432520 852.3
1432530 849.0
1432540 846.0
1432550 846.0
1432560 842.7
1432570 840.1
1432580 840.1
1432590 838.7
1432600 836.6
1432610 836.6
1432620 834.1
1432630 831.9
1432640 831.9
1432650 831.0
1432660 829.3
1432670 829.3
1432680 824.4
1432690 822.2
1432700 820.3
1432710 820.3
1432720 820.8
1432730 819.1
1432740 819.1
1432750 816.8
1432760 814.7
1432770 814.7
1432780 813.2
1432790 810.7
1432800 810.7
1432810 807.1
1432820 803.5
1432830 803.5
1432840 800.3
1432850 795.0
1432860 789.2
1432870 789.2
1432880 784.7
1432890 780.9
1432900 780.9
1432910 776.9
1432920 774.5
1432930 774.5
1432940 772.6
1432950 770.5
1432960 770.5
1432970 768.5
1432980 765.8
1432990 765.8
1433000 764.7
1433010 762.1
1433020 762.1
1433030 757.9
1433040 750.6
1433050 744.5
1433060 744.5
1433070 739.9
1433080 734.1
1433090 734.1
1433100 727.0
1433110 722.0
1433120 722.0
1433130 718.6
1433140 715.5
1433150 715.5
1433160 712.3
1433170 709.8
1433180 709.8
1433190 707.1
1433200 704.1
1433210 701.5
1433220 701.5
1433230 698.6
1433240 696.3
1433250 696.3
1433260 693.2
1433270 689.7
1433280 689.7
1433290 686.2
1433300 681.8
1433310 687.5
1433320 684.5
1433330 680.4
1433340 680.4
1433350 675.1
1433360 672.6
1433370 672.6
1433380 671.3
1433390 669.8
1433400 667.7
1433410 667.7
1433420 662.1
1433430 658.0
1433440 658.0
1433450 654.4
1433460 653.6
1433470 653.6
1433480 654.9
1433490 656.0
1433500 656.0
1433510 656.0
1433520 655.4
1433530 655.4
1433540 655.3
1433550 655.5
1433560 656.8
1433570 656.8
1433580 658.9
1433590 661.1
1433600 661.1
1433610 663.5
1433620 664.6
1433630 664.6
1433640 661.0
1433650 654.4
1433660 654.4
1433670 652.9
1433680 657.2
1433690 657.2
1433700 662.4
1433710 665.7
1433720 665.7
1433730 665.7
1433740 664.4
1433750 663.8
1433760 663.8
1433770 665.7
1433780 667.1
1433790 667.1
1433800 667.8
1433810 668.5
1433820 668.5
1433830 668.0
1433840 667.8
1433850 667.8
1433860 666.4
1433870 664.5
1433880 664.5
1433890 662.8
1433900 660.0
1433910 656.2
1433920 656.2
1433930 654.3
1433940 653.5
1433950 653.5
1433960 653.2
1433970 653.0
1433980 653.0
1433990 652.2
1434000 651.2
1434010 651.2
1434020 650.3
1434030 649.7
1434040 649.7
1434050 649.2
1434060 648.8
1434070 648.8
1434080 649.1
1434090 648.6
1434100 648.0
1434110 648.0
1434120 647.2
1434130 646.3
1434140 646.3
1434150 646.2
1434160 646.1
1434170 646.1
1434180 645.4
1434190 644.8
1434200 644.8
1434210 644.2
1434220 643.6
1434230 643.6
1434240 642.4
1434250 641.4
1434260 640.0
1434270 640.0
1434280 638.8
1434290 637.7
1434300 637.7
1434310 637.8
1434320 637.8
1434330 637.8
1434340 638.3
1434350 638.0
1434360 638.0
1434370 637.1
1434380 637.5
1434390 637.5
1434400 638.6
1434410 638.7
1434420 638.6
1434430 638.6
1434440 638.4
1434450 638.7
1434460 638.7
1434470 639.7
1434480 639.8
1434490 639.8
1434500 638.5
1434510 637.1
1434520 637.1
1434530 636.4
1434540 636.2
1434550 636.2
1434560 636.2
1434570 636.2
1434580 636.2
1434590 636.2
1434600 636.1
1434610 636.1
1434620 636.1
1434630 636.1
1434640 636.2
1434650 636.2
1434660 636.6
1434670 637.5
1434680 637.5
1434690 638.6
1434700 639.4
1434710 639.4
1434720 639.3
1434730 638.3
1434740 638.3
1434750 637.3
1434760 636.6
1434770 636.3
1434780 636.3
1434790 636.2
1434800 636.2
1434810 636.2
1434820 636.1
1434830 636.1
1434840 636.1
1434850 635.9
1434860 635.9
1434870 635.9
1434880 636.1
1434890 636.8
1434900 636.8
1434910 637.6
1434920 637.9
1434930 637.9
1434940 637.4
1434950 636.3
1434960 635.8
1434970 635.8
1434980 635.7
1434990 635.8
1435000 635.8
1435010 635.6
1435020 635.6
1435030 635.6
1435040 635.6
1435050 635.6
1435060 635.6
1435070 635.5
1435080 635.5
1435090 635.5
1435100 635.4
1435110 635.4
1435120 635.3
1435130 635.3
1435140 635.2
1435150 634.5
1435160 634.5
1435170 634.4
1435180 635.0
1435190 635.0
1435200 635.3
1435210 635.4
1435220 635.4
1435230 635.2
1435240 635.2
1435250 635.2
1435260 635.2
1435270 635.1
1435280 635.1
1435290 635.0
1435300 634.9
1435310 634.9
1435320 634.9
1435330 634.9
1435340 634.8
1435350 634.8
1435360 634.7
1435370 634.6
1435380 634.6
1435390 634.6
1435400 634.6
1435410 634.6
1435420 634.6
1435430 634.6
1435440 634.6
1435450 634.6
1435460 634.5
1435470 634.6
1435480 634.6
1435490 634.6
1435500 634.6
1435510 634.6
1435520 634.6
1435530 634.4
1435540 634.4
1435550 634.4
1435560 634.4
1435570 634.4
1435580 634.3
1435590 634.3
1435600 634.3
1435610 634.2
1435620 634.2
1435630 634.2
1435640 634.1
1435650 634.1
1435660 634.2
1435670 634.2
1435680 634.1
1435690 633.9
1435700 633.9
1435710 633.8
1435720 634.0
1435730 634.0
1435740 634.1
1435750 634.7
1435760 634.7
1435770 634.3
1435780 634.1
1435790 634.1
1435800 634.0
1435810 633.7
1435820 633.5
1435830 633.5
1435840 633.4
1435850 633.4
1435860 633.4
1435870 633.5
1435880 633.5
1435890 633.5
1435900 633.5
1435910 633.5
1435920 633.5
1435930 633.5
1435940 633.4
1435950 633.4
1435960 633.4
1435970 633.4
1435980 633.4
1435990 633.3
1436000 633.3
1436010 633.3
1436020 633.3
1436030 633.5
1436040 633.3
1436050 633.3
1436060 633.3
1436070 633.2
1436080 633.2
1436090 633.2
1436100 633.1
1436110 633.1
1436120 632.9
1436130 632.9
1436140 632.9
1436150 632.8
1436160 632.8
1436170 632.9
1436180 632.9
1436190 633.0
1436200 633.0
1436210 633.0
1436220 632.3
1436230 631.5
1436240 631.5
1436250 632.2
1436260 632.7
1436270 632.7
1436280 632.8
1436290 632.7
1436300 632.7
1436310 632.8
1436320 632.9
1436330 632.9
1436340 632.9
1436350 632.8
1436360 632.8
1436370 632.8
1436380 632.8
1436390 632.8
1436400 632.8
1436410 632.8
1436420 632.8
1436430 632.8
1436440 632.8
1436450 632.8
1436460 632.8
1436470 632.7
1436480 632.7
1436490 632.7
1436500 632.7
1436510 632.7
1436520 632.8
1436530 632.8
1436540 632.8
1436550 632.8
1436560 632.8
1436570 632.8
1436580 632.9
1436590 632.9
1436600 633.0
1436610 633.0
1436620 633.0
1436630 632.9
1436640 632.9
1436650 632.9
1436660 632.9
1436670 632.9
1436680 632.9
1436690 632.8
1436700 632.7
1436710 632.8
1436720 632.8
1436730 632.8
1436740 632.8
1436750 632.8
1436760 632.8
1436770 632.8
1436780 632.8
1436790 632.9
1436800 632.8
1436810 632.8
1436820 632.8
1436830 632.9
1436840 632.9
1436850 633.1
1436860 633.1
1436870 633.0
1436880 633.0
1436890 632.8
1436900 632.8
1436910 632.8
1436920 632.8
1436930 632.8
1436940 632.8
1436950 632.7
1436960 632.6
1436970 632.6
1436980 632.5
1436990 632.5
1437000 632.5
1437010 632.4
1437020 632.4
1437030 632.4
1437040 632.4
1437050 632.3
1437060 632.2
1437070 632.2
1437080 632.2
1437090 632.2
1437100 632.2
1437110 632.2
1437120 632.2
1437130 632.2
1437140 632.2
1437150 632.2
1437160 632.2
1437170 632.1
1437180 631.9
1437190 631.9
1437200 631.9
1437210 632.1
1437220 632.1
1437230 632.1
1437240 631.9
1437250 631.9
1437260 631.9
1437270 632.1
1437280 632.0
1437290 632.0
1437300 632.0
1437310 632.8
1437320 632.8
1437330 634.0
1437340 635.4
1437350 635.4
1437360 636.4
1437370 637.2
1437380 638.1
1437390 638.1
1437400 638.2
1437410 638.1
1437420 638.1
1437430 638.6
1437440 638.9
1437450 638.9
1437460 639.2
1437470 639.7
1437480 639.7
1437490 640.1
1437500 640.8
1437510 640.8
1437520 641.7
1437530 642.2
1437540 642.2
1437550 642.6
1437560 643.2
1437570 644.3
1437580 644.3
1437590 644.8
1437600 645.1
1437610 645.1
1437620 645.6
1437630 646.7
1437640 646.7
1437650 647.7
1437660 648.1
1437670 648.1
1437680 648.4
1437690 648.6
1437700 648.6
1437710 649.4
1437720 650.3
1437730 651.2
1437740 651.2
1437750 652.7
1437760 653.7
1437770 653.7
1437780 654.5
1437790 655.2
1437800 655.2
1437810 659.0
1437820 661.8
1437830 661.8
1437840 660.5
1437850 660.3
1437860 660.3
1437870 661.2
1437880 661.7
1437890 661.7
1437900 662.4
1437910 663.0
1437920 663.4
1437930 663.4
1437940 663.8
1437950 664.3
1437960 664.3
1437970 665.3
1437980 666.7
1437990 666.7
1438000 668.4
1438010 669.7
1438020 669.7
1438030 671.8
1438040 675.4
1438050 675.4
1438060 679.8
1438070 683.9
1438080 687.6
1438090 687.6
1438100 689.4
1438110 688.3
1438120 688.3
1438130 687.3
1438140 688.6
1438150 688.6
1438160 690.0
1438170 691.0
1438180 691.0
1438190 691.3
1438200 692.9
1438210 692.9
1438220 696.2
1438230 701.1
1438240 701.1
1438250 706.3
1438260 710.7
1438270 714.4
1438280 714.4
1438290 717.9
1438300 722.6
1438310 722.6
1438320 727.2
1438330 730.4
1438340 730.4
1438350 730.4
1438360 729.8
1438370 729.8
1438380 729.8
1438390 729.6
1438400 729.6
1438410 729.8
1438420 729.2
1438430 729.6
1438440 729.6
1438450 731.7
1438460 734.9
1438470 734.9
1438480 738.4
1438490 737.5
1438500 737.5
1438510 740.7
1438520 742.3
1438530 742.3
1438540 744.4
1438550 746.7
1438560 746.7
1438570 749.4
1438580 751.7
1438590 751.7
1438600 754.7
1438610 758.3
1438620 762.4
1438630 762.4
1438640 766.4
1438650 771.8
1438660 771.8
1438670 777.8
1438680 784.0
1438690 784.0
1438700 790.6
1438710 798.1
1438720 798.1
1438730 806.5
1438740 813.5
1438750 813.5
1438760 820.2
1438770 828.5
1438780 835.5
1438790 835.5
1438800 841.6
1438810 846.8
1438820 846.8
1438830 852.6
1438840 860.1
1438850 860.1
1438860 869.3
1438870 878.3
1438880 878.3
1438890 885.2
1438900 892.3
1438910 892.3
1438920 900.8
1438930 909.9
1438940 909.9
1438950 920.2
1438960 931.9
1438970 938.2
1438980 938.2
1438990 939.2
1439000 940.6
1439010 940.6
1439020 943.7
1439030 946.8
1439040 946.8
1439050 948.5
1439060 950.8
1439070 950.8
1439080 953.2
1439090 954.4
1439100 954.4
1439110 955.6
1439120 957.5
1439130 960.5
1439140 960.5
1439150 964.1
1439160 967.9
1439170 967.9
1439180 970.8
1439190 972.5
1439200 972.5
1439210 973.8
1439220 975.3
1439230 975.3
1439240 976.3
1439250 977.3
1439260 977.3
1439270 978.9
1439280 980.2
1439290 980.2
1439300 982.3
1439310 984.5
1439320 986.6
1439330 986.6
1439340 990.2
1439350 992.8
1439360 992.8
1439370 993.3
1439380 993.5
1439390 993.5
1439400 993.8
1439410 994.4
1439420 994.4
1439430 994.5
1439440 994.4
1439450 994.4
1439460 995.3
1439470 995.8
1439480 995.2
1439490 995.2
1439500 993.1
1439510 992.7
1439520 992.7
1439530 995.4
1439540 998.1
1439550 998.1
1439560 996.4
1439570 991.7
1439580 991.7
1439590 989.1
1439600 986.8
1439610 986.8
1439620 986.4
1439630 987.1
1439640 987.1
1439650 984.0
1439660 980.3
1439670 978.5
1439680 978.5
1439690 975.3
1439700 973.7
1439710 973.7
1439720 974.1
1439730 975.2
1439740 975.2
1439750 976.5
1439760 978.8
1439770 978.8
1439780 981.2
1439790 984.6
1439800 984.6
1439810 988.6
1439820 991.7
1439830 995.5
1439840 995.5
1439850 999.5
1439860 1002.4
1439870 1002.4
1439880 1002.8
1439890 1002.9
1439900 1002.9
1439910 1005.3
1439920 1006.8
1439930 1006.8
1439940 1001.3
1439950 985.1
1439960 985.1
1439970 973.7
1439980 974.2
1439990 974.2
