1420000 1277.7
1420010 1270.5
1420020 1262.6
1420030 1262.6
1420040 1257.1
1420050 1253.7
1420060 1253.7
1420070 1247.7
1420080 1242.2
1420090 1242.2
1420100 1237.0
1420110 1232.7
1420120 1232.7
1420130 1228.7
1420140 1224.3
1420150 1224.3
1420160 1220.8
1420170 1218.4
1420180 1218.4
1420190 1216.6
1420200 1216.7
1420210 1216.4
1420220 1216.4
1420230 1215.9
1420240 1215.9
1420250 1215.9
1420260 1216.1
1420270 1215.8
1420280 1215.8
1420290 1216.2
1420300 1217.5
1420310 1217.5
1420320 1217.9
1420330 1217.3
1420340 1217.3
1420350 1214.3
1420360 1209.5
1420370 1204.2
1420380 1204.2
1420390 1199.8
1420400 1195.0
1420410 1195.0
1420420 1191.0
1420430 1188.5
1420440 1188.5
1420450 1185.6
1420460 1179.8
1420470 1179.8
1420480 1176.8
1420490 1175.8
1420500 1175.8
1420510 1172.1
1420520 1168.3
1420530 1168.3
1420540 1166.6
1420550 1166.4
1420560 1166.0
1420570 1166.0
1420580 1163.6
1420590 1159.1
1420600 1159.1
1420610 1156.4
1420620 1155.3
1420630 1155.3
1420640 1154.4
1420650 1153.3
1420660 1153.3
1420670 1152.7
1420680 1153.5
1420690 1153.5
1420700 1155.2
1420710 1156.6
1420720 1157.8
1420730 1157.8
1420740 1159.1
1420750 1160.0
1420760 1160.0
1420770 1160.9
1420780 1161.3
1420790 1161.3
1420800 1161.9
1420810 1163.1
1420820 1163.1
1420830 1164.6
1420840 1165.2
1420850 1165.2
1420860 1164.8
1420870 1164.1
1420880 1164.1
1420890 1163.2
1420900 1162.5
1420910 1161.3
1420920 1161.3
1420930 1160.0
1420940 1159.2
1420950 1159.2
1420960 1156.9
1420970 1155.3
1420980 1155.3
1420990 1155.3
1421000 1156.4
1421010 1156.4
1421020 1157.8
1421030 1159.5
1421040 1159.5
1421050 1160.9
1421060 1161.7
1421070 1163.0
1421080 1163.0
1421090 1162.1
1421100 1161.4
1421110 1161.4
1421120 1162.1
1421130 1163.7
1421140 1163.7
1421150 1165.1
1421160 1165.3
1421170 1165.3
1421180 1164.9
1421190 1164.8
1421200 1164.8
1421210 1165.5
1421220 1165.8
1421230 1165.8
1421240 1165.7
1421250 1165.1
1421260 1164.4
1421270 1164.4
1421280 1163.8
1421290 1162.9
1421300 1162.9
1421310 1162.1
1421320 1161.8
1421330 1166.3
1421340 1165.3
1421350 1163.9
1421360 1163.9
1421370 1162.3
1421380 1161.4
1421390 1161.4
1421400 1159.6
1421410 1156.3
1421420 1154.8
1421430 1154.8
1421440 1155.7
1421450 1156.1
1421460 1156.1
1421470 1155.7
1421480 1154.6
1421490 1154.6
1421500 1152.9
1421510 1139.7
1421520 1139.7
1421530 1119.9
1421540 1130.7
1421550 1130.7
1421560 1144.4
1421570 1150.3
1421580 1150.3
1421590 1153.8
1421600 1157.4
1421610 1160.9
1421620 1160.9
1421630 1162.9
1421640 1164.5
1421650 1164.5
1421660 1166.8
1421670 1168.4
1421680 1168.4
1421690 1169.3
1421700 1170.9
1421710 1170.9
1421720 1176.2
1421730 1181.4
1421740 1181.4
1421750 1181.9
1421760 1179.9
1421770 1179.5
1421780 1179.5
1421790 1181.9
1421800 1182.0
1421810 1182.0
1421820 1182.5
1421830 1182.9
1421840 1182.9
1421850 1183.4
1421860 1184.8
1421870 1184.8
1421880 1187.3
1421890 1189.7
1421900 1189.7
1421910 1188.7
1421920 1189.4
1421930 1189.4
1421940 1192.2
1421950 1196.0
1421960 1199.9
1421970 1199.9
1421980 1201.8
1421990 1202.5
1422000 1202.5
1422010 1204.0
1422020 1206.2
1422030 1206.2
1422040 1209.2
1422050 1212.9
1422060 1212.9
1422070 1216.7
1422080 1219.0
1422090 1219.0
1422100 1221.6
1422110 1224.3
1422120 1226.0
1422130 1226.0
1422140 1226.2
1422150 1227.6
1422160 1227.6
1422170 1228.7
1422180 1229.5
1422190 1229.5
1422200 1229.7
1422210 1229.3
1422220 1229.3
1422230 1229.1
1422240 1229.2
1422250 1229.2
1422260 1227.2
1422270 1226.8
1422280 1226.8
1422290 1227.8
1422300 1226.9
1422310 1231.4
1422320 1231.4
1422330 1241.2
1422340 1246.0
1422350 1246.0
1422360 1249.5
1422370 1253.0
1422380 1253.0
1422390 1257.1
1422400 1261.2
1422410 1261.2
1422420 1265.0
1422430 1269.1
1422440 1269.1
1422450 1272.9
1422460 1276.0
1422470 1279.4
1422480 1279.4
1422490 1283.0
1422500 1288.3
1422510 1288.3
1422520 1294.7
1422530 1301.9
1422540 1301.9
1422550 1310.6
1422560 1320.4
1422570 1320.4
1422580 1332.1
1422590 1342.2
1422600 1342.2
1422610 1349.0
1422620 1354.4
1422630 1354.4
1422640 1359.8
1422650 1364.0
1422660 1366.3
1422670 1366.3
1422680 1367.4
1422690 1371.7
1422700 1371.7
1422710 1378.6
1422720 1384.3
1422730 1384.3
1422740 1389.4
1422750 1390.5
1422760 1390.5
1422770 1389.4
1422780 1391.1
1422790 1391.1
1422800 1396.6
1422810 1402.9
1422820 1407.9
1422830 1407.9
1422840 1415.9
1422850 1428.5
1422860 1428.5
1422870 1439.1
1422880 1447.6
1422890 1447.6
1422900 1455.5
1422910 1461.8
1422920 1461.8
1422930 1468.8
1422940 1480.0
1422950 1480.0
1422960 1489.6
1422970 1498.2
1422980 1498.2
1422990 1505.3
1423000 1512.7
1423010 1520.9
1423020 1520.9
1423030 1529.1
1423040 1537.4
1423050 1537.4
1423060 1545.6
1423070 1553.6
1423080 1553.6
1423090 1561.5
1423100 1567.8
1423110 1567.8
1423120 1572.8
1423130 1578.1
1423140 1578.1
1423150 1583.5
1423160 1588.2
1423170 1593.9
1423180 1593.9
1423190 1600.4
1423200 1607.0
1423210 1607.0
1423220 1615.8
1423230 1623.2
1423240 1623.2
1423250 1633.9
1423260 1642.0
1423270 1642.0
1423280 1650.4
1423290 1657.8
1423300 1657.8
1423310 1665.1
1423320 1672.0
1423330 1672.0
1423340 1677.0
1423350 1682.4
1423360 1685.9
1423370 1685.9
1423380 1691.0
1423390 1696.0
1423400 1696.0
1423410 1700.7
1423420 1704.3
1423430 1704.3
1423440 1706.9
1423450 1708.8
1423460 1708.8
1423470 1712.1
1423480 1715.9
1423490 1715.9
1423500 1718.9
1423510 1721.2
1423520 1723.2
1423530 1723.2
1423540 1724.9
1423550 1726.3
1423560 1726.3
1423570 1727.2
1423580 1727.6
1423590 1727.6
1423600 1727.7
1423610 1728.3
1423620 1728.3
1423630 1729.2
1423640 1730.0
1423650 1730.0
1423660 1730.1
1423670 1730.1
1423680 1730.1
1423690 1730.1
1423700 1729.5
1423710 1729.3
1423720 1729.3
1423730 1728.9
1423740 1728.1
1423750 1728.1
1423760 1727.0
1423770 1726.2
1423780 1726.2
1423790 1725.6
1423800 1723.9
1423810 1723.9
1423820 1722.6
1423830 1722.4
1423840 1722.4
1423850 1722.8
1423860 1723.1
1423870 1723.4
1423880 1723.4
1423890 1723.4
1423900 1721.9
1423910 1721.9
1423920 1719.1
1423930 1715.9
1423940 1715.9
1423950 1713.5
1423960 1712.3
1423970 1712.3
1423980 1712.0
1423990 1711.6
1424000 1711.6
1424010 1711.2
1424020 1710.7
1424030 1710.7
1424040 1709.6
1424050 1704.5
1424060 1694.7
1424070 1694.7
1424080 1687.3
1424090 1682.8
1424100 1682.8
1424110 1676.2
1424120 1669.0
1424130 1669.0
1424140 1664.2
1424150 1660.6
1424160 1660.6
1424170 1656.2
1424180 1652.6
1424190 1652.6
1424200 1651.9
1424210 1651.6
1424220 1649.9
1424230 1649.9
1424240 1648.4
1424250 1645.7
1424260 1645.7
1424270 1643.8
1424280 1642.4
1424290 1642.4
1424300 1637.7
1424310 1631.2
1424320 1631.2
1424330 1626.5
1424340 1623.8
1424350 1623.8
1424360 1623.0
1424370 1622.1
1424380 1622.1
1424390 1621.0
1424400 1619.7
1424410 1618.2
1424420 1618.2
1424430 1616.9
1424440 1616.1
1424450 1616.1
1424460 1614.8
1424470 1612.5
1424480 1612.5
1424490 1608.4
1424500 1606.9
1424510 1606.9
1424520 1609.6
1424530 1612.4
1424540 1612.4
1424550 1612.2
1424560 1609.9
1424570 1606.8
1424580 1606.8
1424590 1605.0
1424600 1603.8
1424610 1603.8
1424620 1602.9
1424630 1602.4
1424640 1602.4
1424650 1602.2
1424660 1602.5
1424670 1602.5
1424680 1604.1
1424690 1605.9
1424700 1605.9
1424710 1608.9
1424720 1613.8
1424730 1613.8
1424740 1616.7
1424750 1617.6
1424760 1619.2
1424770 1619.2
1424780 1620.6
1424790 1621.3
1424800 1621.3
1424810 1621.4
1424820 1619.6
1424830 1619.6
1424840 1617.9
1424850 1616.7
1424860 1616.7
1424870 1615.3
1424880 1613.1
1424890 1613.1
1424900 1609.3
1424910 1606.2
1424920 1605.0
1424930 1605.0
1424940 1602.7
1424950 1600.1
1424960 1600.1
1424970 1597.9
1424980 1597.3
1424990 1597.3
1425000 1597.3
1425010 1601.1
1425020 1601.1
1425030 1606.0
1425040 1607.5
1425050 1607.5
1425060 1609.5
1425070 1611.4
1425080 1611.4
1425090 1612.6
1425100 1614.4
1425110 1616.6
1425120 1616.6
1425130 1617.3
1425140 1618.0
1425150 1618.0
1425160 1618.5
1425170 1618.7
1425180 1618.7
1425190 1618.8
1425200 1620.2
1425210 1620.2
1425220 1622.4
1425230 1624.8
1425240 1624.8
1425250 1629.3
1425260 1634.4
1425270 1637.3
1425280 1637.3
1425290 1637.4
1425300 1636.1
1425310 1636.1
1425320 1634.1
1425330 1632.0
1425340 1632.0
1425350 1630.9
1425360 1629.6
1425370 1629.6
1425380 1627.8
1425390 1625.5
1425400 1625.5
1425410 1623.2
1425420 1621.5
1425430 1621.5
1425440 1620.2
1425450 1620.9
1425460 1620.1
1425470 1620.1
1425480 1618.7
1425490 1616.5
1425500 1616.5
1425510 1613.2
1425520 1608.5
1425530 1608.5
1425540 1603.9
1425550 1601.7
1425560 1601.7
1425570 1599.9
1425580 1597.3
1425590 1597.3
1425600 1593.5
1425610 1589.1
1425620 1584.5
1425630 1584.5
1425640 1578.1
1425650 1571.9
1425660 1571.9
1425670 1566.6
1425680 1562.5
1425690 1562.5
1425700 1558.7
1425710 1554.8
1425720 1554.8
1425730 1550.5
1425740 1545.3
1425750 1545.3
1425760 1540.3
1425770 1534.5
1425780 1534.5
1425790 1528.0
1425800 1521.7
1425810 1515.2
1425820 1515.2
1425830 1508.8
1425840 1502.1
1425850 1502.1
1425860 1495.8
1425870 1490.0
1425880 1490.0
1425890 1484.1
1425900 1478.6
1425910 1478.6
1425920 1473.4
1425930 1468.1
1425940 1468.1
1425950 1462.6
1425960 1456.8
1425970 1450.3
1425980 1450.3
1425990 1442.8
1426000 1432.8
1426010 1432.8
1426020 1421.7
1426030 1417.2
1426040 1417.2
1426050 1418.4
1426060 1423.0
1426070 1423.0
1426080 1430.1
1426090 1438.4
1426100 1438.4
1426110 1446.7
1426120 1450.7
1426130 1450.7
1426140 1452.8
1426150 1458.9
1426160 1464.2
1426170 1464.2
1426180 1469.5
1426190 1476.1
1426200 1476.1
1426210 1479.2
1426220 1477.7
1426230 1477.7
1426240 1476.5
1426250 1476.3
1426260 1476.3
1426270 1475.4
1426280 1474.5
1426290 1474.5
1426300 1473.8
1426310 1474.2
1426320 1473.3
1426330 1473.3
1426340 1470.4
1426350 1467.2
1426360 1467.2
1426370 1465.9
1426380 1466.0
1426390 1466.0
1426400 1466.9
1426410 1467.7
1426420 1467.7
1426430 1467.9
1426440 1467.7
1426450 1467.7
1426460 1467.0
1426470 1464.7
1426480 1464.7
1426490 1463.0
1426500 1461.8
1426510 1460.7
1426520 1460.7
1426530 1458.8
1426540 1456.9
1426550 1456.9
1426560 1456.8
1426570 1457.2
1426580 1457.2
1426590 1456.8
1426600 1455.4
1426610 1455.4
1426620 1453.6
1426630 1451.3
1426640 1451.3
1426650 1448.4
1426660 1444.9
1426670 1441.1
1426680 1441.1
1426690 1435.5
1426700 1430.9
1426710 1430.9
1426720 1425.2
1426730 1420.0
1426740 1420.0
1426750 1415.9
1426760 1412.5
1426770 1412.5
1426780 1410.6
1426790 1410.2
1426800 1410.2
1426810 1407.7
1426820 1405.8
1426830 1405.8
1426840 1403.9
1426850 1397.7
1426860 1389.2
1426870 1389.2
1426880 1381.7
1426890 1377.3
1426900 1377.3
1426910 1371.2
1426920 1363.1
1426930 1363.1
1426940 1355.5
1426950 1349.7
1426960 1349.7
1426970 1345.8
1426980 1343.4
1426990 1343.4
1427000 1341.5
1427010 1341.4
1427020 1342.2
1427030 1342.2
1427040 1343.3
1427050 1343.3
1427060 1343.3
1427070 1341.6
1427080 1335.1
1427090 1335.1
1427100 1327.6
1427110 1323.5
1427120 1323.5
1427130 1322.3
1427140 1320.2
1427150 1320.2
1427160 1315.4
1427170 1310.5
1427180 1310.5
1427190 1307.9
1427200 1305.8
1427210 1303.5
1427220 1303.5
1427230 1299.7
1427240 1296.7
1427250 1296.7
1427260 1294.7
1427270 1292.0
1427280 1292.0
1427290 1288.2
1427300 1285.2
1427310 1285.2
1427320 1283.5
1427330 1282.6
1427340 1282.6
1427350 1279.3
1427360 1273.9
1427370 1268.8
1427380 1268.8
1427390 1262.7
1427400 1256.5
1427410 1256.5
1427420 1249.7
1427430 1243.1
1427440 1243.1
1427450 1237.5
1427460 1232.6
1427470 1232.6
1427480 1227.7
1427490 1221.9
1427500 1221.9
1427510 1216.9
1427520 1211.7
1427530 1211.7
1427540 1204.6
1427550 1197.2
1427560 1193.6
1427570 1193.6
1427580 1193.4
1427590 1191.0
1427600 1191.0
1427610 1185.2
1427620 1176.5
1427630 1177.3
1427640 1168.1
1427650 1161.7
1427660 1161.7
1427670 1155.5
1427680 1152.8
1427690 1152.8
1427700 1152.7
1427710 1151.3
1427720 1147.3
1427730 1147.3
1427740 1136.3
1427750 1123.2
1427760 1123.2
1427770 1111.2
1427780 1100.9
1427790 1100.9
1427800 1099.2
1427810 1108.7
1427820 1108.7
1427830 1119.7
1427840 1126.5
1427850 1126.5
1427860 1131.7
1427870 1138.1
1427880 1138.1
1427890 1141.9
1427900 1139.7
1427910 1136.9
1427920 1136.9
1427930 1137.5
1427940 1140.7
1427950 1140.7
1427960 1142.2
1427970 1143.6
1427980 1143.6
1427990 1145.4
1428000 1147.8
1428010 1147.8
1428020 1150.3
1428030 1150.6
1428040 1150.6
1428050 1151.2
1428060 1152.3
1428070 1148.1
1428080 1148.1
1428090 1142.3
1428100 1137.4
1428110 1137.4
1428120 1132.7
1428130 1129.1
1428140 1129.1
1428150 1127.3
1428160 1126.8
1428170 1126.8
1428180 1127.5
1428190 1130.0
1428200 1130.0
1428210 1130.4
1428220 1126.9
1428230 1126.9
1428240 1123.9
1428250 1121.6
1428260 1119.6
1428270 1119.6
1428280 1117.0
1428290 1114.3
1428300 1114.3
1428310 1110.9
1428320 1106.6
1428330 1106.6
1428340 1101.8
1428350 1097.4
1428360 1097.4
1428370 1094.0
1428380 1091.0
1428390 1091.0
1428400 1088.0
1428410 1084.5
1428420 1081.4
1428430 1081.4
1428440 1078.5
1428450 1075.5
1428460 1075.5
1428470 1073.0
1428480 1070.1
1428490 1070.1
1428500 1066.0
1428510 1061.2
1428520 1061.2
1428530 1056.4
1428540 1050.7
1428550 1050.7
1428560 1045.3
1428570 1040.5
1428580 1040.5
1428590 1031.9
1428600 1019.8
1428610 1019.1
1428620 1019.1
1428630 1026.5
1428640 1032.6
1428650 1032.6
1428660 1038.0
1428670 1042.2
1428680 1042.2
1428690 1047.5
1428700 1052.5
1428710 1052.5
1428720 1052.6
1428730 1052.3
1428740 1052.3
1428750 1052.2
1428760 1051.3
1428770 1049.4
1428780 1049.4
1428790 1046.1
1428800 1044.3
1428810 1044.3
1428820 1044.3
1428830 1041.7
1428840 1041.7
1428850 1038.1
1428860 1036.2
1428870 1036.2
1428880 1036.3
1428890 1035.8
1428900 1035.8
1428910 1037.9
1428920 1041.2
1428930 1041.2
1428940 1044.0
1428950 1046.4
1428960 1046.3
1428970 1046.3
1428980 1048.5
1428990 1050.8
1429000 1050.8
1429010 1057.5
1429020 1060.1
1429030 1060.1
1429040 1059.9
1429050 1058.6
1429060 1058.6
1429070 1056.6
1429080 1054.9
1429090 1054.9
1429100 1055.8
1429110 1056.3
1429120 1056.9
1429130 1056.9
1429140 1058.0
1429150 1059.6
1429160 1059.6
1429170 1060.7
1429180 1060.5
1429190 1060.5
1429200 1059.4
1429210 1059.0
1429220 1059.0
1429230 1060.3
1429240 1063.6
1429250 1063.6
1429260 1064.8
1429270 1063.6
1429280 1063.6
1429290 1064.9
1429300 1067.9
1429310 1070.7
1429320 1070.7
1429330 1073.5
1429340 1076.8
1429350 1076.8
1429360 1078.8
1429370 1080.0
1429380 1080.0
1429390 1081.0
1429400 1081.9
1429410 1081.9
1429420 1083.4
1429430 1085.6
1429440 1085.6
1429450 1087.3
1429460 1088.4
1429470 1089.2
1429480 1089.2
1429490 1091.0
1429500 1091.4
1429510 1091.4
1429520 1091.6
1429530 1091.3
1429540 1091.3
1429550 1091.7
1429560 1093.1
1429570 1093.1
1429580 1094.3
1429590 1093.8
1429600 1093.8
1429610 1091.3
1429620 1089.4
1429630 1089.4
1429640 1087.8
1429650 1088.0
1429660 1088.5
1429670 1088.5
1429680 1089.2
1429690 1090.4
1429700 1090.4
1429710 1091.3
1429720 1091.1
1429730 1091.1
1429740 1091.0
1429750 1091.7
1429760 1091.7
1429770 1091.0
1429780 1089.8
1429790 1089.8
1429800 1088.7
1429810 1087.5
1429820 1086.4
1429830 1086.4
1429840 1086.9
1429850 1086.0
1429860 1086.0
1429870 1079.8
1429880 1081.9
1429890 1095.2
1429900 1100.6
1429910 1101.8
1429920 1101.8
1429930 1101.5
1429940 1098.7
1429950 1098.7
1429960 1094.7
1429970 1090.4
1429980 1090.4
1429990 1088.8
1430000 1087.5
1430010 1086.0
1430020 1086.0
1430030 1086.7
1430040 1086.6
1430050 1086.6
1430060 1087.3
1430070 1088.0
1430080 1088.0
1430090 1087.4
1430100 1085.7
1430110 1085.7
1430120 1083.7
1430130 1081.0
1430140 1081.0
1430150 1077.4
1430160 1074.7
1430170 1071.4
1430180 1071.4
1430190 1068.7
1430200 1068.6
1430210 1068.6
1430220 1070.0
1430230 1070.6
1430240 1070.6
1430250 1069.7
1430260 1069.5
1430270 1069.5
1430280 1070.2
1430290 1070.5
1430300 1070.5
1430310 1071.3
1430320 1071.0
1430330 1071.0
1430340 1069.9
1430350 1068.2
1430360 1065.6
1430370 1065.6
1430380 1064.1
1430390 1064.2
1430400 1064.2
1430410 1065.8
1430420 1067.1
1430430 1067.1
1430440 1068.8
1430450 1070.7
1430460 1070.7
1430470 1072.6
1430480 1073.7
1430490 1073.7
1430500 1074.3
1430510 1074.4
1430520 1074.8
1430530 1074.8
1430540 1075.6
1430550 1075.3
1430560 1075.3
1430570 1073.4
1430580 1067.6
1430590 1067.6
1430600 1064.0
1430610 1059.8
1430620 1059.8
1430630 1055.3
1430640 1051.3
1430650 1051.3
1430660 1047.1
1430670 1042.3
1430680 1042.3
1430690 1037.3
1430700 1032.5
1430710 1027.7
1430720 1027.7
1430730 1023.2
1430740 1018.1
1430750 1018.1
1430760 1013.4
1430770 1008.4
1430780 1008.4
1430790 1003.6
1430800 1000.3
1430810 1000.3
1430820 996.4
1430830 992.4
1430840 992.4
1430850 988.3
1430860 984.5
1430870 980.3
1430880 980.3
1430890 975.7
1430900 970.3
1430910 970.3
1430920 964.4
1430930 959.2
1430940 959.2
1430950 954.1
1430960 949.1
1430970 949.1
1430980 945.1
1430990 939.5
1431000 939.5
1431010 931.4
1431020 922.4
1431030 922.4
1431040 915.0
1431050 907.7
1431060 900.0
1431070 900.0
1431080 892.2
1431090 883.9
1431100 883.9
1431110 874.4
1431120 865.1
1431130 865.1
1431140 858.4
1431150 852.6
1431160 852.6
1431170 847.6
1431180 842.8
1431190 842.8
1431200 836.8
1431210 830.1
1431220 818.8
1431230 818.8
1431240 808.0
1431250 799.1
1431260 799.1
1431270 790.4
1431280 784.5
1431290 784.5
1431300 778.4
1431310 771.0
1431320 771.0
1431330 759.3
1431340 745.1
1431350 745.1
1431360 733.5
1431370 725.0
1431380 725.0
1431390 718.5
1431400 710.8
1431410 702.3
1431420 702.3
1431430 694.0
1431440 686.7
1431450 686.7
1431460 680.5
1431470 673.7
1431480 673.7
1431490 666.5
1431500 660.1
1431510 660.1
1431520 655.1
1431530 653.8
1431540 653.8
1431550 654.2
1431560 654.6
1431570 654.7
1431580 654.7
1431590 654.5
1431600 654.6
1431610 654.6
1431620 654.7
1431630 654.6
1431640 654.6
1431650 654.8
1431660 655.1
1431670 655.1
1431680 655.4
1431690 655.9
1431700 655.9
1431710 656.5
1431720 656.8
1431730 656.8
1431740 656.7
1431750 656.9
1431760 657.5
1431770 657.5
1431780 657.9
1431790 658.1
1431800 658.1
1431810 658.0
1431820 657.8
1431830 657.8
1431840 657.9
1431850 658.2
1431860 658.2
1431870 656.3
1431880 656.7
1431890 656.7
1431900 658.7
1431910 659.1
1431920 659.2
1431930 659.2
1431940 659.3
1431950 659.3
1431960 659.3
1431970 659.5
1431980 659.8
1431990 659.8
1432000 659.6
1432010 659.7
1432020 659.7
1432030 659.9
1432040 659.9
1432050 659.9
1432060 659.9
1432070 660.1
1432080 660.1
1432090 660.7
1432100 660.8
1432110 660.5
1432120 660.5
1432130 660.4
1432140 660.2
1432150 660.2
1432160 660.3
1432170 659.5
1432180 659.5
1432190 655.5
1432200 650.6
1432210 650.6
1432220 646.1
1432230 643.5
1432240 642.6
1432250 642.9
1432260 643.0
1432270 643.1
1432280 643.1
1432290 643.1
1432300 643.0
1432310 643.0
1432320 643.1
1432330 643.2
1432340 643.2
1432350 643.6
1432360 645.5
1432370 645.5
1432380 648.4
1432390 649.3
1432400 649.3
1432410 646.1
1432420 643.8
1432430 643.8
1432440 643.9
1432450 643.2
1432460 642.5
1432470 642.5
1432480 642.2
1432490 642.1
1432500 642.1
1432510 641.5
1432520 640.8
1432530 640.8
1432540 640.3
1432550 640.2
1432560 640.2
1432570 640.8
1432580 641.4
1432590 641.4
1432600 641.5
1432610 642.0
1432620 642.3
1432630 642.3
1432640 642.6
1432650 644.3
1432660 644.3
1432670 646.7
1432680 649.9
1432690 649.9
1432700 652.5
1432710 654.1
1432720 654.1
1432730 655.6
1432740 657.2
1432750 657.2
1432760 658.8
1432770 658.8
1432780 658.8
1432790 657.7
1432800 656.4
1432810 655.5
1432820 655.5
1432830 654.8
1432840 653.4
1432850 653.4
1432860 651.4
1432870 649.1
1432880 649.1
1432890 646.9
1432900 645.8
1432910 645.8
1432920 645.9
1432930 642.6
1432940 642.6
1432950 640.1
1432960 639.9
1432970 640.6
1432980 640.6
1432990 641.2
1433000 640.1
1433010 640.1
1433020 641.3
1433030 641.2
1433040 641.2
1433050 640.9
1433060 640.7
1433070 640.7
1433080 640.5
1433090 640.8
1433100 640.8
1433110 640.9
1433120 640.7
1433130 640.7
1433140 639.1
1433150 640.4
1433160 640.9
1433170 640.9
1433180 640.3
1433190 640.4
1433200 640.4
1433210 640.5
1433220 640.5
1433230 640.5
1433240 640.7
1433250 640.8
1433260 640.8
1433270 640.2
1433280 640.4
1433290 640.4
1433300 640.4
1433310 640.4
1433320 640.8
1433330 640.8
1433340 642.8
1433350 643.4
1433360 643.4
1433370 643.3
1433380 643.2
1433390 643.2
1433400 643.0
1433410 642.1
1433420 642.1
1433430 639.5
1433440 638.6
1433450 638.6
1433460 638.6
1433470 638.6
1433480 638.6
1433490 638.6
1433500 639.0
1433510 641.5
1433520 641.5
1433530 642.4
1433540 641.4
1433550 641.4
1433560 639.3
1433570 638.3
1433580 638.3
1433590 638.5
1433600 638.7
1433610 638.7
1433620 638.6
1433630 638.2
1433640 638.2
1433650 638.1
1433660 638.0
1433670 638.0
1433680 638.0
1433690 637.9
1433700 637.8
1433710 637.8
1433720 637.8
1433730 637.6
1433740 637.6
1433750 637.3
1433760 637.3
1433770 637.3
1433780 637.4
1433790 637.3
1433800 637.3
1433810 637.3
1433820 637.2
1433830 637.2
1433840 637.1
1433850 637.2
1433860 637.2
1433870 637.2
1433880 637.2
1433890 637.1
1433900 637.1
1433910 636.9
1433920 636.8
1433930 636.8
1433940 636.8
1433950 636.7
1433960 636.7
1433970 636.7
1433980 636.6
1433990 636.6
1434000 636.5
1434010 636.5
1434020 636.5
1434030 636.5
1434040 636.5
1434050 636.5
1434060 636.5
1434070 636.4
1434080 636.3
1434090 636.3
1434100 636.2
1434110 636.2
1434120 636.2
1434130 636.2
1434140 636.2
1434150 636.2
1434160 636.2
1434170 636.1
1434180 636.1
1434190 636.0
1434200 636.2
1434210 636.2
1434220 636.2
1434230 636.0
1434240 636.0
1434250 636.0
1434260 636.0
1434270 636.1
1434280 636.1
1434290 636.1
1434300 636.0
1434310 636.0
1434320 635.9
1434330 635.9
1434340 635.9
1434350 635.8
1434360 635.8
1434370 635.8
1434380 635.8
1434390 635.8
1434400 635.8
1434410 635.8
1434420 635.8
1434430 635.7
1434440 635.7
1434450 635.7
1434460 635.8
1434470 635.8
1434480 635.8
1434490 635.8
1434500 635.8
1434510 635.7
1434520 635.8
1434530 635.8
1434540 635.7
1434550 635.7
1434560 635.6
1434570 635.6
1434580 635.5
1434590 635.6
1434600 635.6
1434610 635.6
1434620 635.4
1434630 635.4
1434640 635.3
1434650 635.3
1434660 635.3
1434670 635.3
1434680 635.2
1434690 635.2
1434700 635.2
1434710 635.2
1434720 635.2
1434730 635.2
1434740 635.2
1434750 635.2
1434760 635.2
1434770 635.2
1434780 635.1
1434790 635.1
1434800 635.1
1434810 635.1
1434820 635.1
1434830 634.6
1434840 634.4
1434850 634.4
1434860 634.8
1434870 634.8
1434880 634.8
1434890 634.8
1434900 634.8
1434910 634.8
1434920 634.8
1434930 634.8
1434940 634.8
1434950 634.8
1434960 634.8
1434970 634.9
1434980 634.9
1434990 634.9
1435000 634.9
1435010 634.9
1435020 634.9
1435030 634.8
1435040 634.8
1435050 634.9
1435060 634.9
1435070 634.8
1435080 634.8
1435090 634.8
1435100 634.7
1435110 634.7
1435120 634.7
1435130 634.7
1435140 634.7
1435150 634.7
1435160 634.7
1435170 634.7
1435180 634.7
1435190 634.7
1435200 634.7
1435210 634.7
1435220 634.7
1435230 634.7
1435240 634.6
1435250 634.5
1435260 634.7
1435270 634.7
1435280 634.9
1435290 634.7
1435300 634.7
1435310 634.8
1435320 635.0
1435330 635.0
1435340 635.0
1435350 634.7
1435360 634.7
1435370 634.2
1435380 634.5
1435390 634.5
1435400 634.6
1435410 634.6
1435420 634.6
1435430 634.6
1435440 634.6
1435450 634.8
1435460 634.8
1435470 634.8
1435480 634.8
1435490 634.8
1435500 634.9
1435510 634.8
1435520 634.8
1435530 634.8
1435540 634.8
1435550 634.8
1435560 634.6
1435570 634.7
1435580 634.7
1435590 634.8
1435600 634.8
1435610 634.7
1435620 634.7
1435630 634.7
1435640 634.7
1435650 634.7
1435660 634.7
1435670 634.7
1435680 634.7
1435690 634.8
1435700 634.8
1435710 634.8
1435720 634.9
1435730 635.0
1435740 635.0
1435750 635.1
1435760 635.1
1435770 635.2
1435780 635.2
1435790 635.5
1435800 635.7
1435810 635.7
1435820 636.2
1435830 637.4
1435840 637.4
1435850 639.0
1435860 640.9
1435870 640.9
1435880 641.9
1435890 641.6
1435900 641.6
1435910 640.4
1435920 639.5
1435930 639.5
1435940 639.1
1435950 639.0
1435960 639.0
1435970 639.0
1435980 638.6
1435990 638.7
1436000 638.7
1436010 640.2
1436020 641.6
1436030 641.6
1436040 643.5
1436050 646.1
1436060 646.1
1436070 647.3
1436080 648.6
1436090 648.6
1436100 649.3
1436110 648.6
1436120 648.0
1436130 648.0
1436140 647.5
1436150 647.4
1436160 647.4
1436170 648.9
1436180 650.1
1436190 650.1
1436200 650.5
1436210 651.2
1436220 651.2
1436230 652.0
1436240 651.6
1436250 651.6
1436260 652.9
1436270 653.5
1436280 653.5
1436290 654.1
1436300 655.0
1436310 655.8
1436320 655.8
1436330 656.8
1436340 657.5
1436350 657.5
1436360 658.3
1436370 658.9
1436380 658.9
1436390 660.0
1436400 661.1
1436410 661.1
1436420 662.1
1436430 663.4
1436440 663.4
1436450 664.3
1436460 665.6
1436470 667.1
1436480 667.1
1436490 668.4
1436500 669.9
1436510 669.9
1436520 671.3
1436530 673.4
1436540 673.4
1436550 675.1
1436560 676.0
1436570 676.0
1436580 676.8
1436590 677.9
1436600 677.9
1436610 679.1
1436620 679.9
1436630 679.9
1436640 680.8
1436650 681.9
1436660 682.9
1436670 682.9
1436680 683.5
1436690 684.9
1436700 684.9
1436710 687.8
1436720 689.2
1436730 689.2
1436740 690.2
1436750 691.5
1436760 691.5
1436770 692.6
1436780 694.0
1436790 694.0
1436800 695.1
1436810 696.1
1436820 697.3
1436830 697.3
1436840 698.6
1436850 699.8
1436860 699.8
1436870 700.9
1436880 701.6
1436890 701.6
1436900 702.4
1436910 703.2
1436920 703.2
1436930 703.8
1436940 704.4
1436950 704.4
1436960 705.0
1436970 705.5
1436980 705.5
1436990 706.3
1437000 706.9
1437010 707.4
1437020 707.4
1437030 708.2
1437040 708.7
1437050 708.7
1437060 710.2
1437070 711.5
1437080 711.5
1437090 711.8
1437100 714.7
1437110 714.7
1437120 720.7
1437130 726.8
1437140 726.8
1437150 732.6
1437160 738.3
1437170 745.1
1437180 745.1
1437190 752.1
1437200 760.1
1437210 760.1
1437220 768.3
1437230 773.8
1437240 773.8
1437250 778.8
1437260 785.2
1437270 785.2
1437280 792.4
1437290 797.8
1437300 797.8
1437310 798.4
1437320 806.9
1437330 806.9
1437340 813.5
1437350 818.0
1437360 823.4
1437370 823.4
1437380 834.0
1437390 843.7
1437400 843.7
1437410 850.8
1437420 855.9
1437430 855.9
1437440 858.6
1437450 862.0
1437460 862.0
1437470 866.6
1437480 870.9
1437490 870.9
1437500 873.2
1437510 875.6
1437520 877.7
1437530 877.7
1437540 880.8
1437550 885.2
1437560 885.2
1437570 889.1
1437580 892.6
1437590 892.6
1437600 895.3
1437610 897.2
1437620 897.2
1437630 898.6
1437640 899.5
1437650 899.5
1437660 900.2
1437670 902.2
1437680 902.2
1437690 904.9
1437700 907.7
1437710 911.0
1437720 911.0
1437730 915.1
1437740 920.2
1437750 920.2
1437760 924.7
1437770 926.5
1437780 926.5
1437790 931.4
1437800 939.6
1437810 939.6
1437820 945.7
1437830 952.9
1437840 952.9
1437850 961.1
1437860 973.9
1437870 981.1
1437880 981.1
1437890 986.0
1437900 991.7
1437910 991.7
1437920 997.9
1437930 1003.5
1437940 1003.5
1437950 1008.6
1437960 1014.1
1437970 1014.1
1437980 1019.6
1437990 1024.4
1438000 1024.4
1438010 1030.1
1438020 1037.3
1438030 1037.3
1438040 1043.0
1438050 1047.9
1438060 1052.0
1438070 1052.0
1438080 1055.4
1438090 1058.0
1438100 1058.0
1438110 1060.6
1438120 1063.9
1438130 1063.9
1438140 1067.6
1438150 1071.2
1438160 1071.2
1438170 1075.2
1438180 1077.9
1438190 1077.9
1438200 1080.8
1438210 1083.5
1438220 1085.5
1438230 1085.5
1438240 1087.0
1438250 1089.0
1438260 1089.0
1438270 1090.9
1438280 1092.9
1438290 1092.9
1438300 1094.1
1438310 1095.4
1438320 1095.4
1438330 1097.1
1438340 1098.6
1438350 1098.6
1438360 1101.5
1438370 1106.1
1438380 1106.1
1438390 1108.7
1438400 1110.8
1438410 1113.0
1438420 1113.0
1438430 1115.4
1438440 1117.6
1438450 1117.6
1438460 1120.0
1438470 1122.3
1438480 1122.3
1438490 1124.8
1438500 1127.6
1438510 1127.6
1438520 1130.4
1438530 1132.6
1438540 1132.6
1438550 1134.9
1438560 1137.3
1438570 1139.6
1438580 1139.6
1438590 1141.3
1438600 1142.4
1438610 1142.4
1438620 1144.1
1438630 1146.4
1438640 1146.4
1438650 1148.4
1438660 1152.0
1438670 1152.0
1438680 1155.3
1438690 1157.7
1438700 1157.7
1438710 1159.5
1438720 1161.8
1438730 1161.8
1438740 1165.1
1438750 1169.5
1438760 1173.8
1438770 1173.8
1438780 1179.1
1438790 1184.1
1438800 1184.1
1438810 1189.8
1438820 1196.1
1438830 1196.1
1438840 1202.9
1438850 1209.3
1438860 1209.3
1438870 1215.9
1438880 1223.2
1438890 1223.2
1438900 1231.9
1438910 1241.5
1438920 1248.8
1438930 1248.8
1438940 1255.0
1438950 1258.7
1438960 1258.7
1438970 1261.7
1438980 1264.8
1438990 1264.8
1439000 1267.8
1439010 1270.3
1439020 1270.3
1439030 1272.9
1439040 1276.1
1439050 1276.1
1439060 1279.4
1439070 1283.1
1439080 1283.1
1439090 1286.9
1439100 1290.2
1439110 1294.1
1439120 1294.1
1439130 1297.9
1439140 1301.4
1439150 1301.4
1439160 1305.2
1439170 1308.9
1439180 1308.9
1439190 1311.9
1439200 1315.1
1439210 1315.1
1439220 1317.8
1439230 1320.4
1439240 1320.4
1439250 1322.3
1439260 1324.4
1439270 1327.1
1439280 1327.1
1439290 1329.4
1439300 1332.4
1439310 1332.4
1439320 1335.3
1439330 1337.7
1439340 1337.7
1439350 1339.8
1439360 1341.7
1439370 1341.7
1439380 1343.5
1439390 1345.6
1439400 1345.6
1439410 1348.3
1439420 1352.1
1439430 1352.1
1439440 1356.5
1439450 1361.0
1439460 1365.5
1439470 1365.5
1439480 1369.4
1439490 1372.0
1439500 1372.0
1439510 1374.2
1439520 1376.1
1439530 1376.1
1439540 1377.4
1439550 1379.0
1439560 1379.0
1439570 1381.3
1439580 1384.2
1439590 1384.2
1439600 1386.8
1439610 1388.6
1439620 1390.0
1439630 1390.0
1439640 1390.6
1439650 1390.0
1439660 1390.0
1439670 1388.8
1439680 1386.7
1439690 1386.7
1439700 1384.0
1439710 1381.4
1439720 1381.4
1439730 1378.8
1439740 1376.0
1439750 1376.0
1439760 1373.2
1439770 1371.0
1439780 1371.0
1439790 1370.6
1439800 1368.6
1439810 1366.7
1439820 1366.7
1439830 1364.4
1439840 1362.3
1439850 1362.3
1439860 1360.8
1439870 1359.0
1439880 1359.0
1439890 1357.2
1439900 1355.2
1439910 1355.2
1439920 1353.2
1439930 1350.7
1439940 1350.7
1439950 1349.4
1439960 1347.9
1439970 1346.2
1439980 1346.2
1439990 1343.6
