1420000 1070.7
1420010 1070.7
1420020 1065.3
1420030 1060.8
1420040 1060.8
1420050 1056.7
1420060 1053.2
1420070 1053.2
1420080 1050.7
1420090 1046.5
1420100 1046.5
1420110 1042.4
1420120 1036.7
1420130 1036.7
1420140 1031.0
1420150 1027.9
1420160 1025.0
1420170 1025.0
1420180 1021.6
1420190 1017.8
1420200 1017.8
1420210 1014.7
1420220 1012.3
1420230 1012.3
1420240 1008.3
1420250 1001.1
1420260 1001.1
1420270 993.0
1420280 985.2
1420290 985.2
1420300 981.2
1420310 981.4
1420320 982.5
1420330 982.5
1420340 984.5
1420350 986.3
1420360 986.3
1420370 986.7
1420380 987.8
1420390 987.8
1420400 989.9
1420410 996.4
1420420 996.4
1420430 1005.0
1420440 1012.7
1420450 1012.7
1420460 1021.0
1420470 1028.6
1420480 1028.6
1420490 1035.0
1420500 1041.4
1420510 1048.1
1420520 1048.1
1420530 1054.6
1420540 1060.2
1420550 1060.2
1420560 1066.0
1420570 1072.3
1420580 1072.3
1420590 1077.6
1420600 1081.7
1420610 1081.7
1420620 1087.0
1420630 1093.4
1420640 1093.4
1420650 1099.4
1420660 1105.4
1420670 1110.6
1420680 1110.6
1420690 1116.3
1420700 1123.1
1420710 1123.1
1420720 1130.5
1420730 1136.4
1420740 1136.4
1420750 1141.2
1420760 1145.5
1420770 1145.5
1420780 1150.5
1420790 1156.3
1420800 1151.2
1420810 1156.3
1420820 1161.3
1420830 1161.3
1420840 1167.8
1420850 1174.6
1420860 1178.5
1420870 1178.5
1420880 1182.2
1420890 1187.6
1420900 1187.6
1420910 1193.7
1420920 1198.6
1420930 1198.6
1420940 1202.6
1420950 1207.3
1420960 1207.3
1420970 1212.1
1420980 1220.9
1420990 1220.9
1421000 1232.9
1421010 1248.2
1421020 1255.0
1421030 1255.0
1421040 1261.4
1421050 1267.8
1421060 1267.8
1421070 1273.6
1421080 1276.9
1421090 1276.9
1421100 1278.9
1421110 1281.7
1421120 1281.7
1421130 1284.9
1421140 1288.4
1421150 1288.4
1421160 1291.6
1421170 1294.9
1421180 1294.9
1421190 1299.1
1421200 1303.1
1421210 1306.3
1421220 1306.3
1421230 1309.5
1421240 1311.2
1421250 1311.2
1421260 1313.0
1421270 1315.3
1421280 1315.3
1421290 1317.1
1421300 1319.1
1421310 1319.1
1421320 1320.6
1421330 1321.1
1421340 1321.1
1421350 1322.0
1421360 1324.1
1421370 1324.1
1421380 1327.3
1421390 1329.9
1421400 1332.4
1421410 1332.4
1421420 1334.3
1421430 1334.9
1421440 1334.9
1421450 1335.4
1421460 1337.0
1421470 1337.0
1421480 1339.9
1421490 1342.5
1421500 1342.5
1421510 1344.8
1421520 1347.9
1421530 1347.9
1421540 1351.5
1421550 1354.7
1421560 1358.0
1421570 1358.0
1421580 1360.9
1421590 1364.2
1421600 1364.2
1421610 1366.6
1421620 1367.8
1421630 1367.8
1421640 1370.3
1421650 1373.5
1421660 1373.5
1421670 1375.5
1421680 1377.8
1421690 1377.8
1421700 1380.5
1421710 1383.5
1421720 1383.5
1421730 1386.3
1421740 1388.4
1421750 1389.6
1421760 1389.6
1421770 1390.4
1421780 1391.7
1421790 1391.7
1421800 1394.6
1421810 1397.3
1421820 1397.3
1421830 1398.4
1421840 1399.4
1421850 1399.4
1421860 1403.6
1421870 1406.1
1421880 1406.1
1421890 1407.1
1421900 1408.9
1421910 1412.8
1421920 1412.8
1421930 1417.5
1421940 1421.4
1421950 1421.4
1421960 1424.4
1421970 1427.3
1421980 1427.3
1421990 1430.0
1422000 1431.9
1422010 1431.9
1422020 1433.4
1422030 1435.2
1422040 1435.2
1422050 1437.5
1422060 1440.1
1422070 1440.1
1422080 1442.7
1422090 1445.3
1422100 1447.7
1422110 1447.7
1422120 1450.2
1422130 1452.9
1422140 1452.9
1422150 1455.7
1422160 1458.7
1422170 1458.7
1422180 1461.5
1422190 1463.9
1422200 1463.9
1422210 1466.3
1422220 1468.7
1422230 1468.7
1422240 1470.6
1422250 1472.3
1422260 1473.3
1422270 1473.3
1422280 1471.4
1422290 1471.6
1422300 1471.6
1422310 1472.6
1422320 1471.7
1422330 1471.7
1422340 1470.4
1422350 1475.7
1422360 1475.7
1422370 1483.0
1422380 1487.9
1422390 1487.9
1422400 1491.1
1422410 1494.1
1422420 1494.1
1422430 1497.6
1422440 1501.8
1422450 1505.8
1422460 1505.8
1422470 1507.9
1422480 1509.0
1422490 1509.0
1422500 1509.7
1422510 1510.8
1422520 1510.8
1422530 1511.0
1422540 1510.7
1422550 1510.7
1422560 1509.9
1422570 1510.9
1422580 1510.9
1422590 1511.9
1422600 1513.6
1422610 1515.8
1422620 1515.8
1422630 1519.1
1422640 1523.0
1422650 1523.0
1422660 1526.7
1422670 1529.7
1422680 1529.7
1422690 1532.2
1422700 1534.7
1422710 1534.7
1422720 1537.2
1422730 1539.3
1422740 1539.3
1422750 1541.1
1422760 1543.3
1422770 1543.3
1422780 1547.2
1422790 1552.3
1422800 1557.5
1422810 1556.4
1422820 1561.6
1422830 1566.5
1422840 1566.5
1422850 1571.1
1422860 1575.9
1422870 1575.9
1422880 1580.1
1422890 1582.5
1422900 1582.5
1422910 1583.9
1422920 1584.8
1422930 1584.8
1422940 1584.8
1422950 1583.9
1422960 1583.2
1422970 1583.2
1422980 1582.7
1422990 1582.2
1423000 1582.2
1423010 1581.7
1423020 1581.3
1423030 1581.3
1423040 1580.9
1423050 1580.7
1423060 1580.7
1423070 1580.3
1423080 1579.9
1423090 1579.9
1423100 1578.9
1423110 1577.6
1423120 1577.6
1423130 1576.3
1423140 1574.9
1423150 1573.4
1423160 1573.4
1423170 1571.9
1423180 1570.4
1423190 1570.4
1423200 1569.1
1423210 1567.7
1423220 1567.7
1423230 1566.8
1423240 1565.3
1423250 1565.3
1423260 1563.8
1423270 1562.1
1423280 1562.1
1423290 1560.8
1423300 1559.7
1423310 1558.7
1423320 1558.7
1423330 1557.9
1423340 1557.3
1423350 1557.3
1423360 1556.7
1423370 1555.6
1423380 1555.6
1423390 1554.5
1423400 1553.5
1423410 1553.5
1423420 1552.2
1423430 1551.0
1423440 1551.0
1423450 1549.6
1423460 1547.4
1423470 1547.4
1423480 1545.4
1423490 1543.3
1423500 1540.9
1423510 1540.9
1423520 1537.8
1423530 1534.1
1423540 1534.1
1423550 1530.5
1423560 1527.6
1423570 1527.6
1423580 1525.0
1423590 1522.2
1423600 1522.2
1423610 1519.3
1423620 1516.3
1423630 1516.3
1423640 1513.2
1423650 1509.8
1423660 1507.4
1423670 1507.4
1423680 1506.0
1423690 1505.8
1423700 1505.8
1423710 1505.6
1423720 1505.8
1423730 1505.8
1423740 1505.2
1423750 1503.8
1423760 1503.8
1423770 1501.7
1423780 1497.5
1423790 1497.5
1423800 1492.3
1423810 1489.7
1423820 1489.7
1423830 1488.9
1423840 1486.7
1423850 1483.6
1423860 1483.6
1423870 1480.3
1423880 1477.1
1423890 1477.1
1423900 1474.1
1423910 1471.7
1423920 1471.7
1423930 1467.9
1423940 1462.8
1423950 1462.8
1423960 1459.7
1423970 1457.8
1423980 1457.8
1423990 1456.3
1424000 1454.2
1424010 1452.2
1424020 1452.2
1424030 1451.7
1424040 1452.1
1424050 1452.1
1424060 1450.9
1424070 1447.3
1424080 1447.3
1424090 1446.1
1424100 1449.9
1424110 1449.9
1424120 1452.4
1424130 1450.5
1424140 1450.5
1424150 1447.1
1424160 1449.1
1424170 1449.1
1424180 1451.7
1424190 1450.0
1424200 1446.3
1424210 1446.3
1424220 1441.2
1424230 1435.1
1424240 1435.1
1424250 1429.4
1424260 1423.8
1424270 1423.8
1424280 1417.3
1424290 1410.9
1424300 1410.9
1424310 1406.5
1424320 1402.3
1424330 1402.3
1424340 1400.1
1424350 1399.7
1424360 1399.6
1424370 1399.6
1424380 1399.6
1424390 1400.5
1424400 1400.5
1424410 1402.2
1424420 1403.0
1424430 1403.0
1424440 1402.4
1424450 1402.9
1424460 1402.9
1424470 1405.0
1424480 1406.5
1424490 1406.5
1424500 1406.8
1424510 1405.0
1424520 1405.0
1424530 1401.5
1424540 1399.1
1424550 1399.3
1424560 1399.3
1424570 1398.5
1424580 1395.6
1424590 1395.6
1424600 1389.7
1424610 1385.2
1424620 1385.2
1424630 1384.2
1424640 1384.7
1424650 1384.7
1424660 1385.2
1424670 1385.4
1424680 1385.4
1424690 1385.3
1424700 1386.8
1424710 1387.3
1424720 1387.3
1424730 1387.3
1424740 1387.1
1424750 1387.1
1424760 1386.7
1424770 1387.0
1424780 1387.0
1424790 1385.1
1424800 1384.0
1424810 1384.0
1424820 1384.3
1424830 1383.5
1424840 1383.5
1424850 1384.6
1424860 1384.7
1424870 1384.7
1424880 1382.7
1424890 1381.1
1424900 1376.5
1424910 1376.5
1424920 1371.3
1424930 1365.2
1424940 1365.2
1424950 1359.2
1424960 1354.1
1424970 1354.1
1424980 1348.7
1424990 1343.6
1425000 1343.6
1425010 1341.6
1425020 1337.4
1425030 1337.4
1425040 1332.0
1425050 1328.6
1425060 1327.5
1425070 1327.5
1425080 1329.5
1425090 1333.2
1425100 1333.2
1425110 1334.3
1425120 1335.5
1425130 1335.5
1425140 1335.8
1425150 1338.6
1425160 1338.6
1425170 1341.4
1425180 1340.9
1425190 1340.9
1425200 1337.2
1425210 1333.7
1425220 1333.7
1425230 1334.8
1425240 1338.9
1425250 1342.9
1425260 1342.9
1425270 1345.1
1425280 1345.8
1425290 1345.8
1425300 1348.5
1425310 1350.9
1425320 1350.9
1425330 1351.8
1425340 1353.5
1425350 1353.5
1425360 1355.8
1425370 1358.8
1425380 1358.8
1425390 1359.3
1425400 1359.2
1425410 1359.0
1425420 1359.0
1425430 1359.7
1425440 1360.4
1425450 1360.4
1425460 1360.8
1425470 1362.9
1425480 1362.9
1425490 1366.9
1425500 1368.3
1425510 1368.3
1425520 1367.8
1425530 1365.3
1425540 1365.3
1425550 1362.3
1425560 1359.6
1425570 1359.6
1425580 1358.6
1425590 1358.0
1425600 1357.6
1425610 1357.6
1425620 1357.8
1425630 1357.6
1425640 1357.6
1425650 1357.8
1425660 1356.6
1425670 1356.6
1425680 1355.1
1425690 1353.4
1425700 1353.4
1425710 1351.0
1425720 1347.1
1425730 1347.1
1425740 1342.8
1425750 1336.9
1425760 1329.9
1425770 1329.9
1425780 1323.5
1425790 1319.7
1425800 1319.7
1425810 1316.3
1425820 1312.9
1425830 1312.9
1425840 1309.3
1425850 1305.4
1425860 1305.4
1425870 1302.5
1425880 1300.4
1425890 1300.4
1425900 1298.6
1425910 1297.1
1425920 1297.1
1425930 1294.8
1425940 1292.1
1425950 1289.2
1425960 1289.2
1425970 1284.6
1425980 1279.3
1425990 1279.3
1426000 1275.4
1426010 1272.9
1426020 1272.9
1426030 1269.8
1426040 1267.5
1426050 1267.5
1426060 1266.2
1426070 1264.4
1426080 1264.4
1426090 1262.5
1426100 1260.1
1426110 1260.1
1426120 1256.6
1426130 1252.2
1426140 1248.0
1426150 1248.0
1426160 1245.0
1426170 1242.6
1426180 1242.6
1426190 1240.5
1426200 1238.5
1426210 1238.5
1426220 1236.5
1426230 1233.6
1426240 1233.6
1426250 1230.3
1426260 1228.3
1426270 1228.3
1426280 1225.9
1426290 1222.6
1426300 1218.4
1426310 1218.4
1426320 1213.8
1426330 1209.7
1426340 1209.7
1426350 1209.9
1426360 1211.4
1426370 1211.4
1426380 1211.3
1426390 1208.9
1426400 1208.9
1426410 1206.1
1426420 1203.3
1426430 1203.3
1426440 1200.0
1426450 1196.0
1426460 1196.0
1426470 1192.7
1426480 1188.7
1426490 1179.6
1426500 1179.6
1426510 1166.3
1426520 1158.9
1426530 1158.9
1426540 1162.5
1426550 1162.4
1426560 1162.4
1426570 1162.0
1426580 1164.6
1426590 1164.6
1426600 1168.4
1426610 1170.9
1426620 1170.9
1426630 1168.3
1426640 1165.2
1426650 1162.2
1426660 1162.2
1426670 1159.8
1426680 1159.2
1426690 1159.2
1426700 1161.0
1426710 1163.2
1426720 1163.2
1426730 1165.2
1426740 1165.1
1426750 1165.1
1426760 1161.7
1426770 1157.2
1426780 1157.2
1426790 1151.6
1426800 1147.3
1426810 1147.3
1426820 1148.1
1426830 1147.9
1426840 1146.4
1426850 1146.4
1426860 1144.7
1426870 1142.3
1426880 1142.3
1426890 1140.1
1426900 1137.6
1426910 1137.6
1426920 1135.0
1426930 1132.9
1426940 1132.9
1426950 1130.4
1426960 1129.6
1426970 1129.6
1426980 1128.8
1426990 1126.9
1427000 1125.4
1427010 1125.4
1427020 1123.9
1427030 1121.7
1427040 1128.6
1427050 1124.7
1427060 1123.0
1427070 1123.0
1427080 1121.7
1427090 1118.9
1427100 1118.9
1427110 1114.3
1427120 1111.2
1427130 1111.2
1427140 1109.8
1427150 1109.5
1427160 1109.5
1427170 1107.6
1427180 1107.0
1427190 1105.1
1427200 1105.1
1427210 1103.7
1427220 1101.7
1427230 1101.7
1427240 1099.3
1427250 1096.5
1427260 1096.5
1427270 1094.1
1427280 1091.5
1427290 1091.5
1427300 1088.8
1427310 1086.2
1427320 1086.2
1427330 1083.6
1427340 1081.0
1427350 1078.1
1427360 1078.1
1427370 1075.4
1427380 1072.9
1427390 1072.9
1427400 1071.2
1427410 1069.8
1427420 1069.8
1427430 1068.3
1427440 1066.8
1427450 1066.8
1427460 1065.5
1427470 1064.3
1427480 1064.3
1427490 1062.9
1427500 1062.2
1427510 1062.2
1427520 1061.7
1427530 1059.7
1427540 1056.2
1427550 1056.2
1427560 1052.4
1427570 1049.5
1427580 1049.5
1427590 1047.7
1427600 1048.0
1427610 1048.0
1427620 1044.7
1427630 1039.6
1427640 1039.6
1427650 1036.8
1427660 1035.0
1427670 1035.0
1427680 1032.5
1427690 1029.8
1427700 1027.2
1427710 1027.2
1427720 1025.5
1427730 1024.0
1427740 1024.0
1427750 1022.2
1427760 1020.4
1427770 1020.4
1427780 1018.7
1427790 1016.3
1427800 1016.3
1427810 1013.6
1427820 1011.5
1427830 1011.5
1427840 1010.3
1427850 1008.9
1427860 1008.9
1427870 1006.5
1427880 1004.1
1427890 1002.4
1427900 1002.4
1427910 1001.1
1427920 1000.0
1427930 1000.0
1427940 998.7
1427950 996.7
1427960 996.7
1427970 995.3
1427980 993.4
1427990 993.4
1428000 991.2
1428010 991.7
1428020 991.7
1428030 992.2
1428040 993.4
1428050 994.7
1428060 994.7
1428070 994.3
1428080 991.6
1428090 991.6
1428100 991.5
1428110 988.5
1428120 988.5
1428130 986.0
1428140 984.4
1428150 984.4
1428160 982.4
1428170 979.9
1428180 979.9
1428190 976.1
1428200 970.3
1428210 970.3
1428220 963.2
1428230 956.5
1428240 957.2
1428250 957.2
1428260 954.7
1428270 951.5
1428280 951.5
1428290 949.2
1428300 945.1
1428310 945.1
1428320 938.8
1428330 929.1
1428340 929.1
1428350 917.5
1428360 895.7
1428370 895.7
1428380 883.4
1428390 879.7
1428400 875.2
1428410 875.2
1428420 869.9
1428430 862.2
1428440 862.2
1428450 852.8
1428460 843.9
1428470 843.9
1428480 842.2
1428490 840.1
1428500 840.1
1428510 832.0
1428520 827.7
1428530 827.7
1428540 829.1
1428550 834.4
1428560 834.4
1428570 837.1
1428580 837.6
1428590 838.4
1428600 838.4
1428610 840.8
1428620 846.7
1428630 846.7
1428640 851.9
1428650 852.4
1428660 852.4
1428670 851.9
1428680 852.2
1428690 852.2
1428700 854.3
1428710 855.4
1428720 855.4
1428730 853.1
1428740 851.0
1428750 850.5
1428760 850.5
1428770 849.7
1428780 848.9
1428790 848.9
1428800 848.3
1428810 848.0
1428820 848.0
1428830 847.3
1428840 847.0
1428850 847.0
1428860 846.2
1428870 846.0
1428880 846.0
1428890 846.5
1428900 846.7
1428910 846.7
1428920 847.2
1428930 847.2
1428940 848.5
1428950 848.5
1428960 848.6
1428970 846.8
1428980 846.8
1428990 845.1
1429000 843.2
1429010 843.2
1429020 841.1
1429030 838.2
1429040 838.2
1429050 836.1
1429060 836.1
1429070 836.1
1429080 835.3
1429090 833.4
1429100 831.3
1429110 831.3
1429120 827.8
1429130 824.9
1429140 824.9
1429150 823.3
1429160 821.4
1429170 821.4
1429180 819.6
1429190 817.2
1429200 817.2
1429210 814.8
1429220 810.8
1429230 810.8
1429240 805.6
1429250 802.4
1429260 802.4
1429270 801.5
1429280 802.7
1429290 799.7
1429300 799.7
1429310 796.2
1429320 792.6
1429330 792.6
1429340 788.8
1429350 785.6
1429360 785.6
1429370 783.3
1429380 780.7
1429390 780.7
1429400 777.4
1429410 774.4
1429420 774.4
1429430 771.9
1429440 769.5
1429450 767.6
1429460 767.6
1429470 767.0
1429480 766.6
1429490 766.6
1429500 765.8
1429510 763.5
1429520 763.5
1429530 759.1
1429540 754.8
1429550 754.8
1429560 752.1
1429570 749.1
1429580 749.1
1429590 744.7
1429600 740.3
1429610 740.3
1429620 737.5
1429630 734.8
1429640 729.0
1429650 729.0
1429660 720.6
1429670 715.9
1429680 715.9
1429690 712.7
1429700 711.6
1429710 711.6
1429720 712.1
1429730 707.3
1429740 707.3
1429750 699.2
1429760 693.0
1429770 693.0
1429780 689.0
1429790 687.3
1429800 686.6
1429810 686.6
1429820 685.7
1429830 685.3
1429840 685.3
1429850 684.6
1429860 683.7
1429870 683.7
1429880 682.5
1429890 679.8
1429900 679.8
1429910 677.3
1429920 675.8
1429930 675.8
1429940 676.1
1429950 676.1
1429960 676.1
1429970 675.6
1429980 675.3
1429990 674.7
1430000 674.7
1430010 673.8
1430020 672.6
1430030 672.6
1430040 672.8
1430050 672.7
1430060 672.7
1430070 672.4
1430080 671.7
1430090 671.7
1430100 670.8
1430110 670.0
1430120 670.0
1430130 669.1
1430140 668.4
1430150 667.6
1430160 667.6
1430170 666.7
1430180 666.2
1430190 666.2
1430200 665.6
1430210 665.3
1430220 665.3
1430230 664.8
1430240 664.4
1430250 664.4
1430260 663.7
1430270 663.1
1430280 663.1
1430290 662.4
1430300 661.6
1430310 661.6
1430320 660.8
1430330 660.3
1430340 659.7
1430350 659.7
1430360 659.1
1430370 658.9
1430380 658.9
1430390 658.9
1430400 658.3
1430410 658.3
1430420 657.5
1430430 657.0
1430440 657.0
1430450 656.4
1430460 655.9
1430470 655.9
1430480 655.3
1430490 654.6
1430500 653.8
1430510 653.8
1430520 653.1
1430530 652.4
1430540 652.4
1430550 651.7
1430560 651.0
1430570 651.0
1430580 650.3
1430590 649.6
1430600 649.6
1430610 648.9
1430620 648.2
1430630 648.2
1430640 647.5
1430650 646.9
1430660 646.9
1430670 646.4
1430680 645.9
1430690 645.5
1430700 645.5
1430710 645.1
1430720 644.7
1430730 644.7
1430740 644.3
1430750 643.9
1430760 643.9
1430770 643.5
1430780 643.1
1430790 643.1
1430800 642.7
1430810 642.6
1430820 642.6
1430830 642.5
1430840 642.5
1430850 642.5
1430860 642.4
1430870 642.4
1430880 642.3
1430890 642.3
1430900 642.3
1430910 642.4
1430920 642.4
1430930 642.5
1430940 642.6
1430950 642.6
1430960 642.6
1430970 642.6
1430980 642.6
1430990 642.7
1431000 642.8
1431010 642.8
1431020 642.9
1431030 643.2
1431040 643.2
1431050 643.2
1431060 643.0
1431070 642.9
1431080 642.9
1431090 642.8
1431100 642.8
1431110 642.8
1431120 642.8
1431130 642.8
1431140 642.8
1431150 643.0
1431160 643.1
1431170 643.1
1431180 643.0
1431190 643.1
1431200 643.1
1431210 643.0
1431220 643.0
1431230 643.1
1431240 643.1
1431250 643.3
1431260 643.2
1431270 643.2
1431280 643.3
1431290 643.3
1431300 643.3
1431310 643.1
1431320 642.9
1431330 642.9
1431340 642.9
1431350 642.5
1431360 642.5
1431370 641.5
1431380 642.1
1431390 642.5
1431400 642.5
1431410 642.6
1431420 642.7
1431430 642.7
1431440 642.8
1431450 642.9
1431460 642.9
1431470 642.9
1431480 642.8
1431490 642.8
1431500 642.8
1431510 642.8
1431520 642.8
1431530 642.8
1431540 642.7
1431550 642.7
1431560 642.7
1431570 642.8
1431580 642.9
1431590 642.9
1431600 642.7
1431610 642.7
1431620 642.7
1431630 642.7
1431640 642.7
1431650 642.7
1431660 642.7
1431670 642.7
1431680 642.7
1431690 642.6
1431700 642.7
1431710 642.7
1431720 643.4
1431730 643.3
1431740 642.9
1431750 642.9
1431760 643.1
1431770 642.9
1431780 642.9
1431790 642.9
1431800 642.8
1431810 642.8
1431820 643.1
1431830 643.2
1431840 643.2
1431850 642.9
1431860 642.8
1431870 642.8
1431880 642.9
1431890 642.6
1431900 642.6
1431910 642.5
1431920 642.3
1431930 642.2
1431940 642.2
1431950 642.3
1431960 642.4
1431970 642.4
1431980 642.3
1431990 642.3
1432000 642.3
1432010 642.4
1432020 642.4
1432030 642.4
1432040 642.4
1432050 642.2
1432060 642.2
1432070 642.0
1432080 642.0
1432090 641.9
1432100 641.9
1432110 641.9
1432120 641.9
1432130 641.9
1432140 641.9
1432150 641.9
1432160 641.9
1432170 641.9
1432180 641.9
1432190 641.9
1432200 641.8
1432210 641.8
1432220 641.8
1432230 641.8
1432240 641.8
1432250 641.8
1432260 641.7
1432270 641.7
1432280 641.7
1432290 641.7
1432300 641.7
1432310 641.7
1432320 641.7
1432330 641.7
1432340 641.8
1432350 641.8
1432360 642.0
1432370 642.1
1432380 642.1
1432390 642.2
1432400 642.2
1432410 642.2
1432420 642.2
1432430 641.8
1432440 641.4
1432450 641.4
1432460 641.9
1432470 642.6
1432480 642.6
1432490 642.6
1432500 642.5
1432510 642.5
1432520 642.7
1432530 642.8
1432540 642.8
1432550 642.5
1432560 642.3
1432570 642.3
1432580 642.3
1432590 642.5
1432600 642.5
1432610 643.5
1432620 644.8
1432630 644.1
1432640 644.1
1432650 642.5
1432660 641.1
1432670 641.1
1432680 640.4
1432690 640.3
1432700 640.3
1432710 640.2
1432720 640.2
1432730 640.2
1432740 640.2
1432750 640.6
1432760 640.6
1432770 642.2
1432780 644.1
1432790 644.4
1432800 644.4
1432810 643.9
1432820 642.4
1432830 642.4
1432840 640.7
1432850 640.1
1432860 640.1
1432870 639.8
1432880 639.6
1432890 639.6
1432900 639.5
1432910 639.6
1432920 639.6
1432930 639.6
1432940 639.6
1432950 639.6
1432960 639.6
1432970 639.6
1432980 639.6
1432990 639.6
1433000 639.6
1433010 639.5
1433020 639.5
1433030 639.4
1433040 639.3
1433050 639.3
1433060 639.2
1433070 639.1
1433080 639.1
1433090 639.1
1433100 639.1
1433110 639.1
1433120 639.1
1433130 639.0
1433140 639.0
1433150 639.0
1433160 639.0
1433170 638.8
1433180 638.8
1433190 638.9
1433200 638.8
1433210 638.8
1433220 639.0
1433230 639.4
1433240 639.4
1433250 639.2
1433260 639.5
1433270 639.5
1433280 638.9
1433290 638.4
1433300 638.4
1433310 638.4
1433320 638.4
1433330 638.4
1433340 638.4
1433350 638.5
1433360 638.5
1433370 638.5
1433380 638.5
1433390 638.5
1433400 638.5
1433410 638.5
1433420 638.5
1433430 638.5
1433440 638.5
1433450 638.4
1433460 638.4
1433470 638.4
1433480 638.4
1433490 638.3
1433500 638.3
1433510 638.3
1433520 638.2
1433530 638.2
1433540 638.2
1433550 638.1
1433560 638.1
1433570 638.2
1433580 638.2
1433590 638.2
1433600 638.2
1433610 638.2
1433620 638.2
1433630 638.1
1433640 637.9
1433650 637.9
1433660 638.0
1433670 638.1
1433680 638.1
1433690 638.1
1433700 638.0
1433710 637.9
1433720 637.9
1433730 637.9
1433740 637.9
1433750 637.9
1433760 637.9
1433770 637.8
1433780 637.8
1433790 637.8
1433800 637.8
1433810 637.8
1433820 637.7
1433830 637.7
1433840 637.7
1433850 637.7
1433860 637.6
1433870 637.6
1433880 637.6
1433890 637.5
1433900 637.3
1433910 637.3
1433920 637.2
1433930 637.1
1433940 637.1
1433950 637.1
1433960 637.1
1433970 637.1
1433980 637.1
1433990 637.1
1434000 637.1
1434010 637.1
1434020 637.0
1434030 637.0
1434040 637.0
1434050 636.9
1434060 636.9
1434070 636.9
1434080 636.9
1434090 636.8
1434100 636.8
1434110 636.8
1434120 636.8
1434130 636.8
1434140 636.9
1434150 636.9
1434160 636.9
1434170 636.7
1434180 635.7
1434190 635.9
1434200 635.9
1434210 636.7
1434220 636.9
1434230 636.9
1434240 636.8
1434250 636.8
1434260 636.8
1434270 636.7
1434280 636.7
1434290 636.7
1434300 636.7
1434310 636.1
1434320 636.1
1434330 636.6
1434340 636.6
1434350 636.6
1434360 636.6
1434370 636.6
1434380 636.3
1434390 636.3
1434400 636.4
1434410 636.3
1434420 636.3
1434430 636.3
1434440 636.4
1434450 636.4
1434460 636.3
1434470 636.3
1434480 636.3
1434490 636.2
1434500 636.1
1434510 636.1
1434520 636.1
1434530 636.1
1434540 635.9
1434550 635.9
1434560 635.9
1434570 635.9
1434580 635.9
1434590 636.0
1434600 636.1
1434610 636.1
1434620 636.1
1434630 635.9
1434640 635.9
1434650 635.8
1434660 635.8
1434670 635.8
1434680 635.8
1434690 635.6
1434700 635.6
1434710 635.8
1434720 635.8
1434730 635.8
1434740 635.8
1434750 635.7
1434760 635.6
1434770 635.6
1434780 635.6
1434790 635.6
1434800 635.6
1434810 635.6
1434820 635.6
1434830 635.6
1434840 635.5
1434850 635.4
1434860 635.4
1434870 635.4
1434880 635.4
1434890 635.4
1434900 635.4
1434910 635.4
1434920 635.3
1434930 635.3
1434940 635.3
1434950 635.2
1434960 635.2
1434970 635.1
1434980 635.1
1434990 635.1
1435000 635.0
1435010 635.0
1435020 635.0
1435030 635.0
1435040 635.1
1435050 635.1
1435060 635.2
1435070 635.2
1435080 635.1
1435090 635.1
1435100 635.1
1435110 635.1
1435120 635.1
1435130 635.1
1435140 635.2
1435150 635.2
1435160 635.4
1435170 635.5
1435180 635.5
1435190 635.3
1435200 635.3
1435210 635.3
1435220 635.3
1435230 635.5
1435240 635.5
1435250 635.8
1435260 636.0
1435270 636.2
1435280 636.2
1435290 636.5
1435300 636.8
1435310 636.8
1435320 637.2
1435330 637.5
1435340 637.5
1435350 638.0
1435360 638.9
1435370 638.9
1435380 639.9
1435390 641.1
1435400 641.1
1435410 642.2
1435420 642.8
1435430 643.0
1435440 643.0
1435450 643.7
1435460 644.8
1435470 644.8
1435480 645.6
1435490 647.5
1435500 647.5
1435510 650.2
1435520 651.1
1435530 651.1
1435540 652.0
1435550 653.0
1435560 653.0
1435570 654.1
1435580 655.4
1435590 655.4
1435600 657.1
1435610 658.2
1435620 659.6
1435630 659.6
1435640 661.4
1435650 663.1
1435660 663.1
1435670 664.3
1435680 665.6
1435690 665.6
1435700 668.0
1435710 669.1
1435720 669.1
1435730 667.5
1435740 668.6
1435750 668.6
1435760 670.7
1435770 671.4
1435780 671.7
1435790 671.7
1435800 671.2
1435810 671.7
1435820 671.7
1435830 670.9
1435840 671.2
1435850 671.2
1435860 671.1
1435870 670.7
1435880 670.7
1435890 670.0
1435900 671.4
1435910 671.4
1435920 675.4
1435930 680.3
1435940 680.3
1435950 685.6
1435960 692.1
1435970 699.7
1435980 699.7
1435990 706.7
1436000 711.1
1436010 711.1
1436020 714.2
1436030 715.5
1436040 715.5
1436050 717.0
1436060 719.8
1436070 719.8
1436080 723.7
1436090 728.6
1436100 728.6
1436110 733.2
1436120 738.3
1436130 744.5
1436140 744.5
1436150 748.8
1436160 752.1
1436170 752.1
1436180 754.0
1436190 756.1
1436200 756.1
1436210 758.2
1436220 762.7
1436230 762.7
1436240 768.5
1436250 774.5
1436260 774.5
1436270 779.9
1436280 786.3
1436290 786.3
1436300 781.8
1436310 772.5
1436320 766.8
1436330 766.8
1436340 766.6
1436350 773.9
1436360 773.9
1436370 786.5
1436380 798.1
1436390 798.1
1436400 808.4
1436410 819.4
1436420 819.4
1436430 834.0
1436440 846.2
1436450 846.2
1436460 852.9
1436470 857.8
1436480 861.1
1436490 861.1
1436500 864.7
1436510 870.1
1436520 870.1
1436530 875.4
1436540 879.8
1436550 879.8
1436560 879.0
1436570 876.0
1436580 876.0
1436590 875.1
1436600 875.8
1436610 861.4
1436620 860.7
1436630 858.5
1436640 858.5
1436650 852.0
1436660 849.7
1436670 856.6
1436680 856.6
1436690 870.5
1436700 880.9
1436710 880.9
1436720 894.2
1436730 905.5
1436740 905.5
1436750 920.7
1436760 937.5
1436770 937.5
1436780 946.1
1436790 953.3
1436800 953.3
1436810 959.1
1436820 961.1
1436830 962.5
1436840 962.5
1436850 964.9
1436860 967.4
1436870 967.4
1436880 969.8
1436890 971.4
1436900 971.4
1436910 972.7
1436920 974.7
1436930 974.7
1436940 976.6
1436950 977.9
1436960 977.9
1436970 979.1
1436980 980.1
1436990 980.1
1437000 980.4
1437010 980.7
1437020 981.4
1437030 981.4
1437040 982.6
1437050 984.3
1437060 984.3
1437070 986.1
1437080 988.0
1437090 988.0
1437100 990.0
1437110 992.5
1437120 992.5
1437130 995.5
1437140 998.0
1437150 998.0
1437160 1000.8
1437170 1003.8
1437180 1006.5
1437190 1006.5
1437200 1009.6
1437210 1012.9
1437220 1012.9
1437230 1015.3
1437240 1018.5
1437250 1018.5
1437260 1023.4
1437270 1030.7
1437280 1030.7
1437290 1037.4
1437300 1041.6
1437310 1041.6
1437320 1044.6
1437330 1043.1
1437340 1043.1
1437350 1036.8
1437360 1031.4
1437370 1028.5
1437380 1028.5
1437390 1026.9
1437400 1026.3
1437410 1026.3
1437420 1025.4
1437430 1025.6
1437440 1025.6
1437450 1026.9
1437460 1028.4
1437470 1028.4
1437480 1031.2
1437490 1033.0
1437500 1033.0
1437510 1030.6
1437520 1026.1
1437530 1019.9
1437540 1019.9
1437550 1012.8
1437560 1006.8
1437570 1006.8
1437580 1000.9
1437590 994.4
1437600 994.4
1437610 988.0
1437620 982.5
1437630 982.5
1437640 977.5
1437650 973.9
1437660 973.9
1437670 970.8
1437680 968.2
1437690 968.2
1437700 966.2
1437710 965.7
1437720 966.8
1437730 966.8
1437740 968.1
1437750 967.9
1437760 967.9
1437770 965.3
1437780 963.5
1437790 963.5
1437800 961.3
1437810 958.9
1437820 958.9
1437830 954.7
1437840 951.2
1437850 951.2
1437860 947.2
1437870 947.1
1437880 953.6
1437890 953.6
1437900 958.3
1437910 967.3
1437920 967.3
1437930 978.0
1437940 988.8
1437950 988.8
1437960 1001.2
1437970 1014.4
1437980 1014.4
1437990 1026.6
1438000 1041.6
1438010 1041.6
1438020 1055.1
1438030 1064.7
1438040 1064.7
1438050 1073.9
1438060 1081.9
1438070 1087.3
1438080 1087.3
1438090 1090.1
1438100 1093.2
1438110 1093.2
1438120 1096.5
1438130 1100.1
1438140 1100.1
1438150 1102.8
1438160 1103.9
1438170 1103.9
1438180 1104.3
1438190 1104.7
1438200 1104.7
1438210 1105.7
1438220 1107.1
1438230 1109.6
1438240 1109.6
1438250 1113.5
1438260 1117.5
1438270 1117.5
1438280 1121.9
1438290 1126.3
1438300 1126.3
1438310 1131.6
1438320 1136.6
1438330 1136.6
1438340 1141.8
1438350 1147.1
1438360 1147.1
1438370 1152.4
1438380 1157.4
1438390 1157.4
1438400 1162.0
1438410 1165.2
1438420 1170.1
1438430 1170.1
1438440 1174.2
1438450 1178.6
1438460 1178.6
1438470 1183.9
1438480 1189.4
1438490 1189.4
1438500 1194.6
1438510 1199.5
1438520 1199.5
1438530 1203.9
1438540 1208.1
1438550 1208.1
1438560 1212.5
1438570 1216.7
1438580 1220.4
1438590 1220.4
1438600 1223.8
1438610 1226.9
1438620 1226.9
1438630 1229.4
1438640 1231.8
1438650 1231.8
1438660 1233.7
1438670 1235.3
1438680 1235.3
1438690 1236.9
1438700 1239.7
1438710 1239.7
1438720 1244.2
1438730 1248.3
1438740 1248.3
1438750 1251.3
1438760 1253.7
1438770 1256.5
1438780 1256.5
1438790 1257.4
1438800 1259.0
1438810 1259.0
1438820 1261.2
1438830 1263.3
1438840 1263.3
1438850 1266.4
1438860 1271.0
1438870 1271.0
1438880 1275.9
1438890 1281.1
1438900 1281.1
1438910 1286.7
1438920 1292.0
1438930 1297.9
1438940 1297.9
1438950 1304.3
1438960 1310.0
1438970 1310.0
1438980 1315.3
1438990 1320.2
1439000 1320.2
1439010 1325.5
1439020 1331.5
1439030 1331.5
1439040 1337.8
1439050 1344.1
1439060 1344.1
1439070 1350.8
1439080 1357.6
1439090 1357.6
1439100 1364.2
1439110 1370.8
1439120 1378.8
1439130 1378.8
1439140 1385.6
1439150 1392.7
1439160 1392.7
1439170 1397.2
1439180 1399.9
1439190 1399.9
1439200 1402.0
1439210 1404.3
1439220 1404.3
1439230 1406.7
1439240 1407.9
1439250 1407.9
1439260 1409.4
1439270 1410.6
1439280 1412.1
1439290 1412.1
1439300 1413.0
1439310 1413.4
1439320 1413.8
1439330 1414.5
1439340 1415.4
1439350 1415.4
1439360 1416.8
1439370 1418.4
1439380 1418.4
1439390 1419.8
1439400 1421.9
1439410 1421.9
1439420 1424.1
1439430 1426.6
1439440 1426.6
1439450 1429.5
1439460 1432.5
1439470 1435.6
1439480 1435.6
1439490 1438.9
1439500 1443.4
1439510 1443.4
1439520 1447.5
1439530 1451.3
1439540 1451.3
1439550 1454.8
1439560 1457.9
1439570 1457.9
1439580 1460.6
1439590 1463.1
1439600 1463.1
1439610 1465.7
1439620 1469.1
1439630 1472.9
1439640 1472.9
1439650 1477.3
1439660 1481.8
1439670 1481.8
1439680 1486.0
1439690 1489.6
1439700 1489.6
1439710 1492.0
1439720 1495.0
1439730 1495.0
1439740 1498.1
1439750 1501.5
1439760 1501.5
1439770 1505.8
1439780 1510.2
1439790 1510.2
1439800 1516.9
1439810 1528.1
1439820 1530.8
1439830 1530.8
1439840 1539.6
1439850 1552.4
1439860 1552.4
1439870 1556.4
1439880 1558.3
1439890 1558.3
1439900 1563.2
1439910 1565.4
1439920 1565.4
1439930 1570.0
1439940 1566.9
1439950 1566.9
1439960 1572.1
1439970 1578.3
1439980 1578.3
1439990 1584.2
