1420000 1048.0
1420010 1048.0
1420020 1047.2
1420030 1047.7
1420040 1047.7
1420050 1046.1
1420060 1038.9
1420070 1038.9
1420080 1026.1
1420090 1020.0
1420100 1020.0
1420110 1012.3
1420120 1000.8
1420130 990.9
1420140 990.9
1420150 980.9
1420160 974.6
1420170 974.6
1420180 968.2
1420190 965.8
1420200 965.8
1420210 971.8
1420220 979.2
1420230 979.2
1420240 985.4
1420250 991.2
1420260 991.2
1420270 995.8
1420280 999.6
1420290 1003.7
1420300 1003.7
1420310 1008.7
1420320 1013.0
1420330 1013.0
1420340 1018.2
1420350 1023.1
1420360 1023.1
1420370 1029.1
1420380 1044.4
1420390 1044.4
1420400 1052.6
1420410 1060.6
1420420 1060.6
1420430 1075.9
1420440 1086.4
1420450 1086.4
1420460 1092.7
1420470 1085.5
1420480 1093.7
1420490 1093.7
1420500 1096.9
1420510 1102.9
1420520 1102.9
1420530 1110.3
1420540 1117.7
1420550 1117.7
1420560 1125.4
1420570 1131.6
1420580 1131.6
1420590 1137.6
1420600 1144.5
1420610 1144.5
1420620 1150.0
1420630 1154.7
1420640 1154.7
1420650 1159.3
1420660 1163.7
1420670 1168.0
1420680 1168.0
1420690 1171.9
1420700 1171.9
1420710 1171.9
1420720 1177.5
1420730 1183.0
1420740 1183.0
1420750 1186.0
1420760 1188.7
1420770 1188.7
1420780 1192.9
1420790 1197.1
1420800 1197.1
1420810 1201.4
1420820 1206.9
1420830 1212.3
1420840 1212.3
1420850 1217.7
1420860 1223.2
1420870 1223.2
1420880 1228.8
1420890 1234.4
1420900 1234.4
1420910 1238.7
1420920 1237.9
1420930 1237.9
1420940 1239.6
1420950 1244.5
1420960 1244.5
1420970 1247.4
1420980 1247.4
1420990 1247.4
1421000 1248.8
1421010 1252.2
1421020 1254.2
1421030 1254.2
1421040 1257.3
1421050 1261.4
1421060 1261.4
1421070 1265.6
1421080 1269.6
1421090 1269.6
1421100 1272.6
1421110 1274.9
1421120 1274.9
1421130 1277.2
1421140 1279.5
1421150 1279.5
1421160 1281.2
1421170 1282.8
1421180 1284.8
1421190 1284.8
1421200 1286.5
1421210 1289.3
1421220 1289.3
1421230 1292.8
1421240 1295.7
1421250 1295.7
1421260 1298.3
1421270 1301.2
1421280 1301.2
1421290 1303.5
1421300 1305.2
1421310 1305.2
1421320 1306.7
1421330 1308.7
1421340 1308.7
1421350 1310.8
1421360 1313.7
1421370 1316.2
1421380 1316.2
1421390 1319.3
1421400 1322.5
1421410 1322.5
1421420 1325.5
1421430 1328.2
1421440 1328.2
1421450 1330.7
1421460 1332.6
1421470 1332.6
1421480 1334.5
1421490 1336.7
1421500 1336.7
1421510 1339.5
1421520 1342.5
1421530 1344.2
1421540 1344.2
1421550 1345.2
1421560 1347.3
1421570 1347.3
1421580 1350.3
1421590 1354.2
1421600 1354.2
1421610 1358.2
1421620 1361.4
1421630 1361.4
1421640 1363.6
1421650 1365.6
1421660 1365.6
1421670 1367.9
1421680 1370.7
1421690 1370.7
1421700 1373.5
1421710 1375.7
1421720 1377.5
1421730 1377.5
1421740 1378.5
1421750 1380.6
1421760 1380.6
1421770 1383.8
1421780 1388.8
1421790 1388.8
1421800 1393.1
1421810 1395.8
1421820 1395.8
1421830 1399.0
1421840 1403.2
1421850 1403.2
1421860 1407.3
1421870 1411.3
1421880 1414.8
1421890 1414.8
1421900 1418.5
1421910 1422.4
1421920 1422.4
1421930 1426.3
1421940 1430.1
1421950 1430.1
1421960 1433.9
1421970 1437.6
1421980 1437.6
1421990 1441.1
1422000 1444.6
1422010 1444.6
1422020 1448.0
1422030 1451.3
1422040 1451.3
1422050 1454.4
1422060 1457.4
1422070 1460.5
1422080 1460.5
1422090 1463.6
1422100 1466.6
1422110 1466.6
1422120 1469.6
1422130 1472.7
1422140 1472.7
1422150 1475.7
1422160 1478.6
1422170 1478.6
1422180 1481.5
1422190 1484.2
1422200 1484.2
1422210 1487.1
1422220 1490.1
1422230 1493.3
1422240 1493.3
1422250 1496.6
1422260 1500.0
1422270 1500.0
1422280 1503.2
1422290 1506.0
1422300 1506.0
1422310 1508.4
1422320 1510.4
1422330 1510.4
1422340 1511.9
1422350 1512.9
1422360 1512.9
1422370 1513.7
1422380 1514.4
1422390 1514.4
1422400 1515.2
1422410 1516.8
1422420 1521.2
1422430 1521.2
1422440 1527.8
1422450 1532.1
1422460 1532.1
1422470 1532.5
1422480 1536.2
1422490 1536.2
1422500 1539.7
1422510 1541.9
1422520 1541.9
1422530 1543.0
1422540 1543.9
1422550 1543.9
1422560 1544.6
1422570 1545.3
1422580 1545.3
1422590 1545.3
1422600 1545.2
1422610 1546.5
1422620 1546.5
1422630 1547.1
1422640 1546.8
1422650 1546.8
1422660 1544.7
1422670 1543.7
1422680 1543.7
1422690 1546.8
1422700 1552.2
1422710 1552.2
1422720 1555.6
1422730 1558.3
1422740 1558.3
1422750 1561.3
1422760 1564.4
1422770 1567.2
1422780 1567.2
1422790 1569.8
1422800 1572.2
1422810 1572.2
1422820 1573.0
1422830 1575.3
1422840 1575.3
1422850 1579.4
1422860 1582.8
1422870 1582.8
1422880 1586.6
1422890 1590.4
1422900 1590.4
1422910 1593.7
1422920 1596.9
1422930 1599.5
1422940 1599.5
1422950 1601.1
1422960 1601.7
1422970 1601.7
1422980 1600.9
1422990 1599.4
1423000 1599.4
1423010 1598.6
1423020 1598.5
1423030 1598.5
1423040 1598.4
1423050 1598.5
1423060 1598.5
1423070 1598.3
1423080 1597.0
1423090 1597.0
1423100 1594.6
1423110 1593.7
1423120 1593.0
1423130 1593.0
1423140 1591.1
1423150 1589.6
1423160 1589.6
1423170 1588.2
1423180 1586.7
1423190 1586.7
1423200 1585.2
1423210 1584.4
1423220 1584.4
1423230 1583.5
1423240 1583.1
1423250 1583.1
1423260 1582.1
1423270 1581.0
1423280 1579.7
1423290 1579.7
1423300 1578.5
1423310 1577.6
1423320 1577.6
1423330 1576.9
1423340 1576.4
1423350 1576.4
1423360 1575.8
1423370 1574.9
1423380 1574.9
1423390 1573.5
1423400 1571.5
1423410 1571.5
1423420 1568.9
1423430 1565.7
1423440 1565.7
1423450 1561.9
1423460 1557.7
1423470 1553.5
1423480 1553.5
1423490 1549.3
1423500 1545.6
1423510 1545.6
1423520 1542.6
1423530 1540.1
1423540 1540.1
1423550 1537.8
1423560 1535.2
1423570 1535.2
1423580 1532.7
1423590 1530.8
1423600 1530.8
1423610 1529.0
1423620 1526.7
1423630 1524.3
1423640 1524.3
1423650 1521.5
1423660 1518.5
1423670 1518.5
1423680 1514.5
1423690 1510.7
1423700 1510.7
1423710 1507.7
1423720 1505.2
1423730 1505.2
1423740 1502.3
1423750 1499.5
1423760 1499.5
1423770 1495.9
1423780 1492.4
1423790 1492.4
1423800 1489.6
1423810 1486.5
1423820 1483.3
1423830 1483.3
1423840 1479.6
1423850 1475.9
1423860 1475.9
1423870 1473.1
1423880 1470.0
1423890 1470.0
1423900 1466.9
1423910 1462.9
1423920 1462.9
1423930 1458.0
1423940 1453.1
1423950 1453.1
1423960 1448.3
1423970 1444.9
1423980 1441.8
1423990 1441.8
1424000 1439.1
1424010 1435.7
1424020 1435.7
1424030 1429.6
1424040 1423.0
1424050 1423.0
1424060 1417.6
1424070 1415.5
1424080 1415.5
1424090 1415.4
1424100 1419.4
1424110 1419.4
1424120 1424.1
1424130 1423.1
1424140 1423.1
1424150 1421.9
1424160 1424.3
1424170 1425.5
1424180 1425.5
1424190 1425.9
1424200 1425.6
1424210 1425.6
1424220 1420.5
1424230 1414.7
1424240 1414.7
1424250 1410.6
1424260 1410.5
1424270 1410.5
1424280 1410.1
1424290 1405.8
1424300 1405.8
1424310 1398.4
1424320 1391.1
1424330 1391.1
1424340 1386.0
1424350 1384.7
1424360 1384.1
1424370 1384.1
1424380 1383.1
1424390 1381.0
1424400 1381.0
1424410 1381.9
1424420 1382.9
1424430 1382.9
1424440 1383.3
1424450 1382.0
1424460 1382.0
1424470 1378.8
1424480 1377.3
1424490 1377.3
1424500 1377.2
1424510 1375.0
1424520 1373.3
1424530 1373.3
1424540 1378.5
1424550 1377.3
1424560 1377.3
1424570 1375.9
1424580 1374.0
1424590 1374.0
1424600 1370.7
1424610 1368.2
1424620 1368.2
1424630 1369.0
1424640 1370.8
1424650 1370.8
1424660 1373.5
1424670 1374.0
1424680 1374.0
1424690 1373.7
1424700 1374.2
1424710 1374.0
1424720 1374.0
1424730 1374.3
1424740 1375.0
1424750 1375.0
1424760 1374.4
1424770 1372.8
1424780 1372.8
1424790 1369.9
1424800 1366.4
1424810 1366.4
1424820 1362.7
1424830 1359.2
1424840 1359.2
1424850 1355.9
1424860 1353.4
1424870 1353.5
1424880 1353.5
1424890 1352.2
1424900 1350.7
1424910 1350.7
1424920 1348.4
1424930 1345.5
1424940 1345.5
1424950 1342.7
1424960 1340.4
1424970 1340.4
1424980 1337.5
1424990 1332.8
1425000 1332.8
1425010 1328.9
1425020 1324.6
1425030 1324.6
1425040 1319.9
1425050 1315.5
1425060 1311.9
1425070 1311.9
1425080 1310.6
1425090 1309.1
1425100 1309.1
1425110 1303.9
1425120 1299.1
1425130 1299.1
1425140 1299.4
1425150 1300.3
1425160 1300.3
1425170 1299.5
1425180 1300.3
1425190 1300.3
1425200 1303.1
1425210 1301.6
1425220 1299.4
1425230 1299.4
1425240 1301.2
1425250 1302.7
1425260 1302.7
1425270 1303.5
1425280 1304.0
1425290 1304.0
1425300 1307.9
1425310 1310.8
1425320 1310.8
1425330 1311.2
1425340 1310.4
1425350 1310.4
1425360 1308.7
1425370 1307.8
1425380 1307.8
1425390 1307.4
1425400 1307.0
1425410 1306.5
1425420 1306.5
1425430 1305.6
1425440 1305.3
1425450 1305.3
1425460 1304.8
1425470 1304.4
1425480 1304.4
1425490 1303.8
1425500 1302.1
1425510 1302.1
1425520 1300.4
1425530 1298.2
1425540 1298.2
1425550 1296.7
1425560 1295.4
1425570 1293.1
1425580 1293.1
1425590 1290.2
1425600 1287.4
1425610 1287.4
1425620 1285.3
1425630 1283.3
1425640 1283.3
1425650 1281.4
1425660 1279.4
1425670 1279.4
1425680 1277.9
1425690 1276.6
1425700 1276.6
1425710 1275.7
1425720 1274.8
1425730 1274.8
1425740 1273.0
1425750 1270.3
1425760 1267.2
1425770 1267.2
1425780 1263.7
1425790 1260.2
1425800 1260.2
1425810 1256.7
1425820 1253.0
1425830 1253.0
1425840 1249.5
1425850 1246.4
1425860 1246.4
1425870 1243.7
1425880 1242.8
1425890 1242.8
1425900 1242.3
1425910 1241.5
1425920 1240.3
1425930 1240.3
1425940 1238.2
1425950 1236.4
1425960 1236.4
1425970 1235.5
1425980 1235.0
1425990 1235.0
1426000 1233.9
1426010 1233.0
1426020 1233.0
1426030 1232.0
1426040 1230.3
1426050 1230.3
1426060 1229.1
1426070 1227.6
1426080 1227.6
1426090 1226.3
1426100 1225.2
1426110 1223.8
1426120 1223.8
1426130 1222.2
1426140 1220.8
1426150 1220.8
1426160 1219.1
1426170 1217.7
1426180 1217.7
1426190 1216.2
1426200 1214.3
1426210 1214.3
1426220 1211.9
1426230 1209.7
1426240 1209.7
1426250 1206.5
1426260 1203.5
1426270 1200.4
1426280 1200.4
1426290 1197.4
1426300 1194.6
1426310 1194.6
1426320 1191.5
1426330 1188.3
1426340 1188.3
1426350 1185.0
1426360 1181.6
1426370 1181.6
1426380 1180.2
1426390 1175.4
1426400 1175.4
1426410 1174.5
1426420 1176.4
1426430 1176.4
1426440 1176.2
1426450 1175.5
1426460 1174.4
1426470 1174.4
1426480 1172.9
1426490 1170.5
1426500 1170.5
1426510 1166.9
1426520 1162.6
1426530 1162.6
1426540 1159.1
1426550 1156.0
1426560 1156.0
1426570 1152.2
1426580 1148.1
1426590 1148.1
1426600 1144.0
1426610 1140.4
1426620 1133.4
1426630 1133.4
1426640 1123.2
1426650 1116.5
1426660 1116.5
1426670 1121.4
1426680 1135.8
1426690 1135.8
1426700 1134.5
1426710 1131.8
1426720 1131.8
1426730 1130.7
1426740 1130.2
1426750 1130.2
1426760 1129.8
1426770 1127.7
1426780 1127.7
1426790 1124.9
1426800 1122.1
1426810 1120.6
1426820 1120.6
1426830 1117.7
1426840 1114.2
1426850 1114.2
1426860 1113.2
1426870 1113.3
1426880 1113.3
1426890 1112.3
1426900 1110.3
1426910 1110.3
1426920 1107.8
1426930 1105.4
1426940 1105.4
1426950 1104.2
1426960 1105.1
1426970 1104.6
1426980 1104.6
1426990 1102.4
1427000 1100.2
1427010 1100.2
1427020 1098.9
1427030 1097.5
1427040 1097.5
1427050 1096.4
1427060 1095.2
1427070 1095.2
1427080 1093.9
1427090 1092.1
1427100 1092.1
1427110 1089.4
1427120 1088.1
1427130 1088.1
1427140 1086.2
1427150 1083.5
1427160 1080.7
1427170 1080.7
1427180 1078.0
1427190 1075.2
1427200 1075.2
1427210 1072.9
1427220 1070.5
1427230 1070.5
1427240 1068.7
1427250 1067.1
1427260 1067.1
1427270 1065.0
1427280 1063.3
1427290 1063.3
1427300 1062.6
1427310 1061.1
1427320 1058.4
1427330 1058.4
1427340 1056.3
1427350 1055.2
1427360 1055.2
1427370 1054.4
1427380 1054.0
1427390 1054.0
1427400 1053.3
1427410 1052.2
1427420 1052.2
1427430 1050.4
1427440 1049.4
1427450 1049.4
1427460 1050.5
1427470 1051.3
1427480 1051.3
1427490 1052.0
1427500 1053.4
1427510 1053.7
1427520 1053.7
1427530 1053.7
1427540 1053.9
1427550 1053.9
1427560 1053.7
1427570 1052.7
1427580 1052.7
1427590 1050.3
1427600 1047.7
1427610 1047.7
1427620 1045.2
1427630 1042.9
1427640 1042.9
1427650 1039.9
1427660 1037.1
1427670 1033.3
1427680 1033.3
1427690 1028.6
1427700 1024.3
1427710 1024.3
1427720 1020.2
1427730 1016.4
1427740 1016.4
1427750 1013.9
1427760 1011.3
1427770 1011.3
1427780 1008.4
1427790 1006.2
1427800 1006.2
1427810 1003.9
1427820 1002.0
1427830 1002.0
1427840 999.7
1427850 997.2
1427860 994.8
1427870 994.8
1427880 992.0
1427890 989.5
1427900 989.5
1427910 986.8
1427920 984.2
1427930 984.2
1427940 981.6
1427950 980.0
1427960 980.0
1427970 979.5
1427980 978.0
1427990 978.0
1428000 973.7
1428010 972.7
1428020 971.5
1428030 971.5
1428040 970.6
1428050 971.9
1428060 971.9
1428070 972.8
1428080 970.5
1428090 970.5
1428100 966.0
1428110 963.0
1428120 963.0
1428130 961.4
1428140 960.3
1428150 960.3
1428160 957.1
1428170 951.7
1428180 951.7
1428190 945.9
1428200 940.7
1428210 935.5
1428220 935.5
1428230 930.5
1428240 925.2
1428250 925.2
1428260 919.7
1428270 914.0
1428280 914.0
1428290 908.5
1428300 902.4
1428310 902.4
1428320 894.4
1428330 882.1
1428340 882.1
1428350 869.4
1428360 858.3
1428370 858.3
1428380 849.3
1428390 840.9
1428400 833.4
1428410 833.4
1428420 827.6
1428430 821.5
1428440 821.5
1428450 817.3
1428460 813.7
1428470 813.7
1428480 809.1
1428490 804.0
1428500 804.0
1428510 797.8
1428520 791.1
1428530 791.1
1428540 790.9
1428550 788.7
1428560 785.4
1428570 785.4
1428580 785.4
1428590 785.3
1428600 785.3
1428610 783.6
1428620 781.4
1428630 781.4
1428640 781.6
1428650 783.0
1428660 783.0
1428670 784.3
1428680 787.8
1428690 787.8
1428700 793.1
1428710 795.8
1428720 795.8
1428730 794.4
1428740 791.8
1428750 788.4
1428760 788.4
1428770 787.1
1428780 786.0
1428790 786.0
1428800 784.9
1428810 784.2
1428820 784.2
1428830 784.9
1428840 784.8
1428850 784.8
1428860 784.6
1428870 779.4
1428880 779.4
1428890 777.6
1428900 792.7
1428910 794.1
1428920 794.1
1428930 795.0
1428940 797.8
1428950 797.8
1428960 796.0
1428970 791.1
1428980 791.1
1428990 786.7
1429000 783.6
1429010 783.6
1429020 779.7
1429030 775.7
1429040 775.7
1429050 773.8
1429060 772.5
1429070 772.5
1429080 771.3
1429090 770.9
1429100 772.5
1429110 772.5
1429120 770.7
1429130 768.2
1429140 768.2
1429150 766.4
1429160 765.0
1429170 765.0
1429180 764.3
1429190 763.5
1429200 763.5
1429210 763.6
1429220 765.0
1429230 765.0
1429240 766.7
1429250 764.4
1429260 758.2
1429270 758.2
1429280 765.9
1429290 772.6
1429300 772.6
1429310 771.3
1429320 769.4
1429330 769.4
1429340 767.2
1429350 765.1
1429360 765.1
1429370 762.5
1429380 759.4
1429390 759.4
1429400 756.0
1429410 752.1
1429420 752.1
1429430 747.7
1429440 743.9
1429450 741.0
1429460 741.0
1429470 737.4
1429480 734.4
1429490 734.4
1429500 731.6
1429510 728.6
1429520 728.6
1429530 725.8
1429540 723.2
1429550 723.2
1429560 720.5
1429570 717.6
1429580 717.6
1429590 714.5
1429600 711.4
1429610 708.3
1429620 708.3
1429630 705.5
1429640 703.1
1429650 703.1
1429660 701.0
1429670 697.9
1429680 697.9
1429690 692.3
1429700 686.2
1429710 686.2
1429720 681.2
1429730 676.5
1429740 676.5
1429750 676.0
1429760 676.6
1429770 676.6
1429780 677.8
1429790 678.5
1429800 678.1
1429810 678.1
1429820 677.8
1429830 677.6
1429840 677.6
1429850 677.2
1429860 676.7
1429870 676.7
1429880 676.6
1429890 676.3
1429900 676.3
1429910 675.3
1429920 674.5
1429930 674.5
1429940 674.1
1429950 673.6
1429960 672.9
1429970 672.9
1429980 672.6
1429990 672.4
1430000 672.4
1430010 672.0
1430020 671.0
1430030 671.0
1430040 670.3
1430050 669.5
1430060 669.5
1430070 668.9
1430080 668.9
1430090 668.9
1430100 668.0
1430110 666.4
1430120 666.4
1430130 665.4
1430140 665.8
1430150 666.2
1430160 666.2
1430170 665.7
1430180 665.0
1430190 665.0
1430200 664.4
1430210 663.7
1430220 663.7
1430230 663.0
1430240 662.2
1430250 662.2
1430260 661.8
1430270 661.2
1430280 661.2
1430290 660.7
1430300 660.1
1430310 659.7
1430320 659.7
1430330 659.1
1430340 658.5
1430350 658.5
1430360 657.9
1430370 657.3
1430380 657.3
1430390 656.7
1430400 656.2
1430410 656.2
1430420 655.7
1430430 655.3
1430440 655.3
1430450 654.5
1430460 653.9
1430470 653.9
1430480 653.5
1430490 652.9
1430500 652.3
1430510 652.3
1430520 651.7
1430530 651.2
1430540 651.2
1430550 650.6
1430560 649.9
1430570 649.9
1430580 649.3
1430590 648.7
1430600 648.7
1430610 648.2
1430620 647.7
1430630 647.7
1430640 647.2
1430650 646.8
1430660 646.4
1430670 646.4
1430680 645.9
1430690 645.4
1430700 645.4
1430710 645.0
1430720 644.6
1430730 644.6
1430740 644.2
1430750 643.9
1430760 643.9
1430770 643.7
1430780 643.9
1430790 643.9
1430800 643.6
1430810 643.0
1430820 643.0
1430830 643.0
1430840 642.9
1430850 643.1
1430860 643.1
1430870 643.1
1430880 642.9
1430890 642.9
1430900 642.8
1430910 642.7
1430920 642.7
1430930 642.8
1430940 642.8
1430950 642.8
1430960 642.7
1430970 642.7
1430980 642.7
1430990 642.8
1431000 642.8
1431010 642.8
1431020 642.8
1431030 642.9
1431040 642.9
1431050 642.9
1431060 642.9
1431070 642.9
1431080 642.9
1431090 643.0
1431100 643.2
1431110 643.2
1431120 643.1
1431130 643.2
1431140 643.2
1431150 643.1
1431160 643.2
1431170 643.2
1431180 643.2
1431190 643.1
1431200 643.2
1431210 643.4
1431220 643.7
1431230 643.3
1431240 643.3
1431250 643.2
1431260 643.1
1431270 643.1
1431280 643.0
1431290 642.6
1431300 642.6
1431310 642.6
1431320 642.7
1431330 642.7
1431340 642.7
1431350 642.7
1431360 642.7
1431370 642.7
1431380 642.7
1431390 642.7
1431400 642.7
1431410 642.8
1431420 642.9
1431430 642.9
1431440 643.0
1431450 643.0
1431460 643.0
1431470 643.0
1431480 643.0
1431490 643.0
1431500 643.0
1431510 642.9
1431520 642.9
1431530 642.8
1431540 642.7
1431550 642.7
1431560 642.7
1431570 642.7
1431580 642.7
1431590 642.7
1431600 642.7
1431610 642.7
1431620 642.7
1431630 642.6
1431640 642.7
1431650 642.7
1431660 642.8
1431670 643.0
1431680 643.0
1431690 643.3
1431700 643.0
1431710 642.9
1431720 642.9
1431730 643.0
1431740 643.2
1431750 643.2
1431760 643.3
1431770 643.0
1431780 643.0
1431790 642.9
1431800 642.8
1431810 642.8
1431820 642.6
1431830 642.7
1431840 642.7
1431850 642.6
1431860 642.5
1431870 642.5
1431880 642.6
1431890 642.6
1431900 642.8
1431910 642.8
1431920 642.6
1431930 642.5
1431940 642.5
1431950 642.4
1431960 642.4
1431970 642.4
1431980 642.5
1431990 642.6
1432000 642.6
1432010 642.6
1432020 642.7
1432030 642.7
1432040 642.4
1432050 642.5
1432060 642.5
1432070 642.5
1432080 642.6
1432090 642.6
1432100 642.6
1432110 642.6
1432120 642.7
1432130 642.7
1432140 643.0
1432150 642.7
1432160 642.7
1432170 642.5
1432180 642.2
1432190 642.2
1432200 642.1
1432210 642.1
1432220 642.1
1432230 642.1
1432240 642.0
1432250 642.0
1432260 642.0
1432270 642.0
1432280 642.0
1432290 642.0
1432300 642.1
1432310 642.2
1432320 642.2
1432330 642.3
1432340 642.4
1432350 642.4
1432360 642.4
1432370 642.5
1432380 642.5
1432390 642.6
1432400 643.0
1432410 642.8
1432420 642.8
1432430 643.0
1432440 643.5
1432450 643.5
1432460 644.7
1432470 645.2
1432480 645.2
1432490 643.7
1432500 641.9
1432510 641.9
1432520 641.0
1432530 640.8
1432540 640.8
1432550 640.7
1432560 640.7
1432570 640.7
1432580 640.6
1432590 640.6
1432600 640.7
1432610 640.7
1432620 641.9
1432630 643.9
1432640 643.9
1432650 644.7
1432660 644.4
1432670 644.4
1432680 643.5
1432690 642.0
1432700 642.0
1432710 640.9
1432720 640.4
1432730 640.4
1432740 640.3
1432750 640.1
1432760 640.1
1432770 639.9
1432780 639.9
1432790 639.7
1432800 639.7
1432810 639.7
1432820 639.6
1432830 639.6
1432840 639.5
1432850 639.5
1432860 639.5
1432870 639.4
1432880 639.4
1432890 639.4
1432900 639.4
1432910 639.4
1432920 639.4
1432930 639.4
1432940 639.4
1432950 639.4
1432960 639.4
1432970 639.4
1432980 639.4
1432990 639.4
1433000 639.5
1433010 639.5
1433020 639.5
1433030 639.4
1433040 639.4
1433050 639.4
1433060 639.3
1433070 639.3
1433080 639.3
1433090 639.2
1433100 639.1
1433110 639.1
1433120 639.1
1433130 638.6
1433140 638.5
1433150 638.5
1433160 638.6
1433170 638.5
1433180 638.5
1433190 639.0
1433200 639.7
1433210 639.7
1433220 638.8
1433230 639.1
1433240 639.1
1433250 639.5
1433260 638.9
1433270 638.9
1433280 638.7
1433290 638.7
1433300 638.6
1433310 638.6
1433320 638.7
1433330 638.6
1433340 638.6
1433350 638.6
1433360 638.5
1433370 638.5
1433380 638.5
1433390 638.4
1433400 638.4
1433410 638.4
1433420 638.5
1433430 638.5
1433440 638.4
1433450 638.3
1433460 638.3
1433470 638.2
1433480 638.3
1433490 638.5
1433500 638.5
1433510 637.6
1433520 637.9
1433530 637.9
1433540 638.4
1433550 638.3
1433560 638.3
1433570 638.2
1433580 638.2
1433590 638.2
1433600 638.1
1433610 637.5
1433620 637.5
1433630 637.4
1433640 637.5
1433650 637.6
1433660 637.6
1433670 637.8
1433680 637.9
1433690 637.9
1433700 637.9
1433710 637.8
1433720 637.8
1433730 637.7
1433740 637.6
1433750 637.6
1433760 637.5
1433770 637.3
1433780 637.3
1433790 637.1
1433800 637.0
1433810 637.0
1433820 637.0
1433830 636.9
1433840 636.8
1433850 636.8
1433860 636.7
1433870 636.6
1433880 636.6
1433890 636.4
1433900 636.3
1433910 636.3
1433920 636.2
1433930 636.1
1433940 636.1
1433950 636.1
1433960 636.1
1433970 636.1
1433980 636.2
1433990 636.4
1434000 636.2
1434010 636.2
1434020 636.6
1434030 636.8
1434040 636.8
1434050 636.7
1434060 636.7
1434070 636.7
1434080 636.7
1434090 636.8
1434100 636.8
1434110 636.8
1434120 636.8
1434130 636.8
1434140 636.9
1434150 636.9
1434160 636.9
1434170 636.9
1434180 637.0
1434190 636.9
1434200 636.9
1434210 636.9
1434220 636.9
1434230 636.9
1434240 636.9
1434250 636.9
1434260 636.9
1434270 636.8
1434280 636.8
1434290 636.8
1434300 636.7
1434310 636.7
1434320 636.7
1434330 637.0
1434340 636.8
1434350 636.7
1434360 636.7
1434370 636.4
1434380 636.3
1434390 636.3
1434400 636.5
1434410 636.6
1434420 636.6
1434430 636.6
1434440 636.7
1434450 636.7
1434460 636.6
1434470 636.6
1434480 636.6
1434490 636.5
1434500 636.5
1434510 636.5
1434520 636.6
1434530 636.6
1434540 636.6
1434550 636.6
1434560 636.4
1434570 636.2
1434580 636.2
1434590 636.1
1434600 636.1
1434610 636.1
1434620 636.0
1434630 636.0
1434640 636.0
1434650 636.1
1434660 636.0
1434670 636.0
1434680 636.0
1434690 636.0
1434700 636.0
1434710 636.0
1434720 636.0
1434730 636.1
1434740 636.1
1434750 636.1
1434760 636.0
1434770 636.0
1434780 636.0
1434790 635.9
1434800 635.9
1434810 636.0
1434820 635.9
1434830 635.9
1434840 635.8
1434850 635.9
1434860 635.9
1434870 635.9
1434880 635.8
1434890 635.7
1434900 635.7
1434910 635.5
1434920 635.5
1434930 635.5
1434940 635.5
1434950 635.4
1434960 635.4
1434970 635.4
1434980 635.4
1434990 635.4
1435000 635.4
1435010 635.4
1435020 635.4
1435030 635.3
1435040 635.3
1435050 635.2
1435060 635.2
1435070 635.2
1435080 635.2
1435090 635.2
1435100 635.3
1435110 635.3
1435120 635.3
1435130 635.5
1435140 635.7
1435150 635.7
1435160 635.9
1435170 635.9
1435180 635.9
1435190 635.4
1435200 635.4
1435210 635.4
1435220 635.5
1435230 635.5
1435240 635.6
1435250 635.6
1435260 635.7
1435270 635.9
1435280 635.9
1435290 636.2
1435300 636.6
1435310 636.6
1435320 637.0
1435330 637.6
1435340 637.6
1435350 638.4
1435360 639.3
1435370 639.3
1435380 639.6
1435390 640.1
1435400 641.3
1435410 641.3
1435420 642.1
1435430 643.7
1435440 643.7
1435450 644.9
1435460 645.9
1435470 645.9
1435480 646.9
1435490 647.9
1435500 647.9
1435510 649.3
1435520 650.8
1435530 650.8
1435540 652.0
1435550 653.5
1435560 653.5
1435570 655.3
1435580 657.2
1435590 659.3
1435600 659.3
1435610 661.0
1435620 662.7
1435630 662.7
1435640 664.5
1435650 666.5
1435660 666.5
1435670 669.0
1435680 671.9
1435690 671.9
1435700 674.8
1435710 676.7
1435720 676.7
1435730 678.3
1435740 680.1
1435750 681.5
1435760 681.5
1435770 682.8
1435780 682.4
1435790 682.4
1435800 680.6
1435810 684.2
1435820 684.2
1435830 689.2
1435840 689.9
1435850 689.9
1435860 688.9
1435870 689.3
1435880 689.3
1435890 694.4
1435900 699.9
1435910 699.9
1435920 706.7
1435930 712.8
1435940 718.8
1435950 718.8
1435960 724.9
1435970 731.0
1435980 731.0
1435990 736.3
1436000 742.1
1436010 742.1
1436020 749.8
1436030 754.7
1436040 754.7
1436050 762.4
1436060 772.3
1436070 772.3
1436080 777.0
1436090 782.1
1436100 790.9
1436110 790.9
1436120 798.5
1436130 800.6
1436140 800.6
1436150 800.1
1436160 801.6
1436170 795.1
1436180 797.2
1436190 799.5
1436200 799.5
1436210 805.1
1436220 812.5
1436230 812.5
1436240 821.1
1436250 829.7
1436260 829.7
1436270 838.7
1436280 843.8
1436290 848.3
1436300 848.3
1436310 846.8
1436320 837.8
1436330 837.8
1436340 830.0
1436350 824.6
1436360 824.6
1436370 821.1
1436380 817.6
1436390 817.6
1436400 817.6
1436410 827.5
1436420 827.5
1436430 838.5
1436440 850.6
1436450 867.4
1436460 867.4
1436470 884.0
1436480 893.2
1436490 893.2
1436500 896.5
1436510 899.5
1436520 899.5
1436530 902.7
1436540 906.4
1436550 906.4
1436560 909.7
1436570 913.0
1436580 913.0
1436590 915.7
1436600 917.3
1436610 917.3
1436620 915.5
1436630 913.0
1436640 912.0
1436650 912.0
1436660 911.6
1436670 909.5
1436680 909.5
1436690 910.0
1436700 909.6
1436710 909.6
1436720 917.7
1436730 934.1
1436740 934.1
1436750 945.4
1436760 951.5
1436770 951.5
1436780 957.7
1436790 963.4
1436800 963.4
1436810 966.9
1436820 969.7
1436830 971.7
1436840 971.7
1436850 973.8
1436860 975.4
1436870 975.4
1436880 977.0
1436890 978.6
1436900 978.6
1436910 980.1
1436920 981.6
1436930 981.6
1436940 983.5
1436950 985.8
1436960 985.8
1436970 987.6
1436980 989.2
1436990 991.6
1437000 991.6
1437010 993.8
1437020 996.4
1437030 996.4
1437040 999.7
1437050 1003.2
1437060 1003.2
1437070 1006.6
1437080 1009.5
1437090 1009.5
1437100 1013.5
1437110 1017.7
1437120 1017.7
1437130 1021.1
1437140 1023.3
1437150 1023.3
1437160 1025.8
1437170 1029.4
1437180 1034.8
1437190 1034.8
1437200 1041.1
1437210 1047.2
1437220 1047.2
1437230 1052.0
1437240 1056.6
1437250 1056.6
1437260 1061.6
1437270 1065.3
1437280 1065.3
1437290 1068.8
1437300 1074.2
1437310 1074.2
1437320 1078.3
1437330 1080.3
1437340 1081.6
1437350 1081.6
1437360 1080.8
1437370 1078.7
1437380 1078.7
1437390 1077.8
1437400 1077.3
1437410 1077.3
1437420 1077.1
1437430 1076.5
1437440 1076.5
1437450 1076.1
1437460 1076.2
1437470 1076.2
1437480 1076.1
1437490 1072.6
1437500 1072.6
1437510 1066.3
1437520 1059.1
1437530 1052.4
1437540 1052.4
1437550 1047.3
1437560 1043.5
1437570 1043.5
1437580 1039.5
1437590 1035.1
1437600 1035.1
1437610 1031.5
1437620 1028.0
1437630 1028.0
1437640 1023.9
1437650 1018.6
1437660 1018.6
1437670 1015.4
1437680 1012.6
1437690 1010.1
1437700 1010.1
1437710 1008.8
1437720 1009.1
1437730 1009.1
1437740 1008.7
1437750 1007.7
1437760 1007.7
1437770 1008.0
1437780 1007.9
1437790 1007.9
1437800 1007.1
1437810 1005.6
1437820 1005.6
1437830 1005.6
1437840 1006.7
1437850 1006.7
1437860 1007.9
1437870 1008.6
1437880 1010.2
1437890 1010.2
1437900 1004.9
1437910 1000.0
1437920 1000.0
1437930 998.3
1437940 996.1
1437950 996.1
1437960 1001.0
1437970 1011.4
1437980 1011.4
1437990 1015.6
1438000 1020.3
1438010 1020.3
1438020 1027.6
1438030 1038.2
1438040 1049.4
1438050 1049.4
1438060 1058.3
1438070 1060.6
1438080 1060.6
1438090 1061.4
1438100 1063.8
1438110 1063.8
1438120 1069.8
1438130 1078.7
1438140 1078.7
1438150 1086.2
1438160 1089.3
1438170 1089.3
1438180 1091.3
1438190 1095.1
1438200 1095.1
1438210 1100.5
1438220 1103.8
1438230 1107.0
1438240 1107.0
1438250 1110.2
1438260 1114.9
1438270 1114.9
1438280 1117.9
1438290 1119.9
1438300 1119.9
1438310 1120.8
1438320 1122.4
1438330 1122.4
1438340 1126.4
1438350 1130.0
1438360 1130.0
1438370 1133.5
1438380 1136.6
1438390 1141.1
1438400 1141.1
1438410 1146.4
1438420 1150.9
1438430 1150.9
1438440 1156.2
1438450 1161.2
1438460 1161.2
1438470 1166.0
1438480 1170.0
1438490 1170.0
1438500 1175.2
1438510 1180.3
1438520 1180.3
1438530 1185.1
1438540 1189.2
1438550 1189.2
1438560 1193.2
1438570 1196.8
1438580 1200.8
1438590 1200.8
1438600 1203.8
1438610 1205.8
1438620 1205.8
1438630 1208.0
1438640 1209.8
1438650 1209.8
1438660 1211.4
1438670 1213.8
1438680 1213.8
1438690 1217.5
1438700 1221.4
1438710 1221.4
1438720 1226.4
1438730 1230.9
1438740 1235.1
1438750 1235.1
1438760 1239.7
1438770 1244.7
1438780 1244.7
1438790 1249.3
1438800 1254.4
1438810 1254.4
1438820 1259.9
1438830 1265.2
1438840 1265.2
1438850 1269.7
1438860 1277.4
1438870 1277.4
1438880 1281.8
1438890 1286.0
1438900 1286.0
1438910 1290.3
1438920 1294.6
1438930 1298.9
1438940 1298.9
1438950 1303.9
1438960 1309.5
1438970 1309.5
1438980 1315.8
1438990 1322.8
1439000 1322.8
1439010 1329.7
1439020 1335.9
1439030 1335.9
1439040 1341.8
1439050 1347.4
1439060 1347.4
1439070 1352.8
1439080 1357.8
1439090 1363.6
1439100 1363.6
1439110 1369.5
1439120 1375.5
1439130 1375.5
1439140 1377.8
1439150 1382.0
1439160 1382.0
1439170 1385.7
1439180 1388.4
1439190 1388.4
1439200 1391.4
1439210 1394.9
1439220 1394.9
1439230 1398.2
1439240 1401.4
1439250 1401.4
1439260 1405.1
1439270 1408.8
1439280 1412.6
1439290 1412.6
1439300 1417.2
1439310 1421.9
1439320 1421.9
1439330 1426.8
1439340 1431.1
1439350 1431.1
1439360 1434.8
1439370 1438.3
1439380 1438.3
1439390 1442.1
1439400 1446.8
1439410 1446.8
1439420 1451.6
1439430 1455.8
1439440 1460.7
1439450 1460.7
1439460 1466.1
1439470 1470.5
1439480 1470.5
1439490 1472.9
1439500 1476.3
1439510 1476.3
1439520 1480.3
1439530 1484.3
1439540 1484.3
1439550 1488.2
1439560 1492.1
1439570 1492.1
1439580 1496.9
1439590 1502.5
1439600 1502.5
1439610 1508.1
1439620 1512.6
1439630 1516.0
1439640 1516.0
1439650 1519.2
1439660 1526.0
1439670 1526.0
1439680 1534.1
1439690 1541.7
1439700 1541.7
1439710 1541.0
1439720 1539.5
1439730 1539.5
1439740 1540.5
1439750 1544.6
1439760 1544.6
1439770 1550.0
1439780 1557.3
1439790 1566.2
1439800 1566.2
1439810 1575.2
1439820 1585.3
1439830 1585.3
1439840 1596.8
1439850 1605.1
1439860 1605.1
1439870 1612.4
1439880 1621.7
1439890 1621.7
1439900 1628.1
1439910 1630.8
1439920 1630.8
1439930 1631.6
1439940 1632.3
1439950 1632.3
1439960 1633.0
1439970 1634.0
1439980 1634.9
1439990 1634.9
