1420000 751.0
1420010 751.0
1420020 755.1
1420030 758.4
1420040 758.4
1420050 761.3
1420060 763.8
1420070 763.8
1420080 766.6
1420090 769.8
1420100 769.8
1420110 772.7
1420120 775.0
1420130 775.0
1420140 777.9
1420150 779.8
1420160 779.8
1420170 781.8
1420180 784.0
1420190 786.0
1420200 786.0
1420210 786.7
1420220 788.9
1420230 788.9
1420240 791.0
1420250 794.5
1420260 794.5
1420270 798.5
1420280 802.2
1420290 802.2
1420300 804.5
1420310 807.2
1420320 807.2
1420330 810.6
1420340 814.0
1420350 817.6
1420360 817.6
1420370 817.3
1420380 818.4
1420390 818.4
1420400 828.5
1420410 831.2
1420420 831.2
1420430 833.4
1420440 835.6
1420450 835.6
1420460 837.9
1420470 839.5
1420480 839.5
1420490 840.6
1420500 841.8
1420510 841.8
1420520 841.6
1420530 841.0
1420540 840.2
1420550 840.2
1420560 839.3
1420570 839.2
1420580 839.2
1420590 839.6
1420600 839.7
1420610 839.7
1420620 841.7
1420630 847.1
1420640 847.1
1420650 853.4
1420660 859.6
1420670 859.6
1420680 865.4
1420690 871.1
1420700 876.3
1420710 876.3
1420720 879.4
1420730 882.1
1420740 882.1
1420750 884.5
1420760 887.9
1420770 887.9
1420780 892.0
1420790 895.1
1420800 895.1
1420810 899.1
1420820 903.4
1420830 903.4
1420840 907.5
1420850 911.7
1420860 911.7
1420870 915.7
1420880 919.4
1420890 922.7
1420900 922.7
1420910 923.9
1420920 921.4
1420930 921.4
1420940 921.6
1420950 923.5
1420960 923.5
1420970 920.7
1420980 923.2
1420990 923.2
1421000 931.2
1421010 940.2
1421020 940.2
1421030 949.6
1421040 966.6
1421050 966.6
1421060 975.9
1421070 981.6
1421080 983.6
1421090 983.6
1421100 981.5
1421110 987.3
1421120 987.3
1421130 994.7
1421140 1001.6
1421150 1001.6
1421160 1009.1
1421170 1018.0
1421180 1018.0
1421190 1013.7
1421200 1017.0
1421210 1017.0
1421220 1045.7
1421230 1061.4
1421240 1072.4
1421250 1072.4
1421260 1090.6
1421270 1100.3
1421280 1100.3
1421290 1102.3
1421300 1103.6
1421310 1103.6
1421320 1109.3
1421330 1119.3
1421340 1119.3
1421350 1140.1
1421360 1150.3
1421370 1150.3
1421380 1159.7
1421390 1166.1
1421400 1166.1
1421410 1165.9
1421420 1165.7
1421430 1172.5
1421440 1172.5
1421450 1178.9
1421460 1186.8
1421470 1186.8
1421480 1195.9
1421490 1206.6
1421500 1206.6
1421510 1214.1
1421520 1217.5
1421530 1217.5
1421540 1208.5
1421550 1195.0
1421560 1195.0
1421570 1186.3
1421580 1194.5
1421590 1197.4
1421600 1197.4
1421610 1197.2
1421620 1207.1
1421630 1207.1
1421640 1224.1
1421650 1235.3
1421660 1235.3
1421670 1246.0
1421680 1256.9
1421690 1256.9
1421700 1264.4
1421710 1274.3
1421720 1274.3
1421730 1283.4
1421740 1284.8
1421750 1284.8
1421760 1282.6
1421770 1276.6
1421780 1268.2
1421790 1268.2
1421800 1259.4
1421810 1254.9
1421820 1254.9
1421830 1263.9
1421840 1272.5
1421850 1272.5
1421860 1278.1
1421870 1285.1
1421880 1285.1
1421890 1288.3
1421900 1287.3
1421910 1287.3
1421920 1283.5
1421930 1281.6
1421940 1279.2
1421950 1279.2
1421960 1273.1
1421970 1272.0
1421980 1272.0
1421990 1274.6
1422000 1280.6
1422010 1280.6
1422020 1287.5
1422030 1292.7
1422040 1292.7
1422050 1280.9
1422060 1238.6
1422070 1238.6
1422080 1221.6
1422090 1216.3
1422100 1216.3
1422110 1234.9
1422120 1253.1
1422130 1275.7
1422140 1275.7
1422150 1295.1
1422160 1307.4
1422170 1307.4
1422180 1315.7
1422190 1315.5
1422200 1315.5
1422210 1308.5
1422220 1303.0
1422230 1303.0
1422240 1306.4
1422250 1305.9
1422260 1305.9
1422270 1298.7
1422280 1278.8
1422290 1278.8
1422300 1261.8
1422310 1248.0
1422320 1236.5
1422330 1236.5
1422340 1235.3
1422350 1247.3
1422360 1247.3
1422370 1269.3
1422380 1296.4
1422390 1296.4
1422400 1358.2
1422410 1369.9
1422420 1369.9
1422430 1372.5
1422440 1369.8
1422450 1369.8
1422460 1364.7
1422470 1360.8
1422480 1358.3
1422490 1358.3
1422500 1360.3
1422510 1361.3
1422520 1361.3
1422530 1361.8
1422540 1364.0
1422550 1364.0
1422560 1364.0
1422570 1358.2
1422580 1358.2
1422590 1343.9
1422600 1344.0
1422610 1344.0
1422620 1347.4
1422630 1348.4
1422640 1348.4
1422650 1353.8
1422660 1359.6
1422670 1364.9
1422680 1364.9
1422690 1371.0
1422700 1376.4
1422710 1376.4
1422720 1381.1
1422730 1380.6
1422740 1380.6
1422750 1378.9
1422760 1378.1
1422770 1378.1
1422780 1377.1
1422790 1377.1
1422800 1377.1
1422810 1377.2
1422820 1377.0
1422830 1376.6
1422840 1376.6
1422850 1375.9
1422860 1377.6
1422870 1377.6
1422880 1384.0
1422890 1388.0
1422900 1388.0
1422910 1389.7
1422920 1388.8
1422930 1388.8
1422940 1387.4
1422950 1385.3
1422960 1385.3
1422970 1380.0
1422980 1372.3
1422990 1372.3
1423000 1372.8
1423010 1376.3
1423020 1374.9
1423030 1374.9
1423040 1370.8
1423050 1365.8
1423060 1365.8
1423070 1363.2
1423080 1363.4
1423090 1363.4
1423100 1363.9
1423110 1363.2
1423120 1363.2
1423130 1360.9
1423140 1357.5
1423150 1357.5
1423160 1353.3
1423170 1348.5
1423180 1341.8
1423190 1341.8
1423200 1338.9
1423210 1336.4
1423220 1336.4
1423230 1336.2
1423240 1339.0
1423250 1339.0
1423260 1343.8
1423270 1347.5
1423280 1347.5
1423290 1347.6
1423300 1344.5
1423310 1344.5
1423320 1337.3
1423330 1331.3
1423340 1331.3
1423350 1331.6
1423360 1338.4
1423370 1339.8
1423380 1339.8
1423390 1338.9
1423400 1336.7
1423410 1336.7
1423420 1332.5
1423430 1327.2
1423440 1327.2
1423450 1323.0
1423460 1319.2
1423470 1319.2
1423480 1313.8
1423490 1308.8
1423500 1308.8
1423510 1304.3
1423520 1300.8
1423530 1296.7
1423540 1296.7
1423550 1295.2
1423560 1293.6
1423570 1293.6
1423580 1291.5
1423590 1288.2
1423600 1288.2
1423610 1281.9
1423620 1277.2
1423630 1277.2
1423640 1274.9
1423650 1273.0
1423660 1273.0
1423670 1272.1
1423680 1270.7
1423690 1270.7
1423700 1267.8
1423710 1262.6
1423720 1253.7
1423730 1253.7
1423740 1242.0
1423750 1230.5
1423760 1230.5
1423770 1219.6
1423780 1211.8
1423790 1211.8
1423800 1205.6
1423810 1196.8
1423820 1196.8
1423830 1180.1
1423840 1166.9
1423850 1166.9
1423860 1143.5
1423870 1133.8
1423880 1133.8
1423890 1127.0
1423900 1119.3
1423910 1119.1
1423920 1119.1
1423930 1115.1
1423940 1102.1
1423950 1102.1
1423960 1087.4
1423970 1075.9
1423980 1075.9
1423990 1076.3
1424000 1079.6
1424010 1079.6
1424020 1066.7
1424030 1048.7
1424040 1048.7
1424050 1040.2
1424060 1034.6
1424070 1024.1
1424080 1024.1
1424090 1004.8
1424100 993.7
1424110 993.7
1424120 991.4
1424130 1000.1
1424140 1000.1
1424150 1006.8
1424160 1015.3
1424170 1015.3
1424180 1021.3
1424190 1018.9
1424200 1018.9
1424210 1014.3
1424220 1009.5
1424230 1009.5
1424240 1006.6
1424250 1005.1
1424260 1003.3
1424270 1003.3
1424280 1000.8
1424290 994.7
1424300 994.7
1424310 987.7
1424320 979.4
1424330 979.4
1424340 973.3
1424350 968.8
1424360 968.8
1424370 964.0
1424380 959.6
1424390 959.6
1424400 956.0
1424410 953.4
1424420 951.6
1424430 951.6
1424440 948.5
1424450 945.5
1424460 945.5
1424470 948.2
1424480 947.5
1424490 947.5
1424500 946.7
1424510 945.3
1424520 945.3
1424530 943.1
1424540 940.0
1424550 940.0
1424560 937.2
1424570 934.4
1424580 934.4
1424590 931.9
1424600 929.2
1424610 926.2
1424620 926.2
1424630 923.9
1424640 921.0
1424650 921.0
1424660 915.6
1424670 908.8
1424680 908.8
1424690 904.2
1424700 901.5
1424710 901.5
1424720 898.4
1424730 896.1
1424740 896.1
1424750 893.4
1424760 891.5
1424770 891.1
1424780 891.1
1424790 891.2
1424800 891.1
1424810 891.1
1424820 891.0
1424830 891.2
1424840 891.2
1424850 892.1
1424860 893.0
1424870 893.0
1424880 894.0
1424890 894.7
1424900 894.7
1424910 895.1
1424920 894.9
1424930 894.9
1424940 894.8
1424950 894.8
1424960 894.1
1424970 894.1
1424980 893.1
1424990 891.4
1425000 891.4
1425010 889.3
1425020 887.3
1425030 887.3
1425040 884.6
1425050 882.2
1425060 882.2
1425070 880.2
1425080 878.9
1425090 878.9
1425100 876.6
1425110 874.0
1425120 874.0
1425130 871.5
1425140 869.3
1425150 867.6
1425160 867.6
1425170 865.6
1425180 862.6
1425190 862.6
1425200 861.1
1425210 861.8
1425220 861.8
1425230 863.3
1425240 866.7
1425250 866.7
1425260 870.4
1425270 866.7
1425280 866.7
1425290 862.7
1425300 864.4
1425310 866.4
1425320 866.4
1425330 865.3
1425340 865.4
1425350 865.4
1425360 863.4
1425370 862.6
1425380 862.6
1425390 861.8
1425400 860.1
1425410 860.1
1425420 859.2
1425430 860.8
1425440 860.8
1425450 864.1
1425460 865.1
1425470 865.1
1425480 864.9
1425490 864.2
1425500 863.3
1425510 863.3
1425520 864.4
1425530 865.8
1425540 865.8
1425550 867.6
1425560 870.3
1425570 870.3
1425580 872.8
1425590 874.9
1425600 874.9
1425610 876.0
1425620 875.6
1425630 875.6
1425640 875.7
1425650 875.3
1425660 874.7
1425670 874.7
1425680 875.7
1425690 877.0
1425700 877.0
1425710 877.1
1425720 877.2
1425730 877.2
1425740 878.1
1425750 879.3
1425760 879.3
1425770 880.4
1425780 881.1
1425790 881.1
1425800 881.6
1425810 882.5
1425820 882.5
1425830 882.7
1425840 882.2
1425850 880.8
1425860 880.8
1425870 878.7
1425880 876.8
1425890 876.8
1425900 876.2
1425910 875.3
1425920 875.3
1425930 874.6
1425940 874.0
1425950 874.0
1425960 873.4
1425970 873.6
1425980 873.6
1425990 875.2
1426000 873.6
1426010 875.3
1426020 875.3
1426030 878.2
1426040 878.8
1426050 878.8
1426060 879.0
1426070 879.7
1426080 879.7
1426090 879.7
1426100 879.2
1426110 879.2
1426120 878.9
1426130 878.7
1426140 878.7
1426150 879.0
1426160 878.7
1426170 878.7
1426180 878.2
1426190 877.1
1426200 876.2
1426210 876.2
1426220 875.7
1426230 875.6
1426240 875.6
1426250 875.2
1426260 873.4
1426270 873.4
1426280 871.8
1426290 871.4
1426300 871.4
1426310 871.4
1426320 871.5
1426330 871.5
1426340 872.0
1426350 872.2
1426360 871.2
1426370 871.2
1426380 870.7
1426390 869.6
1426400 869.6
1426410 868.6
1426420 867.2
1426430 867.2
1426440 865.0
1426450 863.3
1426460 863.3
1426470 861.5
1426480 860.1
1426490 860.1
1426500 858.7
1426510 856.5
1426520 856.5
1426530 855.3
1426540 856.0
1426550 855.4
1426560 855.4
1426570 855.0
1426580 854.9
1426590 854.9
1426600 854.7
1426610 856.3
1426620 856.3
1426630 854.6
1426640 852.2
1426650 852.2
1426660 849.1
1426670 846.3
1426680 846.3
1426690 843.0
1426700 839.7
1426710 839.7
1426720 835.9
1426730 832.0
1426740 828.9
1426750 828.9
1426760 827.2
1426770 825.5
1426780 825.5
1426790 823.5
1426800 821.7
1426810 821.7
1426820 820.0
1426830 817.6
1426840 817.6
1426850 814.9
1426860 813.4
1426870 813.4
1426880 812.5
1426890 810.8
1426900 807.5
1426910 807.5
1426920 803.8
1426930 801.3
1426940 801.3
1426950 798.5
1426960 795.6
1426970 795.6
1426980 793.6
1426990 791.2
1427000 791.2
1427010 789.0
1427020 787.8
1427030 787.8
1427040 785.1
1427050 782.5
1427060 782.5
1427070 779.9
1427080 777.3
1427090 775.1
1427100 775.1
1427110 773.8
1427120 772.7
1427130 772.7
1427140 772.1
1427150 770.6
1427160 770.6
1427170 768.2
1427180 766.3
1427190 766.3
1427200 764.8
1427210 763.5
1427220 763.5
1427230 762.3
1427240 760.7
1427250 758.1
1427260 758.1
1427270 755.4
1427280 753.8
1427290 753.8
1427300 752.4
1427310 750.8
1427320 750.8
1427330 749.8
1427340 748.7
1427350 748.7
1427360 748.2
1427370 746.7
1427380 746.7
1427390 742.7
1427400 736.0
1427410 736.0
1427420 729.2
1427430 722.2
1427440 715.4
1427450 715.4
1427460 709.4
1427470 704.9
1427480 704.9
1427490 702.8
1427500 702.2
1427510 702.2
1427520 702.7
1427530 705.7
1427540 705.7
1427550 708.3
1427560 709.3
1427570 709.3
1427580 709.2
1427590 707.5
1427600 705.6
1427610 705.6
1427620 702.9
1427630 700.4
1427640 700.4
1427650 697.0
1427660 695.2
1427670 695.2
1427680 697.3
1427690 700.2
1427700 700.2
1427710 701.7
1427720 702.1
1427730 702.1
1427740 700.0
1427750 696.9
1427760 696.9
1427770 692.8
1427780 689.2
1427790 686.1
1427800 686.1
1427810 683.8
1427820 681.6
1427830 681.6
1427840 679.3
1427850 676.7
1427860 676.7
1427870 673.8
1427880 670.4
1427890 670.4
1427900 666.0
1427910 663.2
1427920 663.2
1427930 661.6
1427940 659.4
1427950 659.4
1427960 658.6
1427970 657.5
1427980 655.9
1427990 655.9
1428000 653.4
1428010 650.1
1428020 650.1
1428030 649.0
1428040 649.1
1428050 649.1
1428060 649.2
1428070 649.2
1428080 649.2
1428090 649.3
1428100 649.5
1428110 649.5
1428120 649.5
1428130 649.3
1428140 649.4
1428150 649.4
1428160 649.3
1428170 649.2
1428180 649.2
1428190 649.2
1428200 649.2
1428210 649.2
1428220 649.2
1428230 649.2
1428240 649.2
1428250 649.0
1428260 648.9
1428270 648.9
1428280 648.8
1428290 648.9
1428300 648.9
1428310 648.9
1428320 648.8
1428330 648.8
1428340 648.8
1428350 648.7
1428360 648.7
1428370 648.7
1428380 648.7
1428390 648.8
1428400 648.8
1428410 648.8
1428420 648.9
1428430 648.9
1428440 648.8
1428450 648.5
1428460 648.5
1428470 648.7
1428480 648.7
1428490 648.6
1428500 648.6
1428510 648.6
1428520 648.6
1428530 648.6
1428540 648.5
1428550 648.5
1428560 648.5
1428570 648.4
1428580 648.4
1428590 648.4
1428600 648.4
1428610 648.4
1428620 648.4
1428630 648.7
1428640 648.5
1428650 648.5
1428660 648.3
1428670 648.2
1428680 648.4
1428690 648.4
1428700 648.4
1428710 648.3
1428720 648.3
1428730 648.2
1428740 648.2
1428750 648.2
1428760 648.2
1428770 648.1
1428780 648.1
1428790 648.1
1428800 648.0
1428810 648.0
1428820 648.0
1428830 647.9
1428840 647.9
1428850 647.9
1428860 647.8
1428870 647.9
1428880 647.9
1428890 647.9
1428900 648.0
1428910 648.0
1428920 648.3
1428930 648.5
1428940 648.5
1428950 648.4
1428960 647.8
1428970 647.8
1428980 647.7
1428990 647.7
1429000 647.7
1429010 647.8
1429020 647.7
1429030 647.6
1429040 647.6
1429050 647.4
1429060 647.3
1429070 647.3
1429080 647.3
1429090 646.7
1429100 646.7
1429110 646.1
1429120 646.2
1429130 646.2
1429140 646.2
1429150 646.3
1429160 646.3
1429170 646.8
1429180 647.5
1429190 647.5
1429200 648.2
1429210 647.6
1429220 647.1
1429230 647.1
1429240 647.1
1429250 647.0
1429260 647.0
1429270 646.8
1429280 646.8
1429290 646.8
1429300 647.1
1429310 647.4
1429320 647.4
1429330 647.1
1429340 646.5
1429350 646.5
1429360 647.0
1429370 647.4
1429380 647.4
1429390 647.4
1429400 647.3
1429410 647.3
1429420 647.3
1429430 647.3
1429440 646.8
1429450 646.8
1429460 646.0
1429470 645.9
1429480 645.9
1429490 645.8
1429500 645.7
1429510 645.7
1429520 646.1
1429530 646.8
1429540 646.8
1429550 646.8
1429560 646.8
1429570 646.7
1429580 646.7
1429590 646.8
1429600 646.8
1429610 646.8
1429620 646.9
1429630 647.0
1429640 647.0
1429650 647.0
1429660 647.1
1429670 647.1
1429680 647.1
1429690 647.1
1429700 647.1
1429710 647.2
1429720 647.5
1429730 647.9
1429740 647.9
1429750 647.9
1429760 647.5
1429770 647.5
1429780 647.3
1429790 647.3
1429800 647.3
1429810 647.2
1429820 647.0
1429830 647.0
1429840 646.9
1429850 647.2
1429860 647.2
1429870 647.4
1429880 647.4
1429890 647.4
1429900 647.5
1429910 647.5
1429920 647.6
1429930 647.6
1429940 647.7
1429950 647.7
1429960 647.7
1429970 647.7
1429980 647.6
1429990 647.6
1430000 647.4
1430010 647.1
1430020 647.1
1430030 646.9
1430040 646.9
1430050 646.9
1430060 647.9
1430070 649.4
1430080 650.0
1430090 650.0
1430100 648.1
1430110 646.6
1430120 646.6
1430130 646.4
1430140 646.3
1430150 646.3
1430160 646.3
1430170 646.3
1430180 646.3
1430190 646.3
1430200 646.3
1430210 646.3
1430220 647.2
1430230 649.1
1430240 649.1
1430250 649.6
1430260 648.9
1430270 647.6
1430280 647.6
1430290 647.0
1430300 647.1
1430310 647.1
1430320 647.1
1430330 646.5
1430340 646.5
1430350 646.2
1430360 646.2
1430370 646.2
1430380 646.4
1430390 646.6
1430400 646.6
1430410 646.4
1430420 646.0
1430430 646.0
1430440 645.9
1430450 646.1
1430460 646.3
1430470 646.3
1430480 646.2
1430490 646.1
1430500 646.1
1430510 645.9
1430520 645.8
1430530 645.8
1430540 646.0
1430550 645.9
1430560 645.9
1430570 645.6
1430580 645.5
1430590 645.5
1430600 645.7
1430610 645.8
1430620 645.7
1430630 645.7
1430640 645.7
1430650 645.6
1430660 645.6
1430670 645.5
1430680 645.4
1430690 645.4
1430700 645.4
1430710 645.4
1430720 645.4
1430730 645.3
1430740 645.2
1430750 645.2
1430760 645.1
1430770 645.0
1430780 645.0
1430790 645.0
1430800 645.0
1430810 645.0
1430820 645.0
1430830 645.0
1430840 645.0
1430850 645.0
1430860 645.0
1430870 644.7
1430880 644.7
1430890 644.6
1430900 644.5
1430910 644.5
1430920 644.4
1430930 644.4
1430940 644.4
1430950 644.3
1430960 644.3
1430970 644.3
1430980 644.3
1430990 644.4
1431000 644.3
1431010 644.3
1431020 644.1
1431030 644.0
1431040 644.0
1431050 643.9
1431060 643.8
1431070 643.8
1431080 643.8
1431090 643.8
1431100 643.8
1431110 643.8
1431120 643.8
1431130 643.8
1431140 643.8
1431150 643.8
1431160 643.8
1431170 643.8
1431180 643.8
1431190 643.8
1431200 643.8
1431210 643.8
1431220 643.7
1431230 643.7
1431240 643.6
1431250 643.5
1431260 643.5
1431270 643.5
1431280 643.6
1431290 643.6
1431300 643.5
1431310 643.5
1431320 643.4
1431330 643.4
1431340 643.4
1431350 643.6
1431360 643.6
1431370 643.6
1431380 643.3
1431390 643.3
1431400 643.2
1431410 643.5
1431420 643.5
1431430 643.2
1431440 643.1
1431450 643.1
1431460 643.0
1431470 643.0
1431480 643.0
1431490 642.9
1431500 642.8
1431510 642.7
1431520 642.7
1431530 642.5
1431540 642.4
1431550 642.4
1431560 642.7
1431570 642.8
1431580 642.8
1431590 642.9
1431600 642.7
1431610 642.7
1431620 642.7
1431630 642.8
1431640 642.8
1431650 642.8
1431660 642.9
1431670 642.9
1431680 642.9
1431690 642.9
1431700 643.1
1431710 643.1
1431720 643.1
1431730 643.0
1431740 643.0
1431750 642.9
1431760 642.9
1431770 642.9
1431780 642.8
1431790 642.8
1431800 642.8
1431810 642.8
1431820 642.8
1431830 642.8
1431840 642.8
1431850 642.7
1431860 642.7
1431870 642.7
1431880 642.8
1431890 642.8
1431900 642.8
1431910 642.8
1431920 642.7
1431930 642.7
1431940 642.5
1431950 642.3
1431960 642.3
1431970 642.2
1431980 642.1
1431990 642.1
1432000 642.0
1432010 641.9
1432020 641.9
1432030 641.9
1432040 641.9
1432050 641.9
1432060 641.9
1432070 642.1
1432080 642.6
1432090 642.6
1432100 643.1
1432110 643.3
1432120 643.3
1432130 643.2
1432140 643.5
1432150 643.5
1432160 645.1
1432170 646.4
1432180 646.4
1432190 648.6
1432200 652.0
1432210 655.6
1432220 655.6
1432230 658.9
1432240 660.2
1432250 660.2
1432260 661.5
1432270 665.2
1432280 665.2
1432290 671.5
1432300 675.1
1432310 675.1
1432320 675.8
1432330 676.6
1432340 676.6
1432350 678.1
1432360 680.1
1432370 680.1
1432380 683.5
1432390 684.8
1432400 684.0
1432410 684.0
1432420 685.3
1432430 688.3
1432440 688.3
1432450 690.3
1432460 690.9
1432470 690.9
1432480 691.3
1432490 691.8
1432500 691.8
1432510 691.9
1432520 692.3
1432530 692.3
1432540 692.0
1432550 692.3
1432560 693.0
1432570 693.0
1432580 696.7
1432590 703.6
1432600 703.6
1432610 706.7
1432620 710.6
1432630 710.6
1432640 715.0
1432650 714.7
1432660 714.7
1432670 718.1
1432680 727.9
1432690 727.9
1432700 731.2
1432710 733.5
1432720 733.5
1432730 735.5
1432740 737.0
1432750 739.0
1432760 739.0
1432770 740.6
1432780 741.9
1432790 741.9
1432800 743.0
1432810 744.3
1432820 744.3
1432830 746.2
1432840 749.5
1432850 749.5
1432860 753.6
1432870 756.4
1432880 756.4
1432890 757.5
1432900 758.3
1432910 760.7
1432920 760.7
1432930 764.0
1432940 767.6
1432950 767.6
1432960 771.1
1432970 773.8
1432980 773.8
1432990 776.0
1433000 778.2
1433010 778.2
1433020 780.8
1433030 784.2
1433040 784.2
1433050 787.5
1433060 790.8
1433070 790.8
1433080 793.2
1433090 794.9
1433100 797.7
1433110 797.7
1433120 801.1
1433130 804.6
1433140 804.6
1433150 807.3
1433160 809.5
1433170 809.5
1433180 814.5
1433190 817.7
1433200 817.7
1433210 820.5
1433220 821.8
1433230 821.8
1433240 822.7
1433250 824.8
1433260 824.8
1433270 826.9
1433280 829.0
1433290 831.8
1433300 831.8
1433310 834.9
1433320 838.0
1433330 838.0
1433340 840.6
1433350 844.8
1433360 844.8
1433370 848.9
1433380 850.6
1433390 850.6
1433400 852.4
1433410 856.9
1433420 856.9
1433430 860.0
1433440 864.8
1433450 872.4
1433460 872.4
1433470 877.7
1433480 881.9
1433490 881.9
1433500 886.0
1433510 889.8
1433520 889.8
1433530 893.3
1433540 896.9
1433550 889.0
1433560 892.6
1433570 896.0
1433580 896.0
1433590 899.2
1433600 901.1
1433610 901.1
1433620 902.4
1433630 903.9
1433640 905.6
1433650 905.6
1433660 906.9
1433670 907.0
1433680 907.0
1433690 905.7
1433700 902.2
1433710 902.2
1433720 900.9
1433730 902.3
1433740 902.3
1433750 902.9
1433760 902.4
1433770 902.4
1433780 901.7
1433790 900.9
1433800 900.4
1433810 900.4
1433820 899.0
1433830 897.5
1433840 897.5
1433850 896.4
1433860 895.5
1433870 895.5
1433880 896.2
1433890 897.5
1433900 897.5
1433910 900.8
1433920 904.9
1433930 904.9
1433940 908.5
1433950 911.9
1433960 911.9
1433970 915.0
1433980 919.4
1433990 925.3
1434000 925.3
1434010 931.0
1434020 936.0
1434030 936.0
1434040 940.5
1434050 944.3
1434060 944.3
1434070 948.1
1434080 951.4
1434090 951.4
1434100 954.4
1434110 957.5
1434120 957.5
1434130 960.2
1434140 962.4
1434150 963.5
1434160 963.5
1434170 964.6
1434180 966.1
1434190 966.1
1434200 967.3
1434210 968.3
1434220 968.3
1434230 969.4
1434240 970.6
1434250 970.6
1434260 970.9
1434270 971.3
1434280 971.3
1434290 971.3
1434300 970.8
1434310 970.8
1434320 970.0
1434330 969.3
1434340 968.5
1434350 968.5
1434360 967.3
1434370 967.0
1434380 967.0
1434390 968.0
1434400 969.5
1434410 969.5
1434420 970.4
1434430 970.8
1434440 970.8
1434450 971.5
1434460 973.1
1434470 973.1
1434480 975.8
1434490 979.7
1434500 986.0
1434510 986.0
1434520 993.9
1434530 1000.1
1434540 1000.1
1434550 1002.4
1434560 1000.6
1434570 1000.6
1434580 1004.4
1434590 1012.7
1434600 1012.7
1434610 1017.0
1434620 1021.0
1434630 1021.0
1434640 1024.8
1434650 1028.4
1434660 1028.4
1434670 1032.6
1434680 1035.6
1434690 1038.4
1434700 1038.4
1434710 1041.7
1434720 1044.9
1434730 1044.9
1434740 1047.5
1434750 1050.1
1434760 1050.1
1434770 1052.8
1434780 1054.8
1434790 1054.8
1434800 1055.3
1434810 1056.0
1434820 1056.0
1434830 1056.6
1434840 1056.9
1434850 1056.9
1434860 1056.6
1434870 1057.2
1434880 1058.1
1434890 1058.1
1434900 1058.8
1434910 1059.1
1434920 1059.1
1434930 1059.3
1434940 1060.3
1434950 1060.3
1434960 1060.5
1434970 1058.1
1434980 1058.1
1434990 1054.1
1435000 1049.7
1435010 1049.7
1435020 1043.1
1435030 1033.6
1435040 1024.8
1435050 1024.8
1435060 1018.4
1435070 1013.0
1435080 1013.0
1435090 1005.6
1435100 995.4
1435110 995.4
1435120 983.7
1435130 974.0
1435140 974.0
1435150 965.5
1435160 964.7
1435170 964.7
1435180 975.9
1435190 993.9
1435200 993.9
1435210 1003.1
1435220 1005.5
1435230 1012.5
1435240 1012.5
1435250 1020.1
1435260 1027.2
1435270 1027.2
1435280 1033.9
1435290 1039.7
1435300 1039.7
1435310 1045.7
1435320 1050.1
1435330 1050.1
1435340 1055.1
1435350 1062.3
1435360 1062.3
1435370 1070.0
1435380 1077.1
1435390 1082.7
1435400 1082.7
1435410 1086.7
1435420 1092.3
1435430 1092.3
1435440 1097.1
1435450 1100.1
1435460 1100.1
1435470 1103.1
1435480 1105.6
1435490 1105.6
1435500 1109.1
1435510 1112.3
1435520 1112.3
1435530 1115.1
1435540 1123.0
1435550 1123.0
1435560 1129.4
1435570 1134.1
1435580 1137.4
1435590 1137.4
1435600 1140.4
1435610 1143.5
1435620 1143.5
1435630 1147.0
1435640 1150.8
1435650 1150.8
1435660 1155.1
1435670 1159.0
1435680 1159.0
1435690 1161.6
1435700 1165.0
1435710 1165.0
1435720 1169.4
1435730 1174.0
1435740 1178.4
1435750 1178.4
1435760 1182.7
1435770 1186.9
1435780 1186.9
1435790 1190.5
1435800 1192.8
1435810 1192.8
1435820 1195.8
1435830 1198.6
1435840 1198.6
1435850 1199.8
1435860 1201.2
1435870 1201.2
1435880 1204.2
1435890 1207.4
1435900 1207.4
1435910 1210.9
1435920 1214.1
1435930 1216.7
1435940 1216.7
1435950 1219.0
1435960 1221.4
1435970 1221.4
1435980 1224.5
1435990 1227.4
1436000 1227.4
1436010 1229.4
1436020 1230.9
1436030 1230.9
1436040 1233.7
1436050 1237.0
1436060 1237.0
1436070 1240.2
1436080 1246.0
1436090 1241.8
1436100 1246.8
1436110 1252.2
1436120 1257.7
1436130 1257.7
1436140 1263.4
1436150 1269.5
1436160 1269.5
1436170 1274.5
1436180 1278.9
1436190 1278.9
1436200 1283.0
1436210 1287.2
1436220 1287.2
1436230 1291.9
1436240 1296.0
1436250 1296.0
1436260 1299.1
1436270 1302.1
1436280 1305.6
1436290 1305.6
1436300 1308.1
1436310 1310.1
1436320 1310.1
1436330 1311.7
1436340 1313.0
1436350 1313.0
1436360 1314.2
1436370 1315.0
1436380 1315.0
1436390 1315.5
1436400 1315.3
1436410 1315.3
1436420 1314.9
1436430 1313.6
1436440 1313.6
1436450 1311.7
1436460 1313.8
1436470 1318.4
1436480 1318.4
1436490 1321.2
1436500 1322.2
1436510 1322.2
1436520 1322.8
1436530 1322.9
1436540 1322.9
1436550 1322.5
1436560 1324.8
1436570 1324.8
1436580 1326.8
1436590 1329.3
1436600 1329.3
1436610 1332.3
1436620 1335.8
1436630 1339.0
1436640 1339.0
1436650 1340.2
1436660 1341.3
1436670 1341.3
1436680 1342.2
1436690 1342.8
1436700 1342.8
1436710 1343.2
1436720 1343.6
1436730 1343.6
1436740 1343.6
1436750 1343.2
1436760 1343.2
1436770 1343.0
1436780 1341.9
1436790 1341.9
1436800 1339.5
1436810 1336.7
1436820 1333.9
1436830 1333.9
1436840 1331.4
1436850 1327.9
1436860 1327.9
1436870 1323.7
1436880 1317.8
1436890 1317.8
1436900 1311.6
1436910 1303.8
1436920 1303.8
1436930 1289.2
1436940 1287.8
1436950 1287.8
1436960 1299.1
1436970 1310.0
1436980 1321.2
1436990 1321.2
1437000 1333.4
1437010 1343.4
1437020 1343.4
1437030 1353.3
1437040 1365.8
1437050 1365.8
1437060 1374.2
1437070 1381.9
1437080 1381.9
1437090 1390.5
1437100 1398.6
1437110 1398.6
1437120 1403.8
1437130 1408.6
1437140 1408.6
1437150 1413.6
1437160 1419.1
1437170 1423.9
1437180 1423.9
1437190 1427.0
1437200 1430.9
1437210 1430.9
1437220 1435.4
1437230 1438.1
1437240 1438.1
1437250 1439.3
1437260 1439.1
1437270 1439.1
1437280 1437.5
1437290 1439.6
1437300 1439.6
1437310 1447.3
1437320 1455.2
1437330 1455.2
1437340 1465.1
1437350 1475.3
1437360 1484.3
1437370 1484.3
1437380 1492.7
1437390 1497.8
1437400 1497.8
1437410 1503.1
1437420 1508.6
1437430 1508.6
1437440 1513.5
1437450 1517.5
1437460 1517.5
1437470 1521.2
1437480 1525.0
1437490 1525.0
1437500 1528.3
1437510 1531.9
1437520 1534.9
1437530 1534.9
1437540 1536.4
1437550 1536.7
1437560 1536.7
1437570 1534.5
1437580 1530.4
1437590 1530.4
1437600 1528.1
1437610 1527.2
1437620 1527.2
1437630 1524.2
1437640 1521.4
1437650 1521.4
1437660 1523.0
1437670 1525.1
1437680 1525.1
1437690 1522.6
1437700 1520.3
1437710 1522.9
1437720 1522.9
1437730 1528.7
1437740 1536.3
1437750 1536.3
1437760 1543.2
1437770 1550.6
1437780 1550.6
1437790 1559.7
1437800 1570.2
1437810 1570.2
1437820 1581.7
1437830 1590.5
1437840 1590.5
1437850 1600.4
1437860 1611.7
1437870 1623.1
1437880 1623.1
1437890 1628.4
1437900 1636.4
1437910 1636.4
1437920 1647.2
1437930 1655.4
1437940 1655.4
1437950 1663.0
1437960 1670.0
1437970 1670.0
1437980 1675.4
1437990 1679.7
1438000 1679.7
1438010 1683.7
1438020 1687.3
1438030 1687.3
1438040 1690.7
1438050 1693.7
1438060 1697.8
1438070 1697.8
1438080 1704.8
1438090 1713.0
1438100 1713.0
1438110 1720.1
1438120 1728.0
1438130 1728.0
1438140 1733.4
1438150 1736.8
1438160 1736.8
1438170 1743.3
1438180 1749.9
1438190 1749.9
1438200 1756.8
1438210 1768.1
1438220 1773.2
1438230 1773.2
1438240 1776.3
1438250 1783.6
1438260 1783.6
1438270 1794.8
1438280 1802.8
1438290 1802.8
1438300 1807.5
1438310 1810.1
1438320 1810.1
1438330 1812.8
1438340 1814.0
1438350 1814.0
1438360 1815.1
1438370 1816.1
1438380 1816.1
1438390 1817.8
1438400 1820.1
1438410 1822.8
1438420 1822.8
1438430 1825.3
1438440 1826.9
1438450 1826.9
1438460 1826.4
1438470 1823.9
1438480 1823.9
1438490 1819.1
1438500 1814.8
1438510 1814.8
1438520 1812.1
1438530 1810.7
1438540 1810.7
1438550 1808.6
1438560 1808.9
1438570 1814.2
1438580 1814.2
1438590 1817.4
1438600 1818.5
1438610 1818.5
1438620 1818.3
1438630 1818.4
1438640 1818.4
1438650 1818.9
1438660 1819.2
1438670 1819.2
1438680 1815.7
1438690 1808.6
1438700 1808.6
1438710 1800.7
1438720 1797.0
1438730 1797.0
1438740 1796.8
1438750 1797.9
1438760 1798.8
1438770 1798.8
1438780 1808.6
1438790 1816.0
1438800 1816.0
1438810 1817.4
1438820 1827.3
1438830 1827.3
1438840 1836.4
1438850 1842.5
1438860 1842.5
1438870 1849.3
1438880 1853.8
1438890 1853.8
1438900 1855.7
1438910 1859.2
1438920 1859.2
1438930 1862.5
1438940 1865.2
1438950 1869.8
1438960 1869.8
1438970 1873.4
1438980 1874.4
1438990 1874.4
1439000 1871.7
1439010 1872.3
1439020 1872.3
1439030 1886.9
1439040 1890.2
1439050 1890.2
1439060 1889.3
1439070 1890.8
1439080 1890.8
1439090 1888.7
1439100 1886.6
1439110 1885.0
1439120 1885.0
1439130 1884.7
1439140 1884.0
1439150 1884.0
1439160 1881.7
1439170 1879.4
1439180 1879.4
1439190 1877.0
1439200 1875.0
1439210 1875.0
1439220 1874.8
1439230 1874.7
1439240 1874.7
1439250 1874.3
1439260 1872.8
1439270 1872.8
1439280 1870.7
1439290 1867.4
1439300 1864.2
1439310 1864.2
1439320 1861.8
1439330 1859.6
1439340 1859.6
1439350 1857.4
1439360 1854.1
1439370 1854.1
1439380 1849.8
1439390 1845.2
1439400 1845.2
1439410 1840.9
1439420 1847.7
1439430 1847.7
1439440 1863.3
1439450 1884.1
1439460 1902.3
1439470 1902.3
1439480 1909.0
1439490 1913.1
1439500 1913.1
1439510 1916.0
1439520 1917.5
1439530 1917.5
1439540 1919.2
1439550 1923.3
1439560 1923.3
1439570 1926.1
1439580 1931.7
1439590 1931.7
1439600 1934.1
1439610 1935.3
1439620 1935.3
1439630 1936.5
1439640 1934.5
1439650 1942.5
1439660 1942.5
1439670 1948.2
1439680 1957.6
1439690 1957.6
1439700 1969.7
1439710 1979.1
1439720 1979.1
1439730 1982.5
1439740 1989.7
1439750 1989.7
1439760 1996.6
1439770 1997.5
1439780 1997.5
1439790 1993.9
1439800 1988.9
1439810 1989.1
1439820 1989.1
1439830 1990.3
1439840 1989.1
1439850 1989.1
1439860 1987.7
1439870 1984.6
1439880 1984.6
1439890 1985.2
1439900 1985.3
1439910 1985.3
1439920 1983.8
1439930 1985.6
1439940 1985.6
1439950 1994.1
1439960 2004.8
1439970 2004.8
1439980 2016.3
1439990 2022.5
