1420000 695.5
1420010 695.5
1420020 695.6
1420030 695.7
1420040 695.8
1420050 695.8
1420060 695.6
1420070 695.4
1420080 695.4
1420090 695.3
1420100 695.5
1420110 696.5
1420120 696.0
1420130 695.4
1420140 695.4
1420150 695.0
1420160 694.8
1420170 694.8
1420180 694.7
1420190 694.6
1420200 694.6
1420210 694.4
1420220 694.4
1420230 694.3
1420240 694.3
1420250 694.2
1420260 694.2
1420270 694.2
1420280 694.2
1420290 694.1
1420300 694.1
1420310 694.0
1420320 693.9
1420330 693.9
1420340 693.7
1420350 693.6
1420360 693.6
1420370 693.5
1420380 693.4
1420390 693.3
1420400 693.3
1420410 693.2
1420420 693.1
1420430 693.1
1420440 693.0
1420450 692.9
1420460 692.9
1420470 692.9
1420480 693.0
1420490 693.0
1420500 693.1
1420510 693.1
1420520 693.1
1420530 693.2
1420540 693.1
1420550 693.1
1420560 692.9
1420570 692.8
1420580 692.7
1420590 692.7
1420600 692.6
1420610 692.5
1420620 692.5
1420630 692.4
1420640 692.4
1420650 692.4
1420660 692.3
1420670 692.4
1420680 692.4
1420690 692.6
1420700 693.3
1420710 693.3
1420720 695.0
1420730 697.1
1420740 699.6
1420750 699.6
1420760 702.0
1420770 705.1
1420780 705.1
1420790 707.5
1420800 709.4
1420810 709.4
1420820 710.7
1420830 712.1
1420840 712.1
1420850 714.1
1420860 716.6
1420870 716.6
1420880 718.2
1420890 719.2
1420900 719.2
1420910 719.3
1420920 719.5
1420930 720.1
1420940 720.1
1420950 720.5
1420960 720.7
1420970 720.7
1420980 720.9
1420990 721.3
1421000 721.3
1421010 721.9
1421020 723.1
1421030 723.1
1421040 724.2
1421050 724.6
1421060 724.6
1421070 725.0
1421080 725.1
1421090 725.1
1421100 725.5
1421110 728.4
1421120 730.2
1421130 730.2
1421140 728.7
1421150 728.2
1421160 728.2
1421170 730.9
1421180 734.6
1421190 734.6
1421200 738.8
1421210 742.5
1421220 742.5
1421230 746.4
1421240 750.9
1421250 750.9
1421260 756.2
1421270 761.0
1421280 765.3
1421290 765.3
1421300 769.5
1421310 773.7
1421320 773.7
1421330 778.2
1421340 782.4
1421350 782.4
1421360 786.2
1421370 790.0
1421380 790.0
1421390 792.9
1421400 796.3
1421410 796.3
1421420 799.7
1421430 802.6
1421440 802.6
1421450 805.1
1421460 807.9
1421470 811.1
1421480 811.1
1421490 814.2
1421500 816.9
1421510 816.9
1421520 819.8
1421530 823.8
1421540 823.8
1421550 828.5
1421560 831.8
1421570 831.8
1421580 833.6
1421590 833.9
1421600 833.9
1421610 831.2
1421620 817.9
1421630 805.2
1421640 805.2
1421650 793.3
1421660 813.0
1421670 813.0
1421680 831.2
1421690 830.0
1421700 830.0
1421710 831.6
1421720 839.0
1421730 839.0
1421740 843.0
1421750 842.6
1421760 842.6
1421770 842.5
1421780 844.9
1421790 844.9
1421800 846.1
1421810 846.8
1421820 850.9
1421830 850.9
1421840 855.6
1421850 860.1
1421860 860.1
1421870 864.7
1421880 868.3
1421890 868.3
1421900 870.2
1421910 873.0
1421920 873.0
1421930 876.8
1421940 880.9
1421950 880.9
1421960 884.7
1421970 887.8
1421980 890.4
1421990 890.4
1422000 892.4
1422010 893.3
1422020 893.3
1422030 893.1
1422040 894.1
1422050 894.1
1422060 897.1
1422070 901.3
1422080 901.3
1422090 905.3
1422100 912.9
1422110 912.9
1422120 917.2
1422130 921.0
1422140 921.0
1422150 924.9
1422160 926.7
1422170 928.2
1422180 928.2
1422190 929.4
1422200 929.9
1422210 929.9
1422220 929.9
1422230 929.1
1422240 929.1
1422250 924.1
1422260 919.7
1422270 919.7
1422280 922.6
1422290 928.9
1422300 928.9
1422310 932.9
1422320 932.8
1422330 932.8
1422340 931.9
1422350 931.0
1422360 929.0
1422370 929.0
1422380 927.5
1422390 925.9
1422400 925.9
1422410 923.9
1422420 920.8
1422430 920.8
1422440 917.0
1422450 915.9
1422460 915.9
1422470 917.0
1422480 915.8
1422490 915.8
1422500 914.8
1422510 915.6
1422520 919.0
1422530 919.0
1422540 922.2
1422550 924.8
1422560 924.8
1422570 928.0
1422580 932.0
1422590 932.0
1422600 937.8
1422610 942.5
1422620 942.5
1422630 944.5
1422640 945.1
1422650 945.1
1422660 947.4
1422670 949.0
1422680 949.0
1422690 949.1
1422700 952.8
1422710 953.5
1422720 953.5
1422730 952.4
1422740 951.3
1422750 951.3
1422760 949.6
1422770 946.7
1422780 946.7
1422790 944.5
1422800 941.8
1422810 941.8
1422820 938.5
1422830 935.7
1422840 935.7
1422850 932.4
1422860 928.8
1422870 925.2
1422880 925.2
1422890 921.3
1422900 916.7
1422910 916.7
1422920 912.3
1422930 907.2
1422940 907.2
1422950 901.7
1422960 897.2
1422970 897.2
1422980 893.1
1422990 888.6
1423000 888.6
1423010 884.6
1423020 880.7
1423030 880.7
1423040 877.4
1423050 875.0
1423060 872.4
1423070 872.4
1423080 869.8
1423090 868.8
1423100 868.8
1423110 868.5
1423120 867.4
1423130 867.4
1423140 865.4
1423150 863.9
1423160 863.9
1423170 863.6
1423180 864.0
1423190 864.0
1423200 863.9
1423210 863.0
1423220 863.0
1423230 862.2
1423240 861.5
1423250 860.5
1423260 860.5
1423270 859.0
1423280 857.0
1423290 857.0
1423300 855.3
1423310 853.0
1423320 853.0
1423330 850.5
1423340 848.8
1423350 848.8
1423360 849.3
1423370 849.4
1423380 849.4
1423390 848.5
1423400 848.6
1423410 848.3
1423420 848.3
1423430 848.3
1423440 847.1
1423450 847.1
1423460 845.8
1423470 843.9
1423480 843.9
1423490 841.4
1423500 838.4
1423510 838.4
1423520 835.2
1423530 832.9
1423540 832.9
1423550 830.6
1423560 829.2
1423570 829.2
1423580 828.8
1423590 828.5
1423600 828.4
1423610 828.4
1423620 828.4
1423630 828.5
1423640 828.5
1423650 828.5
1423660 828.5
1423670 828.5
1423680 828.6
1423690 828.5
1423700 828.5
1423710 828.5
1423720 828.5
1423730 828.5
1423740 828.6
1423750 828.6
1423760 828.7
1423770 828.7
1423780 828.6
1423790 828.8
1423800 828.8
1423810 829.3
1423820 830.0
1423830 830.0
1423840 831.6
1423850 833.3
1423860 833.3
1423870 834.9
1423880 836.5
1423890 836.5
1423900 838.4
1423910 840.6
1423920 840.6
1423930 842.5
1423940 844.5
1423950 846.6
1423960 846.6
1423970 847.2
1423980 847.2
1423990 847.2
1424000 848.0
1424010 848.2
1424020 848.2
1424030 848.3
1424040 848.9
1424050 848.9
1424060 848.7
1424070 847.9
1424080 847.9
1424090 848.3
1424100 849.9
1424110 848.7
1424120 848.7
1424130 841.8
1424140 830.9
1424150 830.9
1424160 825.5
1424170 822.5
1424180 822.5
1424190 821.6
1424200 821.0
1424210 821.0
1424220 821.0
1424230 821.3
1424240 821.3
1424250 826.5
1424260 836.5
1424270 836.5
1424280 848.2
1424290 851.1
1424300 849.3
1424310 849.3
1424320 846.2
1424330 841.9
1424340 841.9
1424350 836.6
1424360 831.4
1424370 831.4
1424380 828.4
1424390 827.3
1424400 827.3
1424410 826.7
1424420 826.1
1424430 826.1
1424440 826.9
1424450 828.4
1424460 828.4
1424470 828.4
1424480 828.7
1424490 829.3
1424500 829.3
1424510 829.9
1424520 830.3
1424530 830.3
1424540 830.6
1424550 830.1
1424560 830.1
1424570 829.3
1424580 828.1
1424590 828.1
1424600 826.5
1424610 824.9
1424620 824.9
1424630 824.1
1424640 823.2
1424650 823.0
1424660 823.0
1424670 823.5
1424680 823.7
1424690 823.7
1424700 825.1
1424710 828.1
1424720 828.1
1424730 829.3
1424740 827.6
1424750 827.6
1424760 825.4
1424770 824.6
1424780 824.6
1424790 824.5
1424800 825.2
1424810 825.2
1424820 826.4
1424830 827.8
1424840 829.7
1424850 829.7
1424860 831.5
1424870 833.7
1424880 833.7
1424890 834.6
1424900 835.6
1424910 835.6
1424920 838.4
1424930 837.3
1424940 837.3
1424950 835.3
1424960 835.0
1424970 835.0
1424980 830.7
1424990 828.2
1425000 829.7
1425010 829.7
1425020 831.3
1425030 830.8
1425040 830.8
1425050 831.0
1425060 831.6
1425070 831.6
1425080 831.8
1425090 831.4
1425100 831.4
1425110 831.9
1425120 832.4
1425130 832.4
1425140 833.1
1425150 833.3
1425160 833.3
1425170 832.9
1425180 832.4
1425190 832.6
1425200 832.6
1425210 833.3
1425220 833.9
1425230 833.9
1425240 834.6
1425250 835.1
1425260 835.1
1425270 835.3
1425280 835.1
1425290 835.1
1425300 835.1
1425310 834.2
1425320 834.2
1425330 832.5
1425340 829.9
1425350 826.5
1425360 826.5
1425370 823.2
1425380 820.7
1425390 820.7
1425400 818.6
1425410 816.6
1425420 816.6
1425430 816.6
1425440 816.7
1425450 816.7
1425460 816.5
1425470 816.5
1425480 816.5
1425490 816.5
1425500 816.2
1425510 816.2
1425520 815.9
1425530 815.8
1425540 816.0
1425550 816.0
1425560 815.9
1425570 815.5
1425580 815.5
1425590 815.2
1425600 814.8
1425610 814.8
1425620 814.3
1425630 814.0
1425640 814.0
1425650 814.1
1425660 813.8
1425670 813.8
1425680 812.1
1425690 808.8
1425700 808.8
1425710 809.9
1425720 811.6
1425730 811.6
1425740 811.6
1425750 811.3
1425760 811.3
1425770 811.3
1425780 810.5
1425790 806.9
1425800 806.9
1425810 808.4
1425820 812.6
1425830 812.6
1425840 813.7
1425850 814.8
1425860 814.8
1425870 815.4
1425880 814.8
1425890 814.5
1425900 814.5
1425910 813.9
1425920 813.0
1425930 813.0
1425940 812.4
1425950 811.0
1425960 811.0
1425970 806.2
1425980 800.6
1425990 800.6
1426000 798.6
1426010 801.8
1426020 801.8
1426030 803.1
1426040 802.3
1426050 802.3
1426060 800.2
1426070 798.0
1426080 796.3
1426090 796.3
1426100 794.7
1426110 793.4
1426120 793.4
1426130 791.2
1426140 788.4
1426150 788.4
1426160 785.2
1426170 781.6
1426180 781.6
1426190 779.6
1426200 778.4
1426210 778.4
1426220 776.2
1426230 774.0
1426240 772.7
1426250 772.7
1426260 772.0
1426270 771.2
1426280 773.4
1426290 775.6
1426300 777.7
1426310 777.7
1426320 778.4
1426330 778.5
1426340 778.5
1426350 778.5
1426360 778.8
1426370 778.8
1426380 778.8
1426390 779.2
1426400 779.2
1426410 780.1
1426420 780.8
1426430 783.3
1426440 783.3
1426450 784.2
1426460 783.5
1426470 783.5
1426480 784.0
1426490 784.1
1426500 784.1
1426510 782.7
1426520 781.1
1426530 781.1
1426540 779.5
1426550 777.0
1426560 777.0
1426570 775.4
1426580 774.8
1426590 773.4
1426600 773.4
1426610 774.5
1426620 775.8
1426630 775.8
1426640 776.0
1426650 774.9
1426660 774.9
1426670 772.8
1426680 771.1
1426690 771.1
1426700 768.8
1426710 765.7
1426720 765.7
1426730 762.3
1426740 758.6
1426750 758.6
1426760 754.5
1426770 750.9
1426780 747.5
1426790 747.5
1426800 743.9
1426810 739.4
1426820 739.4
1426830 736.1
1426840 734.3
1426850 734.3
1426860 732.2
1426870 730.8
1426880 730.8
1426890 729.3
1426900 728.7
1426910 728.7
1426920 729.3
1426930 728.8
1426940 728.8
1426950 727.9
1426960 726.8
1426970 726.3
1426980 726.3
1426990 725.2
1427000 722.3
1427010 722.3
1427020 717.6
1427030 710.2
1427040 710.2
1427050 705.0
1427060 702.5
1427070 702.5
1427080 699.8
1427090 697.5
1427100 697.5
1427110 694.8
1427120 692.3
1427130 690.1
1427140 690.1
1427150 688.0
1427160 686.0
1427170 686.0
1427180 684.5
1427190 683.0
1427200 683.0
1427210 681.0
1427220 679.2
1427230 679.2
1427240 677.3
1427250 676.0
1427260 676.0
1427270 675.0
1427280 673.6
1427290 673.6
1427300 671.4
1427310 669.2
1427320 667.6
1427330 667.6
1427340 666.2
1427350 663.9
1427360 663.9
1427370 661.8
1427380 661.2
1427390 661.2
1427400 661.2
1427410 660.8
1427420 660.8
1427430 660.0
1427440 659.3
1427450 659.3
1427460 658.4
1427470 657.5
1427480 655.3
1427490 655.3
1427500 653.5
1427510 652.0
1427520 652.0
1427530 651.1
1427540 651.1
1427550 651.1
1427560 651.3
1427570 651.3
1427580 651.3
1427590 651.2
1427600 651.1
1427610 651.1
1427620 651.1
1427630 651.1
1427640 651.1
1427650 651.0
1427660 650.9
1427670 650.9
1427680 650.9
1427690 650.9
1427700 650.8
1427710 650.8
1427720 650.7
1427730 650.6
1427740 650.6
1427750 650.6
1427760 650.6
1427770 650.6
1427780 650.6
1427790 650.5
1427800 650.5
1427810 650.4
1427820 650.4
1427830 650.4
1427840 650.4
1427850 650.4
1427860 650.4
1427870 650.4
1427880 650.4
1427890 650.5
1427900 650.5
1427910 650.5
1427920 650.4
1427930 650.4
1427940 650.4
1427950 650.3
1427960 650.3
1427970 650.3
1427980 650.4
1427990 650.4
1428000 650.3
1428010 650.2
1428020 650.2
1428030 650.2
1428040 650.7
1428050 650.6
1428060 650.6
1428070 650.7
1428080 650.8
1428090 650.8
1428100 650.4
1428110 650.2
1428120 650.2
1428130 650.3
1428140 650.3
1428150 650.3
1428160 650.4
1428170 650.5
1428180 650.5
1428190 651.1
1428200 651.0
1428210 651.0
1428220 651.0
1428230 651.0
1428240 650.7
1428250 650.7
1428260 650.3
1428270 650.1
1428280 650.1
1428290 650.1
1428300 650.1
1428310 650.1
1428320 650.1
1428330 650.1
1428340 650.1
1428350 650.0
1428360 649.9
1428370 649.8
1428380 649.8
1428390 649.7
1428400 649.7
1428410 649.7
1428420 649.7
1428430 649.7
1428440 649.7
1428450 649.7
1428460 650.6
1428470 650.6
1428480 651.4
1428490 650.2
1428500 650.2
1428510 649.6
1428520 649.4
1428530 649.4
1428540 649.3
1428550 649.1
1428560 649.1
1428570 649.1
1428580 649.3
1428590 649.4
1428600 649.4
1428610 649.3
1428620 648.9
1428630 648.9
1428640 648.4
1428650 649.1
1428660 649.1
1428670 649.2
1428680 648.2
1428690 648.2
1428700 647.6
1428710 647.8
1428720 648.2
1428730 648.2
1428740 648.4
1428750 648.6
1428760 648.6
1428770 648.6
1428780 648.6
1428790 648.6
1428800 648.7
1428810 648.7
1428820 648.7
1428830 648.4
1428840 648.4
1428850 648.4
1428860 648.3
1428870 648.2
1428880 648.2
1428890 648.2
1428900 648.4
1428910 648.4
1428920 648.4
1428930 648.3
1428940 648.4
1428950 648.4
1428960 648.3
1428970 648.3
1428980 648.3
1428990 648.3
1429000 648.3
1429010 648.3
1429020 648.3
1429030 648.4
1429040 648.4
1429050 648.6
1429060 648.6
1429070 648.6
1429080 648.4
1429090 648.6
1429100 648.1
1429110 648.1
1429120 647.8
1429130 648.1
1429140 648.1
1429150 648.1
1429160 648.0
1429170 648.0
1429180 648.0
1429190 648.0
1429200 648.0
1429210 648.0
1429220 648.0
1429230 648.0
1429240 648.0
1429250 647.9
1429260 647.9
1429270 647.9
1429280 648.2
1429290 648.1
1429300 648.1
1429310 648.2
1429320 648.2
1429330 648.2
1429340 648.1
1429350 648.1
1429360 648.1
1429370 648.3
1429380 648.2
1429390 648.2
1429400 647.5
1429410 646.6
1429420 646.6
1429430 646.3
1429440 646.3
1429450 646.3
1429460 646.3
1429470 646.3
1429480 646.4
1429490 646.4
1429500 647.5
1429510 648.4
1429520 648.4
1429530 648.5
1429540 649.1
1429550 649.1
1429560 650.1
1429570 651.4
1429580 651.4
1429590 649.5
1429600 647.7
1429610 647.6
1429620 647.6
1429630 647.6
1429640 647.5
1429650 647.5
1429660 647.5
1429670 647.7
1429680 647.7
1429690 650.4
1429700 651.3
1429710 651.3
1429720 651.2
1429730 651.1
1429740 651.1
1429750 651.0
1429760 650.8
1429770 650.8
1429780 651.1
1429790 649.5
1429800 647.6
1429810 647.6
1429820 647.5
1429830 647.7
1429840 647.7
1429850 648.1
1429860 648.1
1429870 648.1
1429880 648.2
1429890 648.9
1429900 648.9
1429910 647.9
1429920 647.6
1429930 647.6
1429940 647.7
1429950 648.0
1429960 648.1
1429970 648.1
1429980 647.8
1429990 647.4
1430000 647.4
1430010 647.1
1430020 647.0
1430030 647.0
1430040 646.9
1430050 646.9
1430060 646.9
1430070 646.7
1430080 646.7
1430090 646.7
1430100 646.7
1430110 646.7
1430120 646.7
1430130 646.2
1430140 646.5
1430150 646.6
1430160 646.6
1430170 646.6
1430180 646.5
1430190 646.5
1430200 646.4
1430210 646.4
1430220 646.4
1430230 646.4
1430240 646.3
1430250 646.3
1430260 646.2
1430270 646.2
1430280 646.2
1430290 646.1
1430300 646.1
1430310 646.1
1430320 646.1
1430330 646.1
1430340 646.1
1430350 646.1
1430360 646.1
1430370 646.0
1430380 646.0
1430390 646.0
1430400 645.9
1430410 645.9
1430420 645.9
1430430 645.9
1430440 645.9
1430450 645.9
1430460 646.0
1430470 646.0
1430480 646.0
1430490 645.8
1430500 645.6
1430510 645.6
1430520 645.6
1430530 645.6
1430540 645.6
1430550 645.5
1430560 645.5
1430570 645.5
1430580 645.5
1430590 645.4
1430600 645.4
1430610 645.3
1430620 645.2
1430630 645.2
1430640 645.2
1430650 645.2
1430660 645.2
1430670 645.2
1430680 645.3
1430690 645.0
1430700 645.0
1430710 645.1
1430720 645.5
1430730 645.5
1430740 645.5
1430750 645.4
1430760 645.4
1430770 645.3
1430780 645.2
1430790 645.3
1430800 645.3
1430810 645.3
1430820 645.3
1430830 645.2
1430840 645.1
1430850 645.0
1430860 645.0
1430870 645.0
1430880 644.8
1430890 644.8
1430900 644.9
1430910 645.0
1430920 645.0
1430930 645.1
1430940 645.0
1430950 645.0
1430960 645.0
1430970 644.9
1430980 644.9
1430990 645.0
1431000 644.9
1431010 644.9
1431020 644.9
1431030 644.9
1431040 644.9
1431050 644.9
1431060 644.8
1431070 644.8
1431080 644.8
1431090 645.0
1431100 645.7
1431110 645.7
1431120 645.6
1431130 645.4
1431140 645.4
1431150 645.6
1431160 645.7
1431170 645.7
1431180 645.5
1431190 645.7
1431200 645.7
1431210 645.8
1431220 645.7
1431230 645.9
1431240 645.9
1431250 646.8
1431260 647.2
1431270 647.2
1431280 647.6
1431290 650.6
1431300 650.6
1431310 653.1
1431320 655.3
1431330 655.3
1431340 659.4
1431350 665.5
1431360 665.5
1431370 671.6
1431380 678.7
1431390 685.1
1431400 685.1
1431410 692.6
1431420 699.9
1431430 699.9
1431440 706.6
1431450 712.4
1431460 712.4
1431470 717.5
1431480 720.8
1431490 720.8
1431500 722.1
1431510 722.7
1431520 722.7
1431530 723.1
1431540 723.7
1431550 723.7
1431560 723.6
1431570 725.0
1431580 728.2
1431590 728.2
1431600 730.8
1431610 733.5
1431620 733.5
1431630 736.8
1431640 741.4
1431650 741.4
1431660 745.5
1431670 749.1
1431680 749.1
1431690 752.6
1431700 756.0
1431710 756.0
1431720 759.8
1431730 764.1
1431740 768.5
1431750 768.5
1431760 772.7
1431770 777.2
1431780 777.2
1431790 782.1
1431800 785.9
1431810 785.9
1431820 789.7
1431830 792.0
1431840 792.0
1431850 793.4
1431860 795.8
1431870 795.8
1431880 799.1
1431890 804.0
1431900 804.0
1431910 808.8
1431920 811.4
1431930 813.2
1431940 813.2
1431950 815.2
1431960 817.2
1431970 817.2
1431980 819.3
1431990 821.6
1432000 821.6
1432010 825.3
1432020 829.0
1432030 829.0
1432040 830.8
1432050 831.8
1432060 831.8
1432070 834.5
1432080 836.3
1432090 838.2
1432100 838.2
1432110 841.0
1432120 843.7
1432130 843.7
1432140 846.5
1432150 849.6
1432160 849.6
1432170 851.9
1432180 853.2
1432190 853.2
1432200 854.7
1432210 856.8
1432220 856.8
1432230 859.8
1432240 861.4
1432250 861.4
1432260 863.3
1432270 865.3
1432280 868.1
1432290 868.1
1432300 870.8
1432310 873.0
1432320 873.0
1432330 875.3
1432340 876.5
1432350 876.5
1432360 877.5
1432370 879.8
1432380 879.8
1432390 882.5
1432400 885.7
1432410 885.7
1432420 888.5
1432430 890.5
1432440 890.5
1432450 893.1
1432460 896.6
1432470 900.8
1432480 900.8
1432490 904.2
1432500 908.8
1432510 908.8
1432520 912.8
1432530 914.4
1432540 914.4
1432550 915.9
1432560 917.2
1432570 917.2
1432580 919.2
1432590 922.3
1432600 922.3
1432610 924.7
1432620 926.8
1432630 929.2
1432640 929.2
1432650 935.2
1432660 939.8
1432670 939.8
1432680 939.2
1432690 941.4
1432700 941.4
1432710 949.2
1432720 952.6
1432730 952.6
1432740 953.4
1432750 953.0
1432760 953.0
1432770 952.1
1432780 952.0
1432790 952.0
1432800 955.5
1432810 959.9
1432820 965.8
1432830 965.8
1432840 971.5
1432850 974.7
1432860 974.7
1432870 976.9
1432880 978.0
1432890 978.0
1432900 979.2
1432910 980.2
1432920 980.2
1432930 981.6
1432940 983.3
1432950 983.3
1432960 984.7
1432970 986.6
1432980 988.5
1432990 988.5
1433000 989.0
1433010 989.6
1433020 989.6
1433030 990.2
1433040 990.8
1433050 990.8
1433060 992.5
1433070 994.5
1433080 994.5
1433090 995.6
1433100 996.0
1433110 996.0
1433120 994.0
1433130 992.2
1433140 992.2
1433150 995.5
1433160 1001.3
1433170 1005.7
1433180 1005.7
1433190 1002.2
1433200 1004.9
1433210 1004.9
1433220 1008.1
1433230 1010.6
1433240 1010.6
1433250 1012.4
1433260 1014.7
1433270 1014.7
1433280 1018.0
1433290 1022.2
1433300 1022.2
1433310 1025.3
1433320 1026.2
1433330 1028.5
1433340 1028.5
1433350 1031.7
1433360 1037.3
1433370 1037.3
1433380 1043.4
1433390 1050.5
1433400 1050.5
1433410 1056.4
1433420 1060.3
1433430 1060.3
1433440 1062.5
1433450 1065.8
1433460 1065.8
1433470 1068.6
1433480 1070.8
1433490 1070.8
1433500 1072.7
1433510 1074.1
1433520 1075.2
1433530 1075.2
1433540 1076.3
1433550 1076.6
1433560 1076.6
1433570 1076.2
1433580 1076.4
1433590 1076.4
1433600 1078.3
1433610 1081.4
1433620 1081.4
1433630 1084.2
1433640 1085.7
1433650 1085.7
1433660 1086.1
1433670 1086.8
1433680 1086.8
1433690 1087.7
1433700 1089.5
1433710 1091.6
1433720 1091.6
1433730 1094.4
1433740 1097.1
1433750 1097.1
1433760 1101.4
1433770 1106.6
1433780 1106.6
1433790 1112.5
1433800 1118.7
1433810 1118.7
1433820 1123.4
1433830 1127.1
1433840 1127.1
1433850 1130.7
1433860 1134.4
1433870 1136.4
1433880 1136.4
1433890 1139.7
1433900 1147.8
1433910 1147.8
1433920 1154.1
1433930 1159.4
1433940 1159.4
1433950 1164.4
1433960 1169.2
1433970 1169.2
1433980 1173.7
1433990 1177.5
1434000 1177.5
1434010 1180.6
1434020 1183.7
1434030 1183.7
1434040 1186.9
1434050 1191.0
1434060 1195.7
1434070 1195.7
1434080 1200.9
1434090 1205.8
1434100 1205.8
1434110 1210.4
1434120 1212.5
1434130 1212.5
1434140 1210.4
1434150 1205.9
1434160 1205.9
1434170 1202.5
1434180 1199.3
1434190 1199.3
1434200 1197.3
1434210 1196.4
1434220 1198.0
1434230 1198.0
1434240 1202.8
1434250 1208.2
1434260 1208.2
1434270 1209.4
1434280 1208.6
1434290 1208.6
1434300 1210.7
1434310 1216.0
1434320 1216.0
1434330 1222.7
1434340 1224.7
1434350 1224.7
1434360 1226.5
1434370 1233.9
1434380 1233.9
1434390 1242.2
1434400 1253.6
1434410 1260.0
1434420 1260.0
1434430 1261.5
1434440 1263.2
1434450 1263.2
1434460 1264.9
1434470 1266.2
1434480 1266.2
1434490 1267.0
1434500 1267.6
1434510 1267.6
1434520 1267.5
1434530 1267.0
1434540 1267.0
1434550 1266.3
1434560 1265.4
1434570 1265.4
1434580 1264.1
1434590 1261.6
1434600 1259.3
1434610 1259.3
1434620 1256.9
1434630 1254.8
1434640 1254.8
1434650 1252.4
1434660 1248.9
1434670 1248.9
1434680 1244.7
1434690 1241.5
1434700 1241.5
1434710 1238.4
1434720 1235.3
1434730 1235.3
1434740 1232.3
1434750 1229.3
1434760 1227.0
1434770 1227.0
1434780 1225.5
1434790 1224.9
1434800 1224.9
1434810 1224.8
1434820 1224.6
1434830 1224.6
1434840 1222.3
1434850 1218.6
1434860 1218.6
1434870 1215.2
1434880 1209.8
1434890 1209.8
1434900 1205.2
1434910 1202.4
1434920 1202.4
1434930 1199.2
1434940 1196.3
1434950 1195.7
1434960 1195.7
1434970 1191.8
1434980 1187.1
1434990 1187.1
1435000 1184.1
1435010 1182.3
1435020 1182.3
1435030 1181.2
1435040 1180.3
1435050 1180.3
1435060 1178.3
1435070 1177.0
1435080 1177.0
1435090 1176.1
1435100 1174.4
1435110 1172.0
1435120 1172.0
1435130 1170.3
1435140 1167.5
1435150 1167.5
1435160 1164.9
1435170 1168.4
1435180 1168.4
1435190 1172.0
1435200 1172.5
1435210 1172.5
1435220 1172.1
1435230 1171.6
1435240 1171.6
1435250 1171.3
1435260 1170.8
1435270 1170.8
1435280 1169.6
1435290 1168.3
1435300 1166.0
1435310 1166.0
1435320 1161.3
1435330 1155.4
1435340 1155.4
1435350 1150.7
1435360 1146.0
1435370 1146.0
1435380 1136.1
1435390 1127.9
1435400 1127.9
1435410 1119.3
1435420 1115.6
1435430 1115.6
1435440 1121.6
1435450 1130.3
1435460 1140.1
1435470 1140.1
1435480 1149.9
1435490 1161.2
1435500 1161.2
1435510 1171.8
1435520 1179.1
1435530 1179.1
1435540 1182.3
1435550 1189.8
1435560 1189.8
1435570 1199.8
1435580 1208.0
1435590 1208.0
1435600 1218.5
1435610 1226.7
1435620 1226.7
1435630 1232.8
1435640 1239.2
1435650 1245.9
1435660 1245.9
1435670 1253.1
1435680 1260.0
1435690 1260.0
1435700 1265.4
1435710 1272.5
1435720 1272.5
1435730 1279.2
1435740 1284.7
1435750 1284.7
1435760 1289.1
1435770 1293.0
1435780 1293.0
1435790 1297.3
1435800 1302.8
1435810 1302.8
1435820 1308.1
1435830 1313.0
1435840 1318.0
1435850 1318.0
1435860 1323.1
1435870 1328.2
1435880 1328.2
1435890 1333.0
1435900 1337.7
1435910 1337.7
1435920 1342.8
1435930 1348.9
1435940 1348.9
1435950 1355.8
1435960 1361.4
1435970 1361.4
1435980 1366.0
1435990 1369.9
1436000 1373.5
1436010 1373.5
1436020 1376.7
1436030 1380.1
1436040 1380.1
1436050 1383.0
1436060 1386.0
1436070 1386.0
1436080 1388.9
1436090 1391.9
1436100 1391.9
1436110 1394.7
1436120 1397.5
1436130 1397.5
1436140 1400.2
1436150 1403.1
1436160 1403.1
1436170 1406.5
1436180 1410.1
1436190 1413.2
1436200 1413.2
1436210 1416.1
1436220 1420.0
1436230 1420.0
1436240 1423.8
1436250 1427.1
1436260 1427.1
1436270 1430.5
1436280 1434.9
1436290 1434.9
1436300 1439.2
1436310 1441.4
1436320 1441.4
1436330 1442.8
1436340 1443.2
1436350 1443.2
1436360 1443.2
1436370 1443.1
1436380 1442.9
1436390 1442.9
1436400 1442.0
1436410 1439.6
1436420 1439.6
1436430 1439.8
1436440 1440.8
1436450 1440.8
1436460 1441.0
1436470 1441.5
1436480 1441.5
1436490 1441.5
1436500 1442.2
1436510 1442.2
1436520 1443.7
1436530 1445.5
1436540 1446.9
1436550 1446.9
1436560 1448.1
1436570 1450.2
1436580 1450.2
1436590 1453.1
1436600 1455.3
1436610 1455.3
1436620 1455.3
1436630 1455.7
1436640 1455.7
1436650 1456.4
1436660 1457.8
1436670 1457.8
1436680 1461.6
1436690 1466.5
1436700 1471.3
1436710 1471.3
1436720 1475.7
1436730 1479.1
1436740 1479.1
1436750 1481.5
1436760 1484.5
1436770 1484.5
1436780 1488.2
1436790 1491.6
1436800 1491.6
1436810 1493.7
1436820 1495.5
1436830 1495.5
1436840 1498.4
1436850 1502.1
1436860 1502.1
1436870 1505.7
1436880 1510.0
1436890 1514.6
1436900 1514.6
1436910 1517.7
1436920 1520.1
1436930 1520.1
1436940 1521.9
1436950 1522.8
1436960 1522.8
1436970 1523.5
1436980 1522.2
1436990 1522.2
1437000 1519.7
1437010 1519.0
1437020 1519.0
1437030 1518.4
1437040 1517.4
1437050 1517.4
1437060 1516.6
1437070 1515.6
1437080 1511.8
1437090 1511.8
1437100 1507.2
1437110 1508.0
1437120 1508.0
1437130 1512.5
1437140 1515.5
1437150 1515.5
1437160 1518.6
1437170 1523.9
1437180 1523.9
1437190 1527.6
1437200 1527.8
1437210 1527.8
1437220 1525.0
1437230 1518.6
1437240 1512.0
1437250 1512.0
1437260 1504.1
1437270 1511.7
1437280 1511.7
1437290 1519.1
1437300 1529.3
1437310 1529.3
1437320 1540.1
1437330 1547.0
1437340 1547.0
1437350 1554.7
1437360 1561.5
1437370 1561.5
1437380 1568.8
1437390 1575.9
1437400 1575.9
1437410 1581.4
1437420 1587.1
1437430 1592.7
1437440 1592.7
1437450 1599.4
1437460 1606.3
1437470 1606.3
1437480 1612.6
1437490 1620.6
1437500 1620.6
1437510 1633.0
1437520 1645.4
1437530 1645.4
1437540 1654.0
1437550 1662.9
1437560 1662.9
1437570 1672.2
1437580 1682.5
1437590 1689.9
1437600 1689.9
1437610 1697.4
1437620 1704.8
1437630 1704.8
1437640 1711.2
1437650 1716.9
1437660 1716.9
1437670 1721.8
1437680 1726.6
1437690 1726.6
1437700 1731.4
1437710 1736.4
1437720 1736.4
1437730 1741.5
1437740 1746.6
1437750 1746.6
1437760 1752.4
1437770 1757.3
1437780 1764.1
1437790 1764.1
1437800 1769.8
1437810 1775.0
1437820 1775.0
1437830 1780.7
1437840 1787.4
1437850 1787.4
1437860 1796.1
1437870 1806.2
1437880 1806.2
1437890 1812.0
1437900 1819.8
1437910 1819.8
1437920 1827.7
1437930 1833.5
1437940 1837.9
1437950 1837.9
1437960 1841.0
1437970 1841.0
1437980 1841.0
1437990 1840.8
1438000 1841.3
1438010 1841.3
1438020 1842.4
1438030 1844.3
1438040 1844.3
1438050 1847.0
1438060 1852.0
1438070 1852.0
1438080 1859.4
1438090 1867.7
1438100 1867.7
1438110 1875.7
1438120 1881.1
1438130 1884.7
1438140 1884.7
1438150 1887.3
1438160 1889.0
1438170 1889.0
1438180 1888.7
1438190 1887.1
1438200 1887.1
1438210 1884.9
1438220 1881.9
1438230 1881.9
1438240 1876.7
1438250 1871.2
1438260 1871.2
1438270 1868.7
1438280 1869.4
1438290 1869.4
1438300 1872.1
1438310 1876.4
1438320 1882.0
1438330 1882.0
1438340 1889.0
1438350 1895.1
1438360 1902.1
1438370 1907.7
1438380 1913.5
1438390 1913.5
1438400 1918.9
1438410 1924.1
1438420 1924.1
1438430 1929.2
1438440 1934.4
1438450 1934.4
1438460 1939.4
1438470 1944.5
1438480 1949.8
1438490 1949.8
1438500 1954.6
1438510 1959.8
1438520 1959.8
1438530 1964.9
1438540 1970.0
1438550 1970.0
1438560 1975.6
1438570 1981.3
1438580 1981.3
1438590 1987.2
1438600 1993.2
1438610 1993.2
1438620 2000.1
1438630 2008.0
1438640 2008.0
1438650 2015.7
1438660 2022.8
1438670 2029.5
1438680 2029.5
1438690 2035.6
1438700 2041.4
1438710 2041.4
1438720 2047.4
1438730 2053.2
1438740 2053.2
1438750 2058.5
1438760 2063.3
1438770 2063.3
1438780 2067.0
1438790 2071.6
1438800 2071.6
1438810 2077.1
1438820 2081.6
1438830 2085.0
1438840 2085.0
1438850 2086.9
1438860 2088.8
1438870 2088.8
1438880 2090.7
1438890 2093.8
1438900 2093.8
1438910 2097.0
1438920 2099.9
1438930 2099.9
1438940 2102.9
1438950 2106.1
1438960 2106.1
1438970 2108.6
1438980 2111.5
1438990 2111.5
1439000 2114.5
1439010 2115.7
1439020 2114.0
1439030 2114.0
1439040 2110.9
1439050 2105.7
1439060 2105.7
1439070 2094.4
1439080 2087.7
1439090 2087.7
1439100 2083.5
1439110 2085.2
1439120 2085.2
1439130 2088.4
1439140 2092.9
1439150 2092.9
1439160 2097.9
1439170 2100.1
1439180 2100.5
1439190 2100.5
1439200 2100.3
1439210 2099.6
1439220 2099.6
1439230 2098.6
1439240 2096.8
1439250 2096.8
1439260 2095.1
1439270 2093.6
1439280 2093.6
1439290 2092.4
1439300 2092.1
1439310 2092.1
1439320 2094.0
1439330 2095.6
1439340 2095.6
1439350 2096.0
1439360 2096.5
1439370 2097.2
1439380 2097.2
1439390 2098.8
1439400 2100.8
1439410 2100.8
1439420 2102.9
1439430 2102.7
1439440 2102.7
1439450 2100.3
1439460 2096.0
1439470 2096.0
1439480 2094.5
1439490 2095.8
1439500 2095.8
1439510 2095.7
1439520 2094.8
1439530 2094.8
1439540 2094.2
1439550 2094.1
1439560 2092.3
1439570 2092.3
1439580 2103.4
1439590 2115.9
1439600 2115.9
1439610 2125.2
1439620 2133.4
1439630 2133.4
1439640 2139.7
1439650 2143.6
1439660 2143.6
1439670 2146.1
1439680 2147.9
1439690 2147.9
1439700 2151.6
1439710 2161.8
1439720 2169.4
1439730 2169.4
1439740 2174.2
1439750 2185.0
1439760 2185.0
1439770 2195.1
1439780 2202.8
1439790 2202.8
1439800 2209.0
1439810 2215.9
1439820 2215.9
1439830 2226.5
1439840 2236.7
1439850 2236.7
1439860 2242.1
1439870 2250.0
1439880 2250.0
1439890 2260.0
1439900 2268.5
1439910 2279.5
1439920 2279.5
1439930 2281.1
1439940 2283.9
1439950 2283.9
1439960 2285.9
1439970 2282.7
1439980 2282.7
1439990 2284.0
