1420000 683.9
1420010 683.9
1420020 683.8
1420030 683.6
1420040 683.6
1420050 683.6
1420060 683.8
1420070 683.7
1420080 683.7
1420090 683.5
1420100 683.5
1420110 683.5
1420120 683.5
1420130 683.5
1420140 683.5
1420150 683.5
1420160 683.6
1420170 683.6
1420180 683.5
1420190 683.3
1420200 683.4
1420210 683.4
1420220 683.1
1420230 683.0
1420240 683.0
1420250 683.1
1420260 683.0
1420270 683.0
1420280 683.0
1420290 683.1
1420300 683.1
1420310 683.1
1420320 683.1
1420330 683.1
1420340 683.0
1420350 683.1
1420360 683.1
1420370 683.1
1420380 683.0
1420390 683.0
1420400 683.0
1420410 683.1
1420420 682.9
1420430 682.9
1420440 681.8
1420450 680.5
1420460 680.5
1420470 680.3
1420480 680.4
1420490 680.4
1420500 678.9
1420510 677.5
1420520 677.5
1420530 679.3
1420540 680.7
1420550 680.7
1420560 680.2
1420570 680.3
1420580 681.2
1420590 681.2
1420600 681.8
1420610 682.1
1420620 682.1
1420630 682.4
1420640 682.4
1420650 682.4
1420660 682.4
1420670 682.4
1420680 682.4
1420690 682.4
1420700 682.5
1420710 682.5
1420720 682.4
1420730 682.3
1420740 682.2
1420750 682.2
1420760 682.1
1420770 682.0
1420780 682.0
1420790 682.1
1420800 682.0
1420810 682.0
1420820 681.8
1420830 681.8
1420840 681.8
1420850 681.7
1420860 681.7
1420870 681.7
1420880 681.6
1420890 681.5
1420900 681.5
1420910 681.4
1420920 681.3
1420930 681.3
1420940 681.3
1420950 681.3
1420960 681.2
1420970 681.2
1420980 681.1
1420990 681.0
1421000 681.0
1421010 680.9
1421020 680.9
1421030 680.9
1421040 681.1
1421050 681.0
1421060 681.0
1421070 681.1
1421080 681.0
1421090 681.0
1421100 681.1
1421110 681.1
1421120 681.1
1421130 681.1
1421140 681.0
1421150 680.9
1421160 680.9
1421170 680.9
1421180 680.9
1421190 680.9
1421200 681.1
1421210 681.6
1421220 681.6
1421230 681.2
1421240 681.1
1421250 681.1
1421260 681.1
1421270 681.1
1421280 681.1
1421290 681.1
1421300 681.1
1421310 681.0
1421320 681.0
1421330 680.1
1421340 679.5
1421350 679.5
1421360 679.4
1421370 679.3
1421380 679.3
1421390 679.2
1421400 679.0
1421410 679.0
1421420 678.7
1421430 678.6
1421440 678.6
1421450 678.6
1421460 678.6
1421470 678.5
1421480 678.5
1421490 678.4
1421500 678.2
1421510 678.2
1421520 678.0
1421530 678.0
1421540 678.0
1421550 678.2
1421560 678.5
1421570 678.5
1421580 678.3
1421590 678.2
1421600 678.2
1421610 678.2
1421620 678.2
1421630 678.2
1421640 678.3
1421650 678.4
1421660 678.4
1421670 678.4
1421680 678.3
1421690 678.3
1421700 678.3
1421710 678.3
1421720 678.2
1421730 678.2
1421740 678.1
1421750 678.0
1421760 678.0
1421770 677.8
1421780 677.6
1421790 677.6
1421800 677.4
1421810 677.3
1421820 677.3
1421830 677.3
1421840 677.2
1421850 677.0
1421860 677.0
1421870 676.8
1421880 676.7
1421890 676.7
1421900 676.6
1421910 676.7
1421920 676.7
1421930 676.5
1421940 676.3
1421950 676.3
1421960 676.3
1421970 676.2
1421980 676.2
1421990 676.1
1422000 676.0
1422010 676.0
1422020 676.0
1422030 675.9
1422040 675.9
1422050 675.9
1422060 676.0
1422070 676.0
1422080 676.0
1422090 676.0
1422100 676.0
1422110 676.0
1422120 675.9
1422130 675.8
1422140 675.8
1422150 675.7
1422160 675.6
1422170 675.6
1422180 675.6
1422190 675.7
1422200 675.8
1422210 675.8
1422220 675.9
1422230 675.7
1422240 675.7
1422250 675.6
1422260 675.4
1422270 675.4
1422280 675.3
1422290 675.2
1422300 675.2
1422310 674.9
1422320 674.9
1422330 674.9
1422340 674.8
1422350 674.7
1422360 674.6
1422370 674.6
1422380 674.6
1422390 674.6
1422400 674.6
1422410 674.3
1422420 674.4
1422430 674.4
1422440 674.6
1422450 674.6
1422460 674.6
1422470 674.5
1422480 674.4
1422490 674.4
1422500 674.2
1422510 674.0
1422520 674.0
1422530 673.8
1422540 673.6
1422550 673.5
1422560 673.5
1422570 673.4
1422580 673.2
1422590 673.2
1422600 673.1
1422610 673.0
1422620 673.0
1422630 673.0
1422640 673.0
1422650 673.0
1422660 673.2
1422670 673.4
1422680 673.4
1422690 673.3
1422700 673.2
1422710 673.0
1422720 673.0
1422730 672.9
1422740 673.0
1422750 673.0
1422760 672.8
1422770 672.6
1422780 672.6
1422790 672.4
1422800 672.3
1422810 672.3
1422820 672.2
1422830 672.2
1422840 672.2
1422850 672.2
1422860 672.0
1422870 672.0
1422880 671.7
1422890 671.7
1422900 671.9
1422910 671.9
1422920 672.0
1422930 672.0
1422940 672.0
1422950 672.0
1422960 672.0
1422970 672.0
1422980 671.9
1422990 671.4
1423000 671.4
1423010 671.2
1423020 671.2
1423030 671.2
1423040 671.3
1423050 671.1
1423060 671.1
1423070 670.9
1423080 670.8
1423090 670.8
1423100 670.8
1423110 670.7
1423120 670.5
1423130 670.5
1423140 670.4
1423150 670.3
1423160 670.3
1423170 670.2
1423180 670.0
1423190 670.0
1423200 669.9
1423210 669.8
1423220 669.8
1423230 669.8
1423240 669.7
1423250 669.7
1423260 669.7
1423270 669.6
1423280 669.5
1423290 669.5
1423300 669.4
1423310 669.2
1423320 669.2
1423330 668.8
1423340 668.6
1423350 668.6
1423360 668.7
1423370 668.7
1423380 668.7
1423390 668.2
1423400 667.2
1423410 667.2
1423420 666.5
1423430 666.0
1423440 665.4
1423450 665.4
1423460 665.0
1423470 665.1
1423480 665.1
1423490 665.2
1423500 665.3
1423510 665.3
1423520 665.2
1423530 665.1
1423540 665.1
1423550 665.0
1423560 665.1
1423570 665.1
1423580 665.1
1423590 664.9
1423600 664.9
1423610 664.9
1423620 664.9
1423630 664.7
1423640 664.7
1423650 664.7
1423660 664.6
1423670 664.6
1423680 665.1
1423690 665.3
1423700 665.3
1423710 664.7
1423720 664.8
1423730 664.8
1423740 664.8
1423750 665.0
1423760 665.0
1423770 664.8
1423780 664.7
1423790 664.6
1423800 664.6
1423810 664.4
1423820 664.4
1423830 664.4
1423840 664.4
1423850 664.4
1423860 664.4
1423870 664.3
1423880 664.2
1423890 664.2
1423900 664.1
1423910 663.9
1423920 663.9
1423930 663.9
1423940 663.8
1423950 663.8
1423960 663.6
1423970 663.6
1423980 663.6
1423990 663.6
1424000 663.6
1424010 663.7
1424020 663.7
1424030 663.6
1424040 663.6
1424050 663.6
1424060 663.8
1424070 663.9
1424080 663.9
1424090 663.9
1424100 663.9
1424110 663.9
1424120 663.9
1424130 663.9
1424140 663.8
1424150 663.8
1424160 663.8
1424170 663.8
1424180 663.8
1424190 663.8
1424200 663.9
1424210 663.9
1424220 663.9
1424230 663.9
1424240 663.9
1424250 663.8
1424260 663.6
1424270 663.6
1424280 663.7
1424290 663.7
1424300 663.7
1424310 663.8
1424320 663.8
1424330 663.7
1424340 663.7
1424350 663.7
1424360 663.7
1424370 663.7
1424380 663.6
1424390 663.6
1424400 663.6
1424410 663.4
1424420 663.3
1424430 663.3
1424440 663.1
1424450 663.2
1424460 663.2
1424470 663.3
1424480 663.0
1424490 663.0
1424500 662.8
1424510 663.0
1424520 663.2
1424530 663.2
1424540 663.1
1424550 663.7
1424560 663.7
1424570 664.5
1424580 663.9
1424590 663.9
1424600 664.3
1424610 664.1
1424620 664.1
1424630 663.2
1424640 662.8
1424650 662.8
1424660 662.4
1424670 662.5
1424680 662.5
1424690 662.5
1424700 662.4
1424710 662.5
1424720 662.5
1424730 662.5
1424740 662.4
1424750 662.4
1424760 662.5
1424770 662.6
1424780 662.6
1424790 662.4
1424800 662.3
1424810 662.3
1424820 662.1
1424830 662.1
1424840 662.1
1424850 662.0
1424860 661.9
1424870 662.0
1424880 662.0
1424890 662.3
1424900 662.0
1424910 662.0
1424920 661.7
1424930 661.6
1424940 661.6
1424950 661.7
1424960 661.6
1424970 661.6
1424980 661.7
1424990 662.1
1425000 662.1
1425010 662.2
1425020 662.0
1425030 662.0
1425040 661.6
1425050 661.7
1425060 661.5
1425070 661.5
1425080 661.5
1425090 661.3
1425100 661.3
1425110 661.5
1425120 661.6
1425130 661.6
1425140 660.8
1425150 659.4
1425160 659.4
1425170 658.1
1425180 657.7
1425190 657.7
1425200 657.6
1425210 657.6
1425220 657.6
1425230 657.6
1425240 657.5
1425250 657.5
1425260 657.5
1425270 657.4
1425280 657.5
1425290 657.5
1425300 657.9
1425310 659.1
1425320 659.1
1425330 660.4
1425340 661.1
1425350 661.1
1425360 662.1
1425370 662.8
1425380 662.8
1425390 663.2
1425400 663.1
1425410 662.8
1425420 662.8
1425430 662.6
1425440 662.4
1425450 662.4
1425460 661.9
1425470 661.0
1425480 661.0
1425490 660.6
1425500 660.6
1425510 660.6
1425520 660.4
1425530 660.2
1425540 660.2
1425550 660.2
1425560 659.9
1425570 659.8
1425580 659.8
1425590 659.6
1425600 659.8
1425610 659.8
1425620 661.1
1425630 660.5
1425640 660.5
1425650 660.5
1425660 660.8
1425670 660.8
1425680 660.2
1425690 659.9
1425700 659.9
1425710 659.8
1425720 659.8
1425730 659.8
1425740 659.7
1425750 659.7
1425760 659.7
1425770 659.7
1425780 659.6
1425790 659.5
1425800 659.5
1425810 659.3
1425820 659.3
1425830 659.3
1425840 659.2
1425850 659.2
1425860 659.2
1425870 659.2
1425880 659.1
1425890 659.1
1425900 659.1
1425910 659.0
1425920 659.0
1425930 658.9
1425940 658.9
1425950 659.0
1425960 659.0
1425970 658.8
1425980 658.7
1425990 658.7
1426000 658.7
1426010 658.6
1426020 658.6
1426030 658.4
1426040 658.3
1426050 658.3
1426060 658.2
1426070 658.2
1426080 658.2
1426090 658.1
1426100 658.1
1426110 658.2
1426120 658.2
1426130 658.1
1426140 657.9
1426150 657.9
1426160 657.9
1426170 657.8
1426180 657.8
1426190 657.8
1426200 657.9
1426210 657.9
1426220 657.9
1426230 657.9
1426240 657.9
1426250 657.8
1426260 657.6
1426270 657.6
1426280 657.5
1426290 657.3
1426300 657.3
1426310 657.3
1426320 657.2
1426330 657.1
1426340 657.1
1426350 657.0
1426360 656.9
1426370 656.9
1426380 656.8
1426390 656.7
1426400 656.7
1426410 656.6
1426420 656.6
1426430 656.6
1426440 656.5
1426450 656.5
1426460 656.5
1426470 656.7
1426480 656.7
1426490 656.7
1426500 656.7
1426510 656.7
1426520 656.5
1426530 656.5
1426540 656.4
1426550 656.3
1426560 656.3
1426570 656.3
1426580 656.3
1426590 656.3
1426600 656.4
1426610 656.3
1426620 656.3
1426630 656.2
1426640 656.3
1426650 656.7
1426660 656.7
1426670 656.9
1426680 656.9
1426690 656.9
1426700 656.6
1426710 655.9
1426720 655.9
1426730 655.5
1426740 655.5
1426750 655.5
1426760 655.6
1426770 655.6
1426780 655.6
1426790 655.8
1426800 655.5
1426810 655.5
1426820 655.3
1426830 655.3
1426840 655.1
1426850 655.1
1426860 655.0
1426870 655.0
1426880 655.0
1426890 654.9
1426900 655.0
1426910 655.0
1426920 655.1
1426930 655.1
1426940 655.1
1426950 655.1
1426960 655.1
1426970 655.1
1426980 655.0
1426990 654.9
1427000 654.9
1427010 654.9
1427020 654.8
1427030 654.6
1427040 654.6
1427050 654.5
1427060 654.5
1427070 654.5
1427080 654.6
1427090 654.7
1427100 654.7
1427110 654.6
1427120 654.4
1427130 654.4
1427140 654.6
1427150 654.8
1427160 654.8
1427170 654.8
1427180 654.8
1427190 654.8
1427200 654.8
1427210 654.8
1427220 654.8
1427230 654.8
1427240 654.8
1427250 654.9
1427260 654.9
1427270 654.9
1427280 654.9
1427290 654.9
1427300 654.9
1427310 654.8
1427320 654.8
1427330 655.0
1427340 654.9
1427350 654.9
1427360 654.8
1427370 656.5
1427380 656.4
1427390 656.4
1427400 655.9
1427410 657.5
1427420 657.5
1427430 655.9
1427440 654.0
1427450 654.0
1427460 654.1
1427470 654.1
1427480 654.1
1427490 654.0
1427500 653.9
1427510 653.9
1427520 653.9
1427530 653.8
1427540 653.8
1427550 653.8
1427560 653.8
1427570 653.7
1427580 653.7
1427590 653.6
1427600 653.5
1427610 653.5
1427620 653.4
1427630 653.4
1427640 653.4
1427650 653.3
1427660 653.3
1427670 653.3
1427680 653.3
1427690 653.2
1427700 653.2
1427710 653.2
1427720 653.1
1427730 653.0
1427740 653.0
1427750 652.9
1427760 652.9
1427770 652.9
1427780 652.8
1427790 652.8
1427800 652.8
1427810 652.8
1427820 652.7
1427830 652.7
1427840 652.7
1427850 652.6
1427860 652.6
1427870 652.7
1427880 652.8
1427890 652.8
1427900 652.7
1427910 652.7
1427920 652.7
1427930 652.7
1427940 652.8
1427950 652.8
1427960 652.8
1427970 652.9
1427980 652.9
1427990 652.9
1428000 652.9
1428010 652.9
1428020 652.9
1428030 653.0
1428040 653.0
1428050 653.0
1428060 652.9
1428070 652.9
1428080 652.8
1428090 652.8
1428100 652.8
1428110 652.7
1428120 652.7
1428130 652.7
1428140 652.7
1428150 652.7
1428160 652.7
1428170 652.8
1428180 652.8
1428190 652.8
1428200 652.7
1428210 652.7
1428220 652.7
1428230 652.7
1428240 652.7
1428250 652.8
1428260 652.9
1428270 653.1
1428280 653.1
1428290 653.3
1428300 653.6
1428310 653.6
1428320 653.7
1428330 653.8
1428340 653.8
1428350 654.0
1428360 654.1
1428370 654.1
1428380 654.2
1428390 654.4
1428400 654.4
1428410 655.0
1428420 654.5
1428430 654.1
1428440 654.1
1428450 655.1
1428460 654.7
1428470 654.7
1428480 654.6
1428490 654.4
1428500 654.4
1428510 654.2
1428520 654.2
1428530 654.2
1428540 654.2
1428550 654.1
1428560 654.1
1428570 654.0
1428580 653.6
1428590 653.6
1428600 653.3
1428610 653.2
1428620 653.2
1428630 653.2
1428640 653.2
1428650 653.2
1428660 653.2
1428670 653.2
1428680 653.2
1428690 653.2
1428700 653.2
1428710 653.2
1428720 653.2
1428730 653.2
1428740 653.2
1428750 653.2
1428760 653.2
1428770 653.2
1428780 653.2
1428790 653.3
1428800 653.5
1428810 653.6
1428820 653.6
1428830 653.6
1428840 653.6
1428850 653.6
1428860 653.6
1428870 653.6
1428880 653.6
1428890 653.7
1428900 653.8
1428910 653.8
1428920 654.0
1428930 654.1
1428940 654.1
1428950 654.1
1428960 654.2
1428970 654.3
1428980 654.3
1428990 654.4
1429000 654.8
1429010 654.8
1429020 655.3
1429030 656.1
1429040 656.1
1429050 656.9
1429060 657.8
1429070 657.8
1429080 658.8
1429090 660.2
1429100 660.2
1429110 662.5
1429120 664.1
1429130 663.9
1429140 664.2
1429150 664.6
1429160 665.4
1429170 665.4
1429180 666.2
1429190 667.0
1429200 667.0
1429210 667.9
1429220 669.1
1429230 669.1
1429240 670.4
1429250 671.2
1429260 671.2
1429270 671.5
1429280 671.8
1429290 671.8
1429300 672.2
1429310 674.3
1429320 674.3
1429330 676.0
1429340 677.0
1429350 678.0
1429360 678.0
1429370 678.4
1429380 679.0
1429390 679.0
1429400 679.5
1429410 680.0
1429420 680.0
1429430 681.4
1429440 682.2
1429450 682.2
1429460 683.1
1429470 684.2
1429480 684.2
1429490 685.2
1429500 686.2
1429510 687.2
1429520 687.2
1429530 688.2
1429540 689.3
1429550 689.3
1429560 690.8
1429570 692.1
1429580 692.1
1429590 693.1
1429600 694.0
1429610 694.0
1429620 695.0
1429630 696.7
1429640 696.7
1429650 697.9
1429660 698.5
1429670 698.5
1429680 699.4
1429690 700.5
1429700 701.7
1429710 701.7
1429720 702.5
1429730 703.5
1429740 703.5
1429750 704.6
1429760 705.7
1429770 705.7
1429780 706.8
1429790 708.1
1429800 708.1
1429810 709.4
1429820 710.3
1429830 710.3
1429840 711.8
1429850 713.2
1429860 714.7
1429870 714.7
1429880 716.4
1429890 718.0
1429900 718.0
1429910 719.6
1429920 720.7
1429930 720.7
1429940 722.2
1429950 723.6
1429960 723.6
1429970 724.9
1429980 725.7
1429990 725.7
1430000 725.7
1430010 724.4
1430020 724.4
1430030 724.6
1430040 727.3
1430050 730.2
1430060 730.2
1430070 732.3
1430080 733.4
1430090 733.4
1430100 734.5
1430110 735.7
1430120 735.7
1430130 736.5
1430140 737.2
1430150 737.2
1430160 737.9
1430170 737.6
1430180 737.6
1430190 737.5
1430200 737.6
1430210 737.6
1430220 737.7
1430230 737.9
1430240 738.1
1430250 738.1
1430260 738.2
1430270 738.0
1430280 738.0
1430290 737.5
1430300 737.9
1430310 737.9
1430320 738.8
1430330 742.0
1430340 742.0
1430350 746.8
1430360 751.7
1430370 751.7
1430380 755.7
1430390 760.9
1430400 765.6
1430410 765.6
1430420 771.0
1430430 775.0
1430440 775.0
1430450 776.8
1430460 777.4
1430470 777.4
1430480 778.2
1430490 780.5
1430500 780.5
1430510 785.4
1430520 790.9
1430530 790.9
1430540 795.6
1430550 801.1
1430560 801.1
1430570 805.7
1430580 807.0
1430590 806.1
1430600 806.1
1430610 806.2
1430620 806.7
1430630 806.7
1430640 805.2
1430650 799.8
1430660 799.8
1430670 793.0
1430680 785.0
1430690 785.0
1430700 781.6
1430710 786.1
1430720 786.1
1430730 793.7
1430740 799.0
1430750 799.0
1430760 806.3
1430770 814.6
1430780 818.7
1430790 818.7
1430800 821.0
1430810 823.6
1430820 823.6
1430830 826.7
1430840 829.6
1430850 829.6
1430860 832.5
1430870 835.0
1430880 835.0
1430890 837.7
1430900 840.1
1430910 840.1
1430920 843.2
1430930 846.5
1430940 850.1
1430950 850.1
1430960 854.5
1430970 858.1
1430980 858.1
1430990 860.5
1431000 862.4
1431010 862.4
1431020 864.2
1431030 865.3
1431040 865.3
1431050 863.4
1431060 864.8
1431070 864.8
1431080 870.3
1431090 874.4
1431100 874.4
1431110 878.1
1431120 882.1
1431130 886.2
1431140 886.2
1431150 890.4
1431160 894.3
1431170 894.3
1431180 898.1
1431190 901.9
1431200 901.9
1431210 905.6
1431220 908.9
1431230 908.9
1431240 912.5
1431250 916.8
1431260 916.8
1431270 920.1
1431280 923.3
1431290 926.7
1431300 926.7
1431310 930.2
1431320 933.7
1431330 933.7
1431340 937.7
1431350 942.1
1431360 942.1
1431370 946.9
1431380 951.7
1431390 951.7
1431400 956.4
1431410 960.9
1431420 960.9
1431430 965.1
1431440 968.5
1431450 968.5
1431460 971.6
1431470 971.5
1431480 974.5
1431490 974.5
1431500 977.6
1431510 980.5
1431520 980.5
1431530 983.9
1431540 988.1
1431550 988.1
1431560 993.1
1431570 998.9
1431580 998.9
1431590 1004.5
1431600 1010.5
1431610 1010.5
1431620 1016.8
1431630 1022.8
1431640 1022.8
1431650 1027.8
1431660 1031.8
1431670 1033.4
1431680 1033.4
1431690 1034.3
1431700 1036.9
1431710 1036.9
1431720 1038.2
1431730 1040.8
1431740 1040.8
1431750 1040.7
1431760 1042.5
1431770 1042.5
1431780 1044.1
1431790 1046.0
1431800 1046.0
1431810 1049.7
1431820 1056.1
1431830 1063.0
1431840 1063.0
1431850 1070.3
1431860 1076.3
1431870 1076.3
1431880 1081.9
1431890 1087.7
1431900 1087.7
1431910 1093.4
1431920 1099.2
1431930 1099.2
1431940 1104.3
1431950 1106.1
1431960 1106.1
1431970 1106.5
1431980 1106.8
1431990 1106.8
1432000 1107.0
1432010 1107.2
1432020 1107.2
1432030 1107.2
1432040 1107.0
1432050 1107.6
1432060 1107.6
1432070 1108.3
1432080 1109.0
1432090 1109.0
1432100 1110.0
1432110 1111.1
1432120 1111.1
1432130 1112.5
1432140 1114.1
1432150 1114.1
1432160 1115.9
1432170 1118.0
1432180 1118.0
1432190 1120.6
1432200 1123.9
1432210 1127.7
1432220 1127.7
1432230 1132.1
1432240 1137.4
1432250 1137.4
1432260 1142.4
1432270 1145.9
1432280 1145.9
1432290 1149.8
1432300 1153.7
1432310 1153.7
1432320 1157.4
1432330 1160.4
1432340 1160.4
1432350 1164.1
1432360 1167.9
1432370 1172.3
1432380 1172.3
1432390 1175.8
1432400 1181.0
1432410 1181.0
1432420 1188.6
1432430 1197.2
1432440 1197.2
1432450 1203.8
1432460 1209.2
1432470 1209.2
1432480 1214.3
1432490 1219.5
1432500 1219.5
1432510 1223.4
1432520 1226.4
1432530 1226.4
1432540 1229.5
1432550 1232.7
1432560 1235.8
1432570 1235.8
1432580 1239.2
1432590 1243.0
1432600 1243.0
1432610 1245.9
1432620 1249.8
1432630 1249.8
1432640 1252.6
1432650 1256.1
1432660 1256.1
1432670 1259.5
1432680 1262.0
1432690 1262.0
1432700 1265.5
1432710 1270.2
1432720 1270.2
1432730 1275.2
1432740 1279.9
1432750 1284.5
1432760 1284.5
1432770 1289.3
1432780 1294.9
1432790 1294.9
1432800 1300.3
1432810 1305.3
1432820 1305.3
1432830 1310.1
1432840 1315.2
1432850 1315.2
1432860 1320.2
1432870 1324.9
1432880 1324.9
1432890 1329.9
1432900 1335.1
1432910 1340.7
1432920 1340.7
1432930 1346.6
1432940 1352.9
1432950 1352.9
1432960 1359.8
1432970 1366.5
1432980 1366.5
1432990 1372.8
1433000 1379.1
1433010 1379.1
1433020 1384.6
1433030 1388.2
1433040 1388.2
1433050 1391.4
1433060 1394.5
1433070 1394.5
1433080 1398.9
1433090 1403.3
1433100 1407.7
1433110 1407.7
1433120 1412.1
1433130 1415.9
1433140 1415.9
1433150 1419.8
1433160 1423.3
1433170 1423.3
1433180 1426.7
1433190 1430.1
1433200 1430.1
1433210 1433.2
1433220 1435.9
1433230 1435.9
1433240 1438.4
1433250 1441.1
1433260 1444.3
1433270 1444.3
1433280 1448.1
1433290 1451.8
1433300 1451.8
1433310 1455.4
1433320 1459.2
1433330 1459.2
1433340 1463.2
1433350 1467.2
1433360 1467.2
1433370 1470.9
1433380 1474.7
1433390 1474.7
1433400 1478.3
1433410 1482.2
1433420 1482.2
1433430 1486.2
1433440 1490.6
1433450 1495.3
1433460 1495.3
1433470 1499.8
1433480 1504.1
1433490 1504.1
1433500 1506.9
1433510 1510.6
1433520 1510.6
1433530 1514.7
1433540 1519.2
1433550 1519.2
1433560 1523.0
1433570 1526.8
1433580 1526.8
1433590 1530.5
1433600 1533.8
1433610 1533.8
1433620 1536.2
1433630 1537.6
1433640 1539.3
1433650 1539.3
1433660 1541.3
1433670 1543.1
1433680 1543.1
1433690 1545.7
1433700 1548.5
1433710 1548.5
1433720 1552.8
1433730 1557.6
1433740 1557.6
1433750 1562.1
1433760 1566.1
1433770 1566.1
1433780 1569.9
1433790 1573.4
1433800 1575.7
1433810 1575.7
1433820 1577.8
1433830 1579.4
1433840 1579.4
1433850 1581.1
1433860 1583.2
1433870 1583.2
1433880 1585.9
1433890 1589.5
1433900 1589.5
1433910 1591.6
1433920 1593.4
1433930 1593.4
1433940 1595.4
1433950 1597.5
1433960 1597.5
1433970 1600.9
1433980 1604.8
1433990 1608.4
1434000 1608.4
1434010 1611.4
1434020 1615.0
1434030 1615.0
1434040 1619.4
1434050 1623.3
1434060 1623.3
1434070 1627.3
1434080 1632.1
1434090 1632.1
1434100 1636.7
1434110 1640.1
1434120 1640.1
1434130 1642.4
1434140 1644.0
1434150 1644.0
1434160 1645.0
1434170 1645.8
1434180 1646.4
1434190 1646.4
1434200 1647.7
1434210 1649.7
1434220 1649.7
1434230 1652.1
1434240 1654.0
1434250 1654.0
1434260 1654.9
1434270 1655.4
1434280 1655.4
1434290 1656.9
1434300 1659.8
1434310 1659.8
1434320 1663.3
1434330 1667.0
1434340 1670.0
1434350 1670.0
1434360 1673.9
1434370 1676.0
1434380 1676.0
1434390 1677.3
1434400 1678.9
1434410 1678.9
1434420 1680.9
1434430 1682.1
1434440 1682.1
1434450 1683.7
1434460 1686.0
1434470 1686.0
1434480 1688.7
1434490 1691.1
1434500 1691.1
1434510 1693.2
1434520 1695.1
1434530 1697.0
1434540 1697.0
1434550 1699.4
1434560 1702.4
1434570 1702.4
1434580 1705.7
1434590 1708.9
1434600 1708.9
1434610 1714.2
1434620 1720.3
1434630 1720.3
1434640 1725.2
1434650 1728.9
1434660 1728.9
1434670 1731.8
1434680 1734.4
1434690 1737.2
1434700 1737.2
1434710 1739.7
1434720 1742.2
1434730 1742.2
1434740 1746.0
1434750 1750.7
1434760 1750.7
1434770 1755.3
1434780 1759.3
1434790 1759.3
1434800 1762.8
1434810 1766.6
1434820 1766.6
1434830 1771.3
1434840 1776.9
1434850 1776.9
1434860 1782.2
1434870 1786.9
1434880 1791.2
1434890 1791.2
1434900 1795.4
1434910 1800.6
1434920 1800.6
1434930 1807.2
1434940 1814.9
1434950 1814.9
1434960 1821.3
1434970 1824.4
1434980 1824.4
1434990 1825.6
1435000 1826.7
1435010 1826.7
1435020 1828.6
1435030 1830.7
1435040 1830.7
1435050 1831.7
1435060 1832.6
1435070 1835.4
1435080 1835.4
1435090 1839.1
1435100 1842.8
1435110 1842.8
1435120 1846.6
1435130 1850.1
1435140 1850.1
1435150 1853.5
1435160 1856.9
1435170 1856.9
1435180 1860.1
1435190 1863.3
1435200 1863.3
1435210 1867.0
1435220 1870.2
1435230 1872.9
1435240 1872.9
1435250 1876.3
1435260 1880.2
1435270 1880.2
1435280 1883.2
1435290 1886.1
1435300 1886.1
1435310 1889.1
1435320 1891.9
1435330 1891.9
1435340 1894.6
1435350 1896.9
1435360 1896.9
1435370 1899.0
1435380 1901.1
1435390 1901.1
1435400 1903.4
1435410 1905.7
1435420 1907.7
1435430 1907.7
1435440 1909.3
1435450 1910.4
1435460 1910.4
1435470 1910.8
1435480 1911.0
1435490 1911.0
1435500 1911.1
1435510 1910.2
1435520 1910.2
1435530 1909.1
1435540 1906.1
1435550 1906.1
1435560 1902.3
1435570 1899.3
1435580 1899.3
1435590 1897.6
1435600 1897.7
1435610 1898.2
1435620 1898.2
1435630 1897.2
1435640 1896.1
1435650 1896.1
1435660 1896.4
1435670 1896.5
1435680 1896.5
1435690 1895.5
1435700 1893.5
1435710 1893.5
1435720 1892.1
1435730 1890.8
1435740 1890.8
1435750 1890.3
1435760 1889.5
1435770 1887.8
1435780 1887.8
1435790 1885.3
1435800 1882.1
1435810 1882.1
1435820 1878.8
1435830 1875.7
1435840 1875.7
1435850 1872.3
1435860 1868.2
1435870 1868.2
1435880 1864.0
1435890 1858.7
1435900 1858.7
1435910 1854.3
1435920 1850.0
1435930 1850.0
1435940 1846.5
1435950 1850.9
1435960 1853.7
1435970 1853.7
1435980 1855.2
1435990 1856.6
1436000 1856.6
1436010 1856.9
1436020 1858.7
1436030 1858.7
1436040 1861.5
1436050 1860.5
1436060 1860.5
1436070 1859.5
1436080 1862.9
1436090 1862.9
1436100 1869.4
1436110 1874.7
1436120 1879.3
1436130 1879.3
1436140 1882.4
1436150 1884.2
1436160 1884.2
1436170 1887.8
1436180 1890.7
1436190 1890.7
1436200 1893.0
1436210 1895.3
1436220 1895.3
1436230 1897.9
1436240 1899.5
1436250 1899.5
1436260 1900.0
1436270 1899.4
1436280 1899.4
1436290 1898.0
1436300 1897.0
1436310 1895.9
1436320 1895.9
1436330 1893.1
1436340 1891.0
1436350 1891.0
1436360 1890.0
1436370 1889.5
1436380 1889.5
1436390 1889.8
1436400 1889.4
1436410 1889.4
1436420 1890.0
1436430 1890.9
1436440 1886.0
1436450 1887.3
1436460 1886.6
1436470 1886.6
1436480 1887.8
1436490 1888.8
1436500 1890.6
1436510 1890.6
1436520 1892.1
1436530 1892.1
1436540 1892.1
1436550 1892.1
1436560 1891.3
1436570 1891.3
1436580 1890.5
1436590 1891.1
1436600 1891.1
1436610 1890.6
1436620 1888.6
1436630 1888.6
1436640 1888.9
1436650 1889.4
1436660 1888.9
1436670 1888.9
1436680 1890.1
1436690 1892.8
1436700 1892.8
1436710 1895.6
1436720 1899.3
1436730 1899.3
1436740 1902.2
1436750 1904.8
1436760 1904.8
1436770 1908.7
1436780 1912.4
1436790 1912.4
1436800 1915.4
1436810 1917.8
1436820 1917.8
1436830 1920.2
1436840 1922.0
1436850 1923.8
1436860 1923.8
1436870 1925.9
1436880 1926.9
1436890 1926.9
1436900 1929.9
1436910 1934.0
1436920 1934.0
1436930 1939.1
1436940 1945.1
1436950 1945.1
1436960 1951.3
1436970 1957.3
1436980 1957.3
1436990 1962.3
1437000 1965.8
1437010 1965.8
1437020 1967.7
1437030 1968.1
1437040 1970.2
1437050 1970.2
1437060 1976.6
1437070 1982.9
1437080 1982.9
1437090 1987.9
1437100 1992.9
1437110 1992.9
1437120 1997.8
1437130 2002.2
1437140 2002.2
1437150 2006.8
1437160 2011.8
1437170 2011.8
1437180 2017.1
1437190 2022.4
1437200 2027.5
1437210 2027.5
1437220 2032.4
1437230 2037.8
1437240 2037.8
1437250 2044.2
1437260 2051.3
1437270 2051.3
1437280 2058.0
1437290 2063.6
1437300 2063.6
1437310 2068.7
1437320 2073.6
1437330 2073.6
1437340 2078.2
1437350 2083.0
1437360 2083.0
1437370 2088.2
1437380 2093.7
1437390 2099.2
1437400 2099.2
1437410 2104.5
1437420 2109.5
1437430 2109.5
1437440 2114.9
1437450 2122.0
1437460 2122.0
1437470 2130.5
1437480 2137.6
1437490 2137.6
1437500 2144.1
1437510 2149.5
1437520 2149.5
1437530 2153.7
1437540 2158.3
1437550 2164.3
1437560 2164.3
1437570 2170.8
1437580 2177.0
1437590 2177.0
1437600 2183.6
1437610 2190.2
1437620 2190.2
1437630 2197.3
1437640 2204.7
1437650 2204.7
1437660 2211.5
1437670 2217.9
1437680 2217.9
1437690 2225.0
1437700 2232.8
1437710 2232.8
1437720 2240.7
1437730 2248.0
1437740 2255.0
1437750 2255.0
1437760 2262.2
1437770 2269.7
1437780 2269.7
1437790 2272.9
1437800 2274.4
1437810 2274.4
1437820 2278.2
1437830 2277.9
1437840 2277.9
1437850 2275.4
1437860 2272.1
1437870 2272.1
1437880 2271.1
1437890 2270.7
1437900 2270.7
1437910 2268.9
1437920 2265.7
1437930 2261.7
1437940 2261.7
1437950 2258.0
1437960 2254.5
1437970 2254.5
1437980 2251.9
1437990 2250.8
1438000 2250.8
1438010 2249.0
1438020 2245.8
1438030 2245.8
1438040 2242.0
1438050 2237.6
1438060 2237.6
1438070 2234.5
1438080 2232.8
1438090 2230.0
1438100 2230.0
1438110 2227.1
1438120 2224.4
1438130 2224.4
1438140 2221.4
1438150 2217.8
1438160 2217.8
1438170 2213.5
1438180 2209.1
1438190 2209.1
1438200 2205.0
1438210 2199.3
1438220 2199.3
1438230 2193.8
1438240 2189.3
1438250 2189.3
1438260 2185.8
1438270 2183.0
1438280 2180.3
1438290 2180.3
1438300 2177.1
1438310 2172.7
1438320 2172.7
1438330 2168.7
1438340 2165.7
1438350 2165.7
1438360 2162.5
1438370 2158.7
1438380 2158.7
1438390 2156.1
1438400 2152.6
1438410 2152.6
1438420 2149.1
1438430 2146.0
1438440 2146.0
1438450 2144.5
1438460 2143.3
1438470 2142.4
1438480 2142.4
1438490 2141.5
1438500 2142.0
1438510 2142.0
1438520 2144.5
1438530 2144.7
1438540 2144.7
1438550 2144.7
1438560 2141.2
1438570 2141.2
1438580 2135.9
1438590 2129.4
1438600 2129.4
1438610 2123.2
1438620 2116.3
1438630 2109.4
1438640 2109.4
1438650 2103.2
1438660 2097.5
1438670 2097.5
1438680 2095.7
1438690 2092.8
1438700 2092.8
1438710 2090.0
1438720 2085.7
1438730 2085.7
1438740 2079.7
1438750 2073.6
1438760 2073.6
1438770 2068.2
1438780 2063.3
1438790 2063.3
1438800 2057.8
1438810 2053.4
1438820 2051.8
1438830 2051.8
1438840 2049.9
1438850 2046.1
1438860 2046.1
1438870 2039.9
1438880 2034.9
1438890 2034.9
1438900 2032.4
1438910 2029.8
1438920 2029.8
1438930 2025.7
1438940 2021.9
1438950 2021.9
1438960 2020.9
1438970 2018.4
1438980 2013.0
1438990 2013.0
1439000 2007.5
1439010 2003.4
1439020 2003.4
1439030 2001.5
1439040 1999.0
1439050 1999.0
1439060 1995.1
1439070 1990.5
1439080 1990.5
1439090 1986.1
1439100 1981.0
1439110 1981.0
1439120 1975.5
1439130 1971.4
1439140 1971.4
1439150 1965.3
1439160 1960.5
1439170 1956.4
1439180 1956.4
1439190 1951.7
1439200 1944.4
1439210 1944.4
1439220 1937.9
1439230 1934.1
1439240 1934.1
1439250 1931.8
1439260 1929.1
1439270 1929.1
1439280 1929.2
1439290 1929.7
1439300 1929.7
1439310 1932.5
1439320 1938.2
1439330 1938.2
1439340 1944.0
1439350 1950.4
1439360 1957.0
1439370 1957.0
1439380 1958.7
1439390 1957.7
1439400 1957.7
1439410 1956.9
1439420 1958.0
1439430 1958.0
1439440 1959.6
1439450 1961.6
1439460 1961.6
1439470 1963.4
1439480 1965.7
1439490 1965.7
1439500 1967.6
1439510 1969.0
1439520 1970.3
1439530 1970.3
1439540 1969.8
1439550 1968.4
1439560 1968.4
1439570 1965.8
1439580 1963.2
1439590 1963.2
1439600 1960.1
1439610 1956.8
1439620 1956.8
1439630 1953.9
1439640 1950.9
1439650 1950.9
1439660 1946.8
1439670 1943.3
1439680 1943.3
1439690 1938.8
1439700 1935.6
1439710 1933.1
1439720 1933.1
1439730 1931.9
1439740 1930.1
1439750 1930.1
1439760 1928.7
1439770 1927.2
1439780 1927.2
1439790 1929.1
1439800 1931.7
1439810 1931.7
1439820 1934.2
1439830 1935.1
1439840 1935.1
1439850 1936.3
1439860 1937.9
1439870 1937.9
1439880 1939.3
1439890 1941.8
1439900 1945.0
1439910 1945.0
1439920 1949.0
1439930 1954.0
1439940 1954.0
1439950 1955.4
1439960 1957.6
1439970 1957.6
1439980 1960.0
1439990 1962.7
