1420000 679.0
1420010 678.8
1420020 678.8
1420030 678.8
1420040 678.9
1420050 678.7
1420060 678.7
1420070 678.7
1420080 678.5
1420090 678.6
1420100 678.6
1420110 678.6
1420120 678.4
1420130 678.4
1420140 677.4
1420150 677.7
1420160 677.7
1420170 677.7
1420180 677.6
1420190 677.6
1420200 677.6
1420210 677.7
1420220 677.7
1420230 677.7
1420240 677.8
1420250 677.8
1420260 677.8
1420270 677.9
1420280 677.7
1420290 677.7
1420300 678.4
1420310 678.1
1420320 678.1
1420330 677.3
1420340 677.4
1420350 677.4
1420360 677.4
1420370 677.4
1420380 677.4
1420390 677.5
1420400 677.4
1420410 677.5
1420420 677.5
1420430 677.6
1420440 677.5
1420450 677.5
1420460 677.4
1420470 677.2
1420480 677.2
1420490 677.6
1420500 678.0
1420510 678.0
1420520 678.0
1420530 677.6
1420540 677.6
1420550 676.8
1420560 677.2
1420570 677.2
1420580 678.2
1420590 679.3
1420600 679.5
1420610 679.5
1420620 679.3
1420630 677.8
1420640 677.8
1420650 677.1
1420660 677.1
1420670 677.1
1420680 677.0
1420690 676.9
1420700 676.9
1420710 676.9
1420720 676.8
1420730 676.8
1420740 676.7
1420750 676.6
1420760 676.6
1420770 676.5
1420780 676.3
1420790 676.3
1420800 676.3
1420810 676.2
1420820 676.1
1420830 676.1
1420840 676.1
1420850 676.1
1420860 676.1
1420870 676.1
1420880 676.1
1420890 676.1
1420900 676.1
1420910 676.2
1420920 676.2
1420930 676.2
1420940 676.2
1420950 676.3
1420960 676.3
1420970 676.4
1420980 676.4
1420990 676.4
1421000 676.4
1421010 676.4
1421020 676.4
1421030 676.4
1421040 676.3
1421050 676.3
1421060 676.2
1421070 676.2
1421080 676.2
1421090 676.1
1421100 676.0
1421110 676.0
1421120 676.1
1421130 676.1
1421140 675.9
1421150 675.9
1421160 675.7
1421170 675.6
1421180 675.6
1421190 675.6
1421200 675.6
1421210 675.6
1421220 675.4
1421230 675.2
1421240 675.2
1421250 675.0
1421260 675.0
1421270 675.0
1421280 675.1
1421290 675.2
1421300 675.2
1421310 675.3
1421320 675.4
1421330 674.9
1421340 674.9
1421350 674.6
1421360 674.5
1421370 674.5
1421380 674.5
1421390 674.4
1421400 674.4
1421410 674.4
1421420 674.4
1421430 674.4
1421440 674.4
1421450 674.4
1421460 674.4
1421470 674.3
1421480 674.3
1421490 674.2
1421500 674.2
1421510 674.2
1421520 674.2
1421530 674.2
1421540 674.1
1421550 674.1
1421560 674.1
1421570 674.0
1421580 674.0
1421590 674.0
1421600 674.0
1421610 674.1
1421620 674.1
1421630 674.1
1421640 674.1
1421650 674.1
1421660 674.1
1421670 674.0
1421680 674.0
1421690 674.0
1421700 674.0
1421710 674.1
1421720 674.1
1421730 674.2
1421740 674.4
1421750 674.4
1421760 674.4
1421770 674.0
1421780 674.0
1421790 673.0
1421800 671.4
1421810 671.4
1421820 668.9
1421830 668.0
1421840 668.0
1421850 667.8
1421860 668.2
1421870 669.7
1421880 669.7
1421890 671.5
1421900 672.3
1421910 672.3
1421920 672.4
1421930 672.3
1421940 672.3
1421950 672.2
1421960 672.2
1421970 672.2
1421980 672.3
1421990 672.3
1422000 672.3
1422010 672.3
1422020 672.2
1422030 671.8
1422040 671.8
1422050 671.7
1422060 671.7
1422070 671.7
1422080 671.5
1422090 671.4
1422100 671.4
1422110 671.4
1422120 671.4
1422130 671.4
1422140 671.2
1422150 671.1
1422160 671.1
1422170 671.1
1422180 671.0
1422190 671.0
1422200 671.0
1422210 670.9
1422220 671.0
1422230 671.0
1422240 671.0
1422250 670.8
1422260 670.8
1422270 670.8
1422280 670.8
1422290 670.8
1422300 670.6
1422310 670.6
1422320 670.6
1422330 670.5
1422340 670.4
1422350 670.4
1422360 670.4
1422370 670.3
1422380 670.3
1422390 670.5
1422400 671.3
1422410 671.3
1422420 671.3
1422430 670.3
1422440 668.8
1422450 668.8
1422460 666.4
1422470 664.7
1422480 664.7
1422490 664.3
1422500 664.3
1422510 664.3
1422520 664.3
1422530 664.3
1422540 664.3
1422550 664.6
1422560 666.9
1422570 669.3
1422580 669.3
1422590 669.7
1422600 669.7
1422610 669.7
1422620 669.6
1422630 669.6
1422640 669.6
1422650 669.5
1422660 669.4
1422670 669.4
1422680 669.3
1422690 669.3
1422700 669.3
1422710 669.2
1422720 669.2
1422730 669.2
1422740 669.1
1422750 669.0
1422760 668.9
1422770 668.9
1422780 668.9
1422790 669.1
1422800 669.1
1422810 669.2
1422820 669.2
1422830 669.2
1422840 669.1
1422850 669.0
1422860 669.0
1422870 668.9
1422880 668.8
1422890 668.8
1422900 668.7
1422910 668.7
1422920 668.7
1422930 668.7
1422940 668.8
1422950 668.7
1422960 668.7
1422970 668.6
1422980 668.5
1422990 668.5
1423000 668.5
1423010 668.3
1423020 668.3
1423030 668.2
1423040 668.2
1423050 668.2
1423060 668.1
1423070 668.1
1423080 668.1
1423090 668.0
1423100 667.8
1423110 667.8
1423120 667.8
1423130 667.7
1423140 667.7
1423150 667.7
1423160 667.8
1423170 667.8
1423180 667.8
1423190 667.7
1423200 667.7
1423210 667.7
1423220 667.6
1423230 667.6
1423240 667.6
1423250 667.7
1423260 667.8
1423270 667.8
1423280 667.9
1423290 668.0
1423300 667.9
1423310 667.9
1423320 667.7
1423330 667.5
1423340 667.5
1423350 667.4
1423360 667.5
1423370 667.5
1423380 667.5
1423390 668.1
1423400 668.1
1423410 667.7
1423420 667.5
1423430 667.5
1423440 667.6
1423450 667.1
1423460 667.1
1423470 666.7
1423480 666.5
1423490 666.5
1423500 666.5
1423510 666.5
1423520 666.4
1423530 666.4
1423540 666.1
1423550 665.9
1423560 665.9
1423570 666.0
1423580 666.0
1423590 666.0
1423600 666.1
1423610 666.2
1423620 666.2
1423630 666.2
1423640 666.2
1423650 666.2
1423660 666.2
1423670 666.3
1423680 666.2
1423690 666.2
1423700 666.4
1423710 666.2
1423720 666.2
1423730 666.0
1423740 665.9
1423750 665.9
1423760 665.8
1423770 665.7
1423780 665.7
1423790 665.6
1423800 665.6
1423810 665.6
1423820 665.3
1423830 665.3
1423840 665.3
1423850 665.3
1423860 665.2
1423870 665.1
1423880 665.1
1423890 665.0
1423900 665.1
1423910 665.1
1423920 665.4
1423930 665.8
1423940 665.8
1423950 666.0
1423960 665.7
1423970 665.7
1423980 665.2
1423990 664.7
1424000 664.7
1424010 664.6
1424020 664.5
1424030 664.5
1424040 664.5
1424050 664.5
1424060 664.4
1424070 664.4
1424080 664.4
1424090 664.4
1424100 664.4
1424110 664.3
1424120 664.3
1424130 664.3
1424140 664.2
1424150 663.0
1424160 663.0
1424170 663.2
1424180 663.9
1424190 664.0
1424200 664.0
1424210 664.2
1424220 664.3
1424230 664.3
1424240 664.3
1424250 663.9
1424260 663.9
1424270 664.0
1424280 663.9
1424290 663.9
1424300 663.8
1424310 663.7
1424320 663.7
1424330 663.6
1424340 663.6
1424350 663.6
1424360 663.6
1424370 663.6
1424380 663.7
1424390 663.7
1424400 663.7
1424410 663.7
1424420 663.7
1424430 663.7
1424440 663.7
1424450 663.7
1424460 663.8
1424470 664.0
1424480 664.0
1424490 664.0
1424500 663.7
1424510 663.7
1424520 663.1
1424530 663.0
1424540 663.0
1424550 663.0
1424560 663.0
1424570 662.9
1424580 662.9
1424590 662.8
1424600 662.9
1424610 662.9
1424620 662.7
1424630 662.7
1424640 662.7
1424650 662.7
1424660 663.0
1424670 663.0
1424680 663.9
1424690 665.1
1424700 665.1
1424710 665.4
1424720 663.4
1424730 662.5
1424740 662.5
1424750 662.4
1424760 662.3
1424770 662.3
1424780 662.2
1424790 662.1
1424800 662.1
1424810 662.0
1424820 661.9
1424830 661.9
1424840 662.0
1424850 662.1
1424860 662.1
1424870 661.9
1424880 661.8
1424890 661.8
1424900 661.9
1424910 662.0
1424920 662.0
1424930 662.0
1424940 661.6
1424950 661.5
1424960 661.5
1424970 661.4
1424980 661.4
1424990 661.4
1425000 661.4
1425010 661.3
1425020 661.3
1425030 661.3
1425040 661.1
1425050 661.1
1425060 661.1
1425070 661.0
1425080 661.0
1425090 661.0
1425100 660.9
1425110 660.8
1425120 660.8
1425130 660.9
1425140 660.8
1425150 660.8
1425160 660.7
1425170 660.7
1425180 660.7
1425190 660.6
1425200 660.6
1425210 660.6
1425220 660.6
1425230 660.7
1425240 660.7
1425250 660.8
1425260 660.8
1425270 660.7
1425280 660.7
1425290 660.6
1425300 660.6
1425310 660.6
1425320 660.4
1425330 660.2
1425340 660.2
1425350 660.2
1425360 660.4
1425370 660.4
1425380 660.6
1425390 660.4
1425400 660.4
1425410 660.3
1425420 660.3
1425430 660.3
1425440 660.1
1425450 660.1
1425460 660.1
1425470 660.1
1425480 660.3
1425490 660.1
1425500 660.1
1425510 659.9
1425520 660.0
1425530 660.0
1425540 660.1
1425550 660.0
1425560 660.0
1425570 659.9
1425580 660.0
1425590 660.0
1425600 660.0
1425610 659.9
1425620 659.9
1425630 659.8
1425640 659.8
1425650 659.7
1425660 659.7
1425670 659.5
1425680 659.5
1425690 659.5
1425700 659.5
1425710 659.4
1425720 659.4
1425730 659.1
1425740 659.0
1425750 659.0
1425760 659.1
1425770 659.1
1425780 659.1
1425790 659.2
1425800 659.2
1425810 659.3
1425820 659.3
1425830 659.2
1425840 659.2
1425850 659.2
1425860 659.1
1425870 659.1
1425880 659.1
1425890 659.1
1425900 659.1
1425910 659.1
1425920 659.1
1425930 659.2
1425940 659.2
1425950 659.2
1425960 659.2
1425970 659.2
1425980 659.3
1425990 659.3
1426000 659.3
1426010 659.3
1426020 659.1
1426030 658.8
1426040 658.8
1426050 658.8
1426060 658.8
1426070 658.8
1426080 658.9
1426090 659.0
1426100 659.0
1426110 659.1
1426120 659.2
1426130 659.2
1426140 658.9
1426150 658.5
1426160 658.5
1426170 658.6
1426180 658.6
1426190 658.6
1426200 658.6
1426210 658.6
1426220 658.6
1426230 658.6
1426240 658.6
1426250 658.6
1426260 658.6
1426270 658.7
1426280 658.4
1426290 658.4
1426300 658.2
1426310 658.4
1426320 658.4
1426330 658.3
1426340 658.2
1426350 658.8
1426360 658.8
1426370 658.9
1426380 659.0
1426390 659.0
1426400 659.0
1426410 659.1
1426420 659.1
1426430 659.1
1426440 659.1
1426450 659.1
1426460 659.2
1426470 659.2
1426480 659.2
1426490 659.2
1426500 659.2
1426510 659.2
1426520 659.7
1426530 660.3
1426540 660.4
1426550 660.4
1426560 660.5
1426570 660.5
1426580 660.5
1426590 660.6
1426600 660.7
1426610 660.7
1426620 660.5
1426630 660.6
1426640 660.6
1426650 660.6
1426660 660.8
1426670 660.8
1426680 660.9
1426690 661.0
1426700 661.1
1426710 661.1
1426720 661.1
1426730 661.2
1426740 661.2
1426750 661.1
1426760 660.8
1426770 660.8
1426780 660.6
1426790 661.4
1426800 661.4
1426810 661.7
1426820 661.6
1426830 661.6
1426840 661.7
1426850 661.9
1426860 661.9
1426870 662.1
1426880 662.4
1426890 662.8
1426900 662.8
1426910 663.1
1426920 663.3
1426930 663.3
1426940 663.5
1426950 663.8
1426960 663.8
1426970 664.1
1426980 664.2
1426990 664.2
1427000 664.2
1427010 664.9
1427020 664.9
1427030 665.1
1427040 665.2
1427050 665.2
1427060 665.4
1427070 665.9
1427080 666.8
1427090 666.8
1427100 667.1
1427110 667.3
1427120 667.3
1427130 667.6
1427140 667.7
1427150 667.7
1427160 666.5
1427170 663.1
1427180 663.1
1427190 663.2
1427200 663.7
1427210 663.7
1427220 664.5
1427230 667.5
1427240 667.9
1427250 667.9
1427260 665.6
1427270 664.9
1427280 664.9
1427290 664.1
1427300 663.0
1427310 663.0
1427320 662.2
1427330 661.5
1427340 661.5
1427350 660.8
1427360 661.1
1427370 661.1
1427380 661.5
1427390 660.7
1427400 660.7
1427410 660.3
1427420 660.1
1427430 659.9
1427440 659.9
1427450 659.9
1427460 659.7
1427470 659.7
1427480 659.7
1427490 659.7
1427500 659.7
1427510 662.1
1427520 663.2
1427530 663.2
1427540 662.4
1427550 660.0
1427560 660.0
1427570 659.4
1427580 659.8
1427590 659.8
1427600 661.0
1427610 661.8
1427620 662.1
1427630 662.1
1427640 660.9
1427650 661.2
1427660 661.2
1427670 661.0
1427680 660.9
1427690 660.9
1427700 660.7
1427710 660.7
1427720 660.7
1427730 660.5
1427740 660.5
1427750 660.5
1427760 660.4
1427770 660.3
1427780 660.2
1427790 660.2
1427800 660.0
1427810 659.9
1427820 659.9
1427830 659.8
1427840 659.9
1427850 659.9
1427860 659.9
1427870 659.9
1427880 659.9
1427890 659.8
1427900 659.7
1427910 659.7
1427920 659.8
1427930 659.5
1427940 659.5
1427950 659.2
1427960 659.0
1427970 658.9
1427980 658.9
1427990 658.9
1428000 658.9
1428010 658.9
1428020 659.0
1428030 658.8
1428040 658.8
1428050 658.6
1428060 658.5
1428070 658.5
1428080 658.5
1428090 658.5
1428100 658.5
1428110 658.6
1428120 658.6
1428130 658.6
1428140 658.5
1428150 658.4
1428160 658.2
1428170 658.2
1428180 658.1
1428190 658.2
1428200 658.2
1428210 659.0
1428220 659.3
1428230 659.3
1428240 658.7
1428250 658.6
1428260 658.6
1428270 658.4
1428280 658.3
1428290 658.3
1428300 658.3
1428310 658.3
1428320 658.3
1428330 658.3
1428340 658.3
1428350 658.5
1428360 658.5
1428370 658.4
1428380 658.5
1428390 658.5
1428400 658.5
1428410 658.5
1428420 658.5
1428430 658.5
1428440 658.7
1428450 658.7
1428460 659.0
1428470 659.1
1428480 659.1
1428490 659.2
1428500 659.4
1428510 659.7
1428520 659.7
1428530 660.2
1428540 660.7
1428550 660.7
1428560 661.0
1428570 661.1
1428580 661.1
1428590 661.3
1428600 661.6
1428610 661.6
1428620 661.8
1428630 662.1
1428640 662.1
1428650 662.8
1428660 663.5
1428670 663.5
1428680 664.1
1428690 664.6
1428700 664.9
1428710 664.9
1428720 665.3
1428730 665.7
1428740 665.7
1428750 666.3
1428760 666.9
1428770 666.9
1428780 667.5
1428790 668.1
1428800 668.1
1428810 668.7
1428820 669.3
1428830 669.3
1428840 669.9
1428850 670.7
1428860 671.5
1428870 671.5
1428880 672.1
1428890 672.7
1428900 672.7
1428910 673.4
1428920 674.3
1428930 674.3
1428940 675.0
1428950 675.9
1428960 675.9
1428970 676.7
1428980 677.1
1428990 677.1
1429000 678.2
1429010 679.4
1429020 679.4
1429030 680.7
1429040 681.6
1429050 682.5
1429060 682.5
1429070 683.6
1429080 685.0
1429090 685.0
1429100 686.0
1429110 687.2
1429120 687.2
1429130 688.4
1429140 689.7
1429150 689.7
1429160 690.7
1429170 691.8
1429180 691.8
1429190 692.9
1429200 693.8
1429210 693.8
1429220 694.9
1429230 696.2
1429240 697.5
1429250 697.5
1429260 698.6
1429270 699.4
1429280 699.4
1429290 701.6
1429300 703.3
1429310 703.3
1429320 704.3
1429330 706.3
1429340 706.3
1429350 710.7
1429360 716.3
1429370 716.3
1429380 720.7
1429390 726.3
1429400 731.9
1429410 731.9
1429420 736.0
1429430 737.1
1429440 737.1
1429450 732.1
1429460 726.8
1429470 726.8
1429480 725.5
1429490 724.6
1429500 724.6
1429510 725.2
1429520 728.1
1429530 728.1
1429540 729.6
1429550 731.2
1429560 731.2
1429570 732.1
1429580 732.6
1429590 733.7
1429600 733.7
1429610 735.4
1429620 737.3
1429630 737.3
1429640 739.2
1429650 744.3
1429660 744.3
1429670 749.5
1429680 756.7
1429690 756.7
1429700 766.7
1429710 772.0
1429720 772.0
1429730 781.2
1429740 791.5
1429750 791.5
1429760 799.5
1429770 805.4
1429780 807.8
1429790 807.8
1429800 809.2
1429810 810.9
1429820 810.9
1429830 812.7
1429840 814.3
1429850 814.3
1429860 815.8
1429870 817.4
1429880 817.4
1429890 819.3
1429900 821.5
1429910 820.3
1429920 823.3
1429930 826.2
1429940 828.0
1429950 828.0
1429960 829.8
1429970 831.9
1429980 831.9
1429990 834.2
1430000 836.7
1430010 836.7
1430020 839.4
1430030 842.6
1430040 842.6
1430050 845.2
1430060 846.8
1430070 846.8
1430080 848.8
1430090 851.4
1430100 851.4
1430110 854.6
1430120 857.5
1430130 860.9
1430140 860.9
1430150 864.8
1430160 868.6
1430170 868.6
1430180 871.9
1430190 876.3
1430200 876.3
1430210 880.2
1430220 883.3
1430230 883.3
1430240 887.9
1430250 892.5
1430260 892.5
1430270 896.8
1430280 900.5
1430290 900.5
1430300 903.2
1430310 905.8
1430320 908.5
1430330 908.5
1430340 908.2
1430350 904.7
1430360 904.7
1430370 906.4
1430380 912.8
1430390 912.8
1430400 919.2
1430410 922.6
1430420 922.6
1430430 923.8
1430440 925.1
1430450 925.1
1430460 926.5
1430470 927.8
1430480 929.2
1430490 929.2
1430500 931.3
1430510 934.4
1430520 934.4
1430530 938.0
1430540 940.6
1430550 940.6
1430560 943.4
1430570 946.8
1430580 946.8
1430590 950.6
1430600 954.0
1430610 954.0
1430620 957.9
1430630 961.4
1430640 961.4
1430650 965.5
1430660 969.2
1430670 971.9
1430680 971.9
1430690 975.1
1430700 977.9
1430710 977.9
1430720 979.6
1430730 981.8
1430740 981.8
1430750 985.4
1430760 988.3
1430770 988.3
1430780 990.9
1430790 992.5
1430800 992.5
1430810 993.5
1430820 995.1
1430830 995.1
1430840 997.9
1430850 1001.2
1430860 1005.9
1430870 1005.9
1430880 1008.6
1430890 1011.6
1430900 1011.6
1430910 1014.6
1430920 1016.5
1430930 1016.5
1430940 1017.2
1430950 1018.8
1430960 1018.8
1430970 1022.6
1430980 1025.4
1430990 1025.4
1431000 1027.9
1431010 1029.8
1431020 1030.8
1431030 1030.8
1431040 1032.2
1431050 1034.8
1431060 1034.8
1431070 1036.5
1431080 1037.6
1431090 1037.6
1431100 1038.1
1431110 1038.6
1431120 1038.6
1431130 1036.7
1431140 1031.6
1431150 1031.6
1431160 1033.9
1431170 1035.6
1431180 1035.6
1431190 1035.2
1431200 1037.4
1431210 1039.0
1431220 1039.0
1431230 1040.4
1431240 1041.9
1431250 1041.9
1431260 1043.5
1431270 1045.8
1431280 1045.8
1431290 1048.5
1431300 1050.5
1431310 1050.5
1431320 1050.7
1431330 1047.5
1431340 1047.5
1431350 1042.9
1431360 1039.5
1431370 1039.5
1431380 1036.3
1431390 1033.7
1431400 1033.7
1431410 1033.7
1431420 1034.1
1431430 1032.2
1431440 1032.2
1431450 1033.1
1431460 1037.6
1431470 1037.6
1431480 1040.3
1431490 1037.1
1431500 1037.1
1431510 1031.7
1431520 1026.5
1431530 1026.5
1431540 1022.4
1431550 1019.2
1431560 1017.3
1431570 1017.3
1431580 1015.5
1431590 1013.3
1431600 1013.3
1431610 1010.5
1431620 1009.3
1431630 1009.3
1431640 1007.7
1431650 1005.9
1431660 1005.9
1431670 1005.8
1431680 1003.7
1431690 1003.7
1431700 1000.4
1431710 1000.7
1431720 1000.7
1431730 1001.7
1431740 1001.7
1431750 999.9
1431760 999.9
1431770 1002.4
1431780 1006.5
1431790 1006.5
1431800 1008.3
1431810 1010.6
1431820 1010.6
1431830 1014.3
1431840 1016.0
1431850 1016.0
1431860 1017.2
1431870 1016.5
1431880 1016.5
1431890 1018.1
1431900 1020.3
1431910 1020.3
1431920 1023.0
1431930 1023.5
1431940 1022.7
1431950 1022.7
1431960 1022.9
1431970 1023.8
1431980 1023.8
1431990 1025.3
1432000 1026.5
1432010 1026.5
1432020 1027.7
1432030 1029.3
1432040 1029.3
1432050 1031.6
1432060 1033.8
1432070 1033.8
1432080 1034.6
1432090 1035.6
1432100 1038.8
1432110 1038.8
1432120 1044.7
1432130 1049.7
1432140 1049.7
1432150 1049.9
1432160 1048.9
1432170 1048.9
1432180 1051.7
1432190 1053.1
1432200 1053.1
1432210 1054.6
1432220 1052.6
1432230 1052.6
1432240 1050.0
1432250 1047.8
1432260 1047.8
1432270 1047.2
1432280 1049.8
1432290 1056.5
1432300 1056.5
1432310 1061.3
1432320 1065.2
1432330 1065.2
1432340 1072.2
1432350 1083.2
1432360 1083.2
1432370 1094.7
1432380 1101.1
1432390 1101.1
1432400 1105.7
1432410 1106.8
1432420 1106.8
1432430 1110.1
1432440 1112.5
1432450 1112.5
1432460 1119.9
1432470 1129.1
1432480 1136.3
1432490 1136.3
1432500 1140.9
1432510 1143.1
1432520 1143.1
1432530 1146.4
1432540 1150.9
1432550 1150.9
1432560 1154.0
1432570 1155.8
1432580 1155.8
1432590 1158.4
1432600 1163.4
1432610 1163.4
1432620 1165.0
1432630 1161.0
1432640 1160.7
1432650 1160.7
1432660 1162.1
1432670 1163.7
1432680 1163.7
1432690 1166.0
1432700 1170.8
1432710 1170.8
1432720 1176.8
1432730 1182.9
1432740 1182.9
1432750 1191.0
1432760 1199.7
1432770 1199.7
1432780 1205.6
1432790 1211.9
1432800 1211.9
1432810 1219.3
1432820 1226.8
1432830 1229.8
1432840 1229.8
1432850 1230.7
1432860 1231.2
1432870 1231.2
1432880 1231.7
1432890 1231.9
1432900 1231.9
1432910 1232.2
1432920 1230.4
1432930 1230.4
1432940 1228.5
1432950 1231.4
1432960 1231.4
1432970 1236.3
1432980 1239.5
1432990 1239.5
1433000 1240.4
1433010 1240.7
1433020 1242.7
1433030 1242.7
1433040 1246.4
1433050 1249.8
1433060 1249.8
1433070 1253.3
1433080 1258.1
1433090 1258.1
1433100 1263.2
1433110 1267.2
1433120 1267.2
1433130 1270.8
1433140 1274.0
1433150 1274.0
1433160 1277.2
1433170 1280.8
1433180 1284.8
1433190 1284.8
1433200 1289.1
1433210 1293.4
1433220 1293.4
1433230 1297.1
1433240 1300.1
1433250 1300.1
1433260 1303.6
1433270 1308.6
1433280 1308.6
1433290 1313.1
1433300 1318.0
1433310 1318.0
1433320 1321.3
1433330 1325.2
1433340 1325.2
1433350 1329.7
1433360 1334.5
1433370 1338.5
1433380 1338.5
1433390 1343.0
1433400 1348.2
1433410 1348.2
1433420 1353.5
1433430 1359.3
1433440 1359.3
1433450 1363.4
1433460 1368.4
1433470 1368.4
1433480 1373.6
1433490 1377.7
1433500 1377.7
1433510 1380.6
1433520 1384.4
1433530 1389.3
1433540 1389.3
1433550 1393.8
1433560 1398.6
1433570 1398.6
1433580 1403.6
1433590 1408.5
1433600 1408.5
1433610 1412.6
1433620 1415.7
1433630 1415.7
1433640 1418.2
1433650 1421.9
1433660 1421.9
1433670 1425.3
1433680 1429.4
1433690 1429.4
1433700 1433.7
1433710 1438.6
1433720 1443.0
1433730 1443.0
1433740 1447.1
1433750 1451.1
1433760 1451.1
1433770 1455.0
1433780 1458.8
1433790 1458.8
1433800 1462.0
1433810 1465.5
1433820 1465.5
1433830 1469.2
1433840 1472.7
1433850 1472.7
1433860 1475.6
1433870 1478.2
1433880 1478.2
1433890 1481.5
1433900 1484.8
1433910 1487.9
1433920 1487.9
1433930 1491.2
1433940 1494.8
1433950 1494.8
1433960 1499.0
1433970 1503.8
1433980 1503.8
1433990 1508.5
1434000 1511.5
1434010 1511.5
1434020 1513.5
1434030 1516.5
1434040 1516.5
1434050 1519.7
1434060 1521.5
1434070 1523.7
1434080 1523.7
1434090 1524.6
1434100 1527.6
1434110 1527.6
1434120 1528.9
1434130 1529.2
1434140 1529.2
1434150 1528.5
1434160 1526.9
1434170 1526.9
1434180 1527.2
1434190 1530.5
1434200 1530.5
1434210 1537.5
1434220 1545.5
1434230 1545.5
1434240 1553.0
1434250 1561.5
1434260 1569.2
1434270 1569.2
1434280 1578.1
1434290 1586.5
1434300 1586.5
1434310 1593.6
1434320 1601.4
1434330 1601.4
1434340 1608.5
1434350 1616.0
1434360 1616.0
1434370 1622.6
1434380 1629.5
1434390 1629.5
1434400 1636.8
1434410 1642.3
1434420 1642.3
1434430 1649.5
1434440 1656.4
1434450 1663.5
1434460 1663.5
1434470 1670.2
1434480 1677.1
1434490 1677.1
1434500 1683.1
1434510 1689.3
1434520 1689.3
1434530 1696.2
1434540 1702.8
1434550 1702.8
1434560 1709.4
1434570 1715.9
1434580 1715.9
1434590 1721.6
1434600 1727.8
1434610 1734.5
1434620 1734.5
1434630 1740.0
1434640 1745.8
1434650 1745.8
1434660 1751.6
1434670 1757.7
1434680 1757.7
1434690 1763.3
1434700 1768.9
1434710 1768.9
1434720 1774.6
1434730 1780.0
1434740 1779.3
1434750 1784.4
1434760 1788.7
1434770 1788.7
1434780 1793.7
1434790 1801.9
1434800 1810.9
1434810 1810.9
1434820 1818.8
1434830 1827.2
1434840 1827.2
1434850 1834.4
1434860 1840.5
1434870 1840.5
1434880 1846.1
1434890 1850.6
1434900 1850.6
1434910 1855.2
1434920 1860.5
1434930 1860.5
1434940 1865.8
1434950 1871.4
1434960 1871.4
1434970 1877.3
1434980 1883.1
1434990 1887.2
1435000 1887.2
1435010 1889.2
1435020 1892.0
1435030 1892.0
1435040 1896.9
1435050 1903.0
1435060 1903.0
1435070 1909.3
1435080 1915.4
1435090 1915.4
1435100 1921.2
1435110 1927.1
1435120 1927.1
1435130 1932.3
1435140 1936.9
1435150 1941.2
1435160 1941.2
1435170 1946.0
1435180 1950.4
1435190 1950.4
1435200 1955.8
1435210 1962.2
1435220 1962.2
1435230 1965.4
1435240 1968.2
1435250 1968.2
1435260 1972.6
1435270 1977.1
1435280 1977.1
1435290 1981.4
1435300 1985.0
1435310 1985.0
1435320 1988.1
1435330 1990.2
1435340 1990.9
1435350 1990.9
1435360 1990.2
1435370 1988.4
1435380 1988.4
1435390 1986.5
1435400 1984.7
1435410 1984.7
1435420 1982.5
1435430 1979.8
1435440 1979.8
1435450 1976.7
1435460 1973.8
1435470 1973.8
1435480 1971.0
1435490 1967.6
1435500 1967.6
1435510 1964.3
1435520 1961.8
1435530 1959.4
1435540 1959.4
1435550 1958.2
1435560 1958.4
1435570 1958.4
1435580 1959.5
1435590 1961.8
1435600 1961.8
1435610 1962.5
1435620 1961.8
1435630 1961.8
1435640 1960.3
1435650 1957.8
1435660 1957.8
1435670 1955.1
1435680 1952.4
1435690 1949.6
1435700 1949.6
1435710 1948.8
1435720 1949.7
1435730 1949.7
1435740 1949.6
1435750 1948.7
1435760 1948.7
1435770 1946.7
1435780 1942.8
1435790 1942.8
1435800 1937.8
1435810 1932.2
1435820 1932.2
1435830 1926.7
1435840 1921.3
1435850 1921.3
1435860 1916.6
1435870 1911.4
1435880 1906.3
1435890 1906.3
1435900 1900.5
1435910 1895.6
1435920 1895.6
1435930 1892.8
1435940 1890.2
1435950 1890.2
1435960 1887.7
1435970 1881.9
1435980 1881.9
1435990 1875.5
1436000 1872.7
1436010 1872.7
1436020 1872.6
1436030 1872.8
1436040 1872.8
1436050 1874.7
1436060 1876.2
1436070 1875.6
1436080 1875.6
1436090 1872.1
1436100 1866.9
1436110 1866.9
1436120 1860.8
1436130 1854.0
1436140 1854.0
1436150 1847.7
1436160 1841.9
1436170 1841.9
1436180 1836.0
1436190 1829.2
1436200 1829.2
1436210 1822.7
1436220 1816.9
1436230 1811.6
1436240 1811.6
1436250 1806.1
1436260 1800.2
1436270 1800.2
1436280 1794.2
1436290 1787.3
1436300 1787.3
1436310 1780.1
1436320 1775.2
1436330 1775.2
1436340 1772.7
1436350 1770.5
1436360 1770.5
1436370 1765.9
1436380 1758.6
1436390 1758.6
1436400 1753.2
1436410 1753.4
1436420 1751.9
1436430 1751.9
1436440 1751.4
1436450 1752.2
1436460 1752.2
1436470 1751.4
1436480 1749.7
1436490 1749.7
1436500 1748.0
1436510 1745.9
1436520 1745.9
1436530 1745.9
1436540 1746.9
1436550 1746.9
1436560 1746.0
1436570 1746.1
1436580 1746.1
1436590 1746.5
1436600 1745.3
1436610 1743.1
1436620 1743.1
1436630 1739.9
1436640 1736.3
1436650 1736.3
1436660 1734.0
1436670 1731.1
1436680 1731.1
1436690 1725.1
1436700 1718.9
1436710 1718.9
1436720 1714.7
1436730 1710.5
1436740 1710.5
1436750 1704.8
1436760 1700.9
1436770 1704.9
1436780 1704.9
1436790 1712.1
1436800 1717.2
1436810 1717.2
1436820 1722.0
1436830 1726.9
1436840 1726.9
1436850 1732.1
1436860 1738.0
1436870 1738.0
1436880 1745.1
1436890 1749.8
1436900 1749.8
1436910 1753.8
1436920 1756.8
1436930 1756.8
1436940 1757.8
1436950 1754.8
1436960 1754.0
1436970 1754.0
1436980 1758.7
1436990 1761.0
1437000 1761.0
1437010 1762.9
1437020 1765.5
1437030 1765.5
1437040 1769.9
1437050 1777.4
1437060 1777.4
1437070 1783.0
1437080 1783.6
1437090 1783.6
1437100 1784.5
1437110 1785.1
1437120 1785.1
1437130 1782.7
1437140 1777.8
1437150 1779.0
1437160 1779.0
1437170 1785.3
1437180 1792.5
1437190 1792.5
1437200 1798.3
1437210 1805.0
1437220 1805.0
1437230 1812.8
1437240 1821.1
1437250 1821.1
1437260 1828.3
1437270 1835.1
1437280 1835.1
1437290 1843.7
1437300 1854.1
1437310 1862.5
1437320 1862.5
1437330 1874.1
1437340 1881.3
1437350 1881.3
1437360 1888.5
1437370 1895.2
1437380 1895.2
1437390 1901.3
1437400 1906.2
1437410 1906.2
1437420 1908.7
1437430 1911.8
1437440 1911.8
1437450 1916.7
1437460 1921.9
1437470 1921.9
1437480 1925.8
1437490 1930.0
1437500 1934.0
1437510 1934.0
1437520 1937.5
1437530 1938.8
1437540 1938.8
1437550 1941.0
1437560 1942.6
1437570 1942.6
1437580 1942.8
1437590 1942.3
1437600 1942.3
1437610 1940.3
1437620 1937.9
1437630 1937.9
1437640 1936.3
1437650 1934.9
1437660 1934.9
1437670 1933.3
1437680 1932.1
1437690 1931.7
1437700 1931.7
1437710 1931.4
1437720 1930.7
1437730 1930.7
1437740 1929.8
1437750 1929.6
1437760 1929.6
1437770 1930.1
1437780 1930.2
1437790 1930.2
1437800 1930.2
1437810 1930.6
1437820 1930.6
1437830 1931.7
1437840 1932.3
1437850 1932.6
1437860 1932.6
1437870 1933.6
1437880 1934.7
1437890 1934.7
1437900 1935.1
1437910 1934.2
1437920 1934.2
1437930 1934.9
1437940 1931.2
1437950 1931.2
1437960 1925.3
1437970 1917.3
1437980 1917.3
1437990 1908.1
1438000 1900.2
1438010 1900.2
1438020 1893.5
1438030 1887.0
1438040 1880.5
1438050 1880.5
1438060 1873.7
1438070 1866.6
1438080 1866.6
1438090 1859.6
1438100 1853.6
1438110 1853.6
1438120 1848.8
1438130 1844.4
1438140 1844.4
1438150 1839.0
1438160 1834.7
1438170 1834.7
1438180 1829.7
1438190 1823.8
1438200 1823.8
1438210 1818.3
1438220 1814.2
1438230 1810.6
1438240 1810.6
1438250 1806.4
1438260 1801.1
1438270 1801.1
1438280 1795.1
1438290 1791.1
1438300 1791.1
1438310 1791.2
1438320 1791.1
1438330 1791.1
1438340 1791.9
1438350 1795.1
1438360 1795.1
1438370 1797.5
1438380 1799.9
1438390 1801.8
1438400 1801.8
1438410 1801.6
1438420 1801.2
1438430 1801.2
1438440 1803.3
1438450 1805.5
1438460 1805.5
1438470 1804.9
1438480 1803.7
1438490 1803.7
1438500 1805.4
1438510 1806.2
1438520 1806.2
1438530 1804.2
1438540 1804.5
1438550 1804.5
1438560 1805.2
1438570 1806.8
1438580 1809.0
1438590 1809.0
1438600 1812.1
1438610 1814.6
1438620 1814.6
1438630 1816.7
1438640 1816.5
1438650 1816.5
1438660 1816.9
1438670 1817.0
1438680 1817.0
1438690 1816.0
1438700 1813.9
1438710 1813.9
1438720 1809.7
1438730 1804.0
1438740 1804.0
1438750 1799.7
1438760 1796.1
1438770 1792.6
1438780 1792.6
1438790 1789.5
1438800 1787.2
1438810 1787.2
1438820 1785.2
1438830 1783.1
1438840 1783.1
1438850 1779.4
1438860 1776.5
1438870 1776.5
1438880 1775.3
1438890 1773.9
1438900 1773.9
1438910 1772.3
1438920 1771.2
1438930 1770.5
1438940 1770.5
1438950 1770.8
1438960 1769.7
1438970 1769.7
1438980 1765.7
1438990 1760.2
1439000 1760.2
1439010 1754.7
1439020 1750.0
1439030 1750.0
1439040 1744.4
1439050 1738.7
1439060 1738.7
1439070 1732.4
1439080 1724.8
1439090 1724.8
1439100 1716.6
1439110 1710.8
1439120 1706.4
1439130 1706.4
1439140 1703.3
1439150 1698.1
1439160 1698.1
1439170 1692.1
1439180 1686.6
1439190 1686.6
1439200 1683.2
1439210 1679.6
1439220 1679.6
1439230 1675.7
1439240 1672.1
1439250 1672.1
1439260 1669.0
1439270 1665.8
1439280 1665.8
1439290 1662.5
1439300 1660.3
1439310 1656.7
1439320 1656.7
1439330 1652.3
1439340 1647.7
1439350 1647.7
1439360 1640.4
1439370 1634.7
1439380 1634.7
1439390 1631.7
1439400 1623.0
1439410 1623.0
1439420 1610.8
1439430 1603.1
1439440 1603.1
1439450 1596.1
1439460 1588.2
1439470 1581.6
1439480 1581.6
1439490 1575.2
1439500 1568.6
1439510 1568.6
1439520 1562.4
1439530 1558.0
1439540 1558.0
1439550 1553.4
1439560 1549.7
1439570 1549.7
1439580 1546.5
1439590 1543.3
1439600 1543.3
1439610 1539.6
1439620 1536.9
1439630 1536.9
1439640 1533.9
1439650 1527.6
1439660 1520.3
1439670 1520.3
1439680 1523.8
1439690 1529.3
1439700 1529.3
1439710 1529.1
1439720 1521.6
1439730 1521.6
1439740 1526.0
1439750 1535.8
1439760 1535.8
1439770 1545.1
1439780 1552.1
1439790 1552.1
1439800 1557.2
1439810 1561.7
1439820 1567.2
1439830 1567.2
1439840 1572.8
1439850 1579.0
1439860 1579.0
1439870 1584.6
1439880 1590.4
1439890 1590.4
1439900 1597.3
1439910 1603.6
1439920 1603.6
1439930 1607.5
1439940 1610.2
1439950 1610.2
1439960 1613.1
1439970 1615.8
1439980 1615.8
1439990 1620.0
