1420000 730.4
1420010 729.8
1420020 729.2
1420030 729.2
1420040 728.8
1420050 728.8
1420060 728.8
1420070 728.8
1420080 728.0
1420090 728.0
1420100 727.2
1420110 726.7
1420120 726.7
1420130 726.4
1420140 726.3
1420150 726.3
1420160 726.8
1420170 726.6
1420180 726.1
1420190 726.1
1420200 725.7
1420210 725.3
1420220 725.3
1420230 725.2
1420240 724.9
1420250 724.9
1420260 724.2
1420270 723.2
1420280 723.2
1420290 723.0
1420300 722.0
1420310 722.0
1420320 721.3
1420330 720.8
1420340 720.8
1420350 720.2
1420360 719.6
1420370 719.1
1420380 719.1
1420390 718.6
1420400 718.1
1420410 718.1
1420420 717.7
1420430 717.5
1420440 717.5
1420450 717.2
1420460 716.7
1420470 716.7
1420480 716.2
1420490 715.9
1420500 715.9
1420510 715.8
1420520 716.0
1420530 716.0
1420540 714.7
1420550 713.3
1420560 712.5
1420570 712.5
1420580 712.0
1420590 711.6
1420600 711.6
1420610 710.9
1420620 710.5
1420630 710.5
1420640 709.7
1420650 709.3
1420660 709.3
1420670 709.2
1420680 708.6
1420690 708.6
1420700 707.5
1420710 707.4
1420720 706.6
1420730 706.6
1420740 706.0
1420750 705.6
1420760 705.6
1420770 705.5
1420780 705.3
1420790 705.3
1420800 703.6
1420810 703.3
1420820 703.3
1420830 703.0
1420840 701.8
1420850 701.8
1420860 700.0
1420870 699.6
1420880 699.6
1420890 699.3
1420900 698.7
1420910 698.3
1420920 698.3
1420930 698.1
1420940 698.0
1420950 698.0
1420960 697.6
1420970 696.9
1420980 696.9
1420990 696.5
1421000 696.6
1421010 696.6
1421020 696.8
1421030 696.2
1421040 696.2
1421050 695.0
1421060 694.1
1421070 694.1
1421080 693.5
1421090 692.8
1421100 692.2
1421110 692.2
1421120 691.9
1421130 691.8
1421140 691.8
1421150 691.7
1421160 691.7
1421170 691.7
1421180 691.5
1421190 691.2
1421200 691.2
1421210 690.6
1421220 690.1
1421230 690.1
1421240 689.4
1421250 688.2
1421260 688.2
1421270 686.9
1421280 685.8
1421290 684.8
1421300 684.8
1421310 684.0
1421320 683.5
1421330 683.5
1421340 683.2
1421350 682.9
1421360 682.9
1421370 682.4
1421380 681.9
1421390 681.9
1421400 681.4
1421410 680.8
1421420 680.8
1421430 680.8
1421440 680.5
1421450 679.9
1421460 679.9
1421470 679.6
1421480 679.6
1421490 679.6
1421500 679.5
1421510 678.9
1421520 678.9
1421530 679.7
1421540 679.7
1421550 679.7
1421560 680.0
1421570 680.1
1421580 680.1
1421590 680.2
1421600 680.3
1421610 680.3
1421620 680.6
1421630 680.7
1421640 680.5
1421650 680.5
1421660 680.5
1421670 682.1
1421680 682.1
1421690 681.0
1421700 680.0
1421710 680.0
1421720 679.9
1421730 679.7
1421740 679.7
1421750 679.6
1421760 679.7
1421770 679.7
1421780 679.7
1421790 679.4
1421800 679.4
1421810 679.0
1421820 678.8
1421830 678.7
1421840 678.7
1421850 678.6
1421860 678.7
1421870 678.7
1421880 678.8
1421890 678.9
1421900 678.9
1421910 678.8
1421920 678.6
1421930 678.6
1421940 678.4
1421950 678.3
1421960 678.3
1421970 678.2
1421980 678.1
1421990 677.8
1422000 677.8
1422010 678.0
1422020 678.2
1422030 678.2
1422040 678.4
1422050 678.6
1422060 678.6
1422070 679.2
1422080 679.9
1422090 679.9
1422100 680.3
1422110 680.3
1422120 680.3
1422130 680.1
1422140 680.2
1422150 680.2
1422160 680.2
1422170 679.9
1422180 679.5
1422190 679.5
1422200 678.1
1422210 676.7
1422220 676.7
1422230 676.1
1422240 675.7
1422250 675.7
1422260 675.6
1422270 675.5
1422280 675.5
1422290 675.5
1422300 675.4
1422310 675.4
1422320 675.4
1422330 675.4
1422340 675.4
1422350 675.5
1422360 675.7
1422370 675.6
1422380 675.6
1422390 673.3
1422400 672.6
1422410 672.6
1422420 672.7
1422430 673.2
1422440 673.2
1422450 673.7
1422460 673.9
1422470 673.9
1422480 674.1
1422490 673.9
1422500 673.9
1422510 673.4
1422520 672.7
1422530 672.1
1422540 672.1
1422550 671.8
1422560 671.6
1422570 671.6
1422580 671.4
1422590 671.2
1422600 671.2
1422610 671.1
1422620 671.0
1422630 671.0
1422640 670.9
1422650 670.8
1422660 670.8
1422670 670.7
1422680 670.6
1422690 670.6
1422700 670.5
1422710 670.4
1422720 670.2
1422730 670.2
1422740 670.0
1422750 669.8
1422760 669.8
1422770 669.7
1422780 669.6
1422790 669.6
1422800 669.4
1422810 669.2
1422820 669.2
1422830 669.1
1422840 668.9
1422850 668.9
1422860 668.8
1422870 668.7
1422880 668.7
1422890 668.6
1422900 668.5
1422910 668.4
1422920 668.4
1422930 668.4
1422940 668.3
1422950 668.3
1422960 668.3
1422970 668.3
1422980 668.3
1422990 668.2
1423000 668.2
1423010 668.2
1423020 668.1
1423030 668.0
1423040 668.0
1423050 668.0
1423060 668.1
1423070 668.1
1423080 668.2
1423090 668.3
1423100 668.3
1423110 668.3
1423120 668.3
1423130 668.4
1423140 668.4
1423150 668.4
1423160 668.4
1423170 668.4
1423180 668.5
1423190 668.5
1423200 668.5
1423210 668.5
1423220 668.6
1423230 668.6
1423240 668.7
1423250 668.9
1423260 669.3
1423270 669.3
1423280 669.5
1423290 669.8
1423300 669.8
1423310 670.4
1423320 671.1
1423330 671.1
1423340 671.7
1423350 672.5
1423360 672.5
1423370 673.6
1423380 674.3
1423390 674.3
1423400 675.2
1423410 676.2
1423420 676.2
1423430 677.1
1423440 677.9
1423450 678.0
1423460 678.0
1423470 677.6
1423480 677.2
1423490 677.2
1423500 677.1
1423510 676.8
1423520 676.8
1423530 676.5
1423540 676.3
1423550 676.3
1423560 676.2
1423570 676.1
1423580 676.1
1423590 676.3
1423600 676.7
1423610 676.7
1423620 676.3
1423630 675.2
1423640 674.5
1423650 674.5
1423660 673.8
1423670 673.2
1423680 673.2
1423690 672.7
1423700 672.7
1423710 672.7
1423720 673.5
1423730 675.0
1423740 675.0
1423750 676.1
1423760 677.7
1423770 677.7
1423780 679.8
1423790 681.9
1423800 684.5
1423810 684.5
1423820 687.4
1423830 690.5
1423840 690.5
1423850 693.1
1423860 695.8
1423870 695.8
1423880 701.0
1423890 705.1
1423900 705.1
1423910 705.1
1423920 705.8
1423930 705.8
1423940 708.6
1423950 709.3
1423960 709.3
1423970 707.8
1423980 709.5
1423990 714.1
1424000 714.1
1424010 718.9
1424020 722.3
1424030 722.3
1424040 725.3
1424050 728.7
1424060 728.7
1424070 732.3
1424080 735.2
1424090 735.2
1424100 735.7
1424110 735.5
1424120 735.5
1424130 735.9
1424140 737.1
1424150 737.1
1424160 738.8
1424170 736.5
1424180 732.5
1424190 732.5
1424200 727.4
1424210 722.6
1424220 722.6
1424230 719.8
1424240 719.3
1424250 719.3
1424260 720.4
1424270 722.2
1424280 722.2
1424290 724.7
1424300 726.5
1424310 726.5
1424320 728.6
1424330 729.6
1424340 729.6
1424350 729.0
1424360 724.8
1424370 723.2
1424380 723.2
1424390 723.1
1424400 722.8
1424410 722.8
1424420 722.5
1424430 721.8
1424440 721.8
1424450 718.6
1424460 713.7
1424470 713.7
1424480 710.5
1424490 714.2
1424500 714.2
1424510 719.8
1424520 718.6
1424530 716.8
1424540 716.8
1424550 715.8
1424560 715.2
1424570 715.2
1424580 714.4
1424590 714.3
1424600 714.3
1424610 714.4
1424620 714.5
1424630 714.5
1424640 713.5
1424650 712.3
1424660 712.3
1424670 712.2
1424680 712.4
1424690 712.4
1424700 713.0
1424710 712.6
1424720 711.5
1424730 711.5
1424740 712.1
1424750 712.4
1424760 712.4
1424770 713.2
1424780 713.8
1424790 713.8
1424800 713.8
1424810 713.6
1424820 713.6
1424830 713.7
1424840 714.2
1424850 714.2
1424860 714.7
1424870 715.7
1424880 715.7
1424890 716.9
1424900 718.2
1424910 719.3
1424920 719.3
1424930 720.3
1424940 722.0
1424950 722.0
1424960 719.3
1424970 718.7
1424980 718.7
1424990 718.3
1425000 717.4
1425010 717.4
1425020 716.6
1425030 716.4
1425040 716.4
1425050 716.6
1425060 716.6
1425070 716.4
1425080 716.4
1425090 716.2
1425100 716.1
1425110 716.1
1425120 716.1
1425130 716.0
1425140 716.0
1425150 715.3
1425160 714.7
1425170 714.7
1425180 714.6
1425190 714.4
1425200 714.4
1425210 714.3
1425220 713.6
1425230 713.6
1425240 712.0
1425250 710.7
1425260 710.1
1425270 710.1
1425280 710.5
1425290 710.4
1425300 710.4
1425310 709.9
1425320 710.7
1425330 710.7
1425340 710.8
1425350 711.0
1425360 711.0
1425370 710.9
1425380 711.9
1425390 711.9
1425400 711.8
1425410 710.3
1425420 710.3
1425430 709.6
1425440 708.9
1425450 708.7
1425460 708.7
1425470 708.4
1425480 708.2
1425490 708.2
1425500 707.9
1425510 707.3
1425520 707.3
1425530 706.5
1425540 706.0
1425550 706.0
1425560 704.8
1425570 704.7
1425580 704.7
1425590 704.0
1425600 702.7
1425610 701.4
1425620 701.4
1425630 700.1
1425640 698.1
1425650 698.1
1425660 697.0
1425670 696.0
1425680 696.0
1425690 695.4
1425700 695.1
1425710 695.1
1425720 694.7
1425730 694.3
1425740 694.3
1425750 692.9
1425760 691.6
1425770 691.6
1425780 690.8
1425790 690.2
1425800 689.4
1425810 689.4
1425820 689.0
1425830 689.5
1425840 689.5
1425850 690.5
1425860 692.1
1425870 692.1
1425880 693.7
1425890 694.9
1425900 694.9
1425910 696.5
1425920 698.4
1425930 698.4
1425940 699.4
1425950 700.3
1425960 700.3
1425970 702.6
1425980 704.3
1425990 705.1
1426000 705.1
1426010 705.9
1426020 706.5
1426030 706.5
1426040 706.6
1426050 703.4
1426060 703.4
1426070 701.2
1426080 700.6
1426090 700.6
1426100 700.7
1426110 701.5
1426120 701.5
1426130 703.2
1426140 707.2
1426150 707.2
1426160 712.2
1426170 717.8
1426180 721.7
1426190 721.7
1426200 725.5
1426210 729.1
1426220 729.1
1426230 731.0
1426240 733.3
1426250 733.3
1426260 737.1
1426270 740.7
1426280 740.7
1426290 743.4
1426300 741.8
1426310 741.8
1426320 736.7
1426330 733.3
1426340 733.1
1426350 733.1
1426360 733.7
1426370 735.5
1426380 735.5
1426390 739.5
1426400 744.8
1426410 744.8
1426420 748.6
1426430 748.6
1426440 748.6
1426450 748.3
1426460 748.5
1426470 748.5
1426480 749.3
1426490 749.2
1426500 749.2
1426510 746.5
1426520 744.1
1426530 744.7
1426540 744.7
1426550 748.3
1426560 753.0
1426570 753.0
1426580 756.9
1426590 758.2
1426600 758.2
1426610 758.5
1426620 758.9
1426630 758.9
1426640 759.3
1426650 758.6
1426660 758.6
1426670 755.5
1426680 749.7
1426690 749.7
1426700 743.1
1426710 738.9
1426720 743.2
1426730 743.2
1426740 750.8
1426750 757.2
1426760 757.2
1426770 761.8
1426780 766.0
1426790 766.0
1426800 768.1
1426810 769.2
1426820 769.2
1426830 769.5
1426840 767.1
1426850 767.1
1426860 766.6
1426870 767.6
1426880 770.0
1426890 770.0
1426900 772.2
1426910 772.8
1426920 772.8
1426930 772.8
1426940 772.2
1426950 772.2
1426960 771.2
1426970 770.7
1426980 770.7
1426990 771.4
1427000 774.2
1427010 774.2
1427020 779.0
1427030 781.0
1427040 781.0
1427050 780.1
1427060 779.7
1427070 779.9
1427080 779.9
1427090 780.6
1427100 781.5
1427110 781.5
1427120 778.0
1427130 780.8
1427140 780.8
1427150 780.8
1427160 775.8
1427170 775.8
1427180 771.2
1427190 769.8
1427200 769.8
1427210 771.1
1427220 774.1
1427230 774.1
1427240 775.4
1427250 775.4
1427260 770.4
1427270 770.4
1427280 763.4
1427290 756.3
1427300 756.3
1427310 750.2
1427320 743.7
1427330 743.7
1427340 737.4
1427350 730.5
1427360 730.5
1427370 725.0
1427380 719.4
1427390 719.4
1427400 712.2
1427410 710.0
1427420 708.9
1427430 708.9
1427440 706.2
1427450 705.6
1427460 705.6
1427470 705.3
1427480 704.8
1427490 704.8
1427500 704.6
1427510 706.5
1427520 706.5
1427530 710.6
1427540 712.8
1427550 712.8
1427560 712.7
1427570 712.9
1427580 712.9
1427590 713.2
1427600 713.5
1427610 714.2
1427620 714.2
1427630 714.6
1427640 714.6
1427650 714.6
1427660 714.3
1427670 714.4
1427680 714.4
1427690 714.1
1427700 714.2
1427710 714.2
1427720 715.8
1427730 721.9
1427740 721.9
1427750 731.6
1427760 740.8
1427770 740.8
1427780 744.7
1427790 752.1
1427800 759.8
1427810 759.8
1427820 764.8
1427830 771.4
1427840 771.4
1427850 778.9
1427860 786.9
1427870 786.9
1427880 793.4
1427890 799.7
1427900 799.7
1427910 805.8
1427920 808.0
1427930 808.0
1427940 808.0
1427950 807.1
1427960 806.6
1427970 806.6
1427980 806.3
1427990 806.1
1428000 806.1
1428010 806.1
1428020 806.4
1428030 806.4
1428040 807.0
1428050 807.7
1428060 807.7
1428070 808.7
1428080 809.9
1428090 809.9
1428100 811.5
1428110 812.9
1428120 812.9
1428130 813.3
1428140 814.8
1428150 817.1
1428160 817.1
1428170 821.9
1428180 822.2
1428190 822.2
1428200 822.1
1428210 823.4
1428220 823.4
1428230 824.6
1428240 825.9
1428250 825.9
1428260 828.0
1428270 831.2
1428280 831.2
1428290 835.0
1428300 836.6
1428310 836.6
1428320 837.7
1428330 840.1
1428340 841.7
1428350 841.7
1428360 843.4
1428370 845.1
1428380 845.1
1428390 847.0
1428400 848.9
1428410 848.9
1428420 850.6
1428430 852.1
1428440 852.1
1428450 853.0
1428460 853.4
1428470 853.4
1428480 853.5
1428490 853.8
1428500 853.8
1428510 854.1
1428520 854.9
1428530 856.1
1428540 856.1
1428550 857.3
1428560 858.8
1428570 858.8
1428580 859.9
1428590 860.8
1428600 860.8
1428610 861.9
1428620 863.2
1428630 863.2
1428640 865.3
1428650 868.7
1428660 868.7
1428670 872.2
1428680 875.3
1428690 877.9
1428700 877.9
1428710 880.5
1428720 883.3
1428730 883.3
1428740 886.6
1428750 890.2
1428760 890.2
1428770 893.6
1428780 896.7
1428790 896.7
1428800 899.6
1428810 901.4
1428820 901.4
1428830 903.6
1428840 908.0
1428850 908.0
1428860 912.4
1428870 915.4
1428880 918.7
1428890 918.7
1428900 920.6
1428910 921.6
1428920 921.6
1428930 924.5
1428940 927.3
1428950 927.3
1428960 930.7
1428970 933.6
1428980 933.6
1428990 934.7
1429000 938.6
1429010 938.6
1429020 940.9
1429030 942.8
1429040 942.8
1429050 944.8
1429060 946.9
1429070 949.4
1429080 949.4
1429090 950.8
1429100 953.5
1429110 953.5
1429120 957.2
1429130 959.4
1429140 959.4
1429150 963.4
1429160 969.6
1429170 969.6
1429180 975.4
1429190 981.0
1429200 981.0
1429210 987.0
1429220 993.7
1429230 1000.8
1429240 1000.8
1429250 1008.1
1429260 1017.2
1429270 1017.2
1429280 1028.9
1429290 1039.7
1429300 1039.7
1429310 1046.9
1429320 1054.4
1429330 1054.4
1429340 1061.9
1429350 1066.6
1429360 1066.6
1429370 1068.0
1429380 1073.5
1429390 1073.5
1429400 1078.5
1429410 1080.6
1429420 1083.0
1429430 1083.0
1429440 1085.7
1429450 1087.8
1429460 1087.8
1429470 1088.3
1429480 1087.5
1429490 1087.5
1429500 1087.1
1429510 1087.6
1429520 1087.6
1429530 1087.9
1429540 1088.2
1429550 1088.2
1429560 1086.5
1429570 1083.8
1429580 1083.8
1429590 1083.0
1429600 1082.6
1429610 1081.7
1429620 1081.7
1429630 1081.2
1429640 1080.6
1429650 1080.6
1429660 1080.4
1429670 1080.3
1429680 1080.3
1429690 1079.8
1429700 1079.2
1429710 1079.2
1429720 1079.4
1429730 1080.7
1429740 1080.7
1429750 1082.0
1429760 1083.1
1429770 1084.1
1429780 1084.1
1429790 1085.1
1429800 1085.8
1429810 1085.8
1429820 1087.4
1429830 1089.9
1429840 1089.9
1429850 1090.7
1429860 1089.6
1429870 1089.6
1429880 1088.4
1429890 1088.6
1429900 1088.6
1429910 1089.5
1429920 1091.1
1429930 1091.1
1429940 1091.6
1429950 1091.4
1429960 1092.7
1429970 1092.7
1429980 1093.4
1429990 1093.0
1430000 1093.0
1430010 1092.6
1430020 1092.4
1430030 1092.4
1430040 1092.2
1430050 1091.8
1430060 1091.8
1430070 1091.3
1430080 1089.8
1430090 1089.8
1430100 1088.6
1430110 1088.0
1430120 1088.0
1430130 1087.6
1430140 1087.2
1430150 1087.0
1430160 1087.0
1430170 1086.9
1430180 1087.1
1430190 1087.1
1430200 1087.6
1430210 1087.9
1430220 1087.9
1430230 1088.1
1430240 1087.5
1430250 1087.5
1430260 1083.2
1430270 1076.4
1430280 1076.4
1430290 1070.7
1430300 1066.1
1430310 1066.1
1430320 1062.2
1430330 1059.5
1430340 1058.5
1430350 1058.5
1430360 1058.7
1430370 1058.6
1430380 1058.6
1430390 1058.8
1430400 1063.2
1430410 1063.2
1430420 1069.5
1430430 1076.8
1430440 1076.8
1430450 1084.2
1430460 1092.5
1430470 1092.5
1430480 1100.7
1430490 1107.5
1430500 1109.8
1430510 1109.8
1430520 1111.0
1430530 1113.2
1430540 1113.2
1430550 1115.3
1430560 1117.4
1430570 1117.4
1430580 1119.4
1430590 1121.1
1430600 1121.1
1430610 1122.5
1430620 1124.1
1430630 1124.1
1430640 1125.7
1430650 1127.3
1430660 1127.3
1430670 1129.4
1430680 1132.6
1430690 1135.6
1430700 1135.6
1430710 1138.3
1430720 1140.9
1430730 1140.9
1430740 1144.2
1430750 1149.3
1430760 1149.3
1430770 1153.7
1430780 1157.6
1430790 1157.6
1430800 1161.6
1430810 1164.2
1430820 1164.2
1430830 1166.2
1430840 1168.5
1430850 1168.5
1430860 1171.2
1430870 1174.7
1430880 1179.2
1430890 1179.2
1430900 1185.5
1430910 1192.1
1430920 1192.1
1430930 1198.4
1430940 1203.8
1430950 1203.8
1430960 1208.4
1430970 1212.6
1430980 1212.6
1430990 1217.8
1431000 1222.4
1431010 1222.4
1431020 1227.5
1431030 1232.6
1431040 1237.8
1431050 1237.8
1431060 1243.1
1431070 1248.2
1431080 1248.2
1431090 1254.1
1431100 1260.2
1431110 1260.2
1431120 1265.3
1431130 1269.6
1431140 1269.6
1431150 1273.6
1431160 1276.5
1431170 1276.5
1431180 1278.9
1431190 1283.5
1431200 1283.5
1431210 1288.8
1431220 1294.8
1431230 1301.1
1431240 1301.1
1431250 1307.8
1431260 1314.4
1431270 1314.4
1431280 1320.1
1431290 1325.5
1431300 1325.5
1431310 1329.5
1431320 1333.5
1431330 1333.5
1431340 1337.6
1431350 1341.3
1431360 1341.3
1431370 1343.5
1431380 1344.1
1431390 1344.1
1431400 1345.8
1431410 1348.0
1431420 1351.5
1431430 1351.5
1431440 1353.5
1431450 1353.6
1431460 1353.6
1431470 1353.8
1431480 1354.4
1431490 1354.4
1431500 1356.3
1431510 1358.8
1431520 1358.8
1431530 1360.8
1431540 1363.5
1431550 1363.5
1431560 1366.9
1431570 1370.8
1431580 1373.5
1431590 1373.5
1431600 1375.7
1431610 1377.9
1431620 1377.9
1431630 1378.6
1431640 1378.7
1431650 1378.7
1431660 1379.8
1431670 1382.0
1431680 1382.0
1431690 1385.3
1431700 1388.8
1431710 1388.8
1431720 1390.2
1431730 1393.0
1431740 1393.0
1431750 1394.7
1431760 1395.9
1431770 1397.1
1431780 1397.1
1431790 1398.3
1431800 1399.8
1431810 1399.8
1431820 1401.4
1431830 1403.3
1431840 1403.3
1431850 1405.5
1431860 1407.8
1431870 1407.8
1431880 1409.9
1431890 1412.0
1431900 1412.0
1431910 1414.8
1431920 1417.7
1431930 1417.7
1431940 1420.1
1431950 1421.9
1431960 1424.0
1431970 1424.0
1431980 1427.8
1431990 1432.0
1432000 1432.0
1432010 1437.3
1432020 1442.8
1432030 1442.8
1432040 1448.3
1432050 1454.1
1432060 1454.1
1432070 1459.1
1432080 1462.8
1432090 1462.8
1432100 1466.0
1432110 1469.9
1432120 1475.0
1432130 1475.0
1432140 1480.1
1432150 1483.6
1432160 1483.6
1432170 1487.3
1432180 1492.7
1432190 1492.7
1432200 1499.0
1432210 1503.3
1432220 1503.3
1432230 1506.8
1432240 1510.6
1432250 1510.6
1432260 1513.0
1432270 1515.8
1432280 1515.8
1432290 1518.4
1432300 1521.0
1432310 1524.4
1432320 1524.4
1432330 1527.6
1432340 1530.5
1432350 1530.5
1432360 1533.5
1432370 1536.3
1432380 1536.3
1432390 1538.8
1432400 1540.7
1432410 1540.7
1432420 1541.4
1432430 1541.7
1432440 1541.7
1432450 1544.0
1432460 1545.8
1432470 1545.8
1432480 1547.0
1432490 1547.6
1432500 1547.1
1432510 1547.1
1432520 1546.1
1432530 1546.8
1432540 1546.8
1432550 1547.1
1432560 1547.3
1432570 1547.3
1432580 1547.8
1432590 1548.8
1432600 1548.8
1432610 1548.6
1432620 1545.8
1432630 1545.8
1432640 1543.9
1432650 1544.0
1432660 1544.0
1432670 1544.4
1432680 1544.3
1432690 1544.2
1432700 1544.2
1432710 1544.6
1432720 1545.4
1432730 1545.4
1432740 1545.9
1432750 1546.2
1432760 1546.2
1432770 1546.3
1432780 1546.3
1432790 1546.3
1432800 1547.1
1432810 1547.6
1432820 1547.6
1432830 1547.9
1432840 1548.0
1432850 1548.4
1432860 1548.4
1432870 1548.6
1432880 1548.4
1432890 1548.4
1432900 1548.4
1432910 1548.0
1432920 1548.0
1432930 1546.6
1432940 1545.1
1432950 1545.1
1432960 1543.9
1432970 1543.1
1432980 1543.1
1432990 1543.0
1433000 1543.3
1433010 1543.3
1433020 1542.9
1433030 1542.1
1433040 1541.1
1433050 1541.1
1433060 1540.1
1433070 1539.1
1433080 1539.1
1433090 1538.6
1433100 1538.5
1433110 1538.5
1433120 1537.7
1433130 1535.0
1433140 1535.0
1433150 1533.9
1433160 1533.3
1433170 1533.3
1433180 1531.2
1433190 1528.5
1433200 1528.5
1433210 1526.7
1433220 1525.5
1433230 1525.9
1433240 1525.9
1433250 1527.5
1433260 1530.4
1433270 1530.4
1433280 1537.1
1433290 1542.8
1433300 1542.8
1433310 1546.2
1433320 1549.4
1433330 1549.4
1433340 1552.9
1433350 1556.0
1433360 1556.0
1433370 1558.8
1433380 1560.6
1433390 1562.0
1433400 1562.0
1433410 1564.0
1433420 1566.9
1433430 1566.9
1433440 1571.4
1433450 1575.2
1433460 1575.2
1433470 1577.7
1433480 1579.0
1433490 1579.0
1433500 1579.9
1433510 1580.2
1433520 1580.2
1433530 1580.2
1433540 1580.0
1433550 1580.0
1433560 1580.1
1433570 1580.3
1433580 1580.6
1433590 1580.6
1433600 1581.1
1433610 1581.8
1433620 1581.8
1433630 1583.0
1433640 1584.1
1433650 1584.1
1433660 1585.2
1433670 1586.0
1433680 1586.0
1433690 1586.4
1433700 1586.1
1433710 1586.1
1433720 1585.3
1433730 1584.8
1433740 1584.8
1433750 1583.8
1433760 1582.4
1433770 1581.3
1433780 1581.3
1433790 1580.0
1433800 1578.1
1433810 1578.1
1433820 1575.6
1433830 1574.9
1433840 1574.9
1433850 1574.7
1433860 1573.9
1433870 1573.9
1433880 1572.3
1433890 1572.1
1433900 1572.1
1433910 1571.5
1433920 1571.9
1433930 1572.1
1433940 1572.1
1433950 1571.6
1433960 1571.7
1433970 1571.7
1433980 1572.3
1433990 1572.3
1434000 1572.3
1434010 1571.7
1434020 1570.7
1434030 1570.7
1434040 1569.6
1434050 1568.4
1434060 1568.4
1434070 1567.3
1434080 1565.8
1434090 1565.8
1434100 1564.6
1434110 1563.4
1434120 1562.5
1434130 1562.5
1434140 1561.7
1434150 1560.5
1434160 1558.6
1434170 1557.2
1434180 1556.4
1434190 1556.4
1434200 1555.7
1434210 1555.7
1434220 1555.7
1434230 1554.7
1434240 1550.6
1434250 1550.6
1434260 1544.7
1434270 1538.3
1434280 1538.3
1434290 1535.9
1434300 1534.8
1434310 1532.8
1434320 1532.8
1434330 1531.1
1434340 1530.1
1434350 1530.1
1434360 1529.5
1434370 1528.5
1434380 1528.5
1434390 1527.5
1434400 1527.0
1434410 1527.0
1434420 1525.8
1434430 1524.5
1434440 1524.5
1434450 1524.9
1434460 1525.1
1434470 1525.1
1434480 1524.5
1434490 1522.2
1434500 1520.5
1434510 1520.5
1434520 1518.9
1434530 1515.5
1434540 1515.5
1434550 1511.9
1434560 1509.0
1434570 1509.0
1434580 1506.3
1434590 1504.1
1434600 1504.1
1434610 1500.5
1434620 1497.2
1434630 1497.2
1434640 1494.8
1434650 1491.0
1434660 1488.0
1434670 1488.0
1434680 1486.0
1434690 1485.4
1434700 1485.4
1434710 1482.2
1434720 1478.2
1434730 1478.2
1434740 1475.0
1434750 1471.6
1434760 1471.6
1434770 1469.5
1434780 1468.3
1434790 1468.3
1434800 1465.7
1434810 1463.5
1434820 1463.5
1434830 1462.4
1434840 1461.6
1434850 1461.6
1434860 1461.6
1434870 1460.8
1434880 1460.3
1434890 1460.3
1434900 1459.9
1434910 1459.9
1434920 1459.9
1434930 1459.5
1434940 1458.9
1434950 1458.9
1434960 1458.7
1434970 1458.7
1434980 1458.7
1434990 1458.6
1435000 1458.4
1435010 1458.4
1435020 1458.2
1435030 1458.1
1435040 1457.7
1435050 1457.7
1435060 1457.3
1435070 1456.8
1435080 1456.8
1435090 1456.1
1435100 1454.9
1435110 1454.9
1435120 1453.1
1435130 1451.8
1435140 1451.8
1435150 1451.1
1435160 1449.8
1435170 1449.8
1435180 1447.7
1435190 1447.6
1435200 1449.5
1435210 1449.5
1435220 1451.3
1435230 1453.2
1435240 1453.2
1435250 1455.4
1435260 1458.5
1435270 1458.5
1435280 1462.7
1435290 1465.7
1435300 1465.7
1435310 1468.6
1435320 1470.8
1435330 1470.8
1435340 1472.7
1435350 1474.7
1435360 1474.7
1435370 1476.3
1435380 1476.7
1435390 1476.7
1435400 1476.7
1435410 1478.4
1435420 1481.8
1435430 1481.8
1435440 1484.5
1435450 1487.1
1435460 1487.1
1435470 1489.2
1435480 1490.4
1435490 1490.4
1435500 1491.6
1435510 1493.5
1435520 1493.5
1435530 1493.8
1435540 1491.1
1435550 1491.1
1435560 1487.9
1435570 1487.0
1435580 1490.3
1435590 1490.3
1435600 1494.4
1435610 1498.3
1435620 1498.3
1435630 1500.7
1435640 1500.7
1435650 1500.7
1435660 1498.5
1435670 1495.2
1435680 1495.2
1435690 1491.7
1435700 1486.4
1435710 1486.4
1435720 1482.6
1435730 1482.9
1435740 1485.4
1435750 1485.4
1435760 1488.0
1435770 1492.2
1435780 1492.2
1435790 1496.7
1435800 1499.3
1435810 1499.3
1435820 1499.8
1435830 1498.7
1435840 1498.7
1435850 1496.7
1435860 1494.5
1435870 1494.5
1435880 1493.0
1435890 1491.8
1435900 1491.8
1435910 1490.1
1435920 1487.9
1435930 1484.7
1435940 1484.7
1435950 1480.6
1435960 1476.5
1435970 1476.5
1435980 1473.3
1435990 1468.2
1436000 1468.2
1436010 1463.6
1436020 1459.0
1436030 1459.0
1436040 1455.6
1436050 1450.4
1436060 1450.4
1436070 1447.1
1436080 1442.6
1436090 1442.6
1436100 1438.2
1436110 1433.1
1436120 1428.4
1436130 1428.4
1436140 1425.4
1436150 1422.6
1436160 1422.6
1436170 1419.9
1436180 1414.5
1436190 1414.5
1436200 1408.5
1436210 1402.3
1436220 1402.3
1436230 1395.8
1436240 1388.7
1436250 1388.7
1436260 1381.2
1436270 1371.5
1436280 1363.1
1436290 1363.1
1436300 1358.3
1436310 1357.7
1436320 1357.7
1436330 1359.3
1436340 1360.3
1436350 1360.3
1436360 1359.6
1436370 1358.9
1436380 1358.9
1436390 1361.2
1436400 1361.2
1436410 1361.2
1436420 1360.7
1436430 1360.1
1436440 1360.1
1436450 1360.9
1436460 1362.4
1436470 1363.4
1436480 1363.4
1436490 1363.3
1436500 1360.9
1436510 1360.9
1436520 1358.4
1436530 1356.0
1436540 1356.0
1436550 1353.2
1436560 1346.8
1436570 1346.8
1436580 1337.3
1436590 1328.4
1436600 1328.4
1436610 1325.2
1436620 1331.6
1436630 1331.6
1436640 1339.3
1436650 1344.0
1436660 1347.7
1436670 1347.7
1436680 1351.7
1436690 1356.1
1436700 1356.1
1436710 1361.9
1436720 1367.0
1436730 1367.0
1436740 1371.0
1436750 1374.7
1436760 1374.7
1436770 1377.9
1436780 1381.6
1436790 1381.6
1436800 1385.6
1436810 1390.0
1436820 1390.0
1436830 1394.6
1436840 1398.1
1436850 1401.9
1436860 1401.9
1436870 1405.9
1436880 1409.8
1436890 1409.8
1436900 1413.3
1436910 1418.2
1436920 1418.2
1436930 1425.8
1436940 1431.6
1436950 1431.6
1436960 1439.3
1436970 1445.5
1436980 1445.5
1436990 1451.3
1437000 1457.2
1437010 1462.8
1437020 1462.8
1437030 1467.8
1437040 1473.9
1437050 1473.9
1437060 1481.2
1437070 1483.5
1437080 1483.5
1437090 1487.7
1437100 1493.8
1437110 1493.8
1437120 1498.9
1437130 1504.1
1437140 1504.1
1437150 1509.1
1437160 1513.7
1437170 1513.7
1437180 1516.4
1437190 1518.3
1437200 1519.6
1437210 1519.6
1437220 1520.1
1437230 1520.3
1437240 1520.3
1437250 1519.3
1437260 1517.0
1437270 1517.0
1437280 1513.9
1437290 1510.5
1437300 1510.5
1437310 1506.7
1437320 1502.6
1437330 1502.6
1437340 1497.7
1437350 1492.2
1437360 1492.2
1437370 1486.8
1437380 1481.1
1437390 1475.5
1437400 1475.5
1437410 1470.1
1437420 1465.1
1437430 1465.1
1437440 1460.0
1437450 1455.0
1437460 1455.0
1437470 1450.1
1437480 1445.5
1437490 1445.5
1437500 1440.4
1437510 1436.2
1437520 1436.2
1437530 1432.5
1437540 1427.4
1437550 1421.3
1437560 1421.3
1437570 1416.6
1437580 1413.1
1437590 1413.1
1437600 1408.1
1437610 1406.6
1437620 1406.6
1437630 1414.8
1437640 1423.4
1437650 1423.4
1437660 1429.9
1437670 1429.8
1437680 1429.8
1437690 1425.2
1437700 1419.0
1437710 1419.0
1437720 1415.8
1437730 1415.7
1437740 1414.6
1437750 1414.6
1437760 1417.5
1437770 1426.0
1437780 1426.0
1437790 1434.0
1437800 1440.7
1437810 1440.7
1437820 1446.3
1437830 1451.7
1437840 1451.7
1437850 1456.7
1437860 1462.0
1437870 1462.0
1437880 1468.2
1437890 1475.6
1437900 1475.6
1437910 1482.1
1437920 1488.9
1437930 1495.5
1437940 1495.5
1437950 1501.5
1437960 1506.4
1437970 1506.4
1437980 1510.5
1437990 1515.0
1438000 1515.0
1438010 1519.1
1438020 1523.2
1438030 1523.2
1438040 1527.8
1438050 1532.8
1438060 1532.8
1438070 1537.4
1438080 1541.5
1438090 1546.9
1438100 1546.9
1438110 1551.9
1438120 1556.0
1438130 1556.0
1438140 1560.8
1438150 1565.8
1438160 1565.8
1438170 1570.4
1438180 1573.1
1438190 1573.1
1438200 1574.8
1438210 1576.2
1438220 1576.2
1438230 1576.5
1438240 1575.8
1438250 1575.8
1438260 1573.3
1438270 1569.8
1438280 1566.2
1438290 1566.2
1438300 1562.4
1438310 1558.6
1438320 1558.6
1438330 1554.5
1438340 1549.8
1438350 1549.8
1438360 1544.5
1438370 1538.8
1438380 1538.8
1438390 1533.9
1438400 1529.0
1438410 1529.0
1438420 1524.5
1438430 1520.3
1438440 1520.3
1438450 1515.0
1438460 1511.3
1438470 1505.9
1438480 1505.9
1438490 1501.0
1438500 1495.8
1438510 1495.8
1438520 1491.0
1438530 1485.4
1438540 1485.4
1438550 1479.6
1438560 1473.8
1438570 1473.8
1438580 1467.7
1438590 1461.8
1438600 1461.8
1438610 1455.9
1438620 1450.0
1438630 1443.6
1438640 1443.6
1438650 1437.6
1438660 1432.1
1438670 1432.1
1438680 1427.2
1438690 1422.3
1438700 1422.3
1438710 1416.9
1438720 1411.3
1438730 1411.3
1438740 1405.5
1438750 1400.1
1438760 1400.1
1438770 1394.9
1438780 1388.9
1438790 1388.9
1438800 1382.1
1438810 1375.3
1438820 1368.8
1438830 1368.8
1438840 1361.8
1438850 1355.0
1438860 1355.0
1438870 1347.0
1438880 1338.9
1438890 1338.9
1438900 1330.2
1438910 1320.9
1438920 1320.9
1438930 1311.5
1438940 1305.9
1438950 1305.9
1438960 1313.5
1438970 1326.2
1438980 1326.2
1438990 1338.1
1439000 1344.3
1439010 1347.3
1439020 1347.3
1439030 1349.5
1439040 1353.5
1439050 1353.5
1439060 1357.4
1439070 1360.0
1439080 1360.0
1439090 1363.1
1439100 1366.7
1439110 1366.7
1439120 1370.7
1439130 1374.4
1439140 1374.4
1439150 1381.4
1439160 1388.5
1439170 1388.5
1439180 1394.8
1439190 1397.5
1439200 1398.6
1439210 1398.6
1439220 1400.3
1439230 1402.3
1439240 1402.3
1439250 1403.8
1439260 1404.1
1439270 1404.1
1439280 1402.4
1439290 1400.2
1439300 1400.2
1439310 1399.3
1439320 1397.3
1439330 1397.3
1439340 1391.1
1439350 1383.2
1439360 1375.1
1439370 1375.1
1439380 1367.2
1439390 1361.4
1439400 1361.4
1439410 1357.0
1439420 1352.1
1439430 1358.8
1439440 1353.6
1439450 1349.7
1439460 1349.7
1439470 1347.2
1439480 1345.5
1439490 1345.5
1439500 1344.4
1439510 1344.5
1439520 1344.5
1439530 1345.7
1439540 1346.0
1439550 1345.3
1439560 1345.3
1439570 1346.0
1439580 1345.7
1439590 1345.7
1439600 1343.2
1439610 1338.4
1439620 1338.4
1439630 1332.5
1439640 1326.8
1439650 1326.8
1439660 1321.4
1439670 1315.8
1439680 1315.8
1439690 1310.6
1439700 1306.3
1439710 1306.3
1439720 1300.7
1439730 1294.8
1439740 1289.8
1439750 1289.8
1439760 1287.9
1439770 1285.4
1439780 1285.4
1439790 1281.9
1439800 1280.4
1439810 1280.4
1439820 1279.7
1439830 1276.0
1439840 1276.0
1439850 1269.2
1439860 1262.8
1439870 1262.8
1439880 1257.4
1439890 1251.3
1439900 1245.4
1439910 1245.4
1439920 1245.2
1439930 1245.2
1439940 1245.2
1439950 1241.0
1439960 1239.1
1439970 1239.1
1439980 1238.0
1439990 1235.5
