1420000 869.8
1420010 869.1
1420020 869.1
1420030 868.9
1420040 868.3
1420050 868.3
1420060 866.9
1420070 866.0
1420080 865.1
1420090 865.1
1420100 864.2
1420110 863.6
1420120 863.6
1420130 863.4
1420140 863.1
1420150 863.1
1420160 862.8
1420170 862.3
1420180 862.3
1420190 861.4
1420200 860.3
1420210 860.3
1420220 859.5
1420230 858.8
1420240 858.0
1420250 858.0
1420260 857.3
1420270 856.3
1420280 856.3
1420290 855.0
1420300 853.9
1420310 853.9
1420320 853.2
1420330 852.4
1420340 852.4
1420350 851.4
1420360 850.3
1420370 850.3
1420380 849.4
1420390 848.1
1420400 848.1
1420410 846.9
1420420 846.1
1420430 845.8
1420440 845.8
1420450 844.9
1420460 844.1
1420470 844.1
1420480 843.7
1420490 843.4
1420500 843.4
1420510 842.8
1420520 841.1
1420530 841.1
1420540 839.6
1420550 839.1
1420560 839.1
1420570 838.9
1420580 838.0
1420590 838.0
1420600 835.9
1420610 834.6
1420620 833.8
1420630 833.8
1420640 833.0
1420650 832.3
1420660 832.3
1420670 831.7
1420680 830.9
1420690 830.9
1420700 830.0
1420710 828.9
1420720 828.9
1420730 827.6
1420740 826.1
1420750 826.1
1420760 825.2
1420770 824.2
1420780 824.2
1420790 823.2
1420800 822.3
1420810 821.3
1420820 821.3
1420830 820.5
1420840 819.7
1420850 819.7
1420860 818.9
1420870 818.1
1420880 818.1
1420890 817.4
1420900 816.7
1420910 816.7
1420920 816.0
1420930 815.3
1420940 815.3
1420950 814.7
1420960 814.5
1420970 814.1
1420980 814.1
1420990 813.5
1421000 812.8
1421010 812.8
1421020 812.2
1421030 811.5
1421040 811.5
1421050 810.8
1421060 810.0
1421070 810.0
1421080 809.4
1421090 808.9
1421100 808.9
1421110 808.2
1421120 807.6
1421130 807.6
1421140 806.9
1421150 806.5
1421160 806.0
1421170 806.0
1421180 805.5
1421190 805.6
1421200 805.6
1421210 805.8
1421220 807.8
1421230 807.8
1421240 808.4
1421250 811.4
1421260 811.4
1421270 815.7
1421280 816.5
1421290 816.5
1421300 817.9
1421310 820.5
1421320 820.5
1421330 823.4
1421340 826.2
1421350 827.0
1421360 827.0
1421370 826.8
1421380 826.7
1421390 826.7
1421400 827.4
1421410 829.3
1421420 829.3
1421430 833.3
1421440 837.4
1421450 837.4
1421460 840.2
1421470 842.9
1421480 842.9
1421490 845.4
1421500 846.4
1421510 846.4
1421520 849.6
1421530 850.8
1421540 851.0
1421550 851.0
1421560 854.9
1421570 857.7
1421580 857.7
1421590 859.6
1421600 861.5
1421610 861.5
1421620 861.0
1421630 859.8
1421640 859.8
1421650 863.6
1421660 870.1
1421670 870.1
1421680 871.7
1421690 872.6
1421700 877.7
1421710 877.7
1421720 880.6
1421730 880.3
1421740 880.3
1421750 875.5
1421760 868.6
1421770 868.6
1421780 864.1
1421790 858.8
1421800 858.8
1421810 853.0
1421820 847.5
1421830 847.5
1421840 843.3
1421850 841.5
1421860 834.5
1421870 833.3
1421880 833.0
1421890 833.1
1421900 833.1
1421910 833.4
1421920 834.1
1421930 834.1
1421940 834.8
1421950 835.6
1421960 835.6
1421970 837.1
1421980 838.7
1421990 838.7
1422000 840.5
1422010 842.1
1422020 842.1
1422030 843.5
1422040 845.0
1422050 845.0
1422060 846.6
1422070 848.0
1422080 849.1
1422090 849.1
1422100 850.9
1422110 854.9
1422120 854.9
1422130 855.0
1422140 852.0
1422150 852.0
1422160 851.3
1422170 851.6
1422180 851.6
1422190 853.1
1422200 855.0
1422210 855.0
1422220 857.5
1422230 859.3
1422240 859.3
1422250 859.3
1422260 864.1
1422270 865.8
1422280 865.8
1422290 865.3
1422300 868.8
1422310 868.8
1422320 875.8
1422330 882.9
1422340 882.9
1422350 890.6
1422360 898.0
1422370 898.0
1422380 905.1
1422390 912.8
1422400 912.8
1422410 920.8
1422420 928.9
1422430 934.1
1422440 934.1
1422450 935.3
1422460 935.8
1422470 935.8
1422480 936.7
1422490 937.9
1422500 937.9
1422510 939.3
1422520 941.0
1422530 941.0
1422540 942.8
1422550 944.4
1422560 944.4
1422570 945.7
1422580 946.6
1422590 946.6
1422600 947.8
1422610 947.8
1422620 942.8
1422630 942.8
1422640 938.3
1422650 935.9
1422660 935.9
1422670 935.5
1422680 937.8
1422690 937.8
1422700 942.6
1422710 949.3
1422720 949.3
1422730 956.0
1422740 962.2
1422750 962.2
1422760 967.2
1422770 971.0
1422780 971.0
1422790 975.0
1422800 977.6
1422810 980.0
1422820 980.0
1422830 982.1
1422840 984.2
1422850 984.2
1422860 985.1
1422870 986.4
1422880 986.4
1422890 988.6
1422900 990.0
1422910 990.0
1422920 991.7
1422930 994.4
1422940 994.4
1422950 995.7
1422960 995.8
1422970 995.8
1422980 997.9
1422990 998.9
1423000 999.9
1423010 999.9
1423020 1000.9
1423030 1002.3
1423040 1002.3
1423050 1002.9
1423060 1004.2
1423070 1004.2
1423080 1006.0
1423090 1008.7
1423100 1008.7
1423110 1011.5
1423120 1014.0
1423130 1014.0
1423140 1016.4
1423150 1019.3
1423160 1022.5
1423170 1022.5
1423180 1025.6
1423190 1028.4
1423200 1028.4
1423210 1031.4
1423220 1034.5
1423230 1034.5
1423240 1036.6
1423250 1037.7
1423260 1037.7
1423270 1037.9
1423280 1038.7
1423290 1038.7
1423300 1040.4
1423310 1042.5
1423320 1042.5
1423330 1045.2
1423340 1047.4
1423350 1049.7
1423360 1049.7
1423370 1052.4
1423380 1056.0
1423390 1056.0
1423400 1059.9
1423410 1064.8
1423420 1064.8
1423430 1069.3
1423440 1071.8
1423450 1071.8
1423460 1074.0
1423470 1076.0
1423480 1076.0
1423490 1079.4
1423500 1084.5
1423510 1084.5
1423520 1090.7
1423530 1095.9
1423540 1099.6
1423550 1099.6
1423560 1099.8
1423570 1099.5
1423580 1099.5
1423590 1100.8
1423600 1102.7
1423610 1102.7
1423620 1105.0
1423630 1108.3
1423640 1108.3
1423650 1111.6
1423660 1115.4
1423670 1115.4
1423680 1118.4
1423690 1120.3
1423700 1120.3
1423710 1122.1
1423720 1124.4
1423730 1126.4
1423740 1126.4
1423750 1128.3
1423760 1130.3
1423770 1130.3
1423780 1132.4
1423790 1133.9
1423800 1133.9
1423810 1136.0
1423820 1138.3
1423830 1138.3
1423840 1140.1
1423850 1141.8
1423860 1141.8
1423870 1147.2
1423880 1152.3
1423890 1154.6
1423900 1154.6
1423910 1156.0
1423920 1152.8
1423930 1152.8
1423940 1153.7
1423950 1155.3
1423960 1155.3
1423970 1157.8
1423980 1160.3
1423990 1160.3
1424000 1160.9
1424010 1160.4
1424020 1160.4
1424030 1160.3
1424040 1160.4
1424050 1160.4
1424060 1161.1
1424070 1162.4
1424080 1164.0
1424090 1164.0
1424100 1166.0
1424110 1170.0
1424120 1170.0
1424130 1172.8
1424140 1172.9
1424150 1172.9
1424160 1174.2
1424170 1174.8
1424180 1174.8
1424190 1176.0
1424200 1177.5
1424210 1177.5
1424220 1179.0
1424230 1181.6
1424240 1181.6
1424250 1183.5
1424260 1185.7
1424270 1189.2
1424280 1189.2
1424290 1193.2
1424300 1196.3
1424310 1196.3
1424320 1198.7
1424330 1198.2
1424340 1198.2
1424350 1198.3
1424360 1199.2
1424370 1199.2
1424380 1199.8
1424390 1199.8
1424400 1199.8
1424410 1199.6
1424420 1199.1
1424430 1199.1
1424440 1198.1
1424450 1196.1
1424460 1193.0
1424470 1193.0
1424480 1188.7
1424490 1178.7
1424500 1178.7
1424510 1169.1
1424520 1162.3
1424530 1162.3
1424540 1155.4
1424550 1147.1
1424560 1147.1
1424570 1141.6
1424580 1142.3
1424590 1142.3
1424600 1148.8
1424610 1155.9
1424620 1164.9
1424630 1164.9
1424640 1171.0
1424650 1174.7
1424660 1174.7
1424670 1176.0
1424680 1175.7
1424690 1175.7
1424700 1171.4
1424710 1166.5
1424720 1166.5
1424730 1160.4
1424740 1155.4
1424750 1155.4
1424760 1152.2
1424770 1147.9
1424780 1147.9
1424790 1142.9
1424800 1139.8
1424810 1139.4
1424820 1139.4
1424830 1139.2
1424840 1137.3
1424850 1137.3
1424860 1136.8
1424870 1135.1
1424880 1135.1
1424890 1133.6
1424900 1133.4
1424910 1133.4
1424920 1132.4
1424930 1130.7
1424940 1130.7
1424950 1128.8
1424960 1127.0
1424970 1127.0
1424980 1125.7
1424990 1124.8
1425000 1124.6
1425010 1124.6
1425020 1127.7
1425030 1130.3
1425040 1130.3
1425050 1129.5
1425060 1124.9
1425070 1124.9
1425080 1120.2
1425090 1118.0
1425100 1118.0
1425110 1122.5
1425120 1119.3
1425130 1119.3
1425140 1116.3
1425150 1120.8
1425160 1120.8
1425170 1126.7
1425180 1132.8
1425190 1138.0
1425200 1138.0
1425210 1141.6
1425220 1143.2
1425230 1143.2
1425240 1146.9
1425250 1152.2
1425260 1152.2
1425270 1157.6
1425280 1163.5
1425290 1163.5
1425300 1169.6
1425310 1172.8
1425320 1172.8
1425330 1173.7
1425340 1175.4
1425350 1177.1
1425360 1177.1
1425370 1177.7
1425380 1177.4
1425390 1177.4
1425400 1177.6
1425410 1177.9
1425420 1177.9
1425430 1178.7
1425440 1178.5
1425450 1178.5
1425460 1176.3
1425470 1176.0
1425480 1176.0
1425490 1177.3
1425500 1178.0
1425510 1178.0
1425520 1179.1
1425530 1181.0
1425540 1182.5
1425550 1182.5
1425560 1182.6
1425570 1180.7
1425580 1180.7
1425590 1183.0
1425600 1189.5
1425610 1189.5
1425620 1196.4
1425630 1200.6
1425640 1200.6
1425650 1204.4
1425660 1208.4
1425670 1208.4
1425680 1210.8
1425690 1212.7
1425700 1212.7
1425710 1217.8
1425720 1222.9
1425730 1227.5
1425740 1227.5
1425750 1234.8
1425760 1242.0
1425770 1242.0
1425780 1246.4
1425790 1252.4
1425800 1252.4
1425810 1258.2
1425820 1261.3
1425830 1261.3
1425840 1261.5
1425850 1259.4
1425860 1259.4
1425870 1257.5
1425880 1257.9
1425890 1257.9
1425900 1257.8
1425910 1258.8
1425920 1260.0
1425930 1260.0
1425940 1260.4
1425950 1261.7
1425960 1261.7
1425970 1264.4
1425980 1267.5
1425990 1267.5
1426000 1271.5
1426010 1276.6
1426020 1276.6
1426030 1281.5
1426040 1280.7
1426050 1280.7
1426060 1283.9
1426070 1286.8
1426080 1290.2
1426090 1290.2
1426100 1294.3
1426110 1298.9
1426120 1298.9
1426130 1303.2
1426140 1306.1
1426150 1306.1
1426160 1309.4
1426170 1311.4
1426180 1311.4
1426190 1312.0
1426200 1312.3
1426210 1312.3
1426220 1312.5
1426230 1313.0
1426240 1313.0
1426250 1313.9
1426260 1315.0
1426270 1316.7
1426280 1316.7
1426290 1318.9
1426300 1321.5
1426310 1321.5
1426320 1324.3
1426330 1326.1
1426340 1326.1
1426350 1327.3
1426360 1327.7
1426370 1327.7
1426380 1328.6
1426390 1328.4
1426400 1328.4
1426410 1328.4
1426420 1328.7
1426430 1328.7
1426440 1328.6
1426450 1328.4
1426460 1328.8
1426470 1328.8
1426480 1331.7
1426490 1335.4
1426500 1335.4
1426510 1336.0
1426520 1336.2
1426530 1336.2
1426540 1336.7
1426550 1338.3
1426560 1338.3
1426570 1340.7
1426580 1343.3
1426590 1343.3
1426600 1347.1
1426610 1353.8
1426620 1353.8
1426630 1358.2
1426640 1360.0
1426650 1361.1
1426660 1361.1
1426670 1361.2
1426680 1359.8
1426690 1359.8
1426700 1357.7
1426710 1352.3
1426720 1352.3
1426730 1342.8
1426740 1335.1
1426750 1335.1
1426760 1331.1
1426770 1324.1
1426780 1324.1
1426790 1315.9
1426800 1307.1
1426810 1297.7
1426820 1297.7
1426830 1288.8
1426840 1282.6
1426850 1282.6
1426860 1275.9
1426870 1268.0
1426880 1268.0
1426890 1260.4
1426900 1252.7
1426910 1252.7
1426920 1250.7
1426930 1251.7
1426940 1251.7
1426950 1251.5
1426960 1248.8
1426970 1248.8
1426980 1247.0
1426990 1243.4
1427000 1236.5
1427010 1236.5
1427020 1228.6
1427030 1220.3
1427040 1220.3
1427050 1207.6
1427060 1199.6
1427070 1199.6
1427080 1204.5
1427090 1209.5
1427100 1209.5
1427110 1208.4
1427120 1202.1
1427130 1202.1
1427140 1196.1
1427150 1191.3
1427160 1191.3
1427170 1187.4
1427180 1185.8
1427190 1189.2
1427200 1189.2
1427210 1192.7
1427220 1195.9
1427230 1195.9
1427240 1199.7
1427250 1203.5
1427260 1203.5
1427270 1205.8
1427280 1208.8
1427290 1208.8
1427300 1209.9
1427310 1211.0
1427320 1211.0
1427330 1214.5
1427340 1218.6
1427350 1218.6
1427360 1219.0
1427370 1214.4
1427380 1208.9
1427390 1208.9
1427400 1204.4
1427410 1200.2
1427420 1200.2
1427430 1196.1
1427440 1191.0
1427450 1191.0
1427460 1185.8
1427470 1182.2
1427480 1182.2
1427490 1178.0
1427500 1173.2
1427510 1173.2
1427520 1169.1
1427530 1163.9
1427540 1158.6
1427550 1158.6
1427560 1153.9
1427570 1147.1
1427580 1147.1
1427590 1140.3
1427600 1133.2
1427610 1133.2
1427620 1126.3
1427630 1120.2
1427640 1120.2
1427650 1113.5
1427660 1106.3
1427670 1106.3
1427680 1099.7
1427690 1094.5
1427700 1094.5
1427710 1090.4
1427720 1085.9
1427730 1080.2
1427740 1080.2
1427750 1074.0
1427760 1068.7
1427770 1068.7
1427780 1064.0
1427790 1058.5
1427800 1058.5
1427810 1054.0
1427820 1049.5
1427830 1049.5
1427840 1045.9
1427850 1040.3
1427860 1040.3
1427870 1035.5
1427880 1029.8
1427890 1029.8
1427900 1019.6
1427910 1006.9
1427920 994.5
1427930 994.5
1427940 986.1
1427950 977.7
1427960 977.7
1427970 969.5
1427980 961.7
1427990 961.7
1428000 954.1
1428010 948.2
1428020 948.2
1428030 942.0
1428040 932.9
1428050 932.9
1428060 923.0
1428070 914.0
1428080 902.1
1428090 902.1
1428100 892.0
1428110 888.9
1428120 888.9
1428130 891.0
1428140 894.6
1428150 894.6
1428160 899.8
1428170 907.7
1428180 907.7
1428190 918.0
1428200 926.9
1428210 926.9
1428220 935.0
1428230 944.6
1428240 943.5
1428250 952.1
1428260 960.7
1428270 969.7
1428280 969.7
1428290 978.8
1428300 991.1
1428310 991.1
1428320 1000.9
1428330 1011.4
1428340 1011.4
1428350 1025.5
1428360 1045.4
1428370 1045.4
1428380 1056.0
1428390 1060.6
1428400 1060.6
1428410 1066.4
1428420 1071.7
1428430 1071.7
1428440 1077.6
1428450 1084.7
1428460 1092.0
1428470 1092.0
1428480 1099.6
1428490 1107.3
1428500 1107.3
1428510 1116.5
1428520 1126.9
1428530 1126.9
1428540 1136.3
1428550 1145.3
1428560 1145.3
1428570 1153.7
1428580 1161.4
1428590 1161.4
1428600 1168.3
1428610 1175.2
1428620 1175.2
1428630 1184.9
1428640 1198.4
1428650 1207.9
1428660 1207.9
1428670 1213.9
1428680 1219.0
1428690 1219.0
1428700 1224.1
1428710 1229.6
1428720 1229.6
1428730 1234.4
1428740 1238.3
1428750 1238.3
1428760 1241.6
1428770 1245.7
1428780 1245.7
1428790 1251.0
1428800 1256.8
1428810 1262.6
1428820 1262.6
1428830 1268.6
1428840 1272.8
1428850 1272.8
1428860 1277.9
1428870 1283.3
1428880 1283.3
1428890 1288.1
1428900 1292.8
1428910 1292.8
1428920 1297.7
1428930 1302.5
1428940 1302.5
1428950 1306.3
1428960 1310.2
1428970 1310.2
1428980 1314.5
1428990 1318.6
1429000 1322.0
1429010 1322.0
1429020 1325.3
1429030 1328.6
1429040 1328.6
1429050 1331.8
1429060 1334.5
1429070 1334.5
1429080 1337.1
1429090 1340.2
1429100 1340.2
1429110 1344.3
1429120 1348.5
1429130 1348.5
1429140 1354.2
1429150 1360.1
1429160 1360.1
1429170 1366.0
1429180 1371.7
1429190 1378.3
1429200 1378.3
1429210 1386.4
1429220 1393.3
1429230 1393.3
1429240 1396.3
1429250 1398.3
1429260 1398.3
1429270 1400.0
1429280 1401.8
1429290 1401.8
1429300 1403.9
1429310 1405.6
1429320 1405.6
1429330 1406.0
1429340 1405.5
1429350 1405.5
1429360 1405.6
1429370 1405.5
1429380 1405.4
1429390 1405.4
1429400 1405.6
1429410 1405.9
1429420 1405.9
1429430 1406.0
1429440 1405.1
1429450 1405.1
1429460 1404.1
1429470 1403.2
1429480 1403.2
1429490 1401.5
1429500 1398.6
1429510 1398.6
1429520 1394.3
1429530 1389.4
1429540 1385.9
1429550 1385.9
1429560 1383.9
1429570 1381.8
1429580 1381.8
1429590 1380.0
1429600 1378.5
1429610 1378.5
1429620 1376.8
1429630 1374.7
1429640 1374.7
1429650 1372.3
1429660 1369.9
1429670 1369.9
1429680 1367.2
1429690 1365.4
1429700 1365.4
1429710 1362.4
1429720 1358.5
1429730 1354.6
1429740 1354.6
1429750 1350.9
1429760 1346.8
1429770 1346.8
1429780 1342.0
1429790 1337.3
1429800 1337.3
1429810 1332.7
1429820 1327.2
1429830 1327.2
1429840 1321.3
1429850 1315.8
1429860 1315.8
1429870 1310.6
1429880 1305.7
1429890 1305.7
1429900 1299.9
1429910 1295.6
1429920 1292.4
1429930 1292.4
1429940 1289.6
1429950 1287.6
1429960 1287.6
1429970 1285.8
1429980 1284.2
1429990 1284.2
1430000 1283.1
1430010 1282.1
1430020 1282.1
1430030 1281.0
1430040 1280.0
1430050 1280.0
1430060 1279.1
1430070 1278.5
1430080 1278.5
1430090 1277.8
1430100 1276.6
1430110 1275.0
1430120 1275.0
1430130 1273.3
1430140 1271.0
1430150 1271.0
1430160 1268.8
1430170 1267.2
1430180 1267.2
1430190 1265.8
1430200 1264.7
1430210 1264.7
1430220 1263.7
1430230 1262.6
1430240 1262.6
1430250 1261.3
1430260 1259.6
1430270 1257.8
1430280 1257.8
1430290 1256.2
1430300 1254.8
1430310 1254.8
1430320 1253.7
1430330 1252.7
1430340 1252.7
1430350 1251.3
1430360 1249.8
1430370 1249.8
1430380 1247.6
1430390 1245.3
1430400 1245.3
1430410 1242.8
1430420 1240.2
1430430 1240.2
1430440 1238.1
1430450 1235.9
1430460 1233.4
1430470 1233.4
1430480 1230.9
1430490 1228.7
1430500 1228.7
1430510 1226.6
1430520 1225.1
1430530 1224.4
1430540 1223.4
1430550 1222.8
1430560 1222.8
1430570 1223.1
1430580 1222.3
1430590 1222.3
1430600 1220.8
1430610 1218.5
1430620 1218.5
1430630 1215.6
1430640 1212.9
1430650 1210.2
1430660 1210.2
1430670 1207.1
1430680 1204.0
1430690 1204.0
1430700 1201.0
1430710 1197.7
1430720 1197.7
1430730 1194.3
1430740 1191.6
1430750 1191.6
1430760 1191.1
1430770 1189.4
1430780 1189.4
1430790 1186.9
1430800 1185.7
1430810 1185.7
1430820 1186.2
1430830 1186.6
1430840 1187.0
1430850 1187.0
1430860 1187.3
1430870 1187.5
1430880 1187.5
1430890 1187.8
1430900 1188.2
1430910 1188.2
1430920 1188.7
1430930 1189.6
1430940 1189.6
1430950 1190.7
1430960 1191.7
1430970 1191.7
1430980 1192.5
1430990 1193.7
1431000 1195.0
1431010 1195.0
1431020 1196.5
1431030 1198.0
1431040 1198.0
1431050 1199.7
1431060 1201.6
1431070 1201.6
1431080 1203.5
1431090 1205.8
1431100 1205.8
1431110 1207.8
1431120 1209.9
1431130 1209.9
1431140 1212.1
1431150 1214.3
1431160 1214.3
1431170 1216.3
1431180 1218.3
1431190 1220.4
1431200 1220.4
1431210 1222.5
1431220 1224.8
1431230 1224.8
1431240 1227.0
1431250 1228.9
1431260 1228.9
1431270 1230.2
1431280 1231.1
1431290 1231.1
1431300 1233.9
1431310 1236.8
1431320 1236.8
1431330 1239.3
1431340 1242.5
1431350 1242.5
1431360 1246.1
1431370 1250.7
1431380 1255.7
1431390 1255.7
1431400 1260.8
1431410 1266.1
1431420 1266.1
1431430 1271.6
1431440 1277.0
1431450 1277.0
1431460 1282.3
1431470 1287.1
1431480 1287.1
1431490 1291.2
1431500 1295.1
1431510 1295.1
1431520 1298.7
1431530 1302.2
1431540 1302.2
1431550 1306.1
1431560 1310.1
1431570 1314.1
1431580 1314.1
1431590 1318.1
1431600 1322.0
1431610 1322.0
1431620 1326.0
1431630 1329.1
1431640 1329.1
1431650 1331.1
1431660 1332.8
1431670 1332.8
1431680 1335.0
1431690 1338.6
1431700 1338.6
1431710 1342.6
1431720 1346.1
1431730 1349.6
1431740 1349.6
1431750 1353.8
1431760 1357.6
1431770 1357.6
1431780 1359.9
1431790 1361.7
1431800 1361.7
1431810 1363.7
1431820 1365.7
1431830 1365.7
1431840 1367.6
1431850 1370.7
1431860 1370.7
1431870 1375.6
1431880 1381.8
1431890 1381.8
1431900 1387.2
1431910 1392.0
1431920 1397.7
1431930 1397.7
1431940 1401.5
1431950 1405.8
1431960 1405.8
1431970 1412.1
1431980 1416.9
1431990 1416.9
1432000 1421.1
1432010 1425.0
1432020 1425.0
1432030 1429.1
1432040 1433.8
1432050 1433.8
1432060 1437.7
1432070 1441.2
1432080 1441.2
1432090 1445.5
1432100 1450.8
1432110 1456.7
1432120 1456.7
1432130 1462.7
1432140 1468.1
1432150 1468.1
1432160 1472.6
1432170 1476.0
1432180 1476.0
1432190 1478.6
1432200 1480.9
1432210 1480.9
1432220 1483.7
1432230 1486.9
1432240 1486.9
1432250 1491.1
1432260 1497.1
1432270 1497.1
1432280 1505.3
1432290 1513.9
1432300 1520.5
1432310 1520.5
1432320 1525.2
1432330 1529.1
1432340 1529.1
1432350 1531.0
1432360 1531.9
1432370 1531.9
1432380 1535.7
1432390 1543.1
1432400 1543.1
1432410 1549.7
1432420 1554.8
1432430 1554.8
1432440 1559.0
1432450 1562.4
1432460 1566.4
1432470 1566.4
1432480 1571.5
1432490 1577.4
1432500 1577.4
1432510 1583.2
1432520 1588.3
1432530 1588.3
1432540 1592.6
1432550 1597.6
1432560 1597.6
1432570 1603.9
1432580 1610.1
1432590 1610.1
1432600 1614.4
1432610 1617.8
1432620 1617.8
1432630 1620.7
1432640 1623.2
1432650 1626.4
1432660 1626.4
1432670 1629.5
1432680 1632.1
1432690 1632.1
1432700 1635.4
1432710 1638.3
1432720 1638.3
1432730 1641.8
1432740 1645.4
1432750 1645.4
1432760 1648.8
1432770 1652.5
1432780 1652.5
1432790 1656.9
1432800 1661.0
1432810 1661.0
1432820 1664.3
1432830 1667.5
1432840 1670.4
1432850 1670.4
1432860 1673.5
1432870 1676.5
1432880 1676.5
1432890 1680.3
1432900 1684.1
1432910 1684.1
1432920 1689.2
1432930 1696.9
1432940 1696.9
1432950 1699.1
1432960 1700.2
1432970 1700.2
1432980 1700.9
1432990 1702.2
1433000 1703.2
1433010 1703.2
1433020 1704.6
1433030 1705.9
1433040 1705.9
1433050 1705.8
1433060 1705.4
1433070 1705.4
1433080 1705.6
1433090 1706.4
1433100 1706.4
1433110 1706.3
1433120 1706.8
1433130 1706.8
1433140 1707.5
1433150 1707.8
1433160 1707.8
1433170 1707.6
1433180 1707.1
1433190 1706.4
1433200 1706.4
1433210 1705.7
1433220 1704.8
1433230 1704.8
1433240 1703.9
1433250 1702.7
1433260 1702.7
1433270 1701.4
1433280 1699.7
1433290 1699.7
1433300 1699.1
1433310 1698.6
1433320 1698.6
1433330 1698.7
1433340 1698.2
1433350 1698.2
1433360 1697.2
1433370 1696.6
1433380 1695.9
1433390 1695.9
1433400 1694.9
1433410 1693.7
1433420 1693.7
1433430 1692.3
1433440 1691.1
1433450 1691.1
1433460 1689.6
1433470 1688.3
1433480 1688.3
1433490 1687.0
1433500 1685.9
1433510 1685.9
1433520 1684.9
1433530 1683.7
1433540 1683.7
1433550 1682.4
1433560 1681.0
1433570 1679.5
1433580 1679.5
1433590 1677.8
1433600 1676.1
1433610 1676.1
1433620 1674.4
1433630 1672.8
1433640 1672.8
1433650 1671.3
1433660 1669.0
1433670 1669.0
1433680 1666.4
1433690 1663.3
1433700 1663.3
1433710 1659.5
1433720 1655.9
1433730 1652.5
1433740 1652.5
1433750 1649.0
1433760 1645.7
1433770 1645.7
1433780 1643.2
1433790 1640.7
1433800 1640.7
1433810 1638.5
1433820 1635.7
1433830 1635.7
1433840 1631.0
1433850 1623.0
1433860 1623.0
1433870 1615.2
1433880 1610.4
1433890 1610.4
1433900 1605.9
1433910 1603.5
1433920 1598.8
1433930 1598.8
1433940 1593.2
1433950 1591.1
1433960 1591.1
1433970 1591.2
1433980 1591.4
1433990 1591.4
1434000 1591.6
1434010 1591.2
1434020 1591.2
1434030 1590.2
1434040 1588.1
1434050 1588.1
1434060 1584.7
1434070 1583.0
1434080 1583.0
1434090 1582.6
1434100 1582.8
1434110 1583.2
1434120 1583.2
1434130 1584.2
1434140 1585.4
1434150 1585.4
1434160 1585.1
1434170 1585.0
1434180 1585.0
1434190 1584.3
1434200 1582.5
1434210 1582.5
1434220 1579.9
1434230 1578.3
1434240 1578.3
1434250 1577.2
1434260 1575.6
1434270 1575.6
1434280 1574.2
1434290 1573.6
1434300 1572.9
1434310 1572.9
1434320 1571.0
1434330 1568.8
1434340 1568.8
1434350 1566.5
1434360 1563.9
1434370 1563.9
1434380 1560.9
1434390 1558.3
1434400 1558.3
1434410 1555.9
1434420 1553.8
1434430 1553.8
1434440 1551.9
1434450 1549.5
1434460 1545.7
1434470 1545.7
1434480 1541.4
1434490 1537.9
1434500 1537.9
1434510 1534.0
1434520 1530.2
1434530 1530.2
1434540 1526.1
1434550 1522.4
1434560 1522.4
1434570 1518.9
1434580 1514.9
1434590 1514.9
1434600 1510.7
1434610 1506.2
1434620 1506.2
1434630 1500.8
1434640 1495.1
1434650 1488.9
1434660 1488.9
1434670 1483.0
1434680 1478.8
1434690 1478.8
1434700 1476.0
1434710 1473.9
1434720 1473.9
1434730 1471.1
1434740 1467.1
1434750 1467.1
1434760 1462.9
1434770 1459.8
1434780 1459.8
1434790 1454.7
1434800 1445.5
1434810 1445.5
1434820 1440.7
1434830 1442.6
1434840 1441.5
1434850 1441.5
1434860 1439.0
1434870 1438.4
1434880 1438.4
1434890 1438.3
1434900 1437.5
1434910 1437.5
1434920 1437.0
1434930 1436.8
1434940 1436.8
1434950 1436.9
1434960 1438.1
1434970 1438.1
1434980 1439.8
1434990 1440.5
1435000 1440.5
1435010 1438.1
1435020 1433.7
1435030 1428.1
1435040 1428.1
1435050 1422.9
1435060 1419.7
1435070 1419.7
1435080 1416.6
1435090 1416.0
1435100 1416.0
1435110 1417.0
1435120 1419.6
1435130 1419.6
1435140 1423.2
1435150 1424.1
1435160 1424.1
1435170 1421.6
1435180 1417.0
1435190 1413.0
1435200 1413.0
1435210 1410.9
1435220 1409.1
1435230 1409.1
1435240 1407.3
1435250 1404.7
1435260 1404.7
1435270 1402.7
1435280 1401.6
1435290 1401.6
1435300 1400.2
1435310 1398.9
1435320 1398.9
1435330 1399.1
1435340 1399.9
1435350 1399.9
1435360 1399.6
1435370 1397.2
1435380 1394.0
1435390 1394.0
1435400 1391.9
1435410 1390.3
1435420 1390.3
1435430 1391.5
1435440 1389.5
1435450 1389.5
1435460 1387.0
1435470 1385.9
1435480 1385.9
1435490 1386.0
1435500 1385.5
1435510 1385.5
1435520 1383.0
1435530 1377.9
1435540 1377.9
1435550 1374.0
1435560 1375.4
1435570 1376.6
1435580 1376.6
1435590 1375.9
1435600 1373.9
1435610 1373.9
1435620 1370.9
1435630 1367.7
1435640 1367.7
1435650 1366.6
1435660 1366.3
1435670 1366.3
1435680 1365.6
1435690 1365.2
1435700 1365.2
1435710 1364.8
1435720 1363.8
1435730 1363.8
1435740 1362.5
1435750 1360.1
1435760 1357.4
1435770 1357.4
1435780 1354.6
1435790 1350.7
1435800 1350.7
1435810 1347.0
1435820 1342.8
1435830 1342.8
1435840 1340.4
1435850 1338.8
1435860 1338.8
1435870 1337.5
1435880 1336.5
1435890 1336.5
1435900 1335.3
1435910 1333.0
1435920 1330.5
1435930 1330.5
1435940 1329.6
1435950 1329.4
1435960 1329.4
1435970 1329.9
1435980 1329.8
1435990 1329.8
1436000 1329.4
1436010 1328.6
1436020 1328.6
1436030 1326.8
1436040 1324.9
1436050 1324.9
1436060 1322.8
1436070 1321.1
1436080 1321.1
1436090 1319.8
1436100 1318.9
1436110 1317.8
1436120 1317.8
1436130 1316.5
1436140 1313.8
1436150 1313.8
1436160 1310.7
1436170 1308.5
1436180 1308.5
1436190 1305.8
1436200 1303.7
1436210 1303.7
1436220 1301.5
1436230 1299.7
1436240 1299.7
1436250 1297.7
1436260 1295.0
1436270 1295.0
1436280 1292.5
1436290 1290.5
1436300 1289.1
1436310 1289.1
1436320 1286.6
1436330 1283.6
1436340 1283.6
1436350 1280.7
1436360 1277.4
1436370 1277.4
1436380 1274.4
1436390 1271.6
1436400 1271.6
1436410 1268.2
1436420 1264.1
1436430 1264.1
1436440 1260.2
1436450 1257.1
1436460 1257.1
1436470 1254.0
1436480 1250.7
1436490 1246.9
1436500 1246.9
1436510 1243.5
1436520 1240.1
1436530 1240.1
1436540 1236.6
1436550 1232.8
1436560 1232.8
1436570 1229.2
1436580 1226.0
1436590 1226.0
1436600 1223.0
1436610 1219.7
1436620 1219.7
1436630 1215.8
1436640 1211.0
1436650 1207.7
1436660 1207.7
1436670 1204.1
1436680 1200.7
1436690 1200.7
1436700 1198.4
1436710 1197.5
1436720 1197.5
1436730 1195.0
1436740 1191.6
1436750 1191.6
1436760 1188.3
1436770 1185.4
1436780 1185.4
1436790 1181.5
1436800 1177.0
1436810 1177.0
1436820 1172.2
1436830 1167.7
1436840 1162.6
1436850 1162.6
1436860 1157.5
1436870 1153.2
1436880 1153.2
1436890 1149.4
1436900 1145.9
1436910 1145.9
1436920 1142.1
1436930 1138.7
1436940 1138.7
1436950 1135.2
1436960 1131.7
1436970 1131.7
1436980 1129.3
1436990 1129.1
1437000 1129.1
1437010 1128.6
1437020 1127.4
1437030 1126.2
1437040 1126.2
1437050 1124.0
1437060 1121.7
1437070 1121.7
1437080 1117.7
1437090 1114.1
1437100 1114.1
1437110 1110.0
1437120 1106.6
1437130 1106.6
1437140 1106.2
1437150 1106.3
1437160 1106.3
1437170 1103.8
1437180 1098.8
1437190 1093.5
1437200 1093.5
1437210 1088.4
1437220 1083.6
1437230 1083.6
1437240 1079.8
1437250 1076.9
1437260 1076.9
1437270 1073.3
1437280 1068.7
1437290 1068.7
1437300 1061.1
1437310 1051.1
1437320 1051.1
1437330 1049.7
1437340 1053.3
1437350 1053.3
1437360 1060.0
1437370 1067.6
1437380 1076.0
1437390 1076.0
1437400 1084.8
1437410 1094.1
1437420 1094.1
1437430 1097.2
1437440 1094.6
1437450 1094.6
1437460 1093.0
1437470 1092.5
1437480 1092.5
1437490 1089.8
1437500 1087.7
1437510 1087.7
1437520 1087.5
1437530 1087.6
1437540 1087.6
1437550 1087.2
1437560 1085.8
1437570 1084.5
1437580 1084.5
1437590 1083.7
1437600 1082.2
1437610 1082.2
1437620 1075.5
1437630 1066.0
1437640 1066.0
1437650 1058.4
1437660 1055.1
1437670 1055.1
1437680 1049.9
1437690 1041.8
1437700 1041.8
1437710 1033.5
1437720 1026.2
1437730 1026.2
1437740 1019.6
1437750 1011.6
1437760 1005.1
1437770 1005.1
1437780 999.5
1437790 992.9
1437800 992.9
1437810 985.9
1437820 980.1
1437830 980.1
1437840 975.6
1437850 973.3
1437860 973.3
1437870 972.3
1437880 971.4
1437890 971.4
1437900 971.9
1437910 976.2
1437920 979.0
1437930 979.0
1437940 981.3
1437950 984.5
1437960 984.5
1437970 990.4
1437980 996.0
1437990 996.0
1438000 1000.9
1438010 1005.9
1438020 1005.9
1438030 1011.0
1438040 1018.0
1438050 1018.0
1438060 1028.6
1438070 1034.5
1438080 1034.5
1438090 1039.9
1438100 1041.6
1438110 1037.3
1438120 1037.3
1438130 1030.5
1438140 1022.2
1438150 1022.2
1438160 1014.8
1438170 1008.7
1438180 1008.7
1438190 1007.9
1438200 1011.2
1438210 1011.2
1438220 1013.5
1438230 1016.0
1438240 1016.0
1438250 1019.2
1438260 1022.7
1438270 1022.7
1438280 1022.3
1438290 1016.3
1438300 1009.8
1438310 1009.8
1438320 1007.7
1438330 1008.5
1438340 1008.5
1438350 1009.4
1438360 1012.5
1438370 1012.5
1438380 1017.6
1438390 1023.1
1438400 1023.1
1438410 1027.0
1438420 1023.7
1438430 1023.7
1438440 1018.4
1438450 1013.1
1438460 1013.1
1438470 1006.1
1438480 997.8
1438490 998.3
1438500 998.3
1438510 1000.8
1438520 1004.8
1438530 1004.8
1438540 1011.0
1438550 1017.0
1438560 1017.0
1438570 1021.7
1438580 1026.8
1438590 1026.8
1438600 1026.8
1438610 1021.3
1438620 1021.3
1438630 1014.8
1438640 1007.9
1438650 1001.2
1438660 1001.2
1438670 995.4
1438680 993.4
1438690 993.4
1438700 996.5
1438710 1002.6
1438720 1002.6
1438730 1007.7
1438740 1012.8
1438750 1012.8
1438760 1016.4
1438770 1016.4
1438780 1016.4
1438790 1017.5
1438800 1022.2
1438810 1022.2
1438820 1027.5
1438830 1029.1
1438840 1032.4
1438850 1032.4
1438860 1036.2
1438870 1037.1
1438880 1037.1
1438890 1030.9
1438900 1022.4
1438910 1022.4
1438920 1014.4
1438930 1007.4
1438940 1007.4
1438950 1004.6
1438960 1003.8
1438970 1003.8
1438980 1004.9
1438990 1006.4
1439000 1006.4
1439010 1006.3
1439020 1006.9
1439030 1009.4
1439040 1009.4
1439050 1006.9
1439060 1001.5
1439070 1001.5
1439080 997.1
1439090 994.2
1439100 994.2
1439110 986.5
1439120 977.5
1439130 977.5
1439140 969.1
1439150 961.6
1439160 961.6
1439170 958.1
1439180 961.3
1439190 961.3
1439200 966.8
1439210 972.7
1439220 977.4
1439230 977.4
1439240 982.0
1439250 985.5
1439260 985.5
1439270 985.9
1439280 981.2
1439290 981.2
1439300 973.7
1439310 967.0
1439320 967.0
1439330 959.4
1439340 956.9
1439350 956.9
1439360 957.4
1439370 957.3
1439380 957.4
1439390 957.4
1439400 957.0
1439410 955.8
1439420 955.8
1439430 952.8
1439440 947.2
1439450 947.2
1439460 939.3
1439470 928.8
1439480 928.8
1439490 925.7
1439500 927.4
1439510 927.4
1439520 929.9
1439530 933.6
1439540 933.6
1439550 941.0
1439560 949.4
1439570 957.4
1439580 957.4
1439590 965.4
1439600 973.3
1439610 973.3
1439620 981.9
1439630 990.7
1439640 990.7
1439650 998.8
1439660 1006.1
1439670 1006.1
1439680 1012.1
1439690 1017.2
1439700 1017.2
1439710 1023.9
1439720 1031.5
1439730 1031.5
1439740 1038.1
1439750 1042.3
1439760 1043.6
1439770 1043.6
1439780 1045.5
1439790 1046.7
1439800 1046.7
1439810 1048.2
1439820 1050.3
1439830 1050.3
1439840 1052.1
1439850 1054.2
1439860 1054.2
1439870 1055.4
1439880 1056.3
1439890 1056.3
1439900 1057.2
1439910 1057.7
1439920 1057.7
1439930 1056.9
1439940 1057.0
1439950 1058.3
1439960 1058.3
1439970 1058.7
1439980 1058.6
1439990 1058.6
