1420000 909.6
1420010 908.9
1420020 908.1
1420030 908.1
1420040 907.1
1420050 906.0
1420060 906.0
1420070 905.2
1420080 904.7
1420090 904.7
1420100 903.8
1420110 902.5
1420120 901.0
1420130 901.0
1420140 899.5
1420150 897.7
1420160 897.7
1420170 896.5
1420180 895.2
1420190 895.2
1420200 894.0
1420210 893.1
1420220 893.1
1420230 892.2
1420240 890.9
1420250 890.9
1420260 888.9
1420270 886.1
1420280 886.1
1420290 884.6
1420300 884.4
1420310 883.3
1420320 883.3
1420330 881.9
1420340 880.6
1420350 880.6
1420360 879.4
1420370 878.4
1420380 878.4
1420390 877.6
1420400 876.7
1420410 876.7
1420420 876.0
1420430 875.2
1420440 875.2
1420450 874.4
1420460 873.7
1420470 873.7
1420480 873.0
1420490 872.2
1420500 871.5
1420510 871.5
1420520 870.8
1420530 869.9
1420540 869.9
1420550 868.8
1420560 868.0
1420570 868.0
1420580 867.7
1420590 868.2
1420600 868.2
1420610 869.3
1420620 869.6
1420630 869.6
1420640 868.1
1420650 867.6
1420660 867.6
1420670 868.3
1420680 869.1
1420690 870.5
1420700 870.5
1420710 873.6
1420720 876.1
1420730 876.1
1420740 874.2
1420750 869.2
1420760 869.2
1420770 865.9
1420780 865.8
1420790 865.8
1420800 866.5
1420810 867.2
1420820 867.2
1420830 868.0
1420840 869.1
1420850 869.8
1420860 869.8
1420870 870.7
1420880 872.0
1420890 872.0
1420900 872.7
1420910 873.4
1420920 873.4
1420930 873.6
1420940 874.4
1420950 874.4
1420960 875.0
1420970 876.4
1420980 876.4
1420990 875.8
1421000 874.9
1421010 874.9
1421020 879.4
1421030 886.6
1421040 894.3
1421050 894.3
1421060 902.5
1421070 910.9
1421080 910.9
1421090 916.3
1421100 914.6
1421110 914.6
1421120 913.0
1421130 913.1
1421140 913.1
1421150 917.3
1421160 920.1
1421170 920.1
1421180 917.3
1421190 913.5
1421200 913.5
1421210 910.7
1421220 907.5
1421230 899.4
1421240 899.4
1421250 890.2
1421260 892.1
1421270 892.1
1421280 900.7
1421290 911.3
1421300 911.3
1421310 920.3
1421320 924.6
1421330 924.6
1421340 924.9
1421350 926.4
1421360 926.4
1421370 931.5
1421380 936.4
1421390 936.4
1421400 941.2
1421410 946.5
1421420 951.9
1421430 951.9
1421440 958.1
1421450 967.4
1421460 967.4
1421470 977.6
1421480 983.8
1421490 983.8
1421500 985.1
1421510 986.2
1421520 986.2
1421530 988.7
1421540 990.4
1421550 990.4
1421560 990.4
1421570 990.3
1421580 990.1
1421590 990.1
1421600 990.2
1421610 990.6
1421620 990.6
1421630 991.5
1421640 993.7
1421650 993.7
1421660 996.5
1421670 999.5
1421680 999.5
1421690 1002.0
1421700 1003.1
1421710 1003.1
1421720 1006.3
1421730 1009.3
1421740 1009.3
1421750 1010.9
1421760 1015.0
1421770 1018.3
1421780 1018.3
1421790 1020.7
1421800 1023.5
1421810 1023.5
1421820 1025.5
1421830 1026.6
1421840 1026.6
1421850 1028.4
1421860 1030.8
1421870 1030.8
1421880 1033.0
1421890 1034.8
1421900 1034.8
1421910 1033.7
1421920 1029.3
1421930 1029.3
1421940 1025.0
1421950 1015.4
1421960 1013.4
1421970 1013.4
1421980 1011.7
1421990 1010.8
1422000 1010.8
1422010 1010.6
1422020 1011.4
1422030 1011.4
1422040 1012.8
1422050 1012.9
1422060 1012.9
1422070 1013.4
1422080 1012.3
1422090 1012.3
1422100 1010.2
1422110 1008.2
1422120 1008.2
1422130 1006.2
1422140 1005.3
1422150 1006.3
1422160 1006.3
1422170 1008.5
1422180 1010.5
1422190 1010.5
1422200 1011.5
1422210 1009.5
1422220 1009.5
1422230 1004.5
1422240 997.7
1422250 997.7
1422260 990.1
1422270 982.9
1422280 982.9
1422290 977.2
1422300 973.0
1422310 969.4
1422320 969.4
1422330 962.9
1422340 955.4
1422350 955.4
1422360 949.8
1422370 942.1
1422380 942.1
1422390 936.5
1422400 935.7
1422410 935.7
1422420 937.0
1422430 938.7
1422440 938.7
1422450 939.1
1422460 936.8
1422470 936.8
1422480 940.7
1422490 943.4
1422500 945.9
1422510 945.9
1422520 948.1
1422530 950.4
1422540 950.4
1422550 955.3
1422560 962.0
1422570 962.0
1422580 969.0
1422590 978.5
1422600 978.5
1422610 989.1
1422620 999.3
1422630 999.3
1422640 1009.6
1422650 1018.4
1422660 1018.4
1422670 1024.1
1422680 1029.9
1422690 1037.4
1422700 1037.4
1422710 1043.5
1422720 1051.6
1422730 1051.6
1422740 1061.7
1422750 1073.7
1422760 1073.7
1422770 1081.4
1422780 1085.8
1422790 1085.8
1422800 1090.3
1422810 1096.4
1422820 1096.4
1422830 1104.2
1422840 1112.9
1422850 1112.9
1422860 1121.2
1422870 1127.5
1422880 1133.8
1422890 1133.8
1422900 1140.2
1422910 1147.9
1422920 1147.9
1422930 1157.4
1422940 1165.3
1422950 1165.3
1422960 1170.5
1422970 1173.7
1422980 1173.7
1422990 1176.9
1423000 1180.2
1423010 1180.2
1423020 1183.7
1423030 1188.0
1423040 1188.0
1423050 1192.0
1423060 1195.3
1423070 1198.4
1423080 1198.4
1423090 1201.1
1423100 1203.6
1423110 1203.6
1423120 1206.3
1423130 1209.2
1423140 1209.2
1423150 1212.1
1423160 1214.8
1423170 1214.8
1423180 1217.4
1423190 1219.9
1423200 1219.9
1423210 1221.3
1423220 1223.2
1423230 1225.4
1423240 1225.4
1423250 1227.1
1423260 1227.8
1423270 1227.8
1423280 1227.5
1423290 1227.1
1423300 1227.1
1423310 1227.1
1423320 1227.1
1423330 1227.1
1423340 1227.8
1423350 1231.5
1423360 1231.5
1423370 1233.4
1423380 1234.9
1423390 1234.9
1423400 1235.4
1423410 1235.1
1423420 1235.0
1423430 1235.0
1423440 1235.5
1423450 1238.3
1423460 1238.3
1423470 1242.4
1423480 1245.6
1423490 1245.6
1423500 1247.0
1423510 1248.1
1423520 1248.1
1423530 1249.4
1423540 1250.6
1423550 1250.6
1423560 1251.9
1423570 1253.0
1423580 1253.0
1423590 1254.1
1423600 1255.1
1423610 1256.2
1423620 1256.2
1423630 1257.6
1423640 1259.5
1423650 1259.5
1423660 1262.8
1423670 1266.3
1423680 1266.3
1423690 1267.5
1423700 1268.3
1423710 1268.3
1423720 1269.4
1423730 1270.5
1423740 1270.5
1423750 1272.6
1423760 1274.9
1423770 1274.9
1423780 1276.4
1423790 1276.9
1423800 1276.2
1423810 1276.2
1423820 1275.3
1423830 1275.8
1423840 1275.8
1423850 1277.0
1423860 1277.6
1423870 1277.6
1423880 1277.7
1423890 1277.9
1423900 1277.9
1423910 1278.3
1423920 1279.1
1423930 1279.1
1423940 1280.7
1423950 1282.4
1423960 1283.8
1423970 1283.8
1423980 1285.4
1423990 1287.1
1424000 1285.2
1424010 1285.9
1424020 1286.1
1424030 1286.1
1424040 1286.6
1424050 1287.0
1424060 1287.0
1424070 1286.6
1424080 1287.0
1424090 1287.0
1424100 1288.2
1424110 1289.1
1424120 1289.1
1424130 1290.6
1424140 1292.6
1424150 1296.5
1424160 1296.5
1424170 1300.4
1424180 1301.4
1424190 1301.4
1424200 1301.0
1424210 1300.4
1424220 1300.4
1424230 1299.6
1424240 1299.0
1424250 1299.0
1424260 1298.5
1424270 1298.1
1424280 1298.1
1424290 1297.7
1424300 1297.3
1424310 1297.3
1424320 1297.3
1424330 1297.5
1424340 1297.6
1424350 1297.6
1424360 1298.0
1424370 1298.0
1424380 1298.0
1424390 1298.8
1424400 1299.5
1424410 1299.5
1424420 1300.1
1424430 1300.5
1424440 1300.5
1424450 1300.5
1424460 1300.9
1424470 1300.9
1424480 1296.9
1424490 1289.4
1424500 1289.4
1424510 1288.7
1424520 1293.3
1424530 1295.0
1424540 1295.0
1424550 1293.3
1424560 1291.5
1424570 1291.5
1424580 1290.3
1424590 1289.4
1424600 1289.4
1424610 1288.9
1424620 1288.5
1424630 1288.5
1424640 1288.3
1424650 1288.1
1424660 1288.1
1424670 1288.2
1424680 1287.9
1424690 1286.8
1424700 1286.8
1424710 1285.1
1424720 1282.5
1424730 1282.5
1424740 1281.4
1424750 1280.1
1424760 1280.1
1424770 1277.4
1424780 1274.9
1424790 1274.9
1424800 1273.9
1424810 1274.5
1424820 1274.5
1424830 1274.2
1424840 1272.1
1424850 1272.1
1424860 1270.9
1424870 1271.4
1424880 1271.7
1424890 1271.7
1424900 1272.1
1424910 1272.7
1424920 1272.7
1424930 1274.8
1424940 1274.0
1424950 1274.0
1424960 1274.9
1424970 1279.2
1424980 1279.2
1424990 1282.1
1425000 1284.7
1425010 1284.7
1425020 1286.1
1425030 1285.1
1425040 1285.1
1425050 1282.3
1425060 1278.7
1425070 1276.0
1425080 1276.0
1425090 1274.6
1425100 1274.6
1425110 1274.6
1425120 1275.5
1425130 1277.3
1425140 1277.3
1425150 1278.8
1425160 1278.6
1425170 1278.6
1425180 1282.0
1425190 1286.5
1425200 1286.5
1425210 1289.6
1425220 1290.6
1425230 1290.6
1425240 1291.3
1425250 1290.8
1425260 1289.0
1425270 1289.0
1425280 1289.0
1425290 1289.8
1425300 1289.8
1425310 1291.3
1425320 1293.4
1425330 1293.4
1425340 1296.1
1425350 1300.0
1425360 1300.0
1425370 1301.2
1425380 1302.5
1425390 1302.5
1425400 1304.2
1425410 1305.6
1425420 1307.4
1425430 1307.4
1425440 1309.7
1425450 1313.7
1425460 1313.7
1425470 1318.6
1425480 1322.6
1425490 1322.6
1425500 1326.7
1425510 1330.1
1425520 1330.1
1425530 1333.6
1425540 1337.3
1425550 1337.3
1425560 1341.6
1425570 1345.8
1425580 1345.8
1425590 1349.2
1425600 1352.0
1425610 1354.5
1425620 1354.5
1425630 1356.5
1425640 1359.5
1425650 1359.5
1425660 1362.3
1425670 1364.9
1425680 1364.9
1425690 1369.3
1425700 1373.2
1425710 1373.2
1425720 1375.4
1425730 1377.1
1425740 1377.1
1425750 1377.5
1425760 1376.1
1425770 1376.1
1425780 1375.1
1425790 1373.4
1425800 1371.7
1425810 1371.7
1425820 1373.6
1425830 1377.7
1425840 1377.7
1425850 1381.0
1425860 1383.7
1425870 1383.7
1425880 1386.8
1425890 1391.7
1425900 1391.7
1425910 1397.3
1425920 1400.5
1425930 1400.5
1425940 1402.9
1425950 1403.6
1425960 1403.6
1425970 1403.8
1425980 1403.9
1425990 1404.1
1426000 1404.1
1426010 1404.5
1426020 1405.3
1426030 1405.3
1426040 1406.5
1426050 1408.4
1426060 1408.4
1426070 1410.2
1426080 1411.5
1426090 1411.5
1426100 1412.7
1426110 1414.0
1426120 1414.0
1426130 1412.7
1426140 1413.4
1426150 1413.6
1426160 1413.6
1426170 1413.9
1426180 1415.0
1426190 1415.0
1426200 1415.4
1426210 1414.9
1426220 1414.9
1426230 1415.5
1426240 1420.0
1426250 1420.0
1426260 1424.7
1426270 1428.6
1426280 1428.6
1426290 1431.6
1426300 1432.8
1426310 1432.8
1426320 1433.1
1426330 1435.4
1426340 1439.2
1426350 1439.2
1426360 1444.3
1426370 1448.2
1426380 1448.2
1426390 1455.6
1426400 1464.1
1426410 1464.1
1426420 1471.7
1426430 1476.7
1426440 1476.7
1426450 1479.2
1426460 1478.7
1426470 1478.7
1426480 1476.5
1426490 1474.8
1426500 1474.8
1426510 1472.7
1426520 1470.6
1426530 1468.0
1426540 1468.0
1426550 1465.1
1426560 1461.2
1426570 1461.2
1426580 1458.1
1426590 1453.9
1426600 1453.9
1426610 1450.6
1426620 1448.9
1426630 1448.9
1426640 1446.2
1426650 1442.4
1426660 1442.4
1426670 1439.7
1426680 1437.5
1426690 1437.5
1426700 1435.6
1426710 1433.2
1426720 1431.1
1426730 1431.1
1426740 1429.6
1426750 1427.0
1426760 1427.0
1426770 1424.3
1426780 1421.9
1426790 1421.9
1426800 1417.4
1426810 1412.9
1426820 1412.9
1426830 1408.2
1426840 1403.8
1426850 1403.8
1426860 1399.5
1426870 1394.5
1426880 1389.3
1426890 1389.3
1426900 1384.0
1426910 1378.9
1426920 1378.9
1426930 1373.8
1426940 1368.3
1426950 1368.3
1426960 1363.2
1426970 1358.0
1426980 1358.0
1426990 1352.7
1427000 1347.3
1427010 1347.3
1427020 1341.8
1427030 1337.4
1427040 1337.4
1427050 1333.8
1427060 1326.3
1427070 1317.2
1427080 1317.2
1427090 1311.4
1427100 1307.6
1427110 1307.6
1427120 1303.4
1427130 1294.4
1427140 1294.4
1427150 1286.8
1427160 1281.3
1427170 1281.3
1427180 1274.4
1427190 1267.1
1427200 1267.1
1427210 1259.2
1427220 1253.0
1427230 1253.0
1427240 1247.4
1427250 1242.5
1427260 1235.6
1427270 1235.6
1427280 1227.6
1427290 1220.0
1427300 1220.0
1427310 1212.7
1427320 1207.3
1427330 1207.3
1427340 1202.5
1427350 1198.6
1427360 1198.6
1427370 1194.9
1427380 1190.0
1427390 1190.0
1427400 1182.9
1427410 1177.8
1427420 1177.8
1427430 1175.8
1427440 1172.3
1427450 1166.4
1427460 1166.4
1427470 1159.2
1427480 1151.5
1427490 1151.5
1427500 1145.9
1427510 1140.7
1427520 1140.7
1427530 1138.4
1427540 1134.4
1427550 1134.4
1427560 1126.0
1427570 1116.4
1427580 1116.4
1427590 1109.4
1427600 1105.6
1427610 1103.6
1427620 1103.6
1427630 1101.4
1427640 1101.0
1427650 1101.0
1427660 1098.0
1427670 1092.2
1427680 1092.2
1427690 1085.2
1427700 1077.5
1427710 1077.5
1427720 1070.5
1427730 1062.5
1427740 1062.5
1427750 1054.0
1427760 1045.3
1427770 1045.3
1427780 1035.5
1427790 1024.7
1427800 1016.9
1427810 1016.9
1427820 1013.1
1427830 1005.7
1427840 1005.7
1427850 997.9
1427860 990.4
1427870 990.4
1427880 984.3
1427890 979.6
1427900 979.6
1427910 973.7
1427920 970.1
1427930 970.1
1427940 965.2
1427950 958.3
1427960 958.3
1427970 952.8
1427980 948.4
1427990 945.2
1428000 945.2
1428010 939.4
1428020 937.8
1428030 937.8
1428040 940.1
1428050 943.4
1428060 943.4
1428070 950.3
1428080 960.3
1428090 960.3
1428100 970.8
1428110 980.0
1428120 980.0
1428130 988.2
1428140 995.5
1428150 995.5
1428160 1002.8
1428170 1010.7
1428180 1018.6
1428190 1018.6
1428200 1026.1
1428210 1033.4
1428220 1033.4
1428230 1040.5
1428240 1048.4
1428250 1048.4
1428260 1057.0
1428270 1064.4
1428280 1064.4
1428290 1071.9
1428300 1077.8
1428310 1077.8
1428320 1084.3
1428330 1091.7
1428340 1095.1
1428350 1095.1
1428360 1101.1
1428370 1107.7
1428380 1107.7
1428390 1113.6
1428400 1120.3
1428410 1120.3
1428420 1127.4
1428430 1133.8
1428440 1133.8
1428450 1143.1
1428460 1154.6
1428470 1154.6
1428480 1165.2
1428490 1174.4
1428500 1174.4
1428510 1183.2
1428520 1191.4
1428530 1198.9
1428540 1198.9
1428550 1206.4
1428560 1214.6
1428570 1214.6
1428580 1222.5
1428590 1229.4
1428600 1229.4
1428610 1236.4
1428620 1244.3
1428630 1244.3
1428640 1252.6
1428650 1259.7
1428660 1259.7
1428670 1266.0
1428680 1272.5
1428690 1272.5
1428700 1278.6
1428710 1283.2
1428720 1290.0
1428730 1290.0
1428740 1297.6
1428750 1304.7
1428760 1304.7
1428770 1311.9
1428780 1320.2
1428790 1320.2
1428800 1328.5
1428810 1335.9
1428820 1335.9
1428830 1341.9
1428840 1348.5
1428850 1348.5
1428860 1354.7
1428870 1359.5
1428880 1359.5
1428890 1362.3
1428900 1364.9
1428910 1368.5
1428920 1368.5
1428930 1372.6
1428940 1375.6
1428950 1375.6
1428960 1379.7
1428970 1384.3
1428980 1384.3
1428990 1388.7
1429000 1393.0
1429010 1393.0
1429020 1396.4
1429030 1400.7
1429040 1400.7
1429050 1404.8
1429060 1407.3
1429070 1412.2
1429080 1412.2
1429090 1418.0
1429100 1423.5
1429110 1423.5
1429120 1427.1
1429130 1430.2
1429140 1430.2
1429150 1431.2
1429160 1431.7
1429170 1431.7
1429180 1434.2
1429190 1438.0
1429200 1438.0
1429210 1442.3
1429220 1445.9
1429230 1445.9
1429240 1448.3
1429250 1449.9
1429260 1450.8
1429270 1450.8
1429280 1451.8
1429290 1452.5
1429300 1452.5
1429310 1453.0
1429320 1453.0
1429330 1453.0
1429340 1453.1
1429350 1453.3
1429360 1453.3
1429370 1452.8
1429380 1452.2
1429390 1452.2
1429400 1452.2
1429410 1451.6
1429420 1451.6
1429430 1450.9
1429440 1451.2
1429450 1452.5
1429460 1452.5
1429470 1453.4
1429480 1453.8
1429490 1453.8
1429500 1453.1
1429510 1450.7
1429520 1450.7
1429530 1448.0
1429540 1445.4
1429550 1445.4
1429560 1443.2
1429570 1440.6
1429580 1440.6
1429590 1437.8
1429600 1434.7
1429610 1434.7
1429620 1431.8
1429630 1428.9
1429640 1424.7
1429650 1424.7
1429660 1420.7
1429670 1416.9
1429680 1416.9
1429690 1412.4
1429700 1408.3
1429710 1408.3
1429720 1404.5
1429730 1402.5
1429740 1402.5
1429750 1397.9
1429760 1394.0
1429770 1394.0
1429780 1391.6
1429790 1390.5
1429800 1390.1
1429810 1390.1
1429820 1389.6
1429830 1387.7
1429840 1387.7
1429850 1385.5
1429860 1382.7
1429870 1382.7
1429880 1380.3
1429890 1378.5
1429900 1378.5
1429910 1377.1
1429920 1374.9
1429930 1374.9
1429940 1371.7
1429950 1367.6
1429960 1367.6
1429970 1364.2
1429980 1361.5
1429990 1358.9
1430000 1358.9
1430010 1355.6
1430020 1351.9
1430030 1351.9
1430040 1347.6
1430050 1344.0
1430060 1344.0
1430070 1340.6
1430080 1337.4
1430090 1337.4
1430100 1334.2
1430110 1330.7
1430120 1330.7
1430130 1326.6
1430140 1322.1
1430150 1322.1
1430160 1318.4
1430170 1314.5
1430180 1309.0
1430190 1309.0
1430200 1304.2
1430210 1299.7
1430220 1299.7
1430230 1295.4
1430240 1292.2
1430250 1292.2
1430260 1287.8
1430270 1284.8
1430280 1284.8
1430290 1283.0
1430300 1280.4
1430310 1280.4
1430320 1277.5
1430330 1274.4
1430340 1274.4
1430350 1271.3
1430360 1268.5
1430370 1266.7
1430380 1266.7
1430390 1265.3
1430400 1263.7
1430410 1263.7
1430420 1262.0
1430430 1260.6
1430440 1260.6
1430450 1259.7
1430460 1259.1
1430470 1259.1
1430480 1258.4
1430490 1257.1
1430500 1257.1
1430510 1255.7
1430520 1254.8
1430530 1254.1
1430540 1254.1
1430550 1252.4
1430560 1249.9
1430570 1249.9
1430580 1247.3
1430590 1244.9
1430600 1244.9
1430610 1243.2
1430620 1242.3
1430630 1241.9
1430640 1241.0
1430650 1240.2
1430660 1240.2
1430670 1239.1
1430680 1237.8
1430690 1237.8
1430700 1236.5
1430710 1235.6
1430720 1235.2
1430730 1235.2
1430740 1235.2
1430750 1235.5
1430760 1235.5
1430770 1236.1
1430780 1236.1
1430790 1236.1
1430800 1235.5
1430810 1234.8
1430820 1234.8
1430830 1232.9
1430840 1229.9
1430850 1229.9
1430860 1225.6
1430870 1221.4
1430880 1221.4
1430890 1217.8
1430900 1213.7
1430910 1209.2
1430920 1209.2
1430930 1204.1
1430940 1201.7
1430950 1201.7
1430960 1199.4
1430970 1196.0
1430980 1196.0
1430990 1193.5
1431000 1192.7
1431010 1192.7
1431020 1192.1
1431030 1191.4
1431040 1191.4
1431050 1191.1
1431060 1191.3
1431070 1191.3
1431080 1192.2
1431090 1194.6
1431100 1196.8
1431110 1196.8
1431120 1197.2
1431130 1195.7
1431140 1195.7
1431150 1194.1
1431160 1193.7
1431170 1193.7
1431180 1193.6
1431190 1194.1
1431200 1194.1
1431210 1194.7
1431220 1196.2
1431230 1196.2
1431240 1198.3
1431250 1200.5
1431260 1202.4
1431270 1202.4
1431280 1204.3
1431290 1206.2
1431300 1206.2
1431310 1207.4
1431320 1208.2
1431330 1208.2
1431340 1209.1
1431350 1210.4
1431360 1210.4
1431370 1211.5
1431380 1212.7
1431390 1212.7
1431400 1213.8
1431410 1216.4
1431420 1216.4
1431430 1219.8
1431440 1222.8
1431450 1226.1
1431460 1226.1
1431470 1229.3
1431480 1233.8
1431490 1233.8
1431500 1239.2
1431510 1242.6
1431520 1242.6
1431530 1245.5
1431540 1246.8
1431550 1246.8
1431560 1249.2
1431570 1254.1
1431580 1254.1
1431590 1261.2
1431600 1267.1
1431610 1267.1
1431620 1271.9
1431630 1276.3
1431640 1280.3
1431650 1280.3
1431660 1283.4
1431670 1285.8
1431680 1285.8
1431690 1288.8
1431700 1291.5
1431710 1291.5
1431720 1294.9
1431730 1297.1
1431740 1297.1
1431750 1298.1
1431760 1298.7
1431770 1298.7
1431780 1299.6
1431790 1300.1
1431800 1300.1
1431810 1299.7
1431820 1298.9
1431830 1298.4
1431840 1298.4
1431850 1299.2
1431860 1302.0
1431870 1302.0
1431880 1305.6
1431890 1308.7
1431900 1308.7
1431910 1313.4
1431920 1318.7
1431930 1318.7
1431940 1323.0
1431950 1327.7
1431960 1327.7
1431970 1332.5
1431980 1336.7
1431990 1339.1
1432000 1339.1
1432010 1341.2
1432020 1343.9
1432030 1343.9
1432040 1345.9
1432050 1345.0
1432060 1345.0
1432070 1344.1
1432080 1346.9
1432090 1346.9
1432100 1352.5
1432110 1360.8
1432120 1360.8
1432130 1373.5
1432140 1383.4
1432150 1383.4
1432160 1389.1
1432170 1394.7
1432180 1401.3
1432190 1401.3
1432200 1408.6
1432210 1416.4
1432220 1416.4
1432230 1427.0
1432240 1436.3
1432250 1436.3
1432260 1443.0
1432270 1449.5
1432280 1449.5
1432290 1455.8
1432300 1463.4
1432310 1463.4
1432320 1471.5
1432330 1478.6
1432340 1478.6
1432350 1484.8
1432360 1491.6
1432370 1497.7
1432380 1497.7
1432390 1501.0
1432400 1505.3
1432410 1505.3
1432420 1508.6
1432430 1511.1
1432440 1511.1
1432450 1512.7
1432460 1513.7
1432470 1513.7
1432480 1514.0
1432490 1513.8
1432500 1513.8
1432510 1513.3
1432520 1513.3
1432530 1513.3
1432540 1514.1
1432550 1516.4
1432560 1518.8
1432570 1518.8
1432580 1521.9
1432590 1524.0
1432600 1524.0
1432610 1527.5
1432620 1531.6
1432630 1531.6
1432640 1534.8
1432650 1537.1
1432660 1537.1
1432670 1539.1
1432680 1541.1
1432690 1541.1
1432700 1542.7
1432710 1543.3
1432720 1544.7
1432730 1544.7
1432740 1546.8
1432750 1548.6
1432760 1548.6
1432770 1551.1
1432780 1553.7
1432790 1553.7
1432800 1555.7
1432810 1556.4
1432820 1556.4
1432830 1556.3
1432840 1555.7
1432850 1555.7
1432860 1554.5
1432870 1552.7
1432880 1552.7
1432890 1551.6
1432900 1551.7
1432910 1551.5
1432920 1551.5
1432930 1553.8
1432940 1556.7
1432950 1556.7
1432960 1558.9
1432970 1559.9
1432980 1559.9
1432990 1560.1
1433000 1559.9
1433010 1559.9
1433020 1559.8
1433030 1562.8
1433040 1562.8
1433050 1561.7
1433060 1560.4
1433070 1560.4
1433080 1559.3
1433090 1558.1
1433100 1557.0
1433110 1557.0
1433120 1557.2
1433130 1557.6
1433140 1557.6
1433150 1558.4
1433160 1559.8
1433170 1559.8
1433180 1561.0
1433190 1561.2
1433200 1561.2
1433210 1560.2
1433220 1559.0
1433230 1559.0
1433240 1557.9
1433250 1556.4
1433260 1556.4
1433270 1554.8
1433280 1553.2
1433290 1552.5
1433300 1552.5
1433310 1552.0
1433320 1551.3
1433330 1551.3
1433340 1550.8
1433350 1550.9
1433360 1550.9
1433370 1550.7
1433380 1549.6
1433390 1549.6
1433400 1548.1
1433410 1546.4
1433420 1546.4
1433430 1544.6
1433440 1542.8
1433450 1540.6
1433460 1540.6
1433470 1537.8
1433480 1534.8
1433490 1534.8
1433500 1531.3
1433510 1526.0
1433520 1526.0
1433530 1519.8
1433540 1514.2
1433550 1514.2
1433560 1510.2
1433570 1509.1
1433580 1509.1
1433590 1507.9
1433600 1505.8
1433610 1505.8
1433620 1503.0
1433630 1500.9
1433640 1499.5
1433650 1499.5
1433660 1498.2
1433670 1496.7
1433680 1496.7
1433690 1495.7
1433700 1496.7
1433710 1496.7
1433720 1497.3
1433730 1497.4
1433740 1497.4
1433750 1497.2
1433760 1496.6
1433770 1496.6
1433780 1495.8
1433790 1494.7
1433800 1494.7
1433810 1492.7
1433820 1489.5
1433830 1486.8
1433840 1486.8
1433850 1484.9
1433860 1482.8
1433870 1482.8
1433880 1480.8
1433890 1480.8
1433900 1480.8
1433910 1481.0
1433920 1481.5
1433930 1481.5
1433940 1481.4
1433950 1480.7
1433960 1480.7
1433970 1479.6
1433980 1479.3
1433990 1479.3
1434000 1478.4
1434010 1475.8
1434020 1473.8
1434030 1473.8
1434040 1472.0
1434050 1468.9
1434060 1468.9
1434070 1466.6
1434080 1465.7
1434090 1465.7
1434100 1466.0
1434110 1466.4
1434120 1466.4
1434130 1466.2
1434140 1466.1
1434150 1466.1
1434160 1466.4
1434170 1466.3
1434180 1465.6
1434190 1465.6
1434200 1463.7
1434210 1462.2
1434220 1462.2
1434230 1461.9
1434240 1460.2
1434250 1460.2
1434260 1459.1
1434270 1457.9
1434280 1457.9
1434290 1455.1
1434300 1451.1
1434310 1451.1
1434320 1447.5
1434330 1443.9
1434340 1443.9
1434350 1440.2
1434360 1436.5
1434370 1432.5
1434380 1432.5
1434390 1428.0
1434400 1423.3
1434410 1423.3
1434420 1419.2
1434430 1416.2
1434440 1416.2
1434450 1413.9
1434460 1411.5
1434470 1411.5
1434480 1409.2
1434490 1406.7
1434500 1406.7
1434510 1405.2
1434520 1403.4
1434530 1403.4
1434540 1401.3
1434550 1399.0
1434560 1396.6
1434570 1396.6
1434580 1394.0
1434590 1392.2
1434600 1392.2
1434610 1391.8
1434620 1392.1
1434630 1392.1
1434640 1391.2
1434650 1389.1
1434660 1389.1
1434670 1386.3
1434680 1383.1
1434690 1383.1
1434700 1379.9
1434710 1376.6
1434720 1376.6
1434730 1371.5
1434740 1365.4
1434750 1360.6
1434760 1360.6
1434770 1356.5
1434780 1353.4
1434790 1353.4
1434800 1352.0
1434810 1350.1
1434820 1350.1
1434830 1348.0
1434840 1346.3
1434850 1346.3
1434860 1345.2
1434870 1341.6
1434880 1341.6
1434890 1335.8
1434900 1331.4
1434910 1327.4
1434920 1327.4
1434930 1324.9
1434940 1330.1
1434950 1330.1
1434960 1336.1
1434970 1338.0
1434980 1338.0
1434990 1336.8
1435000 1334.4
1435010 1334.4
1435020 1332.7
1435030 1332.2
1435040 1332.2
1435050 1331.1
1435060 1328.4
1435070 1328.4
1435080 1325.0
1435090 1321.5
1435100 1320.8
1435110 1320.8
1435120 1318.8
1435130 1317.8
1435140 1317.8
1435150 1317.4
1435160 1316.4
1435170 1316.4
1435180 1314.6
1435190 1312.1
1435200 1312.1
1435210 1308.3
1435220 1303.4
1435230 1303.4
1435240 1300.0
1435250 1300.0
1435260 1300.0
1435270 1301.8
1435280 1301.8
1435290 1299.6
1435300 1299.6
1435310 1296.6
1435320 1297.4
1435330 1297.4
1435340 1298.6
1435350 1299.0
1435360 1299.0
1435370 1298.0
1435380 1295.7
1435390 1295.7
1435400 1291.7
1435410 1286.9
1435420 1286.9
1435430 1282.1
1435440 1282.3
1435450 1282.3
1435460 1286.9
1435470 1289.1
1435480 1287.6
1435490 1287.6
1435500 1286.8
1435510 1285.9
1435520 1285.9
1435530 1288.1
1435540 1287.8
1435550 1287.8
1435560 1288.4
1435570 1287.7
1435580 1287.7
1435590 1286.4
1435600 1284.0
1435610 1284.0
1435620 1281.1
1435630 1277.7
1435640 1278.6
1435650 1278.6
1435660 1278.1
1435670 1277.0
1435680 1277.0
1435690 1275.3
1435700 1273.4
1435710 1273.4
1435720 1270.7
1435730 1267.2
1435740 1267.2
1435750 1260.2
1435760 1252.8
1435770 1252.8
1435780 1249.2
1435790 1252.0
1435800 1252.0
1435810 1255.2
1435820 1256.9
1435830 1256.6
1435840 1256.6
1435850 1255.2
1435860 1254.0
1435870 1254.0
1435880 1252.7
1435890 1251.2
1435900 1251.2
1435910 1249.5
1435920 1247.5
1435930 1247.5
1435940 1244.7
1435950 1242.1
1435960 1242.1
1435970 1239.3
1435980 1235.7
1435990 1235.7
1436000 1231.1
1436010 1230.7
1436020 1229.6
1436030 1229.6
1436040 1227.6
1436050 1224.9
1436060 1224.9
1436070 1219.6
1436080 1220.4
1436090 1220.4
1436100 1221.4
1436110 1219.7
1436120 1219.7
1436130 1217.5
1436140 1215.4
1436150 1215.4
1436160 1210.3
1436170 1204.8
1436180 1204.8
1436190 1202.7
1436200 1201.1
1436210 1198.6
1436220 1198.6
1436230 1195.8
1436240 1192.7
1436250 1192.7
1436260 1189.3
1436270 1188.2
1436280 1188.2
1436290 1187.3
1436300 1185.6
1436310 1185.6
1436320 1183.4
1436330 1181.0
1436340 1181.0
1436350 1177.9
1436360 1172.8
1436370 1170.2
1436380 1170.2
1436390 1167.8
1436400 1166.1
1436410 1166.1
1436420 1164.9
1436430 1162.3
1436440 1162.3
1436450 1159.3
1436460 1155.3
1436470 1155.3
1436480 1153.3
1436490 1151.6
1436500 1151.6
1436510 1149.1
1436520 1147.6
1436530 1147.6
1436540 1144.9
1436550 1141.7
1436560 1139.4
1436570 1139.4
1436580 1137.0
1436590 1135.2
1436600 1135.2
1436610 1134.7
1436620 1133.0
1436630 1133.0
1436640 1129.7
1436650 1126.7
1436660 1126.7
1436670 1123.5
1436680 1121.1
1436690 1121.1
1436700 1118.7
1436710 1116.0
1436720 1116.0
1436730 1113.9
1436740 1112.1
1436750 1110.0
1436760 1110.0
1436770 1107.7
1436780 1105.1
1436790 1105.1
1436800 1103.1
1436810 1101.6
1436820 1101.6
1436830 1099.9
1436840 1098.3
1436850 1098.3
1436860 1097.0
1436870 1095.3
1436880 1095.3
1436890 1093.8
1436900 1092.4
1436910 1092.4
1436920 1091.7
1436930 1090.9
1436940 1090.1
1436950 1090.1
1436960 1088.5
1436970 1086.8
1436980 1086.8
1436990 1085.1
1437000 1081.4
1437010 1081.4
1437020 1078.0
1437030 1074.9
1437040 1074.9
1437050 1072.1
1437060 1070.0
1437070 1070.0
1437080 1067.3
1437090 1064.1
1437100 1061.3
1437110 1061.3
1437120 1058.5
1437130 1056.1
1437140 1056.1
1437150 1055.2
1437160 1055.9
1437170 1055.9
1437180 1056.4
1437190 1055.8
1437200 1055.8
1437210 1054.6
1437220 1053.4
1437230 1053.4
1437240 1052.2
1437250 1050.8
1437260 1050.8
1437270 1048.7
1437280 1045.4
1437290 1041.0
1437300 1041.0
1437310 1036.0
1437320 1031.1
1437330 1031.1
1437340 1026.5
1437350 1022.5
1437360 1022.5
1437370 1019.3
1437380 1016.2
1437390 1016.2
1437400 1013.7
1437410 1012.0
1437420 1012.0
1437430 1010.2
1437440 1009.2
1437450 1009.2
1437460 1007.7
1437470 1000.5
1437480 991.6
1437490 991.6
1437500 982.3
1437510 972.9
1437520 972.9
1437530 962.7
1437540 954.0
1437550 954.0
1437560 952.9
1437570 955.8
1437580 955.8
1437590 957.9
1437600 963.0
1437610 963.0
1437620 963.9
1437630 958.5
1437640 958.5
1437650 948.9
1437660 939.8
1437670 943.5
1437680 943.5
1437690 949.5
1437700 948.4
1437710 948.4
1437720 941.4
1437730 934.3
1437740 934.3
1437750 930.4
1437760 925.3
1437770 925.3
1437780 922.1
1437790 922.2
1437800 922.2
1437810 925.5
1437820 933.3
1437830 948.4
1437840 948.4
1437850 957.9
1437860 965.3
1437870 965.3
1437880 970.8
1437890 968.9
1437900 968.9
1437910 962.1
1437920 954.7
1437930 954.7
1437940 948.1
1437950 940.2
1437960 940.2
1437970 932.7
1437980 926.5
1437990 926.5
1438000 921.5
1438010 920.1
1438020 918.8
1438030 918.8
1438040 915.1
1438050 914.4
1438060 914.4
1438070 916.1
1438080 916.8
1438090 916.8
1438100 919.3
1438110 923.9
1438120 923.9
1438130 928.7
1438140 933.7
1438150 933.7
1438160 937.4
1438170 936.3
1438180 939.7
1438190 934.5
1438200 928.3
1438210 921.3
1438220 921.3
1438230 914.8
1438240 909.4
1438250 909.4
1438260 905.6
1438270 905.4
1438280 905.4
1438290 908.3
1438300 914.2
1438310 914.2
1438320 920.3
1438330 925.9
1438340 925.9
1438350 929.3
1438360 929.3
1438370 929.3
1438380 928.4
1438390 927.8
1438400 927.4
1438410 927.4
1438420 927.2
1438430 926.9
1438440 926.9
1438450 924.6
1438460 918.2
1438470 918.2
1438480 911.8
1438490 904.9
1438500 904.9
1438510 897.6
1438520 892.0
1438530 892.0
1438540 890.0
1438550 890.1
1438560 891.1
1438570 891.1
1438580 890.9
1438590 892.5
1438600 892.5
1438610 898.3
1438620 903.5
1438630 903.5
1438640 904.4
1438650 904.0
1438660 904.0
1438670 904.8
1438680 908.1
1438690 908.1
1438700 907.8
1438710 901.7
1438720 901.7
1438730 894.2
1438740 888.6
1438750 886.6
1438760 886.6
1438770 887.1
1438780 892.0
1438790 892.0
1438800 898.4
1438810 901.2
1438820 901.2
1438830 899.6
1438840 895.0
1438850 895.0
1438860 890.3
1438870 888.5
1438880 888.5
1438890 885.3
1438900 881.6
1438910 881.6
1438920 878.1
1438930 877.3
1438940 878.0
1438950 878.0
1438960 879.0
1438970 880.4
1438980 880.4
1438990 881.4
1439000 882.0
1439010 882.0
1439020 882.1
1439030 881.9
1439040 881.9
1439050 881.3
1439060 881.1
1439070 881.1
1439080 880.8
1439090 880.8
1439100 880.8
1439110 880.3
1439120 879.4
1439130 881.6
1439140 881.6
1439150 882.7
1439160 882.8
1439170 882.8
1439180 883.0
1439190 884.3
1439200 884.3
1439210 885.7
1439220 886.6
1439230 886.6
1439240 887.1
1439250 888.0
1439260 888.0
1439270 888.7
1439280 888.9
1439290 888.9
1439300 888.9
1439310 890.0
1439320 892.5
1439330 892.5
1439340 899.6
1439350 908.0
1439360 908.0
1439370 916.7
1439380 925.3
1439390 925.3
1439400 931.8
1439410 933.6
1439420 933.6
1439430 933.7
1439440 932.6
1439450 932.6
1439460 932.1
1439470 932.4
1439480 931.8
1439490 931.8
1439500 931.3
1439510 930.9
1439520 930.9
1439530 930.9
1439540 930.3
1439550 930.3
1439560 930.1
1439570 930.4
1439580 930.4
1439590 930.6
1439600 930.9
1439610 930.9
1439620 931.4
1439630 931.2
1439640 931.2
1439650 930.0
1439660 928.3
1439670 927.6
1439680 927.6
1439690 927.4
1439700 926.8
1439710 926.8
1439720 925.9
1439730 923.2
1439740 923.2
1439750 918.5
1439760 914.4
1439770 914.4
1439780 912.5
1439790 912.1
1439800 912.1
1439810 911.6
1439820 911.1
1439830 911.1
1439840 912.4
1439850 912.2
1439860 913.2
1439870 913.2
1439880 915.8
1439890 917.4
1439900 917.4
1439910 915.1
1439920 911.0
1439930 911.0
1439940 908.8
1439950 909.8
1439960 909.8
1439970 912.7
1439980 915.1
1439990 915.1
