1420000 1208.8
1420010 1208.8
1420020 1210.2
1420030 1212.2
1420040 1214.2
1420050 1214.2
1420060 1216.1
1420070 1218.8
1420080 1218.8
1420090 1222.0
1420100 1225.0
1420110 1225.0
1420120 1228.5
1420130 1232.1
1420140 1232.1
1420150 1235.1
1420160 1237.7
1420170 1237.7
1420180 1239.3
1420190 1239.4
1420200 1239.4
1420210 1239.9
1420220 1240.5
1420230 1240.7
1420240 1240.7
1420250 1240.4
1420260 1240.4
1420270 1240.4
1420280 1241.4
1420290 1242.4
1420300 1242.4
1420310 1243.4
1420320 1244.7
1420330 1244.7
1420340 1246.2
1420350 1248.0
1420360 1248.0
1420370 1250.1
1420380 1252.1
1420390 1252.1
1420400 1254.2
1420410 1256.1
1420420 1258.4
1420430 1258.4
1420440 1259.9
1420450 1261.2
1420460 1261.2
1420470 1262.4
1420480 1263.2
1420490 1263.2
1420500 1264.1
1420510 1264.8
1420520 1264.8
1420530 1265.4
1420540 1266.3
1420550 1266.3
1420560 1266.9
1420570 1267.7
1420580 1268.3
1420590 1268.3
1420600 1269.1
1420610 1269.7
1420620 1269.7
1420630 1270.1
1420640 1270.3
1420650 1270.3
1420660 1269.8
1420670 1269.8
1420680 1269.8
1420690 1269.6
1420700 1270.0
1420710 1270.0
1420720 1270.1
1420730 1270.2
1420740 1270.2
1420750 1270.2
1420760 1269.8
1420770 1268.7
1420780 1268.7
1420790 1267.4
1420800 1264.7
1420810 1264.7
1420820 1261.5
1420830 1258.0
1420840 1258.0
1420850 1254.8
1420860 1252.0
1420870 1252.0
1420880 1250.2
1420890 1249.9
1420900 1249.9
1420910 1250.4
1420920 1251.1
1420930 1251.1
1420940 1251.5
1420950 1249.7
1420960 1247.0
1420970 1247.0
1420980 1246.5
1420990 1247.1
1421000 1247.1
1421010 1245.4
1421020 1244.1
1421030 1244.1
1421040 1246.1
1421050 1247.3
1421060 1247.3
1421070 1248.5
1421080 1248.8
1421090 1248.8
1421100 1248.5
1421110 1248.4
1421120 1248.4
1421130 1242.9
1421140 1242.7
1421150 1240.2
1421160 1240.2
1421170 1244.6
1421180 1247.1
1421190 1247.1
1421200 1249.3
1421210 1249.6
1421220 1249.6
1421230 1248.6
1421240 1247.4
1421250 1247.4
1421260 1247.8
1421270 1247.4
1421280 1247.4
1421290 1252.7
1421300 1261.9
1421310 1261.9
1421320 1268.3
1421330 1266.9
1421340 1266.8
1421350 1266.8
1421360 1270.8
1421370 1278.8
1421380 1278.8
1421390 1287.3
1421400 1295.5
1421410 1295.5
1421420 1304.2
1421430 1314.8
1421440 1314.8
1421450 1326.7
1421460 1336.8
1421470 1336.8
1421480 1345.3
1421490 1353.4
1421500 1362.0
1421510 1362.0
1421520 1370.3
1421530 1378.6
1421540 1378.6
1421550 1383.6
1421560 1387.1
1421570 1387.1
1421580 1390.3
1421590 1393.3
1421600 1393.3
1421610 1396.3
1421620 1398.7
1421630 1398.7
1421640 1400.6
1421650 1402.9
1421660 1402.9
1421670 1405.5
1421680 1407.9
1421690 1409.7
1421700 1409.7
1421710 1410.9
1421720 1412.0
1421730 1412.0
1421740 1412.9
1421750 1414.5
1421760 1414.5
1421770 1416.8
1421780 1418.4
1421790 1418.4
1421800 1420.1
1421810 1422.4
1421820 1422.4
1421830 1424.9
1421840 1424.7
1421850 1424.7
1421860 1426.2
1421870 1427.0
1421880 1427.9
1421890 1427.9
1421900 1427.8
1421910 1426.1
1421920 1426.1
1421930 1420.6
1421940 1413.5
1421950 1413.5
1421960 1407.9
1421970 1402.1
1421980 1402.1
1421990 1396.2
1422000 1391.8
1422010 1391.8
1422020 1388.0
1422030 1385.2
1422040 1385.2
1422050 1383.1
1422060 1381.3
1422070 1379.1
1422080 1379.1
1422090 1375.7
1422100 1370.2
1422110 1370.2
1422120 1363.9
1422130 1356.5
1422140 1356.5
1422150 1350.7
1422160 1348.2
1422170 1348.2
1422180 1346.6
1422190 1343.7
1422200 1343.7
1422210 1338.9
1422220 1333.9
1422230 1329.4
1422240 1329.4
1422250 1323.0
1422260 1317.6
1422270 1317.6
1422280 1313.5
1422290 1309.5
1422300 1309.5
1422310 1305.4
1422320 1300.1
1422330 1300.1
1422340 1295.4
1422350 1289.7
1422360 1289.7
1422370 1285.4
1422380 1278.7
1422390 1278.7
1422400 1271.5
1422410 1265.7
1422420 1262.0
1422430 1262.0
1422440 1258.4
1422450 1254.3
1422460 1254.3
1422470 1250.5
1422480 1244.9
1422490 1244.9
1422500 1241.1
1422510 1246.6
1422520 1246.6
1422530 1250.5
1422540 1255.7
1422550 1255.7
1422560 1260.4
1422570 1261.6
1422580 1261.6
1422590 1260.8
1422600 1260.1
1422610 1259.1
1422620 1259.1
1422630 1258.0
1422640 1257.0
1422650 1257.0
1422660 1256.5
1422670 1255.7
1422680 1255.7
1422690 1252.2
1422700 1248.6
1422710 1248.6
1422720 1248.9
1422730 1248.3
1422740 1248.3
1422750 1251.5
1422760 1257.1
1422770 1257.1
1422780 1260.2
1422790 1259.9
1422800 1256.4
1422810 1256.4
1422820 1258.0
1422830 1264.9
1422840 1264.9
1422850 1273.5
1422860 1280.1
1422870 1280.1
1422880 1283.7
1422890 1287.6
1422900 1287.6
1422910 1290.6
1422920 1293.8
1422930 1293.8
1422940 1297.9
1422950 1302.8
1422960 1302.8
1422970 1307.8
1422980 1314.0
1422990 1319.5
1423000 1319.5
1423010 1324.4
1423020 1328.4
1423030 1328.4
1423040 1331.5
1423050 1334.7
1423060 1334.7
1423070 1336.1
1423080 1337.8
1423090 1337.8
1423100 1343.0
1423110 1350.1
1423120 1350.1
1423130 1357.0
1423140 1362.6
1423150 1366.2
1423160 1366.2
1423170 1371.7
1423180 1376.8
1423190 1376.8
1423200 1381.3
1423210 1385.3
1423220 1385.3
1423230 1387.4
1423240 1388.6
1423250 1388.6
1423260 1389.8
1423270 1391.1
1423280 1391.1
1423290 1393.8
1423300 1398.1
1423310 1398.1
1423320 1403.4
1423330 1407.5
1423340 1410.3
1423350 1410.3
1423360 1413.7
1423370 1417.1
1423380 1417.1
1423390 1421.0
1423400 1425.8
1423410 1425.8
1423420 1431.2
1423430 1436.1
1423440 1436.1
1423450 1440.8
1423460 1446.0
1423470 1446.0
1423480 1452.8
1423490 1460.2
1423500 1460.2
1423510 1466.6
1423520 1473.6
1423530 1481.2
1423540 1481.2
1423550 1487.4
1423560 1494.2
1423570 1494.2
1423580 1500.8
1423590 1506.6
1423600 1506.6
1423610 1511.6
1423620 1516.4
1423630 1516.4
1423640 1523.5
1423650 1529.2
1423660 1529.2
1423670 1533.6
1423680 1535.7
1423690 1535.7
1423700 1536.5
1423710 1535.3
1423720 1535.2
1423730 1535.2
1423740 1536.5
1423750 1536.8
1423760 1536.8
1423770 1538.6
1423780 1540.4
1423790 1540.4
1423800 1542.3
1423810 1544.0
1423820 1544.0
1423830 1545.6
1423840 1547.0
1423850 1547.0
1423860 1548.2
1423870 1549.0
1423880 1549.3
1423890 1549.3
1423900 1549.3
1423910 1549.4
1423920 1549.4
1423930 1549.5
1423940 1549.4
1423950 1549.4
1423960 1549.2
1423970 1548.9
1423980 1548.9
1423990 1549.0
1424000 1548.6
1424010 1548.6
1424020 1548.0
1424030 1547.0
1424040 1547.0
1424050 1546.3
1424060 1545.1
1424070 1545.0
1424080 1545.0
1424090 1544.8
1424100 1544.7
1424110 1544.7
1424120 1544.9
1424130 1544.7
1424140 1544.7
1424150 1543.6
1424160 1542.2
1424170 1542.2
1424180 1541.5
1424190 1541.1
1424200 1541.1
1424210 1540.1
1424220 1538.2
1424230 1538.2
1424240 1535.9
1424250 1533.7
1424260 1531.0
1424270 1531.0
1424280 1528.8
1424290 1529.0
1424300 1529.0
1424310 1527.8
1424320 1524.3
1424330 1524.3
1424340 1520.4
1424350 1519.7
1424360 1519.7
1424370 1521.0
1424380 1520.1
1424390 1520.1
1424400 1520.7
1424410 1521.4
1424420 1521.4
1424430 1520.4
1424440 1519.5
1424450 1517.8
1424460 1517.8
1424470 1514.8
1424480 1512.9
1424490 1512.9
1424500 1512.9
1424510 1513.1
1424520 1513.1
1424530 1512.7
1424540 1512.0
1424550 1512.0
1424560 1511.7
1424570 1512.6
1424580 1512.6
1424590 1512.2
1424600 1512.0
1424610 1512.0
1424620 1513.5
1424630 1515.9
1424640 1519.0
1424650 1519.0
1424660 1521.7
1424670 1523.6
1424680 1523.6
1424690 1525.3
1424700 1527.3
1424710 1527.3
1424720 1530.8
1424730 1534.9
1424740 1534.9
1424750 1537.7
1424760 1538.3
1424770 1538.3
1424780 1540.6
1424790 1542.8
1424800 1542.2
1424810 1542.2
1424820 1538.0
1424830 1534.8
1424840 1534.8
1424850 1543.0
1424860 1546.5
1424870 1546.5
1424880 1548.8
1424890 1553.9
1424900 1553.9
1424910 1560.9
1424920 1567.9
1424930 1567.9
1424940 1573.3
1424950 1576.6
1424960 1576.6
1424970 1579.6
1424980 1580.9
1424990 1581.8
1425000 1581.8
1425010 1583.5
1425020 1585.5
1425030 1585.5
1425040 1586.4
1425050 1587.3
1425060 1587.3
1425070 1587.7
1425080 1587.7
1425090 1587.7
1425100 1587.4
1425110 1586.4
1425120 1586.4
1425130 1585.8
1425140 1586.8
1425150 1586.8
1425160 1587.8
1425170 1588.4
1425180 1589.3
1425190 1589.3
1425200 1590.6
1425210 1592.1
1425220 1592.1
1425230 1593.5
1425240 1594.5
1425250 1591.2
1425260 1592.4
1425270 1594.4
1425280 1594.4
1425290 1597.5
1425300 1599.9
1425310 1599.9
1425320 1600.6
1425330 1600.3
1425340 1600.3
1425350 1603.3
1425360 1609.6
1425370 1617.4
1425380 1617.4
1425390 1625.1
1425400 1628.8
1425410 1628.8
1425420 1628.9
1425430 1631.9
1425440 1631.9
1425450 1635.6
1425460 1638.2
1425470 1638.2
1425480 1641.0
1425490 1643.1
1425500 1643.1
1425510 1644.5
1425520 1646.0
1425530 1647.2
1425540 1647.2
1425550 1647.9
1425560 1648.4
1425570 1648.4
1425580 1648.4
1425590 1649.1
1425600 1649.1
1425610 1650.3
1425620 1651.5
1425630 1651.5
1425640 1652.6
1425650 1653.9
1425660 1653.9
1425670 1654.2
1425680 1653.7
1425690 1653.7
1425700 1652.8
1425710 1651.3
1425720 1649.7
1425730 1649.7
1425740 1648.9
1425750 1647.6
1425760 1647.6
1425770 1647.1
1425780 1647.1
1425790 1647.1
1425800 1647.4
1425810 1647.6
1425820 1647.6
1425830 1647.7
1425840 1648.3
1425850 1648.3
1425860 1649.2
1425870 1650.4
1425880 1650.4
1425890 1651.3
1425900 1652.0
1425910 1653.2
1425920 1653.2
1425930 1654.2
1425940 1654.8
1425950 1654.8
1425960 1654.9
1425970 1654.3
1425980 1654.3
1425990 1654.4
1426000 1654.0
1426010 1654.0
1426020 1652.5
1426030 1651.3
1426040 1651.3
1426050 1650.0
1426060 1647.7
1426070 1647.7
1426080 1644.9
1426090 1642.8
1426100 1640.5
1426110 1640.5
1426120 1637.4
1426130 1635.0
1426140 1635.0
1426150 1632.2
1426160 1629.8
1426170 1629.8
1426180 1627.4
1426190 1624.9
1426200 1624.9
1426210 1621.8
1426220 1618.3
1426230 1618.3
1426240 1614.9
1426250 1611.2
1426260 1611.2
1426270 1607.5
1426280 1604.8
1426290 1604.6
1426300 1604.6
1426310 1603.3
1426320 1600.6
1426330 1600.6
1426340 1595.6
1426350 1590.6
1426360 1590.6
1426370 1586.3
1426380 1582.5
1426390 1582.5
1426400 1577.6
1426410 1572.5
1426420 1572.5
1426430 1565.0
1426440 1558.7
1426450 1552.3
1426460 1552.3
1426470 1545.9
1426480 1538.9
1426490 1538.9
1426500 1531.9
1426510 1524.0
1426520 1524.0
1426530 1514.6
1426540 1503.8
1426550 1503.8
1426560 1492.4
1426570 1486.1
1426580 1486.1
1426590 1487.7
1426600 1488.3
1426610 1488.3
1426620 1482.8
1426630 1477.1
1426640 1469.0
1426650 1469.0
1426660 1458.3
1426670 1449.5
1426680 1449.5
1426690 1442.5
1426700 1440.3
1426710 1440.3
1426720 1440.3
1426730 1434.7
1426740 1434.7
1426750 1429.5
1426760 1424.8
1426770 1424.8
1426780 1418.6
1426790 1411.2
1426800 1411.2
1426810 1403.9
1426820 1395.5
1426830 1387.2
1426840 1387.2
1426850 1378.1
1426860 1370.1
1426870 1370.1
1426880 1366.1
1426890 1361.2
1426900 1361.2
1426910 1354.6
1426920 1349.8
1426930 1349.8
1426940 1345.8
1426950 1343.4
1426960 1343.4
1426970 1343.6
1426980 1343.9
1426990 1343.9
1427000 1342.1
1427010 1337.6
1427020 1332.2
1427030 1332.2
1427040 1326.2
1427050 1321.4
1427060 1321.4
1427070 1318.4
1427080 1313.9
1427090 1313.9
1427100 1307.2
1427110 1299.6
1427120 1299.6
1427130 1291.6
1427140 1286.3
1427150 1286.3
1427160 1284.4
1427170 1289.6
1427180 1295.1
1427190 1295.1
1427200 1294.4
1427210 1288.9
1427220 1288.9
1427230 1281.1
1427240 1273.7
1427250 1273.7
1427260 1268.4
1427270 1264.0
1427280 1264.0
1427290 1261.2
1427300 1263.8
1427310 1263.8
1427320 1267.8
1427330 1269.7
1427340 1269.7
1427350 1271.7
1427360 1273.6
1427370 1273.3
1427380 1273.3
1427390 1270.9
1427400 1268.4
1427410 1268.4
1427420 1260.3
1427430 1251.7
1427440 1251.7
1427450 1243.4
1427460 1236.9
1427470 1236.9
1427480 1237.0
1427490 1241.7
1427500 1241.7
1427510 1243.9
1427520 1240.1
1427530 1240.1
1427540 1235.6
1427550 1231.9
1427560 1227.6
1427570 1227.6
1427580 1223.3
1427590 1220.2
1427600 1220.2
1427610 1217.0
1427620 1213.8
1427630 1213.8
1427640 1210.2
1427650 1206.0
1427660 1206.0
1427670 1199.9
1427680 1193.0
1427690 1193.0
1427700 1186.9
1427710 1181.3
1427720 1181.3
1427730 1176.1
1427740 1170.9
1427750 1165.2
1427760 1165.2
1427770 1159.7
1427780 1154.8
1427790 1154.8
1427800 1149.9
1427810 1144.3
1427820 1144.3
1427830 1137.3
1427840 1129.6
1427850 1129.6
1427860 1122.4
1427870 1116.7
1427880 1116.7
1427890 1111.1
1427900 1105.7
1427910 1105.7
1427920 1101.5
1427930 1096.0
1427940 1090.1
1427950 1090.1
1427960 1084.4
1427970 1077.2
1427980 1077.2
1427990 1070.4
1428000 1064.4
1428010 1064.4
1428020 1057.2
1428030 1051.1
1428040 1051.1
1428050 1046.4
1428060 1049.6
1428070 1049.6
1428080 1053.3
1428090 1057.4
1428100 1063.5
1428110 1063.5
1428120 1071.2
1428130 1078.5
1428140 1078.5
1428150 1085.1
1428160 1091.7
1428170 1091.7
1428180 1097.9
1428190 1104.8
1428200 1104.8
1428210 1110.6
1428220 1117.9
1428230 1117.9
1428240 1125.4
1428250 1132.0
1428260 1132.0
1428270 1135.7
1428280 1139.8
1428290 1145.3
1428300 1145.3
1428310 1151.9
1428320 1158.8
1428330 1158.8
1428340 1165.2
1428350 1171.6
1428360 1171.6
1428370 1178.8
1428380 1189.8
1428390 1189.8
1428400 1199.9
1428410 1215.7
1428420 1215.7
1428430 1228.2
1428440 1236.1
1428450 1236.1
1428460 1243.4
1428470 1252.1
1428480 1263.4
1428490 1263.4
1428500 1271.4
1428510 1278.6
1428520 1278.6
1428530 1289.5
1428540 1299.8
1428550 1299.8
1428560 1309.0
1428570 1316.5
1428580 1316.5
1428590 1324.0
1428600 1332.7
1428610 1332.7
1428620 1340.8
1428630 1347.6
1428640 1347.6
1428650 1354.6
1428660 1360.6
1428670 1364.3
1428680 1364.3
1428690 1366.7
1428700 1370.0
1428710 1370.0
1428720 1373.6
1428730 1379.2
1428740 1379.2
1428750 1386.6
1428760 1394.3
1428770 1394.3
1428780 1401.8
1428790 1410.0
1428800 1410.0
1428810 1418.8
1428820 1429.1
1428830 1438.8
1428840 1438.8
1428850 1451.0
1428860 1463.5
1428870 1463.5
1428880 1474.1
1428890 1482.0
1428900 1482.0
1428910 1484.9
1428920 1486.5
1428930 1486.5
1428940 1491.0
1428950 1496.4
1428960 1496.4
1428970 1501.3
1428980 1505.0
1428990 1505.0
1429000 1509.3
1429010 1514.1
1429020 1520.4
1429030 1520.4
1429040 1528.4
1429050 1537.9
1429060 1537.9
1429070 1544.8
1429080 1550.4
1429090 1550.4
1429100 1552.3
1429110 1552.3
1429120 1552.3
1429130 1554.7
1429140 1560.2
1429150 1560.2
1429160 1566.7
1429170 1571.6
1429180 1571.6
1429190 1578.2
1429200 1583.7
1429210 1588.8
1429220 1588.8
1429230 1594.8
1429240 1600.7
1429250 1600.7
1429260 1606.2
1429270 1613.2
1429280 1613.2
1429290 1619.9
1429300 1626.9
1429310 1626.9
1429320 1632.8
1429330 1637.9
1429340 1637.9
1429350 1643.1
1429360 1645.6
1429370 1645.6
1429380 1646.6
1429390 1647.3
1429400 1648.8
1429410 1648.8
1429420 1651.0
1429430 1653.6
1429440 1653.6
1429450 1654.9
1429460 1655.5
1429470 1655.5
1429480 1654.8
1429490 1653.6
1429500 1653.6
1429510 1653.2
1429520 1653.6
1429530 1653.6
1429540 1652.5
1429550 1652.0
1429560 1652.0
1429570 1651.3
1429580 1650.8
1429590 1650.9
1429600 1650.9
1429610 1650.4
1429620 1648.6
1429630 1648.6
1429640 1646.5
1429650 1643.9
1429660 1643.9
1429670 1640.8
1429680 1634.9
1429690 1634.9
1429700 1631.2
1429710 1627.4
1429720 1627.4
1429730 1623.7
1429740 1620.0
1429750 1616.5
1429760 1616.5
1429770 1613.0
1429780 1609.5
1429790 1609.5
1429800 1605.1
1429810 1600.9
1429820 1600.9
1429830 1597.3
1429840 1594.1
1429850 1594.1
1429860 1590.8
1429870 1586.5
1429880 1586.5
1429890 1582.0
1429900 1577.4
1429910 1577.4
1429920 1573.0
1429930 1568.9
1429940 1565.1
1429950 1565.1
1429960 1561.0
1429970 1557.3
1429980 1557.3
1429990 1553.0
1430000 1547.9
1430010 1547.9
1430020 1542.1
1430030 1535.5
1430040 1535.5
1430050 1530.0
1430060 1524.3
1430070 1524.3
1430080 1520.1
1430090 1515.8
1430100 1515.8
1430110 1510.8
1430120 1505.4
1430130 1500.8
1430140 1500.8
1430150 1496.6
1430160 1491.7
1430170 1491.7
1430180 1486.2
1430190 1480.6
1430200 1480.6
1430210 1476.4
1430220 1471.6
1430230 1471.6
1430240 1466.7
1430250 1461.5
1430260 1461.5
1430270 1456.5
1430280 1451.6
1430290 1451.6
1430300 1446.6
1430310 1442.5
1430320 1439.0
1430330 1439.0
1430340 1435.4
1430350 1431.9
1430360 1431.9
1430370 1427.8
1430380 1422.8
1430390 1422.8
1430400 1416.8
1430410 1412.4
1430420 1412.4
1430430 1408.8
1430440 1404.6
1430450 1404.6
1430460 1399.9
1430470 1394.7
1430480 1394.7
1430490 1388.8
1430500 1385.3
1430510 1381.0
1430520 1381.0
1430530 1377.0
1430540 1373.8
1430550 1373.8
1430560 1370.1
1430570 1366.4
1430580 1366.4
1430590 1360.5
1430600 1353.2
1430610 1353.2
1430620 1348.1
1430630 1344.5
1430640 1344.5
1430650 1341.6
1430660 1337.7
1430670 1333.4
1430680 1333.4
1430690 1329.5
1430700 1325.3
1430710 1325.3
1430720 1320.7
1430730 1316.6
1430740 1316.6
1430750 1312.9
1430760 1308.8
1430770 1308.8
1430780 1306.1
1430790 1303.4
1430800 1303.4
1430810 1301.1
1430820 1298.6
1430830 1298.6
1430840 1296.4
1430850 1294.5
1430860 1293.1
1430870 1293.1
1430880 1291.5
1430890 1289.3
1430900 1289.3
1430910 1287.0
1430920 1285.4
1430930 1285.4
1430940 1283.3
1430950 1280.3
1430960 1280.3
1430970 1276.9
1430980 1273.8
1430990 1273.8
1431000 1271.4
1431010 1268.8
1431020 1268.8
1431030 1266.3
1431040 1263.5
1431050 1261.0
1431060 1261.0
1431070 1258.8
1431080 1256.1
1431090 1256.1
1431100 1253.9
1431110 1251.8
1431120 1251.8
1431130 1249.9
1431140 1247.6
1431150 1247.6
1431160 1245.2
1431170 1242.8
1431180 1242.8
1431190 1240.3
1431200 1238.3
1431210 1238.3
1431220 1235.7
1431230 1233.2
1431240 1231.2
1431250 1231.2
1431260 1229.5
1431270 1227.3
1431280 1227.3
1431290 1225.2
1431300 1223.4
1431310 1223.4
1431320 1221.4
1431330 1218.5
1431340 1218.5
1431350 1218.1
1431360 1216.6
1431370 1216.6
1431380 1214.9
1431390 1213.4
1431400 1211.9
1431410 1211.9
1431420 1210.3
1431430 1206.7
1431440 1206.7
1431450 1206.1
1431460 1205.9
1431470 1205.9
1431480 1205.4
1431490 1204.4
1431500 1204.4
1431510 1203.0
1431520 1201.9
1431530 1201.9
1431540 1200.6
1431550 1199.2
1431560 1199.2
1431570 1198.1
1431580 1197.0
1431590 1196.0
1431600 1196.0
1431610 1195.0
1431620 1194.5
1431630 1194.5
1431640 1194.1
1431650 1193.4
1431660 1193.4
1431670 1192.5
1431680 1191.5
1431690 1191.5
1431700 1190.7
1431710 1189.8
1431720 1189.8
1431730 1189.2
1431740 1188.8
1431750 1188.8
1431760 1188.6
1431770 1188.4
1431780 1188.1
1431790 1188.1
1431800 1187.9
1431810 1187.9
1431820 1187.9
1431830 1187.8
1431840 1187.9
1431850 1187.9
1431860 1188.1
1431870 1188.1
1431880 1188.1
1431890 1188.0
1431900 1187.8
1431910 1187.8
1431920 1187.2
1431930 1186.7
1431940 1186.7
1431950 1187.3
1431960 1187.9
1431970 1188.0
1431980 1188.0
1431990 1187.6
1432000 1187.1
1432010 1187.1
1432020 1186.4
1432030 1185.9
1432040 1186.6
1432050 1186.0
1432060 1184.4
1432070 1184.4
1432080 1182.6
1432090 1181.9
1432100 1181.9
1432110 1182.1
1432120 1182.3
1432130 1182.6
1432140 1182.6
1432150 1183.4
1432160 1184.7
1432170 1184.7
1432180 1185.6
1432190 1186.9
1432200 1186.9
1432210 1187.9
1432220 1188.5
1432230 1188.5
1432240 1189.7
1432250 1191.7
1432260 1191.7
1432270 1193.4
1432280 1194.9
1432290 1194.9
1432300 1198.3
1432310 1202.4
1432320 1206.0
1432330 1206.0
1432340 1209.4
1432350 1211.5
1432360 1211.5
1432370 1213.6
1432380 1215.9
1432390 1215.9
1432400 1218.1
1432410 1220.4
1432420 1220.4
1432430 1222.3
1432440 1224.5
1432450 1224.5
1432460 1226.3
1432470 1228.0
1432480 1228.0
1432490 1228.3
1432500 1228.1
1432510 1228.4
1432520 1228.4
1432530 1228.9
1432540 1228.3
1432550 1228.3
1432560 1227.6
1432570 1228.0
1432580 1228.0
1432590 1229.4
1432600 1230.3
1432610 1230.3
1432620 1231.2
1432630 1231.5
1432640 1231.5
1432650 1232.2
1432660 1234.1
1432670 1234.1
1432680 1235.0
1432690 1235.1
1432700 1234.8
1432710 1234.8
1432720 1235.0
1432730 1236.3
1432740 1236.3
1432750 1237.6
1432760 1238.7
1432770 1238.7
1432780 1239.7
1432790 1240.4
1432800 1240.4
1432810 1241.6
1432820 1242.8
1432830 1242.8
1432840 1243.8
1432850 1244.3
1432860 1244.3
1432870 1244.7
1432880 1245.0
1432890 1245.0
1432900 1245.0
1432910 1244.9
1432920 1244.5
1432930 1244.5
1432940 1244.3
1432950 1244.6
1432960 1244.6
1432970 1244.8
1432980 1245.0
1432990 1245.0
1433000 1245.0
1433010 1245.4
1433020 1245.4
1433030 1245.6
1433040 1244.8
1433050 1242.3
1433060 1242.3
1433070 1239.5
1433080 1240.0
1433090 1240.0
1433100 1242.4
1433110 1244.4
1433120 1244.4
1433130 1247.2
1433140 1250.6
1433150 1250.6
1433160 1252.2
1433170 1251.6
1433180 1251.6
1433190 1250.5
1433200 1249.4
1433210 1249.4
1433220 1249.0
1433230 1248.6
1433240 1247.8
1433250 1247.8
1433260 1246.9
1433270 1245.0
1433280 1245.0
1433290 1242.1
1433300 1239.7
1433310 1239.7
1433320 1237.1
1433330 1233.3
1433340 1233.3
1433350 1228.0
1433360 1223.9
1433370 1223.9
1433380 1220.9
1433390 1218.4
1433400 1218.4
1433410 1219.3
1433420 1219.1
1433430 1218.2
1433440 1218.2
1433450 1217.2
1433460 1215.8
1433470 1215.8
1433480 1213.4
1433490 1210.9
1433500 1210.9
1433510 1209.0
1433520 1206.4
1433530 1206.4
1433540 1203.9
1433550 1202.2
1433560 1202.2
1433570 1200.8
1433580 1199.4
1433590 1199.4
1433600 1198.4
1433610 1197.4
1433620 1196.8
1433630 1196.8
1433640 1196.0
1433650 1194.7
1433660 1194.7
1433670 1193.8
1433680 1192.9
1433690 1192.9
1433700 1191.5
1433710 1190.2
1433720 1190.2
1433730 1189.9
1433740 1188.5
1433750 1188.5
1433760 1186.6
1433770 1184.9
1433780 1183.0
1433790 1183.0
1433800 1182.4
1433810 1182.1
1433820 1182.1
1433830 1179.4
1433840 1177.3
1433850 1177.3
1433860 1179.5
1433870 1178.9
1433880 1178.9
1433890 1178.1
1433900 1177.6
1433910 1177.6
1433920 1177.9
1433930 1178.1
1433940 1178.1
1433950 1178.3
1433960 1177.6
1433970 1175.2
1433980 1175.2
1433990 1173.1
1434000 1171.3
1434010 1171.3
1434020 1170.0
1434030 1168.7
1434040 1168.7
1434050 1167.5
1434060 1165.6
1434070 1165.6
1434080 1163.9
1434090 1162.2
1434100 1162.2
1434110 1161.2
1434120 1160.1
1434130 1160.1
1434140 1157.5
1434150 1155.1
1434160 1155.5
1434170 1155.5
1434180 1155.5
1434190 1153.6
1434200 1153.6
1434210 1150.7
1434220 1147.8
1434230 1147.8
1434240 1146.4
1434250 1146.7
1434260 1146.7
1434270 1145.7
1434280 1143.0
1434290 1143.0
1434300 1140.9
1434310 1139.7
1434320 1139.7
1434330 1138.4
1434340 1138.0
1434350 1137.0
1434360 1137.0
1434370 1136.1
1434380 1135.1
1434390 1135.1
1434400 1133.0
1434410 1131.8
1434420 1131.8
1434430 1130.9
1434440 1130.6
1434450 1130.6
1434460 1130.3
1434470 1128.2
1434480 1128.2
1434490 1131.6
1434500 1130.3
1434510 1130.3
1434520 1128.2
1434530 1124.6
1434540 1121.1
1434550 1121.1
1434560 1118.5
1434570 1115.2
1434580 1115.2
1434590 1113.2
1434600 1111.9
1434610 1111.9
1434620 1110.9
1434630 1109.5
1434640 1109.5
1434650 1107.5
1434660 1104.9
1434670 1104.9
1434680 1103.1
1434690 1100.6
1434700 1098.7
1434710 1098.7
1434720 1095.6
1434730 1092.4
1434740 1092.4
1434750 1090.4
1434760 1089.0
1434770 1089.0
1434780 1088.0
1434790 1086.9
1434800 1086.9
1434810 1085.4
1434820 1083.0
1434830 1083.0
1434840 1080.6
1434850 1077.5
1434860 1077.5
1434870 1074.4
1434880 1073.7
1434890 1072.8
1434900 1072.8
1434910 1071.1
1434920 1069.5
1434930 1069.5
1434940 1065.8
1434950 1064.8
1434960 1064.8
1434970 1066.3
1434980 1065.9
1434990 1065.9
1435000 1065.1
1435010 1065.5
1435020 1065.5
1435030 1064.6
1435040 1063.5
1435050 1063.5
1435060 1061.9
1435070 1060.7
1435080 1058.6
1435090 1058.6
1435100 1058.5
1435110 1057.2
1435120 1057.2
1435130 1056.1
1435140 1056.5
1435150 1056.5
1435160 1056.8
1435170 1057.1
1435180 1057.1
1435190 1056.3
1435200 1053.7
1435210 1053.7
1435220 1051.2
1435230 1045.9
1435240 1045.9
1435250 1041.0
1435260 1037.2
1435270 1030.2
1435280 1030.2
1435290 1026.7
1435300 1030.8
1435310 1030.8
1435320 1034.9
1435330 1039.0
1435340 1039.0
1435350 1042.3
1435360 1040.6
1435370 1040.6
1435380 1037.5
1435390 1036.1
1435400 1036.1
1435410 1034.3
1435420 1032.9
1435430 1029.6
1435440 1029.6
1435450 1027.1
1435460 1025.3
1435470 1025.3
1435480 1021.5
1435490 1020.0
1435500 1020.0
1435510 1021.7
1435520 1021.2
1435530 1021.2
1435540 1020.4
1435550 1018.7
1435560 1018.7
1435570 1017.0
1435580 1017.6
1435590 1017.6
1435600 1017.9
1435610 1013.5
1435620 1009.2
1435630 1009.2
1435640 1007.0
1435650 1005.5
1435660 1005.5
1435670 1004.3
1435680 1001.9
1435690 1001.9
1435700 1000.5
1435710 997.6
1435720 997.6
1435730 992.9
1435740 987.1
1435750 987.1
1435760 983.5
1435770 981.0
1435780 981.0
1435790 979.3
1435800 977.6
1435810 976.8
1435820 976.8
1435830 975.5
1435840 974.2
1435850 974.2
1435860 973.5
1435870 969.0
1435880 969.0
1435890 965.4
1435900 968.5
1435910 968.5
1435920 966.9
1435930 965.5
1435940 965.5
1435950 966.3
1435960 966.6
1435970 966.6
1435980 966.5
1435990 966.4
1436000 965.8
1436010 965.8
1436020 965.5
1436030 966.0
1436040 966.0
1436050 965.8
1436060 965.7
1436070 965.7
1436080 965.8
1436090 963.9
1436100 963.9
1436110 962.3
1436120 960.3
1436130 960.3
1436140 959.8
1436150 959.3
1436160 959.3
1436170 958.2
1436180 956.5
1436190 955.0
1436200 955.0
1436210 954.7
1436220 955.2
1436230 955.2
1436240 955.2
1436250 954.4
1436260 954.4
1436270 952.7
1436280 950.2
1436290 950.2
1436300 947.5
1436310 944.8
1436320 944.8
1436330 942.2
1436340 939.3
1436350 934.3
1436360 934.3
1436370 929.2
1436380 928.0
1436390 928.0
1436400 930.6
1436410 930.0
1436420 930.0
1436430 927.2
1436440 924.5
1436450 924.5
1436460 921.5
1436470 918.7
1436480 918.7
1436490 916.5
1436500 914.2
1436510 914.2
1436520 910.9
1436530 908.3
1436540 908.8
1436550 908.8
1436560 909.3
1436570 907.4
1436580 907.4
1436590 901.0
1436600 894.2
1436610 894.2
1436620 887.9
1436630 882.4
1436640 882.4
1436650 877.1
1436660 871.6
1436670 871.6
1436680 866.5
1436690 862.4
1436700 862.4
1436710 859.6
1436720 855.1
1436730 850.3
1436740 850.3
1436750 848.1
1436760 847.5
1436770 847.5
1436780 847.3
1436790 847.2
1436800 847.2
1436810 847.0
1436820 846.7
1436830 846.7
1436840 846.3
1436850 846.3
1436860 846.3
1436870 846.9
1436880 847.0
1436890 847.0
1436900 847.2
1436910 848.8
1436920 848.9
1436930 848.9
1436940 847.8
1436950 847.1
1436960 847.1
1436970 846.7
1436980 846.7
1436990 846.7
1437000 846.7
1437010 846.8
1437020 846.8
1437030 846.8
1437040 846.7
1437050 846.7
1437060 846.7
1437070 846.7
1437080 846.7
1437090 846.7
1437100 846.7
1437110 846.4
1437120 846.4
1437130 846.3
1437140 846.3
1437150 846.3
1437160 846.2
1437170 846.2
1437180 846.2
1437190 846.2
1437200 846.4
1437210 846.4
1437220 846.4
1437230 846.4
1437240 846.4
1437250 846.2
1437260 846.2
1437270 846.1
1437280 846.1
1437290 846.1
1437300 846.0
1437310 846.0
1437320 846.0
1437330 845.9
1437340 845.9
1437350 845.8
1437360 845.9
1437370 845.9
1437380 846.0
1437390 845.9
1437400 845.9
1437410 845.9
1437420 845.8
1437430 845.8
1437440 845.9
1437450 845.6
1437460 845.6
1437470 845.6
1437480 845.9
1437490 845.8
1437500 845.8
1437510 845.7
1437520 845.8
1437530 845.8
1437540 845.6
1437550 845.5
1437560 845.5
1437570 845.5
1437580 845.3
1437590 845.3
1437600 845.2
1437610 845.0
1437620 845.0
1437630 845.0
1437640 845.0
1437650 845.0
1437660 845.0
1437670 844.9
1437680 845.0
1437690 845.0
1437700 844.6
1437710 844.9
1437720 844.9
1437730 845.2
1437740 844.6
1437750 844.6
1437760 844.4
1437770 844.3
1437780 844.3
1437790 844.5
1437800 844.8
1437810 844.8
1437820 845.2
1437830 845.4
1437840 845.0
1437850 845.0
1437860 843.8
1437870 842.9
1437880 842.9
1437890 842.8
1437900 843.0
1437910 843.0
1437920 843.5
1437930 844.1
1437940 844.1
1437950 844.5
1437960 844.5
1437970 844.5
1437980 844.4
1437990 844.4
1438000 844.5
1438010 844.5
1438020 844.4
1438030 844.1
1438040 844.1
1438050 843.7
1438060 843.8
1438070 843.8
1438080 844.0
1438090 843.9
1438100 843.9
1438110 843.8
1438120 843.8
1438130 843.8
1438140 843.8
1438150 843.8
1438160 843.8
1438170 843.8
1438180 843.8
1438190 843.8
1438200 843.8
1438210 843.5
1438220 843.4
1438230 843.4
1438240 843.1
1438250 843.0
1438260 843.0
1438270 842.8
1438280 842.7
1438290 842.7
1438300 842.7
1438310 842.1
1438320 842.1
1438330 841.9
1438340 841.8
1438350 841.8
1438360 841.6
1438370 841.5
1438380 841.5
1438390 841.5
1438400 841.5
1438410 842.1
1438420 842.1
1438430 842.5
1438440 842.7
1438450 842.7
1438460 843.1
1438470 843.5
1438480 843.5
1438490 843.7
1438500 843.9
1438510 843.9
1438520 843.9
1438530 843.5
1438540 843.5
1438550 842.3
1438560 841.7
1438570 841.8
1438580 841.8
1438590 841.8
1438600 841.7
1438610 841.7
1438620 841.7
1438630 841.6
1438640 841.6
1438650 841.6
1438660 841.5
1438670 841.5
1438680 841.4
1438690 841.3
1438700 841.3
1438710 841.1
1438720 841.1
1438730 841.1
1438740 841.1
1438750 841.0
1438760 841.0
1438770 841.0
1438780 841.0
1438790 840.9
1438800 840.9
1438810 840.6
1438820 840.8
1438830 840.8
1438840 841.2
1438850 840.9
1438860 840.9
1438870 840.1
1438880 839.4
1438890 839.4
1438900 839.1
1438910 839.0
1438920 839.2
1438930 839.2
1438940 840.0
1438950 840.9
1438960 840.9
1438970 842.6
1438980 843.3
1438990 843.3
1439000 841.5
1439010 841.1
1439020 841.1
1439030 841.0
1439040 840.9
1439050 840.9
1439060 840.8
1439070 840.8
1439080 840.8
1439090 840.9
1439100 841.0
1439110 841.0
1439120 841.0
1439130 841.0
1439140 840.8
1439150 840.8
1439160 840.8
1439170 840.7
1439180 840.7
1439190 840.5
1439200 840.4
1439210 840.4
1439220 840.3
1439230 840.2
1439240 840.2
1439250 840.4
1439260 839.6
1439270 839.6
1439280 837.9
1439290 837.7
1439300 837.7
1439310 837.7
1439320 837.6
1439330 837.6
1439340 837.6
1439350 837.6
1439360 837.5
1439370 837.5
1439380 837.5
1439390 837.5
1439400 837.5
1439410 837.5
1439420 837.5
1439430 837.5
1439440 837.7
1439450 838.0
1439460 838.0
1439470 838.4
1439480 838.7
1439490 838.9
1439500 838.9
1439510 838.8
1439520 838.8
1439530 838.8
1439540 838.8
1439550 838.7
1439560 838.7
1439570 838.6
1439580 838.6
1439590 838.6
1439600 838.6
1439610 838.4
1439620 838.4
1439630 837.8
1439640 836.8
1439650 836.6
1439660 836.6
1439670 837.3
1439680 838.7
1439690 838.7
1439700 838.7
1439710 838.2
1439720 838.2
1439730 837.5
1439740 837.5
1439750 837.5
1439760 837.5
1439770 837.4
1439780 837.4
1439790 837.5
1439800 837.5
1439810 837.5
1439820 837.5
1439830 837.4
1439840 837.3
1439850 837.3
1439860 837.2
1439870 837.1
1439880 837.1
1439890 837.3
1439900 837.1
1439910 837.1
1439920 836.7
1439930 836.8
1439940 836.8
1439950 836.8
1439960 836.8
1439970 836.8
1439980 836.8
1439990 836.5
