1420000 1173.3
1420010 1173.3
1420020 1174.9
1420030 1177.0
1420040 1177.0
1420050 1179.3
1420060 1180.5
1420070 1182.7
1420080 1182.7
1420090 1185.5
1420100 1187.8
1420110 1187.8
1420120 1184.2
1420130 1186.1
1420140 1186.1
1420150 1188.1
1420160 1190.4
1420170 1190.4
1420180 1192.6
1420190 1194.5
1420200 1194.5
1420210 1196.9
1420220 1199.4
1420230 1199.4
1420240 1200.0
1420250 1200.6
1420260 1200.9
1420270 1200.9
1420280 1200.8
1420290 1201.2
1420300 1201.2
1420310 1202.8
1420320 1203.4
1420330 1203.4
1420340 1203.0
1420350 1202.4
1420360 1202.4
1420370 1201.1
1420380 1199.2
1420390 1199.2
1420400 1200.9
1420410 1207.4
1420420 1207.4
1420430 1212.8
1420440 1214.1
1420450 1214.8
1420460 1214.8
1420470 1215.7
1420480 1216.8
1420490 1216.8
1420500 1217.6
1420510 1218.3
1420520 1218.3
1420530 1218.8
1420540 1219.3
1420550 1219.3
1420560 1219.6
1420570 1219.9
1420580 1219.9
1420590 1220.4
1420600 1221.3
1420610 1222.8
1420620 1222.8
1420630 1224.2
1420640 1224.8
1420650 1224.8
1420660 1224.9
1420670 1224.8
1420680 1224.8
1420690 1224.6
1420700 1224.1
1420710 1224.1
1420720 1223.4
1420730 1222.6
1420740 1222.6
1420750 1221.5
1420760 1219.4
1420770 1219.4
1420780 1217.3
1420790 1215.3
1420800 1212.8
1420810 1212.8
1420820 1210.2
1420830 1207.6
1420840 1207.6
1420850 1204.4
1420860 1202.4
1420870 1202.4
1420880 1200.3
1420890 1198.5
1420900 1198.5
1420910 1198.4
1420920 1200.9
1420930 1200.9
1420940 1202.7
1420950 1202.7
1420960 1202.7
1420970 1201.8
1420980 1200.5
1420990 1198.7
1421000 1198.7
1421010 1196.3
1421020 1194.5
1421030 1194.5
1421040 1192.7
1421050 1191.5
1421060 1191.5
1421070 1191.4
1421080 1190.1
1421090 1190.1
1421100 1190.1
1421110 1192.3
1421120 1192.3
1421130 1191.7
1421140 1189.3
1421150 1189.3
1421160 1194.7
1421170 1197.3
1421180 1193.8
1421190 1193.8
1421200 1191.6
1421210 1191.1
1421220 1191.1
1421230 1195.4
1421240 1204.5
1421250 1204.5
1421260 1215.1
1421270 1224.5
1421280 1224.5
1421290 1231.8
1421300 1241.7
1421310 1241.7
1421320 1249.7
1421330 1256.7
1421340 1256.7
1421350 1263.5
1421360 1270.4
1421370 1277.0
1421380 1277.0
1421390 1283.0
1421400 1288.9
1421410 1288.9
1421420 1295.0
1421430 1301.7
1421440 1301.7
1421450 1310.0
1421460 1316.9
1421470 1316.9
1421480 1323.6
1421490 1329.3
1421500 1329.3
1421510 1334.4
1421520 1337.9
1421530 1341.3
1421540 1341.3
1421550 1344.7
1421560 1348.9
1421570 1348.9
1421580 1352.2
1421590 1357.6
1421600 1357.6
1421610 1363.5
1421620 1368.6
1421630 1368.6
1421640 1373.0
1421650 1378.1
1421660 1378.1
1421670 1381.4
1421680 1383.3
1421690 1383.3
1421700 1385.1
1421710 1386.8
1421720 1388.2
1421730 1388.2
1421740 1389.9
1421750 1391.3
1421760 1391.3
1421770 1393.0
1421780 1394.3
1421790 1394.3
1421800 1395.9
1421810 1397.4
1421820 1397.4
1421830 1398.7
1421840 1399.6
1421850 1399.6
1421860 1400.4
1421870 1400.9
1421880 1400.9
1421890 1401.1
1421900 1401.0
1421910 1400.9
1421920 1400.9
1421930 1400.5
1421940 1399.5
1421950 1399.5
1421960 1398.3
1421970 1395.5
1421980 1395.5
1421990 1389.7
1422000 1383.1
1422010 1383.1
1422020 1377.4
1422030 1371.9
1422040 1371.9
1422050 1366.4
1422060 1361.1
1422070 1361.1
1422080 1358.6
1422090 1356.3
1422100 1352.7
1422110 1352.2
1422120 1349.3
1422130 1346.3
1422140 1346.3
1422150 1343.6
1422160 1340.4
1422170 1340.4
1422180 1337.1
1422190 1333.1
1422200 1333.1
1422210 1325.5
1422220 1317.3
1422230 1317.3
1422240 1311.1
1422250 1305.5
1422260 1299.5
1422270 1299.5
1422280 1295.5
1422290 1291.2
1422300 1291.2
1422310 1285.8
1422320 1278.1
1422330 1278.1
1422340 1269.6
1422350 1262.1
1422360 1262.1
1422370 1254.2
1422380 1247.0
1422390 1247.0
1422400 1240.4
1422410 1234.3
1422420 1234.3
1422430 1228.6
1422440 1223.3
1422450 1217.9
1422460 1217.9
1422470 1214.1
1422480 1209.8
1422490 1209.8
1422500 1203.9
1422510 1198.8
1422520 1198.8
1422530 1202.3
1422540 1206.6
1422550 1206.6
1422560 1208.7
1422570 1213.2
1422580 1213.2
1422590 1215.7
1422600 1217.2
1422610 1217.2
1422620 1222.8
1422630 1226.8
1422640 1225.7
1422650 1225.7
1422660 1225.8
1422670 1225.0
1422680 1225.0
1422690 1223.6
1422700 1224.1
1422710 1224.1
1422720 1226.0
1422730 1227.5
1422740 1227.5
1422750 1229.5
1422760 1229.9
1422770 1229.9
1422780 1231.0
1422790 1236.4
1422800 1236.4
1422810 1243.4
1422820 1249.5
1422830 1252.5
1422840 1252.5
1422850 1254.9
1422860 1256.7
1422870 1256.7
1422880 1258.5
1422890 1259.8
1422900 1259.8
1422910 1261.4
1422920 1265.2
1422930 1265.2
1422940 1272.3
1422950 1278.5
1422960 1278.5
1422970 1283.4
1422980 1285.0
1422990 1288.0
1423000 1288.0
1423010 1293.4
1423020 1298.3
1423030 1298.3
1423040 1301.9
1423050 1306.7
1423060 1306.7
1423070 1313.0
1423080 1319.0
1423090 1319.0
1423100 1322.7
1423110 1324.8
1423120 1324.8
1423130 1327.1
1423140 1329.6
1423150 1329.6
1423160 1332.4
1423170 1336.4
1423180 1341.1
1423190 1341.1
1423200 1344.7
1423210 1350.2
1423220 1350.2
1423230 1356.1
1423240 1360.8
1423250 1360.8
1423260 1365.1
1423270 1369.2
1423280 1369.2
1423290 1372.6
1423300 1374.3
1423310 1374.3
1423320 1375.8
1423330 1377.9
1423340 1377.9
1423350 1381.7
1423360 1385.5
1423370 1389.7
1423380 1389.7
1423390 1394.2
1423400 1401.1
1423410 1401.1
1423420 1408.3
1423430 1413.2
1423440 1413.2
1423450 1418.2
1423460 1426.0
1423470 1426.0
1423480 1433.5
1423490 1441.9
1423500 1441.9
1423510 1453.4
1423520 1461.3
1423530 1461.3
1423540 1469.4
1423550 1477.7
1423560 1485.5
1423570 1485.5
1423580 1487.6
1423590 1489.4
1423600 1489.4
1423610 1495.0
1423620 1501.6
1423630 1501.6
1423640 1505.7
1423650 1507.1
1423660 1507.1
1423670 1508.0
1423680 1509.4
1423690 1509.4
1423700 1509.6
1423710 1509.9
1423720 1509.9
1423730 1511.0
1423740 1512.3
1423750 1513.9
1423760 1513.9
1423770 1515.5
1423780 1517.0
1423790 1517.0
1423800 1518.6
1423810 1520.2
1423820 1520.2
1423830 1521.5
1423840 1522.9
1423850 1522.9
1423860 1524.2
1423870 1524.7
1423880 1524.7
1423890 1524.9
1423900 1525.4
1423910 1526.1
1423920 1526.1
1423930 1526.2
1423940 1526.1
1423950 1526.1
1423960 1525.9
1423970 1525.5
1423980 1525.5
1423990 1525.3
1424000 1525.0
1424010 1525.0
1424020 1524.8
1424030 1524.6
1424040 1524.6
1424050 1524.6
1424060 1524.7
1424070 1524.7
1424080 1525.1
1424090 1525.4
1424100 1525.8
1424110 1525.8
1424120 1526.0
1424130 1525.9
1424140 1525.9
1424150 1525.9
1424160 1525.3
1424170 1522.7
1424180 1521.2
1424190 1519.7
1424200 1519.7
1424210 1518.2
1424220 1516.8
1424230 1516.8
1424240 1515.7
1424250 1513.7
1424260 1513.7
1424270 1512.4
1424280 1511.7
1424290 1510.4
1424300 1510.4
1424310 1509.6
1424320 1508.9
1424330 1508.9
1424340 1508.7
1424350 1508.6
1424360 1508.6
1424370 1507.4
1424380 1506.8
1424390 1506.8
1424400 1506.4
1424410 1503.9
1424420 1503.9
1424430 1498.7
1424440 1497.6
1424450 1497.6
1424460 1499.1
1424470 1497.2
1424480 1494.1
1424490 1494.1
1424500 1490.7
1424510 1489.5
1424520 1489.5
1424530 1490.0
1424540 1488.5
1424550 1488.5
1424560 1485.6
1424570 1482.9
1424580 1482.9
1424590 1481.2
1424600 1480.0
1424610 1480.0
1424620 1477.7
1424630 1475.3
1424640 1474.5
1424650 1474.5
1424660 1475.3
1424670 1478.5
1424680 1478.5
1424690 1481.5
1424700 1483.8
1424710 1483.8
1424720 1485.2
1424730 1486.4
1424740 1486.4
1424750 1486.9
1424760 1487.2
1424770 1487.2
1424780 1489.0
1424790 1492.7
1424800 1492.7
1424810 1494.8
1424820 1497.1
1424830 1499.8
1424840 1499.8
1424850 1502.7
1424860 1504.7
1424870 1504.7
1424880 1506.7
1424890 1509.6
1424900 1509.6
1424910 1512.4
1424920 1514.7
1424930 1514.7
1424940 1517.5
1424950 1520.4
1424960 1520.4
1424970 1523.5
1424980 1526.6
1424990 1526.6
1425000 1530.1
1425010 1534.3
1425020 1540.4
1425030 1540.4
1425040 1546.3
1425050 1546.1
1425060 1546.1
1425070 1543.9
1425080 1542.6
1425090 1542.6
1425100 1545.0
1425110 1551.2
1425120 1551.2
1425130 1557.0
1425140 1560.6
1425150 1560.6
1425160 1562.2
1425170 1563.6
1425180 1563.6
1425190 1565.3
1425200 1566.2
1425210 1566.7
1425220 1566.7
1425230 1566.6
1425240 1565.6
1425250 1565.6
1425260 1565.6
1425270 1566.2
1425280 1566.2
1425290 1567.4
1425300 1569.4
1425310 1569.4
1425320 1570.9
1425330 1572.6
1425340 1572.6
1425350 1574.3
1425360 1575.7
1425370 1575.7
1425380 1577.5
1425390 1580.8
1425400 1585.1
1425410 1585.1
1425420 1589.2
1425430 1595.0
1425440 1595.0
1425450 1599.3
1425460 1602.8
1425470 1602.8
1425480 1605.6
1425490 1607.3
1425500 1607.3
1425510 1611.4
1425520 1613.0
1425530 1613.0
1425540 1615.8
1425550 1618.0
1425560 1619.9
1425570 1619.9
1425580 1619.6
1425590 1621.1
1425600 1621.1
1425610 1624.7
1425620 1629.5
1425630 1629.5
1425640 1633.8
1425650 1636.3
1425660 1636.3
1425670 1637.4
1425680 1637.6
1425690 1637.6
1425700 1637.4
1425710 1637.0
1425720 1637.0
1425730 1636.4
1425740 1634.6
1425750 1633.2
1425760 1633.2
1425770 1632.5
1425780 1631.4
1425790 1631.4
1425800 1630.9
1425810 1630.5
1425820 1630.5
1425830 1629.7
1425840 1628.7
1425850 1628.7
1425860 1628.2
1425870 1628.1
1425880 1628.1
1425890 1628.0
1425900 1627.5
1425910 1627.5
1425920 1626.1
1425930 1625.7
1425940 1627.1
1425950 1627.1
1425960 1628.4
1425970 1628.1
1425980 1628.1
1425990 1628.5
1426000 1629.7
1426010 1629.7
1426020 1630.8
1426030 1631.9
1426040 1631.9
1426050 1631.8
1426060 1631.2
1426070 1631.2
1426080 1630.5
1426090 1629.6
1426100 1629.6
1426110 1628.7
1426120 1627.5
1426130 1625.8
1426140 1625.8
1426150 1623.8
1426160 1621.5
1426170 1621.5
1426180 1619.3
1426190 1616.6
1426200 1616.6
1426210 1613.9
1426220 1610.7
1426230 1610.7
1426240 1607.0
1426250 1603.7
1426260 1603.7
1426270 1600.7
1426280 1597.7
1426290 1595.0
1426300 1594.4
1426310 1592.2
1426320 1588.0
1426330 1588.0
1426340 1583.8
1426350 1579.0
1426360 1579.0
1426370 1574.3
1426380 1570.8
1426390 1570.8
1426400 1563.7
1426410 1559.3
1426420 1559.3
1426430 1549.6
1426440 1537.0
1426450 1537.0
1426460 1523.1
1426470 1516.6
1426480 1516.3
1426490 1516.3
1426500 1516.9
1426510 1510.1
1426520 1510.1
1426530 1498.1
1426540 1490.8
1426550 1490.8
1426560 1487.1
1426570 1481.9
1426580 1481.9
1426590 1476.2
1426600 1466.1
1426610 1466.1
1426620 1455.8
1426630 1447.8
1426640 1447.8
1426650 1441.9
1426660 1436.4
1426670 1433.0
1426680 1433.0
1426690 1427.9
1426700 1420.9
1426710 1420.9
1426720 1414.7
1426730 1408.9
1426740 1408.9
1426750 1403.3
1426760 1395.8
1426770 1395.8
1426780 1389.2
1426790 1382.0
1426800 1382.0
1426810 1375.8
1426820 1371.9
1426830 1371.9
1426840 1368.2
1426850 1361.8
1426860 1355.4
1426870 1355.4
1426880 1349.5
1426890 1340.4
1426900 1340.4
1426910 1330.5
1426920 1322.5
1426930 1322.5
1426940 1314.2
1426950 1304.1
1426960 1304.1
1426970 1294.8
1426980 1285.5
1426990 1285.5
1427000 1277.4
1427010 1272.1
1427020 1272.1
1427030 1272.8
1427040 1272.5
1427050 1271.3
1427060 1271.3
1427070 1270.6
1427080 1266.4
1427090 1266.4
1427100 1261.7
1427110 1257.6
1427120 1257.6
1427130 1254.0
1427140 1252.8
1427150 1252.8
1427160 1249.8
1427170 1245.2
1427180 1245.2
1427190 1239.9
1427200 1235.2
1427210 1229.5
1427220 1229.5
1427230 1222.4
1427240 1219.2
1427250 1219.2
1427260 1219.4
1427270 1220.2
1427280 1220.2
1427290 1214.8
1427300 1206.9
1427310 1206.9
1427320 1205.7
1427330 1210.3
1427340 1210.3
1427350 1216.3
1427360 1217.2
1427370 1217.2
1427380 1217.4
1427390 1219.7
1427400 1217.3
1427410 1217.3
1427420 1212.4
1427430 1207.7
1427440 1207.7
1427450 1203.6
1427460 1201.4
1427470 1201.4
1427480 1196.9
1427490 1189.7
1427500 1189.7
1427510 1183.5
1427520 1181.8
1427530 1181.8
1427540 1183.2
1427550 1182.6
1427560 1182.6
1427570 1182.3
1427580 1183.1
1427590 1182.7
1427600 1182.7
1427610 1182.3
1427620 1182.0
1427630 1182.0
1427640 1180.9
1427650 1178.6
1427660 1178.6
1427670 1175.3
1427680 1171.4
1427690 1171.4
1427700 1167.0
1427710 1162.3
1427720 1162.3
1427730 1156.8
1427740 1150.7
1427750 1150.7
1427760 1144.9
1427770 1140.1
1427780 1135.3
1427790 1135.3
1427800 1130.3
1427810 1125.3
1427820 1125.3
1427830 1119.8
1427840 1114.6
1427850 1114.6
1427860 1109.5
1427870 1104.6
1427880 1104.6
1427890 1097.3
1427900 1088.1
1427910 1088.1
1427920 1079.2
1427930 1072.4
1427940 1066.7
1427950 1066.7
1427960 1062.6
1427970 1056.6
1427980 1056.6
1427990 1049.8
1428000 1042.4
1428010 1042.4
1428020 1038.1
1428030 1042.3
1428040 1042.3
1428050 1051.0
1428060 1058.7
1428070 1058.7
1428080 1064.0
1428090 1068.9
1428100 1068.9
1428110 1074.7
1428120 1080.3
1428130 1086.9
1428140 1086.9
1428150 1092.3
1428160 1098.5
1428170 1098.5
1428180 1104.3
1428190 1110.4
1428200 1110.4
1428210 1116.6
1428220 1122.0
1428230 1122.0
1428240 1129.2
1428250 1137.1
1428260 1137.1
1428270 1145.1
1428280 1152.4
1428290 1152.4
1428300 1159.3
1428310 1165.6
1428320 1171.4
1428330 1171.4
1428340 1176.4
1428350 1181.1
1428360 1181.1
1428370 1187.3
1428380 1194.3
1428390 1194.3
1428400 1201.2
1428410 1207.9
1428420 1207.9
1428430 1214.5
1428440 1222.4
1428450 1222.4
1428460 1229.7
1428470 1236.0
1428480 1236.0
1428490 1242.1
1428500 1249.8
1428510 1258.1
1428520 1258.9
1428530 1267.0
1428540 1274.0
1428550 1274.0
1428560 1280.3
1428570 1286.7
1428580 1286.7
1428590 1292.9
1428600 1299.2
1428610 1299.2
1428620 1306.5
1428630 1312.5
1428640 1312.5
1428650 1317.3
1428660 1322.3
1428670 1322.3
1428680 1331.1
1428690 1343.8
1428700 1352.7
1428710 1352.7
1428720 1360.9
1428730 1371.6
1428740 1371.6
1428750 1382.6
1428760 1392.8
1428770 1392.8
1428780 1403.0
1428790 1412.6
1428800 1412.6
1428810 1423.4
1428820 1432.6
1428830 1432.6
1428840 1442.9
1428850 1452.4
1428860 1462.0
1428870 1462.0
1428880 1471.9
1428890 1480.8
1428900 1480.8
1428910 1486.2
1428920 1490.3
1428930 1490.3
1428940 1493.7
1428950 1496.3
1428960 1496.3
1428970 1500.7
1428980 1507.3
1428990 1507.3
1429000 1511.4
1429010 1514.4
1429020 1514.4
1429030 1520.0
1429040 1523.5
1429050 1528.4
1429060 1528.4
1429070 1533.0
1429080 1535.4
1429090 1535.4
1429100 1540.1
1429110 1545.8
1429120 1545.8
1429130 1550.9
1429140 1554.5
1429150 1554.5
1429160 1558.3
1429170 1563.1
1429180 1563.1
1429190 1570.6
1429200 1576.8
1429210 1576.8
1429220 1581.3
1429230 1584.7
1429240 1589.3
1429250 1589.3
1429260 1593.2
1429270 1599.9
1429280 1599.9
1429290 1605.4
1429300 1608.6
1429310 1608.6
1429320 1613.2
1429330 1618.8
1429340 1618.8
1429350 1621.4
1429360 1622.6
1429370 1622.6
1429380 1624.1
1429390 1624.6
1429400 1624.6
1429410 1625.9
1429420 1628.5
1429430 1629.9
1429440 1629.9
1429450 1630.7
1429460 1630.5
1429470 1630.5
1429480 1630.7
1429490 1630.5
1429500 1630.5
1429510 1629.8
1429520 1628.5
1429530 1628.5
1429540 1626.5
1429550 1624.9
1429560 1624.9
1429570 1623.5
1429580 1621.4
1429590 1619.2
1429600 1619.2
1429610 1617.2
1429620 1615.2
1429630 1615.2
1429640 1612.9
1429650 1610.2
1429660 1610.2
1429670 1608.0
1429680 1605.6
1429690 1605.6
1429700 1602.8
1429710 1599.8
1429720 1599.8
1429730 1596.9
1429740 1593.6
1429750 1593.6
1429760 1590.4
1429770 1587.2
1429780 1583.7
1429790 1583.7
1429800 1579.8
1429810 1576.6
1429820 1576.6
1429830 1573.4
1429840 1569.7
1429850 1569.7
1429860 1566.0
1429870 1562.2
1429880 1562.2
1429890 1558.5
1429900 1555.1
1429910 1555.1
1429920 1551.6
1429930 1548.4
1429940 1548.4
1429950 1545.2
1429960 1541.9
1429970 1537.9
1429980 1537.9
1429990 1533.7
1430000 1529.9
1430010 1529.9
1430020 1525.9
1430030 1521.3
1430040 1521.3
1430050 1515.8
1430060 1510.0
1430070 1510.0
1430080 1505.0
1430090 1500.2
1430100 1500.2
1430110 1495.3
1430120 1490.4
1430130 1490.4
1430140 1485.4
1430150 1480.1
1430160 1473.6
1430170 1473.6
1430180 1469.1
1430190 1463.4
1430200 1463.4
1430210 1458.3
1430220 1453.1
1430230 1453.1
1430240 1448.3
1430250 1444.1
1430260 1444.1
1430270 1440.3
1430280 1436.3
1430290 1436.3
1430300 1432.4
1430310 1428.1
1430320 1428.1
1430330 1423.0
1430340 1417.7
1430350 1412.7
1430360 1412.7
1430370 1408.3
1430380 1404.2
1430390 1404.2
1430400 1400.3
1430410 1396.3
1430420 1396.3
1430430 1391.2
1430440 1386.0
1430450 1386.0
1430460 1381.5
1430470 1376.0
1430480 1376.0
1430490 1371.0
1430500 1367.1
1430510 1362.9
1430520 1362.9
1430530 1359.7
1430540 1355.4
1430550 1355.4
1430560 1350.9
1430570 1345.9
1430580 1345.9
1430590 1340.3
1430600 1335.3
1430610 1335.3
1430620 1331.9
1430630 1328.0
1430640 1328.0
1430650 1323.7
1430660 1319.0
1430670 1319.0
1430680 1314.0
1430690 1309.9
1430700 1306.6
1430710 1306.6
1430720 1302.8
1430730 1299.0
1430740 1299.0
1430750 1295.8
1430760 1293.4
1430770 1293.4
1430780 1291.7
1430790 1289.8
1430800 1289.8
1430810 1287.9
1430820 1285.7
1430830 1285.7
1430840 1284.3
1430850 1282.5
1430860 1282.5
1430870 1279.9
1430880 1276.2
1430890 1273.0
1430900 1273.0
1430910 1269.9
1430920 1267.9
1430930 1267.9
1430940 1266.8
1430950 1264.8
1430960 1264.8
1430970 1262.6
1430980 1260.8
1430990 1260.8
1431000 1258.8
1431010 1256.6
1431020 1256.6
1431030 1254.3
1431040 1252.6
1431050 1252.6
1431060 1250.9
1431070 1249.2
1431080 1247.9
1431090 1247.9
1431100 1246.6
1431110 1244.5
1431120 1244.5
1431130 1242.4
1431140 1240.3
1431150 1240.3
1431160 1239.5
1431170 1236.8
1431180 1236.8
1431190 1234.5
1431200 1233.2
1431210 1233.2
1431220 1232.4
1431230 1229.3
1431240 1227.7
1431250 1227.7
1431260 1226.1
1431270 1224.1
1431280 1224.1
1431290 1222.3
1431300 1221.0
1431310 1221.0
1431320 1219.8
1431330 1218.4
1431340 1218.4
1431350 1216.6
1431360 1214.8
1431370 1214.8
1431380 1213.5
1431390 1212.2
1431400 1212.2
1431410 1210.7
1431420 1208.4
1431430 1207.6
1431440 1207.6
1431450 1206.5
1431460 1205.5
1431470 1205.5
1431480 1204.8
1431490 1204.1
1431500 1204.1
1431510 1203.1
1431520 1201.5
1431530 1201.5
1431540 1200.5
1431550 1199.7
1431560 1199.7
1431570 1198.9
1431580 1198.2
1431590 1198.2
1431600 1197.4
1431610 1196.5
1431620 1195.4
1431630 1195.4
1431640 1194.4
1431650 1193.5
1431660 1193.5
1431670 1192.8
1431680 1192.3
1431690 1192.3
1431700 1191.9
1431710 1191.6
1431720 1191.6
1431730 1191.3
1431740 1191.2
1431750 1191.2
1431760 1191.3
1431770 1191.8
1431780 1191.8
1431790 1192.3
1431800 1192.5
1431810 1192.2
1431820 1192.2
1431830 1191.6
1431840 1191.4
1431850 1191.4
1431860 1191.6
1431870 1192.3
1431880 1192.3
1431890 1192.9
1431900 1193.8
1431910 1193.8
1431920 1194.3
1431930 1194.5
1431940 1194.5
1431950 1194.8
1431960 1195.0
1431970 1195.0
1431980 1194.1
1431990 1192.3
1432000 1190.6
1432010 1190.6
1432020 1188.6
1432030 1187.5
1432040 1187.5
1432050 1188.4
1432060 1191.0
1432070 1191.0
1432080 1192.7
1432090 1194.2
1432100 1194.2
1432110 1194.7
1432120 1192.8
1432130 1192.8
1432140 1191.6
1432150 1192.5
1432160 1194.7
1432170 1194.7
1432180 1198.5
1432190 1202.7
1432200 1202.7
1432210 1207.9
1432220 1212.3
1432230 1212.3
1432240 1215.6
1432250 1218.0
1432260 1218.0
1432270 1220.7
1432280 1222.7
1432290 1222.7
1432300 1225.0
1432310 1226.9
1432320 1226.9
1432330 1229.2
1432340 1231.8
1432350 1234.3
1432360 1234.3
1432370 1236.5
1432380 1238.6
1432390 1238.6
1432400 1240.5
1432410 1242.1
1432420 1242.1
1432430 1243.7
1432440 1245.4
1432450 1245.4
1432460 1246.7
1432470 1247.8
1432480 1247.8
1432490 1249.2
1432500 1250.2
1432510 1250.2
1432520 1250.5
1432530 1251.5
1432540 1252.8
1432550 1252.8
1432560 1254.1
1432570 1255.7
1432580 1255.7
1432590 1257.0
1432600 1257.8
1432610 1257.8
1432620 1258.8
1432630 1260.2
1432640 1260.2
1432650 1262.2
1432660 1264.2
1432670 1264.2
1432680 1265.5
1432690 1265.8
1432700 1265.8
1432710 1265.6
1432720 1266.3
1432730 1267.6
1432740 1267.6
1432750 1268.7
1432760 1269.2
1432770 1269.2
1432780 1269.6
1432790 1270.6
1432800 1270.6
1432810 1272.0
1432820 1273.1
1432830 1273.1
1432840 1273.7
1432850 1273.9
1432860 1273.9
1432870 1273.9
1432880 1273.8
1432890 1273.4
1432900 1273.4
1432910 1271.7
1432920 1270.2
1432930 1270.2
1432940 1270.1
1432950 1271.2
1432960 1271.2
1432970 1273.2
1432980 1275.1
1432990 1275.1
1433000 1275.4
1433010 1275.0
1433020 1275.0
1433030 1273.5
1433040 1271.1
1433050 1271.1
1433060 1268.1
1433070 1264.2
1433080 1261.4
1433090 1261.4
1433100 1260.1
1433110 1258.5
1433120 1258.5
1433130 1258.5
1433140 1259.1
1433150 1259.1
1433160 1259.5
1433170 1259.8
1433180 1259.8
1433190 1259.9
1433200 1259.9
1433210 1259.9
1433220 1259.7
1433230 1260.2
1433240 1260.2
1433250 1259.5
1433260 1258.7
1433270 1259.1
1433280 1259.1
1433290 1261.2
1433300 1262.5
1433310 1262.5
1433320 1262.4
1433330 1261.9
1433340 1261.9
1433350 1261.8
1433360 1263.1
1433370 1263.1
1433380 1265.2
1433390 1266.5
1433400 1266.5
1433410 1267.0
1433420 1266.3
1433430 1266.3
1433440 1265.9
1433450 1264.9
1433460 1263.3
1433470 1263.3
1433480 1261.7
1433490 1260.1
1433500 1260.1
1433510 1257.6
1433520 1255.8
1433530 1255.8
1433540 1253.2
1433550 1251.0
1433560 1251.0
1433570 1248.6
1433580 1246.5
1433590 1246.5
1433600 1244.6
1433610 1242.3
1433620 1240.1
1433630 1240.1
1433640 1238.7
1433650 1236.8
1433660 1236.8
1433670 1235.2
1433680 1233.4
1433690 1233.4
1433700 1231.8
1433710 1230.3
1433720 1230.3
1433730 1229.0
1433740 1228.0
1433750 1228.0
1433760 1227.0
1433770 1225.9
1433780 1225.9
1433790 1225.0
1433800 1223.5
1433810 1221.8
1433820 1221.8
1433830 1218.2
1433840 1212.5
1433850 1212.5
1433860 1215.6
1433870 1217.8
1433880 1217.8
1433890 1218.3
1433900 1218.1
1433910 1218.1
1433920 1217.6
1433930 1217.3
1433940 1217.3
1433950 1216.1
1433960 1214.3
1433970 1214.3
1433980 1212.4
1433990 1211.5
1434000 1211.2
1434010 1211.2
1434020 1210.5
1434030 1208.9
1434040 1208.9
1434050 1207.5
1434060 1205.5
1434070 1205.5
1434080 1203.3
1434090 1200.7
1434100 1200.7
1434110 1197.2
1434120 1194.5
1434130 1194.5
1434140 1192.2
1434150 1189.8
1434160 1189.8
1434170 1187.5
1434180 1186.9
1434190 1187.1
1434200 1187.1
1434210 1188.4
1434220 1188.8
1434230 1188.8
1434240 1188.6
1434250 1186.7
1434260 1186.7
1434270 1184.3
1434280 1181.9
1434290 1181.9
1434300 1179.5
1434310 1177.2
1434320 1177.2
1434330 1176.5
1434340 1176.7
1434350 1176.7
1434360 1175.5
1434370 1173.6
1434380 1172.0
1434390 1172.0
1434400 1172.1
1434410 1169.7
1434420 1169.7
1434430 1167.0
1434440 1166.7
1434450 1166.7
1434460 1166.2
1434470 1164.6
1434480 1164.6
1434490 1161.9
1434500 1159.1
1434510 1159.1
1434520 1157.6
1434530 1157.0
1434540 1156.0
1434550 1156.0
1434560 1154.5
1434570 1153.5
1434580 1153.5
1434590 1152.1
1434600 1149.9
1434610 1149.9
1434620 1148.8
1434630 1149.4
1434640 1149.4
1434650 1149.4
1434660 1149.0
1434670 1149.0
1434680 1148.1
1434690 1146.2
1434700 1146.2
1434710 1143.7
1434720 1140.5
1434730 1136.6
1434740 1136.6
1434750 1133.5
1434760 1132.2
1434770 1132.2
1434780 1130.9
1434790 1129.9
1434800 1129.9
1434810 1128.1
1434820 1126.0
1434830 1126.0
1434840 1123.5
1434850 1121.2
1434860 1121.2
1434870 1118.0
1434880 1114.7
1434890 1114.7
1434900 1110.0
1434910 1106.5
1434920 1105.2
1434930 1105.2
1434940 1105.8
1434950 1111.5
1434960 1111.5
1434970 1113.1
1434980 1113.1
1434990 1113.1
1435000 1112.0
1435010 1111.0
1435020 1111.0
1435030 1109.7
1435040 1108.1
1435050 1108.1
1435060 1106.2
1435070 1103.3
1435080 1103.3
1435090 1103.2
1435100 1105.1
1435110 1103.7
1435120 1103.7
1435130 1101.9
1435140 1100.0
1435150 1100.0
1435160 1098.6
1435170 1096.5
1435180 1096.5
1435190 1094.3
1435200 1091.5
1435210 1091.5
1435220 1085.4
1435230 1076.9
1435240 1076.9
1435250 1067.6
1435260 1060.2
1435270 1065.0
1435280 1065.0
1435290 1070.9
1435300 1074.1
1435310 1074.1
1435320 1077.8
1435330 1082.1
1435340 1082.1
1435350 1084.9
1435360 1084.2
1435370 1084.2
1435380 1082.6
1435390 1078.6
1435400 1078.6
1435410 1071.9
1435420 1065.8
1435430 1065.8
1435440 1059.3
1435450 1061.7
1435460 1064.2
1435470 1064.2
1435480 1063.3
1435490 1061.9
1435500 1061.9
1435510 1060.9
1435520 1060.1
1435530 1060.1
1435540 1057.6
1435550 1054.6
1435560 1054.6
1435570 1052.2
1435580 1048.9
1435590 1048.9
1435600 1045.3
1435610 1042.3
1435620 1042.3
1435630 1039.3
1435640 1036.2
1435650 1035.0
1435660 1035.0
1435670 1033.1
1435680 1032.5
1435690 1032.5
1435700 1031.3
1435710 1029.4
1435720 1029.4
1435730 1029.3
1435740 1031.7
1435750 1031.7
1435760 1029.3
1435770 1025.9
1435780 1025.9
1435790 1021.2
1435800 1014.1
1435810 1014.1
1435820 1007.5
1435830 1000.3
1435840 997.0
1435850 997.0
1435860 1002.5
1435870 1007.8
1435880 1007.8
1435890 1011.4
1435900 1011.4
1435910 1011.4
1435920 1010.9
1435930 1011.5
1435940 1011.5
1435950 1011.6
1435960 1011.3
1435970 1011.3
1435980 1010.8
1435990 1009.6
1436000 1009.6
1436010 1008.5
1436020 1007.6
1436030 1008.0
1436040 1008.0
1436050 1007.9
1436060 1006.2
1436070 1006.2
1436080 1004.3
1436090 1002.4
1436100 1002.4
1436110 1002.0
1436120 1002.0
1436130 1002.0
1436140 1000.1
1436150 997.4
1436160 997.4
1436170 994.6
1436180 991.9
1436190 989.1
1436200 989.1
1436210 986.4
1436220 983.6
1436230 983.6
1436240 981.1
1436250 979.2
1436260 979.2
1436270 977.3
1436280 974.9
1436290 974.9
1436300 972.8
1436310 968.6
1436320 968.6
1436330 965.5
1436340 967.0
1436350 967.0
1436360 966.5
1436370 963.9
1436380 961.1
1436390 961.1
1436400 958.5
1436410 955.9
1436420 955.9
1436430 953.1
1436440 950.2
1436450 950.2
1436460 947.2
1436470 944.0
1436480 944.0
1436490 941.3
1436500 937.8
1436510 937.8
1436520 934.4
1436530 930.9
1436540 930.9
1436550 928.3
1436560 925.8
1436570 923.2
1436580 923.2
1436590 919.9
1436600 916.6
1436610 916.6
1436620 912.9
1436630 910.0
1436640 910.0
1436650 907.7
1436660 903.4
1436670 903.4
1436680 896.9
1436690 891.2
1436700 891.2
1436710 886.3
1436720 880.5
1436730 880.5
1436740 876.0
1436750 871.1
1436760 867.1
1436770 867.1
1436780 864.4
1436790 861.9
1436800 861.9
1436810 858.7
1436820 859.0
1436830 859.0
1436840 857.5
1436850 854.8
1436860 854.8
1436870 851.0
1436880 848.1
1436890 848.1
1436900 847.2
1436910 847.3
1436920 847.6
1436930 847.6
1436940 847.7
1436950 847.4
1436960 847.4
1436970 846.9
1436980 846.4
1436990 846.4
1437000 846.0
1437010 846.0
1437020 846.0
1437030 846.0
1437040 846.3
1437050 846.3
1437060 847.7
1437070 847.3
1437080 847.3
1437090 846.6
1437100 846.5
1437110 846.2
1437120 846.2
1437130 846.0
1437140 845.7
1437150 845.7
1437160 845.9
1437170 846.0
1437180 846.0
1437190 846.1
1437200 846.3
1437210 846.3
1437220 846.2
1437230 846.0
1437240 846.0
1437250 846.1
1437260 846.1
1437270 846.1
1437280 846.3
1437290 846.3
1437300 846.0
1437310 846.0
1437320 845.8
1437330 845.6
1437340 845.6
1437350 845.3
1437360 845.3
1437370 845.3
1437380 845.2
1437390 845.2
1437400 845.2
1437410 845.3
1437420 845.5
1437430 845.5
1437440 845.6
1437450 845.4
1437460 845.4
1437470 845.3
1437480 845.7
1437490 845.9
1437500 845.9
1437510 845.7
1437520 845.4
1437530 845.4
1437540 845.1
1437550 845.2
1437560 845.2
1437570 846.0
1437580 846.6
1437590 846.6
1437600 846.7
1437610 847.1
1437620 847.1
1437630 847.0
1437640 846.6
1437650 846.6
1437660 846.3
1437670 846.1
1437680 846.1
1437690 846.1
1437700 846.1
1437710 846.6
1437720 846.6
1437730 848.5
1437740 849.0
1437750 849.0
1437760 849.4
1437770 849.6
1437780 849.6
1437790 849.7
1437800 850.0
1437810 850.0
1437820 850.4
1437830 850.5
1437840 850.5
1437850 850.5
1437860 850.6
1437870 850.5
1437880 850.5
1437890 850.4
1437900 850.0
1437910 850.0
1437920 849.9
1437930 849.3
1437940 849.3
1437950 848.8
1437960 848.6
1437970 848.6
1437980 848.3
1437990 848.0
1438000 848.0
1438010 848.1
1438020 848.3
1438030 848.2
1438040 848.2
1438050 848.0
1438060 847.9
1438070 847.9
1438080 847.7
1438090 847.5
1438100 847.5
1438110 847.3
1438120 847.1
1438130 847.1
1438140 847.0
1438150 846.8
1438160 846.8
1438170 846.6
1438180 846.4
1438190 846.4
1438200 846.3
1438210 846.0
1438220 845.5
1438230 845.5
1438240 845.5
1438250 845.4
1438260 845.4
1438270 845.5
1438280 845.4
1438290 845.4
1438300 845.2
1438310 845.0
1438320 845.0
1438330 845.0
1438340 845.2
1438350 845.2
1438360 845.0
1438370 844.7
1438380 844.7
1438390 844.1
1438400 844.7
1438410 843.9
1438420 843.9
1438430 843.3
1438440 843.2
1438450 843.2
1438460 843.1
1438470 842.9
1438480 842.9
1438490 842.7
1438500 842.3
1438510 842.3
1438520 842.1
1438530 842.1
1438540 842.1
1438550 842.0
1438560 841.9
1438570 841.9
1438580 841.9
1438590 841.9
1438600 841.9
1438610 841.9
1438620 842.5
1438630 842.9
1438640 842.9
1438650 842.7
1438660 842.7
1438670 842.7
1438680 843.0
1438690 842.9
1438700 842.9
1438710 842.9
1438720 842.8
1438730 842.8
1438740 842.8
1438750 842.8
1438760 843.0
1438770 843.0
1438780 843.3
1438790 843.4
1438800 843.4
1438810 843.7
1438820 844.1
1438830 844.1
1438840 844.3
1438850 844.5
1438860 844.5
1438870 844.4
1438880 844.4
1438890 844.4
1438900 843.8
1438910 843.2
1438920 843.2
1438930 843.3
1438940 843.7
1438950 844.1
1438960 844.1
1438970 844.3
1438980 844.4
1438990 844.4
1439000 844.5
1439010 844.4
1439020 844.4
1439030 844.4
1439040 844.4
1439050 844.4
1439060 844.6
1439070 844.8
1439080 844.8
1439090 844.8
1439100 844.7
1439110 844.7
1439120 844.7
1439130 844.6
1439140 844.3
1439150 844.3
1439160 843.9
1439170 843.8
1439180 843.8
1439190 843.2
1439200 842.3
1439210 842.3
1439220 844.2
1439230 843.6
1439240 843.6
1439250 842.5
1439260 842.3
1439270 842.3
1439280 842.2
1439290 842.2
1439300 842.2
1439310 842.0
1439320 841.9
1439330 841.8
1439340 841.8
1439350 841.9
1439360 841.8
1439370 841.8
1439380 841.7
1439390 841.6
1439400 841.6
1439410 841.5
1439420 841.4
1439430 841.4
1439440 841.3
1439450 841.4
1439460 841.4
1439470 841.3
1439480 841.0
1439490 840.7
1439500 840.7
1439510 840.4
1439520 840.1
1439530 840.1
1439540 840.0
1439550 840.0
1439560 840.0
1439570 840.2
1439580 840.3
1439590 840.3
1439600 840.5
1439610 840.5
1439620 840.5
1439630 840.4
1439640 839.5
1439650 839.5
1439660 839.1
1439670 839.2
1439680 839.0
1439690 839.0
1439700 838.5
1439710 838.2
1439720 838.2
1439730 838.1
1439740 838.0
1439750 838.0
1439760 837.9
1439770 838.3
1439780 838.3
1439790 838.7
1439800 838.7
1439810 838.7
1439820 838.3
1439830 838.0
1439840 838.0
1439850 837.8
1439860 837.3
1439870 837.1
1439880 837.1
1439890 837.0
1439900 836.8
1439910 836.8
1439920 836.7
1439930 836.6
1439940 836.6
1439950 836.5
1439960 836.5
1439970 836.5
1439980 836.4
1439990 836.4
