1420000 1179.6
1420010 1184.2
1420020 1192.6
1420030 1192.6
1420040 1201.0
1420050 1210.9
1420060 1210.9
1420070 1222.1
1420080 1230.4
1420090 1230.4
1420100 1238.5
1420110 1247.8
1420120 1257.6
1420130 1257.6
1420140 1267.1
1420150 1275.9
1420160 1275.9
1420170 1284.5
1420180 1292.5
1420190 1292.5
1420200 1300.3
1420210 1308.5
1420220 1308.5
1420230 1316.5
1420240 1325.2
1420250 1325.2
1420260 1334.3
1420270 1343.7
1420280 1354.1
1420290 1354.1
1420300 1361.2
1420310 1362.8
1420320 1362.8
1420330 1364.3
1420340 1367.5
1420350 1367.5
1420360 1371.8
1420370 1377.1
1420380 1377.1
1420390 1382.0
1420400 1385.6
1420410 1385.6
1420420 1388.7
1420430 1391.9
1420440 1391.9
1420450 1394.8
1420460 1398.2
1420470 1401.9
1420480 1401.9
1420490 1404.9
1420500 1407.6
1420510 1407.6
1420520 1412.7
1420530 1419.4
1420540 1419.4
1420550 1427.0
1420560 1435.7
1420570 1435.7
1420580 1442.7
1420590 1450.6
1420600 1450.6
1420610 1455.0
1420620 1458.4
1420630 1458.4
1420640 1462.2
1420650 1466.9
1420660 1472.1
1420670 1472.1
1420680 1478.0
1420690 1484.4
1420700 1484.4
1420710 1490.3
1420720 1496.5
1420730 1496.5
1420740 1504.2
1420750 1511.4
1420760 1511.4
1420770 1519.6
1420780 1528.1
1420790 1528.1
1420800 1535.8
1420810 1542.4
1420820 1542.4
1420830 1548.7
1420840 1555.3
1420850 1561.5
1420860 1561.5
1420870 1569.5
1420880 1578.5
1420890 1578.5
1420900 1587.5
1420910 1595.1
1420920 1595.1
1420930 1598.8
1420940 1601.4
1420950 1601.4
1420960 1604.5
1420970 1607.6
1420980 1607.6
1420990 1611.4
1421000 1615.4
1421010 1615.4
1421020 1618.9
1421030 1622.8
1421040 1627.0
1421050 1627.0
1421060 1631.0
1421070 1632.5
1421080 1632.5
1421090 1635.9
1421100 1639.8
1421110 1639.8
1421120 1644.0
1421130 1647.8
1421140 1647.8
1421150 1650.3
1421160 1651.1
1421170 1651.1
1421180 1652.9
1421190 1655.2
1421200 1657.3
1421210 1657.3
1421220 1658.9
1421230 1659.8
1421240 1659.8
1421250 1660.4
1421260 1660.9
1421270 1660.9
1421280 1662.3
1421290 1664.4
1421300 1664.4
1421310 1667.0
1421320 1669.0
1421330 1669.0
1421340 1671.1
1421350 1673.5
1421360 1673.5
1421370 1676.0
1421380 1678.6
1421390 1679.2
1421400 1679.2
1421410 1677.8
1421420 1677.2
1421430 1677.2
1421440 1678.9
1421450 1681.7
1421460 1681.7
1421470 1684.9
1421480 1687.6
1421490 1687.6
1421500 1690.0
1421510 1691.7
1421520 1691.7
1421530 1693.1
1421540 1695.5
1421550 1695.5
1421560 1696.7
1421570 1697.2
1421580 1698.9
1421590 1698.9
1421600 1700.1
1421610 1700.6
1421620 1700.6
1421630 1701.2
1421640 1701.8
1421650 1701.8
1421660 1702.7
1421670 1702.3
1421680 1702.3
1421690 1701.2
1421700 1700.1
1421710 1700.1
1421720 1698.2
1421730 1697.1
1421740 1697.1
1421750 1696.4
1421760 1696.2
1421770 1694.5
1421780 1694.5
1421790 1692.7
1421800 1689.6
1421810 1689.6
1421820 1686.3
1421830 1684.4
1421840 1684.4
1421850 1683.1
1421860 1682.3
1421870 1682.3
1421880 1680.6
1421890 1678.7
1421900 1678.7
1421910 1677.3
1421920 1675.1
1421930 1675.1
1421940 1671.9
1421950 1667.6
1421960 1663.5
1421970 1663.5
1421980 1659.8
1421990 1656.9
1422000 1656.9
1422010 1653.5
1422020 1649.7
1422030 1649.7
1422040 1648.0
1422050 1647.5
1422060 1647.5
1422070 1646.8
1422080 1646.1
1422090 1646.1
1422100 1645.9
1422110 1646.0
1422120 1646.0
1422130 1646.0
1422140 1645.6
1422150 1644.3
1422160 1644.3
1422170 1642.9
1422180 1643.0
1422190 1643.0
1422200 1643.4
1422210 1644.1
1422220 1644.1
1422230 1643.6
1422240 1642.0
1422250 1642.0
1422260 1641.1
1422270 1639.8
1422280 1639.8
1422290 1638.8
1422300 1637.8
1422310 1636.5
1422320 1636.5
1422330 1634.5
1422340 1632.9
1422350 1632.9
1422360 1631.2
1422370 1629.7
1422380 1629.7
1422390 1627.7
1422400 1626.2
1422410 1626.2
1422420 1626.7
1422430 1627.6
1422440 1627.6
1422450 1627.1
1422460 1624.3
1422470 1624.3
1422480 1621.2
1422490 1616.8
1422500 1613.6
1422510 1613.6
1422520 1615.0
1422530 1618.0
1422540 1618.0
1422550 1621.0
1422560 1626.4
1422570 1626.4
1422580 1631.1
1422590 1629.8
1422600 1629.8
1422610 1631.1
1422620 1632.6
1422630 1632.6
1422640 1632.9
1422650 1629.5
1422660 1629.5
1422670 1627.2
1422680 1624.5
1422690 1619.5
1422700 1619.5
1422710 1613.3
1422720 1615.8
1422730 1615.8
1422740 1625.3
1422750 1632.9
1422760 1632.9
1422770 1638.2
1422780 1642.8
1422790 1642.8
1422800 1646.7
1422810 1652.3
1422820 1652.3
1422830 1659.0
1422840 1663.3
1422850 1663.3
1422860 1668.2
1422870 1672.8
1422880 1676.4
1422890 1676.4
1422900 1680.4
1422910 1682.5
1422920 1682.5
1422930 1684.4
1422940 1685.5
1422950 1685.5
1422960 1685.0
1422970 1683.8
1422980 1683.8
1422990 1683.3
1423000 1683.0
1423010 1683.0
1423020 1683.6
1423030 1684.8
1423040 1684.8
1423050 1686.1
1423060 1691.4
1423070 1693.1
1423080 1693.1
1423090 1691.1
1423100 1689.4
1423110 1689.4
1423120 1688.0
1423130 1686.8
1423140 1686.8
1423150 1686.3
1423160 1685.5
1423170 1685.5
1423180 1685.6
1423190 1687.5
1423200 1687.5
1423210 1688.9
1423220 1690.5
1423230 1694.5
1423240 1694.5
1423250 1696.8
1423260 1698.0
1423270 1698.0
1423280 1700.8
1423290 1705.3
1423300 1705.3
1423310 1709.8
1423320 1714.0
1423330 1714.0
1423340 1718.6
1423350 1723.0
1423360 1723.0
1423370 1726.7
1423380 1730.0
1423390 1730.0
1423400 1732.7
1423410 1735.2
1423420 1738.1
1423430 1738.1
1423440 1741.8
1423450 1746.1
1423460 1746.1
1423470 1747.8
1423480 1751.0
1423490 1751.0
1423500 1754.9
1423510 1756.8
1423520 1756.8
1423530 1758.1
1423540 1759.2
1423550 1759.2
1423560 1760.1
1423570 1762.5
1423580 1762.5
1423590 1765.6
1423600 1767.8
1423610 1771.2
1423620 1771.2
1423630 1775.4
1423640 1777.3
1423650 1777.3
1423660 1778.8
1423670 1781.7
1423680 1781.7
1423690 1783.5
1423700 1785.9
1423710 1785.9
1423720 1788.8
1423730 1791.8
1423740 1791.8
1423750 1794.4
1423760 1796.1
1423770 1796.1
1423780 1798.7
1423790 1800.6
1423800 1800.6
1423810 1800.6
1423820 1799.6
1423830 1797.8
1423840 1797.8
1423850 1798.0
1423860 1799.4
1423870 1799.4
1423880 1801.3
1423890 1803.6
1423900 1803.6
1423910 1804.5
1423920 1803.7
1423930 1803.7
1423940 1804.8
1423950 1806.8
1423960 1806.8
1423970 1807.2
1423980 1805.6
1423990 1805.4
1424000 1805.4
1424010 1803.2
1424020 1800.2
1424030 1800.2
1424040 1798.1
1424050 1797.0
1424060 1797.0
1424070 1796.0
1424080 1795.2
1424090 1795.2
1424100 1794.6
1424110 1794.3
1424120 1794.3
1424130 1794.1
1424140 1793.7
1424150 1793.7
1424160 1793.7
1424170 1793.6
1424180 1793.3
1424190 1793.3
1424200 1793.2
1424210 1793.0
1424220 1793.0
1424230 1792.8
1424240 1792.3
1424250 1792.3
1424260 1791.7
1424270 1790.7
1424280 1790.7
1424290 1789.3
1424300 1787.9
1424310 1787.9
1424320 1786.4
1424330 1785.1
1424340 1784.7
1424350 1784.7
1424360 1784.7
1424370 1784.2
1424380 1784.2
1424390 1784.0
1424400 1783.9
1424410 1783.9
1424420 1783.8
1424430 1784.2
1424440 1784.2
1424450 1784.9
1424460 1785.6
1424470 1785.6
1424480 1786.3
1424490 1787.2
1424500 1787.2
1424510 1787.5
1424520 1787.6
1424530 1787.7
1424540 1787.7
1424550 1787.7
1424560 1787.9
1424570 1787.9
1424580 1787.8
1424590 1787.3
1424600 1787.3
1424610 1787.9
1424620 1788.2
1424630 1788.2
1424640 1787.7
1424650 1787.8
1424660 1787.8
1424670 1786.5
1424680 1786.9
1424690 1786.9
1424700 1786.9
1424710 1786.8
1424720 1786.5
1424730 1786.5
1424740 1786.3
1424750 1785.0
1424760 1785.0
1424770 1782.5
1424780 1780.8
1424790 1780.8
1424800 1781.1
1424810 1780.2
1424820 1780.2
1424830 1779.3
1424840 1777.9
1424850 1777.9
1424860 1775.9
1424870 1776.6
1424880 1776.6
1424890 1780.3
1424900 1783.8
1424910 1788.5
1424920 1788.5
1424930 1794.1
1424940 1798.9
1424950 1798.9
1424960 1803.8
1424970 1809.3
1424980 1809.3
1424990 1813.9
1425000 1816.7
1425010 1816.7
1425020 1818.9
1425030 1820.6
1425040 1820.6
1425050 1821.0
1425060 1820.3
1425070 1819.1
1425080 1819.1
1425090 1817.4
1425100 1816.0
1425110 1816.0
1425120 1815.0
1425130 1813.0
1425140 1813.0
1425150 1811.2
1425160 1813.5
1425170 1813.5
1425180 1815.0
1425190 1817.0
1425200 1817.0
1425210 1817.6
1425220 1817.5
1425230 1817.5
1425240 1817.6
1425250 1817.0
1425260 1816.0
1425270 1816.0
1425280 1814.9
1425290 1813.8
1425300 1813.8
1425310 1812.5
1425320 1810.8
1425330 1810.8
1425340 1809.6
1425350 1808.1
1425360 1808.1
1425370 1805.2
1425380 1804.4
1425390 1804.4
1425400 1805.1
1425410 1805.0
1425420 1805.0
1425430 1805.2
1425440 1804.8
1425450 1804.7
1425460 1804.7
1425470 1805.1
1425480 1805.7
1425490 1805.7
1425500 1806.2
1425510 1806.0
1425520 1806.0
1425530 1805.6
1425540 1804.7
1425550 1804.7
1425560 1803.8
1425570 1803.3
1425580 1803.3
1425590 1802.7
1425600 1801.8
1425610 1801.8
1425620 1799.8
1425630 1795.1
1425640 1788.9
1425650 1788.9
1425660 1784.9
1425670 1784.5
1425680 1784.5
1425690 1785.8
1425700 1787.3
1425710 1787.3
1425720 1788.5
1425730 1788.8
1425740 1788.8
1425750 1788.6
1425760 1787.9
1425770 1787.9
1425780 1786.2
1425790 1783.7
1425800 1783.7
1425810 1781.7
1425820 1780.0
1425830 1777.5
1425840 1777.5
1425850 1772.1
1425860 1765.2
1425870 1765.2
1425880 1759.2
1425890 1753.6
1425900 1753.6
1425910 1748.2
1425920 1742.9
1425930 1742.9
1425940 1737.7
1425950 1734.8
1425960 1734.8
1425970 1733.4
1425980 1731.9
1425990 1731.1
1426000 1731.1
1426010 1730.0
1426020 1726.4
1426030 1726.4
1426040 1721.7
1426050 1717.4
1426060 1717.4
1426070 1712.4
1426080 1707.6
1426090 1707.6
1426100 1702.2
1426110 1696.3
1426120 1696.3
1426130 1691.2
1426140 1685.5
1426150 1685.5
1426160 1679.4
1426170 1674.0
1426180 1670.1
1426190 1670.1
1426200 1665.1
1426210 1659.6
1426220 1659.6
1426230 1653.7
1426240 1647.4
1426250 1647.4
1426260 1642.1
1426270 1639.1
1426280 1639.1
1426290 1637.0
1426300 1635.1
1426310 1635.1
1426320 1633.2
1426330 1631.1
1426340 1631.1
1426350 1629.2
1426360 1626.6
1426370 1623.7
1426380 1623.7
1426390 1620.3
1426400 1616.6
1426410 1616.6
1426420 1613.5
1426430 1611.3
1426440 1611.3
1426450 1609.2
1426460 1607.2
1426470 1607.2
1426480 1604.6
1426490 1601.7
1426500 1601.7
1426510 1598.7
1426520 1596.2
1426530 1596.2
1426540 1593.8
1426550 1591.6
1426560 1588.2
1426570 1588.2
1426580 1585.8
1426590 1583.6
1426600 1583.6
1426610 1581.7
1426620 1579.8
1426630 1579.8
1426640 1578.1
1426650 1576.6
1426660 1576.6
1426670 1575.1
1426680 1573.3
1426690 1573.3
1426700 1570.7
1426710 1568.5
1426720 1568.5
1426730 1566.2
1426740 1563.6
1426750 1560.4
1426760 1560.4
1426770 1557.2
1426780 1554.5
1426790 1554.5
1426800 1552.2
1426810 1550.6
1426820 1549.9
1426830 1548.0
1426840 1546.4
1426850 1546.4
1426860 1545.4
1426870 1544.4
1426880 1544.4
1426890 1542.4
1426900 1538.7
1426910 1534.6
1426920 1534.6
1426930 1530.7
1426940 1526.8
1426950 1526.8
1426960 1523.4
1426970 1520.2
1426980 1520.2
1426990 1516.5
1427000 1513.7
1427010 1513.7
1427020 1510.4
1427030 1506.3
1427040 1506.3
1427050 1502.9
1427060 1499.2
1427070 1499.2
1427080 1495.1
1427090 1491.1
1427100 1487.1
1427110 1487.1
1427120 1483.5
1427130 1480.2
1427140 1480.2
1427150 1477.4
1427160 1474.6
1427170 1474.6
1427180 1471.9
1427190 1468.4
1427200 1468.4
1427210 1465.3
1427220 1462.7
1427230 1462.7
1427240 1459.8
1427250 1455.7
1427260 1455.7
1427270 1450.8
1427280 1445.8
1427290 1440.9
1427300 1440.9
1427310 1436.0
1427320 1431.5
1427330 1431.5
1427340 1427.0
1427350 1423.0
1427360 1423.0
1427370 1418.2
1427380 1413.2
1427390 1413.2
1427400 1409.2
1427410 1404.3
1427420 1404.3
1427430 1399.1
1427440 1393.8
1427450 1393.8
1427460 1389.2
1427470 1385.8
1427480 1382.6
1427490 1382.6
1427500 1379.4
1427510 1376.1
1427520 1376.1
1427530 1372.4
1427540 1368.2
1427550 1368.2
1427560 1364.2
1427570 1360.9
1427580 1360.9
1427590 1357.5
1427600 1353.5
1427610 1353.5
1427620 1349.2
1427630 1344.9
1427640 1344.9
1427650 1340.3
1427660 1334.9
1427670 1327.9
1427680 1327.9
1427690 1321.5
1427700 1315.8
1427710 1315.8
1427720 1311.0
1427730 1306.6
1427740 1306.6
1427750 1302.9
1427760 1298.2
1427770 1298.2
1427780 1294.6
1427790 1290.9
1427800 1290.9
1427810 1286.2
1427820 1280.6
1427830 1280.6
1427840 1273.4
1427850 1267.7
1427860 1260.9
1427870 1260.9
1427880 1254.9
1427890 1249.1
1427900 1249.1
1427910 1241.2
1427920 1233.5
1427930 1233.5
1427940 1225.8
1427950 1219.8
1427960 1219.8
1427970 1214.7
1427980 1208.3
1427990 1208.3
1428000 1199.6
1428010 1192.8
1428020 1185.7
1428030 1185.7
1428040 1178.3
1428050 1171.6
1428060 1171.6
1428070 1164.3
1428080 1157.8
1428090 1157.8
1428100 1152.1
1428110 1146.6
1428120 1146.6
1428130 1138.3
1428140 1132.8
1428150 1132.8
1428160 1135.7
1428170 1139.7
1428180 1139.7
1428190 1146.2
1428200 1152.9
1428210 1158.6
1428220 1158.6
1428230 1165.2
1428240 1172.3
1428250 1172.3
1428260 1179.1
1428270 1186.6
1428280 1186.6
1428290 1194.1
1428300 1201.3
1428310 1201.3
1428320 1209.1
1428330 1216.4
1428340 1216.4
1428350 1223.5
1428360 1229.8
1428370 1229.8
1428380 1236.3
1428390 1243.3
1428400 1250.3
1428410 1250.3
1428420 1257.0
1428430 1264.0
1428440 1264.0
1428450 1271.2
1428460 1278.5
1428470 1278.5
1428480 1285.6
1428490 1294.0
1428500 1294.0
1428510 1307.0
1428520 1318.3
1428530 1318.3
1428540 1326.9
1428550 1333.7
1428560 1333.7
1428570 1340.7
1428580 1348.1
1428590 1355.6
1428600 1355.6
1428610 1363.7
1428620 1372.2
1428630 1372.2
1428640 1380.5
1428650 1389.2
1428660 1389.2
1428670 1399.3
1428680 1413.7
1428690 1413.7
1428700 1432.8
1428710 1455.1
1428720 1455.1
1428730 1474.8
1428740 1486.3
1428750 1486.3
1428760 1494.5
1428770 1506.6
1428780 1517.1
1428790 1517.1
1428800 1527.9
1428810 1535.8
1428820 1535.8
1428830 1543.5
1428840 1551.5
1428850 1551.5
1428860 1559.4
1428870 1567.7
1428880 1567.7
1428890 1575.4
1428900 1582.6
1428910 1582.6
1428920 1588.2
1428930 1594.6
1428940 1601.3
1428950 1601.3
1428960 1612.4
1428970 1623.7
1428980 1623.7
1428990 1630.8
1429000 1636.0
1429010 1636.0
1429020 1639.5
1429030 1643.7
1429040 1643.7
1429050 1649.0
1429060 1655.1
1429070 1655.1
1429080 1662.9
1429090 1669.2
1429100 1669.2
1429110 1675.9
1429120 1684.8
1429130 1693.6
1429140 1693.6
1429150 1699.5
1429160 1703.9
1429170 1703.9
1429180 1707.0
1429190 1709.8
1429200 1709.8
1429210 1713.1
1429220 1717.5
1429230 1717.5
1429240 1722.8
1429250 1728.9
1429260 1728.9
1429270 1734.4
1429280 1739.9
1429290 1739.9
1429300 1744.6
1429310 1748.8
1429320 1753.7
1429330 1753.7
1429340 1758.5
1429350 1761.9
1429360 1761.9
1429370 1765.4
1429380 1769.1
1429390 1769.1
1429400 1772.3
1429410 1775.2
1429420 1775.2
1429430 1778.5
1429440 1781.6
1429450 1781.6
1429460 1783.4
1429470 1784.9
1429480 1784.9
1429490 1785.5
1429500 1783.7
1429510 1783.2
1429520 1783.2
1429530 1783.7
1429540 1783.8
1429550 1783.8
1429560 1783.5
1429570 1783.1
1429580 1783.1
1429590 1782.7
1429600 1781.8
1429610 1781.8
1429620 1780.1
1429630 1777.8
1429640 1777.8
1429650 1775.3
1429660 1772.1
1429670 1772.1
1429680 1769.0
1429690 1765.9
1429700 1762.7
1429710 1762.7
1429720 1758.8
1429730 1754.6
1429740 1754.6
1429750 1751.3
1429760 1748.7
1429770 1748.7
1429780 1746.6
1429790 1744.8
1429800 1744.8
1429810 1742.7
1429820 1739.9
1429830 1739.9
1429840 1736.7
1429850 1732.8
1429860 1729.2
1429870 1729.2
1429880 1726.1
1429890 1722.9
1429900 1722.9
1429910 1719.5
1429920 1715.5
1429930 1715.5
1429940 1711.4
1429950 1707.9
1429960 1707.9
1429970 1704.6
1429980 1701.5
1429990 1701.5
1430000 1697.9
1430010 1695.2
1430020 1695.2
1430030 1693.1
1430040 1690.8
1430050 1688.4
1430060 1688.4
1430070 1685.5
1430080 1681.8
1430090 1681.8
1430100 1677.3
1430110 1672.8
1430120 1672.8
1430130 1668.5
1430140 1664.5
1430150 1664.5
1430160 1660.3
1430170 1656.0
1430180 1656.0
1430190 1651.9
1430200 1647.7
1430210 1647.7
1430220 1643.6
1430230 1639.4
1430240 1634.6
1430250 1634.6
1430260 1629.7
1430270 1625.7
1430280 1625.7
1430290 1621.6
1430300 1617.7
1430310 1617.7
1430320 1614.1
1430330 1611.0
1430340 1611.0
1430350 1608.0
1430360 1605.1
1430370 1605.1
1430380 1601.9
1430390 1598.9
1430400 1598.9
1430410 1595.9
1430420 1592.6
1430430 1589.1
1430440 1589.1
1430450 1585.7
1430460 1582.3
1430470 1582.3
1430480 1578.6
1430490 1576.2
1430500 1576.2
1430510 1572.4
1430520 1568.1
1430530 1568.1
1430540 1563.9
1430550 1559.2
1430560 1559.2
1430570 1555.8
1430580 1552.5
1430590 1552.5
1430600 1549.3
1430610 1545.8
1430620 1542.1
1430630 1542.1
1430640 1538.3
1430650 1534.4
1430660 1534.4
1430670 1530.4
1430680 1526.2
1430690 1526.2
1430700 1522.0
1430710 1518.3
1430720 1518.3
1430730 1514.5
1430740 1510.5
1430750 1510.5
1430760 1506.3
1430770 1502.1
1430780 1498.2
1430790 1498.2
1430800 1494.0
1430810 1489.9
1430820 1489.9
1430830 1485.7
1430840 1481.6
1430850 1481.6
1430860 1478.0
1430870 1474.6
1430880 1474.6
1430890 1470.4
1430900 1465.0
1430910 1465.0
1430920 1459.6
1430930 1456.2
1430940 1456.2
1430950 1450.5
1430960 1444.9
1430970 1438.1
1430980 1438.1
1430990 1432.0
1431000 1427.8
1431010 1427.8
1431020 1424.4
1431030 1421.0
1431040 1421.0
1431050 1417.9
1431060 1415.5
1431070 1415.5
1431080 1412.8
1431090 1409.5
1431100 1409.5
1431110 1406.1
1431120 1403.4
1431130 1403.4
1431140 1400.6
1431150 1397.7
1431160 1393.9
1431170 1393.9
1431180 1392.6
1431190 1390.6
1431200 1390.6
1431210 1386.9
1431220 1382.5
1431230 1382.5
1431240 1379.5
1431250 1376.3
1431260 1376.3
1431270 1373.3
1431280 1369.8
1431290 1369.8
1431300 1366.6
1431310 1363.2
1431320 1363.2
1431330 1359.6
1431340 1356.2
1431350 1352.8
1431360 1352.8
1431370 1350.0
1431380 1345.5
1431390 1342.3
1431400 1337.9
1431410 1333.5
1431420 1333.5
1431430 1329.0
1431440 1324.7
1431450 1324.7
1431460 1319.1
1431470 1313.2
1431480 1313.2
1431490 1308.1
1431500 1303.9
1431510 1303.9
1431520 1300.0
1431530 1295.9
1431540 1291.9
1431550 1291.9
1431560 1287.4
1431570 1282.8
1431580 1282.8
1431590 1278.0
1431600 1272.7
1431610 1272.7
1431620 1268.5
1431630 1264.4
1431640 1264.4
1431650 1260.6
1431660 1257.3
1431670 1257.3
1431680 1254.1
1431690 1250.5
1431700 1250.5
1431710 1247.0
1431720 1242.6
1431730 1237.8
1431740 1237.8
1431750 1234.9
1431760 1229.4
1431770 1229.4
1431780 1224.7
1431790 1219.8
1431800 1219.8
1431810 1215.0
1431820 1210.1
1431830 1210.1
1431840 1205.9
1431850 1201.9
1431860 1201.9
1431870 1198.1
1431880 1194.2
1431890 1189.9
1431900 1189.9
1431910 1186.3
1431920 1182.4
1431930 1182.4
1431940 1178.8
1431950 1176.2
1431960 1176.2
1431970 1173.7
1431980 1171.3
1431990 1171.3
1432000 1169.2
1432010 1166.8
1432020 1166.8
1432030 1164.9
1432040 1163.0
1432050 1163.0
1432060 1160.8
1432070 1158.7
1432080 1156.2
1432090 1156.2
1432100 1153.0
1432110 1149.8
1432120 1149.8
1432130 1147.4
1432140 1144.9
1432150 1144.9
1432160 1142.5
1432170 1139.3
1432180 1139.3
1432190 1136.0
1432200 1134.0
1432210 1134.0
1432220 1131.9
1432230 1129.0
1432240 1129.0
1432250 1126.6
1432260 1124.1
1432270 1121.5
1432280 1121.5
1432290 1118.8
1432300 1114.1
1432310 1114.1
1432320 1109.4
1432330 1104.0
1432340 1104.0
1432350 1096.2
1432360 1092.9
1432370 1092.9
1432380 1095.3
1432390 1099.1
1432400 1099.1
1432410 1101.7
1432420 1105.9
1432430 1105.9
1432440 1110.2
1432450 1113.9
1432460 1116.5
1432470 1116.5
1432480 1117.2
1432490 1117.4
1432500 1117.4
1432510 1117.0
1432520 1116.2
1432530 1116.2
1432540 1114.7
1432550 1112.5
1432560 1112.5
1432570 1110.5
1432580 1108.0
1432590 1108.0
1432600 1105.5
1432610 1101.8
1432620 1099.1
1432630 1099.1
1432640 1097.0
1432650 1095.4
1432660 1095.4
1432670 1093.5
1432680 1091.9
1432690 1091.9
1432700 1090.2
1432710 1089.0
1432720 1089.0
1432730 1087.8
1432740 1086.3
1432750 1086.3
1432760 1084.4
1432770 1081.9
1432780 1081.9
1432790 1079.5
1432800 1077.5
1432810 1076.2
1432820 1076.2
1432830 1074.7
1432840 1072.8
1432850 1072.8
1432860 1071.0
1432870 1069.5
1432880 1069.5
1432890 1068.1
1432900 1066.8
1432910 1066.8
1432920 1066.0
1432930 1063.8
1432940 1063.8
1432950 1059.9
1432960 1055.8
1432970 1055.8
1432980 1052.6
1432990 1049.1
1433000 1045.8
1433010 1045.8
1433020 1042.3
1433030 1039.5
1433040 1039.5
1433050 1038.7
1433060 1037.2
1433070 1037.2
1433080 1034.6
1433090 1030.8
1433100 1030.8
1433110 1028.3
1433120 1026.3
1433130 1026.3
1433140 1024.9
1433150 1023.0
1433160 1023.0
1433170 1020.1
1433180 1018.4
1433190 1017.7
1433200 1017.7
1433210 1016.4
1433220 1014.3
1433230 1014.3
1433240 1010.8
1433250 1006.0
1433260 1006.0
1433270 1003.2
1433280 1002.0
1433290 1002.0
1433300 998.3
1433310 994.6
1433320 994.6
1433330 991.5
1433340 988.9
1433350 988.9
1433360 986.3
1433370 983.9
1433380 981.5
1433390 981.5
1433400 978.9
1433410 975.8
1433420 975.8
1433430 972.1
1433440 968.2
1433450 968.2
1433460 964.1
1433470 960.0
1433480 960.0
1433490 958.4
1433500 956.8
1433510 956.8
1433520 955.2
1433530 954.2
1433540 953.2
1433550 953.2
1433560 952.0
1433570 950.5
1433580 950.5
1433590 949.2
1433600 947.7
1433610 947.7
1433620 946.4
1433630 945.0
1433640 945.0
1433650 943.7
1433660 941.8
1433670 941.8
1433680 940.0
1433690 940.7
1433700 940.7
1433710 942.1
1433720 943.3
1433730 942.3
1433740 942.3
1433750 940.4
1433760 937.1
1433770 937.1
1433780 934.2
1433790 932.3
1433800 932.3
1433810 931.7
1433820 929.4
1433830 929.4
1433840 927.1
1433850 924.8
1433860 924.8
1433870 922.4
1433880 919.8
1433890 919.8
1433900 917.4
1433910 914.7
1433920 913.5
1433930 913.5
1433940 913.0
1433950 911.8
1433960 911.8
1433970 909.4
1433980 905.8
1433990 905.8
1434000 902.3
1434010 900.5
1434020 900.5
1434030 899.3
1434040 897.4
1434050 897.4
1434060 896.5
1434070 895.8
1434080 895.8
1434090 894.6
1434100 893.3
1434110 892.6
1434120 892.6
1434130 892.0
1434140 891.4
1434150 891.4
1434160 891.0
1434170 891.0
1434180 891.0
1434190 890.7
1434200 889.8
1434210 889.8
1434220 888.0
1434230 886.7
1434240 886.7
1434250 885.2
1434260 883.8
1434270 883.8
1434280 882.5
1434290 882.1
1434300 881.3
1434310 881.3
1434320 880.0
1434330 878.9
1434340 878.9
1434350 877.8
1434360 876.7
1434370 876.7
1434380 875.5
1434390 874.2
1434400 874.2
1434410 873.3
1434420 872.3
1434430 872.3
1434440 871.4
1434450 870.5
1434460 869.4
1434470 869.4
1434480 867.7
1434490 866.1
1434500 866.1
1434510 865.0
1434520 864.3
1434530 864.3
1434540 863.7
1434550 863.1
1434560 863.1
1434570 862.6
1434580 862.0
1434590 862.0
1434600 861.2
1434610 860.3
1434620 860.3
1434630 859.6
1434640 859.3
1434650 859.2
1434660 859.2
1434670 858.8
1434680 858.5
1434690 858.5
1434700 858.4
1434710 858.4
1434720 858.4
1434730 858.2
1434740 857.9
1434750 857.9
1434760 858.0
1434770 858.1
1434780 858.1
1434790 858.2
1434800 858.1
1434810 858.1
1434820 857.9
1434830 857.7
1434840 857.5
1434850 857.5
1434860 857.4
1434870 857.4
1434880 857.4
1434890 857.3
1434900 857.1
1434910 857.1
1434920 857.0
1434930 856.8
1434940 856.8
1434950 856.7
1434960 856.7
1434970 856.7
1434980 856.7
1434990 856.6
1435000 856.6
1435010 856.6
1435020 856.6
1435030 856.5
1435040 856.5
1435050 856.4
1435060 856.2
1435070 856.2
1435080 856.2
1435090 856.2
1435100 856.2
1435110 856.1
1435120 856.0
1435130 856.0
1435140 855.6
1435150 855.4
1435160 855.4
1435170 855.3
1435180 855.3
1435190 855.3
1435200 855.1
1435210 854.7
1435220 854.7
1435230 854.7
1435240 854.5
1435250 854.3
1435260 854.3
1435270 854.2
1435280 854.1
1435290 854.1
1435300 854.1
1435310 854.2
1435320 854.2
1435330 854.1
1435340 854.2
1435350 854.2
1435360 854.3
1435370 854.2
1435380 854.2
1435390 854.2
1435400 854.2
1435410 854.2
1435420 854.2
1435430 854.2
1435440 854.3
1435450 854.3
1435460 854.3
1435470 854.2
1435480 854.2
1435490 854.2
1435500 854.1
1435510 854.1
1435520 854.1
1435530 854.0
1435540 854.0
1435550 853.9
1435560 853.8
1435570 853.8
1435580 853.8
1435590 853.7
1435600 853.7
1435610 853.7
1435620 853.7
1435630 853.5
1435640 853.5
1435650 853.5
1435660 853.4
1435670 853.4
1435680 853.4
1435690 853.4
1435700 853.4
1435710 853.3
1435720 853.3
1435730 853.3
1435740 853.2
1435750 853.2
1435760 853.1
1435770 853.1
1435780 853.1
1435790 853.0
1435800 853.0
1435810 852.9
1435820 852.9
1435830 852.9
1435840 852.9
1435850 852.9
1435860 852.9
1435870 852.8
1435880 852.9
1435890 852.9
1435900 852.9
1435910 853.0
1435920 853.0
1435930 853.1
1435940 853.2
1435950 853.1
1435960 853.1
1435970 852.2
1435980 852.0
1435990 852.0
1436000 852.1
1436010 853.7
1436020 853.7
1436030 853.9
1436040 853.8
1436050 853.8
1436060 856.6
1436070 860.7
1436080 860.7
1436090 864.0
1436100 868.3
1436110 868.3
1436120 870.5
1436130 871.9
1436140 873.3
1436150 873.3
1436160 874.6
1436170 876.0
1436180 876.0
1436190 877.3
1436200 878.2
1436210 878.2
1436220 879.1
1436230 880.2
1436240 880.2
1436250 881.3
1436260 882.8
1436270 882.8
1436280 884.0
1436290 884.9
1436300 884.9
1436310 885.7
1436320 886.5
1436330 887.2
1436340 887.2
1436350 888.2
1436360 886.5
1436370 886.5
1436380 887.6
1436390 888.2
1436400 888.2
1436410 889.4
1436420 891.4
1436430 891.4
1436440 892.5
1436450 893.6
1436460 893.6
1436470 894.9
1436480 897.2
1436490 899.4
1436500 899.4
1436510 901.9
1436520 903.8
1436530 903.8
1436540 904.5
1436550 905.3
1436560 905.3
1436570 906.3
1436580 906.4
1436590 906.4
1436600 907.2
1436610 911.0
1436620 911.0
1436630 915.0
1436640 916.9
1436650 916.9
1436660 918.8
1436670 921.4
1436680 926.0
1436690 926.0
1436700 934.4
1436710 942.8
1436720 942.8
1436730 950.5
1436740 956.9
1436750 956.9
1436760 963.6
1436770 969.9
1436780 969.9
1436790 975.5
1436800 980.4
1436810 980.4
1436820 985.3
1436830 991.1
1436840 991.1
1436850 997.6
1436860 1003.6
1436870 1008.2
1436880 1008.2
1436890 1012.8
1436900 1015.3
1436910 1015.3
1436920 1013.9
1436930 1010.3
1436940 1010.3
1436950 1007.4
1436960 1004.6
1436970 1004.6
1436980 1001.5
1436990 997.9
1437000 997.9
1437010 994.0
1437020 990.4
1437030 990.4
1437040 987.4
1437050 985.8
1437060 988.1
1437070 988.1
1437080 994.1
1437090 1001.8
1437100 1001.8
1437110 1009.4
1437120 1016.7
1437130 1016.7
1437140 1023.2
1437150 1028.7
1437160 1028.7
1437170 1034.2
1437180 1039.5
1437190 1039.5
1437200 1042.1
1437210 1039.0
1437220 1039.0
1437230 1031.2
1437240 1025.7
1437250 1027.9
1437260 1027.9
1437270 1034.3
1437280 1042.1
1437290 1042.1
1437300 1048.7
1437310 1054.9
1437320 1054.9
1437330 1060.5
1437340 1065.5
1437350 1065.5
1437360 1068.7
1437370 1070.7
1437380 1070.7
1437390 1071.0
1437400 1070.5
1437410 1070.7
1437420 1070.7
1437430 1071.7
1437440 1075.0
1437450 1075.0
1437460 1082.1
1437470 1089.3
1437480 1089.3
1437490 1092.9
1437500 1095.4
1437510 1095.4
1437520 1097.0
1437530 1097.7
1437540 1097.7
1437550 1097.8
1437560 1097.7
1437570 1097.7
1437580 1097.5
1437590 1100.5
1437600 1103.2
1437610 1103.2
1437620 1106.1
1437630 1108.4
1437640 1108.4
1437650 1111.1
1437660 1114.2
1437670 1114.2
1437680 1115.8
1437690 1116.6
1437700 1116.6
1437710 1116.9
1437720 1115.8
1437730 1115.8
1437740 1115.1
1437750 1114.4
1437760 1114.4
1437770 1112.4
1437780 1110.1
1437790 1108.0
1437800 1108.0
1437810 1106.6
1437820 1105.3
1437830 1105.3
1437840 1105.9
1437850 1110.3
1437860 1110.3
1437870 1112.2
1437880 1112.3
1437890 1112.3
1437900 1112.4
1437910 1110.7
1437920 1110.7
1437930 1109.5
1437940 1109.2
1437950 1109.2
1437960 1109.6
1437970 1109.7
1437980 1110.0
1437990 1110.0
1438000 1110.4
1438010 1105.1
1438020 1105.1
1438030 1101.3
1438040 1101.0
1438050 1101.0
1438060 1098.8
1438070 1097.2
1438080 1097.2
1438090 1097.7
1438100 1099.4
1438110 1099.4
1438120 1101.7
1438130 1104.8
1438140 1104.8
1438150 1108.5
1438160 1113.9
1438170 1118.9
1438180 1118.9
1438190 1122.4
1438200 1123.8
1438210 1123.8
1438220 1125.6
1438230 1126.8
1438240 1126.8
1438250 1127.8
1438260 1128.5
1438270 1128.5
1438280 1128.7
1438290 1128.2
1438300 1128.2
1438310 1127.7
1438320 1127.3
1438330 1126.1
1438340 1126.1
1438350 1124.2
1438360 1120.6
1438370 1120.6
1438380 1116.4
1438390 1112.1
1438400 1112.1
1438410 1108.2
1438420 1105.9
1438430 1105.9
1438440 1105.0
1438450 1105.5
1438460 1105.5
1438470 1106.3
1438480 1107.2
1438490 1107.2
1438500 1110.1
1438510 1113.8
1438520 1116.4
1438530 1116.4
1438540 1117.5
1438550 1119.5
1438560 1119.5
1438570 1123.6
1438580 1128.4
1438590 1128.4
1438600 1135.4
1438610 1142.5
1438620 1142.5
1438630 1147.9
1438640 1151.8
1438650 1151.8
1438660 1156.2
1438670 1159.6
1438680 1159.6
1438690 1161.7
1438700 1164.0
1438710 1166.4
1438720 1166.4
1438730 1168.7
1438740 1171.3
1438750 1171.3
1438760 1174.6
1438770 1178.2
1438780 1178.2
1438790 1180.1
1438800 1183.2
1438810 1183.2
1438820 1187.4
1438830 1191.5
1438840 1191.5
1438850 1193.9
1438860 1195.3
1438870 1195.3
1438880 1192.6
1438890 1190.9
1438900 1191.9
1438910 1191.9
1438920 1195.3
1438930 1197.2
1438940 1197.2
1438950 1198.1
1438960 1201.0
1438970 1201.0
1438980 1205.2
1438990 1208.8
1439000 1208.8
1439010 1209.5
1439020 1210.7
1439030 1210.7
1439040 1212.3
1439050 1215.1
1439060 1215.1
1439070 1213.0
1439080 1214.7
1439090 1216.4
1439100 1216.4
1439110 1218.4
1439120 1219.9
1439130 1219.9
1439140 1221.5
1439150 1222.5
1439160 1222.5
1439170 1222.4
1439180 1221.7
1439190 1221.7
1439200 1220.9
1439210 1219.9
1439220 1219.9
1439230 1219.8
1439240 1219.8
1439250 1219.8
1439260 1220.4
1439270 1220.5
1439280 1220.6
1439290 1220.6
1439300 1220.4
1439310 1220.8
1439320 1220.8
1439330 1219.3
1439340 1219.2
1439350 1219.2
1439360 1221.0
1439370 1222.3
1439380 1222.3
1439390 1222.5
1439400 1221.9
1439410 1221.9
1439420 1220.4
1439430 1219.0
1439440 1217.9
1439450 1217.9
1439460 1217.2
1439470 1216.5
1439480 1216.5
1439490 1214.9
1439500 1212.5
1439510 1212.5
1439520 1210.3
1439530 1208.8
1439540 1208.8
1439550 1206.7
1439560 1204.7
1439570 1204.7
1439580 1202.6
1439590 1199.4
1439600 1199.4
1439610 1195.6
1439620 1191.3
1439630 1187.9
1439640 1187.9
1439650 1185.8
1439660 1184.4
1439670 1184.4
1439680 1183.9
1439690 1184.6
1439700 1184.6
1439710 1186.8
1439720 1189.9
1439730 1189.9
1439740 1194.0
1439750 1196.3
1439760 1196.3
1439770 1197.0
1439780 1198.3
1439790 1198.3
1439800 1201.0
1439810 1204.1
1439820 1206.4
1439830 1206.4
1439840 1205.1
1439850 1201.7
1439860 1201.7
1439870 1198.8
1439880 1198.0
1439890 1198.0
1439900 1196.9
1439910 1195.2
1439920 1195.2
1439930 1193.3
1439940 1192.0
1439950 1192.0
1439960 1190.8
1439970 1188.7
1439980 1188.7
1439990 1184.7
