1420000 1527.0
1420010 1528.2
1420020 1528.2
1420030 1527.6
1420040 1525.8
1420050 1525.8
1420060 1523.4
1420070 1519.6
1420080 1519.6
1420090 1517.0
1420100 1516.6
1420110 1516.2
1420120 1516.2
1420130 1514.8
1420140 1513.8
1420150 1513.8
1420160 1513.5
1420170 1516.4
1420180 1516.4
1420190 1517.8
1420200 1517.4
1420210 1517.4
1420220 1516.7
1420230 1514.9
1420240 1514.9
1420250 1509.2
1420260 1506.5
1420270 1501.1
1420280 1501.1
1420290 1496.4
1420300 1492.9
1420310 1492.9
1420320 1492.5
1420330 1493.4
1420340 1493.4
1420350 1490.4
1420360 1490.8
1420370 1490.8
1420380 1494.7
1420390 1497.3
1420400 1497.3
1420410 1500.3
1420420 1504.6
1420430 1504.6
1420440 1509.9
1420450 1514.5
1420460 1519.2
1420470 1519.2
1420480 1520.5
1420490 1520.4
1420500 1520.4
1420510 1516.1
1420520 1510.1
1420530 1510.1
1420540 1505.7
1420550 1503.4
1420560 1503.4
1420570 1500.4
1420580 1494.0
1420590 1494.0
1420600 1494.9
1420610 1501.3
1420620 1501.3
1420630 1506.1
1420640 1510.3
1420650 1514.1
1420660 1514.1
1420670 1518.5
1420680 1523.3
1420690 1523.3
1420700 1526.8
1420710 1529.8
1420720 1529.8
1420730 1532.1
1420740 1535.5
1420750 1535.5
1420760 1539.0
1420770 1542.3
1420780 1542.3
1420790 1547.2
1420800 1550.5
1420810 1550.5
1420820 1551.6
1420830 1554.0
1420840 1556.9
1420850 1556.9
1420860 1559.8
1420870 1562.3
1420880 1562.3
1420890 1563.9
1420900 1564.7
1420910 1564.7
1420920 1565.6
1420930 1566.2
1420940 1566.2
1420950 1566.2
1420960 1565.9
1420970 1565.9
1420980 1565.5
1420990 1565.1
1421000 1565.1
1421010 1564.2
1421020 1561.3
1421030 1556.7
1421040 1556.7
1421050 1552.2
1421060 1549.7
1421070 1549.7
1421080 1549.4
1421090 1549.7
1421100 1549.7
1421110 1550.6
1421120 1551.8
1421130 1551.8
1421140 1554.4
1421150 1558.7
1421160 1558.7
1421170 1564.9
1421180 1570.2
1421190 1570.2
1421200 1572.8
1421210 1574.3
1421220 1577.1
1421230 1577.1
1421240 1583.4
1421250 1590.3
1421260 1590.3
1421270 1597.4
1421280 1603.6
1421290 1603.6
1421300 1609.0
1421310 1616.0
1421320 1616.0
1421330 1623.0
1421340 1627.7
1421350 1627.7
1421360 1631.4
1421370 1633.1
1421380 1635.0
1421390 1635.0
1421400 1636.9
1421410 1636.7
1421420 1636.7
1421430 1638.3
1421440 1643.7
1421450 1643.7
1421460 1651.3
1421470 1659.1
1421480 1659.1
1421490 1665.0
1421500 1668.2
1421510 1668.2
1421520 1670.7
1421530 1674.9
1421540 1674.9
1421550 1678.7
1421560 1680.9
1421570 1684.3
1421580 1684.3
1421590 1687.5
1421600 1692.6
1421610 1692.6
1421620 1697.0
1421630 1700.9
1421640 1700.9
1421650 1704.2
1421660 1706.1
1421670 1706.1
1421680 1707.1
1421690 1707.9
1421700 1707.9
1421710 1709.9
1421720 1714.8
1421730 1714.8
1421740 1721.5
1421750 1729.5
1421760 1738.4
1421770 1738.4
1421780 1747.9
1421790 1756.1
1421800 1756.1
1421810 1764.1
1421820 1771.1
1421830 1771.1
1421840 1775.2
1421850 1780.5
1421860 1780.5
1421870 1786.1
1421880 1790.7
1421890 1790.7
1421900 1794.1
1421910 1798.2
1421920 1798.2
1421930 1803.0
1421940 1807.9
1421950 1813.0
1421960 1813.0
1421970 1818.1
1421980 1822.7
1421990 1822.7
1422000 1827.5
1422010 1833.6
1422020 1833.6
1422030 1838.7
1422040 1844.3
1422050 1844.3
1422060 1850.8
1422070 1857.3
1422080 1857.3
1422090 1864.8
1422100 1869.1
1422110 1869.1
1422120 1873.5
1422130 1876.8
1422140 1877.8
1422150 1877.8
1422160 1877.6
1422170 1878.4
1422180 1878.4
1422190 1880.0
1422200 1882.0
1422210 1882.0
1422220 1884.3
1422230 1887.5
1422240 1885.5
1422250 1888.7
1422260 1893.5
1422270 1893.5
1422280 1901.5
1422290 1909.8
1422300 1909.8
1422310 1917.5
1422320 1925.1
1422330 1932.5
1422340 1932.5
1422350 1939.9
1422360 1947.6
1422370 1947.6
1422380 1956.1
1422390 1964.5
1422400 1964.5
1422410 1972.5
1422420 1980.2
1422430 1980.2
1422440 1988.4
1422450 1996.1
1422460 1996.1
1422470 2002.8
1422480 2006.6
1422490 2008.6
1422500 2008.6
1422510 2009.8
1422520 2010.4
1422530 2010.4
1422540 2011.1
1422550 2013.3
1422560 2013.3
1422570 2014.2
1422580 2014.4
1422590 2014.4
1422600 2014.7
1422610 2014.8
1422620 2014.8
1422630 2014.9
1422640 2015.0
1422650 2015.0
1422660 2015.4
1422670 2016.6
1422680 2017.4
1422690 2017.4
1422700 2018.5
1422710 2019.6
1422720 2019.6
1422730 2020.3
1422740 2020.8
1422750 2020.8
1422760 2020.9
1422770 2020.5
1422780 2020.5
1422790 2020.2
1422800 2019.8
1422810 2019.8
1422820 2018.5
1422830 2017.7
1422840 2017.7
1422850 2017.0
1422860 2016.8
1422870 2017.2
1422880 2017.2
1422890 2018.3
1422900 2020.2
1422910 2020.2
1422920 2021.9
1422930 2023.5
1422940 2023.5
1422950 2025.6
1422960 2027.4
1422970 2027.4
1422980 2029.1
1422990 2030.4
1423000 2030.4
1423010 2031.5
1423020 2031.5
1423030 2031.5
1423040 2032.0
1423050 2033.1
1423060 2036.3
1423070 2036.3
1423080 2039.3
1423090 2040.8
1423100 2040.8
1423110 2042.1
1423120 2043.1
1423130 2043.1
1423140 2044.5
1423150 2044.1
1423160 2044.1
1423170 2040.4
1423180 2036.6
1423190 2036.6
1423200 2038.8
1423210 2037.9
1423220 2037.9
1423230 2035.5
1423240 2033.1
1423250 2030.9
1423260 2030.9
1423270 2028.2
1423280 2025.3
1423290 2025.3
1423300 2022.2
1423310 2019.3
1423320 2019.3
1423330 2016.9
1423340 2014.9
1423350 2014.9
1423360 2012.7
1423370 2010.6
1423380 2010.6
1423390 2009.8
1423400 2011.0
1423410 2011.0
1423420 2013.9
1423430 2016.9
1423440 2019.0
1423450 2019.0
1423460 2020.5
1423470 2021.1
1423480 2021.1
1423490 2021.4
1423500 2021.4
1423510 2021.4
1423520 2021.3
1423530 2021.4
1423540 2021.4
1423550 2020.8
1423560 2020.0
1423570 2020.0
1423580 2019.8
1423590 2019.5
1423600 2019.5
1423610 2018.6
1423620 2017.9
1423630 2017.8
1423640 2017.8
1423650 2017.5
1423660 2017.3
1423670 2017.3
1423680 2017.2
1423690 2016.5
1423700 2016.5
1423710 2015.9
1423720 2017.3
1423730 2017.3
1423740 2019.4
1423750 2020.1
1423760 2020.1
1423770 2021.4
1423780 2024.9
1423790 2029.6
1423800 2029.6
1423810 2033.9
1423820 2037.8
1423830 2037.8
1423840 2040.1
1423850 2041.2
1423860 2041.2
1423870 2042.5
1423880 2043.9
1423890 2043.9
1423900 2044.6
1423910 2044.5
1423920 2044.5
1423930 2044.3
1423940 2044.0
1423950 2044.0
1423960 2043.2
1423970 2042.3
1423980 2041.2
1423990 2041.2
1424000 2039.5
1424010 2036.9
1424020 2036.9
1424030 2034.2
1424040 2032.1
1424050 2032.1
1424060 2031.5
1424070 2032.8
1424080 2032.8
1424090 2034.7
1424100 2036.9
1424110 2036.9
1424120 2039.1
1424130 2041.1
1424140 2041.1
1424150 2043.5
1424160 2045.8
1424170 2048.5
1424180 2048.5
1424190 2051.8
1424200 2056.1
1424210 2056.1
1424220 2060.0
1424230 2063.4
1424240 2063.4
1424250 2067.8
1424260 2071.4
1424270 2071.4
1424280 2073.5
1424290 2074.8
1424300 2069.4
1424310 2070.9
1424320 2072.3
1424330 2072.3
1424340 2074.3
1424350 2076.3
1424360 2078.3
1424370 2078.3
1424380 2079.7
1424390 2080.9
1424400 2080.9
1424410 2081.4
1424420 2080.8
1424430 2080.8
1424440 2079.0
1424450 2077.0
1424460 2077.0
1424470 2076.1
1424480 2075.3
1424490 2075.3
1424500 2073.8
1424510 2071.8
1424520 2071.8
1424530 2070.4
1424540 2069.8
1424550 2069.0
1424560 2069.0
1424570 2069.0
1424580 2069.4
1424590 2069.4
1424600 2069.6
1424610 2070.4
1424620 2070.4
1424630 2071.8
1424640 2073.7
1424650 2073.7
1424660 2076.7
1424670 2080.5
1424680 2080.5
1424690 2084.9
1424700 2087.2
1424710 2087.2
1424720 2088.2
1424730 2089.4
1424740 2091.5
1424750 2091.5
1424760 2093.5
1424770 2094.5
1424780 2094.5
1424790 2095.2
1424800 2096.4
1424810 2096.4
1424820 2097.0
1424830 2096.8
1424840 2096.8
1424850 2096.8
1424860 2097.8
1424870 2097.8
1424880 2098.6
1424890 2098.9
1424900 2098.7
1424910 2098.7
1424920 2098.6
1424930 2098.9
1424940 2098.9
1424950 2099.3
1424960 2100.0
1424970 2100.0
1424980 2101.1
1424990 2102.0
1425000 2102.0
1425010 2102.5
1425020 2103.0
1425030 2103.0
1425040 2103.1
1425050 2101.4
1425060 2101.4
1425070 2099.2
1425080 2097.7
1425090 2096.3
1425100 2096.3
1425110 2094.4
1425120 2092.0
1425130 2092.0
1425140 2089.6
1425150 2088.1
1425160 2088.1
1425170 2088.8
1425180 2090.9
1425190 2090.9
1425200 2091.7
1425210 2090.5
1425220 2090.5
1425230 2087.6
1425240 2083.9
1425250 2083.9
1425260 2081.6
1425270 2080.1
1425280 2077.9
1425290 2077.9
1425300 2074.4
1425310 2072.3
1425320 2072.3
1425330 2071.1
1425340 2069.0
1425350 2069.0
1425360 2066.5
1425370 2063.9
1425380 2063.9
1425390 2062.0
1425400 2059.7
1425410 2059.7
1425420 2055.9
1425430 2052.3
1425440 2052.3
1425450 2050.6
1425460 2048.7
1425470 2047.2
1425480 2047.2
1425490 2047.5
1425500 2047.5
1425510 2047.5
1425520 2045.2
1425530 2041.6
1425540 2041.6
1425550 2038.1
1425560 2034.5
1425570 2034.5
1425580 2031.0
1425590 2027.8
1425600 2027.8
1425610 2024.4
1425620 2021.1
1425630 2021.1
1425640 2017.6
1425650 2014.1
1425660 2010.3
1425670 2010.3
1425680 2005.6
1425690 2001.1
1425700 2001.1
1425710 1996.7
1425720 1992.2
1425730 1992.2
1425740 1987.8
1425750 1983.5
1425760 1983.5
1425770 1979.0
1425780 1973.7
1425790 1973.7
1425800 1968.3
1425810 1963.8
1425820 1963.8
1425830 1959.8
1425840 1955.3
1425850 1950.8
1425860 1950.8
1425870 1945.2
1425880 1938.1
1425890 1938.1
1425900 1930.9
1425910 1924.2
1425920 1924.2
1425930 1918.3
1425940 1914.7
1425950 1914.7
1425960 1912.0
1425970 1906.7
1425980 1906.7
1425990 1899.3
1426000 1890.7
1426010 1890.7
1426020 1881.7
1426030 1872.9
1426040 1864.6
1426050 1864.6
1426060 1858.2
1426070 1855.3
1426080 1855.3
1426090 1849.1
1426100 1841.1
1426110 1841.1
1426120 1833.6
1426130 1826.6
1426140 1826.6
1426150 1819.8
1426160 1812.5
1426170 1812.5
1426180 1804.8
1426190 1797.5
1426200 1789.5
1426210 1789.5
1426220 1781.3
1426230 1773.2
1426240 1773.2
1426250 1766.5
1426260 1760.3
1426270 1760.3
1426280 1752.6
1426290 1744.6
1426300 1744.6
1426310 1737.4
1426320 1729.8
1426330 1729.8
1426340 1721.8
1426350 1713.3
1426360 1713.3
1426370 1704.3
1426380 1695.4
1426390 1686.8
1426400 1686.8
1426410 1679.2
1426420 1671.9
1426430 1671.9
1426440 1666.1
1426450 1658.0
1426460 1658.0
1426470 1649.9
1426480 1641.2
1426490 1641.2
1426500 1633.7
1426510 1626.8
1426520 1626.8
1426530 1620.8
1426540 1615.4
1426550 1615.4
1426560 1610.6
1426570 1605.9
1426580 1601.4
1426590 1601.4
1426600 1596.8
1426610 1592.4
1426620 1592.4
1426630 1588.5
1426640 1584.9
1426650 1584.9
1426660 1581.7
1426670 1578.8
1426680 1578.8
1426690 1576.1
1426700 1573.6
1426710 1573.6
1426720 1571.7
1426730 1570.0
1426740 1570.0
1426750 1568.3
1426760 1566.6
1426770 1565.0
1426780 1565.0
1426790 1563.0
1426800 1560.7
1426810 1560.7
1426820 1557.2
1426830 1551.1
1426840 1551.1
1426850 1545.9
1426860 1541.7
1426870 1541.7
1426880 1538.6
1426890 1535.4
1426900 1535.4
1426910 1531.3
1426920 1526.6
1426930 1526.6
1426940 1522.4
1426950 1518.7
1426960 1514.2
1426970 1514.2
1426980 1509.5
1426990 1505.6
1427000 1505.6
1427010 1501.1
1427020 1496.3
1427030 1496.3
1427040 1492.0
1427050 1487.6
1427060 1487.6
1427070 1482.7
1427080 1477.1
1427090 1477.1
1427100 1471.6
1427110 1466.3
1427120 1466.3
1427130 1461.3
1427140 1457.1
1427150 1452.8
1427160 1452.8
1427170 1448.5
1427180 1443.8
1427190 1443.8
1427200 1438.1
1427210 1432.7
1427220 1432.7
1427230 1427.7
1427240 1423.0
1427250 1423.0
1427260 1417.8
1427270 1411.7
1427280 1411.7
1427290 1405.8
1427300 1400.1
1427310 1394.2
1427320 1394.2
1427330 1388.3
1427340 1383.2
1427350 1383.2
1427360 1377.7
1427370 1372.0
1427380 1372.0
1427390 1365.8
1427400 1359.7
1427410 1359.7
1427420 1353.6
1427430 1348.7
1427440 1348.7
1427450 1345.5
1427460 1342.8
1427470 1342.8
1427480 1340.0
1427490 1335.4
1427500 1328.3
1427510 1328.3
1427520 1321.6
1427530 1316.6
1427540 1316.6
1427550 1310.9
1427560 1302.2
1427570 1302.2
1427580 1292.2
1427590 1280.7
1427600 1280.7
1427610 1268.9
1427620 1257.3
1427630 1257.3
1427640 1246.6
1427650 1237.4
1427660 1237.4
1427670 1229.7
1427680 1222.5
1427690 1215.2
1427700 1215.2
1427710 1207.6
1427720 1203.3
1427730 1203.3
1427740 1202.9
1427750 1204.4
1427760 1204.4
1427770 1204.5
1427780 1203.9
1427790 1203.9
1427800 1203.9
1427810 1206.2
1427820 1206.2
1427830 1209.8
1427840 1211.3
1427850 1211.3
1427860 1214.7
1427870 1219.3
1427880 1225.5
1427890 1225.5
1427900 1230.4
1427910 1233.5
1427920 1233.5
1427930 1236.9
1427940 1239.7
1427950 1239.7
1427960 1242.1
1427970 1244.1
1427980 1244.1
1427990 1245.8
1428000 1248.0
1428010 1248.0
1428020 1250.4
1428030 1252.6
1428040 1252.6
1428050 1254.6
1428060 1256.5
1428070 1258.4
1428080 1258.4
1428090 1261.0
1428100 1264.2
1428110 1264.2
1428120 1267.3
1428130 1269.8
1428140 1269.8
1428150 1272.7
1428160 1276.2
1428170 1276.2
1428180 1279.9
1428190 1283.0
1428200 1283.0
1428210 1288.4
1428220 1295.0
1428230 1295.0
1428240 1301.9
1428250 1307.5
1428260 1309.4
1428270 1309.4
1428280 1310.1
1428290 1312.1
1428300 1312.1
1428310 1315.8
1428320 1319.9
1428330 1319.9
1428340 1322.8
1428350 1324.9
1428360 1324.9
1428370 1327.9
1428380 1330.9
1428390 1330.9
1428400 1334.8
1428410 1339.0
1428420 1343.0
1428430 1343.0
1428440 1346.1
1428450 1349.0
1428460 1349.0
1428470 1353.6
1428480 1358.7
1428490 1358.7
1428500 1363.9
1428510 1370.0
1428520 1370.0
1428530 1376.9
1428540 1384.2
1428550 1384.2
1428560 1389.9
1428570 1395.0
1428580 1395.0
1428590 1402.8
1428600 1412.5
1428610 1419.2
1428620 1419.2
1428630 1425.0
1428640 1429.5
1428650 1429.5
1428660 1438.8
1428670 1447.7
1428680 1447.7
1428690 1456.2
1428700 1464.2
1428710 1464.2
1428720 1471.3
1428730 1478.6
1428740 1478.6
1428750 1489.0
1428760 1503.3
1428770 1503.3
1428780 1507.7
1428790 1511.7
1428800 1520.0
1428810 1520.0
1428820 1528.6
1428830 1537.3
1428840 1537.3
1428850 1546.0
1428860 1552.9
1428870 1552.9
1428880 1558.5
1428890 1563.7
1428900 1563.7
1428910 1568.9
1428920 1574.0
1428930 1574.0
1428940 1578.7
1428950 1584.2
1428960 1584.2
1428970 1590.2
1428980 1597.0
1428990 1603.5
1429000 1603.5
1429010 1610.2
1429020 1617.4
1429030 1617.4
1429040 1624.0
1429050 1630.2
1429060 1630.2
1429070 1636.2
1429080 1642.2
1429090 1642.2
1429100 1648.2
1429110 1655.6
1429120 1655.6
1429130 1663.8
1429140 1669.4
1429150 1669.4
1429160 1675.4
1429170 1681.6
1429180 1688.0
1429190 1688.0
1429200 1694.5
1429210 1701.2
1429220 1701.2
1429230 1707.7
1429240 1713.6
1429250 1713.6
1429260 1719.7
1429270 1725.8
1429280 1725.8
1429290 1731.3
1429300 1736.5
1429310 1736.5
1429320 1742.1
1429330 1748.3
1429340 1748.3
1429350 1754.9
1429360 1761.1
1429370 1767.0
1429380 1767.0
1429390 1773.3
1429400 1780.7
1429410 1780.7
1429420 1788.6
1429430 1796.5
1429440 1796.5
1429450 1804.3
1429460 1810.4
1429470 1810.4
1429480 1816.3
1429490 1823.9
1429500 1823.9
1429510 1831.6
1429520 1839.3
1429530 1839.3
1429540 1846.7
1429550 1853.0
1429560 1857.1
1429570 1857.1
1429580 1860.0
1429590 1863.0
1429600 1863.0
1429610 1865.9
1429620 1867.8
1429630 1867.8
1429640 1869.5
1429650 1870.8
1429660 1870.8
1429670 1871.3
1429680 1871.8
1429690 1871.8
1429700 1871.5
1429710 1870.6
1429720 1869.0
1429730 1869.0
1429740 1867.9
1429750 1867.0
1429760 1867.0
1429770 1865.5
1429780 1863.3
1429790 1863.3
1429800 1860.9
1429810 1858.7
1429820 1858.7
1429830 1856.7
1429840 1854.2
1429850 1854.2
1429860 1851.1
1429870 1847.7
1429880 1847.7
1429890 1844.3
1429900 1841.2
1429910 1838.5
1429920 1838.5
1429930 1835.2
1429940 1830.5
1429950 1830.5
1429960 1824.9
1429970 1818.8
1429980 1818.8
1429990 1812.3
1430000 1804.8
1430010 1804.8
1430020 1795.9
1430030 1786.8
1430040 1786.8
1430050 1778.4
1430060 1771.1
1430070 1771.1
1430080 1764.3
1430090 1757.7
1430100 1751.3
1430110 1751.3
1430120 1745.1
1430130 1740.4
1430140 1740.4
1430150 1736.3
1430160 1731.4
1430170 1731.4
1430180 1726.4
1430190 1720.8
1430200 1720.8
1430210 1713.7
1430220 1705.5
1430230 1705.5
1430240 1697.9
1430250 1691.0
1430260 1691.0
1430270 1686.4
1430280 1681.9
1430290 1677.8
1430300 1677.8
1430310 1670.8
1430320 1666.6
1430330 1666.6
1430340 1667.1
1430350 1668.9
1430360 1668.9
1430370 1670.2
1430380 1668.5
1430390 1668.5
1430400 1662.0
1430410 1653.8
1430420 1653.8
1430430 1650.5
1430440 1648.7
1430450 1648.7
1430460 1644.8
1430470 1641.2
1430480 1638.6
1430490 1638.6
1430500 1640.0
1430510 1641.4
1430520 1641.4
1430530 1642.1
1430540 1642.2
1430550 1642.2
1430560 1640.6
1430570 1635.8
1430580 1635.8
1430590 1630.4
1430600 1628.2
1430610 1628.2
1430620 1623.7
1430630 1619.6
1430640 1619.6
1430650 1616.5
1430660 1612.1
1430670 1606.5
1430680 1606.5
1430690 1599.8
1430700 1592.8
1430710 1592.8
1430720 1586.6
1430730 1581.5
1430740 1581.5
1430750 1583.4
1430760 1581.3
1430770 1581.3
1430780 1577.0
1430790 1575.7
1430800 1575.7
1430810 1574.3
1430820 1572.9
1430830 1572.9
1430840 1569.9
1430850 1564.9
1430860 1559.3
1430870 1559.3
1430880 1555.4
1430890 1552.0
1430900 1552.0
1430910 1550.6
1430920 1549.7
1430930 1549.7
1430940 1548.8
1430950 1546.4
1430960 1546.4
1430970 1541.6
1430980 1530.2
1430990 1530.2
1431000 1530.0
1431010 1532.6
1431020 1528.8
1431030 1528.8
1431040 1525.4
1431050 1527.4
1431060 1527.4
1431070 1528.0
1431080 1527.6
1431090 1527.6
1431100 1527.3
1431110 1527.9
1431120 1527.9
1431130 1528.7
1431140 1527.4
1431150 1527.4
1431160 1523.7
1431170 1519.8
1431180 1519.8
1431190 1516.6
1431200 1514.4
1431210 1512.3
1431220 1512.3
1431230 1510.5
1431240 1510.3
1431250 1510.3
1431260 1511.2
1431270 1511.6
1431280 1511.6
1431290 1510.8
1431300 1509.3
1431310 1509.3
1431320 1507.3
1431330 1504.0
1431340 1504.0
1431350 1499.7
1431360 1495.0
1431370 1495.0
1431380 1490.5
1431390 1486.3
1431400 1482.1
1431410 1482.1
1431420 1478.1
1431430 1474.7
1431440 1474.7
1431450 1470.6
1431460 1466.6
1431470 1466.6
1431480 1461.3
1431490 1456.2
1431500 1456.2
1431510 1450.6
1431520 1444.0
1431530 1444.0
1431540 1438.9
1431550 1434.3
1431560 1434.3
1431570 1428.9
1431580 1422.4
1431590 1415.9
1431600 1415.9
1431610 1410.2
1431620 1403.5
1431630 1403.5
1431640 1397.5
1431650 1392.4
1431660 1392.4
1431670 1386.6
1431680 1380.8
1431690 1380.8
1431700 1375.1
1431710 1368.4
1431720 1368.4
1431730 1362.3
1431740 1358.9
1431750 1358.9
1431760 1352.0
1431770 1346.3
1431780 1344.1
1431790 1344.1
1431800 1343.3
1431810 1342.6
1431820 1342.6
1431830 1341.1
1431840 1338.3
1431850 1338.3
1431860 1337.7
1431870 1337.9
1431880 1337.9
1431890 1336.2
1431900 1334.2
1431910 1334.2
1431920 1330.8
1431930 1326.6
1431940 1326.6
1431950 1321.9
1431960 1317.5
1431970 1312.8
1431980 1312.8
1431990 1307.8
1432000 1302.8
1432010 1302.8
1432020 1297.7
1432030 1293.1
1432040 1293.1
1432050 1288.1
1432060 1283.4
1432070 1283.4
1432080 1278.6
1432090 1274.8
1432100 1274.8
1432110 1271.3
1432120 1267.1
1432130 1264.1
1432140 1264.1
1432150 1261.0
1432160 1256.7
1432170 1256.7
1432180 1252.9
1432190 1249.0
1432200 1249.0
1432210 1244.4
1432220 1239.8
1432230 1239.8
1432240 1235.5
1432250 1231.2
1432260 1231.2
1432270 1226.7
1432280 1222.0
1432290 1222.0
1432300 1217.0
1432310 1211.6
1432320 1206.8
1432330 1206.8
1432340 1201.9
1432350 1195.0
1432360 1195.0
1432370 1189.4
1432380 1185.0
1432390 1185.0
1432400 1180.7
1432410 1176.9
1432420 1176.9
1432430 1173.5
1432440 1170.1
1432450 1170.1
1432460 1166.4
1432470 1161.6
1432480 1161.6
1432490 1157.9
1432500 1153.8
1432510 1149.1
1432520 1149.1
1432530 1144.1
1432540 1139.5
1432550 1139.5
1432560 1135.2
1432570 1130.9
1432580 1130.9
1432590 1126.8
1432600 1121.5
1432610 1121.5
1432620 1114.9
1432630 1109.5
1432640 1109.5
1432650 1103.9
1432660 1097.9
1432670 1097.9
1432680 1092.7
1432690 1087.8
1432700 1083.3
1432710 1083.3
1432720 1079.3
1432730 1075.8
1432740 1075.8
1432750 1072.6
1432760 1068.6
1432770 1068.6
1432780 1065.2
1432790 1062.1
1432800 1062.1
1432810 1059.1
1432820 1055.8
1432830 1055.8
1432840 1052.5
1432850 1048.8
1432860 1048.8
1432870 1044.5
1432880 1040.1
1432890 1035.8
1432900 1035.8
1432910 1032.1
1432920 1029.0
1432930 1029.0
1432940 1026.3
1432950 1022.5
1432960 1022.5
1432970 1018.8
1432980 1016.0
1432990 1016.0
1433000 1012.8
1433010 1009.0
1433020 1009.0
1433030 1005.3
1433040 1001.8
1433050 1001.8
1433060 998.0
1433070 994.5
1433080 991.2
1433090 991.2
1433100 987.7
1433110 984.4
1433120 984.4
1433130 981.3
1433140 977.9
1433150 977.9
1433160 974.4
1433170 971.1
1433180 971.1
1433190 967.7
1433200 964.6
1433210 964.6
1433220 961.7
1433230 959.2
1433240 958.0
1433250 958.0
1433260 957.4
1433270 956.2
1433280 956.2
1433290 954.3
1433300 953.5
1433310 953.5
1433320 952.1
1433330 951.5
1433340 951.5
1433350 951.4
1433360 949.8
1433370 949.8
1433380 946.0
1433390 943.8
1433400 943.8
1433410 942.4
1433420 941.4
1433430 940.7
1433440 940.7
1433450 940.4
1433460 939.6
1433470 939.6
1433480 938.5
1433490 937.7
1433500 937.7
1433510 937.4
1433520 936.4
1433530 936.4
1433540 934.8
1433550 934.5
1433560 934.5
1433570 933.9
1433580 932.5
1433590 932.5
1433600 931.3
1433610 930.7
1433620 930.3
1433630 930.3
1433640 929.9
1433650 928.4
1433660 928.4
1433670 926.2
1433680 924.8
1433690 924.8
1433700 923.9
1433710 922.9
1433720 922.9
1433730 921.9
1433740 920.9
1433750 920.9
1433760 920.0
1433770 919.1
1433780 919.1
1433790 918.1
1433800 916.8
1433810 915.5
1433820 915.5
1433830 914.6
1433840 914.0
1433850 914.0
1433860 913.2
1433870 911.6
1433880 911.6
1433890 905.8
1433900 897.4
1433910 897.4
1433920 888.9
1433930 880.7
1433940 880.7
1433950 873.7
1433960 869.4
1433970 869.4
1433980 868.4
1433990 869.9
1434000 870.5
1434010 870.5
1434020 870.5
1434030 870.6
1434040 870.6
1434050 870.8
1434060 871.2
1434070 871.2
1434080 872.7
1434090 875.7
1434100 875.7
1434110 879.6
1434120 883.4
1434130 883.4
1434140 884.5
1434150 884.5
1434160 884.5
1434170 884.6
1434180 885.3
1434190 886.1
1434200 886.1
1434210 887.2
1434220 887.7
1434230 887.7
1434240 887.4
1434250 887.0
1434260 887.0
1434270 886.7
1434280 886.4
1434290 886.4
1434300 886.3
1434310 885.6
1434320 885.6
1434330 885.0
1434340 885.0
1434350 885.2
1434360 885.2
1434370 885.8
1434380 887.1
1434390 887.1
1434400 888.9
1434410 891.7
1434420 891.7
1434430 895.5
1434440 900.2
1434450 900.2
1434460 905.6
1434470 911.4
1434480 911.4
1434490 918.1
1434500 924.4
1434510 924.4
1434520 931.1
1434530 938.4
1434540 944.9
1434550 944.9
1434560 949.8
1434570 954.3
1434580 954.3
1434590 958.0
1434600 961.3
1434610 961.3
1434620 964.6
1434630 967.9
1434640 967.9
1434650 972.5
1434660 977.4
1434670 977.4
1434680 982.5
1434690 988.1
1434700 988.1
1434710 994.7
1434720 1001.0
1434730 1007.7
1434740 1007.7
1434750 1013.9
1434760 1018.7
1434770 1018.7
1434780 1026.2
1434790 1034.3
1434800 1034.3
1434810 1041.0
1434820 1046.6
1434830 1046.6
1434840 1057.9
1434850 1067.4
1434860 1067.4
1434870 1072.1
1434880 1078.8
1434890 1078.8
1434900 1089.3
1434910 1103.4
1434920 1113.4
1434930 1113.4
1434940 1118.7
1434950 1122.4
1434960 1122.4
1434970 1127.0
1434980 1131.7
1434990 1131.7
1435000 1135.6
1435010 1139.2
1435020 1139.2
1435030 1142.1
1435040 1145.0
1435050 1145.0
1435060 1149.4
1435070 1153.8
1435080 1153.8
1435090 1158.5
1435100 1162.9
1435110 1167.9
1435120 1167.9
1435130 1171.1
1435140 1177.9
1435150 1177.9
1435160 1184.4
1435170 1191.5
1435180 1191.5
1435190 1198.9
1435200 1205.6
1435210 1205.6
1435220 1209.9
1435230 1212.1
1435240 1212.1
1435250 1214.5
1435260 1219.2
1435270 1219.2
1435280 1223.1
1435290 1225.0
1435300 1226.8
1435310 1226.8
1435320 1229.0
1435330 1231.4
1435340 1231.4
1435350 1235.3
1435360 1240.2
1435370 1240.2
1435380 1243.8
1435390 1251.2
1435400 1251.2
1435410 1261.8
1435420 1276.9
1435430 1276.9
1435440 1284.9
1435450 1286.3
1435460 1287.7
1435470 1287.7
1435480 1288.8
1435490 1290.1
1435500 1290.1
1435510 1291.7
1435520 1290.9
1435530 1290.9
1435540 1289.4
1435550 1287.6
1435560 1287.6
1435570 1286.4
1435580 1286.9
1435590 1286.9
1435600 1287.9
1435610 1288.2
1435620 1288.2
1435630 1288.2
1435640 1289.0
1435650 1290.5
1435660 1290.5
1435670 1292.5
1435680 1294.8
1435690 1294.8
1435700 1297.2
1435710 1299.8
1435720 1299.8
1435730 1302.7
1435740 1306.8
1435750 1306.8
1435760 1310.6
1435770 1312.5
1435780 1312.5
1435790 1313.6
1435800 1315.0
1435810 1315.0
1435820 1316.2
1435830 1316.8
1435840 1318.1
1435850 1318.1
1435860 1319.4
1435870 1322.6
1435880 1322.6
1435890 1325.8
1435900 1327.8
1435910 1327.8
1435920 1326.9
1435930 1330.6
1435940 1330.6
1435950 1334.6
1435960 1339.3
1435970 1339.3
1435980 1343.5
1435990 1344.2
1436000 1344.2
1436010 1344.6
1436020 1345.0
1436030 1345.8
1436040 1345.8
1436050 1346.9
1436060 1347.5
1436070 1347.5
1436080 1347.2
1436090 1346.4
1436100 1346.4
1436110 1346.7
1436120 1348.2
1436130 1348.2
1436140 1349.6
1436150 1350.9
1436160 1350.9
1436170 1354.9
1436180 1360.8
1436190 1360.8
1436200 1362.6
1436210 1364.4
1436220 1367.2
1436230 1367.2
1436240 1369.5
1436250 1371.4
1436260 1371.4
1436270 1373.8
1436280 1374.6
1436290 1374.6
1436300 1375.5
1436310 1376.5
1436320 1376.5
1436330 1377.2
1436340 1376.9
1436350 1376.9
1436360 1378.6
1436370 1380.1
1436380 1380.1
1436390 1382.5
1436400 1385.8
1436410 1387.3
1436420 1387.3
1436430 1388.1
1436440 1389.1
1436450 1389.1
1436460 1390.1
1436470 1390.9
1436480 1390.9
1436490 1392.9
1436500 1395.3
1436510 1395.3
1436520 1396.1
1436530 1395.0
1436540 1395.0
1436550 1393.1
1436560 1392.0
1436570 1392.0
1436580 1389.8
1436590 1389.5
1436600 1389.4
1436610 1389.4
1436620 1388.1
1436630 1384.9
1436640 1384.9
1436650 1381.8
1436660 1379.6
1436670 1379.6
1436680 1378.2
1436690 1377.3
1436700 1377.3
1436710 1376.2
1436720 1375.6
1436730 1375.6
1436740 1375.0
1436750 1375.6
1436760 1376.6
1436770 1376.6
1436780 1377.2
1436790 1378.5
1436800 1378.5
1436810 1379.2
1436820 1379.4
1436830 1379.4
1436840 1379.9
1436850 1379.9
1436860 1379.9
1436870 1380.3
1436880 1381.6
1436890 1381.6
1436900 1382.3
1436910 1383.3
1436920 1383.3
1436930 1383.6
1436940 1384.3
1436950 1384.7
1436960 1384.7
1436970 1385.1
1436980 1386.3
1436990 1386.3
1437000 1387.5
1437010 1388.8
1437020 1388.8
1437030 1390.1
1437040 1391.8
1437050 1391.8
1437060 1393.0
1437070 1393.2
1437080 1393.2
1437090 1394.1
1437100 1395.6
1437110 1395.6
1437120 1397.1
1437130 1397.6
1437140 1397.8
1437150 1397.8
1437160 1397.8
1437170 1397.6
1437180 1397.6
1437190 1397.6
1437200 1397.9
1437210 1397.9
1437220 1398.6
1437230 1399.2
1437240 1399.2
1437250 1400.0
1437260 1400.1
1437270 1400.1
1437280 1401.0
1437290 1402.1
1437300 1402.1
1437310 1403.1
1437320 1405.1
1437330 1406.7
1437340 1406.7
1437350 1409.2
1437360 1411.0
1437370 1411.0
1437380 1411.0
1437390 1409.5
1437400 1409.5
1437410 1409.0
1437420 1411.6
1437430 1411.6
1437440 1414.8
1437450 1418.7
1437460 1418.7
1437470 1421.2
1437480 1423.5
1437490 1423.5
1437500 1424.9
1437510 1425.9
1437520 1428.3
1437530 1428.3
1437540 1431.6
1437550 1434.3
1437560 1434.3
1437570 1435.8
1437580 1436.9
1437590 1436.9
1437600 1437.2
1437610 1437.1
1437620 1437.1
1437630 1437.6
1437640 1437.6
1437650 1437.6
1437660 1437.3
1437670 1437.7
1437680 1437.7
1437690 1438.1
1437700 1438.3
1437710 1439.1
1437720 1439.1
1437730 1439.7
1437740 1440.4
1437750 1440.4
1437760 1441.7
1437770 1442.6
1437780 1442.6
1437790 1442.8
1437800 1442.5
1437810 1442.5
1437820 1441.4
1437830 1440.7
1437840 1440.7
1437850 1439.9
1437860 1439.5
1437870 1439.8
1437880 1439.8
1437890 1440.4
1437900 1440.5
1437910 1440.5
1437920 1441.0
1437930 1442.0
1437940 1442.0
1437950 1443.5
1437960 1445.5
1437970 1445.5
1437980 1447.8
1437990 1451.0
1438000 1451.0
1438010 1452.6
1438020 1453.8
1438030 1453.8
1438040 1455.5
1438050 1458.1
1438060 1461.0
1438070 1461.0
1438080 1464.1
1438090 1466.7
1438100 1466.7
1438110 1468.3
1438120 1469.7
1438130 1469.7
1438140 1471.1
1438150 1473.2
1438160 1473.2
1438170 1475.9
1438180 1478.6
1438190 1478.6
1438200 1480.1
1438210 1480.3
1438220 1480.3
1438230 1481.0
1438240 1483.1
1438250 1487.2
1438260 1487.2
1438270 1492.2
1438280 1496.1
1438290 1496.1
1438300 1498.0
1438310 1498.7
1438320 1498.7
1438330 1499.7
1438340 1501.0
1438350 1501.0
1438360 1502.3
1438370 1502.8
1438380 1502.8
1438390 1502.4
1438400 1501.6
1438410 1501.6
1438420 1501.2
1438430 1501.3
1438440 1501.2
1438450 1501.2
1438460 1501.1
1438470 1500.8
1438480 1500.8
1438490 1500.0
1438500 1499.8
1438510 1499.8
1438520 1499.6
1438530 1499.4
1438540 1499.4
1438550 1499.5
1438560 1499.9
1438570 1499.9
1438580 1500.2
1438590 1499.6
1438600 1494.8
1438610 1493.3
1438620 1491.2
1438630 1492.2
1438640 1492.2
1438650 1493.9
1438660 1496.3
1438670 1496.3
1438680 1498.6
1438690 1499.9
1438700 1499.9
1438710 1502.6
1438720 1504.6
1438730 1504.6
1438740 1505.9
1438750 1507.1
1438760 1507.1
1438770 1507.4
1438780 1506.3
1438790 1506.3
1438800 1505.0
1438810 1503.3
1438820 1504.4
1438830 1504.4
1438840 1506.8
1438850 1507.2
1438860 1507.2
1438870 1505.2
1438880 1502.4
1438890 1502.4
1438900 1501.6
1438910 1502.6
1438920 1502.6
1438930 1502.0
1438940 1501.6
1438950 1501.6
1438960 1504.0
1438970 1505.7
1438980 1505.7
1438990 1505.4
1439000 1504.9
1439010 1505.1
1439020 1505.1
1439030 1506.9
1439040 1509.2
1439050 1509.2
1439060 1510.9
1439070 1512.2
1439080 1512.2
1439090 1513.2
1439100 1515.3
1439110 1515.3
1439120 1518.3
1439130 1521.0
1439140 1521.0
1439150 1523.6
1439160 1526.6
1439170 1528.8
1439180 1528.8
1439190 1530.0
1439200 1530.8
1439210 1530.8
1439220 1531.0
1439230 1530.9
1439240 1530.9
1439250 1530.5
1439260 1531.3
1439270 1531.3
1439280 1532.3
1439290 1532.4
1439300 1532.4
1439310 1532.9
1439320 1532.8
1439330 1532.8
1439340 1533.0
1439350 1533.2
1439360 1534.2
1439370 1534.2
1439380 1534.9
1439390 1535.9
1439400 1535.9
1439410 1536.3
1439420 1536.9
1439430 1536.9
1439440 1537.1
1439450 1537.9
1439460 1537.9
1439470 1542.2
1439480 1545.9
1439490 1545.9
1439500 1548.5
1439510 1550.0
1439520 1550.0
1439530 1550.1
1439540 1550.2
1439550 1549.3
1439560 1549.3
1439570 1552.4
1439580 1554.4
1439590 1554.4
1439600 1555.2
1439610 1556.3
1439620 1556.3
1439630 1557.6
1439640 1558.2
1439650 1558.2
1439660 1558.7
1439670 1558.5
1439680 1558.5
1439690 1558.5
1439700 1560.1
1439710 1560.1
1439720 1561.4
1439730 1561.6
1439740 1561.5
1439750 1561.5
1439760 1561.5
1439770 1561.4
1439780 1561.4
1439790 1562.0
1439800 1562.7
1439810 1562.7
1439820 1562.9
1439830 1563.2
1439840 1563.2
1439850 1564.3
1439860 1566.3
1439870 1566.3
1439880 1569.0
1439890 1570.8
1439900 1570.8
1439910 1572.2
1439920 1572.9
1439930 1573.6
1439940 1573.6
1439950 1574.1
1439960 1574.6
1439970 1574.6
1439980 1574.8
1439990 1573.5
