1420000 2191.9
1420010 2193.4
1420020 2195.8
1420030 2195.8
1420040 2197.3
1420050 2198.3
1420060 2198.3
1420070 2199.2
1420080 2198.5
1420090 2198.5
1420100 2196.1
1420110 2193.2
1420120 2193.2
1420130 2191.9
1420140 2188.8
1420150 2188.8
1420160 2181.2
1420170 2175.4
1420180 2169.8
1420190 2169.8
1420200 2162.0
1420210 2153.2
1420220 2153.2
1420230 2147.8
1420240 2144.3
1420250 2144.3
1420260 2141.5
1420270 2141.8
1420280 2141.8
1420290 2142.7
1420300 2144.8
1420310 2144.8
1420320 2148.3
1420330 2153.0
1420340 2153.0
1420350 2157.3
1420360 2161.1
1420370 2164.0
1420380 2164.0
1420390 2166.3
1420400 2167.8
1420410 2167.8
1420420 2169.7
1420430 2173.6
1420440 2173.6
1420450 2177.6
1420460 2180.5
1420470 2180.5
1420480 2182.3
1420490 2182.5
1420500 2182.5
1420510 2182.8
1420520 2183.4
1420530 2183.4
1420540 2183.7
1420550 2184.1
1420560 2184.5
1420570 2184.5
1420580 2184.0
1420590 2183.3
1420600 2183.3
1420610 2181.7
1420620 2180.5
1420630 2180.5
1420640 2180.8
1420650 2183.0
1420660 2183.0
1420670 2186.0
1420680 2189.0
1420690 2189.0
1420700 2191.6
1420710 2194.2
1420720 2194.2
1420730 2196.1
1420740 2197.8
1420750 2201.6
1420760 2201.6
1420770 2209.6
1420780 2218.0
1420790 2218.0
1420800 2224.7
1420810 2230.5
1420820 2230.5
1420830 2235.7
1420840 2241.8
1420850 2241.8
1420860 2245.8
1420870 2247.8
1420880 2247.8
1420890 2248.8
1420900 2249.5
1420910 2249.5
1420920 2250.4
1420930 2252.0
1420940 2254.9
1420950 2254.9
1420960 2258.6
1420970 2262.9
1420980 2262.9
1420990 2266.9
1421000 2270.1
1421010 2270.1
1421020 2272.3
1421030 2275.4
1421040 2275.4
1421050 2276.5
1421060 2277.5
1421070 2277.5
1421080 2279.6
1421090 2283.0
1421100 2283.0
1421110 2285.0
1421120 2286.1
1421130 2286.8
1421140 2286.8
1421150 2288.1
1421160 2289.3
1421170 2289.3
1421180 2289.7
1421190 2290.2
1421200 2290.2
1421210 2291.5
1421220 2293.4
1421230 2293.4
1421240 2294.6
1421250 2296.7
1421260 2296.7
1421270 2298.5
1421280 2300.0
1421290 2300.0
1421300 2301.3
1421310 2303.1
1421320 2306.2
1421330 2306.2
1421340 2307.0
1421350 2306.8
1421360 2306.8
1421370 2310.0
1421380 2312.7
1421390 2312.7
1421400 2316.5
1421410 2318.4
1421420 2318.4
1421430 2318.1
1421440 2319.6
1421450 2319.6
1421460 2322.1
1421470 2327.2
1421480 2327.2
1421490 2329.9
1421500 2332.3
1421510 2333.4
1421520 2333.4
1421530 2334.5
1421540 2337.7
1421550 2337.7
1421560 2339.5
1421570 2340.9
1421580 2340.9
1421590 2343.3
1421600 2346.5
1421610 2346.5
1421620 2347.1
1421630 2346.4
1421640 2346.4
1421650 2345.8
1421660 2346.0
1421670 2346.0
1421680 2347.2
1421690 2348.8
1421700 2349.4
1421710 2349.4
1421720 2349.7
1421730 2349.9
1421740 2349.9
1421750 2350.6
1421760 2352.3
1421770 2352.3
1421780 2355.0
1421790 2357.1
1421800 2357.1
1421810 2358.4
1421820 2359.4
1421830 2359.4
1421840 2359.5
1421850 2359.1
1421860 2359.6
1421870 2359.6
1421880 2360.4
1421890 2363.6
1421900 2363.6
1421910 2365.1
1421920 2365.4
1421930 2365.4
1421940 2363.6
1421950 2362.4
1421960 2362.4
1421970 2362.6
1421980 2364.2
1421990 2364.2
1422000 2365.8
1422010 2365.6
1422020 2365.6
1422030 2364.6
1422040 2362.5
1422050 2362.3
1422060 2362.3
1422070 2361.4
1422080 2360.3
1422090 2360.3
1422100 2357.7
1422110 2353.9
1422120 2353.9
1422130 2352.4
1422140 2354.0
1422150 2347.6
1422160 2350.0
1422170 2353.1
1422180 2353.1
1422190 2356.5
1422200 2359.4
1422210 2359.4
1422220 2363.1
1422230 2367.8
1422240 2372.8
1422250 2372.8
1422260 2377.2
1422270 2382.9
1422280 2382.9
1422290 2387.7
1422300 2392.0
1422310 2392.0
1422320 2396.6
1422330 2401.0
1422340 2401.0
1422350 2409.9
1422360 2418.2
1422370 2418.2
1422380 2423.7
1422390 2428.6
1422400 2428.6
1422410 2431.2
1422420 2427.9
1422430 2421.9
1422440 2421.9
1422450 2415.4
1422460 2408.8
1422470 2408.8
1422480 2402.0
1422490 2395.9
1422500 2395.9
1422510 2390.0
1422520 2385.7
1422530 2385.7
1422540 2381.5
1422550 2376.8
1422560 2376.8
1422570 2372.5
1422580 2368.5
1422590 2368.5
1422600 2363.5
1422610 2357.2
1422620 2350.7
1422630 2350.7
1422640 2344.7
1422650 2339.0
1422660 2339.0
1422670 2332.6
1422680 2328.4
1422690 2328.4
1422700 2324.9
1422710 2320.2
1422720 2320.2
1422730 2314.1
1422740 2309.6
1422750 2309.6
1422760 2306.1
1422770 2302.1
1422780 2302.1
1422790 2297.0
1422800 2291.8
1422810 2286.5
1422820 2286.5
1422830 2280.9
1422840 2275.7
1422850 2275.7
1422860 2270.3
1422870 2264.8
1422880 2264.8
1422890 2259.7
1422900 2255.5
1422910 2255.5
1422920 2251.6
1422930 2247.4
1422940 2247.4
1422950 2243.6
1422960 2240.0
1422970 2240.0
1422980 2236.4
1422990 2232.7
1423000 2229.0
1423010 2229.0
1423020 2225.1
1423030 2221.4
1423040 2221.4
1423050 2218.2
1423060 2215.0
1423070 2215.0
1423080 2212.2
1423090 2209.4
1423100 2209.4
1423110 2206.2
1423120 2202.7
1423130 2202.7
1423140 2198.3
1423150 2192.8
1423160 2192.8
1423170 2187.6
1423180 2183.1
1423190 2179.3
1423200 2179.3
1423210 2176.8
1423220 2175.5
1423230 2175.5
1423240 2172.3
1423250 2166.1
1423260 2166.1
1423270 2161.0
1423280 2156.2
1423290 2156.2
1423300 2151.3
1423310 2147.8
1423320 2147.8
1423330 2145.5
1423340 2142.7
1423350 2142.7
1423360 2138.0
1423370 2134.7
1423380 2131.9
1423390 2131.9
1423400 2128.4
1423410 2123.7
1423420 2123.7
1423430 2117.9
1423440 2112.6
1423450 2112.6
1423460 2109.3
1423470 2106.1
1423480 2106.1
1423490 2101.9
1423500 2097.1
1423510 2097.1
1423520 2092.0
1423530 2086.8
1423540 2086.8
1423550 2081.7
1423560 2076.8
1423570 2071.7
1423580 2071.7
1423590 2067.6
1423600 2068.3
1423610 2068.3
1423620 2068.5
1423630 2066.4
1423640 2066.4
1423650 2061.1
1423660 2055.0
1423670 2055.0
1423680 2050.1
1423690 2045.2
1423700 2045.2
1423710 2042.1
1423720 2038.5
1423730 2034.5
1423740 2034.5
1423750 2031.7
1423760 2028.3
1423770 2028.3
1423780 2023.1
1423790 2019.0
1423800 2019.0
1423810 2014.4
1423820 2010.4
1423830 2010.4
1423840 2006.8
1423850 2002.9
1423860 2002.9
1423870 1999.9
1423880 1998.7
1423890 1998.7
1423900 1999.4
1423910 1999.0
1423920 1998.3
1423930 1998.3
1423940 1997.3
1423950 1996.1
1423960 1996.1
1423970 1995.2
1423980 1994.5
1423990 1994.5
1424000 1994.9
1424010 1995.7
1424020 1995.7
1424030 1994.7
1424040 1990.1
1424050 1990.1
1424060 1988.3
1424070 1985.4
1424080 1985.4
1424090 1980.9
1424100 1976.2
1424110 1971.6
1424120 1971.6
1424130 1965.7
1424140 1961.2
1424150 1961.2
1424160 1955.7
1424170 1950.7
1424180 1950.7
1424190 1944.0
1424200 1942.0
1424210 1942.0
1424220 1937.5
1424230 1932.7
1424240 1932.7
1424250 1928.9
1424260 1924.8
1424270 1924.8
1424280 1920.1
1424290 1916.4
1424300 1912.7
1424310 1912.7
1424320 1908.6
1424330 1904.2
1424340 1904.2
1424350 1902.1
1424360 1903.8
1424370 1903.8
1424380 1904.6
1424390 1900.1
1424400 1900.1
1424410 1892.7
1424420 1886.4
1424430 1886.4
1424440 1881.8
1424450 1878.7
1424460 1878.7
1424470 1876.1
1424480 1871.0
1424490 1865.7
1424500 1865.7
1424510 1859.0
1424520 1851.1
1424530 1851.1
1424540 1843.1
1424550 1836.2
1424560 1836.2
1424570 1830.6
1424580 1824.7
1424590 1824.7
1424600 1818.3
1424610 1812.3
1424620 1812.3
1424630 1807.5
1424640 1802.7
1424650 1802.7
1424660 1798.3
1424670 1794.2
1424680 1790.2
1424690 1790.2
1424700 1786.6
1424710 1783.2
1424720 1783.2
1424730 1779.8
1424740 1776.4
1424750 1776.4
1424760 1773.0
1424770 1769.5
1424780 1769.5
1424790 1765.6
1424800 1762.0
1424810 1762.0
1424820 1759.1
1424830 1756.2
1424840 1756.2
1424850 1753.7
1424860 1751.1
1424870 1748.4
1424880 1748.4
1424890 1745.7
1424900 1743.2
1424910 1743.2
1424920 1740.4
1424930 1737.1
1424940 1737.1
1424950 1733.4
1424960 1729.3
1424970 1729.3
1424980 1725.6
1424990 1723.1
1425000 1723.1
1425010 1720.4
1425020 1716.1
1425030 1716.1
1425040 1710.8
1425050 1704.5
1425060 1699.3
1425070 1699.3
1425080 1695.2
1425090 1690.6
1425100 1690.6
1425110 1687.1
1425120 1683.4
1425130 1683.4
1425140 1678.0
1425150 1672.2
1425160 1672.2
1425170 1665.9
1425180 1659.5
1425190 1659.5
1425200 1653.2
1425210 1647.2
1425220 1647.2
1425230 1641.2
1425240 1635.5
1425250 1630.4
1425260 1630.4
1425270 1625.5
1425280 1620.6
1425290 1620.6
1425300 1615.6
1425310 1610.0
1425320 1610.0
1425330 1603.8
1425340 1597.0
1425350 1597.0
1425360 1590.3
1425370 1584.0
1425380 1584.0
1425390 1577.3
1425400 1570.8
1425410 1570.8
1425420 1564.5
1425430 1558.8
1425440 1553.6
1425450 1553.6
1425460 1550.4
1425470 1548.2
1425480 1548.2
1425490 1545.2
1425500 1540.3
1425510 1540.3
1425520 1534.0
1425530 1526.8
1425540 1526.8
1425550 1519.2
1425560 1511.4
1425570 1511.4
1425580 1504.5
1425590 1497.7
1425600 1497.7
1425610 1491.0
1425620 1484.4
1425630 1477.0
1425640 1477.0
1425650 1469.5
1425660 1464.0
1425670 1464.0
1425680 1459.3
1425690 1455.7
1425700 1455.7
1425710 1451.7
1425720 1446.2
1425730 1446.2
1425740 1440.3
1425750 1438.5
1425760 1438.5
1425770 1436.7
1425780 1430.7
1425790 1423.5
1425800 1423.5
1425810 1416.9
1425820 1413.4
1425830 1413.4
1425840 1410.2
1425850 1407.4
1425860 1407.4
1425870 1403.7
1425880 1398.7
1425890 1398.7
1425900 1397.5
1425910 1396.4
1425920 1396.4
1425930 1391.1
1425940 1384.6
1425950 1384.6
1425960 1378.1
1425970 1371.5
1425980 1365.2
1425990 1365.2
1426000 1359.2
1426010 1352.2
1426020 1352.2
1426030 1348.7
1426040 1349.2
1426050 1349.2
1426060 1349.7
1426070 1351.7
1426080 1351.7
1426090 1354.7
1426100 1359.1
1426110 1359.1
1426120 1363.4
1426130 1367.1
1426140 1367.1
1426150 1371.0
1426160 1375.8
1426170 1380.6
1426180 1380.6
1426190 1384.9
1426200 1389.7
1426210 1389.7
1426220 1393.3
1426230 1396.5
1426240 1396.5
1426250 1398.2
1426260 1399.2
1426270 1399.2
1426280 1401.1
1426290 1404.0
1426300 1404.0
1426310 1405.6
1426320 1406.3
1426330 1406.3
1426340 1404.6
1426350 1406.5
1426360 1409.2
1426370 1409.2
1426380 1412.1
1426390 1414.8
1426400 1414.8
1426410 1417.0
1426420 1419.8
1426430 1419.8
1426440 1422.8
1426450 1425.6
1426460 1425.6
1426470 1429.5
1426480 1433.5
1426490 1433.5
1426500 1435.6
1426510 1437.1
1426520 1437.1
1426530 1438.7
1426540 1440.7
1426550 1440.8
1426560 1440.8
1426570 1440.5
1426580 1442.0
1426590 1442.0
1426600 1447.5
1426610 1452.8
1426620 1452.8
1426630 1456.4
1426640 1459.2
1426650 1459.2
1426660 1461.0
1426670 1462.0
1426680 1462.0
1426690 1463.4
1426700 1465.8
1426710 1465.8
1426720 1471.1
1426730 1477.9
1426740 1482.9
1426750 1482.9
1426760 1490.2
1426770 1496.7
1426780 1496.7
1426790 1502.5
1426800 1507.7
1426810 1507.7
1426820 1511.4
1426830 1514.9
1426840 1514.9
1426850 1518.6
1426860 1521.6
1426870 1521.6
1426880 1524.3
1426890 1526.6
1426900 1526.6
1426910 1529.1
1426920 1531.6
1426930 1534.1
1426940 1534.1
1426950 1537.2
1426960 1540.6
1426970 1540.6
1426980 1544.8
1426990 1548.8
1427000 1548.8
1427010 1551.9
1427020 1555.7
1427030 1555.7
1427040 1560.5
1427050 1565.1
1427060 1565.1
1427070 1569.2
1427080 1573.3
1427090 1573.3
1427100 1575.1
1427110 1577.4
1427120 1580.5
1427130 1580.5
1427140 1582.9
1427150 1583.7
1427160 1583.7
1427170 1583.8
1427180 1583.4
1427190 1583.4
1427200 1585.1
1427210 1587.8
1427220 1587.8
1427230 1590.7
1427240 1594.0
1427250 1594.0
1427260 1597.2
1427270 1599.9
1427280 1599.9
1427290 1602.2
1427300 1604.1
1427310 1605.8
1427320 1605.8
1427330 1607.1
1427340 1608.0
1427350 1608.0
1427360 1608.5
1427370 1608.8
1427380 1608.8
1427390 1609.2
1427400 1609.4
1427410 1609.4
1427420 1609.2
1427430 1609.9
1427440 1609.9
1427450 1610.9
1427460 1612.1
1427470 1612.1
1427480 1614.2
1427490 1617.7
1427500 1622.5
1427510 1622.5
1427520 1627.2
1427530 1631.3
1427540 1631.3
1427550 1635.9
1427560 1640.8
1427570 1640.8
1427580 1645.3
1427590 1650.2
1427600 1650.2
1427610 1655.6
1427620 1661.1
1427630 1661.1
1427640 1666.7
1427650 1671.3
1427660 1671.3
1427670 1674.5
1427680 1676.8
1427690 1679.7
1427700 1679.7
1427710 1683.1
1427720 1685.9
1427730 1685.9
1427740 1688.4
1427750 1690.6
1427760 1690.6
1427770 1692.7
1427780 1695.3
1427790 1695.3
1427800 1699.0
1427810 1703.3
1427820 1703.3
1427830 1708.4
1427840 1714.1
1427850 1719.8
1427860 1719.8
1427870 1725.8
1427880 1731.9
1427890 1731.9
1427900 1737.5
1427910 1742.5
1427920 1742.5
1427930 1747.0
1427940 1750.9
1427950 1750.9
1427960 1754.1
1427970 1757.0
1427980 1757.0
1427990 1759.6
1428000 1762.1
1428010 1762.1
1428020 1764.6
1428030 1767.0
1428040 1769.0
1428050 1769.0
1428060 1771.7
1428070 1774.5
1428080 1774.5
1428090 1776.0
1428100 1776.8
1428110 1776.8
1428120 1777.3
1428130 1778.0
1428140 1778.0
1428150 1776.1
1428160 1773.8
1428170 1773.8
1428180 1773.0
1428190 1773.9
1428200 1773.9
1428210 1776.9
1428220 1780.7
1428230 1784.5
1428240 1784.5
1428250 1788.3
1428260 1792.4
1428270 1792.4
1428280 1796.0
1428290 1799.0
1428300 1799.0
1428310 1802.1
1428320 1805.0
1428330 1805.0
1428340 1807.8
1428350 1810.1
1428360 1810.1
1428370 1812.6
1428380 1815.2
1428390 1815.2
1428400 1818.1
1428410 1820.9
1428420 1823.6
1428430 1823.6
1428440 1827.2
1428450 1830.7
1428460 1830.7
1428470 1833.5
1428480 1836.0
1428490 1836.0
1428500 1838.9
1428510 1843.4
1428520 1843.4
1428530 1848.4
1428540 1853.5
1428550 1853.5
1428560 1858.9
1428570 1861.3
1428580 1861.3
1428590 1867.6
1428600 1874.3
1428610 1881.1
1428620 1881.1
1428630 1888.1
1428640 1895.2
1428650 1895.2
1428660 1901.6
1428670 1906.8
1428680 1906.8
1428690 1910.7
1428700 1913.2
1428710 1913.2
1428720 1915.3
1428730 1916.6
1428740 1916.6
1428750 1917.7
1428760 1918.9
1428770 1918.9
1428780 1919.9
1428790 1921.4
1428800 1923.1
1428810 1923.1
1428820 1924.6
1428830 1926.1
1428840 1926.1
1428850 1927.8
1428860 1928.2
1428870 1928.2
1428880 1929.5
1428890 1931.5
1428900 1931.5
1428910 1933.2
1428920 1935.3
1428930 1935.3
1428940 1937.7
1428950 1940.4
1428960 1940.4
1428970 1944.3
1428980 1949.1
1428990 1955.4
1429000 1955.4
1429010 1961.5
1429020 1967.7
1429030 1967.7
1429040 1973.3
1429050 1978.9
1429060 1978.9
1429070 1984.2
1429080 1988.9
1429090 1988.9
1429100 1993.0
1429110 1996.4
1429120 1996.4
1429130 1999.1
1429140 2002.6
1429150 2002.6
1429160 2007.3
1429170 2011.4
1429180 2014.6
1429190 2014.6
1429200 2018.5
1429210 2022.2
1429220 2022.2
1429230 2025.4
1429240 2028.4
1429250 2028.4
1429260 2031.4
1429270 2034.5
1429280 2034.5
1429290 2037.2
1429300 2042.0
1429310 2042.0
1429320 2047.4
1429330 2053.2
1429340 2053.2
1429350 2058.4
1429360 2063.6
1429370 2068.0
1429380 2068.0
1429390 2072.6
1429400 2076.6
1429410 2076.6
1429420 2080.9
1429430 2084.5
1429440 2084.5
1429450 2088.8
1429460 2093.3
1429470 2093.3
1429480 2096.4
1429490 2099.6
1429500 2099.6
1429510 2103.8
1429520 2108.3
1429530 2108.3
1429540 2112.4
1429550 2112.0
1429560 2109.6
1429570 2109.6
1429580 2107.1
1429590 2108.6
1429600 2108.6
1429610 2111.0
1429620 2112.4
1429630 2112.4
1429640 2113.4
1429650 2113.5
1429660 2113.5
1429670 2113.2
1429680 2113.6
1429690 2113.6
1429700 2113.6
1429710 2112.4
1429720 2112.4
1429730 2110.7
1429740 2108.9
1429750 2105.8
1429760 2105.8
1429770 2103.5
1429780 2101.6
1429790 2101.6
1429800 2099.3
1429810 2096.5
1429820 2096.5
1429830 2094.9
1429840 2092.9
1429850 2092.9
1429860 2090.0
1429870 2089.7
1429880 2089.7
1429890 2089.2
1429900 2088.1
1429910 2088.3
1429920 2088.3
1429930 2088.8
1429940 2088.2
1429950 2088.2
1429960 2086.6
1429970 2084.4
1429980 2084.4
1429990 2081.9
1430000 2079.0
1430010 2079.0
1430020 2076.3
1430030 2074.7
1430040 2074.7
1430050 2074.0
1430060 2073.5
1430070 2073.5
1430080 2072.9
1430090 2072.3
1430100 2071.5
1430110 2071.5
1430120 2069.6
1430130 2066.0
1430140 2066.0
1430150 2064.6
1430160 2065.0
1430170 2065.0
1430180 2064.7
1430190 2063.4
1430200 2063.4
1430210 2061.7
1430220 2060.0
1430230 2060.0
1430240 2058.0
1430250 2057.5
1430260 2057.5
1430270 2055.7
1430280 2051.7
1430290 2050.6
1430300 2050.6
1430310 2052.5
1430320 2052.0
1430330 2052.0
1430340 2050.5
1430350 2050.0
1430360 2050.0
1430370 2048.0
1430380 2045.7
1430390 2045.7
1430400 2042.8
1430410 2040.9
1430420 2040.9
1430430 2042.2
1430440 2044.6
1430450 2044.6
1430460 2044.4
1430470 2042.9
1430480 2041.3
1430490 2041.3
1430500 2038.2
1430510 2033.4
1430520 2033.4
1430530 2028.7
1430540 2024.9
1430550 2024.9
1430560 2021.5
1430570 2018.0
1430580 2018.0
1430590 2015.1
1430600 2012.2
1430610 2012.2
1430620 2009.7
1430630 2005.4
1430640 2005.4
1430650 1998.6
1430660 1990.9
1430670 1984.1
1430680 1984.1
1430690 1978.1
1430700 1973.0
1430710 1973.0
1430720 1969.6
1430730 1966.7
1430740 1966.7
1430750 1963.7
1430760 1961.3
1430770 1961.3
1430780 1959.2
1430790 1955.7
1430800 1955.7
1430810 1952.1
1430820 1949.4
1430830 1949.4
1430840 1946.3
1430850 1943.6
1430860 1940.2
1430870 1940.2
1430880 1930.9
1430890 1926.4
1430900 1926.4
1430910 1922.7
1430920 1919.8
1430930 1919.8
1430940 1916.7
1430950 1913.0
1430960 1913.0
1430970 1909.6
1430980 1906.6
1430990 1906.6
1431000 1903.3
1431010 1899.1
1431020 1899.1
1431030 1893.9
1431040 1889.4
1431050 1885.2
1431060 1885.2
1431070 1882.4
1431080 1880.2
1431090 1880.2
1431100 1878.3
1431110 1875.2
1431120 1875.2
1431130 1870.9
1431140 1866.9
1431150 1866.9
1431160 1863.9
1431170 1861.8
1431180 1861.8
1431190 1859.5
1431200 1856.8
1431210 1856.8
1431220 1853.5
1431230 1848.8
1431240 1843.6
1431250 1843.6
1431260 1837.3
1431270 1831.0
1431280 1831.0
1431290 1826.2
1431300 1821.2
1431310 1821.2
1431320 1816.3
1431330 1811.5
1431340 1811.5
1431350 1806.7
1431360 1802.2
1431370 1802.2
1431380 1798.1
1431390 1794.5
1431400 1794.5
1431410 1790.4
1431420 1785.6
1431430 1781.9
1431440 1781.9
1431450 1778.8
1431460 1775.9
1431470 1775.9
1431480 1772.8
1431490 1768.9
1431500 1768.9
1431510 1763.6
1431520 1759.2
1431530 1759.2
1431540 1755.9
1431550 1754.4
1431560 1754.4
1431570 1750.1
1431580 1744.7
1431590 1744.7
1431600 1739.8
1431610 1736.5
1431620 1735.2
1431630 1735.2
1431640 1733.3
1431650 1728.8
1431660 1728.8
1431670 1724.2
1431680 1719.9
1431690 1719.9
1431700 1715.1
1431710 1710.1
1431720 1710.1
1431730 1704.0
1431740 1697.9
1431750 1697.9
1431760 1692.0
1431770 1686.1
1431780 1686.1
1431790 1679.4
1431800 1672.3
1431810 1665.4
1431820 1665.4
1431830 1658.7
1431840 1651.2
1431850 1651.2
1431860 1643.5
1431870 1633.9
1431880 1633.9
1431890 1626.5
1431900 1618.9
1431910 1618.9
1431920 1609.2
1431930 1600.5
1431940 1600.5
1431950 1593.9
1431960 1581.6
1431970 1568.2
1431980 1568.2
1431990 1558.4
1432000 1554.8
1432010 1554.8
1432020 1553.4
1432030 1552.8
1432040 1552.8
1432050 1552.9
1432060 1552.1
1432070 1552.1
1432080 1551.4
1432090 1554.6
1432100 1554.6
1432110 1557.6
1432120 1558.9
1432130 1558.9
1432140 1558.8
1432150 1561.9
1432160 1558.3
1432170 1558.3
1432180 1551.8
1432190 1555.7
1432200 1555.7
1432210 1556.2
1432220 1552.4
1432230 1552.4
1432240 1550.0
1432250 1552.1
1432260 1552.1
1432270 1550.2
1432280 1550.9
1432290 1550.9
1432300 1557.6
1432310 1561.3
1432320 1561.3
1432330 1565.2
1432340 1569.2
1432350 1571.7
1432360 1571.7
1432370 1572.5
1432380 1571.9
1432390 1571.9
1432400 1570.5
1432410 1568.8
1432420 1568.8
1432430 1568.9
1432440 1570.0
1432450 1570.0
1432460 1571.3
1432470 1573.0
1432480 1573.0
1432490 1574.5
1432500 1576.7
1432510 1576.7
1432520 1577.5
1432530 1576.6
1432540 1575.3
1432550 1575.3
1432560 1572.7
1432570 1570.3
1432580 1570.3
1432590 1567.1
1432600 1564.4
1432610 1564.4
1432620 1561.5
1432630 1558.5
1432640 1558.5
1432650 1556.6
1432660 1555.4
1432670 1555.4
1432680 1555.2
1432690 1556.4
1432700 1556.4
1432710 1559.2
1432720 1563.2
1432730 1564.9
1432740 1564.9
1432750 1564.1
1432760 1561.1
1432770 1561.1
1432780 1557.0
1432790 1551.2
1432800 1551.2
1432810 1539.7
1432820 1529.4
1432830 1529.4
1432840 1523.0
1432850 1518.5
1432860 1518.5
1432870 1514.4
1432880 1511.0
1432890 1511.0
1432900 1507.4
1432910 1502.7
1432920 1499.1
1432930 1499.1
1432940 1494.6
1432950 1490.1
1432960 1490.1
1432970 1486.3
1432980 1483.1
1432990 1483.1
1433000 1480.0
1433010 1474.4
1433020 1474.4
1433030 1468.1
1433040 1464.4
1433050 1464.4
1433060 1463.2
1433070 1462.6
1433080 1462.6
1433090 1461.2
1433100 1459.7
1433110 1461.5
1433120 1461.5
1433130 1457.3
1433140 1449.7
1433150 1449.7
1433160 1441.8
1433170 1433.4
1433180 1433.4
1433190 1424.8
1433200 1415.4
1433210 1415.4
1433220 1406.8
1433230 1400.2
1433240 1400.2
1433250 1392.6
1433260 1386.1
1433270 1386.1
1433280 1379.4
1433290 1370.3
1433300 1366.2
1433310 1366.2
1433320 1362.5
1433330 1359.1
1433340 1359.1
1433350 1355.2
1433360 1351.2
1433370 1351.2
1433380 1347.0
1433390 1342.6
1433400 1342.6
1433410 1337.7
1433420 1332.3
1433430 1332.3
1433440 1327.2
1433450 1325.0
1433460 1325.0
1433470 1323.0
1433480 1321.3
1433490 1318.4
1433500 1318.4
1433510 1315.0
1433520 1310.8
1433530 1310.8
1433540 1306.5
1433550 1302.5
1433560 1302.5
1433570 1297.1
1433580 1288.3
1433590 1288.3
1433600 1279.4
1433610 1271.4
1433620 1271.4
1433630 1263.9
1433640 1258.9
1433650 1255.8
1433660 1255.8
1433670 1251.5
1433680 1246.8
1433690 1246.8
1433700 1238.6
1433710 1231.0
1433720 1231.0
1433730 1221.7
1433740 1210.5
1433750 1210.5
1433760 1195.6
1433770 1171.9
1433780 1171.9
1433790 1148.5
1433800 1137.0
1433810 1137.0
1433820 1125.4
1433830 1115.0
1433840 1108.2
1433850 1108.2
1433860 1108.4
1433870 1107.7
1433880 1107.7
1433890 1105.2
1433900 1094.5
1433910 1094.5
1433920 1074.5
1433930 1052.5
1433940 1052.5
1433950 1037.5
1433960 1020.0
1433970 1020.0
1433980 1006.6
1433990 1002.3
1434000 1002.3
1434010 1002.6
1434020 1000.9
1434030 999.8
1434040 999.8
1434050 998.9
1434060 997.9
1434070 997.9
1434080 997.3
1434090 998.4
1434100 998.4
1434110 995.9
1434120 991.3
1434130 991.3
1434140 986.5
1434150 981.7
1434160 981.7
1434170 977.4
1434180 973.5
1434190 973.5
1434200 969.6
1434210 964.9
1434220 959.5
1434230 959.5
1434240 953.2
1434250 946.3
1434260 946.3
1434270 941.8
1434280 940.0
1434290 940.0
1434300 939.7
1434310 938.1
1434320 938.1
1434330 933.5
1434340 927.7
1434350 927.7
1434360 921.7
1434370 916.6
1434380 916.6
1434390 912.2
1434400 909.6
1434410 908.2
1434420 908.2
1434430 907.2
1434440 906.6
1434450 906.6
1434460 906.1
1434470 905.9
1434480 905.9
1434490 905.8
1434500 905.4
1434510 905.4
1434520 904.8
1434530 905.0
1434540 905.0
1434550 905.5
1434560 905.8
1434570 905.8
1434580 905.3
1434590 905.2
1434600 906.0
1434610 906.0
1434620 906.5
1434630 905.1
1434640 905.1
1434650 903.8
1434660 902.8
1434670 902.8
1434680 901.5
1434690 900.3
1434700 900.3
1434710 899.7
1434720 899.2
1434730 899.2
1434740 899.0
1434750 897.9
1434760 897.9
1434770 897.5
1434780 897.5
1434790 897.6
1434800 897.6
1434810 896.9
1434820 896.6
1434830 896.6
1434840 896.6
1434850 896.5
1434860 896.5
1434870 896.2
1434880 895.7
1434890 895.7
1434900 895.1
1434910 894.8
1434920 894.8
1434930 894.5
1434940 893.6
1434950 893.6
1434960 892.6
1434970 893.4
1434980 892.4
1434990 892.4
1435000 891.4
1435010 890.6
1435020 890.6
1435030 889.5
1435040 886.8
1435050 886.8
1435060 884.1
1435070 884.0
1435080 884.0
1435090 884.3
1435100 884.4
1435110 884.4
1435120 884.6
1435130 883.3
1435140 883.3
1435150 882.7
1435160 884.0
1435170 887.6
1435180 887.6
1435190 893.6
1435200 898.7
1435210 898.7
1435220 904.0
1435230 911.6
1435240 911.6
1435250 921.0
1435260 924.9
1435270 924.9
1435280 930.9
1435290 940.4
1435300 940.4
1435310 945.5
1435320 947.8
1435330 947.8
1435340 949.9
1435350 960.4
1435360 972.0
1435370 972.0
1435380 978.1
1435390 982.6
1435400 982.6
1435410 989.2
1435420 1001.2
1435430 1001.2
1435440 1011.3
1435450 1018.2
1435460 1018.2
1435470 1022.8
1435480 1027.4
1435490 1027.4
1435500 1031.9
1435510 1036.3
1435520 1036.3
1435530 1040.4
1435540 1042.3
1435550 1045.3
1435560 1045.3
1435570 1048.3
1435580 1053.0
1435590 1053.0
1435600 1056.6
1435610 1060.1
1435620 1060.1
1435630 1064.3
1435640 1069.0
1435650 1069.0
1435660 1072.3
1435670 1078.0
1435680 1078.0
1435690 1084.0
1435700 1088.7
1435710 1093.1
1435720 1093.1
1435730 1098.0
1435740 1102.2
1435750 1102.2
1435760 1105.9
1435770 1109.9
1435780 1109.9
1435790 1113.8
1435800 1118.0
1435810 1124.6
1435820 1129.7
1435830 1134.0
1435840 1134.0
1435850 1137.4
1435860 1140.9
1435870 1140.9
1435880 1146.2
1435890 1149.6
1435900 1151.5
1435910 1151.5
1435920 1152.9
1435930 1156.3
1435940 1156.3
1435950 1160.7
1435960 1165.6
1435970 1165.6
1435980 1169.4
1435990 1170.7
1436000 1170.7
1436010 1171.5
1436020 1173.4
1436030 1173.4
1436040 1176.2
1436050 1179.7
1436060 1179.7
1436070 1184.2
1436080 1189.2
1436090 1192.5
1436100 1192.5
1436110 1195.7
1436120 1198.6
1436130 1198.6
1436140 1201.3
1436150 1204.7
1436160 1204.7
1436170 1208.3
1436180 1212.4
1436190 1212.4
1436200 1217.9
1436210 1222.6
1436220 1222.6
1436230 1225.4
1436240 1227.0
1436250 1227.0
1436260 1227.4
1436270 1228.1
1436280 1231.0
1436290 1231.0
1436300 1235.8
1436310 1241.9
1436320 1241.9
1436330 1246.4
1436340 1250.6
1436350 1250.6
1436360 1254.6
1436370 1258.0
1436380 1258.0
1436390 1261.4
1436400 1264.4
1436410 1264.4
1436420 1267.2
1436430 1269.4
1436440 1269.4
1436450 1272.3
1436460 1276.1
1436470 1279.5
1436480 1279.5
1436490 1282.5
1436500 1287.2
1436510 1287.2
1436520 1294.0
1436530 1300.3
1436540 1300.3
1436550 1306.3
1436560 1311.7
1436570 1311.7
1436580 1317.3
1436590 1324.3
1436600 1324.3
1436610 1330.0
1436620 1335.0
1436630 1335.0
1436640 1339.6
1436650 1344.5
1436660 1350.0
1436670 1350.0
1436680 1355.0
1436690 1359.8
1436700 1359.8
1436710 1364.1
1436720 1368.8
1436730 1368.8
1436740 1373.7
1436750 1378.0
1436760 1378.0
1436770 1382.1
1436780 1385.8
1436790 1385.8
1436800 1389.4
1436810 1393.0
1436820 1393.0
1436830 1396.5
1436840 1398.7
1436850 1400.9
1436860 1400.9
1436870 1402.4
1436880 1403.5
1436890 1403.5
1436900 1411.7
1436910 1418.7
1436920 1418.7
1436930 1423.8
1436940 1426.8
1436950 1426.8
1436960 1432.2
1436970 1438.0
1436980 1438.0
1436990 1439.6
1437000 1441.2
1437010 1441.2
1437020 1445.3
1437030 1449.0
1437040 1452.8
1437050 1452.8
1437060 1454.4
1437070 1455.4
1437080 1455.4
1437090 1455.0
1437100 1456.0
1437110 1456.0
1437120 1457.9
1437130 1458.7
1437140 1458.7
1437150 1459.4
1437160 1460.2
1437170 1460.2
1437180 1460.8
1437190 1461.6
1437200 1461.6
1437210 1462.1
1437220 1461.4
1437230 1460.9
1437240 1460.9
1437250 1462.3
1437260 1465.7
1437270 1465.7
1437280 1468.6
1437290 1470.3
1437300 1470.3
1437310 1472.2
1437320 1473.9
1437330 1473.9
1437340 1474.2
1437350 1475.4
1437360 1475.4
1437370 1477.5
1437380 1479.8
1437390 1479.8
1437400 1484.2
1437410 1489.4
1437420 1495.1
1437430 1495.1
1437440 1501.3
1437450 1505.2
1437460 1505.2
1437470 1508.9
1437480 1513.3
1437490 1513.3
1437500 1518.2
1437510 1520.2
1437520 1520.2
1437530 1522.5
1437540 1525.9
1437550 1525.9
1437560 1531.0
1437570 1535.1
1437580 1535.1
1437590 1539.2
1437600 1543.0
1437610 1547.4
1437620 1547.4
1437630 1549.6
1437640 1551.3
1437650 1551.3
1437660 1554.1
1437670 1556.6
1437680 1556.6
1437690 1560.8
1437700 1565.2
1437710 1565.2
1437720 1569.1
1437730 1572.1
1437740 1572.1
1437750 1577.2
1437760 1585.8
1437770 1594.3
1437780 1594.3
1437790 1601.6
1437800 1608.1
1437810 1608.1
1437820 1615.4
1437830 1620.7
1437840 1620.7
1437850 1624.8
1437860 1628.6
1437870 1628.6
1437880 1634.1
1437890 1640.3
1437900 1640.3
1437910 1647.3
1437920 1653.5
1437930 1653.5
1437940 1659.3
1437950 1666.6
1437960 1678.3
1437970 1678.3
1437980 1687.6
1437990 1697.7
1438000 1697.7
1438010 1711.4
1438020 1727.0
1438030 1727.0
1438040 1736.2
1438050 1747.3
1438060 1747.3
1438070 1756.5
1438080 1763.2
1438090 1763.2
1438100 1769.4
1438110 1775.6
1438120 1775.6
1438130 1781.4
1438140 1789.8
1438150 1799.0
1438160 1799.0
1438170 1806.2
1438180 1812.1
1438190 1812.1
1438200 1817.4
1438210 1822.0
1438220 1822.0
1438230 1826.8
1438240 1831.3
1438250 1831.3
1438260 1835.8
1438270 1839.7
1438280 1839.7
1438290 1843.3
1438300 1848.9
1438310 1848.9
1438320 1854.5
1438330 1858.5
1438340 1864.5
1438350 1864.5
1438360 1873.0
1438370 1879.2
1438380 1879.2
1438390 1882.7
1438400 1888.1
1438410 1888.1
1438420 1895.9
1438430 1902.7
1438440 1902.7
1438450 1907.4
1438460 1910.8
1438470 1910.8
1438480 1911.7
1438490 1920.0
1438500 1920.0
1438510 1918.3
1438520 1919.2
1438530 1920.2
1438540 1920.2
1438550 1920.0
1438560 1922.6
1438570 1922.6
1438580 1928.1
1438590 1934.4
1438600 1934.4
1438610 1941.5
1438620 1947.7
1438630 1947.7
1438640 1951.8
1438650 1958.2
1438660 1958.2
1438670 1964.0
1438680 1966.9
1438690 1966.9
1438700 1971.4
1438710 1978.2
1438720 1984.4
1438730 1984.4
1438740 1988.3
1438750 1991.6
1438760 1991.6
1438770 1995.3
1438780 2000.3
1438790 2000.3
1438800 2006.0
1438810 2010.4
1438820 2010.4
1438830 2015.2
1438840 2021.5
1438850 2021.5
1438860 2026.2
1438870 2030.9
1438880 2030.9
1438890 2035.7
1438900 2041.7
1438910 2047.2
1438920 2047.2
1438930 2051.9
1438940 2057.6
1438950 2057.6
1438960 2064.9
1438970 2071.7
1438980 2071.7
1438990 2075.9
1439000 2080.2
1439010 2080.2
1439020 2085.9
1439030 2093.4
1439040 2093.4
1439050 2100.8
1439060 2107.6
1439070 2107.6
1439080 2112.7
1439090 2117.0
1439100 2122.4
1439110 2122.4
1439120 2127.1
1439130 2131.2
1439140 2131.2
1439150 2137.3
1439160 2142.3
1439170 2142.3
1439180 2145.7
1439190 2148.1
1439200 2148.1
1439210 2152.2
1439220 2157.6
1439230 2157.6
1439240 2163.1
1439250 2169.0
1439260 2169.0
1439270 2175.1
1439280 2180.2
1439290 2184.4
1439300 2184.4
1439310 2189.3
1439320 2196.1
1439330 2196.1
1439340 2203.2
1439350 2210.4
1439360 2210.4
1439370 2217.6
1439380 2224.5
1439390 2224.5
1439400 2231.2
1439410 2237.7
1439420 2237.7
1439430 2244.0
1439440 2247.6
1439450 2247.6
1439460 2245.7
1439470 2244.0
1439480 2243.7
1439490 2243.7
1439500 2243.1
1439510 2243.2
1439520 2243.2
1439530 2242.7
1439540 2243.2
1439550 2243.2
1439560 2245.6
1439570 2242.4
1439580 2242.4
1439590 2233.1
1439600 2230.9
1439610 2230.9
1439620 2228.2
1439630 2225.6
1439640 2225.6
1439650 2216.3
1439660 2211.6
1439670 2210.7
1439680 2210.7
1439690 2206.2
1439700 2200.1
1439710 2200.1
1439720 2186.6
1439730 2175.5
1439740 2175.5
1439750 2168.0
1439760 2164.3
1439770 2164.3
1439780 2161.7
1439790 2159.1
1439800 2159.1
1439810 2155.5
1439820 2151.1
1439830 2146.4
1439840 2146.4
1439850 2142.0
1439860 2138.7
1439870 2138.7
1439880 2136.0
1439890 2135.7
1439900 2135.7
1439910 2136.2
1439920 2137.0
1439930 2137.0
1439940 2135.9
1439950 2132.5
1439960 2132.5
1439970 2131.3
1439980 2129.5
1439990 2129.5
