1420000 2183.5
1420010 2183.7
1420020 2183.7
1420030 2182.1
1420040 2182.1
1420050 2181.7
1420060 2181.7
1420070 2181.4
1420080 2181.7
1420090 2181.7
1420100 2181.2
1420110 2181.1
1420120 2181.1
1420130 2182.0
1420140 2181.9
1420150 2181.9
1420160 2176.1
1420170 2168.7
1420180 2168.7
1420190 2161.4
1420200 2155.3
1420210 2155.3
1420220 2150.2
1420230 2145.7
1420240 2141.0
1420250 2141.0
1420260 2135.3
1420270 2129.6
1420280 2129.6
1420290 2124.9
1420300 2120.5
1420310 2120.5
1420320 2114.2
1420330 2109.3
1420340 2109.3
1420350 2104.3
1420360 2104.1
1420370 2104.1
1420380 2105.1
1420390 2105.7
1420400 2105.7
1420410 2107.5
1420420 2109.3
1420430 2109.9
1420440 2109.9
1420450 2109.8
1420460 2107.7
1420470 2107.7
1420480 2105.6
1420490 2105.8
1420500 2105.8
1420510 2106.1
1420520 2105.2
1420530 2105.2
1420540 2104.0
1420550 2104.5
1420560 2104.5
1420570 2105.7
1420580 2107.2
1420590 2107.2
1420600 2109.4
1420610 2112.5
1420620 2117.9
1420630 2117.9
1420640 2123.9
1420650 2129.6
1420660 2129.6
1420670 2132.2
1420680 2132.2
1420690 2132.2
1420700 2133.9
1420710 2135.1
1420720 2135.1
1420730 2135.3
1420740 2138.8
1420750 2138.8
1420760 2142.6
1420770 2143.3
1420780 2143.3
1420790 2146.5
1420800 2153.0
1420810 2159.8
1420820 2159.8
1420830 2166.3
1420840 2173.3
1420850 2173.3
1420860 2180.1
1420870 2186.4
1420880 2186.4
1420890 2192.8
1420900 2198.4
1420910 2198.4
1420920 2201.2
1420930 2202.2
1420940 2202.2
1420950 2202.8
1420960 2203.6
1420970 2203.6
1420980 2204.2
1420990 2205.6
1421000 2208.1
1421010 2208.1
1421020 2209.8
1421030 2212.2
1421040 2212.2
1421050 2213.6
1421060 2215.2
1421070 2215.2
1421080 2216.4
1421090 2216.4
1421100 2216.4
1421110 2217.0
1421120 2218.6
1421130 2218.6
1421140 2218.9
1421150 2217.8
1421160 2217.8
1421170 2216.4
1421180 2215.8
1421190 2215.2
1421200 2215.2
1421210 2214.8
1421220 2211.9
1421230 2211.9
1421240 2207.8
1421250 2203.3
1421260 2203.3
1421270 2199.2
1421280 2196.1
1421290 2196.1
1421300 2196.4
1421310 2197.2
1421320 2197.2
1421330 2198.4
1421340 2200.2
1421350 2200.2
1421360 2202.5
1421370 2204.8
1421380 2206.4
1421390 2206.4
1421400 2206.8
1421410 2207.4
1421420 2207.4
1421430 2212.3
1421440 2217.2
1421450 2217.2
1421460 2220.0
1421470 2222.5
1421480 2222.5
1421490 2218.8
1421500 2221.4
1421510 2221.4
1421520 2223.4
1421530 2225.5
1421540 2225.5
1421550 2227.8
1421560 2230.7
1421570 2233.5
1421580 2233.5
1421590 2235.9
1421600 2238.0
1421610 2238.0
1421620 2240.1
1421630 2242.5
1421640 2242.5
1421650 2243.4
1421660 2244.9
1421670 2244.9
1421680 2247.5
1421690 2249.8
1421700 2249.8
1421710 2252.0
1421720 2254.5
1421730 2256.6
1421740 2256.6
1421750 2257.2
1421760 2257.7
1421770 2257.7
1421780 2257.6
1421790 2257.2
1421800 2257.2
1421810 2258.7
1421820 2261.0
1421830 2261.0
1421840 2264.3
1421850 2268.0
1421860 2268.0
1421870 2270.9
1421880 2273.0
1421890 2273.0
1421900 2274.1
1421910 2275.4
1421920 2277.0
1421930 2277.0
1421940 2278.7
1421950 2282.1
1421960 2282.1
1421970 2285.1
1421980 2287.4
1421990 2287.4
1422000 2290.7
1422010 2294.5
1422020 2294.5
1422030 2298.4
1422040 2301.1
1422050 2301.1
1422060 2302.9
1422070 2304.6
1422080 2304.6
1422090 2307.4
1422100 2311.4
1422110 2312.6
1422120 2312.6
1422130 2311.0
1422140 2310.0
1422150 2310.0
1422160 2309.8
1422170 2311.4
1422180 2311.4
1422190 2315.0
1422200 2316.9
1422210 2316.9
1422220 2316.5
1422230 2316.6
1422240 2316.6
1422250 2315.7
1422260 2317.8
1422270 2317.8
1422280 2319.5
1422290 2319.3
1422300 2320.6
1422310 2320.6
1422320 2322.3
1422330 2326.0
1422340 2326.0
1422350 2332.1
1422360 2336.3
1422370 2336.3
1422380 2339.2
1422390 2342.9
1422400 2342.9
1422410 2347.4
1422420 2352.1
1422430 2352.1
1422440 2357.5
1422450 2363.4
1422460 2363.4
1422470 2368.8
1422480 2372.2
1422490 2372.5
1422500 2372.5
1422510 2369.9
1422520 2367.1
1422530 2367.1
1422540 2365.2
1422550 2362.8
1422560 2362.8
1422570 2360.6
1422580 2358.0
1422590 2358.0
1422600 2353.1
1422610 2348.9
1422620 2348.9
1422630 2344.1
1422640 2339.3
1422650 2339.3
1422660 2334.8
1422670 2330.0
1422680 2325.3
1422690 2325.3
1422700 2320.1
1422710 2314.1
1422720 2314.1
1422730 2308.4
1422740 2303.6
1422750 2303.6
1422760 2299.4
1422770 2295.8
1422780 2295.8
1422790 2293.2
1422800 2290.7
1422810 2290.7
1422820 2287.8
1422830 2284.1
1422840 2284.1
1422850 2280.4
1422860 2276.6
1422870 2272.5
1422880 2272.5
1422890 2268.3
1422900 2265.1
1422910 2265.1
1422920 2261.5
1422930 2258.0
1422940 2258.0
1422950 2254.8
1422960 2251.4
1422970 2251.4
1422980 2247.8
1422990 2244.0
1423000 2244.0
1423010 2239.9
1423020 2235.8
1423030 2235.8
1423040 2231.6
1423050 2227.0
1423060 2222.5
1423070 2222.5
1423080 2217.8
1423090 2213.1
1423100 2213.1
1423110 2208.6
1423120 2203.6
1423130 2203.6
1423140 2199.2
1423150 2195.1
1423160 2195.1
1423170 2191.6
1423180 2188.7
1423190 2188.7
1423200 2186.0
1423210 2183.3
1423220 2183.3
1423230 2180.5
1423240 2177.4
1423250 2174.4
1423260 2174.4
1423270 2171.4
1423280 2169.1
1423290 2169.1
1423300 2167.1
1423310 2165.4
1423320 2165.4
1423330 2163.1
1423340 2160.3
1423350 2160.3
1423360 2157.7
1423370 2156.1
1423380 2156.1
1423390 2154.2
1423400 2152.9
1423410 2152.9
1423420 2150.3
1423430 2147.2
1423440 2143.1
1423450 2143.1
1423460 2139.2
1423470 2135.7
1423480 2135.7
1423490 2132.9
1423500 2129.9
1423510 2129.9
1423520 2127.4
1423530 2122.3
1423540 2122.3
1423550 2118.2
1423560 2114.9
1423570 2114.9
1423580 2113.2
1423590 2109.5
1423600 2104.6
1423610 2104.6
1423620 2100.0
1423630 2094.9
1423640 2094.9
1423650 2090.6
1423660 2086.2
1423670 2086.2
1423680 2082.7
1423690 2079.6
1423700 2079.6
1423710 2074.7
1423720 2069.9
1423730 2069.9
1423740 2064.8
1423750 2058.7
1423760 2058.7
1423770 2052.9
1423780 2050.0
1423790 2047.2
1423800 2047.2
1423810 2043.4
1423820 2038.2
1423830 2038.2
1423840 2033.0
1423850 2029.8
1423860 2029.8
1423870 2025.8
1423880 2020.6
1423890 2020.6
1423900 2017.0
1423910 2014.4
1423920 2014.4
1423930 2012.2
1423940 2008.9
1423950 2008.9
1423960 2004.1
1423970 1999.8
1423980 1996.2
1423990 1996.2
1424000 1991.1
1424010 1987.8
1424020 1987.8
1424030 1986.1
1424040 1986.2
1424050 1986.2
1424060 1988.8
1424070 1988.7
1424080 1988.7
1424090 1985.0
1424100 1981.3
1424110 1981.3
1424120 1978.1
1424130 1974.7
1424140 1974.7
1424150 1972.4
1424160 1972.1
1424170 1967.2
1424180 1967.2
1424190 1959.2
1424200 1953.5
1424210 1953.5
1424220 1948.6
1424230 1944.1
1424240 1944.1
1424250 1938.5
1424260 1932.7
1424270 1932.7
1424280 1928.9
1424290 1926.0
1424300 1926.0
1424310 1923.9
1424320 1922.0
1424330 1922.0
1424340 1920.9
1424350 1926.1
1424360 1931.8
1424370 1931.8
1424380 1929.8
1424390 1922.5
1424400 1922.5
1424410 1913.7
1424420 1904.4
1424430 1904.4
1424440 1895.3
1424450 1886.4
1424460 1886.4
1424470 1877.8
1424480 1870.0
1424490 1870.0
1424500 1862.6
1424510 1856.1
1424520 1856.1
1424530 1852.5
1424540 1850.8
1424550 1847.6
1424560 1847.6
1424570 1841.6
1424580 1836.9
1424590 1836.9
1424600 1834.7
1424610 1828.0
1424620 1828.0
1424630 1819.6
1424640 1813.3
1424650 1813.3
1424660 1808.5
1424670 1804.0
1424680 1804.0
1424690 1799.8
1424700 1795.6
1424710 1795.6
1424720 1791.4
1424730 1787.7
1424740 1784.4
1424750 1784.4
1424760 1783.2
1424770 1780.1
1424780 1780.1
1424790 1774.2
1424800 1766.8
1424810 1766.8
1424820 1759.9
1424830 1753.2
1424840 1753.2
1424850 1746.5
1424860 1740.8
1424870 1740.8
1424880 1736.6
1424890 1733.9
1424900 1733.9
1424910 1731.4
1424920 1727.2
1424930 1721.5
1424940 1721.5
1424950 1715.7
1424960 1710.7
1424970 1710.7
1424980 1705.5
1424990 1700.3
1425000 1700.3
1425010 1694.6
1425020 1689.4
1425030 1689.4
1425040 1684.4
1425050 1679.9
1425060 1679.9
1425070 1674.2
1425080 1668.2
1425090 1668.2
1425100 1663.7
1425110 1657.4
1425120 1651.3
1425130 1651.3
1425140 1646.5
1425150 1642.1
1425160 1642.1
1425170 1638.6
1425180 1635.4
1425190 1635.4
1425200 1632.9
1425210 1630.6
1425220 1630.6
1425230 1629.0
1425240 1625.3
1425250 1625.3
1425260 1620.4
1425270 1614.6
1425280 1614.6
1425290 1611.0
1425300 1607.6
1425310 1603.6
1425320 1603.6
1425330 1598.3
1425340 1593.1
1425350 1593.1
1425360 1587.4
1425370 1581.8
1425380 1581.8
1425390 1574.7
1425400 1567.3
1425410 1567.3
1425420 1560.7
1425430 1557.4
1425440 1557.4
1425450 1553.4
1425460 1548.1
1425470 1543.1
1425480 1543.1
1425490 1540.0
1425500 1537.4
1425510 1537.4
1425520 1534.5
1425530 1532.9
1425540 1532.9
1425550 1532.4
1425560 1530.8
1425570 1530.8
1425580 1526.3
1425590 1523.7
1425600 1523.7
1425610 1522.1
1425620 1521.1
1425630 1522.0
1425640 1517.6
1425650 1512.8
1425660 1506.9
1425670 1506.9
1425680 1499.3
1425690 1490.6
1425700 1490.6
1425710 1481.4
1425720 1472.5
1425730 1472.5
1425740 1463.8
1425750 1455.6
1425760 1455.6
1425770 1447.6
1425780 1440.5
1425790 1440.5
1425800 1435.5
1425810 1432.2
1425820 1432.2
1425830 1428.5
1425840 1424.4
1425850 1420.1
1425860 1420.1
1425870 1416.1
1425880 1412.7
1425890 1412.7
1425900 1410.0
1425910 1406.8
1425920 1406.8
1425930 1403.9
1425940 1401.4
1425950 1401.4
1425960 1398.4
1425970 1395.0
1425980 1395.0
1425990 1391.5
1426000 1387.9
1426010 1387.9
1426020 1384.5
1426030 1380.8
1426040 1377.8
1426050 1377.8
1426060 1376.3
1426070 1370.9
1426080 1370.9
1426090 1364.2
1426100 1358.3
1426110 1358.3
1426120 1353.3
1426130 1348.6
1426140 1348.6
1426150 1343.7
1426160 1340.0
1426170 1340.0
1426180 1340.6
1426190 1342.7
1426200 1342.7
1426210 1344.8
1426220 1349.7
1426230 1353.6
1426240 1353.6
1426250 1354.7
1426260 1355.5
1426270 1355.5
1426280 1357.6
1426290 1361.0
1426300 1361.0
1426310 1363.6
1426320 1364.8
1426330 1364.8
1426340 1365.5
1426350 1366.3
1426360 1366.3
1426370 1368.6
1426380 1372.1
1426390 1372.1
1426400 1376.0
1426410 1380.4
1426420 1385.4
1426430 1385.4
1426440 1390.6
1426450 1396.2
1426460 1396.2
1426470 1402.2
1426480 1408.1
1426490 1408.1
1426500 1413.3
1426510 1417.2
1426520 1417.2
1426530 1420.5
1426540 1423.2
1426550 1423.2
1426560 1425.7
1426570 1427.3
1426580 1427.3
1426590 1428.5
1426600 1430.5
1426610 1433.3
1426620 1433.3
1426630 1436.5
1426640 1439.3
1426650 1439.3
1426660 1441.8
1426670 1443.9
1426680 1443.9
1426690 1447.1
1426700 1451.3
1426710 1451.3
1426720 1455.3
1426730 1457.7
1426740 1457.7
1426750 1459.9
1426760 1462.8
1426770 1462.8
1426780 1467.2
1426790 1472.2
1426800 1475.5
1426810 1475.5
1426820 1477.8
1426830 1479.8
1426840 1479.8
1426850 1482.3
1426860 1487.0
1426870 1487.0
1426880 1491.1
1426890 1495.9
1426900 1495.9
1426910 1499.7
1426920 1502.9
1426930 1502.9
1426940 1506.1
1426950 1509.1
1426960 1509.1
1426970 1512.8
1426980 1515.7
1426990 1516.8
1427000 1516.8
1427010 1519.8
1427020 1523.0
1427030 1523.0
1427040 1526.0
1427050 1528.3
1427060 1528.3
1427070 1530.5
1427080 1534.3
1427090 1534.3
1427100 1538.4
1427110 1541.7
1427120 1541.7
1427130 1545.1
1427140 1547.9
1427150 1547.9
1427160 1548.4
1427170 1547.9
1427180 1547.2
1427190 1547.2
1427200 1547.7
1427210 1548.8
1427220 1548.8
1427230 1550.9
1427240 1555.3
1427250 1555.3
1427260 1559.3
1427270 1562.2
1427280 1562.2
1427290 1564.5
1427300 1567.2
1427310 1567.2
1427320 1568.8
1427330 1569.8
1427340 1570.7
1427350 1570.7
1427360 1571.6
1427370 1572.7
1427380 1572.7
1427390 1573.6
1427400 1574.6
1427410 1574.6
1427420 1576.0
1427430 1577.8
1427440 1577.8
1427450 1580.7
1427460 1584.6
1427470 1584.6
1427480 1588.8
1427490 1593.2
1427500 1593.2
1427510 1596.6
1427520 1599.7
1427530 1603.2
1427540 1603.2
1427550 1606.9
1427560 1610.7
1427570 1610.7
1427580 1614.0
1427590 1618.0
1427600 1618.0
1427610 1622.1
1427620 1625.1
1427630 1625.1
1427640 1629.7
1427650 1633.2
1427660 1633.2
1427670 1636.0
1427680 1638.6
1427690 1638.6
1427700 1640.8
1427710 1643.0
1427720 1644.9
1427730 1644.9
1427740 1646.9
1427750 1648.9
1427760 1648.9
1427770 1650.7
1427780 1652.6
1427790 1652.6
1427800 1656.0
1427810 1659.6
1427820 1655.8
1427830 1659.5
1427840 1663.0
1427850 1663.0
1427860 1665.2
1427870 1667.2
1427880 1667.2
1427890 1671.0
1427900 1675.9
1427910 1679.8
1427920 1679.8
1427930 1682.7
1427940 1685.2
1427950 1685.2
1427960 1687.1
1427970 1689.2
1427980 1689.2
1427990 1692.1
1428000 1696.2
1428010 1696.2
1428020 1699.8
1428030 1701.7
1428040 1701.7
1428050 1700.2
1428060 1696.7
1428070 1696.7
1428080 1691.1
1428090 1686.1
1428100 1683.6
1428110 1683.6
1428120 1690.0
1428130 1697.9
1428140 1697.9
1428150 1705.1
1428160 1711.8
1428170 1711.8
1428180 1716.4
1428190 1716.5
1428200 1716.5
1428210 1713.9
1428220 1710.3
1428230 1710.3
1428240 1710.3
1428250 1714.7
1428260 1714.7
1428270 1721.0
1428280 1727.8
1428290 1734.2
1428300 1734.2
1428310 1738.6
1428320 1742.8
1428330 1742.8
1428340 1747.7
1428350 1753.2
1428360 1753.2
1428370 1760.0
1428380 1767.0
1428390 1767.0
1428400 1773.2
1428410 1778.7
1428420 1778.7
1428430 1783.7
1428440 1788.5
1428450 1788.5
1428460 1792.2
1428470 1796.0
1428480 1799.6
1428490 1799.6
1428500 1802.9
1428510 1806.9
1428520 1806.9
1428530 1812.2
1428540 1817.5
1428550 1817.5
1428560 1822.9
1428570 1827.4
1428580 1827.4
1428590 1831.6
1428600 1835.6
1428610 1835.6
1428620 1839.7
1428630 1844.1
1428640 1844.1
1428650 1846.6
1428660 1848.8
1428670 1850.8
1428680 1850.8
1428690 1853.1
1428700 1855.9
1428710 1855.9
1428720 1859.2
1428730 1862.3
1428740 1862.3
1428750 1865.3
1428760 1868.7
1428770 1868.7
1428780 1872.2
1428790 1876.0
1428800 1876.0
1428810 1879.9
1428820 1883.0
1428830 1883.0
1428840 1886.0
1428850 1888.8
1428860 1892.2
1428870 1892.2
1428880 1896.3
1428890 1899.8
1428900 1899.8
1428910 1903.0
1428920 1906.5
1428930 1906.5
1428940 1910.3
1428950 1913.5
1428960 1913.5
1428970 1915.7
1428980 1917.9
1428990 1917.9
1429000 1921.5
1429010 1925.3
1429020 1925.3
1429030 1929.1
1429040 1932.3
1429050 1934.7
1429060 1934.7
1429070 1938.0
1429080 1941.9
1429090 1941.9
1429100 1945.9
1429110 1948.9
1429120 1948.9
1429130 1951.7
1429140 1954.1
1429150 1954.1
1429160 1956.3
1429170 1958.5
1429180 1958.5
1429190 1961.0
1429200 1964.5
1429210 1964.5
1429220 1968.6
1429230 1972.5
1429240 1976.0
1429250 1976.0
1429260 1979.6
1429270 1983.4
1429280 1983.4
1429290 1986.8
1429300 1990.3
1429310 1990.3
1429320 1994.0
1429330 1997.9
1429340 1997.9
1429350 2001.8
1429360 2004.4
1429370 2004.4
1429380 2006.6
1429390 2009.6
1429400 2011.9
1429410 2011.9
1429420 2013.7
1429430 2017.6
1429440 2017.6
1429450 2022.4
1429460 2027.1
1429470 2027.1
1429480 2033.5
1429490 2039.2
1429500 2039.2
1429510 2044.4
1429520 2051.1
1429530 2051.1
1429540 2055.0
1429550 2057.2
1429560 2057.2
1429570 2059.6
1429580 2062.7
1429590 2061.1
1429600 2061.1
1429610 2058.7
1429620 2060.3
1429630 2060.3
1429640 2063.6
1429650 2064.9
1429660 2064.9
1429670 2062.4
1429680 2059.0
1429690 2059.0
1429700 2054.6
1429710 2051.0
1429720 2051.0
1429730 2047.9
1429740 2046.0
1429750 2046.0
1429760 2045.2
1429770 2043.6
1429780 2041.7
1429790 2041.7
1429800 2040.7
1429810 2039.5
1429820 2039.5
1429830 2036.4
1429840 2033.0
1429850 2033.0
1429860 2029.7
1429870 2026.2
1429880 2026.2
1429890 2024.1
1429900 2021.9
1429910 2021.9
1429920 2020.3
1429930 2019.9
1429940 2019.9
1429950 2018.6
1429960 2017.5
1429970 2018.1
1429980 2018.1
1429990 2018.7
1430000 2017.5
1430010 2017.5
1430020 2016.7
1430030 2017.8
1430040 2017.8
1430050 2017.0
1430060 2016.4
1430070 2016.4
1430080 2015.3
1430090 2012.2
1430100 2012.2
1430110 2002.4
1430120 1998.1
1430130 1998.1
1430140 1995.0
1430150 1991.7
1430160 1989.2
1430170 1989.2
1430180 1986.6
1430190 1984.8
1430200 1984.8
1430210 1983.6
1430220 1981.7
1430230 1981.7
1430240 1979.9
1430250 1978.6
1430260 1978.6
1430270 1977.3
1430280 1975.4
1430290 1975.4
1430300 1974.6
1430310 1973.9
1430320 1973.9
1430330 1971.6
1430340 1969.9
1430350 1968.8
1430360 1968.8
1430370 1968.4
1430380 1967.9
1430390 1967.9
1430400 1968.1
1430410 1968.9
1430420 1968.9
1430430 1969.9
1430440 1970.8
1430450 1970.8
1430460 1970.5
1430470 1968.7
1430480 1968.7
1430490 1968.2
1430500 1968.4
1430510 1968.4
1430520 1968.9
1430530 1969.2
1430540 1968.0
1430550 1968.0
1430560 1965.8
1430570 1963.3
1430580 1963.3
1430590 1960.2
1430600 1958.0
1430610 1958.0
1430620 1955.9
1430630 1952.9
1430640 1952.9
1430650 1950.5
1430660 1949.5
1430670 1949.5
1430680 1948.7
1430690 1947.0
1430700 1947.0
1430710 1945.4
1430720 1943.4
1430730 1940.3
1430740 1940.3
1430750 1935.7
1430760 1931.6
1430770 1931.6
1430780 1928.3
1430790 1925.9
1430800 1925.9
1430810 1923.2
1430820 1919.5
1430830 1919.5
1430840 1916.8
1430850 1914.7
1430860 1914.7
1430870 1912.2
1430880 1909.3
1430890 1909.3
1430900 1906.0
1430910 1900.4
1430920 1896.1
1430930 1896.1
1430940 1891.1
1430950 1886.3
1430960 1886.3
1430970 1881.9
1430980 1877.4
1430990 1877.4
1431000 1872.6
1431010 1867.1
1431020 1867.1
1431030 1858.6
1431040 1847.6
1431050 1847.6
1431060 1839.5
1431070 1833.7
1431080 1833.7
1431090 1828.1
1431100 1824.0
1431110 1820.2
1431120 1820.2
1431130 1816.2
1431140 1810.6
1431150 1810.6
1431160 1805.3
1431170 1800.0
1431180 1800.0
1431190 1797.2
1431200 1794.4
1431210 1794.4
1431220 1790.6
1431230 1786.5
1431240 1786.5
1431250 1781.1
1431260 1776.0
1431270 1772.2
1431280 1772.2
1431290 1768.7
1431300 1765.5
1431310 1765.5
1431320 1762.2
1431330 1759.3
1431340 1759.3
1431350 1756.5
1431360 1753.1
1431370 1753.1
1431380 1750.1
1431390 1746.5
1431400 1746.5
1431410 1742.6
1431420 1739.1
1431430 1739.1
1431440 1735.6
1431450 1732.4
1431460 1729.0
1431470 1729.0
1431480 1726.3
1431490 1723.2
1431500 1723.2
1431510 1719.3
1431520 1715.0
1431530 1715.0
1431540 1711.0
1431550 1706.9
1431560 1706.9
1431570 1703.4
1431580 1699.8
1431590 1699.8
1431600 1697.1
1431610 1694.9
1431620 1694.9
1431630 1691.8
1431640 1689.4
1431650 1686.7
1431660 1686.7
1431670 1683.7
1431680 1680.8
1431690 1680.8
1431700 1678.3
1431710 1675.2
1431720 1675.2
1431730 1672.1
1431740 1669.0
1431750 1669.0
1431760 1665.2
1431770 1661.6
1431780 1661.6
1431790 1656.9
1431800 1651.8
1431810 1651.8
1431820 1647.4
1431830 1643.9
1431840 1640.4
1431850 1640.4
1431860 1636.4
1431870 1632.3
1431880 1632.3
1431890 1627.4
1431900 1620.6
1431910 1620.6
1431920 1613.6
1431930 1605.9
1431940 1605.9
1431950 1598.5
1431960 1590.5
1431970 1590.5
1431980 1582.3
1431990 1574.8
1432000 1574.8
1432010 1567.3
1432020 1559.9
1432030 1553.0
1432040 1553.0
1432050 1546.8
1432060 1542.5
1432070 1542.5
1432080 1540.7
1432090 1540.8
1432100 1540.8
1432110 1537.0
1432120 1532.2
1432130 1532.2
1432140 1524.6
1432150 1514.6
1432160 1514.6
1432170 1506.5
1432180 1498.0
1432190 1498.0
1432200 1489.7
1432210 1482.3
1432220 1475.0
1432230 1475.0
1432240 1467.4
1432250 1460.0
1432260 1460.0
1432270 1454.0
1432280 1447.2
1432290 1447.2
1432300 1440.6
1432310 1445.1
1432320 1445.1
1432330 1452.7
1432340 1468.8
1432350 1468.8
1432360 1478.3
1432370 1484.1
1432380 1484.1
1432390 1489.1
1432400 1493.6
1432410 1498.8
1432420 1498.8
1432430 1503.5
1432440 1506.4
1432450 1506.4
1432460 1507.2
1432470 1506.3
1432480 1506.3
1432490 1501.0
1432500 1499.2
1432510 1499.2
1432520 1498.8
1432530 1498.7
1432540 1498.7
1432550 1498.5
1432560 1498.1
1432570 1498.1
1432580 1495.4
1432590 1491.1
1432600 1486.6
1432610 1486.6
1432620 1482.6
1432630 1479.7
1432640 1479.7
1432650 1476.9
1432660 1474.9
1432670 1474.9
1432680 1471.0
1432690 1465.3
1432700 1465.3
1432710 1460.8
1432720 1455.6
1432730 1455.6
1432740 1450.7
1432750 1446.8
1432760 1446.8
1432770 1443.9
1432780 1442.0
1432790 1440.0
1432800 1440.0
1432810 1438.2
1432820 1435.4
1432830 1435.4
1432840 1430.5
1432850 1427.9
1432860 1427.9
1432870 1425.6
1432880 1423.3
1432890 1423.3
1432900 1421.4
1432910 1419.9
1432920 1419.9
1432930 1422.1
1432940 1423.9
1432950 1423.9
1432960 1422.8
1432970 1420.1
1432980 1418.0
1432990 1418.0
1433000 1415.0
1433010 1412.5
1433020 1412.5
1433030 1410.6
1433040 1407.2
1433050 1407.2
1433060 1402.7
1433070 1396.7
1433080 1396.7
1433090 1389.5
1433100 1381.1
1433110 1381.1
1433120 1369.4
1433130 1362.2
1433140 1354.4
1433150 1354.4
1433160 1343.6
1433170 1333.6
1433180 1333.6
1433190 1326.3
1433200 1321.0
1433210 1321.0
1433220 1315.1
1433230 1308.7
1433240 1308.7
1433250 1303.1
1433260 1296.3
1433270 1296.3
1433280 1288.5
1433290 1283.4
1433300 1283.4
1433310 1281.2
1433320 1277.2
1433330 1275.0
1433340 1275.0
1433350 1273.1
1433360 1271.2
1433370 1271.2
1433380 1268.9
1433390 1266.4
1433400 1266.4
1433410 1262.1
1433420 1255.7
1433430 1255.7
1433440 1250.3
1433450 1244.3
1433460 1244.3
1433470 1237.7
1433480 1230.9
1433490 1230.9
1433500 1224.4
1433510 1218.8
1433520 1213.6
1433530 1213.6
1433540 1208.9
1433550 1204.5
1433560 1204.5
1433570 1200.6
1433580 1197.7
1433590 1197.7
1433600 1195.8
1433610 1192.2
1433620 1192.2
1433630 1185.5
1433640 1177.5
1433650 1177.5
1433660 1169.4
1433670 1161.1
1433680 1161.1
1433690 1143.0
1433700 1120.7
1433710 1110.3
1433720 1110.3
1433730 1107.3
1433740 1100.3
1433750 1100.3
1433760 1086.3
1433770 1073.4
1433780 1073.4
1433790 1069.5
1433800 1063.6
1433810 1063.6
1433820 1049.2
1433830 1040.2
1433840 1040.2
1433850 1032.8
1433860 1024.5
1433870 1024.5
1433880 1017.6
1433890 1012.1
1433900 1007.1
1433910 1007.1
1433920 1002.4
1433930 999.9
1433940 999.9
1433950 998.3
1433960 995.4
1433970 995.4
1433980 991.9
1433990 988.0
1434000 988.0
1434010 985.1
1434020 980.7
1434030 980.7
1434040 975.3
1434050 970.3
1434060 970.3
1434070 965.5
1434080 959.8
1434090 953.0
1434100 953.0
1434110 945.9
1434120 938.7
1434130 938.7
1434140 931.1
1434150 925.1
1434160 925.1
1434170 921.5
1434180 920.4
1434190 920.4
1434200 920.3
1434210 920.7
1434220 920.7
1434230 919.8
1434240 917.5
1434250 917.5
1434260 916.0
1434270 915.1
1434280 912.2
1434290 912.2
1434300 909.1
1434310 908.2
1434320 908.2
1434330 907.2
1434340 902.9
1434350 902.9
1434360 898.9
1434370 895.9
1434380 895.9
1434390 894.1
1434400 892.5
1434410 892.5
1434420 891.1
1434430 890.1
1434440 890.1
1434450 889.2
1434460 888.6
1434470 888.3
1434480 888.3
1434490 888.2
1434500 888.1
1434510 888.1
1434520 888.2
1434530 888.2
1434540 888.2
1434550 888.0
1434560 887.8
1434570 887.8
1434580 887.0
1434590 886.0
1434600 886.0
1434610 885.2
1434620 884.9
1434630 884.9
1434640 885.0
1434650 884.8
1434660 884.6
1434670 884.6
1434680 884.4
1434690 884.2
1434700 884.2
1434710 884.4
1434720 884.3
1434730 884.3
1434740 884.1
1434750 884.1
1434760 884.1
1434770 884.6
1434780 885.3
1434790 885.3
1434800 884.5
1434810 882.3
1434820 880.7
1434830 880.7
1434840 880.5
1434850 881.6
1434860 881.6
1434870 882.3
1434880 882.3
1434890 882.3
1434900 882.4
1434910 883.5
1434920 883.5
1434930 885.3
1434940 886.9
1434950 886.9
1434960 889.9
1434970 891.6
1434980 891.6
1434990 894.4
1435000 899.5
1435010 905.3
1435020 905.3
1435030 909.9
1435040 913.6
1435050 913.6
1435060 917.2
1435070 921.4
1435080 921.4
1435090 926.6
1435100 933.4
1435110 933.4
1435120 941.4
1435130 951.2
1435140 951.2
1435150 961.9
1435160 968.9
1435170 968.9
1435180 977.4
1435190 985.9
1435200 989.6
1435210 989.6
1435220 991.5
1435230 997.0
1435240 997.0
1435250 1007.4
1435260 1019.0
1435270 1019.0
1435280 1038.9
1435290 1050.8
1435300 1050.8
1435310 1055.1
1435320 1057.6
1435330 1057.6
1435340 1060.4
1435350 1064.6
1435360 1064.6
1435370 1068.3
1435380 1071.2
1435390 1073.7
1435400 1073.7
1435410 1076.3
1435420 1079.3
1435430 1079.3
1435440 1082.3
1435450 1085.4
1435460 1085.4
1435470 1089.2
1435480 1091.4
1435490 1091.4
1435500 1095.9
1435510 1101.9
1435520 1101.9
1435530 1108.4
1435540 1113.2
1435550 1113.2
1435560 1118.7
1435570 1123.3
1435580 1129.5
1435590 1129.5
1435600 1137.3
1435610 1143.9
1435620 1143.9
1435630 1148.7
1435640 1153.1
1435650 1153.1
1435660 1158.4
1435670 1164.4
1435680 1164.4
1435690 1172.6
1435700 1177.5
1435710 1177.5
1435720 1179.4
1435730 1181.9
1435740 1181.9
1435750 1186.8
1435760 1191.7
1435770 1194.7
1435780 1194.7
1435790 1197.9
1435800 1202.1
1435810 1202.1
1435820 1206.4
1435830 1210.0
1435840 1210.0
1435850 1214.2
1435860 1219.5
1435870 1219.5
1435880 1224.4
1435890 1227.6
1435900 1227.6
1435910 1228.7
1435920 1229.4
1435930 1229.4
1435940 1231.9
1435950 1235.5
1435960 1239.9
1435970 1239.9
1435980 1244.7
1435990 1247.9
1436000 1247.9
1436010 1251.0
1436020 1254.0
1436030 1254.0
1436040 1256.0
1436050 1257.5
1436060 1257.5
1436070 1258.8
1436080 1259.3
1436090 1259.3
1436100 1260.7
1436110 1263.7
1436120 1263.7
1436130 1266.5
1436140 1268.7
1436150 1271.4
1436160 1271.4
1436170 1274.5
1436180 1277.0
1436190 1277.0
1436200 1279.2
1436210 1280.1
1436220 1280.1
1436230 1281.6
1436240 1283.6
1436250 1283.6
1436260 1285.2
1436270 1286.9
1436280 1286.9
1436290 1288.7
1436300 1290.4
1436310 1290.4
1436320 1292.5
1436330 1295.5
1436340 1299.1
1436350 1299.1
1436360 1301.9
1436370 1304.7
1436380 1304.7
1436390 1308.6
1436400 1313.7
1436410 1313.7
1436420 1319.3
1436430 1324.7
1436440 1324.7
1436450 1329.1
1436460 1332.7
1436470 1332.7
1436480 1336.2
1436490 1341.7
1436500 1341.7
1436510 1350.2
1436520 1357.3
1436530 1363.3
1436540 1363.3
1436550 1369.8
1436560 1376.8
1436570 1376.8
1436580 1383.5
1436590 1389.2
1436600 1389.2
1436610 1398.6
1436620 1415.4
1436630 1415.4
1436640 1422.5
1436650 1430.4
1436660 1430.4
1436670 1439.8
1436680 1446.4
1436690 1446.9
1436700 1446.9
1436710 1447.7
1436720 1448.8
1436730 1448.8
1436740 1453.6
1436750 1458.1
1436760 1458.1
1436770 1461.9
1436780 1466.3
1436790 1466.3
1436800 1471.5
1436810 1476.4
1436820 1476.4
1436830 1482.7
1436840 1488.0
1436850 1488.0
1436860 1493.9
1436870 1503.3
1436880 1510.3
1436890 1510.3
1436900 1517.6
1436910 1522.3
1436920 1522.3
1436930 1523.5
1436940 1524.3
1436950 1524.3
1436960 1523.2
1436970 1522.8
1436980 1522.8
1436990 1524.5
1437000 1526.2
1437010 1526.2
1437020 1526.4
1437030 1527.5
1437040 1527.5
1437050 1527.5
1437060 1525.2
1437070 1525.2
1437080 1525.2
1437090 1526.6
1437100 1530.8
1437110 1530.8
1437120 1536.0
1437130 1540.6
1437140 1540.6
1437150 1542.5
1437160 1543.7
1437170 1543.7
1437180 1545.0
1437190 1544.6
1437200 1544.6
1437210 1544.9
1437220 1546.2
1437230 1546.2
1437240 1547.3
1437250 1548.0
1437260 1549.7
1437270 1549.7
1437280 1550.8
1437290 1552.3
1437300 1552.3
1437310 1553.6
1437320 1555.3
1437330 1555.3
1437340 1556.4
1437350 1556.4
1437360 1556.4
1437370 1557.7
1437380 1558.2
1437390 1558.2
1437400 1558.0
1437410 1559.2
1437420 1559.2
1437430 1560.0
1437440 1560.9
1437450 1561.4
1437460 1561.4
1437470 1561.4
1437480 1563.6
1437490 1563.6
1437500 1566.4
1437510 1570.4
1437520 1570.4
1437530 1575.9
1437540 1580.5
1437550 1580.5
1437560 1584.8
1437570 1589.7
1437580 1589.7
1437590 1612.1
1437600 1621.5
1437610 1621.5
1437620 1626.0
1437630 1634.9
1437640 1650.5
1437650 1650.5
1437660 1668.6
1437670 1680.3
1437680 1680.3
1437690 1690.1
1437700 1699.1
1437710 1699.1
1437720 1702.0
1437730 1704.2
1437740 1704.2
1437750 1706.1
1437760 1705.8
1437770 1705.8
1437780 1704.8
1437790 1704.6
1437800 1704.6
1437810 1703.4
1437820 1699.4
1437830 1699.3
1437840 1699.3
1437850 1701.8
1437860 1705.5
1437870 1705.5
1437880 1709.2
1437890 1714.0
1437900 1714.0
1437910 1720.8
1437920 1734.1
1437930 1734.1
1437940 1747.1
1437950 1755.4
1437960 1755.4
1437970 1760.2
1437980 1761.2
1437990 1761.2
1438000 1758.1
1438010 1756.7
1438020 1753.7
1438030 1753.7
1438040 1756.8
1438050 1763.4
1438060 1763.4
1438070 1770.9
1438080 1778.6
1438090 1778.6
1438100 1787.4
1438110 1795.9
1438120 1795.9
1438130 1802.5
1438140 1809.0
1438150 1809.0
1438160 1816.2
1438170 1822.9
1438180 1822.9
1438190 1827.1
1438200 1830.5
1438210 1833.4
1438220 1833.4
1438230 1836.7
1438240 1840.5
1438250 1840.5
1438260 1844.8
1438270 1849.2
1438280 1849.2
1438290 1853.7
1438300 1857.9
1438310 1857.9
1438320 1861.8
1438330 1866.0
1438340 1866.0
1438350 1871.5
1438360 1876.1
1438370 1876.1
1438380 1880.2
1438390 1884.7
1438400 1889.8
1438410 1889.8
1438420 1892.8
1438430 1896.4
1438440 1896.4
1438450 1898.8
1438460 1902.2
1438470 1902.2
1438480 1908.0
1438490 1913.7
1438500 1913.7
1438510 1919.0
1438520 1924.4
1438530 1924.4
1438540 1929.9
1438550 1935.9
1438560 1935.9
1438570 1941.7
1438580 1948.0
1438590 1955.4
1438600 1955.4
1438610 1961.7
1438620 1966.3
1438630 1966.3
1438640 1970.1
1438650 1974.7
1438660 1974.7
1438670 1980.4
1438680 1986.0
1438690 1986.0
1438700 1992.7
1438710 2000.5
1438720 2000.5
1438730 2005.2
1438740 2007.9
1438750 2012.3
1438760 2012.3
1438770 2018.3
1438780 2022.5
1438790 2022.5
1438800 2026.3
1438810 2029.4
1438820 2029.4
1438830 2032.5
1438840 2036.2
1438850 2036.2
1438860 2040.6
1438870 2045.5
1438880 2045.5
1438890 2050.8
1438900 2055.2
1438910 2055.2
1438920 2058.7
1438930 2061.1
1438940 2063.2
1438950 2063.2
1438960 2065.2
1438970 2067.5
1438980 2067.5
1438990 2070.1
1439000 2074.2
1439010 2074.2
1439020 2079.9
1439030 2083.9
1439040 2083.9
1439050 2087.2
1439060 2091.6
1439070 2091.6
1439080 2096.0
1439090 2102.4
1439100 2102.4
1439110 2106.0
1439120 2107.7
1439130 2108.3
1439140 2108.3
1439150 2110.2
1439160 2111.2
1439170 2111.2
1439180 2113.0
1439190 2116.1
1439200 2116.1
1439210 2120.6
1439220 2124.8
1439230 2124.8
1439240 2128.1
1439250 2131.0
1439260 2131.0
1439270 2134.5
1439280 2136.6
1439290 2136.6
1439300 2139.0
1439310 2143.3
1439320 2148.0
1439330 2148.0
1439340 2152.6
1439350 2155.9
1439360 2155.9
1439370 2156.7
1439380 2154.4
1439390 2154.4
1439400 2152.4
1439410 2151.5
1439420 2151.5
1439430 2155.4
1439440 2159.2
1439450 2159.2
1439460 2161.8
1439470 2159.6
1439480 2159.6
1439490 2154.8
1439500 2153.2
1439510 2152.7
1439520 2152.7
1439530 2152.6
1439540 2152.0
1439550 2152.0
1439560 2151.2
1439570 2150.6
1439580 2150.6
1439590 2151.0
1439600 2150.5
1439610 2150.5
1439620 2147.6
1439630 2145.6
1439640 2145.6
1439650 2144.1
1439660 2143.3
1439670 2143.3
1439680 2142.0
1439690 2139.2
1439700 2136.3
1439710 2136.3
1439720 2133.5
1439730 2130.7
1439740 2130.7
1439750 2128.1
1439760 2126.4
1439770 2126.4
1439780 2124.6
1439790 2122.0
1439800 2122.0
1439810 2119.0
1439820 2117.7
1439830 2117.7
1439840 2117.8
1439850 2118.1
1439860 2118.1
1439870 2117.1
1439880 2115.0
1439890 2111.5
1439900 2111.5
1439910 2106.3
1439920 2100.9
1439930 2100.9
1439940 2095.5
1439950 2090.8
1439960 2090.8
1439970 2085.4
1439980 2080.3
1439990 2080.3
