1420000 2620.1
1420010 2627.5
1420020 2639.1
1420030 2639.1
1420040 2657.2
1420050 2673.2
1420060 2673.2
1420070 2683.2
1420080 2691.4
1420090 2691.4
1420100 2687.7
1420110 2679.1
1420120 2679.1
1420130 2671.3
1420140 2664.2
1420150 2664.2
1420160 2657.8
1420170 2651.3
1420180 2644.9
1420190 2644.9
1420200 2639.1
1420210 2633.1
1420220 2633.1
1420230 2626.5
1420240 2621.3
1420250 2621.3
1420260 2618.4
1420270 2619.2
1420280 2619.2
1420290 2620.8
1420300 2622.0
1420310 2622.0
1420320 2615.6
1420330 2616.1
1420340 2616.1
1420350 2617.3
1420360 2617.8
1420370 2619.4
1420380 2619.4
1420390 2623.1
1420400 2625.8
1420410 2625.8
1420420 2625.9
1420430 2627.2
1420440 2627.2
1420450 2630.1
1420460 2631.2
1420470 2631.2
1420480 2625.4
1420490 2609.4
1420500 2609.4
1420510 2600.8
1420520 2595.1
1420530 2595.1
1420540 2589.4
1420550 2583.2
1420560 2577.5
1420570 2577.5
1420580 2571.8
1420590 2566.4
1420600 2566.4
1420610 2561.0
1420620 2555.3
1420630 2555.3
1420640 2549.7
1420650 2545.0
1420660 2545.0
1420670 2541.8
1420680 2539.3
1420690 2539.3
1420700 2536.5
1420710 2534.3
1420720 2534.3
1420730 2532.2
1420740 2530.2
1420750 2528.5
1420760 2528.5
1420770 2527.0
1420780 2525.6
1420790 2525.6
1420800 2525.1
1420810 2525.0
1420820 2525.0
1420830 2525.8
1420840 2527.2
1420850 2527.2
1420860 2527.5
1420870 2526.6
1420880 2526.6
1420890 2526.8
1420900 2526.6
1420910 2526.6
1420920 2528.2
1420930 2534.7
1420940 2539.9
1420950 2539.9
1420960 2543.3
1420970 2545.3
1420980 2545.3
1420990 2548.1
1421000 2550.2
1421010 2550.2
1421020 2551.1
1421030 2550.4
1421040 2550.4
1421050 2547.9
1421060 2546.9
1421070 2546.9
1421080 2546.8
1421090 2545.5
1421100 2545.5
1421110 2544.3
1421120 2543.8
1421130 2542.5
1421140 2542.5
1421150 2539.5
1421160 2531.4
1421170 2531.4
1421180 2519.9
1421190 2508.5
1421200 2508.5
1421210 2497.8
1421220 2488.6
1421230 2488.6
1421240 2481.7
1421250 2476.5
1421260 2476.5
1421270 2471.3
1421280 2466.3
1421290 2466.3
1421300 2456.7
1421310 2445.3
1421320 2436.9
1421330 2436.9
1421340 2428.7
1421350 2420.4
1421360 2420.4
1421370 2411.9
1421380 2404.4
1421390 2404.4
1421400 2397.5
1421410 2391.0
1421420 2391.0
1421430 2384.6
1421440 2378.0
1421450 2378.0
1421460 2371.7
1421470 2365.7
1421480 2365.7
1421490 2359.7
1421500 2354.1
1421510 2348.7
1421520 2348.7
1421530 2343.6
1421540 2338.9
1421550 2338.9
1421560 2334.9
1421570 2331.5
1421580 2331.5
1421590 2329.3
1421600 2327.9
1421610 2327.9
1421620 2326.0
1421630 2325.0
1421640 2325.0
1421650 2323.8
1421660 2321.9
1421670 2321.9
1421680 2321.4
1421690 2318.9
1421700 2316.0
1421710 2316.0
1421720 2311.2
1421730 2303.2
1421740 2303.2
1421750 2295.0
1421760 2287.1
1421770 2287.1
1421780 2278.6
1421790 2268.9
1421800 2268.9
1421810 2264.9
1421820 2264.7
1421830 2264.7
1421840 2264.3
1421850 2260.6
1421860 2260.6
1421870 2252.2
1421880 2238.7
1421890 2225.5
1421900 2225.5
1421910 2211.4
1421920 2202.4
1421930 2202.4
1421940 2195.6
1421950 2189.6
1421960 2189.6
1421970 2184.1
1421980 2178.9
1421990 2178.9
1422000 2172.5
1422010 2161.0
1422020 2161.0
1422030 2145.9
1422040 2138.3
1422050 2138.3
1422060 2134.5
1422070 2133.0
1422080 2131.5
1422090 2131.5
1422100 2129.3
1422110 2125.5
1422120 2125.5
1422130 2121.1
1422140 2115.8
1422150 2115.8
1422160 2111.1
1422170 2107.9
1422180 2107.9
1422190 2105.1
1422200 2102.0
1422210 2102.0
1422220 2099.2
1422230 2097.6
1422240 2097.6
1422250 2095.4
1422260 2092.8
1422270 2091.0
1422280 2091.0
1422290 2089.4
1422300 2088.0
1422310 2088.0
1422320 2092.1
1422330 2090.7
1422340 2090.7
1422350 2088.9
1422360 2086.9
1422370 2086.9
1422380 2084.4
1422390 2081.8
1422400 2081.8
1422410 2079.5
1422420 2076.9
1422430 2076.9
1422440 2074.3
1422450 2071.4
1422460 2068.7
1422470 2068.7
1422480 2066.2
1422490 2063.8
1422500 2063.8
1422510 2061.8
1422520 2059.8
1422530 2059.8
1422540 2057.8
1422550 2056.1
1422560 2056.1
1422570 2053.9
1422580 2051.3
1422590 2051.3
1422600 2048.5
1422610 2046.1
1422620 2046.1
1422630 2043.9
1422640 2041.6
1422650 2038.8
1422660 2038.8
1422670 2036.6
1422680 2035.0
1422690 2035.0
1422700 2033.8
1422710 2032.5
1422720 2032.5
1422730 2030.9
1422740 2030.6
1422750 2030.6
1422760 2030.0
1422770 2033.3
1422780 2033.3
1422790 2039.3
1422800 2043.7
1422810 2043.7
1422820 2047.4
1422830 2051.0
1422840 2056.1
1422850 2056.1
1422860 2055.8
1422870 2057.1
1422880 2057.1
1422890 2062.1
1422900 2072.6
1422910 2072.6
1422920 2083.5
1422930 2093.9
1422940 2093.9
1422950 2100.2
1422960 2099.8
1422970 2099.8
1422980 2098.1
1422990 2096.3
1423000 2096.3
1423010 2092.9
1423020 2087.0
1423030 2077.8
1423040 2077.8
1423050 2070.0
1423060 2064.2
1423070 2064.2
1423080 2059.5
1423090 2056.1
1423100 2056.1
1423110 2052.0
1423120 2044.3
1423130 2044.3
1423140 2037.9
1423150 2035.3
1423160 2035.3
1423170 2032.2
1423180 2023.0
1423190 2013.5
1423200 2013.5
1423210 2008.4
1423220 2004.3
1423230 2004.3
1423240 1999.2
1423250 1993.6
1423260 1993.6
1423270 1987.9
1423280 1982.6
1423290 1982.6
1423300 1978.2
1423310 1974.8
1423320 1974.8
1423330 1971.5
1423340 1968.1
1423350 1968.1
1423360 1964.6
1423370 1960.1
1423380 1955.8
1423390 1955.8
1423400 1951.4
1423410 1945.2
1423420 1945.2
1423430 1939.7
1423440 1936.3
1423450 1936.3
1423460 1933.5
1423470 1930.4
1423480 1930.4
1423490 1926.8
1423500 1921.3
1423510 1921.3
1423520 1915.3
1423530 1910.2
1423540 1910.2
1423550 1904.4
1423560 1898.6
1423570 1892.6
1423580 1892.6
1423590 1886.8
1423600 1881.5
1423610 1881.5
1423620 1875.8
1423630 1869.2
1423640 1869.2
1423650 1864.0
1423660 1859.9
1423670 1859.9
1423680 1857.1
1423690 1853.6
1423700 1853.6
1423710 1850.3
1423720 1846.9
1423730 1846.9
1423740 1843.2
1423750 1839.0
1423760 1834.8
1423770 1834.8
1423780 1830.8
1423790 1826.9
1423800 1826.9
1423810 1822.8
1423820 1818.1
1423830 1818.1
1423840 1812.1
1423850 1806.4
1423860 1806.4
1423870 1802.1
1423880 1796.9
1423890 1796.9
1423900 1790.5
1423910 1782.3
1423920 1782.3
1423930 1774.7
1423940 1768.4
1423950 1761.5
1423960 1761.5
1423970 1753.4
1423980 1746.3
1423990 1746.3
1424000 1739.8
1424010 1733.1
1424020 1733.1
1424030 1726.7
1424040 1719.6
1424050 1719.6
1424060 1712.5
1424070 1705.9
1424080 1705.9
1424090 1700.0
1424100 1692.6
1424110 1692.6
1424120 1684.8
1424130 1676.1
1424140 1669.6
1424150 1669.6
1424160 1661.8
1424170 1654.6
1424180 1654.6
1424190 1648.7
1424200 1643.0
1424210 1643.0
1424220 1636.6
1424230 1629.7
1424240 1629.7
1424250 1622.8
1424260 1616.0
1424270 1616.0
1424280 1609.4
1424290 1603.7
1424300 1603.7
1424310 1598.6
1424320 1592.8
1424330 1586.7
1424340 1586.7
1424350 1580.4
1424360 1573.9
1424370 1573.9
1424380 1569.3
1424390 1564.2
1424400 1564.2
1424410 1558.2
1424420 1551.5
1424430 1551.5
1424440 1545.1
1424450 1538.5
1424460 1538.5
1424470 1530.3
1424480 1522.0
1424490 1522.0
1424500 1514.1
1424510 1506.5
1424520 1499.0
1424530 1499.0
1424540 1491.4
1424550 1483.7
1424560 1483.7
1424570 1477.0
1424580 1471.4
1424590 1471.4
1424600 1465.5
1424610 1459.6
1424620 1459.6
1424630 1456.1
1424640 1450.8
1424650 1450.8
1424660 1446.7
1424670 1443.4
1424680 1443.4
1424690 1440.4
1424700 1437.7
1424710 1434.8
1424720 1434.8
1424730 1433.7
1424740 1432.8
1424750 1432.8
1424760 1432.0
1424770 1432.3
1424780 1432.3
1424790 1432.2
1424800 1432.4
1424810 1432.4
1424820 1435.2
1424830 1436.8
1424840 1436.8
1424850 1437.8
1424860 1438.9
1424870 1438.9
1424880 1440.5
1424890 1441.7
1424900 1443.0
1424910 1443.0
1424920 1443.9
1424930 1444.4
1424940 1444.4
1424950 1445.4
1424960 1446.1
1424970 1446.1
1424980 1447.2
1424990 1448.8
1425000 1448.8
1425010 1450.1
1425020 1451.1
1425030 1451.1
1425040 1453.0
1425050 1455.3
1425060 1455.3
1425070 1457.6
1425080 1459.6
1425090 1462.3
1425100 1462.3
1425110 1466.2
1425120 1468.6
1425130 1468.6
1425140 1470.8
1425150 1472.7
1425160 1472.7
1425170 1474.3
1425180 1476.7
1425190 1476.7
1425200 1480.1
1425210 1482.8
1425220 1482.8
1425230 1484.4
1425240 1488.8
1425250 1488.8
1425260 1496.0
1425270 1503.7
1425280 1511.1
1425290 1511.1
1425300 1518.4
1425310 1526.5
1425320 1526.5
1425330 1535.4
1425340 1544.0
1425350 1544.0
1425360 1549.9
1425370 1551.7
1425380 1551.7
1425390 1553.2
1425400 1554.6
1425410 1554.6
1425420 1556.0
1425430 1558.7
1425440 1558.7
1425450 1561.0
1425460 1562.8
1425470 1566.0
1425480 1566.0
1425490 1571.0
1425500 1577.7
1425510 1577.7
1425520 1586.1
1425530 1595.3
1425540 1595.3
1425550 1603.6
1425560 1611.4
1425570 1611.4
1425580 1618.7
1425590 1625.1
1425600 1625.1
1425610 1630.2
1425620 1634.5
1425630 1634.5
1425640 1639.6
1425650 1646.2
1425660 1653.6
1425670 1653.6
1425680 1661.5
1425690 1670.3
1425700 1670.3
1425710 1678.5
1425720 1685.3
1425730 1685.3
1425740 1689.5
1425750 1693.6
1425760 1693.6
1425770 1699.3
1425780 1704.6
1425790 1704.6
1425800 1709.7
1425810 1714.3
1425820 1714.3
1425830 1718.8
1425840 1723.3
1425850 1727.7
1425860 1727.7
1425870 1732.6
1425880 1737.3
1425890 1737.3
1425900 1742.4
1425910 1747.9
1425920 1747.9
1425930 1754.1
1425940 1759.7
1425950 1759.7
1425960 1764.7
1425970 1768.9
1425980 1768.9
1425990 1772.2
1426000 1776.6
1426010 1776.6
1426020 1780.8
1426030 1785.1
1426040 1789.3
1426050 1789.3
1426060 1791.7
1426070 1794.3
1426080 1794.3
1426090 1799.0
1426100 1804.0
1426110 1804.0
1426120 1809.0
1426130 1814.0
1426140 1814.0
1426150 1819.0
1426160 1823.5
1426170 1823.5
1426180 1827.3
1426190 1831.5
1426200 1831.5
1426210 1835.7
1426220 1840.0
1426230 1843.7
1426240 1843.7
1426250 1848.0
1426260 1852.4
1426270 1852.4
1426280 1856.7
1426290 1859.9
1426300 1859.9
1426310 1862.3
1426320 1865.4
1426330 1865.4
1426340 1868.9
1426350 1871.8
1426360 1871.8
1426370 1874.1
1426380 1875.4
1426390 1875.4
1426400 1877.3
1426410 1879.5
1426420 1881.5
1426430 1881.5
1426440 1883.3
1426450 1885.2
1426460 1885.2
1426470 1887.2
1426480 1888.5
1426490 1888.5
1426500 1890.5
1426510 1892.9
1426520 1892.9
1426530 1892.0
1426540 1894.4
1426550 1894.4
1426560 1897.1
1426570 1898.9
1426580 1898.9
1426590 1900.6
1426600 1902.7
1426610 1905.0
1426620 1905.0
1426630 1906.4
1426640 1907.0
1426650 1907.0
1426660 1907.5
1426670 1908.5
1426680 1908.5
1426690 1910.1
1426700 1911.4
1426710 1911.4
1426720 1912.1
1426730 1912.9
1426740 1912.9
1426750 1913.5
1426760 1913.6
1426770 1913.6
1426780 1913.8
1426790 1915.2
1426800 1918.0
1426810 1918.0
1426820 1919.0
1426830 1919.8
1426840 1919.8
1426850 1921.9
1426860 1923.5
1426870 1923.5
1426880 1924.9
1426890 1927.0
1426900 1927.0
1426910 1929.7
1426920 1932.7
1426930 1932.7
1426940 1935.4
1426950 1937.2
1426960 1937.2
1426970 1939.2
1426980 1941.7
1426990 1945.8
1427000 1945.8
1427010 1950.4
1427020 1955.4
1427030 1955.4
1427040 1959.6
1427050 1963.2
1427060 1963.2
1427070 1966.3
1427080 1969.6
1427090 1969.6
1427100 1973.8
1427110 1979.5
1427120 1979.5
1427130 1986.4
1427140 1992.5
1427150 1992.5
1427160 1994.3
1427170 1993.8
1427180 1994.9
1427190 1994.9
1427200 1996.0
1427210 1997.5
1427220 1997.5
1427230 1999.8
1427240 2001.9
1427250 2001.9
1427260 2005.2
1427270 2009.6
1427280 2009.6
1427290 2013.6
1427300 2017.3
1427310 2017.3
1427320 2021.9
1427330 2025.6
1427340 2025.6
1427350 2028.1
1427360 2031.1
1427370 2035.6
1427380 2035.6
1427390 2040.9
1427400 2045.7
1427410 2045.7
1427420 2050.0
1427430 2054.2
1427440 2054.2
1427450 2058.2
1427460 2062.8
1427470 2062.8
1427480 2066.3
1427490 2069.0
1427500 2069.0
1427510 2071.5
1427520 2074.7
1427530 2074.7
1427540 2077.8
1427550 2081.3
1427560 2085.0
1427570 2085.0
1427580 2088.0
1427590 2090.3
1427600 2090.3
1427610 2092.7
1427620 2095.6
1427630 2095.6
1427640 2097.6
1427650 2099.3
1427660 2099.3
1427670 2101.5
1427680 2104.0
1427690 2104.0
1427700 2106.1
1427710 2107.8
1427720 2107.8
1427730 2109.1
1427740 2110.9
1427750 2112.8
1427760 2112.8
1427770 2114.2
1427780 2115.7
1427790 2115.7
1427800 2117.5
1427810 2119.9
1427820 2119.9
1427830 2122.3
1427840 2125.1
1427850 2125.1
1427860 2128.6
1427870 2132.0
1427880 2132.0
1427890 2135.5
1427900 2139.4
1427910 2139.4
1427920 2144.0
1427930 2149.0
1427940 2153.9
1427950 2153.9
1427960 2158.7
1427970 2163.3
1427980 2163.3
1427990 2167.0
1428000 2171.1
1428010 2171.1
1428020 2176.3
1428030 2181.9
1428040 2181.9
1428050 2188.6
1428060 2195.3
1428070 2195.3
1428080 2201.3
1428090 2206.5
1428100 2206.5
1428110 2213.0
1428120 2218.1
1428130 2222.9
1428140 2222.9
1428150 2227.7
1428160 2233.7
1428170 2233.7
1428180 2239.1
1428190 2244.2
1428200 2244.2
1428210 2249.2
1428220 2253.2
1428230 2253.2
1428240 2256.5
1428250 2259.8
1428260 2259.8
1428270 2263.3
1428280 2267.7
1428290 2267.7
1428300 2272.8
1428310 2277.7
1428320 2282.7
1428330 2282.7
1428340 2287.8
1428350 2294.3
1428360 2294.3
1428370 2300.7
1428380 2306.0
1428390 2306.0
1428400 2310.5
1428410 2314.7
1428420 2314.7
1428430 2319.9
1428440 2325.8
1428450 2325.8
1428460 2332.6
1428470 2340.3
1428480 2340.3
1428490 2347.2
1428500 2354.8
1428510 2361.0
1428520 2361.0
1428530 2362.9
1428540 2363.1
1428550 2363.1
1428560 2362.1
1428570 2362.4
1428580 2362.4
1428590 2366.1
1428600 2369.5
1428610 2369.5
1428620 2372.3
1428630 2368.8
1428640 2368.8
1428650 2366.4
1428660 2365.6
1428670 2365.6
1428680 2365.6
1428690 2365.9
1428700 2365.1
1428710 2365.1
1428720 2364.9
1428730 2366.7
1428740 2366.7
1428750 2365.4
1428760 2371.5
1428770 2371.5
1428780 2370.9
1428790 2371.7
1428800 2371.7
1428810 2369.6
1428820 2368.3
1428830 2368.3
1428840 2368.4
1428850 2369.2
1428860 2369.7
1428870 2369.7
1428880 2370.5
1428890 2372.3
1428900 2372.3
1428910 2373.9
1428920 2376.5
1428930 2376.5
1428940 2372.0
1428950 2369.2
1428960 2369.2
1428970 2360.6
1428980 2351.4
1428990 2351.4
1429000 2345.2
1429010 2336.9
1429020 2336.9
1429030 2329.3
1429040 2320.0
1429050 2312.1
1429060 2312.1
1429070 2300.5
1429080 2291.0
1429090 2291.0
1429100 2281.3
1429110 2277.3
1429120 2277.3
1429130 2274.8
1429140 2274.2
1429150 2274.2
1429160 2273.0
1429170 2272.1
1429180 2272.1
1429190 2270.5
1429200 2268.5
1429210 2268.5
1429220 2266.4
1429230 2264.1
1429240 2261.3
1429250 2261.3
1429260 2258.3
1429270 2254.7
1429280 2254.7
1429290 2253.0
1429300 2252.3
1429310 2252.3
1429320 2251.0
1429330 2249.9
1429340 2249.9
1429350 2247.6
1429360 2243.7
1429370 2243.7
1429380 2238.8
1429390 2230.5
1429400 2230.5
1429410 2217.4
1429420 2210.3
1429430 2206.0
1429440 2206.0
1429450 2201.6
1429460 2198.0
1429470 2198.0
1429480 2195.3
1429490 2193.0
1429500 2193.0
1429510 2190.8
1429520 2189.8
1429530 2189.8
1429540 2191.0
1429550 2191.9
1429560 2191.9
1429570 2192.1
1429580 2192.4
1429590 2192.4
1429600 2192.9
1429610 2193.3
1429620 2194.2
1429630 2194.2
1429640 2195.6
1429650 2197.0
1429660 2197.0
1429670 2197.9
1429680 2198.9
1429690 2198.9
1429700 2200.1
1429710 2201.5
1429720 2201.5
1429730 2202.8
1429740 2204.5
1429750 2204.5
1429760 2206.9
1429770 2208.5
1429780 2208.5
1429790 2208.4
1429800 2206.9
1429810 2204.9
1429820 2204.9
1429830 2202.5
1429840 2199.6
1429850 2199.6
1429860 2197.3
1429870 2195.7
1429880 2195.7
1429890 2193.4
1429900 2192.0
1429910 2192.0
1429920 2190.6
1429930 2188.6
1429940 2188.6
1429950 2186.0
1429960 2182.1
1429970 2182.1
1429980 2177.4
1429990 2173.0
1430000 2169.2
1430010 2169.2
1430020 2165.7
1430030 2162.5
1430040 2162.5
1430050 2159.3
1430060 2155.9
1430070 2155.9
1430080 2152.6
1430090 2149.4
1430100 2149.4
1430110 2146.3
1430120 2142.7
1430130 2142.7
1430140 2139.0
1430150 2135.5
1430160 2135.5
1430170 2132.0
1430180 2128.6
1430190 2125.1
1430200 2125.1
1430210 2121.8
1430220 2118.4
1430230 2118.4
1430240 2116.0
1430250 2114.2
1430260 2114.2
1430270 2111.6
1430280 2110.1
1430290 2110.1
1430300 2108.7
1430310 2107.6
1430320 2107.6
1430330 2106.6
1430340 2105.9
1430350 2105.9
1430360 2105.2
1430370 2105.0
1430380 2104.7
1430390 2104.7
1430400 2103.5
1430410 2102.4
1430420 2102.4
1430430 2101.0
1430440 2099.8
1430450 2099.8
1430460 2099.6
1430470 2099.2
1430480 2099.2
1430490 2099.4
1430500 2099.8
1430510 2099.8
1430520 2100.5
1430530 2101.0
1430540 2101.0
1430550 2100.2
1430560 2099.0
1430570 2099.5
1430580 2099.5
1430590 2100.8
1430600 2102.3
1430610 2102.3
1430620 2103.9
1430630 2105.9
1430640 2105.9
1430650 2107.7
1430660 2110.2
1430670 2110.2
1430680 2112.6
1430690 2115.2
1430700 2115.2
1430710 2117.8
1430720 2120.5
1430730 2120.5
1430740 2123.4
1430750 2126.1
1430760 2128.5
1430770 2128.5
1430780 2130.7
1430790 2133.8
1430800 2133.8
1430810 2136.5
1430820 2139.9
1430830 2139.9
1430840 2143.4
1430850 2146.2
1430860 2146.2
1430870 2148.4
1430880 2150.7
1430890 2150.7
1430900 2153.8
1430910 2155.8
1430920 2155.8
1430930 2156.7
1430940 2157.8
1430950 2158.4
1430960 2158.4
1430970 2158.7
1430980 2160.2
1430990 2160.2
1431000 2161.7
1431010 2162.6
1431020 2162.6
1431030 2163.6
1431040 2163.5
1431050 2163.5
1431060 2162.8
1431070 2162.8
1431080 2159.0
1431090 2158.4
1431100 2156.9
1431110 2156.9
1431120 2155.4
1431130 2154.3
1431140 2153.3
1431150 2153.3
1431160 2151.3
1431170 2149.0
1431180 2149.0
1431190 2145.6
1431200 2141.5
1431210 2141.5
1431220 2138.5
1431230 2136.1
1431240 2136.1
1431250 2132.9
1431260 2129.2
1431270 2129.2
1431280 2124.2
1431290 2119.6
1431300 2119.6
1431310 2115.7
1431320 2111.2
1431330 2106.2
1431340 2106.2
1431350 2101.0
1431360 2094.2
1431370 2094.2
1431380 2088.2
1431390 2084.5
1431400 2084.5
1431410 2081.1
1431420 2077.6
1431430 2077.6
1431440 2074.4
1431450 2071.1
1431460 2071.1
1431470 2067.3
1431480 2062.5
1431490 2062.5
1431500 2057.2
1431510 2052.4
1431520 2048.1
1431530 2048.1
1431540 2043.1
1431550 2038.8
1431560 2038.8
1431570 2035.3
1431580 2032.0
1431590 2032.0
1431600 2028.4
1431610 2024.1
1431620 2024.1
1431630 2020.3
1431640 2017.0
1431650 2017.0
1431660 2013.1
1431670 2009.8
1431680 2009.8
1431690 2005.8
1431700 2001.4
1431710 1996.5
1431720 1996.5
1431730 1992.0
1431740 1987.4
1431750 1987.4
1431760 1983.4
1431770 1980.9
1431780 1980.9
1431790 1977.6
1431800 1974.5
1431810 1974.5
1431820 1971.7
1431830 1968.6
1431840 1968.6
1431850 1965.8
1431860 1963.2
1431870 1963.2
1431880 1961.4
1431890 1960.5
1431900 1959.5
1431910 1959.5
1431920 1958.7
1431930 1957.8
1431940 1957.8
1431950 1956.3
1431960 1954.3
1431970 1954.3
1431980 1952.4
1431990 1950.8
1432000 1950.8
1432010 1948.1
1432020 1944.9
1432030 1944.9
1432040 1941.6
1432050 1939.2
1432060 1939.2
1432070 1936.9
1432080 1934.5
1432090 1932.8
1432100 1932.8
1432110 1930.9
1432120 1929.2
1432130 1929.2
1432140 1927.0
1432150 1924.9
1432160 1924.9
1432170 1923.2
1432180 1920.7
1432190 1920.7
1432200 1917.9
1432210 1914.6
1432220 1914.6
1432230 1911.6
1432240 1909.1
1432250 1909.1
1432260 1905.8
1432270 1902.1
1432280 1898.8
1432290 1898.8
1432300 1895.5
1432310 1891.9
1432320 1891.9
1432330 1887.7
1432340 1882.4
1432350 1882.4
1432360 1876.8
1432370 1871.5
1432380 1871.5
1432390 1866.8
1432400 1862.0
1432410 1862.0
1432420 1857.1
1432430 1852.3
1432440 1852.3
1432450 1847.5
1432460 1842.4
1432470 1837.5
1432480 1837.5
1432490 1833.9
1432500 1833.6
1432510 1833.6
1432520 1834.3
1432530 1832.8
1432540 1832.8
1432550 1830.1
1432560 1826.9
1432570 1826.9
1432580 1821.5
1432590 1814.3
1432600 1814.3
1432610 1810.7
1432620 1811.9
1432630 1811.9
1432640 1813.5
1432650 1813.9
1432660 1813.9
1432670 1813.9
1432680 1813.6
1432690 1811.5
1432700 1811.5
1432710 1808.2
1432720 1805.7
1432730 1805.7
1432740 1802.9
1432750 1800.4
1432760 1800.4
1432770 1798.4
1432780 1796.4
1432790 1796.4
1432800 1795.1
1432810 1794.6
1432820 1794.6
1432830 1792.6
1432840 1790.2
1432850 1788.0
1432860 1788.0
1432870 1784.8
1432880 1781.6
1432890 1781.6
1432900 1777.7
1432910 1773.8
1432920 1773.8
1432930 1770.5
1432940 1767.4
1432950 1767.4
1432960 1765.1
1432970 1762.4
1432980 1762.4
1432990 1760.1
1433000 1758.3
1433010 1758.3
1433020 1755.8
1433030 1752.8
1433040 1750.0
1433050 1750.0
1433060 1747.5
1433070 1745.1
1433080 1745.1
1433090 1742.0
1433100 1738.4
1433110 1738.4
1433120 1734.5
1433130 1731.0
1433140 1731.0
1433150 1727.6
1433160 1723.0
1433170 1723.0
1433180 1717.2
1433190 1715.8
1433200 1715.8
1433210 1711.1
1433220 1705.6
1433230 1699.6
1433240 1699.6
1433250 1694.4
1433260 1689.9
1433270 1689.9
1433280 1685.4
1433290 1680.4
1433300 1680.4
1433310 1676.3
1433320 1672.3
1433330 1672.3
1433340 1669.0
1433350 1666.0
1433360 1666.0
1433370 1663.3
1433380 1659.8
1433390 1659.8
1433400 1656.1
1433410 1652.0
1433420 1647.9
1433430 1647.9
1433440 1643.5
1433450 1640.2
1433460 1640.2
1433470 1637.3
1433480 1632.8
1433490 1631.2
1433500 1627.9
1433510 1624.4
1433520 1624.4
1433530 1620.6
1433540 1617.9
1433550 1617.9
1433560 1613.9
1433570 1610.6
1433580 1607.4
1433590 1607.4
1433600 1604.7
1433610 1601.1
1433620 1601.1
1433630 1597.6
1433640 1594.7
1433650 1594.7
1433660 1592.1
1433670 1589.0
1433680 1589.0
1433690 1586.3
1433700 1584.0
1433710 1584.0
1433720 1581.1
1433730 1577.6
1433740 1577.6
1433750 1573.5
1433760 1569.0
1433770 1564.1
1433780 1564.1
1433790 1558.4
1433800 1552.7
1433810 1552.7
1433820 1547.6
1433830 1542.8
1433840 1542.8
1433850 1538.8
1433860 1535.4
1433870 1535.4
1433880 1530.9
1433890 1526.4
1433900 1526.4
1433910 1522.3
1433920 1518.7
1433930 1518.7
1433940 1516.4
1433950 1515.5
1433960 1513.8
1433970 1513.8
1433980 1511.7
1433990 1509.4
1434000 1509.4
1434010 1507.5
1434020 1506.1
1434030 1506.1
1434040 1503.3
1434050 1500.5
1434060 1500.5
1434070 1497.8
1434080 1496.4
1434090 1496.4
1434100 1495.0
1434110 1493.4
1434120 1493.4
1434130 1491.6
1434140 1488.2
1434150 1482.3
1434160 1482.3
1434170 1477.5
1434180 1472.2
1434190 1472.2
1434200 1467.3
1434210 1463.3
1434220 1463.3
1434230 1458.6
1434240 1454.3
1434250 1454.3
1434260 1451.2
1434270 1448.6
1434280 1448.6
1434290 1445.9
1434300 1442.3
1434310 1442.3
1434320 1438.2
1434330 1434.7
1434340 1431.0
1434350 1431.0
1434360 1427.9
1434370 1424.3
1434380 1424.3
1434390 1420.2
1434400 1416.0
1434410 1416.0
1434420 1411.8
1434430 1407.3
1434440 1407.3
1434450 1403.1
1434460 1399.0
1434470 1399.0
1434480 1395.0
1434490 1390.8
1434500 1390.8
1434510 1387.5
1434520 1384.9
1434530 1382.0
1434540 1382.0
1434550 1378.6
1434560 1375.7
1434570 1375.7
1434580 1372.3
1434590 1370.1
1434600 1370.1
1434610 1368.0
1434620 1365.1
1434630 1365.1
1434640 1362.1
1434650 1359.8
1434660 1359.8
1434670 1358.5
1434680 1356.5
1434690 1356.5
1434700 1352.3
1434710 1347.8
1434720 1343.7
1434730 1343.7
1434740 1340.1
1434750 1335.8
1434760 1335.8
1434770 1331.8
1434780 1328.3
1434790 1328.3
1434800 1325.0
1434810 1322.5
1434820 1322.5
1434830 1319.4
1434840 1316.6
1434850 1316.6
1434860 1313.3
1434870 1309.4
1434880 1309.4
1434890 1304.4
1434900 1299.2
1434910 1293.2
1434920 1293.2
1434930 1282.2
1434940 1274.1
1434950 1274.1
1434960 1266.9
1434970 1258.3
1434980 1258.3
1434990 1246.4
1435000 1238.2
1435010 1238.2
1435020 1242.9
1435030 1252.9
1435040 1252.9
1435050 1258.7
1435060 1258.9
1435070 1258.9
1435080 1254.3
1435090 1247.0
1435100 1240.5
1435110 1240.5
1435120 1234.4
1435130 1228.3
1435140 1228.3
1435150 1222.8
1435160 1218.4
1435170 1218.4
1435180 1213.5
1435190 1209.1
1435200 1209.1
1435210 1205.2
1435220 1201.5
1435230 1201.5
1435240 1197.9
1435250 1193.6
1435260 1193.6
1435270 1187.7
1435280 1182.3
1435290 1177.1
1435300 1177.1
1435310 1173.5
1435320 1170.4
1435330 1170.4
1435340 1163.5
1435350 1154.5
1435360 1154.5
1435370 1146.5
1435380 1138.9
1435390 1138.9
1435400 1129.8
1435410 1123.4
1435420 1123.4
1435430 1117.9
1435440 1112.6
1435450 1112.6
1435460 1107.3
1435470 1102.3
1435480 1097.1
1435490 1097.1
1435500 1091.3
1435510 1085.3
1435520 1085.3
1435530 1076.4
1435540 1065.9
1435550 1065.9
1435560 1055.5
1435570 1046.7
1435580 1046.7
1435590 1037.6
1435600 1027.8
1435610 1027.8
1435620 1018.3
1435630 1009.0
1435640 1009.0
1435650 999.7
1435660 991.4
1435670 983.7
1435680 983.7
1435690 976.3
1435700 969.1
1435710 969.1
1435720 965.8
1435730 962.5
1435740 962.5
1435750 958.1
1435760 953.1
1435770 953.1
1435780 947.9
1435790 943.3
1435800 943.3
1435810 939.0
1435820 935.4
1435830 935.4
1435840 932.0
1435850 928.9
1435860 925.6
1435870 925.6
1435880 921.9
1435890 918.3
1435900 918.3
1435910 915.2
1435920 912.6
1435930 912.6
1435940 910.1
1435950 907.9
1435960 907.9
1435970 905.7
1435980 903.9
1435990 903.9
1436000 902.5
1436010 901.5
1436020 901.3
1436030 900.4
1436040 899.4
1436050 899.2
1436060 899.2
1436070 899.1
1436080 899.3
1436090 899.3
1436100 899.4
1436110 899.5
1436120 899.5
1436130 899.7
1436140 899.9
1436150 899.9
1436160 899.7
1436170 898.4
1436180 898.4
1436190 898.2
1436200 898.3
1436210 898.3
1436220 898.9
1436230 900.4
1436240 901.9
1436250 901.9
1436260 902.6
1436270 903.1
1436280 903.1
1436290 903.5
1436300 904.1
1436310 904.1
1436320 904.7
1436330 905.8
1436340 905.8
1436350 907.2
1436360 908.5
1436370 908.5
1436380 909.6
1436390 910.5
1436400 910.5
1436410 911.7
1436420 913.0
1436430 914.5
1436440 914.5
1436450 915.9
1436460 918.1
1436470 918.1
1436480 919.2
1436490 920.2
1436500 920.2
1436510 923.0
1436520 929.3
1436530 929.3
1436540 936.0
1436550 941.4
1436560 941.4
1436570 945.1
1436580 948.0
1436590 948.0
1436600 950.8
1436610 952.7
1436620 956.1
1436630 956.1
1436640 961.0
1436650 965.8
1436660 965.8
1436670 969.9
1436680 974.2
1436690 974.2
1436700 979.2
1436710 983.8
1436720 983.8
1436730 987.8
1436740 992.1
1436750 992.1
1436760 996.7
1436770 1003.1
1436780 1003.1
1436790 1010.3
1436800 1015.8
1436810 1021.2
1436820 1021.2
1436830 1027.3
1436840 1033.2
1436850 1033.2
1436860 1039.1
1436870 1046.8
1436880 1046.8
1436890 1053.4
1436900 1059.4
1436910 1059.4
1436920 1064.7
1436930 1069.5
1436940 1069.5
1436950 1073.1
1436960 1077.9
1436970 1077.9
1436980 1083.8
1436990 1089.0
1437000 1093.5
1437010 1093.5
1437020 1098.8
1437030 1103.5
1437040 1103.5
1437050 1108.5
1437060 1114.7
1437070 1114.7
1437080 1121.6
1437090 1127.9
1437100 1127.9
1437110 1133.0
1437120 1138.9
1437130 1138.9
1437140 1144.2
1437150 1148.9
1437160 1148.9
1437170 1156.1
1437180 1164.1
1437190 1171.5
1437200 1171.5
1437210 1178.1
1437220 1184.7
1437230 1184.7
1437240 1190.9
1437250 1197.8
1437260 1197.8
1437270 1207.5
1437280 1218.6
1437290 1218.6
1437300 1231.1
1437310 1242.5
1437320 1242.5
1437330 1251.5
1437340 1259.2
1437350 1259.2
1437360 1266.8
1437370 1274.7
1437380 1283.5
1437390 1283.5
1437400 1288.6
1437410 1290.9
1437420 1290.9
1437430 1291.7
1437440 1293.9
1437450 1293.9
1437460 1295.6
1437470 1300.0
1437480 1300.0
1437490 1305.0
1437500 1307.4
1437510 1307.4
1437520 1310.3
1437530 1314.6
1437540 1314.6
1437550 1321.2
1437560 1325.7
1437570 1328.3
1437580 1328.3
1437590 1331.9
1437600 1336.8
1437610 1336.8
1437620 1344.3
1437630 1351.7
1437640 1351.7
1437650 1356.5
1437660 1360.5
1437670 1360.5
1437680 1363.4
1437690 1365.5
1437700 1365.5
1437710 1366.6
1437720 1367.3
1437730 1367.3
1437740 1366.7
1437750 1367.7
1437760 1368.7
1437770 1368.7
1437780 1370.1
1437790 1371.8
1437800 1371.8
1437810 1373.2
1437820 1375.6
1437830 1375.6
1437840 1378.6
1437850 1381.8
1437860 1381.8
1437870 1385.1
1437880 1388.1
1437890 1388.1
1437900 1391.0
1437910 1393.1
1437920 1393.1
1437930 1392.0
1437940 1393.7
1437950 1398.9
1437960 1398.9
1437970 1403.2
1437980 1407.8
1437990 1407.8
1438000 1413.4
1438010 1419.0
1438020 1419.0
1438030 1422.7
1438040 1425.4
1438050 1425.4
1438060 1427.7
1438070 1429.3
1438080 1429.3
1438090 1432.5
1438100 1434.4
1438110 1434.4
1438120 1435.6
1438130 1437.6
1438140 1440.0
1438150 1440.0
1438160 1441.5
1438170 1443.2
1438180 1443.2
1438190 1445.9
1438200 1448.3
1438210 1448.3
1438220 1451.0
1438230 1453.5
1438240 1453.5
1438250 1454.8
1438260 1456.3
1438270 1456.3
1438280 1458.6
1438290 1459.9
1438300 1461.9
1438310 1461.9
1438320 1464.9
1438330 1468.4
1438340 1468.4
1438350 1473.3
1438360 1479.1
1438370 1479.1
1438380 1486.1
1438390 1491.7
1438400 1491.7
1438410 1496.5
1438420 1502.2
1438430 1502.2
1438440 1506.9
1438450 1511.2
1438460 1511.2
1438470 1516.2
1438480 1522.6
1438490 1529.9
1438500 1529.9
1438510 1536.7
1438520 1542.4
1438530 1542.4
1438540 1547.6
1438550 1553.2
1438560 1553.2
1438570 1559.2
1438580 1565.6
1438590 1565.6
1438600 1571.3
1438610 1576.7
1438620 1576.7
1438630 1581.9
1438640 1586.9
1438650 1586.9
1438660 1591.9
1438670 1596.7
1438680 1601.3
1438690 1601.3
1438700 1605.3
1438710 1609.2
1438720 1609.2
1438730 1613.8
1438740 1618.6
1438750 1618.6
1438760 1623.6
1438770 1627.4
1438780 1627.4
1438790 1632.4
1438800 1638.1
1438810 1638.1
1438820 1643.9
1438830 1648.8
1438840 1648.8
1438850 1652.8
1438860 1657.7
1438870 1662.4
1438880 1662.4
1438890 1666.7
1438900 1671.7
1438910 1671.7
1438920 1675.9
1438930 1680.4
1438940 1680.4
1438950 1686.3
1438960 1692.9
1438970 1692.9
1438980 1699.5
1438990 1705.5
1439000 1705.5
1439010 1710.0
1439020 1714.8
1439030 1714.8
1439040 1720.5
1439050 1726.2
1439060 1732.0
1439070 1732.0
1439080 1738.2
1439090 1744.5
1439100 1744.5
1439110 1747.8
1439120 1755.1
1439130 1755.1
1439140 1764.2
1439150 1771.7
1439160 1771.7
1439170 1778.5
1439180 1786.4
1439190 1786.4
1439200 1793.5
1439210 1799.3
1439220 1799.3
1439230 1805.4
1439240 1810.1
1439250 1814.5
1439260 1814.5
1439270 1818.5
1439280 1823.3
1439290 1823.3
1439300 1827.0
1439310 1829.0
1439320 1829.0
1439330 1831.9
1439340 1837.1
1439350 1837.1
1439360 1842.7
1439370 1847.3
1439380 1847.3
1439390 1849.2
1439400 1851.3
1439410 1851.3
1439420 1852.1
1439430 1852.0
1439440 1852.5
1439450 1852.5
1439460 1853.4
1439470 1854.7
1439480 1854.7
1439490 1855.8
1439500 1856.5
1439510 1856.5
1439520 1857.3
1439530 1858.2
1439540 1858.2
1439550 1859.4
1439560 1860.3
1439570 1860.3
1439580 1861.9
1439590 1864.3
1439600 1864.3
1439610 1865.5
1439620 1866.9
1439630 1869.2
1439640 1869.2
1439650 1872.0
1439660 1874.0
1439670 1874.0
1439680 1876.4
1439690 1879.2
1439700 1879.2
1439710 1882.8
1439720 1886.5
1439730 1886.5
1439740 1892.2
1439750 1897.7
1439760 1897.7
1439770 1902.7
1439780 1906.5
1439790 1906.5
1439800 1909.1
1439810 1910.2
1439820 1909.6
1439830 1909.6
1439840 1908.5
1439850 1910.3
1439860 1910.3
1439870 1916.8
1439880 1922.6
1439890 1922.6
1439900 1926.6
1439910 1930.9
1439920 1930.9
1439930 1934.4
1439940 1938.1
1439950 1938.1
1439960 1941.6
1439970 1944.7
1439980 1944.7
1439990 1947.3
