1420000 2172.9
1420010 2169.2
1420020 2169.2
1420030 2164.6
1420040 2161.6
1420050 2161.6
1420060 2161.5
1420070 2160.1
1420080 2160.1
1420090 2159.0
1420100 2156.8
1420110 2156.8
1420120 2151.9
1420130 2146.3
1420140 2146.3
1420150 2141.4
1420160 2139.6
1420170 2139.2
1420180 2139.2
1420190 2136.1
1420200 2131.0
1420210 2131.0
1420220 2124.3
1420230 2117.5
1420240 2117.5
1420250 2111.1
1420260 2106.1
1420270 2106.1
1420280 2103.6
1420290 2103.0
1420300 2103.0
1420310 2102.1
1420320 2098.7
1420330 2098.7
1420340 2094.2
1420350 2092.5
1420360 2093.9
1420370 2093.9
1420380 2096.6
1420390 2097.0
1420400 2097.0
1420410 2095.2
1420420 2091.6
1420430 2091.6
1420440 2087.0
1420450 2083.8
1420460 2083.8
1420470 2078.6
1420480 2075.1
1420490 2075.1
1420500 2069.7
1420510 2062.6
1420520 2062.6
1420530 2056.4
1420540 2049.4
1420550 2043.6
1420560 2043.6
1420570 2040.7
1420580 2040.8
1420590 2040.8
1420600 2039.6
1420610 2032.6
1420620 2032.6
1420630 2020.2
1420640 2010.7
1420650 2010.7
1420660 1992.3
1420670 1981.4
1420680 1981.4
1420690 1973.5
1420700 1966.4
1420710 1966.4
1420720 1960.8
1420730 1954.9
1420740 1948.7
1420750 1948.7
1420760 1942.1
1420770 1936.4
1420780 1936.4
1420790 1930.7
1420800 1924.8
1420810 1924.8
1420820 1918.6
1420830 1913.1
1420840 1913.1
1420850 1909.2
1420860 1905.5
1420870 1905.5
1420880 1902.4
1420890 1898.5
1420900 1898.5
1420910 1894.5
1420920 1890.6
1420930 1886.7
1420940 1886.7
1420950 1882.8
1420960 1879.3
1420970 1879.3
1420980 1874.9
1420990 1869.5
1421000 1869.5
1421010 1864.2
1421020 1858.5
1421030 1858.5
1421040 1852.8
1421050 1847.8
1421060 1847.8
1421070 1842.4
1421080 1838.2
1421090 1838.2
1421100 1833.8
1421110 1829.0
1421120 1824.0
1421130 1824.0
1421140 1819.3
1421150 1814.6
1421160 1814.6
1421170 1809.9
1421180 1804.9
1421190 1804.9
1421200 1800.4
1421210 1796.0
1421220 1796.0
1421230 1792.0
1421240 1787.3
1421250 1787.3
1421260 1782.1
1421270 1776.8
1421280 1776.8
1421290 1772.8
1421300 1768.8
1421310 1768.8
1421320 1764.9
1421330 1760.9
1421340 1757.3
1421350 1757.3
1421360 1754.0
1421370 1750.8
1421380 1750.8
1421390 1747.8
1421400 1744.4
1421410 1744.4
1421420 1741.6
1421430 1739.1
1421440 1739.1
1421450 1737.0
1421460 1735.0
1421470 1735.0
1421480 1734.2
1421490 1735.5
1421500 1735.5
1421510 1736.7
1421520 1737.6
1421530 1738.5
1421540 1738.5
1421550 1740.2
1421560 1741.2
1421570 1741.2
1421580 1741.6
1421590 1742.3
1421600 1742.3
1421610 1742.4
1421620 1741.3
1421630 1741.3
1421640 1739.1
1421650 1736.3
1421660 1736.3
1421670 1732.8
1421680 1729.5
1421690 1729.5
1421700 1725.6
1421710 1721.5
1421720 1717.9
1421730 1717.9
1421740 1714.8
1421750 1710.8
1421760 1710.8
1421770 1706.7
1421780 1703.0
1421790 1703.0
1421800 1699.6
1421810 1696.4
1421820 1696.4
1421830 1691.8
1421840 1689.1
1421850 1689.1
1421860 1688.4
1421870 1688.0
1421880 1688.0
1421890 1687.5
1421900 1686.6
1421910 1685.8
1421920 1685.8
1421930 1684.8
1421940 1684.6
1421950 1684.6
1421960 1684.4
1421970 1682.9
1421980 1682.9
1421990 1683.0
1422000 1682.9
1422010 1682.9
1422020 1682.5
1422030 1686.1
1422040 1686.1
1422050 1692.5
1422060 1695.5
1422070 1695.5
1422080 1698.1
1422090 1703.2
1422100 1707.0
1422110 1707.0
1422120 1710.5
1422130 1714.2
1422140 1714.2
1422150 1717.8
1422160 1721.6
1422170 1721.6
1422180 1725.1
1422190 1728.5
1422200 1728.5
1422210 1731.3
1422220 1733.6
1422230 1733.6
1422240 1736.9
1422250 1738.8
1422260 1738.8
1422270 1740.6
1422280 1741.8
1422290 1740.4
1422300 1740.4
1422310 1743.5
1422320 1746.4
1422330 1746.4
1422340 1749.2
1422350 1753.6
1422360 1753.6
1422370 1757.6
1422380 1761.3
1422390 1761.3
1422400 1764.9
1422410 1769.0
1422420 1769.0
1422430 1773.6
1422440 1777.6
1422450 1777.6
1422460 1780.6
1422470 1779.3
1422480 1783.0
1422490 1783.0
1422500 1787.7
1422510 1792.2
1422520 1792.2
1422530 1794.1
1422540 1794.9
1422550 1794.9
1422560 1795.2
1422570 1789.6
1422580 1789.6
1422590 1785.1
1422600 1786.5
1422610 1786.5
1422620 1791.9
1422630 1801.3
1422640 1801.3
1422650 1808.9
1422660 1810.3
1422670 1811.5
1422680 1811.5
1422690 1812.2
1422700 1813.0
1422710 1813.0
1422720 1816.0
1422730 1822.1
1422740 1822.1
1422750 1829.4
1422760 1837.0
1422770 1837.0
1422780 1844.7
1422790 1852.3
1422800 1852.3
1422810 1859.6
1422820 1866.2
1422830 1866.2
1422840 1872.4
1422850 1879.3
1422860 1883.9
1422870 1883.9
1422880 1885.3
1422890 1887.5
1422900 1887.5
1422910 1891.3
1422920 1894.4
1422930 1894.4
1422940 1894.7
1422950 1894.3
1422960 1894.3
1422970 1895.0
1422980 1895.8
1422990 1895.8
1423000 1897.3
1423010 1899.5
1423020 1899.5
1423030 1902.1
1423040 1904.7
1423050 1907.4
1423060 1907.4
1423070 1910.3
1423080 1913.4
1423090 1913.4
1423100 1915.1
1423110 1917.5
1423120 1917.5
1423130 1920.0
1423140 1922.6
1423150 1922.6
1423160 1924.7
1423170 1926.7
1423180 1926.7
1423190 1928.5
1423200 1929.9
1423210 1929.9
1423220 1931.4
1423230 1933.0
1423240 1933.4
1423250 1933.4
1423260 1933.8
1423270 1935.7
1423280 1935.7
1423290 1937.3
1423300 1937.9
1423310 1937.9
1423320 1939.6
1423330 1942.7
1423340 1942.7
1423350 1945.9
1423360 1949.2
1423370 1949.2
1423380 1950.5
1423390 1950.5
1423400 1950.5
1423410 1951.4
1423420 1953.2
1423430 1957.0
1423440 1957.0
1423450 1961.0
1423460 1964.7
1423470 1964.7
1423480 1967.5
1423490 1969.1
1423500 1969.1
1423510 1970.4
1423520 1972.5
1423530 1972.5
1423540 1975.4
1423550 1978.6
1423560 1978.6
1423570 1980.7
1423580 1982.7
1423590 1982.7
1423600 1986.0
1423610 1988.7
1423620 1990.2
1423630 1990.2
1423640 1991.2
1423650 1992.3
1423660 1992.3
1423670 1994.0
1423680 1994.8
1423690 1994.8
1423700 1996.1
1423710 1998.2
1423720 1998.2
1423730 2000.9
1423740 2004.1
1423750 2004.1
1423760 2006.8
1423770 2009.7
1423780 2009.7
1423790 2011.5
1423800 2013.3
1423810 2015.7
1423820 2015.7
1423830 2018.7
1423840 2021.3
1423850 2021.3
1423860 2022.6
1423870 2017.7
1423880 2017.7
1423890 2014.3
1423900 2011.7
1423910 2011.7
1423920 2005.2
1423930 2001.7
1423940 2001.7
1423950 1997.5
1423960 1994.7
1423970 1994.7
1423980 1996.3
1423990 2001.3
1424000 2008.7
1424010 2008.7
1424020 2016.1
1424030 2023.3
1424040 2023.3
1424050 2029.8
1424060 2036.8
1424070 2036.8
1424080 2044.8
1424090 2052.0
1424100 2052.0
1424110 2058.7
1424120 2064.1
1424130 2064.1
1424140 2071.2
1424150 2079.2
1424160 2079.2
1424170 2084.4
1424180 2083.3
1424190 2084.0
1424200 2084.0
1424210 2091.4
1424220 2098.2
1424230 2098.2
1424240 2103.5
1424250 2110.3
1424260 2110.3
1424270 2114.0
1424280 2110.6
1424290 2110.6
1424300 2113.0
1424310 2121.6
1424320 2121.6
1424330 2127.3
1424340 2130.7
1424350 2130.7
1424360 2134.2
1424370 2138.9
1424380 2144.5
1424390 2144.5
1424400 2150.6
1424410 2155.4
1424420 2155.4
1424430 2158.6
1424440 2160.5
1424450 2160.5
1424460 2159.7
1424470 2157.8
1424480 2157.8
1424490 2161.7
1424500 2170.7
1424510 2170.7
1424520 2179.6
1424530 2185.0
1424540 2182.5
1424550 2185.8
1424560 2189.3
1424570 2189.3
1424580 2192.8
1424590 2195.4
1424600 2195.5
1424610 2195.5
1424620 2196.3
1424630 2201.8
1424640 2201.8
1424650 2210.7
1424660 2218.7
1424670 2218.7
1424680 2227.0
1424690 2235.7
1424700 2235.7
1424710 2244.2
1424720 2250.8
1424730 2250.8
1424740 2256.1
1424750 2260.0
1424760 2260.0
1424770 2264.4
1424780 2270.0
1424790 2276.8
1424800 2276.8
1424810 2284.1
1424820 2291.3
1424830 2291.3
1424840 2299.2
1424850 2306.7
1424860 2306.7
1424870 2314.4
1424880 2322.8
1424890 2322.8
1424900 2330.7
1424910 2338.2
1424920 2338.2
1424930 2346.9
1424940 2355.8
1424950 2355.8
1424960 2361.1
1424970 2367.0
1424980 2371.8
1424990 2371.8
1425000 2376.1
1425010 2380.1
1425020 2380.1
1425030 2381.4
1425040 2384.7
1425050 2384.7
1425060 2384.3
1425070 2378.1
1425080 2378.1
1425090 2387.9
1425100 2402.7
1425110 2402.7
1425120 2413.3
1425130 2420.4
1425140 2420.4
1425150 2425.5
1425160 2427.2
1425170 2411.7
1425180 2411.7
1425190 2395.1
1425200 2396.8
1425210 2396.8
1425220 2407.3
1425230 2419.8
1425240 2419.8
1425250 2433.0
1425260 2443.1
1425270 2443.1
1425280 2449.1
1425290 2452.8
1425300 2452.8
1425310 2452.4
1425320 2445.4
1425330 2445.4
1425340 2438.0
1425350 2430.0
1425360 2421.5
1425370 2421.5
1425380 2413.2
1425390 2403.4
1425400 2403.4
1425410 2392.4
1425420 2385.5
1425430 2385.5
1425440 2380.1
1425450 2377.2
1425460 2377.2
1425470 2376.7
1425480 2377.5
1425490 2377.5
1425500 2378.3
1425510 2377.6
1425520 2377.6
1425530 2376.2
1425540 2374.9
1425550 2374.2
1425560 2374.2
1425570 2373.0
1425580 2372.2
1425590 2372.2
1425600 2372.2
1425610 2371.4
1425620 2371.4
1425630 2371.9
1425640 2372.6
1425650 2372.6
1425660 2373.9
1425670 2377.0
1425680 2377.0
1425690 2377.1
1425700 2374.4
1425710 2374.4
1425720 2369.3
1425730 2365.1
1425740 2362.7
1425750 2362.7
1425760 2360.2
1425770 2358.0
1425780 2358.0
1425790 2357.4
1425800 2358.1
1425810 2358.1
1425820 2358.8
1425830 2359.1
1425840 2359.1
1425850 2360.5
1425860 2361.9
1425870 2361.9
1425880 2362.2
1425890 2363.6
1425900 2363.6
1425910 2364.8
1425920 2363.3
1425930 2360.5
1425940 2360.5
1425950 2358.7
1425960 2357.9
1425970 2357.9
1425980 2355.9
1425990 2352.8
1426000 2352.8
1426010 2350.1
1426020 2347.4
1426030 2347.4
1426040 2344.4
1426050 2345.3
1426060 2345.3
1426070 2344.0
1426080 2345.5
1426090 2345.5
1426100 2347.3
1426110 2348.8
1426120 2349.8
1426130 2349.8
1426140 2350.2
1426150 2350.8
1426160 2350.8
1426170 2351.0
1426180 2351.8
1426190 2351.8
1426200 2353.9
1426210 2356.7
1426220 2356.7
1426230 2359.5
1426240 2361.4
1426250 2361.4
1426260 2364.0
1426270 2366.8
1426280 2366.8
1426290 2369.4
1426300 2372.9
1426310 2375.4
1426320 2375.4
1426330 2378.1
1426340 2381.4
1426350 2381.4
1426360 2384.7
1426370 2386.5
1426380 2386.5
1426390 2390.5
1426400 2394.8
1426410 2394.8
1426420 2398.6
1426430 2406.4
1426440 2406.4
1426450 2412.7
1426460 2417.9
1426470 2417.9
1426480 2421.2
1426490 2425.7
1426500 2432.2
1426510 2432.2
1426520 2438.5
1426530 2442.9
1426540 2442.9
1426550 2447.0
1426560 2453.4
1426570 2453.4
1426580 2459.7
1426590 2465.7
1426600 2465.7
1426610 2470.4
1426620 2473.4
1426630 2473.4
1426640 2477.4
1426650 2483.6
1426660 2483.6
1426670 2489.3
1426680 2493.4
1426690 2497.8
1426700 2495.1
1426710 2499.6
1426720 2504.2
1426730 2504.2
1426740 2508.6
1426750 2513.6
1426760 2513.6
1426770 2519.6
1426780 2526.7
1426790 2526.7
1426800 2534.4
1426810 2541.8
1426820 2541.8
1426830 2549.3
1426840 2556.1
1426850 2556.1
1426860 2561.9
1426870 2567.8
1426880 2573.9
1426890 2573.9
1426900 2580.1
1426910 2586.6
1426920 2586.6
1426930 2593.2
1426940 2600.2
1426950 2600.2
1426960 2607.7
1426970 2615.2
1426980 2615.2
1426990 2622.5
1427000 2630.1
1427010 2630.1
1427020 2637.7
1427030 2645.8
1427040 2645.8
1427050 2654.0
1427060 2662.2
1427070 2671.9
1427080 2671.9
1427090 2682.0
1427100 2690.6
1427110 2690.6
1427120 2699.4
1427130 2708.3
1427140 2708.3
1427150 2717.0
1427160 2725.1
1427170 2725.1
1427180 2734.6
1427190 2745.5
1427200 2745.5
1427210 2755.4
1427220 2764.3
1427230 2764.3
1427240 2769.9
1427250 2760.6
1427260 2749.8
1427270 2749.8
1427280 2744.4
1427290 2738.3
1427300 2738.3
1427310 2732.7
1427320 2728.0
1427330 2728.0
1427340 2722.5
1427350 2716.7
1427360 2716.7
1427370 2711.2
1427380 2704.5
1427390 2704.5
1427400 2698.9
1427410 2694.4
1427420 2694.4
1427430 2690.4
1427440 2689.4
1427450 2686.2
1427460 2686.2
1427470 2682.8
1427480 2679.7
1427490 2679.7
1427500 2677.5
1427510 2676.0
1427520 2676.0
1427530 2674.1
1427540 2672.7
1427550 2672.7
1427560 2671.3
1427570 2672.4
1427580 2672.4
1427590 2677.5
1427600 2682.9
1427610 2682.9
1427620 2691.1
1427630 2699.7
1427640 2699.7
1427650 2710.4
1427660 2709.9
1427670 2702.9
1427680 2702.9
1427690 2707.5
1427700 2716.0
1427710 2716.0
1427720 2719.9
1427730 2712.0
1427740 2712.0
1427750 2707.7
1427760 2704.8
1427770 2704.8
1427780 2701.5
1427790 2698.6
1427800 2698.6
1427810 2698.4
1427820 2700.9
1427830 2700.9
1427840 2705.9
1427850 2707.8
1427860 2697.6
1427870 2697.6
1427880 2688.6
1427890 2696.5
1427900 2696.5
1427910 2703.2
1427920 2703.1
1427930 2703.1
1427940 2704.4
1427950 2712.4
1427960 2712.4
1427970 2709.7
1427980 2704.7
1427990 2704.7
1428000 2700.2
1428010 2694.5
1428020 2694.5
1428030 2690.2
1428040 2689.4
1428050 2686.6
1428060 2686.6
1428070 2687.1
1428080 2687.1
1428090 2687.1
1428100 2684.1
1428110 2680.4
1428120 2680.4
1428130 2678.1
1428140 2678.1
1428150 2678.1
1428160 2679.2
1428170 2680.9
1428180 2680.9
1428190 2682.1
1428200 2684.0
1428210 2684.0
1428220 2688.0
1428230 2694.6
1428240 2701.8
1428250 2701.8
1428260 2706.4
1428270 2709.9
1428280 2709.9
1428290 2715.0
1428300 2713.0
1428310 2713.0
1428320 2710.9
1428330 2708.2
1428340 2708.2
1428350 2706.1
1428360 2705.7
1428370 2705.7
1428380 2701.2
1428390 2695.6
1428400 2695.6
1428410 2692.4
1428420 2687.0
1428430 2680.8
1428440 2680.8
1428450 2673.8
1428460 2667.0
1428470 2667.0
1428480 2660.8
1428490 2660.6
1428500 2660.6
1428510 2663.6
1428520 2664.3
1428530 2664.3
1428540 2662.8
1428550 2666.4
1428560 2666.4
1428570 2667.5
1428580 2658.9
1428590 2658.9
1428600 2649.9
1428610 2639.8
1428620 2632.1
1428630 2632.1
1428640 2624.1
1428650 2615.6
1428660 2615.6
1428670 2609.3
1428680 2603.9
1428690 2603.9
1428700 2600.5
1428710 2596.8
1428720 2596.8
1428730 2599.8
1428740 2604.0
1428750 2604.0
1428760 2606.5
1428770 2605.4
1428780 2605.4
1428790 2611.8
1428800 2607.9
1428810 2598.0
1428820 2598.0
1428830 2588.7
1428840 2583.8
1428850 2583.8
1428860 2576.9
1428870 2569.3
1428880 2569.3
1428890 2561.7
1428900 2553.9
1428910 2553.9
1428920 2546.0
1428930 2539.8
1428940 2539.8
1428950 2532.4
1428960 2525.1
1428970 2525.1
1428980 2517.8
1428990 2510.5
1429000 2503.4
1429010 2503.4
1429020 2496.3
1429030 2489.5
1429040 2489.5
1429050 2483.1
1429060 2476.8
1429070 2476.8
1429080 2470.5
1429090 2464.3
1429100 2464.3
1429110 2458.6
1429120 2453.3
1429130 2453.3
1429140 2448.1
1429150 2443.0
1429160 2443.0
1429170 2437.7
1429180 2432.3
1429190 2427.2
1429200 2427.2
1429210 2422.7
1429220 2419.6
1429230 2419.6
1429240 2417.1
1429250 2414.8
1429260 2414.8
1429270 2413.1
1429280 2410.7
1429290 2410.7
1429300 2407.5
1429310 2405.7
1429320 2405.7
1429330 2404.4
1429340 2402.0
1429350 2402.0
1429360 2398.9
1429370 2396.7
1429380 2394.0
1429390 2394.0
1429400 2389.2
1429410 2386.0
1429420 2386.0
1429430 2385.2
1429440 2381.4
1429450 2381.4
1429460 2380.0
1429470 2382.4
1429480 2382.4
1429490 2384.0
1429500 2385.4
1429510 2385.4
1429520 2388.6
1429530 2393.8
1429540 2393.8
1429550 2401.0
1429560 2405.6
1429570 2406.8
1429580 2406.8
1429590 2404.1
1429600 2400.0
1429610 2400.0
1429620 2397.1
1429630 2396.1
1429640 2396.1
1429650 2397.9
1429660 2401.8
1429670 2401.8
1429680 2404.4
1429690 2406.3
1429700 2406.3
1429710 2407.4
1429720 2408.4
1429730 2408.4
1429740 2410.4
1429750 2409.7
1429760 2409.2
1429770 2409.2
1429780 2412.1
1429790 2412.1
1429800 2412.1
1429810 2409.9
1429820 2406.1
1429830 2406.1
1429840 2402.6
1429850 2399.0
1429860 2399.0
1429870 2398.4
1429880 2399.3
1429890 2399.3
1429900 2401.3
1429910 2403.3
1429920 2403.3
1429930 2405.2
1429940 2406.7
1429950 2408.6
1429960 2408.6
1429970 2410.1
1429980 2410.9
1429990 2410.9
1430000 2409.9
1430010 2408.0
1430020 2408.0
1430030 2412.5
1430040 2416.9
1430050 2416.9
1430060 2420.9
1430070 2423.0
1430080 2423.0
1430090 2426.8
1430100 2428.3
1430110 2428.3
1430120 2427.0
1430130 2423.8
1430140 2420.4
1430150 2420.4
1430160 2416.9
1430170 2415.4
1430180 2415.4
1430190 2414.0
1430200 2412.3
1430210 2412.3
1430220 2411.7
1430230 2411.5
1430240 2411.5
1430250 2410.8
1430260 2407.5
1430270 2407.5
1430280 2401.3
1430290 2390.5
1430300 2390.5
1430310 2385.0
1430320 2382.7
1430330 2379.7
1430340 2379.7
1430350 2376.9
1430360 2375.1
1430370 2375.1
1430380 2375.0
1430390 2375.0
1430400 2375.0
1430410 2375.8
1430420 2377.6
1430430 2377.6
1430440 2380.3
1430450 2381.5
1430460 2381.5
1430470 2380.8
1430480 2382.3
1430490 2382.3
1430500 2382.2
1430510 2378.8
1430520 2375.8
1430530 2375.8
1430540 2374.7
1430550 2376.7
1430560 2376.7
1430570 2380.4
1430580 2385.3
1430590 2385.3
1430600 2390.6
1430610 2396.0
1430620 2396.0
1430630 2399.6
1430640 2403.9
1430650 2403.9
1430660 2410.3
1430670 2414.0
1430680 2414.0
1430690 2415.6
1430700 2415.8
1430710 2416.3
1430720 2416.3
1430730 2420.2
1430740 2416.8
1430750 2416.8
1430760 2412.1
1430770 2412.9
1430780 2412.9
1430790 2415.3
1430800 2419.4
1430810 2419.4
1430820 2424.9
1430830 2431.4
1430840 2431.4
1430850 2434.4
1430860 2437.1
1430870 2437.1
1430880 2436.1
1430890 2434.9
1430900 2434.9
1430910 2435.3
1430920 2438.0
1430930 2439.3
1430940 2439.3
1430950 2442.6
1430960 2447.3
1430970 2447.3
1430980 2451.3
1430990 2460.1
1431000 2460.1
1431010 2471.5
1431020 2475.2
1431030 2475.2
1431040 2473.4
1431050 2477.6
1431060 2477.6
1431070 2484.9
1431080 2491.5
1431090 2491.5
1431100 2498.8
1431110 2506.0
1431120 2512.1
1431130 2512.1
1431140 2517.0
1431150 2521.6
1431160 2521.6
1431170 2524.2
1431180 2522.6
1431190 2522.6
1431200 2516.8
1431210 2510.0
1431220 2510.0
1431230 2503.5
1431240 2496.0
1431250 2496.0
1431260 2490.3
1431270 2483.5
1431280 2483.5
1431290 2476.5
1431300 2469.6
1431310 2463.5
1431320 2463.5
1431330 2456.4
1431340 2444.5
1431350 2444.5
1431360 2434.8
1431370 2428.1
1431380 2428.1
1431390 2420.4
1431400 2411.8
1431410 2411.8
1431420 2404.4
1431430 2399.5
1431440 2399.5
1431450 2396.2
1431460 2394.5
1431470 2394.5
1431480 2394.7
1431490 2394.7
1431500 2388.2
1431510 2388.2
1431520 2377.8
1431530 2370.2
1431540 2370.2
1431550 2363.0
1431560 2352.6
1431570 2352.6
1431580 2342.6
1431590 2334.6
1431600 2334.6
1431610 2327.6
1431620 2321.2
1431630 2321.2
1431640 2314.2
1431650 2307.2
1431660 2307.2
1431670 2300.6
1431680 2294.7
1431690 2288.4
1431700 2288.4
1431710 2282.0
1431720 2275.9
1431730 2275.9
1431740 2270.2
1431750 2264.3
1431760 2264.3
1431770 2258.3
1431780 2253.4
1431790 2253.4
1431800 2249.4
1431810 2246.2
1431820 2246.2
1431830 2243.2
1431840 2239.9
1431850 2239.9
1431860 2236.6
1431870 2232.9
1431880 2229.7
1431890 2229.7
1431900 2226.9
1431910 2223.3
1431920 2223.3
1431930 2220.0
1431940 2217.0
1431950 2217.0
1431960 2213.4
1431970 2210.0
1431980 2210.0
1431990 2208.7
1432000 2207.3
1432010 2207.3
1432020 2205.9
1432030 2204.6
1432040 2204.6
1432050 2202.4
1432060 2199.7
1432070 2197.4
1432080 2197.4
1432090 2195.8
1432100 2196.1
1432110 2196.1
1432120 2196.0
1432130 2194.8
1432140 2194.8
1432150 2193.8
1432160 2193.8
1432170 2193.8
1432180 2193.5
1432190 2193.5
1432200 2193.5
1432210 2195.7
1432220 2198.3
1432230 2198.3
1432240 2199.9
1432250 2199.2
1432260 2194.8
1432270 2194.8
1432280 2190.7
1432290 2189.1
1432300 2189.1
1432310 2185.7
1432320 2182.3
1432330 2182.3
1432340 2177.4
1432350 2170.0
1432360 2170.0
1432370 2165.6
1432380 2161.1
1432390 2161.1
1432400 2156.2
1432410 2152.4
1432420 2152.4
1432430 2150.6
1432440 2148.7
1432450 2145.9
1432460 2145.9
1432470 2143.2
1432480 2140.7
1432490 2140.7
1432500 2139.7
1432510 2139.3
1432520 2139.3
1432530 2138.2
1432540 2135.7
1432550 2135.7
1432560 2132.8
1432570 2128.9
1432580 2128.9
1432590 2122.4
1432600 2113.1
1432610 2113.1
1432620 2106.8
1432630 2100.3
1432640 2092.4
1432650 2092.4
1432660 2085.8
1432670 2081.1
1432680 2081.1
1432690 2077.0
1432700 2074.3
1432710 2074.3
1432720 2072.0
1432730 2069.7
1432740 2069.7
1432750 2066.4
1432760 2062.7
1432770 2062.7
1432780 2059.5
1432790 2054.8
1432800 2054.8
1432810 2050.1
1432820 2045.2
1432830 2040.4
1432840 2040.4
1432850 2037.0
1432860 2033.6
1432870 2033.6
1432880 2029.8
1432890 2028.3
1432900 2028.3
1432910 2030.1
1432920 2032.2
1432930 2032.2
1432940 2030.8
1432950 2027.4
1432960 2027.4
1432970 2024.6
1432980 2022.9
1432990 2022.9
1433000 2020.7
1433010 2015.5
1433020 2010.0
1433030 2010.0
1433040 2004.5
1433050 1999.2
1433060 1999.2
1433070 1996.4
1433080 1995.5
1433090 1995.5
1433100 1992.6
1433110 1989.4
1433120 1989.4
1433130 1985.6
1433140 1979.4
1433150 1979.4
1433160 1975.1
1433170 1970.9
1433180 1970.9
1433190 1964.8
1433200 1959.5
1433210 1955.6
1433220 1955.6
1433230 1950.9
1433240 1943.8
1433250 1943.8
1433260 1936.7
1433270 1930.0
1433280 1930.0
1433290 1925.0
1433300 1921.0
1433310 1921.0
1433320 1917.9
1433330 1915.2
1433340 1915.2
1433350 1913.1
1433360 1911.7
1433370 1911.7
1433380 1909.9
1433390 1907.5
1433400 1902.3
1433410 1902.3
1433420 1896.9
1433430 1894.3
1433440 1894.3
1433450 1891.9
1433460 1889.4
1433470 1889.4
1433480 1886.1
1433490 1881.0
1433500 1881.0
1433510 1876.5
1433520 1872.9
1433530 1872.9
1433540 1869.2
1433550 1865.1
1433560 1865.1
1433570 1860.1
1433580 1855.4
1433590 1850.6
1433600 1850.6
1433610 1845.6
1433620 1840.9
1433630 1840.9
1433640 1835.8
1433650 1830.6
1433660 1830.6
1433670 1825.9
1433680 1822.2
1433690 1822.2
1433700 1816.9
1433710 1812.2
1433720 1812.2
1433730 1807.1
1433740 1802.8
1433750 1802.8
1433760 1799.3
1433770 1796.6
1433780 1792.8
1433790 1792.8
1433800 1790.4
1433810 1786.7
1433820 1786.7
1433830 1783.8
1433840 1782.3
1433850 1782.3
1433860 1780.1
1433870 1778.6
1433880 1778.6
1433890 1777.0
1433900 1773.9
1433910 1773.9
1433920 1771.5
1433930 1768.9
1433940 1768.9
1433950 1765.8
1433960 1761.7
1433970 1756.6
1433980 1756.6
1433990 1751.9
1434000 1749.5
1434010 1749.5
1434020 1747.9
1434030 1745.9
1434040 1745.9
1434050 1743.3
1434060 1740.3
1434070 1740.3
1434080 1737.2
1434090 1734.4
1434100 1734.4
1434110 1731.0
1434120 1725.4
1434130 1725.4
1434140 1719.0
1434150 1713.1
1434160 1707.4
1434170 1707.4
1434180 1703.3
1434190 1699.1
1434200 1699.1
1434210 1696.8
1434220 1694.5
1434230 1694.5
1434240 1691.8
1434250 1687.9
1434260 1687.9
1434270 1683.6
1434280 1679.2
1434290 1679.2
1434300 1675.7
1434310 1671.8
1434320 1671.8
1434330 1668.9
1434340 1666.8
1434350 1666.8
1434360 1665.3
1434370 1664.1
1434380 1663.3
1434390 1663.3
1434400 1661.5
1434410 1660.1
1434420 1660.1
1434430 1658.3
1434440 1656.7
1434450 1656.7
1434460 1654.1
1434470 1651.8
1434480 1651.8
1434490 1649.3
1434500 1646.9
1434510 1646.9
1434520 1644.4
1434530 1641.9
1434540 1641.9
1434550 1639.5
1434560 1636.8
1434570 1634.3
1434580 1634.3
1434590 1631.1
1434600 1628.0
1434610 1628.0
1434620 1625.1
1434630 1623.2
1434640 1623.2
1434650 1623.6
1434660 1623.9
1434670 1623.9
1434680 1622.9
1434690 1621.0
1434700 1621.0
1434710 1618.1
1434720 1613.9
1434730 1613.9
1434740 1608.3
1434750 1603.6
1434760 1597.7
1434770 1597.7
1434780 1592.5
1434790 1590.1
1434800 1590.1
1434810 1586.6
1434820 1582.3
1434830 1582.3
1434840 1580.6
1434850 1580.0
1434860 1580.0
1434870 1578.6
1434880 1577.7
1434890 1577.7
1434900 1576.2
1434910 1573.8
1434920 1573.8
1434930 1571.1
1434940 1568.5
1434950 1566.1
1434960 1566.1
1434970 1563.1
1434980 1560.7
1434990 1560.7
1435000 1557.7
1435010 1553.3
1435020 1553.3
1435030 1549.2
1435040 1546.3
1435050 1546.3
1435060 1544.4
1435070 1540.4
1435080 1540.4
1435090 1534.4
1435100 1527.8
1435110 1527.8
1435120 1521.5
1435130 1515.5
1435140 1509.8
1435150 1509.8
1435160 1503.9
1435170 1499.5
1435180 1499.5
1435190 1495.7
1435200 1493.6
1435210 1493.6
1435220 1493.4
1435230 1492.6
1435240 1492.6
1435250 1490.6
1435260 1486.7
1435270 1486.7
1435280 1483.0
1435290 1479.4
1435300 1479.4
1435310 1474.0
1435320 1468.9
1435330 1465.4
1435340 1465.4
1435350 1461.1
1435360 1456.7
1435370 1456.7
1435380 1453.9
1435390 1450.2
1435400 1450.2
1435410 1446.3
1435420 1441.8
1435430 1441.8
1435440 1437.5
1435450 1433.4
1435460 1433.4
1435470 1429.3
1435480 1424.9
1435490 1424.9
1435500 1420.2
1435510 1415.2
1435520 1410.9
1435530 1410.9
1435540 1406.7
1435550 1403.3
1435560 1403.3
1435570 1399.0
1435580 1394.0
1435590 1394.0
1435600 1389.1
1435610 1384.9
1435620 1384.9
1435630 1381.2
1435640 1375.8
1435650 1375.8
1435660 1369.4
1435670 1364.4
1435680 1364.4
1435690 1360.4
1435700 1356.3
1435710 1353.3
1435720 1353.3
1435730 1350.8
1435740 1347.3
1435750 1347.3
1435760 1342.8
1435770 1339.1
1435780 1339.1
1435790 1337.0
1435800 1334.5
1435810 1334.5
1435820 1330.5
1435830 1326.2
1435840 1326.2
1435850 1322.3
1435860 1318.6
1435870 1318.6
1435880 1315.1
1435890 1311.9
1435900 1308.0
1435910 1308.0
1435920 1302.5
1435930 1297.4
1435940 1297.4
1435950 1293.6
1435960 1289.3
1435970 1289.3
1435980 1284.2
1435990 1279.0
1436000 1279.0
1436010 1273.4
1436020 1268.2
1436030 1268.2
1436040 1263.5
1436050 1258.8
1436060 1258.8
1436070 1254.5
1436080 1250.5
1436090 1246.4
1436100 1246.4
1436110 1242.3
1436120 1237.5
1436130 1237.5
1436140 1232.0
1436150 1228.9
1436160 1228.9
1436170 1226.1
1436180 1223.5
1436190 1223.5
1436200 1220.1
1436210 1216.6
1436220 1210.5
1436230 1205.1
1436240 1199.4
1436250 1199.4
1436260 1194.6
1436270 1189.9
1436280 1184.5
1436290 1184.5
1436300 1179.4
1436310 1174.4
1436320 1174.4
1436330 1169.6
1436340 1164.7
1436350 1164.7
1436360 1160.1
1436370 1155.4
1436380 1155.4
1436390 1151.6
1436400 1147.2
1436410 1147.2
1436420 1140.8
1436430 1134.6
1436440 1134.6
1436450 1128.6
1436460 1123.2
1436470 1119.0
1436480 1119.0
1436490 1112.9
1436500 1107.1
1436510 1107.1
1436520 1101.8
1436530 1096.1
1436540 1096.1
1436550 1091.0
1436560 1086.7
1436570 1086.7
1436580 1083.2
1436590 1079.7
1436600 1079.7
1436610 1075.5
1436620 1071.0
1436630 1071.0
1436640 1066.8
1436650 1061.9
1436660 1057.2
1436670 1057.2
1436680 1053.0
1436690 1048.4
1436700 1048.4
1436710 1044.2
1436720 1039.4
1436730 1039.4
1436740 1033.9
1436750 1028.4
1436760 1028.4
1436770 1023.4
1436780 1017.8
1436790 1017.8
1436800 1013.4
1436810 1007.3
1436820 1007.3
1436830 999.9
1436840 993.8
1436850 986.1
1436860 986.1
1436870 979.0
1436880 971.8
1436890 971.8
1436900 964.5
1436910 957.3
1436920 957.3
1436930 949.5
1436940 939.5
1436950 939.5
1436960 933.0
1436970 929.5
1436980 929.5
1436990 927.5
1437000 927.0
1437010 927.0
1437020 926.9
1437030 926.8
1437040 926.6
1437050 926.6
1437060 926.4
1437070 926.9
1437080 926.9
1437090 926.9
1437100 926.9
1437110 926.9
1437120 926.6
1437130 924.7
1437140 924.7
1437150 925.2
1437160 928.1
1437170 928.1
1437180 928.9
1437190 929.3
1437200 929.3
1437210 929.9
1437220 931.0
1437230 932.0
1437240 932.0
1437250 932.6
1437260 933.0
1437270 933.0
1437280 933.8
1437290 934.8
1437300 934.8
1437310 935.1
1437320 935.3
1437330 935.3
1437340 935.6
1437350 935.9
1437360 935.9
1437370 936.3
1437380 937.2
1437390 937.2
1437400 938.4
1437410 939.1
1437420 939.5
1437430 939.5
1437440 940.2
1437450 940.4
1437460 940.4
1437470 940.5
1437480 940.8
1437490 940.8
1437500 943.0
1437510 949.0
1437520 949.0
1437530 956.2
1437540 960.0
1437550 960.0
1437560 961.9
1437570 963.6
1437580 963.6
1437590 966.0
1437600 968.7
1437610 971.9
1437620 971.9
1437630 973.6
1437640 973.5
1437650 973.5
1437660 974.5
1437670 977.2
1437680 977.2
1437690 981.9
1437700 986.8
1437710 986.8
1437720 990.9
1437730 996.6
1437740 996.6
1437750 1001.4
1437760 1005.1
1437770 1005.1
1437780 1009.5
1437790 1013.8
1437800 1017.5
1437810 1017.5
1437820 1020.3
1437830 1022.5
1437840 1022.5
1437850 1024.6
1437860 1027.3
1437870 1027.3
1437880 1029.3
1437890 1031.7
1437900 1031.7
1437910 1035.4
1437920 1040.1
1437930 1040.1
1437940 1045.3
1437950 1050.3
1437960 1050.3
1437970 1054.5
1437980 1057.8
1437990 1057.8
1438000 1060.4
1438010 1062.6
1438020 1064.3
1438030 1064.3
1438040 1064.3
1438050 1064.8
1438060 1064.8
1438070 1065.8
1438080 1067.5
1438090 1067.5
1438100 1069.6
1438110 1071.6
1438120 1071.6
1438130 1074.2
1438140 1077.3
1438150 1077.3
1438160 1081.1
1438170 1084.2
1438180 1084.2
1438190 1087.1
1438200 1090.6
1438210 1094.9
1438220 1094.9
1438230 1099.7
1438240 1104.6
1438250 1104.6
1438260 1109.9
1438270 1115.2
1438280 1115.2
1438290 1120.2
1438300 1125.8
1438310 1125.8
1438320 1130.6
1438330 1135.9
1438340 1135.9
1438350 1141.8
1438360 1147.9
1438370 1147.9
1438380 1154.2
1438390 1160.5
1438400 1166.6
1438410 1166.6
1438420 1172.1
1438430 1177.5
1438440 1177.5
1438450 1183.4
1438460 1190.2
1438470 1190.2
1438480 1198.4
1438490 1208.0
1438500 1208.0
1438510 1214.9
1438520 1221.7
1438530 1221.7
1438540 1228.2
1438550 1235.3
1438560 1235.3
1438570 1243.3
1438580 1251.0
1438590 1258.7
1438600 1258.7
1438610 1266.5
1438620 1274.0
1438630 1274.0
1438640 1282.2
1438650 1290.8
1438660 1290.8
1438670 1300.5
1438680 1309.8
1438690 1309.8
1438700 1318.4
1438710 1333.8
1438720 1333.8
1438730 1350.7
1438740 1355.3
1438750 1355.3
1438760 1361.3
1438770 1368.8
1438780 1376.2
1438790 1376.2
1438800 1386.4
1438810 1396.8
1438820 1396.8
1438830 1406.2
1438840 1413.7
1438850 1413.7
1438860 1419.4
1438870 1424.9
1438880 1424.9
1438890 1430.8
1438900 1438.6
1438910 1438.6
1438920 1448.2
1438930 1448.6
1438940 1448.6
1438950 1458.6
1438960 1473.0
1438970 1481.0
1438980 1481.0
1438990 1484.9
1439000 1490.7
1439010 1490.7
1439020 1498.1
1439030 1506.4
1439040 1506.4
1439050 1515.1
1439060 1524.0
1439070 1524.0
1439080 1532.8
1439090 1542.0
1439100 1542.0
1439110 1551.4
1439120 1561.2
1439130 1561.2
1439140 1571.1
1439150 1581.4
1439160 1593.1
1439170 1593.1
1439180 1604.9
1439190 1615.1
1439200 1615.1
1439210 1628.7
1439220 1641.2
1439230 1641.2
1439240 1651.1
1439250 1660.2
1439260 1660.2
1439270 1670.3
1439280 1679.0
1439290 1679.0
1439300 1686.9
1439310 1694.1
1439320 1694.1
1439330 1701.6
1439340 1711.2
1439350 1718.0
1439360 1718.0
1439370 1725.6
1439380 1733.9
1439390 1733.9
1439400 1741.5
1439410 1748.6
1439420 1748.6
1439430 1753.9
1439440 1758.1
1439450 1758.1
1439460 1762.6
1439470 1767.5
1439480 1767.5
1439490 1771.6
1439500 1775.7
1439510 1775.7
1439520 1780.6
1439530 1785.2
1439540 1791.2
1439550 1791.2
1439560 1795.5
1439570 1797.4
1439580 1797.4
1439590 1799.2
1439600 1799.9
1439610 1799.9
1439620 1799.1
1439630 1798.6
1439640 1798.6
1439650 1800.0
1439660 1803.6
1439670 1803.6
1439680 1808.1
1439690 1812.6
1439700 1812.6
1439710 1815.3
1439720 1815.8
1439730 1816.4
1439740 1816.4
1439750 1818.6
1439760 1820.8
1439770 1820.8
1439780 1823.3
1439790 1823.8
1439800 1823.8
1439810 1820.9
1439820 1820.0
1439830 1820.0
1439840 1820.8
1439850 1820.0
1439860 1820.0
1439870 1819.9
1439880 1823.3
1439890 1823.3
1439900 1825.3
1439910 1822.3
1439920 1820.2
1439930 1820.2
1439940 1818.7
1439950 1815.0
1439960 1815.0
1439970 1811.0
1439980 1807.8
1439990 1807.8
