1420000 1865.4
1420010 1862.5
1420020 1862.5
1420030 1859.5
1420040 1856.9
1420050 1856.9
1420060 1854.8
1420070 1852.6
1420080 1852.6
1420090 1850.9
1420100 1849.5
1420110 1849.5
1420120 1849.1
1420130 1847.2
1420140 1847.2
1420150 1845.6
1420160 1844.0
1420170 1844.0
1420180 1842.1
1420190 1840.1
1420200 1838.4
1420210 1838.4
1420220 1836.9
1420230 1835.4
1420240 1835.4
1420250 1833.8
1420260 1832.4
1420270 1832.4
1420280 1831.0
1420290 1829.5
1420300 1829.5
1420310 1826.5
1420320 1824.6
1420330 1824.6
1420340 1824.0
1420350 1823.9
1420360 1823.9
1420370 1823.6
1420380 1823.0
1420390 1821.8
1420400 1821.8
1420410 1820.0
1420420 1817.7
1420430 1817.7
1420440 1815.8
1420450 1814.6
1420460 1814.6
1420470 1815.2
1420480 1816.0
1420490 1816.0
1420500 1816.8
1420510 1817.2
1420520 1817.2
1420530 1817.5
1420540 1817.1
1420550 1817.1
1420560 1816.5
1420570 1816.2
1420580 1815.9
1420590 1815.9
1420600 1815.7
1420610 1817.1
1420620 1817.1
1420630 1818.9
1420640 1819.4
1420650 1819.4
1420660 1819.8
1420670 1820.3
1420680 1820.3
1420690 1820.9
1420700 1821.4
1420710 1821.4
1420720 1822.2
1420730 1823.5
1420740 1823.5
1420750 1824.6
1420760 1825.4
1420770 1825.4
1420780 1827.0
1420790 1829.0
1420800 1831.8
1420810 1831.8
1420820 1835.7
1420830 1840.1
1420840 1840.1
1420850 1844.3
1420860 1848.3
1420870 1848.3
1420880 1852.1
1420890 1855.7
1420900 1855.7
1420910 1859.6
1420920 1863.9
1420930 1863.9
1420940 1866.9
1420950 1869.6
1420960 1869.6
1420970 1875.9
1420980 1881.3
1420990 1886.0
1421000 1886.0
1421010 1891.9
1421020 1897.7
1421030 1897.7
1421040 1903.1
1421050 1908.2
1421060 1908.2
1421070 1917.5
1421080 1927.1
1421090 1927.1
1421100 1934.0
1421110 1940.7
1421120 1940.7
1421130 1947.5
1421140 1952.2
1421150 1952.2
1421160 1958.7
1421170 1965.4
1421180 1971.0
1421190 1971.0
1421200 1975.8
1421210 1981.3
1421220 1981.3
1421230 1986.0
1421240 1989.4
1421250 1989.4
1421260 1994.0
1421270 1999.6
1421280 1999.6
1421290 2004.4
1421300 2010.4
1421310 2010.4
1421320 2016.5
1421330 2022.2
1421340 2022.2
1421350 2028.0
1421360 2034.5
1421370 2040.9
1421380 2040.9
1421390 2047.4
1421400 2052.2
1421410 2052.2
1421420 2055.4
1421430 2058.8
1421440 2058.8
1421450 2063.4
1421460 2068.7
1421470 2068.7
1421480 2073.5
1421490 2077.5
1421500 2077.5
1421510 2080.9
1421520 2083.6
1421530 2083.6
1421540 2085.9
1421550 2090.2
1421560 2095.2
1421570 2095.2
1421580 2100.5
1421590 2105.4
1421600 2105.4
1421610 2109.4
1421620 2113.0
1421630 2113.0
1421640 2117.6
1421650 2122.3
1421660 2122.3
1421670 2126.4
1421680 2131.7
1421690 2131.7
1421700 2137.3
1421710 2140.4
1421720 2140.4
1421730 2143.4
1421740 2147.4
1421750 2151.2
1421760 2151.2
1421770 2154.6
1421780 2157.2
1421790 2157.2
1421800 2159.3
1421810 2163.2
1421820 2163.2
1421830 2166.8
1421840 2170.0
1421850 2170.0
1421860 2172.5
1421870 2174.6
1421880 2174.6
1421890 2176.9
1421900 2178.9
1421910 2178.9
1421920 2181.2
1421930 2183.9
1421940 2186.6
1421950 2186.6
1421960 2189.1
1421970 2192.4
1421980 2192.4
1421990 2195.8
1422000 2198.1
1422010 2198.1
1422020 2198.9
1422030 2199.7
1422040 2199.7
1422050 2201.5
1422060 2204.1
1422070 2204.1
1422080 2207.0
1422090 2211.3
1422100 2211.3
1422110 2211.2
1422120 2213.1
1422130 2214.2
1422140 2214.2
1422150 2215.1
1422160 2216.0
1422170 2216.0
1422180 2217.0
1422190 2218.3
1422200 2218.3
1422210 2220.1
1422220 2221.6
1422230 2221.6
1422240 2223.4
1422250 2226.1
1422260 2226.1
1422270 2229.1
1422280 2232.1
1422290 2232.1
1422300 2236.3
1422310 2241.4
1422320 2241.4
1422330 2248.0
1422340 2254.6
1422350 2258.2
1422360 2258.2
1422370 2259.5
1422380 2261.1
1422390 2261.1
1422400 2263.8
1422410 2266.3
1422420 2266.3
1422430 2269.3
1422440 2271.8
1422450 2271.8
1422460 2273.6
1422470 2272.9
1422480 2272.9
1422490 2273.1
1422500 2274.7
1422510 2274.7
1422520 2276.8
1422530 2279.6
1422540 2282.4
1422550 2282.4
1422560 2284.5
1422570 2285.9
1422580 2285.9
1422590 2287.3
1422600 2288.0
1422610 2288.0
1422620 2290.2
1422630 2294.4
1422640 2294.4
1422650 2298.8
1422660 2302.0
1422670 2302.0
1422680 2304.6
1422690 2307.2
1422700 2307.2
1422710 2311.7
1422720 2316.7
1422730 2320.6
1422740 2320.6
1422750 2324.7
1422760 2328.0
1422770 2328.0
1422780 2329.7
1422790 2331.2
1422800 2331.2
1422810 2333.5
1422820 2335.3
1422830 2335.3
1422840 2337.4
1422850 2339.9
1422860 2339.9
1422870 2341.9
1422880 2343.9
1422890 2343.9
1422900 2347.5
1422910 2349.0
1422920 2350.5
1422930 2350.5
1422940 2350.9
1422950 2352.1
1422960 2352.1
1422970 2354.5
1422980 2358.1
1422990 2358.1
1423000 2361.0
1423010 2362.1
1423020 2362.1
1423030 2366.8
1423040 2370.6
1423050 2370.6
1423060 2373.5
1423070 2374.5
1423080 2374.5
1423090 2378.9
1423100 2385.3
1423110 2388.1
1423120 2388.1
1423130 2389.9
1423140 2395.6
1423150 2395.6
1423160 2413.4
1423170 2418.9
1423180 2418.9
1423190 2417.8
1423200 2433.9
1423210 2433.9
1423220 2451.7
1423230 2462.9
1423240 2462.9
1423250 2472.3
1423260 2480.8
1423270 2480.8
1423280 2487.0
1423290 2493.8
1423300 2500.4
1423310 2500.4
1423320 2503.6
1423330 2504.7
1423340 2504.7
1423350 2509.5
1423360 2517.6
1423370 2517.6
1423380 2526.1
1423390 2533.9
1423400 2533.9
1423410 2541.5
1423420 2550.1
1423430 2550.1
1423440 2558.9
1423450 2562.7
1423460 2562.7
1423470 2569.8
1423480 2574.8
1423490 2582.3
1423500 2582.3
1423510 2592.7
1423520 2599.1
1423530 2599.1
1423540 2608.1
1423550 2619.3
1423560 2619.3
1423570 2630.7
1423580 2641.4
1423590 2641.4
1423600 2645.2
1423610 2647.4
1423620 2647.4
1423630 2655.3
1423640 2669.6
1423650 2669.6
1423660 2680.8
1423670 2692.2
1423680 2701.3
1423690 2701.3
1423700 2706.9
1423710 2701.1
1423720 2701.1
1423730 2682.8
1423740 2669.3
1423750 2669.3
1423760 2659.5
1423770 2652.9
1423780 2652.9
1423790 2644.7
1423800 2637.5
1423810 2637.5
1423820 2628.4
1423830 2620.6
1423840 2620.6
1423850 2607.1
1423860 2589.6
1423870 2584.6
1423880 2584.6
1423890 2576.7
1423900 2565.2
1423910 2565.2
1423920 2554.8
1423930 2544.8
1423940 2544.8
1423950 2535.3
1423960 2522.5
1423970 2522.5
1423980 2510.9
1423990 2504.4
1424000 2504.4
1424010 2500.7
1424020 2498.1
1424030 2498.1
1424040 2496.2
1424050 2494.7
1424060 2494.7
1424070 2495.0
1424080 2495.6
1424090 2495.3
1424100 2495.3
1424110 2494.7
1424120 2493.9
1424130 2493.9
1424140 2491.9
1424150 2490.5
1424160 2490.5
1424170 2491.8
1424180 2492.7
1424190 2492.7
1424200 2490.6
1424210 2487.7
1424220 2487.7
1424230 2481.4
1424240 2480.2
1424250 2480.2
1424260 2480.2
1424270 2480.2
1424280 2480.2
1424290 2480.2
1424300 2480.2
1424310 2480.2
1424320 2480.2
1424330 2480.2
1424340 2480.2
1424350 2480.2
1424360 2480.2
1424370 2480.2
1424380 2480.2
1424390 2480.2
1424400 2480.8
1424410 2480.8
1424420 2483.8
1424430 2484.6
1424440 2484.6
1424450 2483.0
1424460 2481.9
1424470 2484.3
1424480 2484.3
1424490 2484.7
1424500 2486.2
1424510 2486.2
1424520 2483.8
1424530 2478.0
1424540 2478.0
1424550 2476.4
1424560 2473.8
1424570 2473.8
1424580 2466.0
1424590 2463.4
1424600 2463.4
1424610 2463.4
1424620 2463.4
1424630 2463.4
1424640 2463.4
1424650 2463.4
1424660 2463.4
1424670 2463.4
1424680 2463.4
1424690 2463.4
1424700 2463.4
1424710 2463.4
1424720 2463.4
1424730 2463.4
1424740 2463.4
1424750 2463.4
1424760 2463.4
1424770 2463.4
1424780 2463.4
1424790 2463.4
1424800 2463.4
1424810 2463.4
1424820 2463.4
1424830 2463.4
1424840 2463.4
1424850 2463.4
1424860 2463.4
1424870 2463.4
1424880 2463.4
1424890 2463.4
1424900 2463.4
1424910 2463.9
1424920 2463.9
1424930 2466.4
1424940 2470.3
1424950 2470.3
1424960 2471.6
1424970 2470.0
1424980 2470.0
1424990 2467.6
1425000 2467.5
1425010 2467.5
1425020 2467.0
1425030 2468.7
1425040 2469.6
1425050 2469.6
1425060 2466.7
1425070 2464.2
1425080 2464.2
1425090 2463.0
1425100 2461.5
1425110 2461.5
1425120 2458.4
1425130 2457.7
1425140 2457.7
1425150 2458.3
1425160 2459.2
1425170 2459.2
1425180 2460.6
1425190 2462.0
1425200 2462.0
1425210 2462.5
1425220 2461.3
1425230 2461.3
1425240 2461.3
1425250 2460.3
1425260 2459.4
1425270 2459.4
1425280 2457.7
1425290 2451.8
1425300 2451.8
1425310 2442.6
1425320 2429.7
1425330 2429.7
1425340 2420.0
1425350 2411.1
1425360 2411.1
1425370 2398.1
1425380 2385.6
1425390 2385.6
1425400 2384.0
1425410 2383.6
1425420 2382.2
1425430 2382.2
1425440 2380.0
1425450 2377.1
1425460 2377.1
1425470 2373.9
1425480 2373.9
1425490 2373.9
1425500 2378.2
1425510 2377.9
1425520 2377.9
1425530 2377.0
1425540 2380.4
1425550 2380.4
1425560 2373.5
1425570 2365.4
1425580 2365.4
1425590 2362.4
1425600 2352.9
1425610 2344.9
1425620 2344.9
1425630 2339.7
1425640 2336.0
1425650 2336.0
1425660 2332.1
1425670 2327.9
1425680 2327.9
1425690 2323.3
1425700 2318.9
1425710 2318.9
1425720 2317.4
1425730 2316.0
1425740 2316.0
1425750 2312.1
1425760 2306.2
1425770 2306.2
1425780 2296.8
1425790 2286.7
1425800 2286.7
1425810 2282.3
1425820 2279.2
1425830 2275.0
1425840 2275.0
1425850 2269.7
1425860 2265.0
1425870 2265.0
1425880 2260.6
1425890 2260.3
1425900 2260.3
1425910 2262.3
1425920 2264.3
1425930 2264.3
1425940 2265.2
1425950 2265.3
1425960 2265.3
1425970 2264.6
1425980 2263.8
1425990 2263.8
1426000 2263.2
1426010 2262.2
1426020 2260.6
1426030 2260.6
1426040 2260.1
1426050 2261.8
1426060 2261.8
1426070 2264.2
1426080 2268.1
1426090 2268.1
1426100 2271.6
1426110 2273.1
1426120 2273.1
1426130 2274.1
1426140 2274.6
1426150 2274.6
1426160 2274.1
1426170 2272.9
1426180 2272.9
1426190 2272.7
1426200 2272.1
1426210 2271.0
1426220 2271.0
1426230 2268.4
1426240 2262.8
1426250 2262.8
1426260 2253.5
1426270 2242.8
1426280 2242.8
1426290 2237.9
1426300 2233.9
1426310 2237.9
1426320 2236.2
1426330 2236.8
1426340 2236.8
1426350 2238.6
1426360 2240.5
1426370 2240.5
1426380 2242.6
1426390 2245.2
1426400 2248.4
1426410 2248.4
1426420 2251.3
1426430 2253.4
1426440 2253.4
1426450 2254.6
1426460 2255.9
1426470 2255.9
1426480 2257.1
1426490 2257.6
1426500 2257.6
1426510 2257.1
1426520 2256.3
1426530 2256.3
1426540 2254.8
1426550 2252.8
1426560 2252.8
1426570 2251.1
1426580 2251.6
1426590 2253.9
1426600 2253.9
1426610 2257.4
1426620 2261.6
1426630 2261.6
1426640 2267.9
1426650 2276.1
1426660 2276.1
1426670 2283.0
1426680 2288.4
1426690 2288.4
1426700 2293.7
1426710 2298.4
1426720 2298.4
1426730 2305.0
1426740 2308.4
1426750 2308.4
1426760 2304.2
1426770 2295.7
1426780 2289.0
1426790 2289.0
1426800 2282.0
1426810 2275.2
1426820 2275.2
1426830 2270.5
1426840 2265.1
1426850 2265.1
1426860 2258.8
1426870 2252.9
1426880 2252.9
1426890 2246.2
1426900 2244.9
1426910 2244.9
1426920 2246.1
1426930 2242.6
1426940 2242.6
1426950 2231.6
1426960 2226.1
1426970 2221.2
1426980 2221.2
1426990 2212.3
1427000 2203.4
1427010 2203.4
1427020 2196.3
1427030 2189.0
1427040 2189.0
1427050 2181.4
1427060 2174.8
1427070 2174.8
1427080 2169.2
1427090 2163.2
1427100 2163.2
1427110 2157.4
1427120 2151.3
1427130 2151.3
1427140 2144.8
1427150 2138.3
1427160 2131.6
1427170 2131.6
1427180 2125.0
1427190 2118.3
1427200 2118.3
1427210 2111.0
1427220 2102.9
1427230 2102.9
1427240 2095.8
1427250 2088.9
1427260 2088.9
1427270 2082.1
1427280 2075.2
1427290 2075.2
1427300 2067.9
1427310 2061.0
1427320 2061.0
1427330 2053.9
1427340 2046.4
1427350 2046.4
1427360 2039.0
1427370 2031.3
1427380 2024.4
1427390 2024.4
1427400 2017.2
1427410 2010.4
1427420 2010.4
1427430 2003.5
1427440 1996.8
1427450 1996.8
1427460 1991.5
1427470 1987.2
1427480 1987.2
1427490 1985.8
1427500 1983.5
1427510 1983.5
1427520 1981.6
1427530 1980.5
1427540 1980.5
1427550 1979.0
1427560 1977.6
1427570 1975.8
1427580 1975.8
1427590 1974.1
1427600 1971.7
1427610 1971.7
1427620 1968.9
1427630 1966.2
1427640 1966.2
1427650 1963.6
1427660 1960.3
1427670 1960.3
1427680 1956.5
1427690 1950.2
1427700 1950.2
1427710 1944.0
1427720 1944.9
1427730 1944.9
1427740 1944.3
1427750 1941.2
1427760 1937.3
1427770 1937.3
1427780 1932.7
1427790 1929.5
1427800 1929.5
1427810 1926.3
1427820 1920.4
1427830 1920.4
1427840 1919.2
1427850 1919.2
1427860 1919.2
1427870 1913.7
1427880 1904.8
1427890 1904.8
1427900 1899.3
1427910 1904.6
1427920 1904.6
1427930 1908.5
1427940 1909.9
1427950 1908.2
1427960 1908.2
1427970 1899.6
1427980 1889.7
1427990 1889.7
1428000 1883.8
1428010 1884.9
1428020 1884.9
1428030 1889.6
1428040 1888.8
1428050 1888.8
1428060 1884.4
1428070 1891.5
1428080 1891.5
1428090 1900.8
1428100 1903.0
1428110 1903.0
1428120 1905.5
1428130 1916.1
1428140 1922.8
1428150 1922.8
1428160 1927.4
1428170 1929.4
1428180 1929.4
1428190 1928.7
1428200 1925.6
1428210 1925.6
1428220 1922.1
1428230 1917.1
1428240 1917.1
1428250 1909.7
1428260 1904.3
1428270 1904.3
1428280 1901.4
1428290 1900.4
1428300 1900.4
1428310 1899.8
1428320 1900.3
1428330 1904.8
1428340 1904.8
1428350 1909.0
1428360 1906.1
1428370 1906.1
1428380 1901.1
1428390 1906.1
1428400 1906.1
1428410 1912.5
1428420 1915.2
1428430 1915.2
1428440 1916.9
1428450 1918.6
1428460 1918.6
1428470 1921.8
1428480 1926.4
1428490 1926.4
1428500 1929.4
1428510 1931.5
1428520 1933.8
1428530 1933.8
1428540 1936.1
1428550 1940.2
1428560 1940.2
1428570 1941.5
1428580 1941.3
1428590 1941.3
1428600 1942.3
1428610 1941.6
1428620 1941.6
1428630 1938.8
1428640 1937.1
1428650 1937.1
1428660 1935.3
1428670 1925.5
1428680 1925.5
1428690 1916.3
1428700 1907.5
1428710 1899.1
1428720 1899.1
1428730 1889.8
1428740 1890.0
1428750 1890.0
1428760 1907.5
1428770 1924.6
1428780 1924.6
1428790 1924.4
1428800 1923.2
1428810 1923.2
1428820 1925.6
1428830 1918.8
1428840 1918.8
1428850 1908.8
1428860 1921.9
1428870 1921.9
1428880 1922.2
1428890 1917.9
1428900 1916.3
1428910 1916.3
1428920 1915.1
1428930 1914.3
1428940 1914.3
1428950 1917.4
1428960 1920.0
1428970 1920.0
1428980 1916.8
1428990 1911.0
1429000 1911.0
1429010 1909.9
1429020 1913.1
1429030 1913.1
1429040 1914.9
1429050 1911.4
1429060 1911.4
1429070 1921.3
1429080 1926.8
1429090 1926.8
1429100 1933.5
1429110 1927.5
1429120 1930.6
1429130 1930.6
1429140 1936.9
1429150 1939.6
1429160 1939.6
1429170 1938.9
1429180 1936.4
1429190 1936.4
1429200 1932.0
1429210 1924.9
1429220 1924.9
1429230 1916.7
1429240 1909.9
1429250 1909.9
1429260 1902.6
1429270 1897.0
1429280 1897.0
1429290 1893.6
1429300 1889.7
1429310 1884.4
1429320 1884.4
1429330 1878.6
1429340 1872.0
1429350 1872.0
1429360 1865.7
1429370 1858.7
1429380 1858.7
1429390 1853.8
1429400 1849.1
1429410 1849.1
1429420 1844.9
1429430 1839.2
1429440 1839.2
1429450 1834.8
1429460 1830.5
1429470 1830.5
1429480 1827.2
1429490 1822.8
1429500 1822.6
1429510 1822.6
1429520 1824.3
1429530 1823.9
1429540 1823.9
1429550 1825.2
1429560 1826.4
1429570 1826.4
1429580 1822.3
1429590 1823.4
1429600 1823.4
1429610 1830.3
1429620 1834.4
1429630 1834.4
1429640 1835.4
1429650 1835.8
1429660 1835.8
1429670 1833.5
1429680 1830.4
1429690 1826.9
1429700 1826.9
1429710 1826.2
1429720 1825.0
1429730 1825.0
1429740 1824.0
1429750 1823.7
1429760 1823.7
1429770 1822.5
1429780 1819.4
1429790 1819.4
1429800 1806.4
1429810 1788.1
1429820 1788.1
1429830 1773.2
1429840 1761.8
1429850 1761.8
1429860 1751.9
1429870 1744.0
1429880 1736.4
1429890 1736.4
1429900 1729.5
1429910 1721.4
1429920 1721.4
1429930 1714.6
1429940 1707.2
1429950 1707.2
1429960 1699.3
1429970 1693.2
1429980 1693.2
1429990 1692.2
1430000 1699.7
1430010 1699.7
1430020 1704.0
1430030 1707.7
1430040 1707.7
1430050 1709.7
1430060 1711.9
1430070 1719.9
1430080 1719.9
1430090 1735.6
1430100 1751.7
1430110 1751.7
1430120 1766.7
1430130 1769.8
1430140 1769.8
1430150 1766.1
1430160 1759.9
1430170 1759.9
1430180 1754.5
1430190 1750.0
1430200 1750.0
1430210 1746.2
1430220 1743.3
1430230 1743.3
1430240 1741.9
1430250 1741.4
1430260 1741.7
1430270 1741.7
1430280 1741.6
1430290 1737.5
1430300 1737.5
1430310 1731.5
1430320 1729.5
1430330 1729.5
1430340 1728.3
1430350 1727.5
1430360 1727.5
1430370 1725.3
1430380 1716.3
1430390 1716.3
1430400 1709.0
1430410 1703.7
1430420 1703.7
1430430 1697.7
1430440 1692.6
1430450 1688.8
1430460 1688.8
1430470 1690.7
1430480 1694.4
1430490 1694.4
1430500 1697.6
1430510 1700.4
1430520 1700.4
1430530 1703.5
1430540 1704.3
1430550 1704.3
1430560 1704.9
1430570 1705.5
1430580 1705.5
1430590 1705.6
1430600 1706.5
1430610 1706.5
1430620 1707.4
1430630 1708.3
1430640 1710.9
1430650 1710.9
1430660 1715.5
1430670 1717.6
1430680 1717.6
1430690 1716.0
1430700 1714.9
1430710 1714.9
1430720 1715.3
1430730 1715.5
1430740 1715.5
1430750 1717.1
1430760 1721.1
1430770 1721.1
1430780 1725.2
1430790 1728.8
1430800 1728.8
1430810 1732.0
1430820 1731.0
1430830 1725.5
1430840 1733.7
1430850 1736.6
1430860 1741.1
1430870 1741.1
1430880 1755.4
1430890 1777.8
1430900 1777.8
1430910 1791.1
1430920 1790.4
1430930 1790.4
1430940 1781.0
1430950 1774.9
1430960 1774.9
1430970 1773.0
1430980 1779.6
1430990 1779.6
1431000 1783.9
1431010 1780.9
1431020 1780.9
1431030 1775.0
1431040 1768.6
1431050 1760.6
1431060 1760.6
1431070 1760.4
1431080 1762.1
1431090 1762.1
1431100 1756.3
1431110 1750.3
1431120 1750.3
1431130 1748.4
1431140 1748.8
1431150 1748.8
1431160 1745.5
1431170 1740.4
1431180 1740.4
1431190 1737.0
1431200 1734.0
1431210 1734.0
1431220 1733.0
1431230 1731.3
1431240 1729.3
1431250 1729.3
1431260 1727.2
1431270 1724.5
1431280 1724.5
1431290 1721.9
1431300 1719.1
1431310 1719.1
1431320 1717.5
1431330 1715.7
1431340 1715.7
1431350 1716.8
1431360 1716.9
1431370 1716.9
1431380 1715.6
1431390 1714.7
1431400 1714.7
1431410 1719.0
1431420 1722.1
1431430 1718.8
1431440 1718.8
1431450 1720.8
1431460 1723.8
1431470 1723.8
1431480 1722.6
1431490 1722.5
1431500 1722.5
1431510 1724.7
1431520 1724.7
1431530 1724.7
1431540 1718.8
1431550 1717.0
1431560 1717.0
1431570 1719.5
1431580 1720.8
1431590 1720.8
1431600 1722.4
1431610 1719.3
1431620 1711.9
1431630 1711.9
1431640 1705.3
1431650 1706.4
1431660 1706.4
1431670 1716.3
1431680 1724.9
1431690 1724.9
1431700 1740.4
1431710 1756.2
1431720 1756.2
1431730 1770.6
1431740 1772.1
1431750 1772.1
1431760 1765.8
1431770 1762.9
1431780 1762.9
1431790 1760.3
1431800 1755.4
1431810 1753.5
1431820 1753.5
1431830 1751.3
1431840 1747.0
1431850 1747.0
1431860 1740.7
1431870 1738.6
1431880 1738.6
1431890 1737.9
1431900 1736.7
1431910 1736.7
1431920 1732.6
1431930 1726.9
1431940 1726.9
1431950 1722.6
1431960 1716.0
1431970 1716.0
1431980 1710.7
1431990 1702.2
1432000 1695.2
1432010 1695.2
1432020 1701.2
1432030 1710.9
1432040 1710.9
1432050 1716.9
1432060 1718.1
1432070 1718.1
1432080 1719.1
1432090 1720.0
1432100 1720.0
1432110 1721.4
1432120 1722.9
1432130 1722.9
1432140 1723.6
1432150 1722.1
1432160 1722.1
1432170 1718.7
1432180 1713.4
1432190 1712.6
1432200 1712.6
1432210 1715.5
1432220 1717.6
1432230 1717.6
1432240 1718.4
1432250 1720.3
1432260 1720.3
1432270 1722.7
1432280 1723.8
1432290 1723.8
1432300 1724.2
1432310 1724.7
1432320 1724.7
1432330 1725.9
1432340 1727.9
1432350 1727.9
1432360 1730.0
1432370 1732.4
1432380 1734.4
1432390 1734.4
1432400 1735.6
1432410 1738.8
1432420 1738.8
1432430 1740.6
1432440 1740.4
1432450 1740.4
1432460 1739.9
1432470 1739.5
1432480 1739.5
1432490 1739.2
1432500 1739.6
1432510 1739.6
1432520 1740.7
1432530 1741.7
1432540 1741.7
1432550 1741.9
1432560 1740.8
1432570 1739.0
1432580 1739.0
1432590 1737.5
1432600 1736.7
1432610 1736.7
1432620 1737.3
1432630 1738.4
1432640 1738.4
1432650 1739.8
1432660 1740.4
1432670 1740.4
1432680 1740.1
1432690 1737.9
1432700 1737.9
1432710 1733.6
1432720 1728.9
1432730 1728.9
1432740 1724.9
1432750 1722.8
1432760 1722.8
1432770 1721.8
1432780 1719.5
1432790 1720.6
1432800 1720.6
1432810 1722.1
1432820 1722.3
1432830 1722.3
1432840 1723.3
1432850 1723.8
1432860 1723.8
1432870 1724.3
1432880 1724.8
1432890 1724.8
1432900 1725.4
1432910 1726.4
1432920 1726.4
1432930 1727.6
1432940 1727.3
1432950 1727.3
1432960 1726.2
1432970 1725.1
1432980 1724.1
1432990 1724.1
1433000 1722.6
1433010 1721.3
1433020 1721.3
1433030 1720.4
1433040 1720.8
1433050 1720.8
1433060 1722.6
1433070 1725.6
1433080 1725.6
1433090 1727.7
1433100 1728.9
1433110 1728.9
1433120 1729.4
1433130 1730.0
1433140 1730.0
1433150 1730.9
1433160 1731.9
1433170 1732.7
1433180 1732.7
1433190 1732.4
1433200 1731.6
1433210 1731.6
1433220 1730.8
1433230 1729.3
1433240 1729.3
1433250 1731.6
1433260 1729.2
1433270 1729.2
1433280 1726.8
1433290 1724.4
1433300 1724.4
1433310 1721.7
1433320 1719.3
1433330 1719.3
1433340 1717.0
1433350 1715.9
1433360 1715.4
1433370 1715.4
1433380 1715.4
1433390 1715.0
1433400 1715.0
1433410 1714.8
1433420 1714.4
1433430 1714.4
1433440 1712.9
1433450 1709.8
1433460 1709.8
1433470 1706.3
1433480 1703.5
1433490 1703.5
1433500 1701.2
1433510 1698.8
1433520 1698.8
1433530 1696.5
1433540 1694.9
1433550 1693.4
1433560 1693.4
1433570 1691.5
1433580 1689.9
1433590 1689.9
1433600 1689.0
1433610 1687.4
1433620 1687.4
1433630 1685.3
1433640 1683.6
1433650 1683.6
1433660 1682.6
1433670 1680.9
1433680 1680.9
1433690 1678.7
1433700 1676.7
1433710 1676.7
1433720 1674.0
1433730 1671.0
1433740 1667.9
1433750 1667.9
1433760 1664.9
1433770 1662.6
1433780 1662.6
1433790 1660.7
1433800 1658.5
1433810 1658.5
1433820 1656.3
1433830 1654.6
1433840 1654.6
1433850 1652.7
1433860 1650.7
1433870 1650.7
1433880 1649.3
1433890 1647.7
1433900 1647.7
1433910 1646.5
1433920 1645.7
1433930 1644.8
1433940 1644.8
1433950 1643.7
1433960 1642.6
1433970 1642.6
1433980 1641.7
1433990 1640.8
1434000 1640.8
1434010 1639.4
1434020 1637.8
1434030 1637.8
1434040 1636.5
1434050 1634.7
1434060 1634.7
1434070 1632.2
1434080 1630.4
1434090 1630.4
1434100 1627.9
1434110 1625.2
1434120 1622.6
1434130 1622.6
1434140 1620.7
1434150 1618.7
1434160 1618.7
1434170 1616.2
1434180 1613.3
1434190 1613.3
1434200 1610.9
1434210 1609.2
1434220 1609.2
1434230 1607.4
1434240 1605.3
1434250 1605.3
1434260 1603.3
1434270 1601.1
1434280 1601.1
1434290 1598.2
1434300 1595.5
1434310 1593.0
1434320 1593.0
1434330 1590.6
1434340 1587.9
1434350 1587.9
1434360 1584.7
1434370 1581.2
1434380 1581.2
1434390 1578.5
1434400 1575.7
1434410 1575.7
1434420 1572.3
1434430 1569.6
1434440 1569.6
1434450 1567.9
1434460 1564.7
1434470 1564.7
1434480 1561.7
1434490 1557.8
1434500 1557.8
1434510 1553.9
1434520 1550.9
1434530 1546.6
1434540 1546.6
1434550 1541.7
1434560 1538.1
1434570 1538.1
1434580 1533.9
1434590 1529.4
1434600 1529.4
1434610 1526.0
1434620 1523.0
1434630 1523.0
1434640 1518.7
1434650 1512.8
1434660 1512.8
1434670 1507.6
1434680 1503.9
1434690 1503.9
1434700 1500.8
1434710 1496.7
1434720 1492.4
1434730 1492.4
1434740 1487.9
1434750 1483.3
1434760 1483.3
1434770 1478.7
1434780 1473.0
1434790 1473.0
1434800 1465.6
1434810 1459.3
1434820 1459.3
1434830 1454.5
1434840 1449.0
1434850 1449.0
1434860 1443.1
1434870 1435.8
1434880 1435.8
1434890 1429.2
1434900 1424.5
1434910 1419.5
1434920 1419.5
1434930 1415.0
1434940 1411.8
1434950 1411.8
1434960 1407.5
1434970 1402.5
1434980 1402.5
1434990 1399.5
1435000 1397.3
1435010 1397.3
1435020 1394.3
1435030 1389.5
1435040 1389.5
1435050 1383.4
1435060 1377.4
1435070 1377.4
1435080 1372.3
1435090 1366.4
1435100 1359.8
1435110 1359.8
1435120 1353.9
1435130 1348.0
1435140 1348.0
1435150 1340.5
1435160 1334.3
1435170 1334.3
1435180 1325.1
1435190 1322.2
1435200 1322.2
1435210 1317.1
1435220 1312.6
1435230 1312.6
1435240 1309.3
1435250 1305.8
1435260 1305.8
1435270 1302.3
1435280 1299.3
1435290 1295.8
1435300 1295.8
1435310 1292.9
1435320 1288.9
1435330 1288.9
1435340 1284.4
1435350 1280.4
1435360 1280.4
1435370 1277.1
1435380 1274.7
1435390 1274.7
1435400 1271.8
1435410 1268.6
1435420 1268.6
1435430 1266.3
1435440 1263.7
1435450 1263.7
1435460 1260.6
1435470 1258.3
1435480 1254.5
1435490 1254.5
1435500 1251.3
1435510 1249.3
1435520 1249.3
1435530 1246.9
1435540 1242.8
1435550 1242.8
1435560 1237.7
1435570 1232.0
1435580 1232.0
1435590 1226.7
1435600 1221.7
1435610 1221.7
1435620 1216.7
1435630 1210.8
1435640 1210.8
1435650 1206.7
1435660 1202.0
1435670 1196.2
1435680 1196.2
1435690 1190.0
1435700 1184.6
1435710 1184.6
1435720 1179.9
1435730 1173.6
1435740 1173.6
1435750 1165.4
1435760 1157.9
1435770 1157.9
1435780 1154.3
1435790 1149.3
1435800 1149.3
1435810 1144.6
1435820 1140.8
1435830 1140.8
1435840 1137.1
1435850 1132.9
1435860 1129.1
1435870 1129.1
1435880 1125.8
1435890 1122.1
1435900 1122.1
1435910 1117.8
1435920 1114.3
1435930 1114.3
1435940 1110.8
1435950 1106.4
1435960 1106.4
1435970 1101.3
1435980 1096.0
1435990 1096.0
1436000 1091.4
1436010 1087.0
1436020 1087.0
1436030 1084.4
1436040 1083.8
1436050 1080.6
1436060 1080.6
1436070 1076.7
1436080 1073.2
1436090 1073.2
1436100 1070.1
1436110 1066.3
1436120 1066.3
1436130 1061.8
1436140 1057.4
1436150 1057.4
1436160 1052.8
1436170 1050.0
1436180 1050.0
1436190 1047.8
1436200 1045.4
1436210 1045.4
1436220 1041.4
1436230 1037.4
1436240 1037.4
1436250 1034.1
1436260 1032.2
1436270 1030.5
1436280 1030.5
1436290 1029.5
1436300 1026.7
1436310 1026.7
1436320 1022.8
1436330 1019.2
1436340 1019.2
1436350 1014.9
1436360 1010.9
1436370 1010.9
1436380 1006.8
1436390 1003.0
1436400 1003.0
1436410 999.2
1436420 994.7
1436430 994.7
1436440 990.2
1436450 985.9
1436460 981.5
1436470 981.5
1436480 977.6
1436490 974.8
1436500 974.8
1436510 972.0
1436520 968.3
1436530 968.3
1436540 963.5
1436550 958.9
1436560 958.9
1436570 951.4
1436580 944.5
1436590 944.5
1436600 941.6
1436610 941.3
1436620 941.3
1436630 941.3
1436640 941.2
1436650 940.9
1436660 940.9
1436670 939.9
1436680 940.8
1436690 940.8
1436700 941.5
1436710 941.3
1436720 941.3
1436730 940.9
1436740 944.1
1436750 944.1
1436760 951.9
1436770 957.6
1436780 957.6
1436790 958.7
1436800 960.1
1436810 960.1
1436820 962.1
1436830 965.5
1436840 970.7
1436850 970.7
1436860 977.1
1436870 984.1
1436880 984.1
1436890 990.8
1436900 997.4
1436910 997.4
1436920 1003.1
1436930 1009.1
1436940 1009.1
1436950 1016.0
1436960 1023.2
1436970 1023.2
1436980 1030.3
1436990 1036.6
1437000 1036.6
1437010 1042.2
1437020 1047.8
1437030 1053.2
1437040 1053.2
1437050 1058.9
1437060 1064.5
1437070 1064.5
1437080 1069.6
1437090 1074.6
1437100 1074.6
1437110 1079.6
1437120 1084.3
1437130 1084.3
1437140 1088.9
1437150 1094.6
1437160 1094.6
1437170 1100.5
1437180 1105.7
1437190 1105.7
1437200 1110.4
1437210 1115.0
1437220 1119.2
1437230 1119.2
1437240 1122.5
1437250 1125.5
1437260 1125.5
1437270 1129.5
1437280 1132.6
1437290 1132.6
1437300 1134.5
1437310 1136.6
1437320 1136.6
1437330 1138.8
1437340 1141.0
1437350 1141.0
1437360 1142.2
1437370 1144.2
1437380 1144.2
1437390 1145.9
1437400 1148.1
1437410 1150.0
1437420 1150.0
1437430 1149.6
1437440 1147.7
1437450 1147.7
1437460 1146.8
1437470 1146.8
1437480 1146.8
1437490 1148.2
1437500 1149.5
1437510 1149.5
1437520 1150.0
1437530 1151.1
1437540 1151.1
1437550 1154.0
1437560 1157.7
1437570 1157.7
1437580 1162.2
1437590 1165.5
1437600 1170.2
1437610 1170.2
1437620 1175.1
1437630 1179.0
1437640 1179.0
1437650 1181.8
1437660 1184.1
1437670 1184.1
1437680 1188.3
1437690 1194.5
1437700 1194.5
1437710 1203.0
1437720 1209.8
1437730 1209.8
1437740 1216.2
1437750 1222.3
1437760 1222.3
1437770 1227.6
1437780 1232.8
1437790 1238.4
1437800 1238.4
1437810 1244.8
1437820 1251.9
1437830 1251.9
1437840 1259.3
1437850 1267.1
1437860 1267.1
1437870 1274.9
1437880 1283.0
1437890 1283.0
1437900 1291.5
1437910 1298.8
1437920 1298.8
1437930 1307.0
1437940 1315.3
1437950 1315.3
1437960 1323.9
1437970 1332.3
1437980 1332.3
1437990 1340.7
1438000 1348.7
1438010 1356.3
1438020 1356.3
1438030 1363.4
1438040 1370.5
1438050 1370.5
1438060 1377.2
1438070 1385.2
1438080 1385.2
1438090 1399.1
1438100 1427.8
1438110 1427.8
1438120 1469.7
1438130 1483.2
1438140 1483.2
1438150 1498.3
1438160 1517.6
1438170 1517.6
1438180 1528.4
1438190 1536.8
1438200 1545.5
1438210 1545.5
1438220 1554.9
1438230 1567.8
1438240 1567.8
1438250 1585.4
1438260 1604.2
1438270 1604.2
1438280 1617.7
1438290 1625.3
1438300 1625.3
1438310 1634.3
1438320 1650.6
1438330 1650.6
1438340 1664.3
1438350 1671.7
1438360 1671.7
1438370 1676.8
1438380 1686.2
1438390 1699.6
1438400 1699.6
1438410 1714.5
1438420 1728.1
1438430 1728.1
1438440 1738.3
1438450 1742.0
1438460 1742.0
1438470 1753.5
1438480 1761.0
1438490 1761.0
1438500 1768.2
1438510 1775.3
1438520 1775.3
1438530 1784.8
1438540 1792.7
1438550 1792.7
1438560 1800.4
1438570 1808.4
1438580 1811.2
1438590 1811.2
1438600 1813.1
1438610 1811.5
1438620 1811.5
1438630 1805.4
1438640 1794.4
1438650 1794.4
1438660 1786.4
1438670 1776.0
1438680 1776.0
1438690 1757.9
1438700 1729.0
1438710 1729.0
1438720 1709.3
1438730 1696.8
1438740 1696.8
1438750 1688.9
1438760 1681.0
1438770 1673.0
1438780 1673.0
1438790 1664.9
1438800 1657.0
1438810 1657.0
1438820 1649.4
1438830 1641.6
1438840 1641.6
1438850 1633.3
1438860 1624.6
1438870 1624.6
1438880 1616.1
1438890 1607.7
1438900 1607.7
1438910 1599.5
1438920 1591.6
1438930 1591.6
1438940 1583.8
1438950 1576.0
1438960 1567.8
1438970 1567.8
1438980 1558.8
1438990 1549.9
1439000 1549.9
1439010 1541.2
1439020 1530.2
1439030 1530.2
1439040 1519.7
1439050 1509.9
1439060 1509.9
1439070 1498.4
1439080 1491.9
1439090 1491.9
1439100 1481.3
1439110 1471.9
1439120 1471.9
1439130 1462.2
1439140 1449.2
1439150 1438.6
1439160 1438.6
1439170 1430.2
1439180 1422.9
1439190 1422.9
1439200 1416.5
1439210 1410.3
1439220 1410.3
1439230 1406.0
1439240 1403.1
1439250 1403.1
1439260 1396.5
1439270 1388.3
1439280 1388.3
1439290 1381.3
1439300 1374.5
1439310 1374.5
1439320 1367.6
1439330 1360.7
1439340 1351.8
1439350 1351.8
1439360 1345.3
1439370 1340.6
1439380 1340.6
1439390 1333.2
1439400 1326.9
1439410 1326.9
1439420 1326.3
1439430 1327.5
1439440 1327.5
1439450 1330.2
1439460 1338.8
1439470 1338.8
1439480 1353.6
1439490 1362.2
1439500 1362.2
1439510 1368.9
1439520 1375.2
1439530 1382.5
1439540 1382.5
1439550 1390.7
1439560 1400.6
1439570 1400.6
1439580 1408.8
1439590 1416.7
1439600 1416.7
1439610 1424.7
1439620 1432.3
1439630 1432.3
1439640 1440.8
1439650 1448.3
1439660 1448.3
1439670 1454.7
1439680 1461.0
1439690 1461.0
1439700 1467.8
1439710 1475.2
1439720 1475.2
1439730 1481.9
1439740 1488.6
1439750 1495.3
1439760 1495.3
1439770 1500.9
1439780 1506.9
1439790 1506.9
1439800 1513.5
1439810 1520.3
1439820 1520.3
1439830 1527.3
1439840 1534.6
1439850 1534.6
1439860 1541.7
1439870 1548.7
1439880 1548.7
1439890 1555.8
1439900 1562.7
1439910 1562.7
1439920 1569.3
1439930 1575.5
1439940 1581.5
1439950 1581.5
1439960 1588.0
1439970 1594.2
1439980 1594.2
1439990 1600.3
