1420000 2611.4
1420010 2603.8
1420020 2597.3
1420030 2597.3
1420040 2594.1
1420050 2582.5
1420060 2582.5
1420070 2565.4
1420080 2545.9
1420090 2545.9
1420100 2532.3
1420110 2529.5
1420120 2529.5
1420130 2527.1
1420140 2512.8
1420150 2512.8
1420160 2496.7
1420170 2489.7
1420180 2489.7
1420190 2487.7
1420200 2486.6
1420210 2486.2
1420220 2486.2
1420230 2485.7
1420240 2485.3
1420250 2485.3
1420260 2484.7
1420270 2484.3
1420280 2484.3
1420290 2484.1
1420300 2486.9
1420310 2486.9
1420320 2490.0
1420330 2493.7
1420340 2493.7
1420350 2497.0
1420360 2497.4
1420370 2497.4
1420380 2496.7
1420390 2496.7
1420400 2497.5
1420410 2497.5
1420420 2499.0
1420430 2500.9
1420440 2500.9
1420450 2502.7
1420460 2503.1
1420470 2503.1
1420480 2503.1
1420490 2503.5
1420500 2503.5
1420510 2504.1
1420520 2505.1
1420530 2505.1
1420540 2507.0
1420550 2509.1
1420560 2509.1
1420570 2510.6
1420580 2511.0
1420590 2505.1
1420600 2504.9
1420610 2504.9
1420620 2505.7
1420630 2505.7
1420640 2510.3
1420650 2514.4
1420660 2514.4
1420670 2518.3
1420680 2522.3
1420690 2522.3
1420700 2524.7
1420710 2527.7
1420720 2527.7
1420730 2532.1
1420740 2537.2
1420750 2537.2
1420760 2543.3
1420770 2550.3
1420780 2550.3
1420790 2556.6
1420800 2561.7
1420810 2567.5
1420820 2567.5
1420830 2572.7
1420840 2581.3
1420850 2581.3
1420860 2588.1
1420870 2591.6
1420880 2591.6
1420890 2595.3
1420900 2599.9
1420910 2599.9
1420920 2606.1
1420930 2613.3
1420940 2613.3
1420950 2619.7
1420960 2626.3
1420970 2626.3
1420980 2637.5
1420990 2653.9
1421000 2666.2
1421010 2666.2
1421020 2672.7
1421030 2678.5
1421040 2678.5
1421050 2685.9
1421060 2696.5
1421070 2696.5
1421080 2698.6
1421090 2697.9
1421100 2697.9
1421110 2703.0
1421120 2706.7
1421130 2706.7
1421140 2714.5
1421150 2720.9
1421160 2720.9
1421170 2722.3
1421180 2729.2
1421190 2737.6
1421200 2737.6
1421210 2747.1
1421220 2759.0
1421230 2759.0
1421240 2772.2
1421250 2779.1
1421260 2779.1
1421270 2779.5
1421280 2784.5
1421290 2784.5
1421300 2794.8
1421310 2805.4
1421320 2805.4
1421330 2816.0
1421340 2824.5
1421350 2824.5
1421360 2834.9
1421370 2845.3
1421380 2855.2
1421390 2855.2
1421400 2864.8
1421410 2873.1
1421420 2873.1
1421430 2880.6
1421440 2882.8
1421450 2882.8
1421460 2879.8
1421470 2873.6
1421480 2873.6
1421490 2866.6
1421500 2858.9
1421510 2858.9
1421520 2853.5
1421530 2846.0
1421540 2846.0
1421550 2838.8
1421560 2839.7
1421570 2839.7
1421580 2833.3
1421590 2821.8
1421600 2807.8
1421610 2807.8
1421620 2800.2
1421630 2791.7
1421640 2791.7
1421650 2779.3
1421660 2769.6
1421670 2769.6
1421680 2762.0
1421690 2754.7
1421700 2754.7
1421710 2751.9
1421720 2748.8
1421730 2748.8
1421740 2746.7
1421750 2745.4
1421760 2745.4
1421770 2743.7
1421780 2743.4
1421790 2743.7
1421800 2743.7
1421810 2743.7
1421820 2742.6
1421830 2742.6
1421840 2742.1
1421850 2743.7
1421860 2743.7
1421870 2746.4
1421880 2750.2
1421890 2750.2
1421900 2754.9
1421910 2757.9
1421920 2757.9
1421930 2757.2
1421940 2754.1
1421950 2754.1
1421960 2747.8
1421970 2740.4
1421980 2734.5
1421990 2734.5
1422000 2729.6
1422010 2725.6
1422020 2725.6
1422030 2722.0
1422040 2718.4
1422050 2718.4
1422060 2713.0
1422070 2704.9
1422080 2704.9
1422090 2696.4
1422100 2687.9
1422110 2687.9
1422120 2681.2
1422130 2676.8
1422140 2676.8
1422150 2673.3
1422160 2667.7
1422170 2661.0
1422180 2661.0
1422190 2655.0
1422200 2650.1
1422210 2650.1
1422220 2646.7
1422230 2644.0
1422240 2644.0
1422250 2641.1
1422260 2638.8
1422270 2638.8
1422280 2637.3
1422290 2634.3
1422300 2634.3
1422310 2631.2
1422320 2628.4
1422330 2628.4
1422340 2625.0
1422350 2622.4
1422360 2621.2
1422370 2621.2
1422380 2622.3
1422390 2622.4
1422400 2622.4
1422410 2620.9
1422420 2618.1
1422430 2618.1
1422440 2614.8
1422450 2612.3
1422460 2612.3
1422470 2609.8
1422480 2608.5
1422490 2608.5
1422500 2606.3
1422510 2604.0
1422520 2604.0
1422530 2603.0
1422540 2602.5
1422550 2602.5
1422560 2602.4
1422570 2604.2
1422580 2604.5
1422590 2604.5
1422600 2605.7
1422610 2603.5
1422620 2603.5
1422630 2601.6
1422640 2601.7
1422650 2601.7
1422660 2602.8
1422670 2603.2
1422680 2603.2
1422690 2602.1
1422700 2599.3
1422710 2599.3
1422720 2593.8
1422730 2587.4
1422740 2587.4
1422750 2585.3
1422760 2583.4
1422770 2581.6
1422780 2581.6
1422790 2580.4
1422800 2578.5
1422810 2578.5
1422820 2576.9
1422830 2576.0
1422840 2576.0
1422850 2576.4
1422860 2577.8
1422870 2577.8
1422880 2578.3
1422890 2578.3
1422900 2578.3
1422910 2578.4
1422920 2578.3
1422930 2578.3
1422940 2579.4
1422950 2580.8
1422960 2582.0
1422970 2582.0
1422980 2584.1
1422990 2586.9
1423000 2586.9
1423010 2590.5
1423020 2593.5
1423030 2593.5
1423040 2595.9
1423050 2598.3
1423060 2598.3
1423070 2600.2
1423080 2600.7
1423090 2600.7
1423100 2600.1
1423110 2599.7
1423120 2599.7
1423130 2600.0
1423140 2601.5
1423150 2605.3
1423160 2605.3
1423170 2609.1
1423180 2610.8
1423190 2610.8
1423200 2613.7
1423210 2617.3
1423220 2617.3
1423230 2615.8
1423240 2611.4
1423250 2611.4
1423260 2605.6
1423270 2599.9
1423280 2599.9
1423290 2599.6
1423300 2600.5
1423310 2600.5
1423320 2602.4
1423330 2604.8
1423340 2607.8
1423350 2607.8
1423360 2610.6
1423370 2612.7
1423380 2612.7
1423390 2614.5
1423400 2615.9
1423410 2615.9
1423420 2617.3
1423430 2619.7
1423440 2619.7
1423450 2622.5
1423460 2625.7
1423470 2625.7
1423480 2629.2
1423490 2632.6
1423500 2632.6
1423510 2636.4
1423520 2640.5
1423530 2640.5
1423540 2644.4
1423550 2647.1
1423560 2648.9
1423570 2648.9
1423580 2651.1
1423590 2653.1
1423600 2653.1
1423610 2654.9
1423620 2655.5
1423630 2655.5
1423640 2655.5
1423650 2656.3
1423660 2656.3
1423670 2658.3
1423680 2660.6
1423690 2660.6
1423700 2662.6
1423710 2664.5
1423720 2664.5
1423730 2665.9
1423740 2667.3
1423750 2669.4
1423760 2669.4
1423770 2671.6
1423780 2672.8
1423790 2672.8
1423800 2673.4
1423810 2674.1
1423820 2674.1
1423830 2676.1
1423840 2679.5
1423850 2679.5
1423860 2683.1
1423870 2686.8
1423880 2686.8
1423890 2692.6
1423900 2699.3
1423910 2699.3
1423920 2704.2
1423930 2710.0
1423940 2716.5
1423950 2716.5
1423960 2721.4
1423970 2725.7
1423980 2725.7
1423990 2729.8
1424000 2733.7
1424010 2733.7
1424020 2737.8
1424030 2742.0
1424040 2742.0
1424050 2746.4
1424060 2751.8
1424070 2751.8
1424080 2757.6
1424090 2763.7
1424100 2763.7
1424110 2770.1
1424120 2774.1
1424130 2776.5
1424140 2776.5
1424150 2780.4
1424160 2788.8
1424170 2788.8
1424180 2805.7
1424190 2819.3
1424200 2819.3
1424210 2831.8
1424220 2841.2
1424230 2841.2
1424240 2848.0
1424250 2847.3
1424260 2847.3
1424270 2846.1
1424280 2840.6
1424290 2840.6
1424300 2834.3
1424310 2831.8
1424320 2831.3
1424330 2831.3
1424340 2832.0
1424350 2832.2
1424360 2832.2
1424370 2833.0
1424380 2834.5
1424390 2834.5
1424400 2836.1
1424410 2837.0
1424420 2837.0
1424430 2838.4
1424440 2840.1
1424450 2840.1
1424460 2841.8
1424470 2843.4
1424480 2843.4
1424490 2845.2
1424500 2846.5
1424510 2848.1
1424520 2848.1
1424530 2849.5
1424540 2850.7
1424550 2850.7
1424560 2852.0
1424570 2853.5
1424580 2853.5
1424590 2856.5
1424600 2858.4
1424610 2858.4
1424620 2858.9
1424630 2860.6
1424640 2860.6
1424650 2863.5
1424660 2866.9
1424670 2866.9
1424680 2873.0
1424690 2877.9
1424700 2877.9
1424710 2884.9
1424720 2891.5
1424730 2899.3
1424740 2899.3
1424750 2905.4
1424760 2917.8
1424770 2917.8
1424780 2944.0
1424790 2950.0
1424800 2950.0
1424810 2953.8
1424820 2962.2
1424830 2962.2
1424840 2971.1
1424850 2979.0
1424860 2979.0
1424870 2982.6
1424880 2985.2
1424890 2985.2
1424900 2990.9
1424910 3000.1
1424920 3012.0
1424930 3012.0
1424940 3023.5
1424950 3033.6
1424960 3033.6
1424970 3042.6
1424980 3049.6
1424990 3049.6
1425000 3059.9
1425010 3070.6
1425020 3070.6
1425030 3081.2
1425040 3090.4
1425050 3090.4
1425060 3099.9
1425070 3111.8
1425080 3111.8
1425090 3125.7
1425100 3135.7
1425110 3151.9
1425120 3151.9
1425130 3167.3
1425140 3166.1
1425150 3166.1
1425160 3158.5
1425170 3152.2
1425180 3152.2
1425190 3149.3
1425200 3149.2
1425210 3149.2
1425220 3150.0
1425230 3151.0
1425240 3151.0
1425250 3151.9
1425260 3152.6
1425270 3152.6
1425280 3153.3
1425290 3154.4
1425300 3157.6
1425310 3157.6
1425320 3161.4
1425330 3162.8
1425340 3162.8
1425350 3165.8
1425360 3165.8
1425370 3165.8
1425380 3163.2
1425390 3161.8
1425400 3161.8
1425410 3161.3
1425420 3159.0
1425430 3159.0
1425440 3154.4
1425450 3150.6
1425460 3150.6
1425470 3149.6
1425480 3148.6
1425490 3143.5
1425500 3143.5
1425510 3132.0
1425520 3122.5
1425530 3122.5
1425540 3113.4
1425550 3104.8
1425560 3104.8
1425570 3094.4
1425580 3083.4
1425590 3083.4
1425600 3073.3
1425610 3060.8
1425620 3060.8
1425630 3048.9
1425640 3039.1
1425650 3039.1
1425660 3030.9
1425670 3022.1
1425680 3022.1
1425690 3015.5
1425700 3009.5
1425710 3003.8
1425720 3003.8
1425730 2998.4
1425740 2993.5
1425750 2993.5
1425760 2989.1
1425770 2985.0
1425780 2985.0
1425790 2981.6
1425800 2978.1
1425810 2978.1
1425820 2971.3
1425830 2963.0
1425840 2963.0
1425850 2949.1
1425860 2935.3
1425870 2935.3
1425880 2925.9
1425890 2916.6
1425900 2903.1
1425910 2903.1
1425920 2880.6
1425930 2853.6
1425940 2853.6
1425950 2841.1
1425960 2834.5
1425970 2834.5
1425980 2830.1
1425990 2825.5
1426000 2825.5
1426010 2815.9
1426020 2792.1
1426030 2792.1
1426040 2770.3
1426050 2767.0
1426060 2767.0
1426070 2753.9
1426080 2745.7
1426090 2739.9
1426100 2739.9
1426110 2734.7
1426120 2729.5
1426130 2729.5
1426140 2724.4
1426150 2719.0
1426160 2719.0
1426170 2713.9
1426180 2709.0
1426190 2709.0
1426200 2704.0
1426210 2698.8
1426220 2698.8
1426230 2694.1
1426240 2690.1
1426250 2690.1
1426260 2687.2
1426270 2685.0
1426280 2683.2
1426290 2683.2
1426300 2681.7
1426310 2680.4
1426320 2680.4
1426330 2679.3
1426340 2677.7
1426350 2677.7
1426360 2675.4
1426370 2672.3
1426380 2672.3
1426390 2669.0
1426400 2665.3
1426410 2665.3
1426420 2661.0
1426430 2656.8
1426440 2656.8
1426450 2653.0
1426460 2649.9
1426470 2646.9
1426480 2646.9
1426490 2644.4
1426500 2642.3
1426510 2642.3
1426520 2640.5
1426530 2638.8
1426540 2638.8
1426550 2637.1
1426560 2635.2
1426570 2635.2
1426580 2633.3
1426590 2631.7
1426600 2631.7
1426610 2630.9
1426620 2629.7
1426630 2629.7
1426640 2628.0
1426650 2623.6
1426660 2623.6
1426670 2616.8
1426680 2612.5
1426690 2608.3
1426700 2608.3
1426710 2602.9
1426720 2598.3
1426730 2598.3
1426740 2594.2
1426750 2592.2
1426760 2592.2
1426770 2591.8
1426780 2592.0
1426790 2592.0
1426800 2591.7
1426810 2591.1
1426820 2591.1
1426830 2593.6
1426840 2591.9
1426850 2591.9
1426860 2590.0
1426870 2586.5
1426880 2582.1
1426890 2582.1
1426900 2576.9
1426910 2570.7
1426920 2570.7
1426930 2565.4
1426940 2562.9
1426950 2562.9
1426960 2561.7
1426970 2562.2
1426980 2562.2
1426990 2562.7
1427000 2561.1
1427010 2561.1
1427020 2558.6
1427030 2558.1
1427040 2558.1
1427050 2560.2
1427060 2562.5
1427070 2564.2
1427080 2564.2
1427090 2563.2
1427100 2561.3
1427110 2561.3
1427120 2561.4
1427130 2564.2
1427140 2564.2
1427150 2568.1
1427160 2571.9
1427170 2571.9
1427180 2574.8
1427190 2576.4
1427200 2576.4
1427210 2578.0
1427220 2578.6
1427230 2578.6
1427240 2578.2
1427250 2576.9
1427260 2573.9
1427270 2573.9
1427280 2570.0
1427290 2565.1
1427300 2565.1
1427310 2557.8
1427320 2549.8
1427330 2549.8
1427340 2542.8
1427350 2538.7
1427360 2538.7
1427370 2536.9
1427380 2536.7
1427390 2536.7
1427400 2536.9
1427410 2537.9
1427420 2537.9
1427430 2536.8
1427440 2534.2
1427450 2532.9
1427460 2532.9
1427470 2532.7
1427480 2533.8
1427490 2533.8
1427500 2534.5
1427510 2532.4
1427520 2532.4
1427530 2530.5
1427540 2530.3
1427550 2530.3
1427560 2530.6
1427570 2530.9
1427580 2530.9
1427590 2530.5
1427600 2530.3
1427610 2530.3
1427620 2530.2
1427630 2530.3
1427640 2530.3
1427650 2527.8
1427660 2526.8
1427670 2526.9
1427680 2526.9
1427690 2527.6
1427700 2528.0
1427710 2528.0
1427720 2526.3
1427730 2525.7
1427740 2525.7
1427750 2526.0
1427760 2527.7
1427770 2527.7
1427780 2531.4
1427790 2534.7
1427800 2534.7
1427810 2537.4
1427820 2540.1
1427830 2540.1
1427840 2541.3
1427850 2539.3
1427860 2535.2
1427870 2535.2
1427880 2533.9
1427890 2532.9
1427900 2532.9
1427910 2531.8
1427920 2530.4
1427930 2530.4
1427940 2531.9
1427950 2533.9
1427960 2533.9
1427970 2536.4
1427980 2536.8
1427990 2536.8
1428000 2535.0
1428010 2533.2
1428020 2533.2
1428030 2531.3
1428040 2527.6
1428050 2521.3
1428060 2521.3
1428070 2516.4
1428080 2512.2
1428090 2512.2
1428100 2511.0
1428110 2512.9
1428120 2512.9
1428130 2513.2
1428140 2515.0
1428150 2515.0
1428160 2512.8
1428170 2511.8
1428180 2511.8
1428190 2508.2
1428200 2502.8
1428210 2502.8
1428220 2497.9
1428230 2490.1
1428240 2486.7
1428250 2486.7
1428260 2489.1
1428270 2491.5
1428280 2491.5
1428290 2490.9
1428300 2494.9
1428310 2494.9
1428320 2496.6
1428330 2491.9
1428340 2491.9
1428350 2486.4
1428360 2487.7
1428370 2487.7
1428380 2492.9
1428390 2493.6
1428400 2493.6
1428410 2491.9
1428420 2490.8
1428430 2488.3
1428440 2488.3
1428450 2484.6
1428460 2480.0
1428470 2480.0
1428480 2474.8
1428490 2468.7
1428500 2468.7
1428510 2463.8
1428520 2463.0
1428530 2463.0
1428540 2462.7
1428550 2461.9
1428560 2461.9
1428570 2459.4
1428580 2456.2
1428590 2456.2
1428600 2454.4
1428610 2453.8
1428620 2453.8
1428630 2451.4
1428640 2448.0
1428650 2444.8
1428660 2444.8
1428670 2440.6
1428680 2434.1
1428690 2434.1
1428700 2427.4
1428710 2419.4
1428720 2419.4
1428730 2410.5
1428740 2404.0
1428750 2404.0
1428760 2396.3
1428770 2385.5
1428780 2385.5
1428790 2378.3
1428800 2377.8
1428810 2377.8
1428820 2376.2
1428830 2372.8
1428840 2372.8
1428850 2372.8
1428860 2374.7
1428870 2376.1
1428880 2376.1
1428890 2372.7
1428900 2365.7
1428910 2365.7
1428920 2363.8
1428930 2366.9
1428940 2366.9
1428950 2371.6
1428960 2373.9
1428970 2373.9
1428980 2370.1
1428990 2366.0
1429000 2366.0
1429010 2363.8
1429020 2364.2
1429030 2366.1
1429040 2366.1
1429050 2368.1
1429060 2370.8
1429070 2370.8
1429080 2371.1
1429090 2372.0
1429100 2372.0
1429110 2373.7
1429120 2375.5
1429130 2375.5
1429140 2378.0
1429150 2381.1
1429160 2381.1
1429170 2383.2
1429180 2384.9
1429190 2384.9
1429200 2386.9
1429210 2391.4
1429220 2396.1
1429230 2396.1
1429240 2400.2
1429250 2405.3
1429260 2405.3
1429270 2411.3
1429280 2418.0
1429290 2418.0
1429300 2428.7
1429310 2443.7
1429320 2443.7
1429330 2453.7
1429340 2458.2
1429350 2458.2
1429360 2464.3
1429370 2475.1
1429380 2475.1
1429390 2485.7
1429400 2496.5
1429410 2507.4
1429420 2507.4
1429430 2516.1
1429440 2522.8
1429450 2522.8
1429460 2529.3
1429470 2532.4
1429480 2532.4
1429490 2528.8
1429500 2524.1
1429510 2524.1
1429520 2516.9
1429530 2509.2
1429540 2509.2
1429550 2503.3
1429560 2498.2
1429570 2498.2
1429580 2492.9
1429590 2489.3
1429600 2489.6
1429610 2489.6
1429620 2490.6
1429630 2489.3
1429640 2489.3
1429650 2486.1
1429660 2482.0
1429670 2482.0
1429680 2478.2
1429690 2474.7
1429700 2474.7
1429710 2471.6
1429720 2468.5
1429730 2468.5
1429740 2465.3
1429750 2461.7
1429760 2461.7
1429770 2462.2
1429780 2462.5
1429790 2462.5
1429800 2462.5
1429810 2465.4
1429820 2467.0
1429830 2467.0
1429840 2466.1
1429850 2461.9
1429860 2461.9
1429870 2462.1
1429880 2462.9
1429890 2462.9
1429900 2461.7
1429910 2463.3
1429920 2463.3
1429930 2461.1
1429940 2461.4
1429950 2461.4
1429960 2462.2
1429970 2466.4
1429980 2466.4
1429990 2473.5
1430000 2482.6
1430010 2487.2
1430020 2487.2
1430030 2488.6
1430040 2487.9
1430050 2487.9
1430060 2487.9
1430070 2487.0
1430080 2487.0
1430090 2485.3
1430100 2481.9
1430110 2481.9
1430120 2478.6
1430130 2475.6
1430140 2475.6
1430150 2471.3
1430160 2466.5
1430170 2466.5
1430180 2465.5
1430190 2460.1
1430200 2455.8
1430210 2455.8
1430220 2456.8
1430230 2452.3
1430240 2452.3
1430250 2448.0
1430260 2443.9
1430270 2443.9
1430280 2446.5
1430290 2454.4
1430300 2454.4
1430310 2463.5
1430320 2467.0
1430330 2467.0
1430340 2473.8
1430350 2486.2
1430360 2486.2
1430370 2499.1
1430380 2519.0
1430390 2524.6
1430400 2524.6
1430410 2522.5
1430420 2518.1
1430430 2518.1
1430440 2513.1
1430450 2508.0
1430460 2508.0
1430470 2504.5
1430480 2502.1
1430490 2502.1
1430500 2499.6
1430510 2496.9
1430520 2496.9
1430530 2492.7
1430540 2489.8
1430550 2489.8
1430560 2499.9
1430570 2502.4
1430580 2493.1
1430590 2493.1
1430600 2491.4
1430610 2501.4
1430620 2501.4
1430630 2515.6
1430640 2541.6
1430650 2541.6
1430660 2561.9
1430670 2576.2
1430680 2576.2
1430690 2579.6
1430700 2572.3
1430710 2572.3
1430720 2560.4
1430730 2547.3
1430740 2547.3
1430750 2537.6
1430760 2527.5
1430770 2527.5
1430780 2518.8
1430790 2510.3
1430800 2504.7
1430810 2504.7
1430820 2499.7
1430830 2494.4
1430840 2494.4
1430850 2490.0
1430860 2482.2
1430870 2482.2
1430880 2476.3
1430890 2472.8
1430900 2472.8
1430910 2466.2
1430920 2454.5
1430930 2454.5
1430940 2442.7
1430950 2430.1
1430960 2430.1
1430970 2417.4
1430980 2411.5
1430990 2413.3
1431000 2413.3
1431010 2413.2
1431020 2411.5
1431030 2411.5
1431040 2408.3
1431050 2401.4
1431060 2401.4
1431070 2399.1
1431080 2404.5
1431090 2404.5
1431100 2410.4
1431110 2416.5
1431120 2416.5
1431130 2420.5
1431140 2423.7
1431150 2423.7
1431160 2421.0
1431170 2411.6
1431180 2406.6
1431190 2406.6
1431200 2405.4
1431210 2409.6
1431220 2409.6
1431230 2410.5
1431240 2423.9
1431250 2423.9
1431260 2437.6
1431270 2437.7
1431280 2437.7
1431290 2433.7
1431300 2428.4
1431310 2428.4
1431320 2423.5
1431330 2421.4
1431340 2421.4
1431350 2419.2
1431360 2415.4
1431370 2409.6
1431380 2409.6
1431390 2403.7
1431400 2399.1
1431410 2391.9
1431420 2387.6
1431430 2383.1
1431440 2383.1
1431450 2378.8
1431460 2380.7
1431470 2380.7
1431480 2391.8
1431490 2394.8
1431500 2394.8
1431510 2389.7
1431520 2382.7
1431530 2382.7
1431540 2378.5
1431550 2373.0
1431560 2366.3
1431570 2366.3
1431580 2360.7
1431590 2355.6
1431600 2355.6
1431610 2351.3
1431620 2347.7
1431630 2347.7
1431640 2344.3
1431650 2340.9
1431660 2340.9
1431670 2337.6
1431680 2334.9
1431690 2334.9
1431700 2332.5
1431710 2329.1
1431720 2329.1
1431730 2325.9
1431740 2322.4
1431750 2322.4
1431760 2319.4
1431770 2316.4
1431780 2312.6
1431790 2312.6
1431800 2308.8
1431810 2304.4
1431820 2304.4
1431830 2299.8
1431840 2295.3
1431850 2295.3
1431860 2291.9
1431870 2290.1
1431880 2290.1
1431890 2288.8
1431900 2287.2
1431910 2287.2
1431920 2284.5
1431930 2281.2
1431940 2281.2
1431950 2276.8
1431960 2273.1
1431970 2269.8
1431980 2269.8
1431990 2266.1
1432000 2262.6
1432010 2262.6
1432020 2259.9
1432030 2256.3
1432040 2256.3
1432050 2252.8
1432060 2250.2
1432070 2250.2
1432080 2244.9
1432090 2240.0
1432100 2240.0
1432110 2236.5
1432120 2232.0
1432130 2232.0
1432140 2228.4
1432150 2224.3
1432160 2221.2
1432170 2221.2
1432180 2218.3
1432190 2213.8
1432200 2213.8
1432210 2210.2
1432220 2209.9
1432230 2209.9
1432240 2209.5
1432250 2206.6
1432260 2206.6
1432270 2201.6
1432280 2198.6
1432290 2198.6
1432300 2194.8
1432310 2191.7
1432320 2191.7
1432330 2190.3
1432340 2188.4
1432350 2184.2
1432360 2184.2
1432370 2180.6
1432380 2176.7
1432390 2176.7
1432400 2171.4
1432410 2165.6
1432420 2165.6
1432430 2159.3
1432440 2153.7
1432450 2153.7
1432460 2150.2
1432470 2147.7
1432480 2147.7
1432490 2144.0
1432500 2140.1
1432510 2140.1
1432520 2134.7
1432530 2128.6
1432540 2121.7
1432550 2121.7
1432560 2115.4
1432570 2111.5
1432580 2111.5
1432590 2108.2
1432600 2103.7
1432610 2103.7
1432620 2097.6
1432630 2091.9
1432640 2091.9
1432650 2087.1
1432660 2082.9
1432670 2082.9
1432680 2079.3
1432690 2075.4
1432700 2075.4
1432710 2071.0
1432720 2067.2
1432730 2064.2
1432740 2064.2
1432750 2062.2
1432760 2060.0
1432770 2060.0
1432780 2057.6
1432790 2054.3
1432800 2054.3
1432810 2050.7
1432820 2047.0
1432830 2047.0
1432840 2042.3
1432850 2037.2
1432860 2037.2
1432870 2031.8
1432880 2025.6
1432890 2025.6
1432900 2019.1
1432910 2013.7
1432920 2013.7
1432930 2009.1
1432940 2005.4
1432950 2001.5
1432960 2001.5
1432970 1995.8
1432980 1990.6
1432990 1990.6
1433000 1985.7
1433010 1982.1
1433020 1982.1
1433030 1979.2
1433040 1975.9
1433050 1975.9
1433060 1970.0
1433070 1965.2
1433080 1965.2
1433090 1961.6
1433100 1957.2
1433110 1957.2
1433120 1954.4
1433130 1952.2
1433140 1948.9
1433150 1948.9
1433160 1946.5
1433170 1942.9
1433180 1942.9
1433190 1938.6
1433200 1935.5
1433210 1935.5
1433220 1933.2
1433230 1929.0
1433240 1929.0
1433250 1923.9
1433260 1919.9
1433270 1919.9
1433280 1915.4
1433290 1908.5
1433300 1908.5
1433310 1902.0
1433320 1895.7
1433330 1890.1
1433340 1890.1
1433350 1885.5
1433360 1883.9
1433370 1883.9
1433380 1879.7
1433390 1877.3
1433400 1877.3
1433410 1874.3
1433420 1866.0
1433430 1866.0
1433440 1857.4
1433450 1850.6
1433460 1850.6
1433470 1845.8
1433480 1840.9
1433490 1840.9
1433500 1838.7
1433510 1838.4
1433520 1835.8
1433530 1835.8
1433540 1831.7
1433550 1829.2
1433560 1829.2
1433570 1831.1
1433580 1827.9
1433590 1827.9
1433600 1822.5
1433610 1817.0
1433620 1817.0
1433630 1811.2
1433640 1808.7
1433650 1808.7
1433660 1807.3
1433670 1802.8
1433680 1802.8
1433690 1798.1
1433700 1795.6
1433710 1791.9
1433720 1791.9
1433730 1788.4
1433740 1787.6
1433750 1787.6
1433760 1783.8
1433770 1779.4
1433780 1779.4
1433790 1775.0
1433800 1771.7
1433810 1771.7
1433820 1767.8
1433830 1762.4
1433840 1761.5
1433850 1754.2
1433860 1748.7
1433870 1748.7
1433880 1744.3
1433890 1737.9
1433900 1737.9
1433910 1732.3
1433920 1728.5
1433930 1726.1
1433940 1726.1
1433950 1720.8
1433960 1714.6
1433970 1714.6
1433980 1711.3
1433990 1709.8
1434000 1709.8
1434010 1707.4
1434020 1705.0
1434030 1705.0
1434040 1701.7
1434050 1699.2
1434060 1699.2
1434070 1696.9
1434080 1692.7
1434090 1692.7
1434100 1687.3
1434110 1681.4
1434120 1675.1
1434130 1675.1
1434140 1667.9
1434150 1660.5
1434160 1660.5
1434170 1653.1
1434180 1645.8
1434190 1645.8
1434200 1639.5
1434210 1633.5
1434220 1633.5
1434230 1627.5
1434240 1622.6
1434250 1622.6
1434260 1618.7
1434270 1615.0
1434280 1615.0
1434290 1610.3
1434300 1605.0
1434310 1599.2
1434320 1599.2
1434330 1594.3
1434340 1589.0
1434350 1589.0
1434360 1583.0
1434370 1575.4
1434380 1575.4
1434390 1568.6
1434400 1562.8
1434410 1562.8
1434420 1558.6
1434430 1555.3
1434440 1555.3
1434450 1550.7
1434460 1545.9
1434470 1545.9
1434480 1541.3
1434490 1536.6
1434500 1532.4
1434510 1532.4
1434520 1528.6
1434530 1524.1
1434540 1524.1
1434550 1520.2
1434560 1514.2
1434570 1514.2
1434580 1508.1
1434590 1500.9
1434600 1500.9
1434610 1492.0
1434620 1483.3
1434630 1483.3
1434640 1474.9
1434650 1467.6
1434660 1467.6
1434670 1462.1
1434680 1458.1
1434690 1453.4
1434700 1453.4
1434710 1447.4
1434720 1441.9
1434730 1441.9
1434740 1435.0
1434750 1428.5
1434760 1428.5
1434770 1423.0
1434780 1419.0
1434790 1419.0
1434800 1415.2
1434810 1411.5
1434820 1411.5
1434830 1406.0
1434840 1399.7
1434850 1399.7
1434860 1395.1
1434870 1392.8
1434880 1390.4
1434890 1390.4
1434900 1386.9
1434910 1380.9
1434920 1380.9
1434930 1376.4
1434940 1374.9
1434950 1374.9
1434960 1372.3
1434970 1366.6
1434980 1366.6
1434990 1360.0
1435000 1355.3
1435010 1355.3
1435020 1347.3
1435030 1340.1
1435040 1340.1
1435050 1334.0
1435060 1328.3
1435070 1328.3
1435080 1322.4
1435090 1316.8
1435100 1310.3
1435110 1310.3
1435120 1303.8
1435130 1297.0
1435140 1297.0
1435150 1291.7
1435160 1285.4
1435170 1285.4
1435180 1277.7
1435190 1269.6
1435200 1269.6
1435210 1262.3
1435220 1255.4
1435230 1255.4
1435240 1247.5
1435250 1239.3
1435260 1239.3
1435270 1231.3
1435280 1223.2
1435290 1214.7
1435300 1214.7
1435310 1207.9
1435320 1200.7
1435330 1200.7
1435340 1193.6
1435350 1187.1
1435360 1187.1
1435370 1181.6
1435380 1176.3
1435390 1176.3
1435400 1172.4
1435410 1168.7
1435420 1168.7
1435430 1165.2
1435440 1161.2
1435450 1161.2
1435460 1156.9
1435470 1152.9
1435480 1148.0
1435490 1148.0
1435500 1138.8
1435510 1129.2
1435520 1129.2
1435530 1121.9
1435540 1115.3
1435550 1115.3
1435560 1109.7
1435570 1105.0
1435580 1105.0
1435590 1100.7
1435600 1096.1
1435610 1096.1
1435620 1090.6
1435630 1083.7
1435640 1083.7
1435650 1075.6
1435660 1060.2
1435670 1040.5
1435680 1040.5
1435690 1027.1
1435700 1014.0
1435710 1014.0
1435720 1004.1
1435730 995.0
1435740 995.0
1435750 985.5
1435760 977.3
1435770 977.3
1435780 971.3
1435790 968.4
1435800 968.4
1435810 966.9
1435820 966.0
1435830 966.0
1435840 965.4
1435850 964.9
1435860 964.5
1435870 964.5
1435880 964.3
1435890 964.1
1435900 964.1
1435910 964.0
1435920 964.0
1435930 964.0
1435940 963.9
1435950 964.0
1435960 964.0
1435970 964.1
1435980 964.4
1435990 964.4
1436000 964.4
1436010 964.2
1436020 964.2
1436030 964.3
1436040 964.0
1436050 964.0
1436060 964.0
1436070 964.2
1436080 964.6
1436090 964.6
1436100 964.8
1436110 963.4
1436120 963.4
1436130 962.3
1436140 962.4
1436150 962.4
1436160 963.7
1436170 965.7
1436180 965.7
1436190 971.6
1436200 977.9
1436210 977.9
1436220 987.1
1436230 993.8
1436240 993.8
1436250 1000.5
1436260 1004.3
1436270 1009.2
1436280 1009.2
1436290 1016.1
1436300 1023.3
1436310 1023.3
1436320 1030.5
1436330 1038.2
1436340 1038.2
1436350 1046.7
1436360 1056.2
1436370 1056.2
1436380 1068.7
1436390 1080.0
1436400 1073.5
1436410 1090.4
1436420 1118.3
1436430 1118.3
1436440 1128.9
1436450 1134.2
1436460 1138.8
1436470 1138.8
1436480 1142.8
1436490 1144.1
1436500 1144.1
1436510 1146.9
1436520 1151.3
1436530 1151.3
1436540 1155.3
1436550 1159.2
1436560 1159.2
1436570 1164.0
1436580 1169.5
1436590 1169.5
1436600 1176.6
1436610 1183.7
1436620 1183.7
1436630 1190.7
1436640 1197.9
1436650 1205.4
1436660 1205.4
1436670 1213.0
1436680 1220.6
1436690 1220.6
1436700 1228.2
1436710 1235.3
1436720 1235.3
1436730 1247.0
1436740 1262.4
1436750 1262.4
1436760 1279.3
1436770 1288.6
1436780 1288.6
1436790 1302.6
1436800 1310.5
1436810 1310.5
1436820 1311.4
1436830 1317.8
1436840 1330.6
1436850 1330.6
1436860 1344.2
1436870 1353.1
1436880 1353.1
1436890 1366.4
1436900 1379.7
1436910 1379.7
1436920 1387.9
1436930 1397.2
1436940 1397.2
1436950 1412.7
1436960 1429.4
1436970 1429.4
1436980 1441.2
1436990 1457.4
1437000 1457.4
1437010 1467.9
1437020 1470.8
1437030 1472.8
1437040 1472.8
1437050 1477.4
1437060 1481.8
1437070 1481.8
1437080 1487.4
1437090 1490.2
1437100 1490.2
1437110 1490.0
1437120 1489.9
1437130 1489.9
1437140 1491.4
1437150 1493.0
1437160 1493.0
1437170 1494.5
1437180 1494.2
1437190 1494.2
1437200 1492.7
1437210 1490.9
1437220 1490.9
1437230 1490.1
1437240 1489.3
1437250 1488.8
1437260 1488.8
1437270 1488.1
1437280 1487.2
1437290 1487.2
1437300 1484.9
1437310 1478.5
1437320 1478.5
1437330 1473.2
1437340 1469.8
1437350 1469.8
1437360 1466.4
1437370 1463.0
1437380 1463.0
1437390 1461.1
1437400 1464.0
1437410 1464.0
1437420 1469.6
1437430 1475.2
1437440 1479.9
1437450 1479.9
1437460 1484.6
1437470 1490.1
1437480 1490.1
1437490 1496.9
1437500 1502.3
1437510 1502.3
1437520 1503.6
1437530 1502.9
1437540 1502.9
1437550 1502.6
1437560 1501.8
1437570 1501.8
1437580 1502.6
1437590 1504.6
1437600 1504.6
1437610 1507.6
1437620 1509.9
1437630 1509.6
1437640 1509.6
1437650 1511.6
1437660 1513.7
1437670 1513.7
1437680 1514.0
1437690 1514.5
1437700 1514.5
1437710 1515.4
1437720 1515.5
1437730 1515.5
1437740 1516.1
1437750 1517.5
1437760 1517.5
1437770 1520.0
1437780 1524.7
1437790 1524.7
1437800 1530.3
1437810 1536.9
1437820 1543.1
1437830 1543.1
1437840 1548.8
1437850 1556.5
1437860 1556.5
1437870 1564.2
1437880 1571.6
1437890 1571.6
1437900 1579.2
1437910 1586.5
1437920 1586.5
1437930 1593.2
1437940 1599.8
1437950 1599.8
1437960 1606.2
1437970 1612.6
1437980 1612.6
1437990 1618.3
1438000 1623.8
1438010 1628.8
1438020 1628.8
1438030 1634.6
1438040 1640.8
1438050 1640.8
1438060 1646.5
1438070 1651.6
1438080 1651.6
1438090 1656.4
1438100 1661.6
1438110 1661.6
1438120 1666.8
1438130 1671.4
1438140 1671.4
1438150 1676.1
1438160 1680.8
1438170 1680.8
1438180 1686.1
1438190 1691.8
1438200 1691.8
1438210 1697.5
1438220 1703.5
1438230 1708.9
1438240 1708.9
1438250 1713.5
1438260 1718.2
1438270 1718.2
1438280 1723.7
1438290 1729.5
1438300 1729.5
1438310 1736.3
1438320 1744.0
1438330 1744.0
1438340 1750.1
1438350 1752.8
1438360 1752.8
1438370 1757.1
1438380 1764.1
1438390 1764.1
1438400 1772.4
1438410 1779.5
1438420 1787.2
1438430 1787.2
1438440 1794.3
1438450 1800.9
1438460 1800.9
1438470 1807.0
1438480 1813.7
1438490 1813.7
1438500 1819.5
1438510 1826.5
1438520 1826.5
1438530 1835.4
1438540 1843.9
1438550 1843.9
1438560 1850.4
1438570 1856.3
1438580 1856.3
1438590 1863.2
1438600 1872.1
1438610 1880.7
1438620 1880.7
1438630 1888.6
1438640 1898.1
1438650 1898.1
1438660 1905.2
1438670 1911.7
1438680 1911.7
1438690 1918.6
1438700 1926.6
1438710 1926.6
1438720 1934.2
1438730 1942.2
1438740 1942.2
1438750 1947.3
1438760 1952.0
1438770 1952.0
1438780 1957.2
1438790 1963.6
1438800 1969.7
1438810 1969.7
1438820 1975.2
1438830 1984.9
1438840 1984.9
1438850 1992.9
1438860 1998.5
1438870 1998.5
1438880 2003.3
1438890 2008.0
1438900 2008.0
1438910 2013.2
1438920 2016.0
1438930 2016.0
1438940 2017.1
1438950 2017.1
1438960 2017.1
1438970 2015.8
1438980 2015.7
1438990 2016.2
1439000 2016.2
1439010 2015.6
1439020 2013.8
1439030 2013.8
1439040 2011.1
1439050 2005.3
1439060 2005.3
1439070 2000.5
1439080 1995.3
1439090 1995.3
1439100 1986.7
1439110 1982.3
1439120 1982.3
1439130 1978.1
1439140 1975.2
1439150 1975.2
1439160 1972.4
1439170 1970.8
1439180 1970.8
1439190 1968.7
1439200 1966.2
1439210 1964.4
1439220 1964.4
1439230 1962.7
1439240 1960.1
1439250 1960.1
1439260 1956.8
1439270 1953.6
1439280 1953.6
1439290 1949.4
1439300 1944.4
1439310 1944.4
1439320 1938.9
1439330 1932.2
1439340 1932.2
1439350 1926.1
1439360 1919.9
1439370 1919.9
1439380 1913.2
1439390 1905.8
1439400 1898.3
1439410 1898.3
1439420 1891.4
1439430 1883.6
1439440 1883.6
1439450 1877.1
1439460 1870.9
1439470 1870.9
1439480 1864.5
1439490 1857.1
1439500 1857.1
1439510 1849.5
1439520 1841.2
1439530 1841.2
1439540 1832.5
1439550 1824.9
1439560 1824.9
1439570 1819.2
1439580 1811.7
1439590 1803.9
1439600 1803.9
1439610 1795.5
1439620 1787.3
1439630 1787.3
1439640 1779.6
1439650 1771.6
1439660 1771.6
1439670 1763.4
1439680 1755.6
1439690 1755.6
1439700 1748.0
1439710 1740.3
1439720 1740.3
1439730 1733.8
1439740 1728.3
1439750 1728.3
1439760 1721.7
1439770 1714.9
1439780 1708.6
1439790 1708.6
1439800 1704.0
1439810 1699.8
1439820 1699.8
1439830 1695.7
1439840 1691.6
1439850 1691.6
1439860 1687.4
1439870 1684.2
1439880 1684.2
1439890 1680.2
1439900 1677.6
1439910 1677.6
1439920 1677.5
1439930 1676.1
1439940 1676.1
1439950 1674.0
1439960 1671.7
1439970 1669.0
1439980 1669.0
1439990 1665.8
