1420000 2626.8
1420010 2632.2
1420020 2638.8
1420030 2638.8
1420040 2645.3
1420050 2651.5
1420060 2658.5
1420070 2658.5
1420080 2665.7
1420090 2673.2
1420100 2673.2
1420110 2680.8
1420120 2690.2
1420130 2690.2
1420140 2700.2
1420150 2714.3
1420160 2714.3
1420170 2729.7
1420180 2742.7
1420190 2742.7
1420200 2755.5
1420210 2764.2
1420220 2764.2
1420230 2759.8
1420240 2755.3
1420250 2754.2
1420260 2754.2
1420270 2755.5
1420280 2758.7
1420290 2751.2
1420300 2755.7
1420310 2761.5
1420320 2761.5
1420330 2767.5
1420340 2773.5
1420350 2773.5
1420360 2780.8
1420370 2788.8
1420380 2788.8
1420390 2797.4
1420400 2806.2
1420410 2806.2
1420420 2811.6
1420430 2815.9
1420440 2817.7
1420450 2817.7
1420460 2814.2
1420470 2809.6
1420480 2809.6
1420490 2807.7
1420500 2815.0
1420510 2815.0
1420520 2814.7
1420530 2814.0
1420540 2814.0
1420550 2823.1
1420560 2822.7
1420570 2822.7
1420580 2817.8
1420590 2808.3
1420600 2808.3
1420610 2801.9
1420620 2793.5
1420630 2790.6
1420640 2790.6
1420650 2796.9
1420660 2807.3
1420670 2807.3
1420680 2813.9
1420690 2821.4
1420700 2821.4
1420710 2827.3
1420720 2835.0
1420730 2835.0
1420740 2841.9
1420750 2836.1
1420760 2836.1
1420770 2831.6
1420780 2837.4
1420790 2837.4
1420800 2838.0
1420810 2847.9
1420820 2861.1
1420830 2861.1
1420840 2869.5
1420850 2873.1
1420860 2873.1
1420870 2874.5
1420880 2879.1
1420890 2879.1
1420900 2879.0
1420910 2870.0
1420920 2870.0
1420930 2861.1
1420940 2854.0
1420950 2854.0
1420960 2849.4
1420970 2848.6
1420980 2848.6
1420990 2851.0
1421000 2853.7
1421010 2853.7
1421020 2854.3
1421030 2850.0
1421040 2844.3
1421050 2844.3
1421060 2844.3
1421070 2847.9
1421080 2847.9
1421090 2850.6
1421100 2850.2
1421110 2850.2
1421120 2847.5
1421130 2844.6
1421140 2844.6
1421150 2843.4
1421160 2839.4
1421170 2839.4
1421180 2840.7
1421190 2838.4
1421200 2838.4
1421210 2830.3
1421220 2822.6
1421230 2815.2
1421240 2815.2
1421250 2807.8
1421260 2805.0
1421270 2805.0
1421280 2805.7
1421290 2808.3
1421300 2808.3
1421310 2813.6
1421320 2814.6
1421330 2814.6
1421340 2810.4
1421350 2808.0
1421360 2808.0
1421370 2805.0
1421380 2800.1
1421390 2800.1
1421400 2798.6
1421410 2799.0
1421420 2799.5
1421430 2799.5
1421440 2797.3
1421450 2798.3
1421460 2798.3
1421470 2798.1
1421480 2795.9
1421490 2795.9
1421500 2796.6
1421510 2798.3
1421520 2798.3
1421530 2797.2
1421540 2795.1
1421550 2795.1
1421560 2792.0
1421570 2789.3
1421580 2789.3
1421590 2787.0
1421600 2784.7
1421610 2784.3
1421620 2784.3
1421630 2782.3
1421640 2779.7
1421650 2779.7
1421660 2777.0
1421670 2774.8
1421680 2774.8
1421690 2770.3
1421700 2765.8
1421710 2765.8
1421720 2762.4
1421730 2759.1
1421740 2759.1
1421750 2756.1
1421760 2750.6
1421770 2750.6
1421780 2744.6
1421790 2740.8
1421800 2737.7
1421810 2737.7
1421820 2735.6
1421830 2733.3
1421840 2733.3
1421850 2730.2
1421860 2727.8
1421870 2727.8
1421880 2727.3
1421890 2726.4
1421900 2726.4
1421910 2723.2
1421920 2719.5
1421930 2719.5
1421940 2715.1
1421950 2710.7
1421960 2710.7
1421970 2705.0
1421980 2701.3
1421990 2701.3
1422000 2696.9
1422010 2694.1
1422020 2692.4
1422030 2692.4
1422040 2689.1
1422050 2683.9
1422060 2683.9
1422070 2679.5
1422080 2676.7
1422090 2676.7
1422100 2674.0
1422110 2668.9
1422120 2668.9
1422130 2665.6
1422140 2663.1
1422150 2663.1
1422160 2660.2
1422170 2655.6
1422180 2655.6
1422190 2652.4
1422200 2645.5
1422210 2640.1
1422220 2640.1
1422230 2639.1
1422240 2638.4
1422250 2638.4
1422260 2635.8
1422270 2633.4
1422280 2633.4
1422290 2631.1
1422300 2626.6
1422310 2626.6
1422320 2623.4
1422330 2621.5
1422340 2621.5
1422350 2619.7
1422360 2616.0
1422370 2616.0
1422380 2612.7
1422390 2609.0
1422400 2603.2
1422410 2603.2
1422420 2596.6
1422430 2590.7
1422440 2590.7
1422450 2584.9
1422460 2577.7
1422470 2577.7
1422480 2570.5
1422490 2565.3
1422500 2565.3
1422510 2563.7
1422520 2562.2
1422530 2562.2
1422540 2559.2
1422550 2557.0
1422560 2557.0
1422570 2554.7
1422580 2552.1
1422590 2550.0
1422600 2550.0
1422610 2548.7
1422620 2547.3
1422630 2547.3
1422640 2544.5
1422650 2539.4
1422660 2539.4
1422670 2535.4
1422680 2532.0
1422690 2532.0
1422700 2529.5
1422710 2527.0
1422720 2527.0
1422730 2524.6
1422740 2522.4
1422750 2522.4
1422760 2521.8
1422770 2522.4
1422780 2522.4
1422790 2522.3
1422800 2522.3
1422810 2522.4
1422820 2522.4
1422830 2524.9
1422840 2529.7
1422850 2529.7
1422860 2530.3
1422870 2526.7
1422880 2526.7
1422890 2525.1
1422900 2526.7
1422910 2526.7
1422920 2529.1
1422930 2532.2
1422940 2532.2
1422950 2537.0
1422960 2543.0
1422970 2543.0
1422980 2550.0
1422990 2557.0
1423000 2564.4
1423010 2564.4
1423020 2570.8
1423030 2576.3
1423040 2576.3
1423050 2582.6
1423060 2586.5
1423070 2586.5
1423080 2589.0
1423090 2590.5
1423100 2590.5
1423110 2592.2
1423120 2593.7
1423130 2593.7
1423140 2594.3
1423150 2595.0
1423160 2595.0
1423170 2596.7
1423180 2597.0
1423190 2596.2
1423200 2596.2
1423210 2595.3
1423220 2592.5
1423230 2592.5
1423240 2594.3
1423250 2599.3
1423260 2599.3
1423270 2603.8
1423280 2609.0
1423290 2609.0
1423300 2613.2
1423310 2617.1
1423320 2617.1
1423330 2618.6
1423340 2620.9
1423350 2620.9
1423360 2623.3
1423370 2625.0
1423380 2627.1
1423390 2627.1
1423400 2630.7
1423410 2634.2
1423420 2634.2
1423430 2636.8
1423440 2640.0
1423450 2640.0
1423460 2642.7
1423470 2644.2
1423480 2644.2
1423490 2644.2
1423500 2644.3
1423510 2644.3
1423520 2646.4
1423530 2651.5
1423540 2651.5
1423550 2655.7
1423560 2659.6
1423570 2662.6
1423580 2662.6
1423590 2665.3
1423600 2669.1
1423610 2669.1
1423620 2675.1
1423630 2682.9
1423640 2682.9
1423650 2690.2
1423660 2698.3
1423670 2698.3
1423680 2706.1
1423690 2711.2
1423700 2711.2
1423710 2714.6
1423720 2716.0
1423730 2716.0
1423740 2715.5
1423750 2714.8
1423760 2714.8
1423770 2715.3
1423780 2716.7
1423790 2718.4
1423800 2718.4
1423810 2720.2
1423820 2722.4
1423830 2722.4
1423840 2725.7
1423850 2730.5
1423860 2730.5
1423870 2737.0
1423880 2743.4
1423890 2743.4
1423900 2749.3
1423910 2755.0
1423920 2755.0
1423930 2760.5
1423940 2765.6
1423950 2765.6
1423960 2770.3
1423970 2774.6
1423980 2778.6
1423990 2778.6
1424000 2782.4
1424010 2785.6
1424020 2785.6
1424030 2788.2
1424040 2791.2
1424050 2791.2
1424060 2793.7
1424070 2796.2
1424080 2796.2
1424090 2798.4
1424100 2799.9
1424110 2799.9
1424120 2802.5
1424130 2805.9
1424140 2805.9
1424150 2808.9
1424160 2813.6
1424170 2818.6
1424180 2818.6
1424190 2823.0
1424200 2829.6
1424210 2829.6
1424220 2836.0
1424230 2846.2
1424240 2846.2
1424250 2855.5
1424260 2862.4
1424270 2862.4
1424280 2870.4
1424290 2875.4
1424300 2875.4
1424310 2889.1
1424320 2900.8
1424330 2900.8
1424340 2901.6
1424350 2901.4
1424360 2887.8
1424370 2887.8
1424380 2893.8
1424390 2907.5
1424400 2907.5
1424410 2915.6
1424420 2921.7
1424430 2921.7
1424440 2926.3
1424450 2926.4
1424460 2926.4
1424470 2941.5
1424480 2950.9
1424490 2950.9
1424500 2958.2
1424510 2962.7
1424520 2962.7
1424530 2973.4
1424540 2981.1
1424550 2978.3
1424560 2978.3
1424570 2974.8
1424580 2967.8
1424590 2967.8
1424600 2978.5
1424610 2997.0
1424620 2997.0
1424630 3012.5
1424640 3011.3
1424650 3011.3
1424660 3008.4
1424670 3015.5
1424680 3015.5
1424690 3022.2
1424700 3032.3
1424710 3032.3
1424720 3037.2
1424730 3044.3
1424740 3044.3
1424750 3055.1
1424760 3061.4
1424770 3069.8
1424780 3069.8
1424790 3083.4
1424800 3110.6
1424810 3110.6
1424820 3126.3
1424830 3112.4
1424840 3112.4
1424850 3115.2
1424860 3108.4
1424870 3108.4
1424880 3109.0
1424890 3123.6
1424900 3123.6
1424910 3143.7
1424920 3163.0
1424930 3163.0
1424940 3162.5
1424950 3158.8
1424960 3149.5
1424970 3149.5
1424980 3145.9
1424990 3151.4
1425000 3151.4
1425010 3161.5
1425020 3170.2
1425030 3170.2
1425040 3180.5
1425050 3188.8
1425060 3188.8
1425070 3198.8
1425080 3209.3
1425090 3209.3
1425100 3222.1
1425110 3238.6
1425120 3238.6
1425130 3248.6
1425140 3243.0
1425150 3232.5
1425160 3232.5
1425170 3218.2
1425180 3210.8
1425190 3210.8
1425200 3203.5
1425210 3195.4
1425220 3195.4
1425230 3188.5
1425240 3181.1
1425250 3181.1
1425260 3174.2
1425270 3172.5
1425280 3172.5
1425290 3179.2
1425300 3191.9
1425310 3191.9
1425320 3210.1
1425330 3235.3
1425340 3246.8
1425350 3246.8
1425360 3240.8
1425370 3234.8
1425380 3234.8
1425390 3230.1
1425400 3227.8
1425410 3227.8
1425420 3226.4
1425430 3224.8
1425440 3224.8
1425450 3220.3
1425460 3212.4
1425470 3212.4
1425480 3206.4
1425490 3206.6
1425500 3206.6
1425510 3203.9
1425520 3200.2
1425530 3198.9
1425540 3198.9
1425550 3193.9
1425560 3187.6
1425570 3187.6
1425580 3183.6
1425590 3178.0
1425600 3178.0
1425610 3170.5
1425620 3151.0
1425630 3151.0
1425640 3134.1
1425650 3122.0
1425660 3122.0
1425670 3108.9
1425680 3100.9
1425690 3100.9
1425700 3095.3
1425710 3100.4
1425720 3100.4
1425730 3103.0
1425740 3095.0
1425750 3082.9
1425760 3082.9
1425770 3071.4
1425780 3062.4
1425790 3062.4
1425800 3054.3
1425810 3047.3
1425820 3047.3
1425830 3043.5
1425840 3043.9
1425850 3043.9
1425860 3044.0
1425870 3035.7
1425880 3035.7
1425890 3025.6
1425900 3016.5
1425910 3016.5
1425920 3009.3
1425930 3003.4
1425940 2998.9
1425950 2998.9
1425960 2997.2
1425970 2989.3
1425980 2989.3
1425990 2990.2
1426000 2993.2
1426010 2993.2
1426020 2991.0
1426030 2984.0
1426040 2984.0
1426050 2977.6
1426060 2971.2
1426070 2971.2
1426080 2964.6
1426090 2958.1
1426100 2958.1
1426110 2950.8
1426120 2943.8
1426130 2937.2
1426140 2937.2
1426150 2930.0
1426160 2921.7
1426170 2921.7
1426180 2912.6
1426190 2902.3
1426200 2902.3
1426210 2891.9
1426220 2882.7
1426230 2882.7
1426240 2873.5
1426250 2862.9
1426260 2862.9
1426270 2852.0
1426280 2840.6
1426290 2840.6
1426300 2828.5
1426310 2819.9
1426320 2812.6
1426330 2812.6
1426340 2805.6
1426350 2798.4
1426360 2798.4
1426370 2788.7
1426380 2782.2
1426390 2782.2
1426400 2782.1
1426410 2774.8
1426420 2774.8
1426430 2765.3
1426440 2758.7
1426450 2758.7
1426460 2750.4
1426470 2745.4
1426480 2745.4
1426490 2739.6
1426500 2728.8
1426510 2728.8
1426520 2723.6
1426530 2717.8
1426540 2712.7
1426550 2712.7
1426560 2708.2
1426570 2703.1
1426580 2703.1
1426590 2698.3
1426600 2693.2
1426610 2693.2
1426620 2688.2
1426630 2683.5
1426640 2683.5
1426650 2679.0
1426660 2674.3
1426670 2674.3
1426680 2669.8
1426690 2665.7
1426700 2665.7
1426710 2661.2
1426720 2657.3
1426730 2652.5
1426740 2652.5
1426750 2648.0
1426760 2644.3
1426770 2644.3
1426780 2640.9
1426790 2638.4
1426800 2638.4
1426810 2634.7
1426820 2630.5
1426830 2630.5
1426840 2626.5
1426850 2623.2
1426860 2623.2
1426870 2619.9
1426880 2616.1
1426890 2616.1
1426900 2612.2
1426910 2608.0
1426920 2604.6
1426930 2604.6
1426940 2601.5
1426950 2598.4
1426960 2598.4
1426970 2595.4
1426980 2592.9
1426990 2592.9
1427000 2592.7
1427010 2594.8
1427020 2594.8
1427030 2595.9
1427040 2594.8
1427050 2594.8
1427060 2593.8
1427070 2593.2
1427080 2593.2
1427090 2593.8
1427100 2595.4
1427110 2595.5
1427120 2595.5
1427130 2595.8
1427140 2598.6
1427150 2598.6
1427160 2603.6
1427170 2617.4
1427180 2617.4
1427190 2626.3
1427200 2629.1
1427210 2629.1
1427220 2630.7
1427230 2630.9
1427240 2630.9
1427250 2631.0
1427260 2632.6
1427270 2632.6
1427280 2634.7
1427290 2635.4
1427300 2635.3
1427310 2635.3
1427320 2630.8
1427330 2624.7
1427340 2624.7
1427350 2623.6
1427360 2624.6
1427370 2624.6
1427380 2623.7
1427390 2622.1
1427400 2622.1
1427410 2617.7
1427420 2608.8
1427430 2608.8
1427440 2597.9
1427450 2589.4
1427460 2589.4
1427470 2581.8
1427480 2576.6
1427490 2576.6
1427500 2568.4
1427510 2561.7
1427520 2555.8
1427530 2555.8
1427540 2548.4
1427550 2543.6
1427560 2543.6
1427570 2540.0
1427580 2536.2
1427590 2536.2
1427600 2531.9
1427610 2528.1
1427620 2528.1
1427630 2524.3
1427640 2520.6
1427650 2520.6
1427660 2507.5
1427670 2494.6
1427680 2494.6
1427690 2492.8
1427700 2492.6
1427710 2492.6
1427720 2492.6
1427730 2492.7
1427740 2492.7
1427750 2492.7
1427760 2492.6
1427770 2492.7
1427780 2492.7
1427790 2492.7
1427800 2492.7
1427810 2492.7
1427820 2492.7
1427830 2492.7
1427840 2492.7
1427850 2492.6
1427860 2492.8
1427870 2492.8
1427880 2492.7
1427890 2492.7
1427900 2492.9
1427910 2492.9
1427920 2493.4
1427930 2494.6
1427940 2494.6
1427950 2496.0
1427960 2494.8
1427970 2494.8
1427980 2493.0
1427990 2491.8
1428000 2491.8
1428010 2491.1
1428020 2491.3
1428030 2491.3
1428040 2491.3
1428050 2489.1
1428060 2489.1
1428070 2484.1
1428080 2482.1
1428090 2481.4
1428100 2481.4
1428110 2479.3
1428120 2475.9
1428130 2475.9
1428140 2472.8
1428150 2470.0
1428160 2470.0
1428170 2466.8
1428180 2463.0
1428190 2463.0
1428200 2460.3
1428210 2458.0
1428220 2458.0
1428230 2456.2
1428240 2455.5
1428250 2455.5
1428260 2455.1
1428270 2455.9
1428280 2455.8
1428290 2455.8
1428300 2456.1
1428310 2456.8
1428320 2456.8
1428330 2457.5
1428340 2458.3
1428350 2458.3
1428360 2459.2
1428370 2460.3
1428380 2460.3
1428390 2461.8
1428400 2463.3
1428410 2463.3
1428420 2464.3
1428430 2464.9
1428440 2464.9
1428450 2465.1
1428460 2465.1
1428470 2465.1
1428480 2466.5
1428490 2468.3
1428500 2469.5
1428510 2469.5
1428520 2470.6
1428530 2471.1
1428540 2471.1
1428550 2471.1
1428560 2472.8
1428570 2472.8
1428580 2475.7
1428590 2477.1
1428600 2477.1
1428610 2477.5
1428620 2479.0
1428630 2479.0
1428640 2484.6
1428650 2488.7
1428660 2488.7
1428670 2493.9
1428680 2498.5
1428690 2506.1
1428700 2506.1
1428710 2511.2
1428720 2513.3
1428730 2507.9
1428740 2512.5
1428750 2515.1
1428760 2515.1
1428770 2517.1
1428780 2518.2
1428790 2518.2
1428800 2518.6
1428810 2520.7
1428820 2520.7
1428830 2536.1
1428840 2546.2
1428850 2546.2
1428860 2547.4
1428870 2569.5
1428880 2586.7
1428890 2586.7
1428900 2599.8
1428910 2607.9
1428920 2607.9
1428930 2619.3
1428940 2629.7
1428950 2629.7
1428960 2632.5
1428970 2628.8
1428980 2628.8
1428990 2624.3
1429000 2625.4
1429010 2625.4
1429020 2648.2
1429030 2661.7
1429040 2661.7
1429050 2660.6
1429060 2659.3
1429070 2663.1
1429080 2663.1
1429090 2663.7
1429100 2658.1
1429110 2658.1
1429120 2657.3
1429130 2665.0
1429140 2665.0
1429150 2665.7
1429160 2673.0
1429170 2673.0
1429180 2688.2
1429190 2703.7
1429200 2703.7
1429210 2713.1
1429220 2710.9
1429230 2710.9
1429240 2707.0
1429250 2702.9
1429260 2701.8
1429270 2701.8
1429280 2709.7
1429290 2713.0
1429300 2713.0
1429310 2713.3
1429320 2714.2
1429330 2714.2
1429340 2716.1
1429350 2712.6
1429360 2712.6
1429370 2716.5
1429380 2724.2
1429390 2724.2
1429400 2733.0
1429410 2745.1
1429420 2745.1
1429430 2756.1
1429440 2751.5
1429450 2751.5
1429460 2756.4
1429470 2767.0
1429480 2770.7
1429490 2770.7
1429500 2780.9
1429510 2786.6
1429520 2786.6
1429530 2780.5
1429540 2781.4
1429550 2781.4
1429560 2790.0
1429570 2805.0
1429580 2805.0
1429590 2816.8
1429600 2816.9
1429610 2816.9
1429620 2811.9
1429630 2815.6
1429640 2815.6
1429650 2825.0
1429660 2827.3
1429670 2822.2
1429680 2822.2
1429690 2816.2
1429700 2810.3
1429710 2810.3
1429720 2805.4
1429730 2803.6
1429740 2803.6
1429750 2804.0
1429760 2809.6
1429770 2809.6
1429780 2809.3
1429790 2805.1
1429800 2805.1
1429810 2799.8
1429820 2793.0
1429830 2793.0
1429840 2785.9
1429850 2779.5
1429860 2774.1
1429870 2774.1
1429880 2769.1
1429890 2765.0
1429900 2765.0
1429910 2761.0
1429920 2753.2
1429930 2753.2
1429940 2745.7
1429950 2747.6
1429960 2747.6
1429970 2747.8
1429980 2741.7
1429990 2741.7
1430000 2733.2
1430010 2722.7
1430020 2722.7
1430030 2712.4
1430040 2701.5
1430050 2694.7
1430060 2694.7
1430070 2687.8
1430080 2680.2
1430090 2680.2
1430100 2672.2
1430110 2663.9
1430120 2663.9
1430130 2655.6
1430140 2646.5
1430150 2646.5
1430160 2637.7
1430170 2629.8
1430180 2629.8
1430190 2622.2
1430200 2615.0
1430210 2615.0
1430220 2607.2
1430230 2599.9
1430240 2592.3
1430250 2592.3
1430260 2584.7
1430270 2577.2
1430280 2577.2
1430290 2570.0
1430300 2561.6
1430310 2561.6
1430320 2553.4
1430330 2545.8
1430340 2545.8
1430350 2537.8
1430360 2530.5
1430370 2530.5
1430380 2522.2
1430390 2515.4
1430400 2515.4
1430410 2509.4
1430420 2502.3
1430430 2502.3
1430440 2495.3
1430450 2488.6
1430460 2482.1
1430470 2482.1
1430480 2475.0
1430490 2467.6
1430500 2467.6
1430510 2460.6
1430520 2453.8
1430530 2453.8
1430540 2447.0
1430550 2440.7
1430560 2440.7
1430570 2435.1
1430580 2430.0
1430590 2430.0
1430600 2424.8
1430610 2420.6
1430620 2420.6
1430630 2416.2
1430640 2412.9
1430650 2411.6
1430660 2411.6
1430670 2411.4
1430680 2410.9
1430690 2410.9
1430700 2410.4
1430710 2410.0
1430720 2410.0
1430730 2410.4
1430740 2411.6
1430750 2411.6
1430760 2412.7
1430770 2412.8
1430780 2412.8
1430790 2414.3
1430800 2417.8
1430810 2417.8
1430820 2423.8
1430830 2437.1
1430840 2447.3
1430850 2447.3
1430860 2453.0
1430870 2459.6
1430880 2459.6
1430890 2462.5
1430900 2464.9
1430910 2464.9
1430920 2471.5
1430930 2474.2
1430940 2474.2
1430950 2470.5
1430960 2463.2
1430970 2463.2
1430980 2455.0
1430990 2448.3
1431000 2448.3
1431010 2439.6
1431020 2430.1
1431030 2425.5
1431040 2425.5
1431050 2431.8
1431060 2427.5
1431070 2427.5
1431080 2421.8
1431090 2420.0
1431100 2420.0
1431110 2420.7
1431120 2425.6
1431130 2425.6
1431140 2432.3
1431150 2440.5
1431160 2440.5
1431170 2448.8
1431180 2453.7
1431190 2453.7
1431200 2458.6
1431210 2460.8
1431220 2461.7
1431230 2461.7
1431240 2465.6
1431250 2473.1
1431260 2473.1
1431270 2473.4
1431280 2473.9
1431290 2473.9
1431300 2475.5
1431310 2476.4
1431320 2476.4
1431330 2476.5
1431340 2475.2
1431350 2475.2
1431360 2476.0
1431370 2476.5
1431380 2476.5
1431390 2467.8
1431400 2464.6
1431410 2464.6
1431420 2471.2
1431430 2472.0
1431440 2476.7
1431450 2476.7
1431460 2483.3
1431470 2486.3
1431480 2486.3
1431490 2486.9
1431500 2489.2
1431510 2489.2
1431520 2491.2
1431530 2488.7
1431540 2488.7
1431550 2487.3
1431560 2484.6
1431570 2484.6
1431580 2477.4
1431590 2472.1
1431600 2472.1
1431610 2467.7
1431620 2463.0
1431630 2457.9
1431640 2457.9
1431650 2452.4
1431660 2448.6
1431670 2448.6
1431680 2444.4
1431690 2440.7
1431700 2440.7
1431710 2436.2
1431720 2431.3
1431730 2431.3
1431740 2426.5
1431750 2423.8
1431760 2423.8
1431770 2419.5
1431780 2413.3
1431790 2413.3
1431800 2409.2
1431810 2404.4
1431820 2398.2
1431830 2398.2
1431840 2392.2
1431850 2387.1
1431860 2387.1
1431870 2382.0
1431880 2377.8
1431890 2377.8
1431900 2375.8
1431910 2376.9
1431920 2376.9
1431930 2377.4
1431940 2376.2
1431950 2376.2
1431960 2370.6
1431970 2363.1
1431980 2363.1
1431990 2356.0
1432000 2348.5
1432010 2340.0
1432020 2340.0
1432030 2332.8
1432040 2326.1
1432050 2326.1
1432060 2319.3
1432070 2314.8
1432080 2314.8
1432090 2312.0
1432100 2307.3
1432110 2307.3
1432120 2301.5
1432130 2297.0
1432140 2297.0
1432150 2293.0
1432160 2287.4
1432170 2287.4
1432180 2281.9
1432190 2276.2
1432200 2268.9
1432210 2268.9
1432220 2262.4
1432230 2256.4
1432240 2256.4
1432250 2250.8
1432260 2245.9
1432270 2245.9
1432280 2243.4
1432290 2238.6
1432300 2238.6
1432310 2231.7
1432320 2225.8
1432330 2225.8
1432340 2220.7
1432350 2215.5
1432360 2215.5
1432370 2209.1
1432380 2205.3
1432390 2205.3
1432400 2205.3
1432410 2201.6
1432420 2194.2
1432430 2194.2
1432440 2188.1
1432450 2183.4
1432460 2183.4
1432470 2176.6
1432480 2170.3
1432490 2170.3
1432500 2165.5
1432510 2162.0
1432520 2162.0
1432530 2157.8
1432540 2154.9
1432550 2154.9
1432560 2151.7
1432570 2149.4
1432580 2149.4
1432590 2147.0
1432600 2146.3
1432610 2142.8
1432620 2142.8
1432630 2137.8
1432640 2133.7
1432650 2133.7
1432660 2130.3
1432670 2126.4
1432680 2126.4
1432690 2120.3
1432700 2114.3
1432710 2114.3
1432720 2109.9
1432730 2103.8
1432740 2103.8
1432750 2098.4
1432760 2093.2
1432770 2093.2
1432780 2086.8
1432790 2080.7
1432800 2074.5
1432810 2074.5
1432820 2066.7
1432830 2059.3
1432840 2059.3
1432850 2053.3
1432860 2048.7
1432870 2048.7
1432880 2040.6
1432890 2034.7
1432900 2034.7
1432910 2033.1
1432920 2026.9
1432930 2026.9
1432940 2023.7
1432950 2019.1
1432960 2019.1
1432970 2012.2
1432980 2006.5
1432990 2001.3
1433000 2001.3
1433010 1997.4
1433020 1996.0
1433030 1996.0
1433040 1992.7
1433050 1989.6
1433060 1989.6
1433070 1987.2
1433080 1982.4
1433090 1982.4
1433100 1977.6
1433110 1972.4
1433120 1972.4
1433130 1964.0
1433140 1956.7
1433150 1956.7
1433160 1949.5
1433170 1944.5
1433180 1942.5
1433190 1942.5
1433200 1937.6
1433210 1932.6
1433220 1932.6
1433230 1926.2
1433240 1920.7
1433250 1920.7
1433260 1913.9
1433270 1908.1
1433280 1908.1
1433290 1903.7
1433300 1898.3
1433310 1898.3
1433320 1892.3
1433330 1887.9
1433340 1887.9
1433350 1884.3
1433360 1880.4
1433370 1880.4
1433380 1875.4
1433390 1867.8
1433400 1861.4
1433410 1861.4
1433420 1855.3
1433430 1850.2
1433440 1850.2
1433450 1845.1
1433460 1840.7
1433470 1843.5
1433480 1837.6
1433490 1833.4
1433500 1833.4
1433510 1828.8
1433520 1824.3
1433530 1824.3
1433540 1818.4
1433550 1811.9
1433560 1811.9
1433570 1805.9
1433580 1803.0
1433590 1797.4
1433600 1797.4
1433610 1789.6
1433620 1783.0
1433630 1783.0
1433640 1777.6
1433650 1771.8
1433660 1771.8
1433670 1764.3
1433680 1757.2
1433690 1757.2
1433700 1751.3
1433710 1746.8
1433720 1746.8
1433730 1744.4
1433740 1740.2
1433750 1740.2
1433760 1735.9
1433770 1730.5
1433780 1725.2
1433790 1725.2
1433800 1718.3
1433810 1711.8
1433820 1711.8
1433830 1706.5
1433840 1700.6
1433850 1700.6
1433860 1695.2
1433870 1691.9
1433880 1691.9
1433890 1689.0
1433900 1686.2
1433910 1686.2
1433920 1683.6
1433930 1680.1
1433940 1680.1
1433950 1677.4
1433960 1674.0
1433970 1669.6
1433980 1669.6
1433990 1664.9
1434000 1659.9
1434010 1659.9
1434020 1655.4
1434030 1652.4
1434040 1652.4
1434050 1647.7
1434060 1643.3
1434070 1643.3
1434080 1638.6
1434090 1633.1
1434100 1633.1
1434110 1627.9
1434120 1623.7
1434130 1623.7
1434140 1620.7
1434150 1618.9
1434160 1616.8
1434170 1616.8
1434180 1613.9
1434190 1609.7
1434200 1609.7
1434210 1605.0
1434220 1599.4
1434230 1599.4
1434240 1593.3
1434250 1586.8
1434260 1586.8
1434270 1579.8
1434280 1572.9
1434290 1572.9
1434300 1566.3
1434310 1560.1
1434320 1560.1
1434330 1555.6
1434340 1549.8
1434350 1549.8
1434360 1542.1
1434370 1533.3
1434380 1525.2
1434390 1525.2
1434400 1518.8
1434410 1513.0
1434420 1513.0
1434430 1508.1
1434440 1504.7
1434450 1504.7
1434460 1501.3
1434470 1496.8
1434480 1496.8
1434490 1491.3
1434500 1485.0
1434510 1485.0
1434520 1477.7
1434530 1470.2
1434540 1470.2
1434550 1463.4
1434560 1456.5
1434570 1449.9
1434580 1449.9
1434590 1443.4
1434600 1437.6
1434610 1437.6
1434620 1432.2
1434630 1427.0
1434640 1427.0
1434650 1421.8
1434660 1416.4
1434670 1416.4
1434680 1411.4
1434690 1408.5
1434700 1408.5
1434710 1405.1
1434720 1401.6
1434730 1401.6
1434740 1396.9
1434750 1392.7
1434760 1387.6
1434770 1387.6
1434780 1379.4
1434790 1371.7
1434800 1371.7
1434810 1364.5
1434820 1358.4
1434830 1358.4
1434840 1353.5
1434850 1346.9
1434860 1346.9
1434870 1336.5
1434880 1328.0
1434890 1328.0
1434900 1321.4
1434910 1314.9
1434920 1314.9
1434930 1309.4
1434940 1304.2
1434950 1298.0
1434960 1298.0
1434970 1291.9
1434980 1284.5
1434990 1284.5
1435000 1277.3
1435010 1271.2
1435020 1271.2
1435030 1265.5
1435040 1259.3
1435050 1259.3
1435060 1253.4
1435070 1246.2
1435080 1246.2
1435090 1238.6
1435100 1231.8
1435110 1231.8
1435120 1223.6
1435130 1217.2
1435140 1210.4
1435150 1210.4
1435160 1203.5
1435170 1196.2
1435180 1196.2
1435190 1186.3
1435200 1176.1
1435210 1176.1
1435220 1166.0
1435230 1160.9
1435240 1160.9
1435250 1154.8
1435260 1148.4
1435270 1148.4
1435280 1142.1
1435290 1136.8
1435300 1136.8
1435310 1133.5
1435320 1127.0
1435330 1127.0
1435340 1120.8
1435350 1113.1
1435360 1107.9
1435370 1107.9
1435380 1103.4
1435390 1097.6
1435400 1097.6
1435410 1090.5
1435420 1082.5
1435430 1082.5
1435440 1074.8
1435450 1067.0
1435460 1067.0
1435470 1061.4
1435480 1058.0
1435490 1058.0
1435500 1055.7
1435510 1055.1
1435520 1055.1
1435530 1053.5
1435540 1051.8
1435550 1049.4
1435560 1049.4
1435570 1046.1
1435580 1042.3
1435590 1042.3
1435600 1038.5
1435610 1034.3
1435620 1034.3
1435630 1031.7
1435640 1029.5
1435650 1029.5
1435660 1026.0
1435670 1020.9
1435680 1020.9
1435690 1014.9
1435700 1010.2
1435710 1010.2
1435720 1006.2
1435730 1004.3
1435740 1002.4
1435750 1002.4
1435760 993.6
1435770 985.7
1435780 985.7
1435790 979.7
1435800 974.6
1435810 974.6
1435820 971.6
1435830 970.1
1435840 970.1
1435850 967.7
1435860 967.4
1435870 967.4
1435880 969.0
1435890 969.7
1435900 969.7
1435910 969.9
1435920 969.3
1435930 968.3
1435940 968.3
1435950 969.0
1435960 968.8
1435970 968.8
1435980 968.5
1435990 968.3
1436000 968.3
1436010 968.1
1436020 968.0
1436030 968.0
1436040 967.9
1436050 967.7
1436060 967.7
1436070 967.7
1436080 968.0
1436090 968.0
1436100 968.3
1436110 969.1
1436120 971.6
1436130 971.6
1436140 973.9
1436150 975.2
1436160 975.2
1436170 976.0
1436180 976.7
1436190 976.7
1436200 977.8
1436210 979.2
1436220 979.2
1436230 980.6
1436240 982.4
1436250 982.4
1436260 984.6
1436270 986.7
1436280 986.7
1436290 989.1
1436300 991.8
1436310 991.8
1436320 994.7
1436330 997.8
1436340 1001.1
1436350 1001.1
1436360 1006.2
1436370 1015.9
1436380 1015.9
1436390 1023.5
1436400 1025.3
1436410 1025.3
1436420 1024.8
1436430 1027.3
1436440 1027.3
1436450 1032.1
1436460 1036.7
1436470 1036.7
1436480 1042.0
1436490 1046.3
1436500 1046.3
1436510 1050.0
1436520 1055.4
1436530 1062.3
1436540 1062.3
1436550 1069.3
1436560 1076.4
1436570 1076.4
1436580 1082.8
1436590 1089.7
1436600 1089.7
1436610 1097.3
1436620 1105.8
1436630 1105.8
1436640 1113.9
1436650 1120.9
1436660 1120.9
1436670 1129.5
1436680 1139.2
1436690 1139.2
1436700 1147.5
1436710 1153.8
1436720 1153.4
1436730 1153.4
1436740 1149.3
1436750 1147.5
1436760 1147.5
1436770 1146.4
1436780 1150.5
1436790 1150.5
1436800 1154.1
1436810 1157.4
1436820 1157.4
1436830 1160.5
1436840 1162.5
1436850 1162.5
1436860 1161.2
1436870 1168.0
1436880 1168.0
1436890 1171.7
1436900 1174.4
1436910 1175.6
1436920 1175.6
1436930 1175.5
1436940 1174.8
1436950 1174.8
1436960 1176.2
1436970 1183.1
1436980 1183.1
1436990 1194.1
1437000 1203.0
1437010 1203.0
1437020 1210.6
1437030 1220.1
1437040 1220.1
1437050 1228.6
1437060 1233.1
1437070 1233.1
1437080 1234.9
1437090 1234.4
1437100 1234.3
1437110 1234.3
1437120 1239.5
1437130 1239.6
1437140 1239.6
1437150 1240.6
1437160 1238.6
1437170 1238.6
1437180 1236.0
1437190 1230.7
1437200 1230.7
1437210 1228.8
1437220 1233.4
1437230 1233.4
1437240 1241.3
1437250 1249.9
1437260 1249.9
1437270 1258.9
1437280 1266.7
1437290 1266.7
1437300 1273.1
1437310 1279.0
1437320 1282.0
1437330 1282.0
1437340 1284.7
1437350 1288.2
1437360 1288.2
1437370 1292.5
1437380 1297.0
1437390 1297.0
1437400 1301.8
1437410 1307.4
1437420 1307.4
1437430 1312.4
1437440 1318.5
1437450 1318.5
1437460 1324.5
1437470 1329.7
1437480 1329.7
1437490 1335.0
1437500 1341.3
1437510 1349.0
1437520 1349.0
1437530 1355.2
1437540 1364.0
1437550 1364.0
1437560 1372.1
1437570 1380.7
1437580 1380.7
1437590 1389.6
1437600 1397.8
1437610 1397.8
1437620 1404.7
1437630 1410.9
1437640 1410.9
1437650 1416.9
1437660 1424.3
1437670 1424.3
1437680 1430.4
1437690 1437.2
1437700 1444.6
1437710 1444.6
1437720 1450.3
1437730 1456.2
1437740 1456.2
1437750 1461.9
1437760 1468.7
1437770 1468.7
1437780 1473.7
1437790 1479.9
1437800 1479.9
1437810 1487.6
1437820 1495.0
1437830 1495.0
1437840 1500.2
1437850 1505.6
1437860 1505.6
1437870 1511.8
1437880 1518.5
1437890 1524.9
1437900 1524.9
1437910 1530.2
1437920 1535.9
1437930 1535.9
1437940 1541.9
1437950 1547.6
1437960 1547.6
1437970 1553.0
1437980 1559.3
1437990 1559.3
1438000 1566.4
1438010 1572.2
1438020 1572.2
1438030 1577.7
1438040 1582.9
1438050 1582.9
1438060 1589.4
1438070 1597.3
1438080 1597.3
1438090 1604.9
1438100 1610.9
1438110 1615.6
1438120 1615.6
1438130 1620.1
1438140 1625.2
1438150 1625.2
1438160 1630.8
1438170 1637.1
1438180 1637.1
1438190 1642.6
1438200 1647.6
1438210 1647.6
1438220 1652.8
1438230 1657.0
1438240 1657.0
1438250 1660.3
1438260 1664.0
1438270 1664.0
1438280 1668.5
1438290 1673.6
1438300 1677.8
1438310 1677.8
1438320 1681.7
1438330 1686.4
1438340 1686.4
1438350 1690.3
1438360 1693.3
1438370 1693.3
1438380 1697.8
1438390 1703.2
1438400 1703.2
1438410 1708.2
1438420 1714.5
1438430 1714.5
1438440 1719.7
1438450 1723.3
1438460 1723.3
1438470 1729.1
1438480 1734.3
1438490 1739.0
1438500 1739.0
1438510 1744.5
1438520 1749.7
1438530 1749.7
1438540 1754.9
1438550 1758.7
1438560 1758.7
1438570 1760.9
1438580 1762.6
1438590 1762.6
1438600 1765.5
1438610 1769.3
1438620 1769.3
1438630 1773.0
1438640 1776.9
1438650 1776.9
1438660 1781.4
1438670 1786.3
1438680 1790.6
1438690 1795.9
1438700 1799.7
1438710 1803.8
1438720 1803.8
1438730 1808.7
1438740 1814.3
1438750 1814.3
1438760 1819.9
1438770 1826.4
1438780 1826.4
1438790 1833.4
1438800 1840.5
1438810 1840.5
1438820 1848.9
1438830 1855.0
1438840 1855.0
1438850 1861.7
1438860 1868.1
1438870 1871.5
1438880 1871.5
1438890 1874.4
1438900 1876.7
1438910 1876.7
1438920 1880.1
1438930 1883.9
1438940 1883.9
1438950 1889.0
1438960 1894.8
1438970 1894.8
1438980 1900.9
1438990 1909.4
1439000 1909.4
1439010 1919.7
1439020 1926.3
1439030 1926.3
1439040 1933.9
1439050 1942.0
1439060 1942.0
1439070 1948.9
1439080 1955.7
1439090 1960.8
1439100 1960.8
1439110 1964.0
1439120 1967.9
1439130 1967.9
1439140 1973.9
1439150 1981.1
1439160 1981.1
1439170 1986.0
1439180 1984.2
1439190 1984.2
1439200 1982.6
1439210 1982.0
1439220 1982.0
1439230 1979.6
1439240 1976.1
1439250 1976.1
1439260 1972.1
1439270 1968.3
1439280 1964.4
1439290 1964.4
1439300 1959.7
1439310 1955.1
1439320 1955.1
1439330 1950.1
1439340 1946.0
1439350 1946.0
1439360 1942.6
1439370 1938.5
1439380 1938.5
1439390 1932.6
1439400 1925.3
1439410 1925.3
1439420 1916.6
1439430 1908.1
1439440 1908.1
1439450 1901.4
1439460 1897.4
1439470 1894.7
1439480 1894.7
1439490 1891.1
1439500 1885.7
1439510 1885.7
1439520 1880.9
1439530 1876.8
1439540 1876.8
1439550 1873.6
1439560 1870.3
1439570 1870.3
1439580 1867.1
1439590 1864.0
1439600 1864.0
1439610 1859.2
1439620 1853.3
1439630 1853.3
1439640 1849.5
1439650 1846.2
1439660 1845.4
1439670 1845.4
1439680 1845.0
1439690 1843.4
1439700 1843.4
1439710 1840.3
1439720 1838.1
1439730 1838.1
1439740 1838.5
1439750 1838.3
1439760 1838.3
1439770 1836.7
1439780 1835.0
1439790 1835.0
1439800 1835.1
1439810 1835.5
1439820 1835.5
1439830 1831.6
1439840 1826.6
1439850 1821.9
1439860 1821.9
1439870 1817.7
1439880 1814.2
1439890 1814.2
1439900 1807.9
1439910 1802.3
1439920 1802.3
1439930 1796.8
1439940 1791.2
1439950 1791.2
1439960 1785.0
1439970 1779.9
1439980 1779.9
1439990 1773.7
