1420000 2657.7
1420010 2657.7
1420020 2661.8
1420030 2665.4
1420040 2665.4
1420050 2669.2
1420060 2671.3
1420070 2672.3
1420080 2672.3
1420090 2674.2
1420100 2678.4
1420110 2678.4
1420120 2684.7
1420130 2691.1
1420140 2691.1
1420150 2697.3
1420160 2703.0
1420170 2703.0
1420180 2708.0
1420190 2713.3
1420200 2713.3
1420210 2719.1
1420220 2726.6
1420230 2726.6
1420240 2734.8
1420250 2742.1
1420260 2752.6
1420270 2752.6
1420280 2768.8
1420290 2784.3
1420300 2784.3
1420310 2798.8
1420320 2813.5
1420330 2813.5
1420340 2822.3
1420350 2830.9
1420360 2830.9
1420370 2840.3
1420380 2847.9
1420390 2847.9
1420400 2853.1
1420410 2860.5
1420420 2860.5
1420430 2869.7
1420440 2877.4
1420450 2877.4
1420460 2885.0
1420470 2897.7
1420480 2908.9
1420490 2908.9
1420500 2922.5
1420510 2939.6
1420520 2939.6
1420530 2956.1
1420540 2979.3
1420550 2979.3
1420560 2993.0
1420570 3004.1
1420580 3004.1
1420590 3013.2
1420600 3015.2
1420610 3013.6
1420620 3019.5
1420630 3017.4
1420640 3017.4
1420650 3014.1
1420660 3009.9
1420670 3007.1
1420680 3007.1
1420690 3005.7
1420700 3005.1
1420710 3005.1
1420720 3003.5
1420730 2998.4
1420740 2998.4
1420750 2994.6
1420760 2990.7
1420770 2990.7
1420780 2988.1
1420790 2985.3
1420800 2985.3
1420810 2981.9
1420820 2975.9
1420830 2975.9
1420840 2967.6
1420850 2962.3
1420860 2956.4
1420870 2956.4
1420880 2951.3
1420890 2946.7
1420900 2946.7
1420910 2942.6
1420920 2938.9
1420930 2938.9
1420940 2933.3
1420950 2924.8
1420960 2924.8
1420970 2914.7
1420980 2906.5
1420990 2906.5
1421000 2900.0
1421010 2895.5
1421020 2895.5
1421030 2892.6
1421040 2891.0
1421050 2883.8
1421060 2883.8
1421070 2878.7
1421080 2877.3
1421090 2877.3
1421100 2873.3
1421110 2867.1
1421120 2867.1
1421130 2860.4
1421140 2853.6
1421150 2853.6
1421160 2849.2
1421170 2845.1
1421180 2845.1
1421190 2840.5
1421200 2836.2
1421210 2836.2
1421220 2832.3
1421230 2829.9
1421240 2829.9
1421250 2825.5
1421260 2819.7
1421270 2815.5
1421280 2815.5
1421290 2811.4
1421300 2808.3
1421310 2808.3
1421320 2805.9
1421330 2806.5
1421340 2806.5
1421350 2806.6
1421360 2801.6
1421370 2801.6
1421380 2795.5
1421390 2787.4
1421400 2787.4
1421410 2784.1
1421420 2783.1
1421430 2783.1
1421440 2782.3
1421450 2780.0
1421460 2776.1
1421470 2776.1
1421480 2774.7
1421490 2772.7
1421500 2772.7
1421510 2766.4
1421520 2767.2
1421530 2767.2
1421540 2767.0
1421550 2766.3
1421560 2766.3
1421570 2765.3
1421580 2763.5
1421590 2763.5
1421600 2762.7
1421610 2762.3
1421620 2762.3
1421630 2759.8
1421640 2755.5
1421650 2750.3
1421660 2750.3
1421670 2745.6
1421680 2742.9
1421690 2742.9
1421700 2741.0
1421710 2737.6
1421720 2737.6
1421730 2733.7
1421740 2731.2
1421750 2731.2
1421760 2729.2
1421770 2727.5
1421780 2727.5
1421790 2725.7
1421800 2722.1
1421810 2722.1
1421820 2719.2
1421830 2716.1
1421840 2711.0
1421850 2711.0
1421860 2706.5
1421870 2703.0
1421880 2703.0
1421890 2698.7
1421900 2695.0
1421910 2695.0
1421920 2691.6
1421930 2688.2
1421940 2688.2
1421950 2682.1
1421960 2675.7
1421970 2675.7
1421980 2669.6
1421990 2662.5
1422000 2662.5
1422010 2656.6
1422020 2651.7
1422030 2646.8
1422040 2646.8
1422050 2642.4
1422060 2638.3
1422070 2638.3
1422080 2630.9
1422090 2621.3
1422100 2621.3
1422110 2613.3
1422120 2606.3
1422130 2606.3
1422140 2595.3
1422150 2583.6
1422160 2583.6
1422170 2574.3
1422180 2560.6
1422190 2560.6
1422200 2546.3
1422210 2534.8
1422220 2534.8
1422230 2523.2
1422240 2514.4
1422250 2507.8
1422260 2507.8
1422270 2501.6
1422280 2495.3
1422290 2495.3
1422300 2488.9
1422310 2482.8
1422320 2482.8
1422330 2476.9
1422340 2473.5
1422350 2473.5
1422360 2473.2
1422370 2473.2
1422380 2473.2
1422390 2474.1
1422400 2474.9
1422410 2474.9
1422420 2475.1
1422430 2475.2
1422440 2475.5
1422450 2475.5
1422460 2475.3
1422470 2476.5
1422480 2476.5
1422490 2476.2
1422500 2474.8
1422510 2474.8
1422520 2473.9
1422530 2473.3
1422540 2473.3
1422550 2473.3
1422560 2473.3
1422570 2473.3
1422580 2473.2
1422590 2473.2
1422600 2473.2
1422610 2473.2
1422620 2473.8
1422630 2474.5
1422640 2474.5
1422650 2474.7
1422660 2474.8
1422670 2474.8
1422680 2474.9
1422690 2475.6
1422700 2475.6
1422710 2476.3
1422720 2477.2
1422730 2477.2
1422740 2477.9
1422750 2477.9
1422760 2477.9
1422770 2478.1
1422780 2477.3
1422790 2477.3
1422800 2475.9
1422810 2477.5
1422820 2478.5
1422830 2478.5
1422840 2480.9
1422850 2483.6
1422860 2483.6
1422870 2486.7
1422880 2489.5
1422890 2489.5
1422900 2490.0
1422910 2489.1
1422920 2489.1
1422930 2490.1
1422940 2491.4
1422950 2491.4
1422960 2492.3
1422970 2493.6
1422980 2493.6
1422990 2495.5
1423000 2497.1
1423010 2497.1
1423020 2497.8
1423030 2499.5
1423040 2500.0
1423050 2500.0
1423060 2498.2
1423070 2502.3
1423080 2502.3
1423090 2507.4
1423100 2513.4
1423110 2513.4
1423120 2518.4
1423130 2521.8
1423140 2521.8
1423150 2526.2
1423160 2530.3
1423170 2530.3
1423180 2537.6
1423190 2539.4
1423200 2539.4
1423210 2538.8
1423220 2541.1
1423230 2544.2
1423240 2544.2
1423250 2545.6
1423260 2546.3
1423270 2546.3
1423280 2546.6
1423290 2547.5
1423300 2547.5
1423310 2547.8
1423320 2546.8
1423330 2546.8
1423340 2546.4
1423350 2545.7
1423360 2545.7
1423370 2544.6
1423380 2540.8
1423390 2540.8
1423400 2535.9
1423410 2535.9
1423420 2540.5
1423430 2540.5
1423440 2545.3
1423450 2550.0
1423460 2550.0
1423470 2554.0
1423480 2557.4
1423490 2557.4
1423500 2561.6
1423510 2566.1
1423520 2566.1
1423530 2570.6
1423540 2574.5
1423550 2574.5
1423560 2580.6
1423570 2586.3
1423580 2586.3
1423590 2591.5
1423600 2595.8
1423610 2600.3
1423620 2600.3
1423630 2606.3
1423640 2612.5
1423650 2612.5
1423660 2617.9
1423670 2624.0
1423680 2624.0
1423690 2630.5
1423700 2637.0
1423710 2637.0
1423720 2643.4
1423730 2649.1
1423740 2649.1
1423750 2654.0
1423760 2657.6
1423770 2657.6
1423780 2660.5
1423790 2663.8
1423800 2663.8
1423810 2668.1
1423820 2673.1
1423830 2676.8
1423840 2676.8
1423850 2680.9
1423860 2686.1
1423870 2686.1
1423880 2690.4
1423890 2694.3
1423900 2694.3
1423910 2697.7
1423920 2700.5
1423930 2700.5
1423940 2703.9
1423950 2705.6
1423960 2705.6
1423970 2706.7
1423980 2708.9
1423990 2708.9
1424000 2710.7
1424010 2712.6
1424020 2715.4
1424030 2715.4
1424040 2719.2
1424050 2723.6
1424060 2723.6
1424070 2726.7
1424080 2732.2
1424090 2732.2
1424100 2738.9
1424110 2742.6
1424120 2742.6
1424130 2747.1
1424140 2751.4
1424150 2751.4
1424160 2757.3
1424170 2766.7
1424180 2766.7
1424190 2773.3
1424200 2777.3
1424210 2779.0
1424220 2779.0
1424230 2778.5
1424240 2780.9
1424250 2780.9
1424260 2785.2
1424270 2788.8
1424280 2788.8
1424290 2792.7
1424300 2796.2
1424310 2796.2
1424320 2800.2
1424330 2805.2
1424340 2805.2
1424350 2810.0
1424360 2814.2
1424370 2814.2
1424380 2817.9
1424390 2823.0
1424400 2839.6
1424410 2839.6
1424420 2859.6
1424430 2877.0
1424440 2877.0
1424450 2884.8
1424460 2880.3
1424470 2880.3
1424480 2880.3
1424490 2883.0
1424500 2883.0
1424510 2889.5
1424520 2901.0
1424530 2901.0
1424540 2910.5
1424550 2912.7
1424560 2912.7
1424570 2914.4
1424580 2914.6
1424590 2915.0
1424600 2915.0
1424610 2914.4
1424620 2914.8
1424630 2914.8
1424640 2916.6
1424650 2910.6
1424660 2910.6
1424670 2905.4
1424680 2902.4
1424690 2902.4
1424700 2899.6
1424710 2906.6
1424720 2906.6
1424730 2901.0
1424740 2893.1
1424750 2893.1
1424760 2891.2
1424770 2890.4
1424780 2890.4
1424790 2889.9
1424800 2885.5
1424810 2877.6
1424820 2877.6
1424830 2868.0
1424840 2859.6
1424850 2859.6
1424860 2849.5
1424870 2849.4
1424880 2849.4
1424890 2856.7
1424900 2866.2
1424910 2866.2
1424920 2867.9
1424930 2864.8
1424940 2864.8
1424950 2860.7
1424960 2858.9
1424970 2858.9
1424980 2857.5
1424990 2859.9
1425000 2866.4
1425010 2866.4
1425020 2874.0
1425030 2875.9
1425040 2875.9
1425050 2877.0
1425060 2882.8
1425070 2882.8
1425080 2890.6
1425090 2902.4
1425100 2902.4
1425110 2914.2
1425120 2912.6
1425130 2912.6
1425140 2904.4
1425150 2897.1
1425160 2897.1
1425170 2890.9
1425180 2884.5
1425190 2878.4
1425200 2878.4
1425210 2871.9
1425220 2863.6
1425230 2863.6
1425240 2854.3
1425250 2845.9
1425260 2845.9
1425270 2838.8
1425280 2838.2
1425290 2838.2
1425300 2842.6
1425310 2846.5
1425320 2846.5
1425330 2845.6
1425340 2837.9
1425350 2837.9
1425360 2826.2
1425370 2816.3
1425380 2806.6
1425390 2806.6
1425400 2796.2
1425410 2788.6
1425420 2788.6
1425430 2784.0
1425440 2780.4
1425450 2780.4
1425460 2775.7
1425470 2768.5
1425480 2768.5
1425490 2763.7
1425500 2761.8
1425510 2761.8
1425520 2759.1
1425530 2760.9
1425540 2760.9
1425550 2765.5
1425560 2777.5
1425570 2777.5
1425580 2785.6
1425590 2788.7
1425600 2791.9
1425610 2791.9
1425620 2794.1
1425630 2799.9
1425640 2799.9
1425650 2803.3
1425660 2807.8
1425670 2807.8
1425680 2813.5
1425690 2809.6
1425700 2809.6
1425710 2799.9
1425720 2790.3
1425730 2790.3
1425740 2781.6
1425750 2775.0
1425760 2775.0
1425770 2766.2
1425780 2756.3
1425790 2745.5
1425800 2745.5
1425810 2734.7
1425820 2723.7
1425830 2723.7
1425840 2714.3
1425850 2704.5
1425860 2704.5
1425870 2694.3
1425880 2686.0
1425890 2686.0
1425900 2679.7
1425910 2686.1
1425920 2686.1
1425930 2697.4
1425940 2710.2
1425950 2710.2
1425960 2724.7
1425970 2734.6
1425980 2750.4
1425990 2750.4
1426000 2761.2
1426010 2761.7
1426020 2761.7
1426030 2758.8
1426040 2752.1
1426050 2752.1
1426060 2749.1
1426070 2750.5
1426080 2750.5
1426090 2743.1
1426100 2735.1
1426110 2735.1
1426120 2729.3
1426130 2722.9
1426140 2722.9
1426150 2709.9
1426160 2707.2
1426170 2716.2
1426180 2716.2
1426190 2730.3
1426200 2746.3
1426210 2746.3
1426220 2761.1
1426230 2776.1
1426240 2776.1
1426250 2790.0
1426260 2804.5
1426270 2804.5
1426280 2817.3
1426290 2821.6
1426300 2821.6
1426310 2831.0
1426320 2843.5
1426330 2843.5
1426340 2842.2
1426350 2839.5
1426360 2860.5
1426370 2860.5
1426380 2877.9
1426390 2890.5
1426400 2890.5
1426410 2900.3
1426420 2897.9
1426430 2897.9
1426440 2895.5
1426450 2902.1
1426460 2902.1
1426470 2910.8
1426480 2919.7
1426490 2919.7
1426500 2928.9
1426510 2939.8
1426520 2939.8
1426530 2951.0
1426540 2958.9
1426550 2958.9
1426560 2967.5
1426570 2980.5
1426580 2991.4
1426590 2991.4
1426600 2999.8
1426610 3009.0
1426620 3009.0
1426630 3006.3
1426640 2996.1
1426650 2996.1
1426660 2987.0
1426670 2986.2
1426680 2986.2
1426690 2992.7
1426700 3002.0
1426710 3002.0
1426720 3016.7
1426730 3033.2
1426740 3033.2
1426750 3037.7
1426760 3031.3
1426770 3029.9
1426780 3029.9
1426790 3015.9
1426800 3002.5
1426810 3002.5
1426820 2995.1
1426830 2987.0
1426840 2987.0
1426850 2979.7
1426860 2961.1
1426870 2961.1
1426880 2948.0
1426890 2926.9
1426900 2926.9
1426910 2906.2
1426920 2921.6
1426930 2921.6
1426940 2926.1
1426950 2920.2
1426960 2916.8
1426970 2916.8
1426980 2914.2
1426990 2905.9
1427000 2905.9
1427010 2896.2
1427020 2887.3
1427030 2887.3
1427040 2894.4
1427050 2908.4
1427060 2908.4
1427070 2904.0
1427080 2898.4
1427090 2898.4
1427100 2897.3
1427110 2894.8
1427120 2894.8
1427130 2892.6
1427140 2884.6
1427150 2876.8
1427160 2876.8
1427170 2889.0
1427180 2898.7
1427190 2898.7
1427200 2906.4
1427210 2900.6
1427220 2900.6
1427230 2894.8
1427240 2894.9
1427250 2894.9
1427260 2893.4
1427270 2891.8
1427280 2891.8
1427290 2876.4
1427300 2854.9
1427310 2854.9
1427320 2845.5
1427330 2839.0
1427340 2839.0
1427350 2826.3
1427360 2817.8
1427370 2811.0
1427380 2811.0
1427390 2801.4
1427400 2793.0
1427410 2793.0
1427420 2775.6
1427430 2763.2
1427440 2763.2
1427450 2755.8
1427460 2749.0
1427470 2749.0
1427480 2740.4
1427490 2730.3
1427500 2730.3
1427510 2721.9
1427520 2714.7
1427530 2714.7
1427540 2707.7
1427550 2700.9
1427560 2694.4
1427570 2694.4
1427580 2688.7
1427590 2683.0
1427600 2683.0
1427610 2676.3
1427620 2670.5
1427630 2670.5
1427640 2667.0
1427650 2665.7
1427660 2665.7
1427670 2664.6
1427680 2664.5
1427690 2664.5
1427700 2665.4
1427710 2663.4
1427720 2663.4
1427730 2659.7
1427740 2659.2
1427750 2658.5
1427760 2658.5
1427770 2657.9
1427780 2658.1
1427790 2658.1
1427800 2657.3
1427810 2654.4
1427820 2654.4
1427830 2655.1
1427840 2657.7
1427850 2657.7
1427860 2655.7
1427870 2653.9
1427880 2653.9
1427890 2649.7
1427900 2641.0
1427910 2641.0
1427920 2630.7
1427930 2624.8
1427940 2623.4
1427950 2623.4
1427960 2622.7
1427970 2620.7
1427980 2620.7
1427990 2618.9
1428000 2619.1
1428010 2619.1
1428020 2621.8
1428030 2624.2
1428040 2624.2
1428050 2627.3
1428060 2631.1
1428070 2631.1
1428080 2634.9
1428090 2641.6
1428100 2641.6
1428110 2646.8
1428120 2654.0
1428130 2661.6
1428140 2661.6
1428150 2666.5
1428160 2669.4
1428170 2669.4
1428180 2672.4
1428190 2674.6
1428200 2674.6
1428210 2676.4
1428220 2679.6
1428230 2679.6
1428240 2685.2
1428250 2691.0
1428260 2691.0
1428270 2697.2
1428280 2703.8
1428290 2703.8
1428300 2711.7
1428310 2725.2
1428320 2725.2
1428330 2732.1
1428340 2739.2
1428350 2751.3
1428360 2751.3
1428370 2761.0
1428380 2770.1
1428390 2770.1
1428400 2782.8
1428410 2796.0
1428420 2796.0
1428430 2805.6
1428440 2814.2
1428450 2814.2
1428460 2814.1
1428470 2818.9
1428480 2818.9
1428490 2829.9
1428500 2840.6
1428510 2840.6
1428520 2851.2
1428530 2863.5
1428540 2877.2
1428550 2877.2
1428560 2886.3
1428570 2895.9
1428580 2895.9
1428590 2898.3
1428600 2893.6
1428610 2893.6
1428620 2887.0
1428630 2879.0
1428640 2879.0
1428650 2872.2
1428660 2867.1
1428670 2867.1
1428680 2864.2
1428690 2863.6
1428700 2863.6
1428710 2864.4
1428720 2865.2
1428730 2865.8
1428740 2865.8
1428750 2862.5
1428760 2863.0
1428770 2863.0
1428780 2866.6
1428790 2868.9
1428800 2868.9
1428810 2866.5
1428820 2857.8
1428830 2857.8
1428840 2849.2
1428850 2835.7
1428860 2835.7
1428870 2829.2
1428880 2833.4
1428890 2833.4
1428900 2831.5
1428910 2816.1
1428920 2805.9
1428930 2805.9
1428940 2794.0
1428950 2779.9
1428960 2779.9
1428970 2766.1
1428980 2755.2
1428990 2755.2
1429000 2743.2
1429010 2728.2
1429020 2728.2
1429030 2718.5
1429040 2710.1
1429050 2710.1
1429060 2696.0
1429070 2684.4
1429080 2684.4
1429090 2684.3
1429100 2712.9
1429110 2728.9
1429120 2735.1
1429130 2724.9
1429140 2715.0
1429150 2715.0
1429160 2704.2
1429170 2688.6
1429180 2688.6
1429190 2675.1
1429200 2661.1
1429210 2661.1
1429220 2648.4
1429230 2638.5
1429240 2638.5
1429250 2636.7
1429260 2635.6
1429270 2635.6
1429280 2637.0
1429290 2639.9
1429300 2639.9
1429310 2641.8
1429320 2646.9
1429330 2653.6
1429340 2653.6
1429350 2654.4
1429360 2645.7
1429370 2645.7
1429380 2638.6
1429390 2630.0
1429400 2630.0
1429410 2620.7
1429420 2608.7
1429430 2608.7
1429440 2592.2
1429450 2577.0
1429460 2577.0
1429470 2561.8
1429480 2554.0
1429490 2554.0
1429500 2543.4
1429510 2529.1
1429520 2521.1
1429530 2521.1
1429540 2514.1
1429550 2511.7
1429560 2511.7
1429570 2512.1
1429580 2513.1
1429590 2513.1
1429600 2500.1
1429610 2488.2
1429620 2488.2
1429630 2477.1
1429640 2469.6
1429650 2469.6
1429660 2463.2
1429670 2458.7
1429680 2458.7
1429690 2456.1
1429700 2456.2
1429710 2456.5
1429720 2456.5
1429730 2459.7
1429740 2463.2
1429750 2463.2
1429760 2462.6
1429770 2457.2
1429780 2457.2
1429790 2449.8
1429800 2442.7
1429810 2442.7
1429820 2436.4
1429830 2431.4
1429840 2431.4
1429850 2427.1
1429860 2425.3
1429870 2425.3
1429880 2425.5
1429890 2426.0
1429900 2426.0
1429910 2426.6
1429920 2425.4
1429930 2434.3
1429940 2434.3
1429950 2435.2
1429960 2423.2
1429970 2423.2
1429980 2414.7
1429990 2407.4
1430000 2407.4
1430010 2396.0
1430020 2387.0
1430030 2387.0
1430040 2381.6
1430050 2375.8
1430060 2375.8
1430070 2372.2
1430080 2371.4
1430090 2371.4
1430100 2369.0
1430110 2365.6
1430120 2362.0
1430130 2362.0
1430140 2359.0
1430150 2357.3
1430160 2357.3
1430170 2355.8
1430180 2354.2
1430190 2354.2
1430200 2355.7
1430210 2355.3
1430220 2355.3
1430230 2360.4
1430240 2361.4
1430250 2361.4
1430260 2366.6
1430270 2376.1
1430280 2376.1
1430290 2384.8
1430300 2389.8
1430310 2401.6
1430320 2401.6
1430330 2411.3
1430340 2418.0
1430350 2418.0
1430360 2424.9
1430370 2418.9
1430380 2418.9
1430390 2404.5
1430400 2393.6
1430410 2393.6
1430420 2385.4
1430430 2372.3
1430440 2372.3
1430450 2350.8
1430460 2340.0
1430470 2340.0
1430480 2331.6
1430490 2323.3
1430500 2315.4
1430510 2315.4
1430520 2307.3
1430530 2299.6
1430540 2299.6
1430550 2292.1
1430560 2285.1
1430570 2285.1
1430580 2277.4
1430590 2270.0
1430600 2270.0
1430610 2262.4
1430620 2254.3
1430630 2254.3
1430640 2247.2
1430650 2243.0
1430660 2243.0
1430670 2239.7
1430680 2235.4
1430690 2233.4
1430700 2233.4
1430710 2231.2
1430720 2228.8
1430730 2228.8
1430740 2227.8
1430750 2226.7
1430760 2226.7
1430770 2227.1
1430780 2226.9
1430790 2226.9
1430800 2226.9
1430810 2226.6
1430820 2226.6
1430830 2227.5
1430840 2228.2
1430850 2228.2
1430860 2227.5
1430870 2226.9
1430880 2226.9
1430890 2226.6
1430900 2224.8
1430910 2221.5
1430920 2221.5
1430930 2218.5
1430940 2214.7
1430950 2214.7
1430960 2210.2
1430970 2204.5
1430980 2204.5
1430990 2199.7
1431000 2196.4
1431010 2196.4
1431020 2192.3
1431030 2186.9
1431040 2186.9
1431050 2180.9
1431060 2174.8
1431070 2174.8
1431080 2168.2
1431090 2162.5
1431100 2157.7
1431110 2157.7
1431120 2153.8
1431130 2149.7
1431140 2149.7
1431150 2147.6
1431160 2147.3
1431170 2147.3
1431180 2146.3
1431190 2143.6
1431200 2143.6
1431210 2143.4
1431220 2145.6
1431230 2145.6
1431240 2145.1
1431250 2143.4
1431260 2143.4
1431270 2147.2
1431280 2159.0
1431290 2163.2
1431300 2163.2
1431310 2152.1
1431320 2147.5
1431330 2147.5
1431340 2145.2
1431350 2145.4
1431360 2145.4
1431370 2145.0
1431380 2143.1
1431390 2143.1
1431400 2141.1
1431410 2140.8
1431420 2140.8
1431430 2140.7
1431440 2140.3
1431450 2140.3
1431460 2138.1
1431470 2136.0
1431480 2135.0
1431490 2135.0
1431500 2135.9
1431510 2135.3
1431520 2135.3
1431530 2129.2
1431540 2124.1
1431550 2124.1
1431560 2121.1
1431570 2118.0
1431580 2118.0
1431590 2115.9
1431600 2114.0
1431610 2114.0
1431620 2112.3
1431630 2111.3
1431640 2111.3
1431650 2111.6
1431660 2112.5
1431670 2112.5
1431680 2112.1
1431690 2111.3
1431700 2110.6
1431710 2110.6
1431720 2109.6
1431730 2107.9
1431740 2107.9
1431750 2105.2
1431760 2102.3
1431770 2102.3
1431780 2101.4
1431790 2102.3
1431800 2102.3
1431810 2102.3
1431820 2101.2
1431830 2101.2
1431840 2099.6
1431850 2098.9
1431860 2098.9
1431870 2100.3
1431880 2101.1
1431890 2105.7
1431900 2105.7
1431910 2112.0
1431920 2124.5
1431930 2124.5
1431940 2135.5
1431950 2132.2
1431960 2132.2
1431970 2123.4
1431980 2115.6
1431990 2115.6
1432000 2106.2
1432010 2094.9
1432020 2094.9
1432030 2086.8
1432040 2094.0
1432050 2094.0
1432060 2107.4
1432070 2126.5
1432080 2144.5
1432090 2144.5
1432100 2145.9
1432110 2143.8
1432120 2143.8
1432130 2140.5
1432140 2135.0
1432150 2135.0
1432160 2130.6
1432170 2126.6
1432180 2126.6
1432190 2120.4
1432200 2111.7
1432210 2111.7
1432220 2104.0
1432230 2097.5
1432240 2097.5
1432250 2091.9
1432260 2087.1
1432270 2083.3
1432280 2083.3
1432290 2079.7
1432300 2076.2
1432310 2076.2
1432320 2072.3
1432330 2068.4
1432340 2068.4
1432350 2059.5
1432360 2053.6
1432370 2053.6
1432380 2048.0
1432390 2040.8
1432400 2040.8
1432410 2034.4
1432420 2030.7
1432430 2030.7
1432440 2026.4
1432450 2020.3
1432460 2013.9
1432470 2013.9
1432480 2011.7
1432490 2013.8
1432500 2013.8
1432510 2013.9
1432520 2011.6
1432530 2011.6
1432540 2003.9
1432550 1994.5
1432560 1994.5
1432570 1996.0
1432580 2006.9
1432590 2006.9
1432600 2013.5
1432610 2012.3
1432620 2012.3
1432630 2009.1
1432640 2005.1
1432650 2005.1
1432660 2000.5
1432670 1994.8
1432680 1991.4
1432690 1991.4
1432700 1990.4
1432710 1990.0
1432720 1990.0
1432730 1992.3
1432740 1996.0
1432750 1996.0
1432760 1997.6
1432770 1994.7
1432780 1994.7
1432790 1989.9
1432800 1986.0
1432810 1986.0
1432820 1985.6
1432830 1986.1
1432840 1986.1
1432850 1985.0
1432860 1982.6
1432870 1980.3
1432880 1980.3
1432890 1976.9
1432900 1971.1
1432910 1971.1
1432920 1964.3
1432930 1956.9
1432940 1956.9
1432950 1951.3
1432960 1947.4
1432970 1947.4
1432980 1944.7
1432990 1941.2
1433000 1941.2
1433010 1936.3
1433020 1932.3
1433030 1932.3
1433040 1928.3
1433050 1924.3
1433060 1917.7
1433070 1917.7
1433080 1912.2
1433090 1908.7
1433100 1908.7
1433110 1906.2
1433120 1901.6
1433130 1901.6
1433140 1896.2
1433150 1892.8
1433160 1892.8
1433170 1889.5
1433180 1886.1
1433190 1886.1
1433200 1882.6
1433210 1879.8
1433220 1879.8
1433230 1873.6
1433240 1866.9
1433250 1861.8
1433260 1861.8
1433270 1860.6
1433280 1860.3
1433290 1860.3
1433300 1856.8
1433310 1852.5
1433320 1852.5
1433330 1847.6
1433340 1839.9
1433350 1839.9
1433360 1831.9
1433370 1825.0
1433380 1825.0
1433390 1817.6
1433400 1809.3
1433410 1809.3
1433420 1805.6
1433430 1802.8
1433440 1797.8
1433450 1797.8
1433460 1792.5
1433470 1785.6
1433480 1785.6
1433490 1779.9
1433500 1773.3
1433510 1773.3
1433520 1767.7
1433530 1763.0
1433540 1763.0
1433550 1756.6
1433560 1749.0
1433570 1749.0
1433580 1740.0
1433590 1733.6
1433600 1733.6
1433610 1727.9
1433620 1723.1
1433630 1723.1
1433640 1717.9
1433650 1712.3
1433660 1706.3
1433670 1706.3
1433680 1701.8
1433690 1697.5
1433700 1697.5
1433710 1693.3
1433720 1689.9
1433730 1689.9
1433740 1685.3
1433750 1679.8
1433760 1679.8
1433770 1674.5
1433780 1669.2
1433790 1669.2
1433800 1664.1
1433810 1659.9
1433820 1659.9
1433830 1654.8
1433840 1649.8
1433850 1645.1
1433860 1645.1
1433870 1640.8
1433880 1639.5
1433890 1639.5
1433900 1633.9
1433910 1627.9
1433920 1627.9
1433930 1621.1
1433940 1614.4
1433950 1614.4
1433960 1608.7
1433970 1606.3
1433980 1606.3
1433990 1602.1
1434000 1595.5
1434010 1595.5
1434020 1589.0
1434030 1583.5
1434040 1578.2
1434050 1578.2
1434060 1572.2
1434070 1566.5
1434080 1566.5
1434090 1561.8
1434100 1558.4
1434110 1558.4
1434120 1556.0
1434130 1553.0
1434140 1553.0
1434150 1549.0
1434160 1543.9
1434170 1543.9
1434180 1538.2
1434190 1532.3
1434200 1532.3
1434210 1526.6
1434220 1521.6
1434230 1515.9
1434240 1515.9
1434250 1509.3
1434260 1501.4
1434270 1501.4
1434280 1493.0
1434290 1485.2
1434300 1485.2
1434310 1479.3
1434320 1472.8
1434330 1472.8
1434340 1466.4
1434350 1460.8
1434360 1460.8
1434370 1455.2
1434380 1452.6
1434390 1452.6
1434400 1449.7
1434410 1444.8
1434420 1444.8
1434430 1438.8
1434440 1432.2
1434450 1426.4
1434460 1426.4
1434470 1420.2
1434480 1415.5
1434490 1415.5
1434500 1411.7
1434510 1408.4
1434520 1408.4
1434530 1406.2
1434540 1402.4
1434550 1402.4
1434560 1396.4
1434570 1390.4
1434580 1390.4
1434590 1387.1
1434600 1384.4
1434610 1384.4
1434620 1380.7
1434630 1374.6
1434640 1369.8
1434650 1369.8
1434660 1364.0
1434670 1359.3
1434680 1359.3
1434690 1354.2
1434700 1350.7
1434710 1350.7
1434720 1348.2
1434730 1343.3
1434740 1343.3
1434750 1336.4
1434760 1330.8
1434770 1330.8
1434780 1325.0
1434790 1318.9
1434800 1318.9
1434810 1313.8
1434820 1309.9
1434830 1304.3
1434840 1304.3
1434850 1299.5
1434860 1292.2
1434870 1292.2
1434880 1285.8
1434890 1279.7
1434900 1279.7
1434910 1271.9
1434920 1262.9
1434930 1262.9
1434940 1253.4
1434950 1243.9
1434960 1243.9
1434970 1237.5
1434980 1228.8
1434990 1228.8
1435000 1221.4
1435010 1214.4
1435020 1206.3
1435030 1206.3
1435040 1195.8
1435050 1186.4
1435060 1186.4
1435070 1178.7
1435080 1172.0
1435090 1172.0
1435100 1163.9
1435110 1153.7
1435120 1153.7
1435130 1143.4
1435140 1135.3
1435150 1135.3
1435160 1128.7
1435170 1122.3
1435180 1122.3
1435190 1115.9
1435200 1109.5
1435210 1103.0
1435220 1103.0
1435230 1095.5
1435240 1086.2
1435250 1086.2
1435260 1081.5
1435270 1077.8
1435280 1077.8
1435290 1070.9
1435300 1063.1
1435310 1063.1
1435320 1055.2
1435330 1048.9
1435340 1048.9
1435350 1042.7
1435360 1036.1
1435370 1036.1
1435380 1029.2
1435390 1022.3
1435400 1022.3
1435410 1016.2
1435420 1013.5
1435430 1008.3
1435440 1008.3
1435450 1002.2
1435460 997.5
1435470 997.5
1435480 992.9
1435490 988.5
1435500 988.5
1435510 982.2
1435520 978.0
1435530 978.0
1435540 976.0
1435550 974.0
1435560 974.0
1435570 974.0
1435580 973.3
1435590 973.3
1435600 972.3
1435610 973.3
1435620 974.1
1435630 974.1
1435640 973.9
1435650 973.9
1435660 973.9
1435670 973.8
1435680 973.7
1435690 973.7
1435700 973.4
1435710 972.9
1435720 972.9
1435730 972.6
1435740 972.5
1435750 972.5
1435760 972.4
1435770 972.4
1435780 972.4
1435790 972.3
1435800 972.2
1435810 972.1
1435820 972.1
1435830 972.2
1435840 971.9
1435850 971.9
1435860 971.6
1435870 971.5
1435880 971.5
1435890 971.4
1435900 971.4
1435910 971.4
1435920 971.6
1435930 972.4
1435940 972.4
1435950 972.3
1435960 971.3
1435970 971.3
1435980 971.4
1435990 971.6
1436000 971.8
1436010 971.8
1436020 972.0
1436030 972.2
1436040 972.2
1436050 972.6
1436060 972.9
1436070 972.9
1436080 973.3
1436090 973.8
1436100 973.8
1436110 974.4
1436120 975.3
1436130 975.3
1436140 977.4
1436150 981.2
1436160 981.2
1436170 983.6
1436180 984.7
1436190 985.8
1436200 985.8
1436210 986.8
1436220 987.7
1436230 987.7
1436240 988.8
1436250 989.8
1436260 989.8
1436270 990.9
1436280 992.3
1436290 992.3
1436300 993.8
1436310 995.1
1436320 995.1
1436330 996.0
1436340 997.6
1436350 997.6
1436360 999.1
1436370 1000.7
1436380 1000.7
1436390 1002.4
1436400 1004.0
1436410 1005.7
1436420 1005.7
1436430 1007.1
1436440 1007.9
1436450 1007.9
1436460 1009.7
1436470 1012.4
1436480 1012.4
1436490 1014.9
1436500 1018.1
1436510 1018.1
1436520 1020.7
1436530 1023.0
1436540 1023.0
1436550 1025.1
1436560 1027.2
1436570 1027.2
1436580 1029.6
1436590 1032.5
1436600 1034.7
1436610 1034.7
1436620 1036.7
1436630 1040.4
1436640 1040.4
1436650 1043.9
1436660 1048.4
1436670 1048.4
1436680 1053.2
1436690 1058.3
1436700 1058.3
1436710 1063.6
1436720 1068.6
1436730 1068.6
1436740 1073.8
1436750 1079.0
1436760 1079.0
1436770 1084.8
1436780 1091.1
1436790 1097.8
1436800 1097.8
1436810 1103.7
1436820 1107.5
1436830 1107.5
1436840 1111.3
1436850 1115.8
1436860 1115.8
1436870 1120.3
1436880 1124.5
1436890 1124.5
1436900 1128.9
1436910 1134.6
1436920 1134.6
1436930 1141.2
1436940 1148.7
1436950 1148.7
1436960 1156.9
1436970 1165.5
1436980 1174.7
1436990 1174.7
1437000 1183.5
1437010 1191.3
1437020 1191.3
1437030 1198.1
1437040 1204.4
1437050 1204.4
1437060 1211.3
1437070 1218.0
1437080 1218.0
1437090 1223.6
1437100 1228.9
1437110 1228.9
1437120 1233.2
1437130 1236.4
1437140 1236.4
1437150 1240.5
1437160 1246.4
1437170 1246.4
1437180 1251.9
1437190 1258.2
1437200 1261.9
1437210 1261.9
1437220 1267.2
1437230 1273.3
1437240 1273.3
1437250 1280.2
1437260 1287.4
1437270 1287.4
1437280 1292.1
1437290 1294.8
1437300 1294.8
1437310 1299.2
1437320 1303.1
1437330 1303.1
1437340 1308.1
1437350 1313.2
1437360 1313.2
1437370 1318.5
1437380 1323.9
1437390 1330.6
1437400 1330.6
1437410 1337.0
1437420 1344.3
1437430 1344.3
1437440 1351.5
1437450 1359.2
1437460 1359.2
1437470 1367.1
1437480 1375.0
1437490 1375.0
1437500 1380.5
1437510 1382.8
1437520 1382.8
1437530 1386.2
1437540 1390.0
1437550 1390.0
1437560 1393.6
1437570 1397.2
1437580 1401.0
1437590 1401.0
1437600 1404.0
1437610 1405.6
1437620 1405.6
1437630 1407.9
1437640 1414.1
1437650 1414.1
1437660 1421.4
1437670 1425.3
1437680 1425.3
1437690 1428.5
1437700 1430.4
1437710 1430.4
1437720 1433.3
1437730 1435.6
1437740 1435.6
1437750 1439.3
1437760 1444.0
1437770 1447.7
1437780 1447.7
1437790 1450.5
1437800 1454.4
1437810 1454.4
1437820 1459.0
1437830 1463.8
1437840 1463.8
1437850 1467.7
1437860 1468.9
1437870 1468.9
1437880 1473.3
1437890 1479.1
1437900 1479.1
1437910 1484.4
1437920 1489.8
1437930 1489.8
1437940 1494.7
1437950 1500.8
1437960 1505.6
1437970 1505.6
1437980 1512.9
1437990 1519.3
1438000 1519.3
1438010 1526.8
1438020 1535.7
1438030 1535.7
1438040 1546.0
1438050 1553.6
1438060 1553.6
1438070 1559.5
1438080 1565.2
1438090 1565.2
1438100 1572.9
1438110 1581.8
1438120 1581.8
1438130 1590.3
1438140 1596.7
1438150 1596.7
1438160 1599.2
1438170 1600.3
1438180 1602.3
1438190 1602.3
1438200 1606.6
1438210 1610.6
1438220 1610.6
1438230 1613.6
1438240 1616.7
1438250 1616.7
1438260 1619.9
1438270 1623.1
1438280 1623.1
1438290 1626.8
1438300 1631.5
1438310 1631.5
1438320 1636.6
1438330 1642.1
1438340 1642.1
1438350 1647.7
1438360 1652.6
1438370 1656.1
1438380 1656.1
1438390 1658.2
1438400 1662.4
1438410 1662.4
1438420 1666.5
1438430 1671.4
1438440 1671.4
1438450 1675.8
1438460 1680.5
1438470 1680.5
1438480 1685.4
1438490 1690.7
1438500 1690.7
1438510 1696.3
1438520 1702.0
1438530 1702.0
1438540 1709.6
1438550 1716.9
1438560 1722.1
1438570 1722.1
1438580 1728.0
1438590 1735.3
1438600 1735.3
1438610 1743.6
1438620 1748.7
1438630 1748.7
1438640 1751.4
1438650 1755.3
1438660 1755.3
1438670 1760.6
1438680 1766.9
1438690 1766.9
1438700 1773.7
1438710 1780.5
1438720 1780.5
1438730 1787.6
1438740 1794.9
1438750 1802.5
1438760 1802.5
1438770 1810.2
1438780 1816.2
1438790 1816.2
1438800 1822.2
1438810 1828.4
1438820 1828.4
1438830 1834.7
1438840 1841.9
1438850 1841.9
1438860 1850.3
1438870 1859.6
1438880 1859.6
1438890 1866.9
1438900 1871.7
1438910 1871.7
1438920 1875.4
1438930 1881.5
1438940 1881.5
1438950 1888.9
1438960 1898.6
1438970 1908.4
1438980 1908.4
1438990 1916.4
1439000 1923.2
1439010 1923.2
1439020 1929.9
1439030 1936.2
1439040 1936.2
1439050 1942.5
1439060 1948.4
1439070 1948.4
1439080 1954.1
1439090 1960.3
1439100 1960.3
1439110 1966.4
1439120 1973.0
1439130 1973.0
1439140 1975.8
1439150 1980.3
1439160 1985.0
1439170 1985.0
1439180 1990.4
1439190 1995.5
1439200 1995.5
1439210 1998.8
1439220 1999.7
1439230 1999.7
1439240 2003.1
1439250 2006.6
1439260 2006.6
1439270 2007.5
1439280 2009.4
1439290 2009.4
1439300 2011.4
1439310 2011.7
1439320 2011.7
1439330 2010.8
1439340 2009.8
1439350 2009.0
1439360 2009.0
1439370 2007.5
1439380 2005.9
1439390 2005.9
1439400 2004.5
1439410 2003.0
1439420 2003.0
1439430 2002.2
1439440 2002.4
1439450 2002.4
1439460 2001.8
1439470 1999.6
1439480 1999.6
1439490 1996.1
1439500 1994.0
1439510 1994.0
1439520 1992.9
1439530 1991.5
1439540 1990.6
1439550 1990.6
1439560 1989.3
1439570 1988.9
1439580 1988.9
1439590 1988.4
1439600 1987.1
1439610 1987.1
1439620 1986.2
1439630 1984.8
1439640 1984.8
1439650 1981.8
1439660 1978.0
1439670 1978.0
1439680 1975.4
1439690 1974.5
1439700 1974.5
1439710 1973.4
1439720 1971.6
1439730 1968.3
1439740 1968.3
1439750 1965.0
1439760 1961.9
1439770 1961.9
1439780 1958.4
1439790 1954.8
1439800 1954.8
1439810 1951.2
1439820 1948.2
1439830 1948.2
1439840 1946.9
1439850 1946.2
1439860 1946.2
1439870 1945.8
1439880 1944.9
1439890 1944.9
1439900 1943.4
1439910 1942.3
1439920 1942.3
1439930 1942.8
1439940 1942.8
1439950 1941.4
1439960 1941.4
1439970 1939.7
1439980 1938.3
1439990 1938.3
