1420000 2596.8
1420010 2596.8
1420020 2596.1
1420030 2594.9
1420040 2593.6
1420050 2593.6
1420060 2592.6
1420070 2590.4
1420080 2590.4
1420090 2586.8
1420100 2581.7
1420110 2581.7
1420120 2578.0
1420130 2576.6
1420140 2576.6
1420150 2576.2
1420160 2576.3
1420170 2576.3
1420180 2577.1
1420190 2577.1
1420200 2577.1
1420210 2577.7
1420220 2579.1
1420230 2579.1
1420240 2580.6
1420250 2582.9
1420260 2585.1
1420270 2585.1
1420280 2586.8
1420290 2587.8
1420300 2587.8
1420310 2589.4
1420320 2591.7
1420330 2591.7
1420340 2595.4
1420350 2599.9
1420360 2599.9
1420370 2604.3
1420380 2608.2
1420390 2608.2
1420400 2611.4
1420410 2613.9
1420420 2613.9
1420430 2616.0
1420440 2617.2
1420450 2617.5
1420460 2617.5
1420470 2617.1
1420480 2615.7
1420490 2615.7
1420500 2613.4
1420510 2613.1
1420520 2613.1
1420530 2615.0
1420540 2617.6
1420550 2617.6
1420560 2620.4
1420570 2622.7
1420580 2622.7
1420590 2624.5
1420600 2628.6
1420610 2628.6
1420620 2630.9
1420630 2633.4
1420640 2638.2
1420650 2638.2
1420660 2642.0
1420670 2648.2
1420680 2648.2
1420690 2656.4
1420700 2665.2
1420710 2665.2
1420720 2673.3
1420730 2679.1
1420740 2679.1
1420750 2683.7
1420760 2694.7
1420770 2694.7
1420780 2703.1
1420790 2710.2
1420800 2710.2
1420810 2717.8
1420820 2723.2
1420830 2728.5
1420840 2728.5
1420850 2732.9
1420860 2739.3
1420870 2739.3
1420880 2742.2
1420890 2744.8
1420900 2744.8
1420910 2748.7
1420920 2747.6
1420930 2747.6
1420940 2743.0
1420950 2749.4
1420960 2749.4
1420970 2762.5
1420980 2777.5
1420990 2777.5
1421000 2788.7
1421010 2799.5
1421020 2799.5
1421030 2809.4
1421040 2807.8
1421050 2800.6
1421060 2800.6
1421070 2789.6
1421080 2779.8
1421090 2779.8
1421100 2773.1
1421110 2764.7
1421120 2764.7
1421130 2758.1
1421140 2756.0
1421150 2756.0
1421160 2749.7
1421170 2743.0
1421180 2743.0
1421190 2739.5
1421200 2735.5
1421210 2735.5
1421220 2733.1
1421230 2733.9
1421240 2734.8
1421250 2734.8
1421260 2733.2
1421270 2731.6
1421280 2731.6
1421290 2732.8
1421300 2734.2
1421310 2734.2
1421320 2735.9
1421330 2736.9
1421340 2743.1
1421350 2744.0
1421360 2744.7
1421370 2744.7
1421380 2744.7
1421390 2744.9
1421400 2744.9
1421410 2745.5
1421420 2747.1
1421430 2750.1
1421440 2750.1
1421450 2754.8
1421460 2762.6
1421470 2762.6
1421480 2783.4
1421490 2795.8
1421500 2795.8
1421510 2808.0
1421520 2819.6
1421530 2819.6
1421540 2830.0
1421550 2839.1
1421560 2839.1
1421570 2849.7
1421580 2858.9
1421590 2858.9
1421600 2865.1
1421610 2871.7
1421620 2871.7
1421630 2877.9
1421640 2886.6
1421650 2894.5
1421660 2894.5
1421670 2894.6
1421680 2900.3
1421690 2900.3
1421700 2911.4
1421710 2919.6
1421720 2919.6
1421730 2928.9
1421740 2935.7
1421750 2935.7
1421760 2941.4
1421770 2947.3
1421780 2947.3
1421790 2953.1
1421800 2958.7
1421810 2958.7
1421820 2964.1
1421830 2969.4
1421840 2974.7
1421850 2974.7
1421860 2980.2
1421870 2986.0
1421880 2986.0
1421890 2992.4
1421900 2998.9
1421910 2998.9
1421920 3005.1
1421930 3011.7
1421940 3011.7
1421950 3018.5
1421960 3024.9
1421970 3024.9
1421980 3028.7
1421990 3032.8
1422000 3032.8
1422010 3037.7
1422020 3042.1
1422030 3046.6
1422040 3046.6
1422050 3051.5
1422060 3056.7
1422070 3056.7
1422080 3062.2
1422090 3068.0
1422100 3068.0
1422110 3075.1
1422120 3086.3
1422130 3086.3
1422140 3097.4
1422150 3108.8
1422160 3108.8
1422170 3117.7
1422180 3127.3
1422190 3127.3
1422200 3137.1
1422210 3146.8
1422220 3146.8
1422230 3156.1
1422240 3167.1
1422250 3175.3
1422260 3175.3
1422270 3177.4
1422280 3181.1
1422290 3181.1
1422300 3186.4
1422310 3191.3
1422320 3191.3
1422330 3183.7
1422340 3173.6
1422350 3173.6
1422360 3158.1
1422370 3141.0
1422380 3141.0
1422390 3128.7
1422400 3116.3
1422410 3116.3
1422420 3104.2
1422430 3093.8
1422440 3082.9
1422450 3082.9
1422460 3072.7
1422470 3062.6
1422480 3062.6
1422490 3048.8
1422500 3035.7
1422510 3035.7
1422520 3026.0
1422530 3016.7
1422540 3016.7
1422550 3005.8
1422560 2996.3
1422570 2996.3
1422580 2987.7
1422590 2980.1
1422600 2980.1
1422610 2971.4
1422620 2964.7
1422630 2957.6
1422640 2957.6
1422650 2948.8
1422660 2941.4
1422670 2941.4
1422680 2933.6
1422690 2928.7
1422700 2928.7
1422710 2925.2
1422720 2922.0
1422730 2922.0
1422740 2912.2
1422750 2899.9
1422760 2899.9
1422770 2884.7
1422780 2881.2
1422790 2881.2
1422800 2879.8
1422810 2872.3
1422820 2864.2
1422830 2864.2
1422840 2859.9
1422850 2861.4
1422860 2861.4
1422870 2848.4
1422880 2832.3
1422890 2832.3
1422900 2808.3
1422910 2786.5
1422920 2786.5
1422930 2773.0
1422940 2768.4
1422950 2768.4
1422960 2766.3
1422970 2765.0
1422980 2765.0
1422990 2763.5
1423000 2764.4
1423010 2764.4
1423020 2781.6
1423030 2800.8
1423040 2813.2
1423050 2813.2
1423060 2817.0
1423070 2822.6
1423080 2822.6
1423090 2830.1
1423100 2833.6
1423110 2833.6
1423120 2818.9
1423130 2803.0
1423140 2803.0
1423150 2790.7
1423160 2777.0
1423170 2777.0
1423180 2761.7
1423190 2747.5
1423200 2747.5
1423210 2734.8
1423220 2718.3
1423230 2694.8
1423240 2694.8
1423250 2673.5
1423260 2650.5
1423270 2650.5
1423280 2640.7
1423290 2627.8
1423300 2627.8
1423310 2605.5
1423320 2595.0
1423330 2595.0
1423340 2587.1
1423350 2579.3
1423360 2579.3
1423370 2571.5
1423380 2564.1
1423390 2564.1
1423400 2556.3
1423410 2549.1
1423420 2542.0
1423430 2542.0
1423440 2534.8
1423450 2528.1
1423460 2528.1
1423470 2521.5
1423480 2515.6
1423490 2515.6
1423500 2509.6
1423510 2503.5
1423520 2503.5
1423530 2497.9
1423540 2492.5
1423550 2492.5
1423560 2486.3
1423570 2479.7
1423580 2479.7
1423590 2473.5
1423600 2466.8
1423610 2466.8
1423620 2460.1
1423630 2453.3
1423640 2447.4
1423650 2447.4
1423660 2442.5
1423670 2438.7
1423680 2438.7
1423690 2435.3
1423700 2430.4
1423710 2430.4
1423720 2424.4
1423730 2419.2
1423740 2419.2
1423750 2413.2
1423760 2407.4
1423770 2407.4
1423780 2402.2
1423790 2397.6
1423800 2397.6
1423810 2394.3
1423820 2392.2
1423830 2389.7
1423840 2389.7
1423850 2385.5
1423860 2380.3
1423870 2380.3
1423880 2374.8
1423890 2369.1
1423900 2369.1
1423910 2364.4
1423920 2362.6
1423930 2362.6
1423940 2360.6
1423950 2357.3
1423960 2357.3
1423970 2353.4
1423980 2348.0
1423990 2348.0
1424000 2342.1
1424010 2336.3
1424020 2328.6
1424030 2328.6
1424040 2315.0
1424050 2305.0
1424060 2305.0
1424070 2295.1
1424080 2284.0
1424090 2284.0
1424100 2277.5
1424110 2279.3
1424120 2279.3
1424130 2279.8
1424140 2279.0
1424150 2279.0
1424160 2278.2
1424170 2276.6
1424180 2276.6
1424190 2279.5
1424200 2283.7
1424210 2284.7
1424220 2284.7
1424230 2283.7
1424240 2283.5
1424250 2283.5
1424260 2282.9
1424270 2282.5
1424280 2282.5
1424290 2279.1
1424300 2276.2
1424310 2276.2
1424320 2273.8
1424330 2271.5
1424340 2271.5
1424350 2269.3
1424360 2267.0
1424370 2267.0
1424380 2264.3
1424390 2261.4
1424400 2261.4
1424410 2258.2
1424420 2255.9
1424430 2254.6
1424440 2254.6
1424450 2251.9
1424460 2246.6
1424470 2246.6
1424480 2241.8
1424490 2236.7
1424500 2236.7
1424510 2229.8
1424520 2223.6
1424530 2223.6
1424540 2218.8
1424550 2214.8
1424560 2214.8
1424570 2208.1
1424580 2199.9
1424590 2199.9
1424600 2194.9
1424610 2189.7
1424620 2184.9
1424630 2184.9
1424640 2179.7
1424650 2174.8
1424660 2174.8
1424670 2169.0
1424680 2163.6
1424690 2163.6
1424700 2158.5
1424710 2153.6
1424720 2153.6
1424730 2147.8
1424740 2141.1
1424750 2141.1
1424760 2136.3
1424770 2128.8
1424780 2128.8
1424790 2120.4
1424800 2112.6
1424810 2105.1
1424820 2105.1
1424830 2097.4
1424840 2089.0
1424850 2089.0
1424860 2079.3
1424870 2071.1
1424880 2071.1
1424890 2063.3
1424900 2056.9
1424910 2056.9
1424920 2057.3
1424930 2052.9
1424940 2052.9
1424950 2045.3
1424960 2036.8
1424970 2036.8
1424980 2029.3
1424990 2022.4
1425000 2022.4
1425010 2015.6
1425020 2008.7
1425030 2002.7
1425040 2002.7
1425050 1997.3
1425060 1992.5
1425070 1992.5
1425080 1988.9
1425090 1986.2
1425100 1986.2
1425110 1984.5
1425120 1982.3
1425130 1982.3
1425140 1979.6
1425150 1976.8
1425160 1976.8
1425170 1973.2
1425180 1968.0
1425190 1968.0
1425200 1963.5
1425210 1960.0
1425220 1955.4
1425230 1955.4
1425240 1950.5
1425250 1945.7
1425260 1945.7
1425270 1941.4
1425280 1938.2
1425290 1938.2
1425300 1937.6
1425310 1937.3
1425320 1937.3
1425330 1937.9
1425340 1936.9
1425350 1936.9
1425360 1935.6
1425370 1934.3
1425380 1934.3
1425390 1932.8
1425400 1931.8
1425410 1930.6
1425420 1930.6
1425430 1929.3
1425440 1927.7
1425450 1927.7
1425460 1925.9
1425470 1924.5
1425480 1924.5
1425490 1922.1
1425500 1921.2
1425510 1921.2
1425520 1920.5
1425530 1920.0
1425540 1920.0
1425550 1919.5
1425560 1919.1
1425570 1919.1
1425580 1918.7
1425590 1918.5
1425600 1918.1
1425610 1918.1
1425620 1917.8
1425630 1917.7
1425640 1917.7
1425650 1917.5
1425660 1917.3
1425670 1917.3
1425680 1917.1
1425690 1916.9
1425700 1916.9
1425710 1916.8
1425720 1916.8
1425730 1916.8
1425740 1916.6
1425750 1917.1
1425760 1917.1
1425770 1918.4
1425780 1920.0
1425790 1920.0
1425800 1920.5
1425810 1921.1
1425820 1922.0
1425830 1922.0
1425840 1922.7
1425850 1923.6
1425860 1923.6
1425870 1923.6
1425880 1923.0
1425890 1923.0
1425900 1925.1
1425910 1929.7
1425920 1929.7
1425930 1934.7
1425940 1938.4
1425950 1938.4
1425960 1938.7
1425970 1936.9
1425980 1936.9
1425990 1935.1
1426000 1922.0
1426010 1912.9
1426020 1912.9
1426030 1909.5
1426040 1911.2
1426050 1911.2
1426060 1912.5
1426070 1912.1
1426080 1912.1
1426090 1914.2
1426100 1913.7
1426110 1913.7
1426120 1913.7
1426130 1914.3
1426140 1914.3
1426150 1915.9
1426160 1917.2
1426170 1917.2
1426180 1918.7
1426190 1921.4
1426200 1925.9
1426210 1925.9
1426220 1930.7
1426230 1935.2
1426240 1935.2
1426250 1939.5
1426260 1943.0
1426270 1943.0
1426280 1946.1
1426290 1948.0
1426300 1948.0
1426310 1948.6
1426320 1952.4
1426330 1952.4
1426340 1956.3
1426350 1957.4
1426360 1957.4
1426370 1958.5
1426380 1959.2
1426390 1959.2
1426400 1958.4
1426410 1956.7
1426420 1956.2
1426430 1956.2
1426440 1958.1
1426450 1960.2
1426460 1960.2
1426470 1967.7
1426480 1992.7
1426490 1992.7
1426500 2019.7
1426510 2028.8
1426520 2028.8
1426530 2037.8
1426540 2047.5
1426550 2047.5
1426560 2059.0
1426570 2068.0
1426580 2068.0
1426590 2079.7
1426600 2091.6
1426610 2099.6
1426620 2099.6
1426630 2107.4
1426640 2116.5
1426650 2116.5
1426660 2118.2
1426670 2106.9
1426680 2106.9
1426690 2095.1
1426700 2086.0
1426710 2086.0
1426720 2083.1
1426730 2092.6
1426740 2092.6
1426750 2100.0
1426760 2105.1
1426770 2105.1
1426780 2122.1
1426790 2135.6
1426800 2139.2
1426810 2139.2
1426820 2148.1
1426830 2160.0
1426840 2160.0
1426850 2170.7
1426860 2181.9
1426870 2181.9
1426880 2193.4
1426890 2205.0
1426900 2205.0
1426910 2225.4
1426920 2258.5
1426930 2258.5
1426940 2281.9
1426950 2296.0
1426960 2296.0
1426970 2302.8
1426980 2312.6
1426990 2323.3
1427000 2323.3
1427010 2334.7
1427020 2342.4
1427030 2342.4
1427040 2354.4
1427050 2363.9
1427060 2363.9
1427070 2372.3
1427080 2381.6
1427090 2381.6
1427100 2391.1
1427110 2400.4
1427120 2400.4
1427130 2400.1
1427140 2397.1
1427150 2397.1
1427160 2393.2
1427170 2388.8
1427180 2388.8
1427190 2385.4
1427200 2383.0
1427210 2382.9
1427220 2382.9
1427230 2381.1
1427240 2383.6
1427250 2383.6
1427260 2385.4
1427270 2381.7
1427280 2381.7
1427290 2386.4
1427300 2393.6
1427310 2393.6
1427320 2389.9
1427330 2384.3
1427340 2384.3
1427350 2387.6
1427360 2391.7
1427370 2391.7
1427380 2397.8
1427390 2410.8
1427400 2417.7
1427410 2417.7
1427420 2418.7
1427430 2422.5
1427440 2422.5
1427450 2426.6
1427460 2432.7
1427470 2432.7
1427480 2438.4
1427490 2443.4
1427500 2443.4
1427510 2452.1
1427520 2458.7
1427530 2458.7
1427540 2466.2
1427550 2473.1
1427560 2473.1
1427570 2478.7
1427580 2483.4
1427590 2483.7
1427600 2483.7
1427610 2479.8
1427620 2478.1
1427630 2478.1
1427640 2476.2
1427650 2476.8
1427660 2476.8
1427670 2479.0
1427680 2491.3
1427690 2491.3
1427700 2496.8
1427710 2499.3
1427720 2499.3
1427730 2497.8
1427740 2498.0
1427750 2498.0
1427760 2500.1
1427770 2501.6
1427780 2501.6
1427790 2501.8
1427800 2504.5
1427810 2508.7
1427820 2508.7
1427830 2506.0
1427840 2504.5
1427850 2504.5
1427860 2505.5
1427870 2508.8
1427880 2508.8
1427890 2510.8
1427900 2503.7
1427910 2503.7
1427920 2499.7
1427930 2497.4
1427940 2497.4
1427950 2504.7
1427960 2515.2
1427970 2515.2
1427980 2524.8
1427990 2528.1
1428000 2521.3
1428010 2521.3
1428020 2516.6
1428030 2512.2
1428040 2512.2
1428050 2503.2
1428060 2492.5
1428070 2492.5
1428080 2483.8
1428090 2477.1
1428100 2477.1
1428110 2473.4
1428120 2473.6
1428130 2473.6
1428140 2468.6
1428150 2455.6
1428160 2455.6
1428170 2447.9
1428180 2431.8
1428190 2413.4
1428200 2413.4
1428210 2404.4
1428220 2419.0
1428230 2419.0
1428240 2437.0
1428250 2451.9
1428260 2451.9
1428270 2471.3
1428280 2488.1
1428290 2488.1
1428300 2489.6
1428310 2481.2
1428320 2481.2
1428330 2488.9
1428340 2487.7
1428350 2487.7
1428360 2481.5
1428370 2491.3
1428380 2506.8
1428390 2506.8
1428400 2520.8
1428410 2533.4
1428420 2533.4
1428430 2540.1
1428440 2537.8
1428450 2537.8
1428460 2535.2
1428470 2537.4
1428480 2537.4
1428490 2535.3
1428500 2532.3
1428510 2532.3
1428520 2530.3
1428530 2528.7
1428540 2528.7
1428550 2527.4
1428560 2528.2
1428570 2528.2
1428580 2528.8
1428590 2529.0
1428600 2528.6
1428610 2528.6
1428620 2526.6
1428630 2522.7
1428640 2522.7
1428650 2519.0
1428660 2515.7
1428670 2515.7
1428680 2512.3
1428690 2508.3
1428700 2508.3
1428710 2503.6
1428720 2498.6
1428730 2498.6
1428740 2492.8
1428750 2487.1
1428760 2487.1
1428770 2482.9
1428780 2479.6
1428790 2476.0
1428800 2476.0
1428810 2471.2
1428820 2467.4
1428830 2467.4
1428840 2463.5
1428850 2458.5
1428860 2458.5
1428870 2454.1
1428880 2452.2
1428890 2452.2
1428900 2449.4
1428910 2446.7
1428920 2446.7
1428930 2443.8
1428940 2440.4
1428950 2440.4
1428960 2437.9
1428970 2435.8
1428980 2434.3
1428990 2434.3
1429000 2433.7
1429010 2434.1
1429020 2434.1
1429030 2431.6
1429040 2430.7
1429050 2430.7
1429060 2432.1
1429070 2433.8
1429080 2433.8
1429090 2433.0
1429100 2432.3
1429110 2432.3
1429120 2431.4
1429130 2431.0
1429140 2431.0
1429150 2431.7
1429160 2432.5
1429170 2432.5
1429180 2431.9
1429190 2430.8
1429200 2429.3
1429210 2429.3
1429220 2427.3
1429230 2424.9
1429240 2424.9
1429250 2421.7
1429260 2419.2
1429270 2419.2
1429280 2417.6
1429290 2414.3
1429300 2414.3
1429310 2411.6
1429320 2410.7
1429330 2410.7
1429340 2411.6
1429350 2413.0
1429360 2413.0
1429370 2413.4
1429380 2413.8
1429390 2413.8
1429400 2413.8
1429410 2414.8
1429420 2415.7
1429430 2415.7
1429440 2414.8
1429450 2413.1
1429460 2413.1
1429470 2411.6
1429480 2410.3
1429490 2410.3
1429500 2408.2
1429510 2405.9
1429520 2405.9
1429530 2404.6
1429540 2403.3
1429550 2403.3
1429560 2401.1
1429570 2401.6
1429580 2403.9
1429590 2403.9
1429600 2406.5
1429610 2408.0
1429620 2408.0
1429630 2409.0
1429640 2409.8
1429650 2409.8
1429660 2411.1
1429670 2412.3
1429680 2412.3
1429690 2413.2
1429700 2413.3
1429710 2413.3
1429720 2412.8
1429730 2412.0
1429740 2412.0
1429750 2412.2
1429760 2410.9
1429770 2408.5
1429780 2408.5
1429790 2407.4
1429800 2407.2
1429810 2407.2
1429820 2409.7
1429830 2412.4
1429840 2412.4
1429850 2413.8
1429860 2413.6
1429870 2413.6
1429880 2411.4
1429890 2412.2
1429900 2412.2
1429910 2415.4
1429920 2417.2
1429930 2417.2
1429940 2416.6
1429950 2414.1
1429960 2408.3
1429970 2405.4
1429980 2402.6
1429990 2399.7
1430000 2399.7
1430010 2397.9
1430020 2399.5
1430030 2399.5
1430040 2402.0
1430050 2404.8
1430060 2404.8
1430070 2406.3
1430080 2406.7
1430090 2406.7
1430100 2407.8
1430110 2409.9
1430120 2409.9
1430130 2412.8
1430140 2416.0
1430150 2416.0
1430160 2419.1
1430170 2422.0
1430180 2425.1
1430190 2425.1
1430200 2431.3
1430210 2437.8
1430220 2437.8
1430230 2442.5
1430240 2446.8
1430250 2446.8
1430260 2452.0
1430270 2456.3
1430280 2456.3
1430290 2467.0
1430300 2477.2
1430310 2477.2
1430320 2488.6
1430330 2501.8
1430340 2501.8
1430350 2510.8
1430360 2513.4
1430370 2517.4
1430380 2517.4
1430390 2515.2
1430400 2509.7
1430410 2509.7
1430420 2506.2
1430430 2500.6
1430440 2500.6
1430450 2495.8
1430460 2487.6
1430470 2487.6
1430480 2482.0
1430490 2480.3
1430500 2480.3
1430510 2475.8
1430520 2476.3
1430530 2476.3
1430540 2473.2
1430550 2465.6
1430560 2465.6
1430570 2456.4
1430580 2447.3
1430590 2440.3
1430600 2440.3
1430610 2434.3
1430620 2430.2
1430630 2430.2
1430640 2425.4
1430650 2419.9
1430660 2419.9
1430670 2417.1
1430680 2414.6
1430690 2414.6
1430700 2413.6
1430710 2416.5
1430720 2416.5
1430730 2421.2
1430740 2425.5
1430750 2425.5
1430760 2427.6
1430770 2427.9
1430780 2428.8
1430790 2428.8
1430800 2432.6
1430810 2434.6
1430820 2434.6
1430830 2427.6
1430840 2417.9
1430850 2417.9
1430860 2409.3
1430870 2402.2
1430880 2402.2
1430890 2397.6
1430900 2393.5
1430910 2393.5
1430920 2389.7
1430930 2381.8
1430940 2381.8
1430950 2369.0
1430960 2360.1
1430970 2361.7
1430980 2361.7
1430990 2361.6
1431000 2360.6
1431010 2360.6
1431020 2359.8
1431030 2359.5
1431040 2359.5
1431050 2360.7
1431060 2361.0
1431070 2361.0
1431080 2358.8
1431090 2355.8
1431100 2355.8
1431110 2352.3
1431120 2343.9
1431130 2343.9
1431140 2333.0
1431150 2322.6
1431160 2313.1
1431170 2313.1
1431180 2303.5
1431190 2288.5
1431200 2288.5
1431210 2276.2
1431220 2270.7
1431230 2270.7
1431240 2267.9
1431250 2273.0
1431260 2273.0
1431270 2286.0
1431280 2286.3
1431290 2286.3
1431300 2275.1
1431310 2282.4
1431320 2282.4
1431330 2296.8
1431340 2292.8
1431350 2292.8
1431360 2284.0
1431370 2273.4
1431380 2265.4
1431390 2265.4
1431400 2258.4
1431410 2250.2
1431420 2250.2
1431430 2242.4
1431440 2236.0
1431450 2236.0
1431460 2226.2
1431470 2220.2
1431480 2220.2
1431490 2214.9
1431500 2209.7
1431510 2209.7
1431520 2203.9
1431530 2197.1
1431540 2197.1
1431550 2189.4
1431560 2185.0
1431570 2181.3
1431580 2181.3
1431590 2178.1
1431600 2171.8
1431610 2171.8
1431620 2164.1
1431630 2156.1
1431640 2156.1
1431650 2149.8
1431660 2144.4
1431670 2144.4
1431680 2138.8
1431690 2134.8
1431700 2134.8
1431710 2130.6
1431720 2122.6
1431730 2122.6
1431740 2116.2
1431750 2110.4
1431760 2106.5
1431770 2106.5
1431780 2101.4
1431790 2097.8
1431800 2097.8
1431810 2094.7
1431820 2090.5
1431830 2090.5
1431840 2085.9
1431850 2080.9
1431860 2080.9
1431870 2075.9
1431880 2070.5
1431890 2070.5
1431900 2064.8
1431910 2059.2
1431920 2059.2
1431930 2053.3
1431940 2047.3
1431950 2047.3
1431960 2041.6
1431970 2036.2
1431980 2031.2
1431990 2031.2
1432000 2026.2
1432010 2021.5
1432020 2021.5
1432030 2016.6
1432040 2011.3
1432050 2011.3
1432060 2007.0
1432070 2001.6
1432080 2001.6
1432090 1995.7
1432100 1990.3
1432110 1990.3
1432120 1987.6
1432130 1985.1
1432140 1985.1
1432150 1982.0
1432160 1977.8
1432170 1973.5
1432180 1973.5
1432190 1969.5
1432200 1964.9
1432210 1964.9
1432220 1960.6
1432230 1955.1
1432240 1955.1
1432250 1949.1
1432260 1944.6
1432270 1944.6
1432280 1940.2
1432290 1936.0
1432300 1936.0
1432310 1930.5
1432320 1925.3
1432330 1926.2
1432340 1921.7
1432350 1917.8
1432360 1913.6
1432370 1913.6
1432380 1909.2
1432390 1905.7
1432400 1905.7
1432410 1902.3
1432420 1898.9
1432430 1898.9
1432440 1894.8
1432450 1891.1
1432460 1891.1
1432470 1887.3
1432480 1883.5
1432490 1883.5
1432500 1879.9
1432510 1876.0
1432520 1876.0
1432530 1872.0
1432540 1868.0
1432550 1863.7
1432560 1863.7
1432570 1858.8
1432580 1854.2
1432590 1854.2
1432600 1849.4
1432610 1845.2
1432620 1845.2
1432630 1841.6
1432640 1838.0
1432650 1838.0
1432660 1834.2
1432670 1829.5
1432680 1829.5
1432690 1824.4
1432700 1818.9
1432710 1818.9
1432720 1812.9
1432730 1806.5
1432740 1806.5
1432750 1800.2
1432760 1793.7
1432770 1787.3
1432780 1787.3
1432790 1782.5
1432800 1778.7
1432810 1778.7
1432820 1775.0
1432830 1771.0
1432840 1771.0
1432850 1767.0
1432860 1762.4
1432870 1762.4
1432880 1757.5
1432890 1753.1
1432900 1753.1
1432910 1748.9
1432920 1744.5
1432930 1744.5
1432940 1741.3
1432950 1738.3
1432960 1734.3
1432970 1734.3
1432980 1729.4
1432990 1724.1
1433000 1724.1
1433010 1719.2
1433020 1714.3
1433030 1714.3
1433040 1708.5
1433050 1701.8
1433060 1701.8
1433070 1695.8
1433080 1691.2
1433090 1691.2
1433100 1686.5
1433110 1681.4
1433120 1681.4
1433130 1675.9
1433140 1670.5
1433150 1664.6
1433160 1664.6
1433170 1658.5
1433180 1652.8
1433190 1652.8
1433200 1647.7
1433210 1643.8
1433220 1643.8
1433230 1639.8
1433240 1635.4
1433250 1635.4
1433260 1631.2
1433270 1627.3
1433280 1627.3
1433290 1622.6
1433300 1616.5
1433310 1616.5
1433320 1610.2
1433330 1602.1
1433340 1602.1
1433350 1595.6
1433360 1590.6
1433370 1585.8
1433380 1585.8
1433390 1580.3
1433400 1574.7
1433410 1574.7
1433420 1569.5
1433430 1564.3
1433440 1564.3
1433450 1559.0
1433460 1553.2
1433470 1553.2
1433480 1548.3
1433490 1543.5
1433500 1543.5
1433510 1538.4
1433520 1534.0
1433530 1534.0
1433540 1529.6
1433550 1525.4
1433560 1520.6
1433570 1520.6
1433580 1516.1
1433590 1512.7
1433600 1512.7
1433610 1508.4
1433620 1502.1
1433630 1502.1
1433640 1495.1
1433650 1488.4
1433660 1488.4
1433670 1482.9
1433680 1477.3
1433690 1477.3
1433700 1471.8
1433710 1467.9
1433720 1467.9
1433730 1463.3
1433740 1457.8
1433750 1452.5
1433760 1452.5
1433770 1446.8
1433780 1440.5
1433790 1440.5
1433800 1433.4
1433810 1427.9
1433820 1427.9
1433830 1422.7
1433840 1416.7
1433850 1416.7
1433860 1410.1
1433870 1404.0
1433880 1404.0
1433890 1400.2
1433900 1397.9
1433910 1397.9
1433920 1396.0
1433930 1393.0
1433940 1391.4
1433950 1391.4
1433960 1390.8
1433970 1389.8
1433980 1389.8
1433990 1388.6
1434000 1387.2
1434010 1387.2
1434020 1386.3
1434030 1386.2
1434040 1386.2
1434050 1385.4
1434060 1383.8
1434070 1383.8
1434080 1380.9
1434090 1377.3
1434100 1377.3
1434110 1374.5
1434120 1370.4
1434130 1370.4
1434140 1362.0
1434150 1353.4
1434160 1345.3
1434170 1345.3
1434180 1337.2
1434190 1329.3
1434200 1329.3
1434210 1321.0
1434220 1313.4
1434230 1313.4
1434240 1306.0
1434250 1298.1
1434260 1298.1
1434270 1291.7
1434280 1286.1
1434290 1286.1
1434300 1281.2
1434310 1274.3
1434320 1274.3
1434330 1267.5
1434340 1260.9
1434350 1254.1
1434360 1254.1
1434370 1247.3
1434380 1241.9
1434390 1241.9
1434400 1237.2
1434410 1234.1
1434420 1234.1
1434430 1231.3
1434440 1226.9
1434450 1226.9
1434460 1221.2
1434470 1217.3
1434480 1217.3
1434490 1214.0
1434500 1210.3
1434510 1210.3
1434520 1204.7
1434530 1197.6
1434540 1191.3
1434550 1191.3
1434560 1188.6
1434570 1183.6
1434580 1183.6
1434590 1174.5
1434600 1168.5
1434610 1168.5
1434620 1166.0
1434630 1160.8
1434640 1160.8
1434650 1160.9
1434660 1157.2
1434670 1157.2
1434680 1150.8
1434690 1145.4
1434700 1145.4
1434710 1143.6
1434720 1143.1
1434730 1140.9
1434740 1140.9
1434750 1146.2
1434760 1153.2
1434770 1153.2
1434780 1152.1
1434790 1147.4
1434800 1147.4
1434810 1136.9
1434820 1125.5
1434830 1125.5
1434840 1108.7
1434850 1104.4
1434860 1104.4
1434870 1097.3
1434880 1091.2
1434890 1091.2
1434900 1090.4
1434910 1090.5
1434920 1090.5
1434930 1086.6
1434940 1077.3
1434950 1067.7
1434960 1067.7
1434970 1061.1
1434980 1055.5
1434990 1055.5
1435000 1048.5
1435010 1042.0
1435020 1042.0
1435030 1039.0
1435040 1037.1
1435050 1037.1
1435060 1035.3
1435070 1031.2
1435080 1031.2
1435090 1029.5
1435100 1026.2
1435110 1026.2
1435120 1024.5
1435130 1025.0
1435140 1023.5
1435150 1023.5
1435160 1021.5
1435170 1019.5
1435180 1019.5
1435190 1018.1
1435200 1016.8
1435210 1016.8
1435220 1015.3
1435230 1013.3
1435240 1013.3
1435250 1011.1
1435260 1009.3
1435270 1009.3
1435280 1007.7
1435290 1005.9
1435300 1005.9
1435310 1004.5
1435320 1002.9
1435330 1001.7
1435340 1001.7
1435350 1000.4
1435360 998.8
1435370 998.8
1435380 997.9
1435390 996.7
1435400 996.7
1435410 995.6
1435420 994.8
1435430 994.8
1435440 992.7
1435450 992.4
1435460 992.4
1435470 993.7
1435480 993.9
1435490 993.9
1435500 995.1
1435510 999.4
1435520 999.4
1435530 1004.6
1435540 1012.2
1435550 1019.7
1435560 1019.7
1435570 1026.5
1435580 1029.8
1435590 1029.8
1435600 1031.1
1435610 1031.8
1435620 1031.8
1435630 1034.0
1435640 1035.8
1435650 1035.8
1435660 1037.8
1435670 1039.2
1435680 1039.2
1435690 1040.8
1435700 1042.2
1435710 1042.2
1435720 1042.8
1435730 1046.1
1435740 1047.2
1435750 1047.2
1435760 1048.9
1435770 1051.2
1435780 1051.2
1435790 1052.4
1435800 1054.4
1435810 1054.4
1435820 1055.8
1435830 1057.5
1435840 1057.5
1435850 1059.0
1435860 1061.9
1435870 1061.9
1435880 1064.1
1435890 1065.1
1435900 1065.1
1435910 1066.2
1435920 1067.4
1435930 1069.2
1435940 1069.2
1435950 1071.4
1435960 1073.6
1435970 1073.6
1435980 1074.8
1435990 1076.0
1436000 1076.0
1436010 1077.5
1436020 1079.2
1436030 1079.2
1436040 1080.8
1436050 1082.9
1436060 1082.9
1436070 1085.2
1436080 1086.8
1436090 1086.8
1436100 1088.2
1436110 1090.0
1436120 1092.6
1436130 1092.6
1436140 1093.9
1436150 1094.8
1436160 1094.8
1436170 1096.4
1436180 1097.8
1436190 1097.8
1436200 1099.4
1436210 1102.9
1436220 1102.9
1436230 1104.6
1436240 1105.9
1436250 1105.9
1436260 1107.6
1436270 1109.3
1436280 1109.3
1436290 1111.2
1436300 1113.4
1436310 1113.4
1436320 1115.1
1436330 1117.0
1436340 1119.2
1436350 1119.2
1436360 1121.6
1436370 1124.3
1436380 1124.3
1436390 1126.0
1436400 1127.4
1436410 1127.4
1436420 1129.3
1436430 1131.8
1436440 1131.8
1436450 1135.9
1436460 1141.1
1436470 1141.1
1436480 1144.6
1436490 1148.2
1436500 1148.2
1436510 1151.8
1436520 1155.1
1436530 1158.5
1436540 1158.5
1436550 1161.7
1436560 1165.5
1436570 1165.5
1436580 1168.8
1436590 1172.3
1436600 1172.3
1436610 1176.3
1436620 1178.8
1436630 1178.8
1436640 1180.9
1436650 1183.1
1436660 1183.1
1436670 1185.6
1436680 1187.9
1436690 1187.9
1436700 1188.5
1436710 1187.6
1436720 1187.7
1436730 1187.7
1436740 1189.6
1436750 1191.8
1436760 1191.8
1436770 1195.0
1436780 1199.1
1436790 1199.1
1436800 1201.7
1436810 1204.7
1436820 1204.7
1436830 1207.8
1436840 1210.8
1436850 1210.8
1436860 1213.6
1436870 1216.3
1436880 1216.3
1436890 1219.1
1436900 1223.1
1436910 1223.1
1436920 1227.3
1436930 1231.2
1436940 1234.2
1436950 1234.2
1436960 1236.6
1436970 1236.8
1436980 1236.8
1436990 1237.4
1437000 1240.5
1437010 1240.5
1437020 1243.6
1437030 1246.3
1437040 1246.3
1437050 1249.3
1437060 1253.3
1437070 1253.3
1437080 1258.2
1437090 1264.2
1437100 1264.2
1437110 1271.8
1437120 1278.9
1437130 1284.4
1437140 1284.4
1437150 1287.9
1437160 1289.7
1437170 1289.7
1437180 1291.4
1437190 1294.9
1437200 1294.9
1437210 1298.5
1437220 1301.4
1437230 1301.4
1437240 1303.9
1437250 1305.9
1437260 1305.9
1437270 1309.8
1437280 1313.0
1437290 1313.0
1437300 1314.8
1437310 1316.6
1437320 1318.8
1437330 1318.8
1437340 1321.0
1437350 1323.1
1437360 1323.1
1437370 1324.7
1437380 1326.4
1437390 1326.4
1437400 1328.2
1437410 1331.1
1437420 1333.8
1437430 1336.8
1437440 1340.2
1437450 1340.2
1437460 1344.5
1437470 1349.4
1437480 1349.4
1437490 1354.0
1437500 1358.7
1437510 1361.8
1437520 1361.8
1437530 1365.3
1437540 1368.9
1437550 1368.9
1437560 1372.6
1437570 1376.4
1437580 1376.4
1437590 1380.2
1437600 1383.8
1437610 1383.8
1437620 1387.6
1437630 1392.4
1437640 1392.4
1437650 1396.0
1437660 1400.5
1437670 1400.5
1437680 1406.5
1437690 1411.4
1437700 1411.4
1437710 1416.8
1437720 1422.6
1437730 1428.4
1437740 1428.4
1437750 1434.1
1437760 1440.2
1437770 1440.2
1437780 1446.8
1437790 1452.2
1437800 1452.2
1437810 1456.0
1437820 1459.4
1437830 1459.4
1437840 1463.8
1437850 1468.9
1437860 1468.9
1437870 1474.4
1437880 1479.6
1437890 1479.6
1437900 1485.7
1437910 1492.0
1437920 1498.7
1437930 1498.7
1437940 1504.5
1437950 1510.0
1437960 1510.0
1437970 1514.9
1437980 1520.7
1437990 1520.7
1438000 1526.0
1438010 1531.2
1438020 1531.2
1438030 1535.6
1438040 1540.2
1438050 1540.2
1438060 1544.3
1438070 1549.1
1438080 1549.1
1438090 1554.9
1438100 1560.7
1438110 1566.0
1438120 1566.0
1438130 1570.5
1438140 1574.7
1438150 1574.7
1438160 1578.9
1438170 1583.1
1438180 1583.1
1438190 1587.3
1438200 1591.1
1438210 1591.1
1438220 1594.5
1438230 1598.2
1438240 1598.2
1438250 1602.2
1438260 1605.1
1438270 1605.1
1438280 1606.5
1438290 1607.8
1438300 1607.8
1438310 1610.5
1438320 1613.9
1438330 1617.8
1438340 1617.8
1438350 1621.1
1438360 1624.0
1438370 1624.0
1438380 1627.5
1438390 1632.6
1438400 1632.6
1438410 1638.1
1438420 1643.7
1438430 1643.7
1438440 1648.9
1438450 1653.2
1438460 1653.2
1438470 1658.0
1438480 1663.3
1438490 1663.3
1438500 1668.8
1438510 1675.8
1438520 1681.9
1438530 1681.9
1438540 1686.9
1438550 1691.6
1438560 1691.6
1438570 1696.1
1438580 1701.5
1438590 1701.5
1438600 1708.2
1438610 1714.6
1438620 1714.6
1438630 1719.8
1438640 1724.4
1438650 1724.4
1438660 1730.0
1438670 1734.6
1438680 1734.6
1438690 1738.9
1438700 1743.7
1438710 1748.0
1438720 1748.0
1438730 1752.2
1438740 1757.0
1438750 1757.0
1438760 1761.9
1438770 1766.7
1438780 1766.7
1438790 1771.0
1438800 1776.0
1438810 1776.0
1438820 1781.2
1438830 1785.8
1438840 1785.8
1438850 1790.6
1438860 1795.1
1438870 1795.1
1438880 1799.2
1438890 1803.3
1438900 1808.0
1438910 1808.0
1438920 1812.1
1438930 1815.8
1438940 1815.8
1438950 1819.2
1438960 1823.5
1438970 1823.5
1438980 1827.7
1438990 1831.3
1439000 1831.3
1439010 1834.8
1439020 1838.0
1439030 1838.0
1439040 1840.6
1439050 1843.4
1439060 1843.4
1439070 1846.3
1439080 1852.3
1439090 1852.3
1439100 1860.2
1439110 1867.0
1439120 1873.3
1439130 1873.3
1439140 1877.5
1439150 1880.3
1439160 1880.3
1439170 1883.8
1439180 1886.9
1439190 1886.9
1439200 1888.6
1439210 1890.7
1439220 1890.7
1439230 1895.0
1439240 1898.4
1439250 1898.4
1439260 1899.7
1439270 1902.0
1439280 1902.0
1439290 1904.1
1439300 1905.8
1439310 1907.6
1439320 1907.6
1439330 1910.1
1439340 1913.9
1439350 1913.9
1439360 1917.6
1439370 1921.1
1439380 1921.1
1439390 1925.7
1439400 1929.4
1439410 1929.4
1439420 1933.6
1439430 1938.4
1439440 1938.4
1439450 1943.1
1439460 1948.3
1439470 1948.3
1439480 1953.3
1439490 1958.4
1439500 1963.1
1439510 1963.1
1439520 1967.8
1439530 1972.5
1439540 1972.5
1439550 1977.3
1439560 1983.7
1439570 1983.7
1439580 1990.6
1439590 1996.2
1439600 1996.2
1439610 2001.4
1439620 2007.6
1439630 2007.6
1439640 2013.4
1439650 2018.7
1439660 2018.7
1439670 2024.8
1439680 2030.8
1439690 2030.8
1439700 2036.6
1439710 2043.1
1439720 2048.9
1439730 2048.9
1439740 2055.2
1439750 2060.6
1439760 2060.6
1439770 2067.0
1439780 2073.1
1439790 2073.1
1439800 2077.9
1439810 2083.5
1439820 2083.5
1439830 2089.2
1439840 2094.5
1439850 2094.5
1439860 2099.4
1439870 2104.1
1439880 2104.1
1439890 2109.0
1439900 2113.4
1439910 2117.9
1439920 2117.9
1439930 2123.3
1439940 2128.8
1439950 2128.8
1439960 2134.6
1439970 2140.7
1439980 2140.7
1439990 2146.6
