1420000 2538.0
1420010 2538.0
1420020 2536.0
1420030 2531.9
1420040 2531.9
1420050 2528.6
1420060 2524.4
1420070 2524.4
1420080 2517.6
1420090 2512.0
1420100 2512.0
1420110 2504.7
1420120 2496.2
1420130 2496.2
1420140 2489.4
1420150 2481.1
1420160 2474.5
1420170 2474.5
1420180 2470.5
1420190 2467.4
1420200 2467.4
1420210 2464.6
1420220 2459.9
1420230 2459.9
1420240 2454.9
1420250 2451.7
1420260 2451.7
1420270 2445.2
1420280 2432.5
1420290 2432.5
1420300 2434.9
1420310 2442.1
1420320 2442.1
1420330 2446.9
1420340 2447.3
1420350 2449.4
1420360 2449.4
1420370 2452.7
1420380 2455.3
1420390 2455.3
1420400 2457.0
1420410 2458.0
1420420 2458.0
1420430 2458.0
1420440 2458.0
1420450 2458.0
1420460 2458.9
1420470 2459.7
1420480 2459.7
1420490 2460.0
1420500 2459.0
1420510 2459.0
1420520 2458.9
1420530 2461.1
1420540 2461.1
1420550 2465.2
1420560 2467.0
1420570 2467.8
1420580 2467.8
1420590 2466.4
1420600 2465.1
1420610 2465.1
1420620 2463.6
1420630 2462.1
1420640 2462.1
1420650 2460.0
1420660 2457.2
1420670 2457.2
1420680 2459.3
1420690 2462.8
1420700 2462.8
1420710 2468.2
1420720 2471.4
1420730 2471.4
1420740 2474.5
1420750 2477.5
1420760 2480.4
1420770 2480.4
1420780 2483.6
1420790 2487.4
1420800 2487.4
1420810 2491.9
1420820 2496.3
1420830 2496.3
1420840 2500.7
1420850 2505.3
1420860 2505.3
1420870 2509.6
1420880 2513.6
1420890 2513.6
1420900 2517.5
1420910 2521.4
1420920 2521.4
1420930 2525.2
1420940 2529.2
1420950 2533.3
1420960 2533.3
1420970 2537.4
1420980 2541.7
1420990 2541.7
1421000 2546.1
1421010 2550.7
1421020 2550.7
1421030 2555.3
1421040 2559.8
1421050 2559.8
1421060 2564.2
1421070 2568.2
1421080 2568.2
1421090 2571.5
1421100 2574.9
1421110 2574.9
1421120 2577.9
1421130 2580.8
1421140 2580.8
1421150 2584.0
1421160 2589.5
1421170 2596.6
1421180 2596.6
1421190 2601.6
1421200 2604.9
1421210 2604.9
1421220 2607.8
1421230 2609.6
1421240 2609.6
1421250 2609.3
1421260 2609.0
1421270 2609.0
1421280 2608.5
1421290 2608.3
1421300 2608.3
1421310 2609.8
1421320 2611.6
1421330 2611.6
1421340 2611.8
1421350 2611.3
1421360 2609.4
1421370 2609.4
1421380 2607.5
1421390 2605.7
1421400 2605.7
1421410 2603.1
1421420 2600.9
1421430 2600.9
1421440 2599.1
1421450 2596.9
1421460 2596.9
1421470 2594.6
1421480 2592.8
1421490 2592.8
1421500 2592.9
1421510 2594.9
1421520 2594.9
1421530 2597.2
1421540 2599.4
1421550 2601.6
1421560 2601.6
1421570 2603.1
1421580 2603.8
1421590 2603.8
1421600 2604.7
1421610 2605.0
1421620 2605.0
1421630 2606.7
1421640 2610.4
1421650 2610.4
1421660 2615.3
1421670 2620.9
1421680 2620.9
1421690 2626.7
1421700 2631.2
1421710 2631.2
1421720 2635.1
1421730 2638.4
1421740 2638.4
1421750 2640.4
1421760 2642.3
1421770 2642.4
1421780 2642.4
1421790 2642.0
1421800 2641.9
1421810 2641.9
1421820 2638.5
1421830 2632.2
1421840 2632.2
1421850 2624.1
1421860 2621.4
1421870 2621.4
1421880 2621.9
1421890 2623.2
1421900 2623.2
1421910 2624.7
1421920 2627.0
1421930 2627.0
1421940 2629.4
1421950 2632.6
1421960 2636.3
1421970 2636.3
1421980 2639.1
1421990 2641.2
1422000 2641.2
1422010 2643.1
1422020 2644.8
1422030 2644.8
1422040 2646.4
1422050 2648.0
1422060 2648.0
1422070 2649.7
1422080 2652.5
1422090 2652.5
1422100 2658.0
1422110 2664.3
1422120 2664.3
1422130 2669.9
1422140 2674.9
1422150 2678.7
1422160 2678.7
1422170 2681.5
1422180 2682.8
1422190 2682.8
1422200 2680.1
1422210 2677.4
1422220 2677.4
1422230 2674.7
1422240 2673.2
1422250 2673.2
1422260 2672.6
1422270 2672.9
1422280 2672.9
1422290 2673.7
1422300 2674.9
1422310 2674.9
1422320 2676.4
1422330 2678.0
1422340 2678.0
1422350 2679.7
1422360 2681.3
1422370 2683.0
1422380 2683.0
1422390 2684.6
1422400 2686.3
1422410 2686.3
1422420 2687.9
1422430 2689.4
1422440 2689.4
1422450 2690.9
1422460 2692.5
1422470 2692.5
1422480 2694.1
1422490 2696.1
1422500 2696.1
1422510 2698.4
1422520 2700.3
1422530 2700.3
1422540 2702.1
1422550 2704.1
1422560 2707.2
1422570 2707.2
1422580 2711.3
1422590 2714.8
1422600 2714.8
1422610 2717.4
1422620 2720.1
1422630 2720.1
1422640 2723.4
1422650 2727.4
1422660 2727.4
1422670 2731.8
1422680 2735.4
1422690 2735.4
1422700 2738.5
1422710 2741.4
1422720 2741.4
1422730 2744.4
1422740 2748.1
1422750 2752.3
1422760 2752.3
1422770 2757.2
1422780 2762.6
1422790 2762.6
1422800 2768.3
1422810 2774.3
1422820 2774.3
1422830 2780.3
1422840 2786.0
1422850 2786.0
1422860 2791.3
1422870 2796.7
1422880 2796.7
1422890 2802.4
1422900 2807.7
1422910 2807.7
1422920 2813.5
1422930 2821.0
1422940 2821.0
1422950 2829.5
1422960 2838.2
1422970 2844.5
1422980 2844.5
1422990 2851.3
1423000 2858.1
1423010 2858.1
1423020 2864.1
1423030 2869.1
1423040 2869.1
1423050 2873.9
1423060 2878.5
1423070 2878.5
1423080 2883.8
1423090 2890.0
1423100 2890.0
1423110 2896.5
1423120 2904.0
1423130 2904.0
1423140 2912.7
1423150 2924.3
1423160 2933.2
1423170 2933.2
1423180 2941.2
1423190 2952.3
1423200 2952.3
1423210 2967.6
1423220 2982.6
1423230 2982.6
1423240 2993.2
1423250 3007.4
1423260 3007.4
1423270 3018.0
1423280 3030.0
1423290 3030.0
1423300 3034.4
1423310 3022.4
1423320 3022.4
1423330 3012.3
1423340 3006.5
1423350 3001.6
1423360 3001.6
1423370 2996.4
1423380 2986.0
1423390 2986.0
1423400 2972.2
1423410 2955.6
1423420 2955.6
1423430 2941.9
1423440 2931.0
1423450 2931.0
1423460 2917.1
1423470 2896.7
1423480 2896.7
1423490 2883.0
1423500 2870.2
1423510 2870.2
1423520 2858.5
1423530 2846.1
1423540 2846.1
1423550 2835.7
1423560 2829.0
1423570 2817.3
1423580 2817.3
1423590 2805.7
1423600 2797.6
1423610 2797.6
1423620 2790.9
1423630 2783.9
1423640 2783.9
1423650 2776.7
1423660 2769.7
1423670 2769.7
1423680 2763.3
1423690 2757.7
1423700 2757.7
1423710 2751.6
1423720 2746.0
1423730 2746.0
1423740 2740.0
1423750 2733.5
1423760 2727.2
1423770 2727.2
1423780 2721.6
1423790 2715.6
1423800 2715.6
1423810 2708.9
1423820 2702.5
1423830 2702.5
1423840 2695.6
1423850 2689.3
1423860 2689.3
1423870 2681.6
1423880 2674.6
1423890 2674.6
1423900 2667.9
1423910 2661.1
1423920 2661.1
1423930 2655.0
1423940 2649.9
1423950 2644.6
1423960 2644.6
1423970 2639.9
1423980 2635.6
1423990 2635.6
1424000 2631.0
1424010 2626.1
1424020 2626.1
1424030 2622.1
1424040 2618.9
1424050 2618.9
1424060 2617.2
1424070 2619.1
1424080 2619.1
1424090 2623.9
1424100 2628.9
1424110 2628.9
1424120 2634.2
1424130 2637.8
1424140 2637.8
1424150 2633.7
1424160 2629.7
1424170 2627.3
1424180 2627.3
1424190 2624.9
1424200 2625.7
1424210 2625.7
1424220 2623.2
1424230 2621.1
1424240 2621.1
1424250 2616.9
1424260 2604.6
1424270 2604.6
1424280 2590.7
1424290 2577.0
1424300 2577.0
1424310 2562.7
1424320 2548.0
1424330 2548.0
1424340 2532.3
1424350 2517.2
1424360 2506.0
1424370 2506.0
1424380 2495.3
1424390 2486.4
1424400 2486.4
1424410 2475.0
1424420 2464.0
1424430 2464.0
1424440 2455.5
1424450 2448.5
1424460 2448.5
1424470 2441.8
1424480 2435.8
1424490 2435.8
1424500 2431.2
1424510 2429.9
1424520 2429.9
1424530 2428.8
1424540 2425.8
1424550 2422.5
1424560 2422.5
1424570 2418.8
1424580 2414.8
1424590 2414.8
1424600 2411.2
1424610 2408.1
1424620 2408.1
1424630 2405.2
1424640 2402.5
1424650 2402.5
1424660 2398.3
1424670 2393.3
1424680 2393.3
1424690 2388.4
1424700 2383.0
1424710 2383.0
1424720 2377.1
1424730 2371.3
1424740 2371.3
1424750 2365.4
1424760 2359.2
1424770 2353.7
1424780 2353.7
1424790 2348.9
1424800 2344.3
1424810 2346.0
1424820 2340.6
1424830 2335.8
1424840 2335.8
1424850 2331.5
1424860 2326.9
1424870 2326.9
1424880 2322.1
1424890 2316.6
1424900 2316.6
1424910 2310.7
1424920 2305.0
1424930 2305.0
1424940 2297.8
1424950 2292.2
1424960 2286.3
1424970 2286.3
1424980 2279.3
1424990 2273.2
1425000 2273.2
1425010 2267.5
1425020 2263.2
1425030 2263.2
1425040 2258.7
1425050 2252.8
1425060 2252.8
1425070 2246.8
1425080 2239.3
1425090 2239.3
1425100 2231.7
1425110 2224.2
1425120 2224.2
1425130 2218.0
1425140 2212.7
1425150 2206.9
1425160 2206.9
1425170 2201.1
1425180 2195.1
1425190 2195.1
1425200 2188.5
1425210 2181.7
1425220 2181.7
1425230 2174.4
1425240 2166.1
1425250 2166.1
1425260 2159.0
1425270 2153.5
1425280 2153.5
1425290 2148.9
1425300 2144.6
1425310 2144.6
1425320 2141.6
1425330 2140.4
1425340 2140.4
1425350 2140.4
1425360 2141.8
1425370 2144.0
1425380 2144.0
1425390 2142.9
1425400 2139.7
1425410 2139.7
1425420 2137.7
1425430 2136.0
1425440 2136.0
1425450 2132.8
1425460 2129.2
1425470 2129.2
1425480 2125.1
1425490 2120.5
1425500 2120.5
1425510 2116.3
1425520 2112.3
1425530 2112.3
1425540 2108.0
1425550 2103.4
1425560 2098.2
1425570 2098.2
1425580 2093.0
1425590 2088.1
1425600 2088.1
1425610 2084.3
1425620 2081.2
1425630 2081.2
1425640 2077.8
1425650 2073.7
1425660 2073.7
1425670 2068.9
1425680 2064.3
1425690 2064.3
1425700 2058.3
1425710 2052.4
1425720 2052.4
1425730 2048.1
1425740 2044.3
1425750 2040.1
1425760 2040.1
1425770 2036.1
1425780 2032.4
1425790 2032.4
1425800 2027.8
1425810 2022.8
1425820 2022.8
1425830 2017.8
1425840 2013.4
1425850 2013.4
1425860 2008.2
1425870 2002.6
1425880 2002.6
1425890 1997.6
1425900 1990.8
1425910 1990.8
1425920 1984.6
1425930 1978.7
1425940 1978.7
1425950 1972.0
1425960 1965.3
1425970 1958.7
1425980 1958.7
1425990 1953.3
1426000 1947.8
1426010 1947.8
1426020 1941.7
1426030 1937.0
1426040 1937.0
1426050 1933.6
1426060 1929.2
1426070 1929.2
1426080 1923.2
1426090 1917.4
1426100 1917.4
1426110 1911.8
1426120 1905.0
1426130 1905.0
1426140 1904.4
1426150 1905.3
1426160 1910.1
1426170 1910.1
1426180 1917.4
1426190 1918.9
1426200 1918.9
1426210 1921.3
1426220 1924.1
1426230 1924.1
1426240 1927.2
1426250 1929.2
1426260 1929.2
1426270 1922.7
1426280 1916.4
1426290 1916.4
1426300 1913.5
1426310 1911.0
1426320 1911.0
1426330 1906.9
1426340 1903.5
1426350 1903.5
1426360 1902.9
1426370 1900.8
1426380 1897.0
1426390 1897.0
1426400 1891.2
1426410 1888.2
1426420 1888.2
1426430 1888.3
1426440 1885.6
1426450 1885.6
1426460 1883.0
1426470 1879.3
1426480 1879.3
1426490 1875.6
1426500 1871.4
1426510 1871.4
1426520 1868.0
1426530 1864.5
1426540 1864.5
1426550 1862.8
1426560 1864.4
1426570 1865.6
1426580 1865.6
1426590 1864.5
1426600 1863.6
1426610 1863.6
1426620 1859.1
1426630 1859.1
1426640 1859.1
1426650 1862.5
1426660 1861.2
1426670 1861.2
1426680 1854.8
1426690 1848.7
1426700 1848.7
1426710 1842.0
1426720 1837.0
1426730 1837.0
1426740 1830.5
1426750 1823.6
1426760 1818.2
1426770 1818.2
1426780 1812.3
1426790 1807.9
1426800 1807.9
1426810 1802.4
1426820 1798.7
1426830 1798.7
1426840 1795.7
1426850 1789.4
1426860 1789.4
1426870 1781.9
1426880 1773.5
1426890 1773.5
1426900 1766.1
1426910 1759.5
1426920 1759.5
1426930 1755.0
1426940 1759.3
1426950 1759.3
1426960 1759.2
1426970 1752.0
1426980 1732.0
1426990 1732.0
1427000 1728.1
1427010 1725.3
1427020 1725.3
1427030 1722.3
1427040 1718.8
1427050 1718.8
1427060 1716.6
1427070 1713.8
1427080 1713.8
1427090 1709.1
1427100 1709.2
1427110 1709.2
1427120 1705.8
1427130 1700.7
1427140 1700.7
1427150 1696.0
1427160 1695.6
1427170 1695.6
1427180 1695.6
1427190 1694.5
1427200 1692.5
1427210 1692.5
1427220 1690.9
1427230 1688.7
1427240 1688.7
1427250 1686.1
1427260 1683.6
1427270 1683.6
1427280 1680.7
1427290 1677.6
1427300 1677.6
1427310 1675.6
1427320 1673.6
1427330 1673.6
1427340 1671.7
1427350 1668.2
1427360 1665.4
1427370 1665.4
1427380 1663.0
1427390 1661.2
1427400 1661.2
1427410 1657.5
1427420 1646.6
1427430 1646.6
1427440 1634.1
1427450 1629.4
1427460 1629.4
1427470 1630.6
1427480 1633.6
1427490 1633.6
1427500 1633.2
1427510 1631.7
1427520 1631.7
1427530 1630.0
1427540 1630.3
1427550 1630.3
1427560 1630.8
1427570 1631.6
1427580 1631.6
1427590 1631.6
1427600 1632.1
1427610 1631.5
1427620 1631.5
1427630 1630.5
1427640 1629.6
1427650 1629.6
1427660 1627.5
1427670 1626.2
1427680 1626.2
1427690 1626.5
1427700 1626.1
1427710 1626.1
1427720 1625.0
1427730 1625.3
1427740 1625.3
1427750 1625.2
1427760 1625.2
1427770 1625.7
1427780 1625.7
1427790 1626.5
1427800 1628.1
1427810 1628.1
1427820 1630.1
1427830 1632.8
1427840 1632.8
1427850 1636.1
1427860 1639.2
1427870 1639.2
1427880 1642.5
1427890 1645.2
1427900 1645.2
1427910 1647.9
1427920 1650.1
1427930 1650.1
1427940 1652.1
1427950 1652.4
1427960 1649.5
1427970 1649.5
1427980 1648.8
1427990 1646.0
1428000 1646.0
1428010 1649.2
1428020 1649.6
1428030 1649.6
1428040 1648.8
1428050 1649.2
1428060 1649.2
1428070 1651.8
1428080 1653.9
1428090 1653.9
1428100 1658.6
1428110 1664.5
1428120 1664.5
1428130 1672.4
1428140 1677.4
1428150 1677.4
1428160 1679.7
1428170 1687.1
1428180 1700.1
1428190 1700.1
1428200 1705.3
1428210 1709.6
1428220 1709.6
1428230 1717.6
1428240 1724.9
1428250 1724.9
1428260 1726.6
1428270 1731.8
1428280 1731.8
1428290 1742.8
1428300 1747.6
1428310 1747.6
1428320 1760.5
1428330 1776.0
1428340 1776.0
1428350 1785.7
1428360 1790.7
1428370 1788.7
1428380 1788.7
1428390 1799.2
1428400 1810.8
1428410 1810.8
1428420 1821.1
1428430 1832.8
1428440 1832.8
1428450 1846.6
1428460 1859.0
1428470 1859.0
1428480 1870.9
1428490 1882.6
1428500 1882.6
1428510 1892.0
1428520 1896.9
1428530 1896.9
1428540 1908.0
1428550 1928.5
1428560 1938.2
1428570 1938.2
1428580 1941.0
1428590 1943.4
1428600 1943.4
1428610 1944.4
1428620 1943.3
1428630 1943.3
1428640 1945.7
1428650 1949.5
1428660 1949.5
1428670 1951.7
1428680 1952.8
1428690 1952.8
1428700 1954.4
1428710 1956.1
1428720 1956.1
1428730 1957.1
1428740 1956.3
1428750 1956.3
1428760 1954.3
1428770 1953.9
1428780 1953.9
1428790 1953.9
1428800 1952.7
1428810 1954.6
1428820 1954.6
1428830 1955.1
1428840 1956.0
1428850 1956.0
1428860 1954.5
1428870 1953.4
1428880 1953.4
1428890 1952.9
1428900 1951.6
1428910 1951.6
1428920 1944.0
1428930 1932.6
1428940 1932.6
1428950 1923.9
1428960 1904.9
1428970 1889.6
1428980 1889.6
1428990 1876.1
1429000 1866.4
1429010 1866.4
1429020 1861.6
1429030 1864.1
1429040 1864.1
1429050 1871.8
1429060 1883.7
1429070 1883.7
1429080 1899.3
1429090 1910.5
1429100 1910.5
1429110 1921.5
1429120 1935.0
1429130 1935.0
1429140 1953.3
1429150 1968.5
1429160 1993.8
1429170 1993.8
1429180 2009.5
1429190 2021.4
1429200 2021.4
1429210 2031.6
1429220 2028.2
1429230 2028.2
1429240 2039.8
1429250 2039.8
1429260 2039.8
1429270 2035.3
1429280 2028.0
1429290 2028.0
1429300 2027.9
1429310 2038.5
1429320 2038.5
1429330 2034.5
1429340 2022.7
1429350 2022.7
1429360 2011.2
1429370 2000.5
1429380 1990.3
1429390 1990.3
1429400 1980.5
1429410 1970.3
1429420 1970.3
1429430 1959.8
1429440 1950.8
1429450 1950.8
1429460 1948.8
1429470 1947.2
1429480 1947.2
1429490 1933.2
1429500 1923.9
1429510 1923.9
1429520 1916.7
1429530 1910.2
1429540 1910.2
1429550 1904.0
1429560 1894.5
1429570 1878.6
1429580 1878.6
1429590 1861.7
1429600 1847.8
1429610 1847.8
1429620 1863.2
1429630 1869.8
1429640 1869.8
1429650 1863.2
1429660 1857.6
1429670 1857.6
1429680 1854.0
1429690 1843.5
1429700 1843.5
1429710 1831.8
1429720 1832.2
1429730 1832.2
1429740 1845.6
1429750 1863.8
1429760 1877.6
1429770 1877.6
1429780 1896.3
1429790 1917.6
1429800 1917.6
1429810 1936.1
1429820 1949.6
1429830 1949.6
1429840 1970.6
1429850 1983.7
1429860 1983.7
1429870 1989.3
1429880 1994.3
1429890 1994.3
1429900 2000.4
1429910 2007.0
1429920 2007.0
1429930 2009.5
1429940 2005.7
1429950 2005.7
1429960 1994.3
1429970 1978.7
1429980 1969.5
1429990 1969.5
1430000 1960.4
1430010 1958.9
1430020 1958.9
1430030 1953.1
1430040 1944.2
1430050 1944.2
1430060 1936.6
1430070 1933.1
1430080 1933.1
1430090 1936.6
1430100 1945.2
1430110 1945.2
1430120 1958.2
1430130 1966.2
1430140 1966.2
1430150 1972.0
1430160 1979.1
1430170 1986.6
1430180 1986.6
1430190 1994.2
1430200 2002.8
1430210 2002.8
1430220 2010.3
1430230 2010.5
1430240 2010.5
1430250 2009.6
1430260 2009.3
1430270 2009.3
1430280 2008.5
1430290 2005.6
1430300 2005.6
1430310 2002.2
1430320 2001.6
1430330 2001.6
1430340 2001.0
1430350 2004.6
1430360 2009.7
1430370 2009.7
1430380 2014.7
1430390 2017.5
1430400 2017.5
1430410 2017.4
1430420 2017.2
1430430 2017.2
1430440 2015.1
1430450 2014.6
1430460 2014.6
1430470 2013.8
1430480 2014.2
1430490 2014.2
1430500 2015.7
1430510 2014.7
1430520 2014.7
1430530 2014.6
1430540 2018.5
1430550 2018.5
1430560 2023.8
1430570 2027.3
1430580 2027.3
1430590 2027.3
1430600 2027.3
1430610 2025.6
1430620 2025.6
1430630 2022.9
1430640 2020.2
1430650 2020.2
1430660 2019.3
1430670 2019.5
1430680 2019.5
1430690 2019.2
1430700 2017.6
1430710 2017.6
1430720 2017.7
1430730 2017.1
1430740 2017.1
1430750 2016.3
1430760 2016.2
1430770 2016.1
1430780 2016.1
1430790 2013.8
1430800 2014.3
1430810 2014.3
1430820 2018.2
1430830 2022.5
1430840 2022.5
1430850 2025.8
1430860 2028.3
1430870 2028.3
1430880 2030.3
1430890 2029.6
1430900 2029.6
1430910 2028.1
1430920 2024.8
1430930 2024.8
1430940 2020.4
1430950 2016.7
1430960 2014.6
1430970 2014.6
1430980 2011.3
1430990 2009.0
1431000 2009.0
1431010 2007.0
1431020 2004.3
1431030 2004.3
1431040 2000.5
1431050 1997.4
1431060 1997.4
1431070 1994.7
1431080 1991.2
1431090 1991.2
1431100 1987.8
1431110 1984.2
1431120 1984.2
1431130 1981.1
1431140 1979.4
1431150 1979.4
1431160 1978.7
1431170 1976.3
1431180 1974.6
1431190 1974.6
1431200 1972.6
1431210 1967.8
1431220 1967.8
1431230 1961.9
1431240 1955.6
1431250 1955.6
1431260 1949.3
1431270 1944.0
1431280 1944.0
1431290 1939.1
1431300 1933.9
1431310 1933.9
1431320 1928.9
1431330 1923.8
1431340 1923.8
1431350 1919.9
1431360 1917.0
1431370 1914.4
1431380 1914.4
1431390 1910.9
1431400 1907.1
1431410 1907.1
1431420 1904.3
1431430 1900.2
1431440 1900.2
1431450 1894.6
1431460 1890.3
1431470 1890.3
1431480 1885.8
1431490 1881.3
1431500 1881.3
1431510 1876.0
1431520 1871.2
1431530 1871.2
1431540 1866.3
1431550 1860.2
1431560 1850.8
1431570 1850.8
1431580 1844.8
1431590 1840.2
1431600 1840.2
1431610 1836.4
1431620 1832.3
1431630 1832.3
1431640 1828.2
1431650 1823.5
1431660 1823.5
1431670 1818.8
1431680 1814.9
1431690 1814.9
1431700 1811.2
1431710 1807.0
1431720 1807.0
1431730 1802.2
1431740 1798.5
1431750 1798.5
1431760 1796.0
1431770 1792.4
1431780 1788.4
1431790 1788.4
1431800 1784.2
1431810 1782.2
1431820 1782.2
1431830 1780.9
1431840 1780.0
1431850 1780.0
1431860 1777.6
1431870 1773.3
1431880 1773.3
1431890 1768.2
1431900 1763.3
1431910 1763.3
1431920 1759.1
1431930 1754.7
1431940 1754.7
1431950 1749.5
1431960 1744.7
1431970 1739.9
1431980 1739.9
1431990 1734.7
1432000 1728.0
1432010 1728.0
1432020 1721.3
1432030 1714.5
1432040 1714.5
1432050 1708.0
1432060 1701.0
1432070 1701.0
1432080 1693.6
1432090 1685.9
1432100 1685.9
1432110 1677.9
1432120 1669.3
1432130 1669.3
1432140 1661.4
1432150 1654.1
1432160 1647.6
1432170 1647.6
1432180 1641.1
1432190 1633.5
1432200 1633.5
1432210 1626.6
1432220 1620.1
1432230 1620.1
1432240 1613.3
1432250 1606.6
1432260 1606.6
1432270 1600.3
1432280 1595.1
1432290 1595.1
1432300 1590.4
1432310 1585.9
1432320 1585.9
1432330 1581.5
1432340 1578.2
1432350 1578.2
1432360 1573.4
1432370 1567.9
1432380 1562.7
1432390 1562.7
1432400 1558.1
1432410 1553.3
1432420 1553.3
1432430 1546.5
1432440 1541.1
1432450 1541.1
1432460 1537.3
1432470 1532.3
1432480 1532.3
1432490 1525.4
1432500 1518.2
1432510 1518.2
1432520 1511.2
1432530 1504.3
1432540 1504.3
1432550 1498.0
1432560 1492.0
1432570 1486.4
1432580 1486.4
1432590 1480.0
1432600 1474.1
1432610 1474.1
1432620 1469.2
1432630 1464.4
1432640 1464.4
1432650 1459.9
1432660 1454.5
1432670 1454.5
1432680 1448.3
1432690 1442.1
1432700 1442.1
1432710 1436.1
1432720 1428.8
1432730 1428.8
1432740 1420.8
1432750 1412.4
1432760 1402.9
1432770 1402.9
1432780 1395.2
1432790 1392.7
1432800 1392.7
1432810 1390.0
1432820 1387.1
1432830 1387.1
1432840 1387.2
1432850 1393.6
1432860 1393.6
1432870 1405.5
1432880 1416.4
1432890 1416.4
1432900 1422.8
1432910 1422.4
1432920 1422.4
1432930 1419.0
1432940 1415.6
1432950 1415.6
1432960 1411.0
1432970 1409.3
1432980 1411.4
1432990 1411.4
1433000 1412.0
1433010 1408.1
1433020 1408.1
1433030 1403.1
1433040 1397.9
1433050 1397.9
1433060 1393.8
1433070 1390.3
1433080 1390.3
1433090 1386.2
1433100 1381.5
1433110 1381.5
1433120 1376.7
1433130 1373.8
1433140 1373.8
1433150 1371.3
1433160 1368.2
1433170 1365.0
1433180 1365.0
1433190 1362.3
1433200 1360.0
1433210 1360.0
1433220 1357.1
1433230 1354.6
1433240 1354.6
1433250 1351.8
1433260 1348.7
1433270 1348.7
1433280 1345.8
1433290 1342.8
1433300 1342.8
1433310 1339.2
1433320 1332.1
1433330 1332.1
1433340 1327.3
1433350 1323.7
1433360 1319.5
1433370 1319.5
1433380 1315.0
1433390 1310.1
1433400 1310.1
1433410 1304.8
1433420 1299.3
1433430 1299.3
1433440 1294.2
1433450 1288.9
1433460 1288.9
1433470 1283.3
1433480 1279.2
1433490 1279.2
1433500 1275.2
1433510 1275.3
1433520 1275.3
1433530 1275.6
1433540 1275.0
1433550 1275.0
1433560 1272.3
1433570 1267.4
1433580 1261.8
1433590 1261.8
1433600 1257.1
1433610 1253.8
1433620 1253.8
1433630 1250.6
1433640 1249.9
1433650 1249.9
1433660 1251.0
1433670 1249.2
1433680 1249.2
1433690 1244.6
1433700 1240.1
1433710 1240.1
1433720 1234.5
1433730 1232.0
1433740 1232.0
1433750 1230.0
1433760 1227.2
1433770 1222.4
1433780 1222.4
1433790 1214.8
1433800 1209.7
1433810 1209.7
1433820 1204.1
1433830 1197.0
1433840 1197.0
1433850 1191.9
1433860 1185.5
1433870 1185.5
1433880 1181.2
1433890 1179.4
1433900 1179.4
1433910 1177.3
1433920 1175.3
1433930 1175.3
1433940 1176.0
1433950 1175.5
1433960 1170.5
1433970 1170.5
1433980 1168.1
1433990 1165.1
1434000 1165.1
1434010 1165.3
1434020 1161.1
1434030 1161.1
1434040 1156.1
1434050 1153.9
1434060 1153.9
1434070 1149.5
1434080 1145.4
1434090 1145.4
1434100 1141.5
1434110 1137.1
1434120 1137.1
1434130 1130.8
1434140 1124.6
1434150 1124.6
1434160 1120.4
1434170 1117.2
1434180 1113.6
1434190 1113.6
1434200 1110.1
1434210 1106.3
1434220 1106.3
1434230 1102.7
1434240 1097.3
1434250 1097.3
1434260 1092.3
1434270 1087.4
1434280 1087.4
1434290 1082.3
1434300 1077.4
1434310 1077.4
1434320 1074.2
1434330 1071.0
1434340 1071.0
1434350 1066.8
1434360 1062.1
1434370 1057.5
1434380 1057.5
1434390 1052.9
1434400 1048.7
1434410 1048.7
1434420 1044.1
1434430 1037.3
1434440 1037.3
1434450 1031.5
1434460 1027.5
1434470 1027.5
1434480 1022.7
1434490 1017.6
1434500 1017.6
1434510 1016.0
1434520 1015.6
1434530 1015.6
1434540 1015.5
1434550 1015.3
1434560 1015.2
1434570 1015.2
1434580 1015.2
1434590 1014.9
1434600 1014.9
1434610 1014.5
1434620 1014.3
1434630 1014.3
1434640 1013.9
1434650 1014.1
1434660 1014.1
1434670 1014.1
1434680 1012.5
1434690 1012.5
1434700 1012.1
1434710 1013.9
1434720 1013.9
1434730 1014.6
1434740 1013.8
1434750 1013.8
1434760 1013.4
1434770 1012.8
1434780 1012.3
1434790 1012.3
1434800 1012.3
1434810 1012.4
1434820 1012.4
1434830 1012.6
1434840 1012.5
1434850 1012.5
1434860 1012.5
1434870 1012.2
1434880 1012.2
1434890 1012.1
1434900 1012.6
1434910 1012.6
1434920 1012.4
1434930 1012.2
1434940 1012.2
1434950 1011.9
1434960 1011.7
1434970 1011.8
1434980 1011.8
1434990 1011.6
1435000 1011.5
1435010 1011.5
1435020 1011.3
1435030 1011.1
1435040 1011.1
1435050 1011.0
1435060 1010.7
1435070 1010.7
1435080 1010.5
1435090 1010.5
1435100 1010.5
1435110 1010.5
1435120 1010.5
1435130 1010.5
1435140 1010.5
1435150 1010.5
1435160 1010.5
1435170 1010.5
1435180 1010.3
1435190 1010.1
1435200 1010.1
1435210 1009.9
1435220 1009.6
1435230 1009.6
1435240 1009.5
1435250 1009.5
1435260 1009.5
1435270 1009.3
1435280 1009.1
1435290 1009.1
1435300 1008.9
1435310 1008.8
1435320 1008.8
1435330 1008.7
1435340 1008.6
1435350 1008.6
1435360 1008.5
1435370 1008.5
1435380 1008.8
1435390 1008.8
1435400 1009.2
1435410 1009.8
1435420 1009.8
1435430 1010.2
1435440 1010.2
1435450 1010.2
1435460 1010.7
1435470 1011.9
1435480 1011.9
1435490 1013.8
1435500 1016.3
1435510 1016.3
1435520 1019.5
1435530 1023.6
1435540 1023.6
1435550 1027.5
1435560 1031.1
1435570 1034.6
1435580 1034.6
1435590 1034.7
1435600 1036.1
1435610 1036.1
1435620 1042.7
1435630 1047.0
1435640 1047.0
1435650 1050.1
1435660 1053.0
1435670 1053.0
1435680 1055.8
1435690 1058.9
1435700 1058.9
1435710 1062.2
1435720 1065.3
1435730 1065.3
1435740 1067.2
1435750 1066.2
1435760 1056.6
1435770 1056.6
1435780 1052.3
1435790 1054.3
1435800 1054.3
1435810 1064.0
1435820 1070.0
1435830 1070.0
1435840 1072.7
1435850 1074.5
1435860 1074.5
1435870 1078.1
1435880 1083.2
1435890 1083.2
1435900 1087.8
1435910 1091.3
1435920 1091.3
1435930 1094.1
1435940 1094.5
1435950 1094.5
1435960 1095.9
1435970 1098.8
1435980 1105.5
1435990 1105.5
1436000 1110.1
1436010 1113.3
1436020 1113.3
1436030 1115.4
1436040 1118.2
1436050 1118.2
1436060 1120.0
1436070 1122.0
1436080 1122.0
1436090 1126.2
1436100 1130.5
1436110 1130.5
1436120 1134.5
1436130 1137.7
1436140 1137.7
1436150 1140.8
1436160 1144.1
1436170 1148.8
1436180 1148.8
1436190 1155.4
1436200 1161.3
1436210 1161.3
1436220 1165.3
1436230 1169.9
1436240 1169.9
1436250 1173.1
1436260 1176.9
1436270 1176.9
1436280 1181.6
1436290 1185.4
1436300 1185.4
1436310 1188.7
1436320 1193.4
1436330 1193.4
1436340 1198.2
1436350 1204.3
1436360 1210.2
1436370 1210.2
1436380 1210.2
1436390 1208.1
1436400 1208.1
1436410 1211.7
1436420 1216.5
1436430 1216.5
1436440 1221.9
1436450 1225.8
1436460 1225.8
1436470 1229.1
1436480 1232.1
1436490 1232.1
1436500 1235.0
1436510 1238.3
1436520 1238.3
1436530 1241.0
1436540 1242.7
1436550 1242.7
1436560 1240.7
1436570 1229.2
1436580 1208.6
1436590 1208.6
1436600 1207.0
1436610 1199.5
1436620 1199.5
1436630 1189.9
1436640 1188.2
1436650 1188.2
1436660 1195.2
1436670 1205.9
1436680 1205.9
1436690 1218.7
1436700 1228.8
1436710 1228.8
1436720 1232.5
1436730 1237.1
1436740 1237.1
1436750 1241.1
1436760 1245.0
1436770 1249.3
1436780 1249.3
1436790 1254.0
1436800 1258.8
1436810 1258.8
1436820 1265.0
1436830 1271.4
1436840 1271.4
1436850 1278.2
1436860 1285.1
1436870 1285.1
1436880 1291.2
1436890 1296.6
1436900 1296.6
1436910 1299.9
1436920 1300.0
1436930 1300.0
1436940 1301.5
1436950 1305.8
1436960 1314.2
1436970 1314.2
1436980 1322.5
1436990 1329.4
1437000 1329.4
1437010 1334.5
1437020 1340.1
1437030 1340.1
1437040 1346.3
1437050 1352.9
1437060 1352.9
1437070 1359.4
1437080 1365.0
1437090 1365.0
1437100 1370.7
1437110 1376.8
1437120 1376.8
1437130 1382.7
1437140 1389.1
1437150 1389.1
1437160 1396.1
1437170 1402.9
1437180 1409.2
1437190 1409.2
1437200 1416.0
1437210 1423.1
1437220 1423.1
1437230 1429.8
1437240 1437.1
1437250 1437.1
1437260 1442.7
1437270 1446.7
1437280 1446.7
1437290 1452.8
1437300 1460.5
1437310 1460.5
1437320 1466.6
1437330 1472.0
1437340 1472.0
1437350 1476.7
1437360 1482.2
1437370 1488.5
1437380 1488.5
1437390 1493.8
1437400 1499.4
1437410 1499.4
1437420 1505.6
1437430 1512.5
1437440 1512.5
1437450 1519.9
1437460 1528.3
1437470 1528.3
1437480 1534.4
1437490 1541.3
1437500 1541.3
1437510 1549.3
1437520 1556.9
1437530 1556.9
1437540 1562.7
1437550 1568.3
1437560 1574.7
1437570 1574.7
1437580 1582.0
1437590 1590.2
1437600 1590.2
1437610 1599.1
1437620 1605.3
1437630 1605.3
1437640 1611.7
1437650 1619.1
1437660 1619.1
1437670 1626.3
1437680 1631.6
1437690 1631.6
1437700 1627.2
1437710 1611.6
1437720 1611.6
1437730 1606.0
1437740 1600.6
1437750 1600.6
1437760 1596.1
1437770 1602.9
1437780 1619.8
1437790 1619.8
1437800 1651.5
1437810 1668.3
1437820 1668.3
1437830 1678.3
1437840 1689.4
1437850 1689.4
1437860 1696.4
1437870 1702.4
1437880 1702.4
1437890 1708.8
1437900 1715.7
1437910 1715.7
1437920 1722.2
1437930 1728.2
1437940 1728.2
1437950 1740.8
1437960 1750.9
1437970 1757.6
1437980 1757.6
1437990 1764.5
1438000 1771.0
1438010 1771.0
1438020 1777.3
1438030 1783.1
1438040 1783.1
1438050 1789.0
1438060 1795.7
1438070 1795.7
1438080 1802.8
1438090 1810.2
1438100 1810.2
1438110 1817.1
1438120 1823.3
1438130 1823.3
1438140 1829.3
1438150 1835.3
1438160 1841.1
1438170 1841.1
1438180 1847.2
1438190 1854.2
1438200 1854.2
1438210 1861.4
1438220 1868.1
1438230 1868.1
1438240 1874.7
1438250 1882.5
1438260 1882.5
1438270 1891.6
1438280 1898.5
1438290 1898.5
1438300 1903.0
1438310 1907.7
1438320 1907.7
1438330 1912.7
1438340 1921.6
1438350 1921.6
1438360 1927.0
1438370 1931.5
1438380 1936.3
1438390 1936.3
1438400 1939.3
1438410 1943.7
1438420 1943.7
1438430 1948.6
1438440 1953.6
1438450 1953.6
1438460 1958.6
1438470 1962.8
1438480 1962.8
1438490 1966.1
1438500 1968.7
1438510 1968.7
1438520 1969.9
1438530 1972.8
1438540 1972.8
1438550 1975.4
1438560 1977.2
1438570 1977.5
1438580 1977.5
1438590 1978.2
1438600 1979.1
1438610 1979.1
1438620 1978.7
1438630 1978.6
1438640 1978.6
1438650 1979.1
1438660 1978.9
1438670 1978.9
1438680 1978.1
1438690 1977.0
1438700 1977.0
1438710 1977.8
1438720 1975.5
1438730 1975.5
1438740 1973.1
1438750 1971.4
1438760 1967.5
1438770 1967.5
1438780 1965.1
1438790 1962.2
1438800 1962.2
1438810 1960.8
1438820 1960.0
1438830 1960.0
1438840 1959.5
1438850 1958.2
1438860 1958.2
1438870 1956.7
1438880 1955.4
1438890 1955.4
1438900 1954.4
1438910 1953.7
1438920 1953.7
1438930 1953.7
1438940 1954.8
1438950 1954.8
1438960 1955.4
1438970 1953.8
1438980 1949.7
1438990 1949.7
1439000 1951.9
1439010 1958.4
1439020 1958.4
1439030 1964.9
1439040 1970.0
1439050 1970.0
1439060 1974.2
1439070 1978.1
1439080 1978.1
1439090 1982.2
1439100 1986.2
1439110 1986.2
1439120 1990.1
1439130 1993.7
1439140 1993.7
1439150 1997.0
1439160 2000.5
1439170 2004.1
1439180 2004.1
1439190 2007.5
1439200 2010.4
1439210 2010.4
1439220 2013.5
1439230 2016.7
1439240 2016.7
1439250 2019.9
1439260 2023.3
1439270 2023.3
1439280 2029.3
1439290 2033.2
1439300 2033.2
1439310 2037.2
1439320 2041.5
1439330 2041.5
1439340 2045.8
1439350 2050.8
1439360 2055.6
1439370 2055.6
1439380 2060.2
1439390 2065.0
1439400 2065.0
1439410 2069.9
1439420 2075.0
1439430 2075.0
1439440 2080.0
1439450 2084.7
1439460 2084.7
1439470 2089.8
1439480 2094.5
1439490 2094.5
1439500 2100.4
1439510 2105.7
1439520 2105.7
1439530 2111.3
1439540 2117.7
1439550 2117.7
1439560 2123.1
1439570 2128.3
1439580 2133.7
1439590 2133.7
1439600 2138.2
1439610 2143.1
1439620 2143.1
1439630 2147.7
1439640 2151.9
1439650 2151.9
1439660 2155.9
1439670 2160.5
1439680 2160.5
1439690 2165.4
1439700 2170.4
1439710 2170.4
1439720 2175.8
1439730 2180.9
1439740 2180.9
1439750 2186.1
1439760 2191.5
1439770 2196.7
1439780 2196.7
1439790 2201.9
1439800 2206.8
1439810 2206.8
1439820 2211.6
1439830 2217.1
1439840 2217.1
1439850 2222.0
1439860 2226.6
1439870 2226.6
1439880 2231.1
1439890 2235.7
1439900 2235.7
1439910 2240.3
1439920 2244.9
1439930 2244.9
1439940 2249.2
1439950 2253.6
1439960 2258.1
1439970 2258.1
1439980 2262.7
1439990 2267.2
