1420000 2478.4
1420010 2478.4
1420020 2473.3
1420030 2468.7
1420040 2468.7
1420050 2465.2
1420060 2459.9
1420070 2454.3
1420080 2454.3
1420090 2444.9
1420100 2438.8
1420110 2438.8
1420120 2431.4
1420130 2428.2
1420140 2428.2
1420150 2422.6
1420160 2415.7
1420170 2415.7
1420180 2409.3
1420190 2404.1
1420200 2404.1
1420210 2392.9
1420220 2387.1
1420230 2387.1
1420240 2394.0
1420250 2398.8
1420260 2398.8
1420270 2401.7
1420280 2401.6
1420290 2399.8
1420300 2399.8
1420310 2396.8
1420320 2394.3
1420330 2394.3
1420340 2387.6
1420350 2382.7
1420360 2382.7
1420370 2382.8
1420380 2386.5
1420390 2386.5
1420400 2389.2
1420410 2391.0
1420420 2391.0
1420430 2393.1
1420440 2395.9
1420450 2395.9
1420460 2396.9
1420470 2398.5
1420480 2400.0
1420490 2400.0
1420500 2397.5
1420510 2399.8
1420520 2399.8
1420530 2402.1
1420540 2405.0
1420550 2405.0
1420560 2404.7
1420570 2402.6
1420580 2402.6
1420590 2404.8
1420600 2409.6
1420610 2409.6
1420620 2413.1
1420630 2418.1
1420640 2418.1
1420650 2422.7
1420660 2424.2
1420670 2424.2
1420680 2426.1
1420690 2427.8
1420700 2430.6
1420710 2430.6
1420720 2433.5
1420730 2434.5
1420740 2434.5
1420750 2436.8
1420760 2438.1
1420770 2440.9
1420780 2441.3
1420790 2442.0
1420800 2442.0
1420810 2444.2
1420820 2447.0
1420830 2447.0
1420840 2450.2
1420850 2454.6
1420860 2454.6
1420870 2457.3
1420880 2458.8
1420890 2458.8
1420900 2458.8
1420910 2460.0
1420920 2458.1
1420930 2458.1
1420940 2456.2
1420950 2460.7
1420960 2460.7
1420970 2466.8
1420980 2474.0
1420990 2474.0
1421000 2481.1
1421010 2486.9
1421020 2486.9
1421030 2490.0
1421040 2491.5
1421050 2491.5
1421060 2493.0
1421070 2495.8
1421080 2498.8
1421090 2498.8
1421100 2501.5
1421110 2504.3
1421120 2504.3
1421130 2506.7
1421140 2510.2
1421150 2510.2
1421160 2512.7
1421170 2514.6
1421180 2514.6
1421190 2516.3
1421200 2517.4
1421210 2517.4
1421220 2517.9
1421230 2520.6
1421240 2520.6
1421250 2522.1
1421260 2522.7
1421270 2522.7
1421280 2525.2
1421290 2528.6
1421300 2532.2
1421310 2532.2
1421320 2537.4
1421330 2543.3
1421340 2543.3
1421350 2547.4
1421360 2551.1
1421370 2551.1
1421380 2554.8
1421390 2558.1
1421400 2558.1
1421410 2561.5
1421420 2565.5
1421430 2565.5
1421440 2569.3
1421450 2573.0
1421460 2573.0
1421470 2575.6
1421480 2578.4
1421490 2581.2
1421500 2581.2
1421510 2583.7
1421520 2586.6
1421530 2586.6
1421540 2589.5
1421550 2591.3
1421560 2591.3
1421570 2591.8
1421580 2592.9
1421590 2592.9
1421600 2594.2
1421610 2596.1
1421620 2596.1
1421630 2599.0
1421640 2603.9
1421650 2603.9
1421660 2609.5
1421670 2613.8
1421680 2618.0
1421690 2618.0
1421700 2622.2
1421710 2625.2
1421720 2625.2
1421730 2626.6
1421740 2629.1
1421750 2629.1
1421760 2633.7
1421770 2637.2
1421780 2637.2
1421790 2639.0
1421800 2642.0
1421810 2642.0
1421820 2644.6
1421830 2647.9
1421840 2647.9
1421850 2653.2
1421860 2657.1
1421870 2657.1
1421880 2660.9
1421890 2662.6
1421900 2663.9
1421910 2663.9
1421920 2665.4
1421930 2665.8
1421940 2665.8
1421950 2665.8
1421960 2667.8
1421970 2667.8
1421980 2669.3
1421990 2669.1
1422000 2669.1
1422010 2669.2
1422020 2671.0
1422030 2671.0
1422040 2672.5
1422050 2672.4
1422060 2672.4
1422070 2669.7
1422080 2666.3
1422090 2662.4
1422100 2662.4
1422110 2661.6
1422120 2662.7
1422130 2662.7
1422140 2664.5
1422150 2667.0
1422160 2667.0
1422170 2669.3
1422180 2671.8
1422190 2671.8
1422200 2674.7
1422210 2677.8
1422220 2677.8
1422230 2680.9
1422240 2684.0
1422250 2684.0
1422260 2685.9
1422270 2686.3
1422280 2686.9
1422290 2686.9
1422300 2687.3
1422310 2687.6
1422320 2687.6
1422330 2690.2
1422340 2694.5
1422350 2694.5
1422360 2702.2
1422370 2709.4
1422380 2709.4
1422390 2712.8
1422400 2716.3
1422410 2716.3
1422420 2720.0
1422430 2722.7
1422440 2722.7
1422450 2725.5
1422460 2728.4
1422470 2728.4
1422480 2731.5
1422490 2734.9
1422500 2737.2
1422510 2737.2
1422520 2739.4
1422530 2742.4
1422540 2742.4
1422550 2745.5
1422560 2747.6
1422570 2747.6
1422580 2749.8
1422590 2750.4
1422600 2750.4
1422610 2751.2
1422620 2754.1
1422630 2754.1
1422640 2757.4
1422650 2760.8
1422660 2760.8
1422670 2764.3
1422680 2766.1
1422690 2769.7
1422700 2769.7
1422710 2774.0
1422720 2777.6
1422730 2777.6
1422740 2780.6
1422750 2783.5
1422760 2783.5
1422770 2786.7
1422780 2790.0
1422790 2787.1
1422800 2789.9
1422810 2792.1
1422820 2792.1
1422830 2793.6
1422840 2794.6
1422850 2794.6
1422860 2795.7
1422870 2797.6
1422880 2801.0
1422890 2801.0
1422900 2804.5
1422910 2806.9
1422920 2806.9
1422930 2809.6
1422940 2812.7
1422950 2812.7
1422960 2816.3
1422970 2820.1
1422980 2820.1
1422990 2824.9
1423000 2829.3
1423010 2829.3
1423020 2833.4
1423030 2839.0
1423040 2839.0
1423050 2845.6
1423060 2852.3
1423070 2852.3
1423080 2861.1
1423090 2870.7
1423100 2879.5
1423110 2879.5
1423120 2891.6
1423130 2911.0
1423140 2911.0
1423150 2931.5
1423160 2954.4
1423170 2954.4
1423180 2965.0
1423190 2954.9
1423200 2954.9
1423210 2935.1
1423220 2920.2
1423230 2920.2
1423240 2907.7
1423250 2892.3
1423260 2892.3
1423270 2877.4
1423280 2868.0
1423290 2859.0
1423300 2859.0
1423310 2850.4
1423320 2838.6
1423330 2838.6
1423340 2824.8
1423350 2810.8
1423360 2810.8
1423370 2795.7
1423380 2787.9
1423390 2787.9
1423400 2783.6
1423410 2779.7
1423420 2779.7
1423430 2775.0
1423440 2770.3
1423450 2770.3
1423460 2765.3
1423470 2759.9
1423480 2754.0
1423490 2754.0
1423500 2749.2
1423510 2745.8
1423520 2745.8
1423530 2742.9
1423540 2739.1
1423550 2739.1
1423560 2734.9
1423570 2731.8
1423580 2731.8
1423590 2728.8
1423600 2725.9
1423610 2725.9
1423620 2726.6
1423630 2728.8
1423640 2728.8
1423650 2727.7
1423660 2725.4
1423670 2725.4
1423680 2727.2
1423690 2726.5
1423700 2715.5
1423710 2715.5
1423720 2694.9
1423730 2676.8
1423740 2676.8
1423750 2661.7
1423760 2647.7
1423770 2647.7
1423780 2638.9
1423790 2636.9
1423800 2636.9
1423810 2635.4
1423820 2634.2
1423830 2634.2
1423840 2632.9
1423850 2631.5
1423860 2631.5
1423870 2630.4
1423880 2629.3
1423890 2627.7
1423900 2627.7
1423910 2626.3
1423920 2624.8
1423930 2624.8
1423940 2622.8
1423950 2620.0
1423960 2620.0
1423970 2616.3
1423980 2612.0
1423990 2612.0
1424000 2606.7
1424010 2600.5
1424020 2600.5
1424030 2593.8
1424040 2587.5
1424050 2587.5
1424060 2580.9
1424070 2571.0
1424080 2563.1
1424090 2563.1
1424100 2559.0
1424110 2555.6
1424120 2555.6
1424130 2552.2
1424140 2548.1
1424150 2548.1
1424160 2542.1
1424170 2535.8
1424180 2535.8
1424190 2529.0
1424200 2522.2
1424210 2522.2
1424220 2516.0
1424230 2510.4
1424240 2510.4
1424250 2505.1
1424260 2500.1
1424270 2500.1
1424280 2495.0
1424290 2490.2
1424300 2485.0
1424310 2485.0
1424320 2480.1
1424330 2474.9
1424340 2474.9
1424350 2469.8
1424360 2464.8
1424370 2464.8
1424380 2459.4
1424390 2454.0
1424400 2454.0
1424410 2448.8
1424420 2443.8
1424430 2443.8
1424440 2438.6
1424450 2433.2
1424460 2433.2
1424470 2427.9
1424480 2422.9
1424490 2417.9
1424500 2417.9
1424510 2413.1
1424520 2408.3
1424530 2408.3
1424540 2403.4
1424550 2398.6
1424560 2398.6
1424570 2394.0
1424580 2389.5
1424590 2389.5
1424600 2385.4
1424610 2381.4
1424620 2381.4
1424630 2377.9
1424640 2374.7
1424650 2374.7
1424660 2371.6
1424670 2368.6
1424680 2365.5
1424690 2365.5
1424700 2362.0
1424710 2359.3
1424720 2359.3
1424730 2357.3
1424740 2354.9
1424750 2354.9
1424760 2352.1
1424770 2350.2
1424780 2350.2
1424790 2348.8
1424800 2347.2
1424810 2347.2
1424820 2346.7
1424830 2346.9
1424840 2346.9
1424850 2345.8
1424860 2343.2
1424870 2343.2
1424880 2334.7
1424890 2331.3
1424900 2329.2
1424910 2329.2
1424920 2327.2
1424930 2324.9
1424940 2324.9
1424950 2322.3
1424960 2319.7
1424970 2319.7
1424980 2318.5
1424990 2317.7
1425000 2317.7
1425010 2316.0
1425020 2313.1
1425030 2313.1
1425040 2310.1
1425050 2306.0
1425060 2306.0
1425070 2300.5
1425080 2294.7
1425090 2288.5
1425100 2288.5
1425110 2282.7
1425120 2278.9
1425130 2278.9
1425140 2275.7
1425150 2272.3
1425160 2272.3
1425170 2269.0
1425180 2266.0
1425190 2266.0
1425200 2262.5
1425210 2257.8
1425220 2257.8
1425230 2252.9
1425240 2248.1
1425250 2248.1
1425260 2244.5
1425270 2240.5
1425280 2238.9
1425290 2238.9
1425300 2237.8
1425310 2235.1
1425320 2235.1
1425330 2232.0
1425340 2227.9
1425350 2227.9
1425360 2226.7
1425370 2221.5
1425380 2221.5
1425390 2217.7
1425400 2213.5
1425410 2213.5
1425420 2210.8
1425430 2210.3
1425440 2210.3
1425450 2209.7
1425460 2211.5
1425470 2211.5
1425480 2216.2
1425490 2231.3
1425500 2235.9
1425510 2235.9
1425520 2235.6
1425530 2237.5
1425540 2237.5
1425550 2237.6
1425560 2235.4
1425570 2235.4
1425580 2231.6
1425590 2227.2
1425600 2227.2
1425610 2217.8
1425620 2205.9
1425630 2205.9
1425640 2198.1
1425650 2192.7
1425660 2192.7
1425670 2186.2
1425680 2178.9
1425690 2169.7
1425700 2169.7
1425710 2162.7
1425720 2153.0
1425730 2153.0
1425740 2137.6
1425750 2128.1
1425760 2128.1
1425770 2119.0
1425780 2111.0
1425790 2111.0
1425800 2105.2
1425810 2097.8
1425820 2097.8
1425830 2087.5
1425840 2073.5
1425850 2073.5
1425860 2057.0
1425870 2042.9
1425880 2042.9
1425890 2032.6
1425900 2023.1
1425910 2015.0
1425920 2015.0
1425930 2008.7
1425940 2006.0
1425950 2006.0
1425960 2015.4
1425970 2022.6
1425980 2022.6
1425990 2022.2
1426000 2018.8
1426010 2018.8
1426020 2015.0
1426030 2013.4
1426040 2013.4
1426050 2013.9
1426060 2013.1
1426070 2013.1
1426080 2012.3
1426090 2012.0
1426100 2011.6
1426110 2011.6
1426120 2011.3
1426130 2009.8
1426140 2009.8
1426150 2010.4
1426160 2010.3
1426170 2010.3
1426180 2009.2
1426190 2008.8
1426200 2008.8
1426210 2009.9
1426220 2011.7
1426230 2011.7
1426240 2014.2
1426250 2015.1
1426260 2015.1
1426270 2015.7
1426280 2017.6
1426290 2018.6
1426300 2018.6
1426310 2020.1
1426320 2020.8
1426330 2020.8
1426340 2021.1
1426350 2022.0
1426360 2022.0
1426370 2022.1
1426380 2022.0
1426390 2022.0
1426400 2021.9
1426410 2021.3
1426420 2021.3
1426430 2019.6
1426440 2017.5
1426450 2017.5
1426460 2015.2
1426470 2013.9
1426480 2013.9
1426490 2011.6
1426500 2009.0
1426510 2004.3
1426520 2004.3
1426530 1999.0
1426540 1994.5
1426550 1994.5
1426560 1988.6
1426570 1979.3
1426580 1979.3
1426590 1969.7
1426600 1964.8
1426610 1964.8
1426620 1960.1
1426630 1955.2
1426640 1955.2
1426650 1951.4
1426660 1947.2
1426670 1947.2
1426680 1941.5
1426690 1937.8
1426700 1935.3
1426710 1935.3
1426720 1932.3
1426730 1932.1
1426740 1932.1
1426750 1930.7
1426760 1929.3
1426770 1929.3
1426780 1929.6
1426790 1930.0
1426800 1930.0
1426810 1928.5
1426820 1925.2
1426830 1925.2
1426840 1920.2
1426850 1911.1
1426860 1911.1
1426870 1903.4
1426880 1898.4
1426890 1892.3
1426900 1892.3
1426910 1886.0
1426920 1880.2
1426930 1880.2
1426940 1875.4
1426950 1872.3
1426960 1872.3
1426970 1868.3
1426980 1862.9
1426990 1862.9
1427000 1857.7
1427010 1854.1
1427020 1854.1
1427030 1850.2
1427040 1841.5
1427050 1841.5
1427060 1836.4
1427070 1827.1
1427080 1827.1
1427090 1822.2
1427100 1818.0
1427110 1813.8
1427120 1813.8
1427130 1809.6
1427140 1802.6
1427150 1802.6
1427160 1793.6
1427170 1784.4
1427180 1784.4
1427190 1779.6
1427200 1774.6
1427210 1774.6
1427220 1769.0
1427230 1763.7
1427240 1763.7
1427250 1758.1
1427260 1752.1
1427270 1752.1
1427280 1743.9
1427290 1735.6
1427300 1726.5
1427310 1726.5
1427320 1717.7
1427330 1710.6
1427340 1710.6
1427350 1704.1
1427360 1697.8
1427370 1697.8
1427380 1691.9
1427390 1686.3
1427400 1686.3
1427410 1680.0
1427420 1673.2
1427430 1673.2
1427440 1666.9
1427450 1660.3
1427460 1660.3
1427470 1653.7
1427480 1647.7
1427490 1642.4
1427500 1642.4
1427510 1637.5
1427520 1633.0
1427530 1633.0
1427540 1627.5
1427550 1622.2
1427560 1622.2
1427570 1616.8
1427580 1611.2
1427590 1611.2
1427600 1605.2
1427610 1600.6
1427620 1600.6
1427630 1594.1
1427640 1588.2
1427650 1588.2
1427660 1585.1
1427670 1583.7
1427680 1583.7
1427690 1582.7
1427700 1580.4
1427710 1578.3
1427720 1578.3
1427730 1576.5
1427740 1574.5
1427750 1574.5
1427760 1574.3
1427770 1572.9
1427780 1572.9
1427790 1572.7
1427800 1573.4
1427810 1573.4
1427820 1575.5
1427830 1574.5
1427840 1574.5
1427850 1571.9
1427860 1570.1
1427870 1570.1
1427880 1568.6
1427890 1566.9
1427900 1565.8
1427910 1565.8
1427920 1564.9
1427930 1565.4
1427940 1565.4
1427950 1564.9
1427960 1563.4
1427970 1563.4
1427980 1564.6
1427990 1565.2
1428000 1565.2
1428010 1564.9
1428020 1564.2
1428030 1564.2
1428040 1563.1
1428050 1563.2
1428060 1563.2
1428070 1563.4
1428080 1563.1
1428090 1561.6
1428100 1561.6
1428110 1561.6
1428120 1561.3
1428130 1561.3
1428140 1561.0
1428150 1561.7
1428160 1561.7
1428170 1562.4
1428180 1563.6
1428190 1563.6
1428200 1565.6
1428210 1567.7
1428220 1567.7
1428230 1569.5
1428240 1572.0
1428250 1572.0
1428260 1574.8
1428270 1577.2
1428280 1577.2
1428290 1579.4
1428300 1583.7
1428310 1588.4
1428320 1588.4
1428330 1593.1
1428340 1597.4
1428350 1597.4
1428360 1601.4
1428370 1604.8
1428380 1604.8
1428390 1607.7
1428400 1610.5
1428410 1610.5
1428420 1612.8
1428430 1614.7
1428440 1614.7
1428450 1615.9
1428460 1616.9
1428470 1616.9
1428480 1621.4
1428490 1632.2
1428500 1636.1
1428510 1636.1
1428520 1638.4
1428530 1641.1
1428540 1641.1
1428550 1650.8
1428560 1667.0
1428570 1667.0
1428580 1679.5
1428590 1687.0
1428600 1687.0
1428610 1685.7
1428620 1684.6
1428630 1684.6
1428640 1695.6
1428650 1709.7
1428660 1709.7
1428670 1709.6
1428680 1699.5
1428690 1693.2
1428700 1693.2
1428710 1698.3
1428720 1700.1
1428730 1700.1
1428740 1699.4
1428750 1696.4
1428760 1696.4
1428770 1692.0
1428780 1685.9
1428790 1685.9
1428800 1685.7
1428810 1696.7
1428820 1696.7
1428830 1713.2
1428840 1725.6
1428850 1725.6
1428860 1735.7
1428870 1740.6
1428880 1740.6
1428890 1737.3
1428900 1735.7
1428910 1736.7
1428920 1736.7
1428930 1743.2
1428940 1743.6
1428950 1743.6
1428960 1747.4
1428970 1758.6
1428980 1758.6
1428990 1772.1
1429000 1777.7
1429010 1777.7
1429020 1777.7
1429030 1772.7
1429040 1772.7
1429050 1765.3
1429060 1770.7
1429070 1770.7
1429080 1778.9
1429090 1787.8
1429100 1798.7
1429110 1798.7
1429120 1806.3
1429130 1817.4
1429140 1817.4
1429150 1828.2
1429160 1830.6
1429170 1830.6
1429180 1832.2
1429190 1832.9
1429200 1832.9
1429210 1832.9
1429220 1833.5
1429230 1833.5
1429240 1836.2
1429250 1838.7
1429260 1838.7
1429270 1840.5
1429280 1840.5
1429290 1852.1
1429300 1852.1
1429310 1855.9
1429320 1856.3
1429330 1856.3
1429340 1852.7
1429350 1847.1
1429360 1847.1
1429370 1840.0
1429380 1833.6
1429390 1833.6
1429400 1830.2
1429410 1832.8
1429420 1832.8
1429430 1842.7
1429440 1857.4
1429450 1857.4
1429460 1868.4
1429470 1863.6
1429480 1863.6
1429490 1854.0
1429500 1845.8
1429510 1838.2
1429520 1838.2
1429530 1833.2
1429540 1830.0
1429550 1830.0
1429560 1825.6
1429570 1819.4
1429580 1819.4
1429590 1812.2
1429600 1804.1
1429610 1804.1
1429620 1800.1
1429630 1798.4
1429640 1798.4
1429650 1794.2
1429660 1782.7
1429670 1782.7
1429680 1767.1
1429690 1750.3
1429700 1734.6
1429710 1734.6
1429720 1721.2
1429730 1710.4
1429740 1710.4
1429750 1707.8
1429760 1721.4
1429770 1721.4
1429780 1737.2
1429790 1753.9
1429800 1753.9
1429810 1770.4
1429820 1787.5
1429830 1787.5
1429840 1806.4
1429850 1821.4
1429860 1821.4
1429870 1823.4
1429880 1815.9
1429890 1812.2
1429900 1812.2
1429910 1807.8
1429920 1804.8
1429930 1804.8
1429940 1805.2
1429950 1806.0
1429960 1806.0
1429970 1806.4
1429980 1807.8
1429990 1807.8
1430000 1812.1
1430010 1818.2
1430020 1818.2
1430030 1824.5
1430040 1832.5
1430050 1832.5
1430060 1843.9
1430070 1848.7
1430080 1848.7
1430090 1850.5
1430100 1851.6
1430110 1851.4
1430120 1851.4
1430130 1851.9
1430140 1852.4
1430150 1852.4
1430160 1849.6
1430170 1849.4
1430180 1849.4
1430190 1850.4
1430200 1849.1
1430210 1849.1
1430220 1843.0
1430230 1841.6
1430240 1841.6
1430250 1841.2
1430260 1840.5
1430270 1840.5
1430280 1839.6
1430290 1837.9
1430300 1836.7
1430310 1836.7
1430320 1837.3
1430330 1837.0
1430340 1837.0
1430350 1836.9
1430360 1837.8
1430370 1837.8
1430380 1838.9
1430390 1841.3
1430400 1841.3
1430410 1846.9
1430420 1851.8
1430430 1851.8
1430440 1853.8
1430450 1855.0
1430460 1855.0
1430470 1860.9
1430480 1870.8
1430490 1877.6
1430500 1877.6
1430510 1884.3
1430520 1894.0
1430530 1894.0
1430540 1900.2
1430550 1900.5
1430560 1900.5
1430570 1899.7
1430580 1899.2
1430590 1899.2
1430600 1898.9
1430610 1897.3
1430620 1897.3
1430630 1895.8
1430640 1894.3
1430650 1894.3
1430660 1892.7
1430670 1891.0
1430680 1891.0
1430690 1892.1
1430700 1894.4
1430710 1896.8
1430720 1896.8
1430730 1899.1
1430740 1900.7
1430750 1900.7
1430760 1901.6
1430770 1902.6
1430780 1902.6
1430790 1903.1
1430800 1904.4
1430810 1904.4
1430820 1907.9
1430830 1911.3
1430840 1911.3
1430850 1913.3
1430860 1917.4
1430870 1917.4
1430880 1919.6
1430890 1920.3
1430900 1919.4
1430910 1919.4
1430920 1919.3
1430930 1922.8
1430940 1922.8
1430950 1926.7
1430960 1929.9
1430970 1929.9
1430980 1932.7
1430990 1943.0
1431000 1943.0
1431010 1948.1
1431020 1948.1
1431030 1948.1
1431040 1947.0
1431050 1945.4
1431060 1945.4
1431070 1943.2
1431080 1940.5
1431090 1937.7
1431100 1937.7
1431110 1936.3
1431120 1936.0
1431130 1936.0
1431140 1936.0
1431150 1935.7
1431160 1935.7
1431170 1934.8
1431180 1933.7
1431190 1933.7
1431200 1931.9
1431210 1929.6
1431220 1929.6
1431230 1927.4
1431240 1925.6
1431250 1925.6
1431260 1923.9
1431270 1921.5
1431280 1921.5
1431290 1918.7
1431300 1915.8
1431310 1914.0
1431320 1914.0
1431330 1913.3
1431340 1913.1
1431350 1913.1
1431360 1912.2
1431370 1910.6
1431380 1910.6
1431390 1908.6
1431400 1906.7
1431410 1906.7
1431420 1904.8
1431430 1902.4
1431440 1902.4
1431450 1901.1
1431460 1898.2
1431470 1898.2
1431480 1895.4
1431490 1891.7
1431500 1887.8
1431510 1887.8
1431520 1883.7
1431530 1879.3
1431540 1879.3
1431550 1874.9
1431560 1870.4
1431570 1870.4
1431580 1866.3
1431590 1862.3
1431600 1862.3
1431610 1857.6
1431620 1852.1
1431630 1854.6
1431640 1849.4
1431650 1844.7
1431660 1844.7
1431670 1840.4
1431680 1835.0
1431690 1829.1
1431700 1829.1
1431710 1823.3
1431720 1815.0
1431730 1815.0
1431740 1800.5
1431750 1791.6
1431760 1791.6
1431770 1785.1
1431780 1778.7
1431790 1778.7
1431800 1771.6
1431810 1763.5
1431820 1763.5
1431830 1755.4
1431840 1748.9
1431850 1748.9
1431860 1746.4
1431870 1743.0
1431880 1743.0
1431890 1736.7
1431900 1732.8
1431910 1729.2
1431920 1729.2
1431930 1725.0
1431940 1720.7
1431950 1720.7
1431960 1716.4
1431970 1712.1
1431980 1712.1
1431990 1707.2
1432000 1701.7
1432010 1701.7
1432020 1696.8
1432030 1692.0
1432040 1692.0
1432050 1687.0
1432060 1681.5
1432070 1681.5
1432080 1676.7
1432090 1671.9
1432100 1668.1
1432110 1668.1
1432120 1663.4
1432130 1658.4
1432140 1658.4
1432150 1654.1
1432160 1650.0
1432170 1650.0
1432180 1647.0
1432190 1642.3
1432200 1642.3
1432210 1638.0
1432220 1631.3
1432230 1631.3
1432240 1624.8
1432250 1618.1
1432260 1618.1
1432270 1610.6
1432280 1603.2
1432290 1598.1
1432300 1598.1
1432310 1593.2
1432320 1587.5
1432330 1587.5
1432340 1582.1
1432350 1577.6
1432360 1577.6
1432370 1572.1
1432380 1566.4
1432390 1566.4
1432400 1560.9
1432410 1555.0
1432420 1555.0
1432430 1547.7
1432440 1541.0
1432450 1541.0
1432460 1535.3
1432470 1530.2
1432480 1530.2
1432490 1524.7
1432500 1518.5
1432510 1512.0
1432520 1512.0
1432530 1505.6
1432540 1499.2
1432550 1499.2
1432560 1493.1
1432570 1487.2
1432580 1487.2
1432590 1480.3
1432600 1472.9
1432610 1472.9
1432620 1466.3
1432630 1460.6
1432640 1460.6
1432650 1455.8
1432660 1448.6
1432670 1448.6
1432680 1441.2
1432690 1433.8
1432700 1426.5
1432710 1426.5
1432720 1417.8
1432730 1411.0
1432740 1411.0
1432750 1405.6
1432760 1399.9
1432770 1399.9
1432780 1394.8
1432790 1390.8
1432800 1390.8
1432810 1388.5
1432820 1386.5
1432830 1386.5
1432840 1383.1
1432850 1379.2
1432860 1379.2
1432870 1375.7
1432880 1371.9
1432890 1367.0
1432900 1367.0
1432910 1362.8
1432920 1359.4
1432930 1359.4
1432940 1356.1
1432950 1352.5
1432960 1352.5
1432970 1349.1
1432980 1344.8
1432990 1344.8
1433000 1339.1
1433010 1332.9
1433020 1332.9
1433030 1325.6
1433040 1318.6
1433050 1318.6
1433060 1312.2
1433070 1305.8
1433080 1305.8
1433090 1300.4
1433100 1289.7
1433110 1268.2
1433120 1268.2
1433130 1257.6
1433140 1251.9
1433150 1251.9
1433160 1245.7
1433170 1239.8
1433180 1239.8
1433190 1237.6
1433200 1244.1
1433210 1244.1
1433220 1253.7
1433230 1255.0
1433240 1255.0
1433250 1250.9
1433260 1249.6
1433270 1249.6
1433280 1250.1
1433290 1250.2
1433300 1251.6
1433310 1251.6
1433320 1254.9
1433330 1259.5
1433340 1259.5
1433350 1262.2
1433360 1266.5
1433370 1266.5
1433380 1274.2
1433390 1276.8
1433400 1276.8
1433410 1272.9
1433420 1268.7
1433430 1268.7
1433440 1264.0
1433450 1258.7
1433460 1258.7
1433470 1253.4
1433480 1248.6
1433490 1248.6
1433500 1244.0
1433510 1239.5
1433520 1236.4
1433530 1236.4
1433540 1234.1
1433550 1231.0
1433560 1231.0
1433570 1226.7
1433580 1222.0
1433590 1222.0
1433600 1216.7
1433610 1211.0
1433620 1211.0
1433630 1205.5
1433640 1200.3
1433650 1200.3
1433660 1192.7
1433670 1187.1
1433680 1187.1
1433690 1180.5
1433700 1172.7
1433710 1164.9
1433720 1164.9
1433730 1155.4
1433740 1149.5
1433750 1149.5
1433760 1145.8
1433770 1143.1
1433780 1143.1
1433790 1139.1
1433800 1136.0
1433810 1136.0
1433820 1136.8
1433830 1136.9
1433840 1136.9
1433850 1134.5
1433860 1129.3
1433870 1129.3
1433880 1123.7
1433890 1117.9
1433900 1113.0
1433910 1113.0
1433920 1109.2
1433930 1106.1
1433940 1106.1
1433950 1103.3
1433960 1100.9
1433970 1100.9
1433980 1099.1
1433990 1097.5
1434000 1097.5
1434010 1096.4
1434020 1094.7
1434030 1094.7
1434040 1092.2
1434050 1090.8
1434060 1090.8
1434070 1089.3
1434080 1088.0
1434090 1088.0
1434100 1085.0
1434110 1082.2
1434120 1079.3
1434130 1079.3
1434140 1076.2
1434150 1072.7
1434160 1072.7
1434170 1069.5
1434180 1066.5
1434190 1066.5
1434200 1063.9
1434210 1061.1
1434220 1061.1
1434230 1058.5
1434240 1056.1
1434250 1056.1
1434260 1054.1
1434270 1051.9
1434280 1051.9
1434290 1049.3
1434300 1046.8
1434310 1044.2
1434320 1044.2
1434330 1040.6
1434340 1035.5
1434350 1035.5
1434360 1029.4
1434370 1023.7
1434380 1023.7
1434390 1019.5
1434400 1018.5
1434410 1018.5
1434420 1018.5
1434430 1018.4
1434440 1018.4
1434450 1018.1
1434460 1017.9
1434470 1017.9
1434480 1017.7
1434490 1017.5
1434500 1017.3
1434510 1017.3
1434520 1017.4
1434530 1017.5
1434540 1017.5
1434550 1017.9
1434560 1016.0
1434570 1016.0
1434580 1015.2
1434590 1017.8
1434600 1017.8
1434610 1018.8
1434620 1017.7
1434630 1017.7
1434640 1016.9
1434650 1016.6
1434660 1016.6
1434670 1016.7
1434680 1016.9
1434690 1016.9
1434700 1017.2
1434710 1017.1
1434720 1016.8
1434730 1016.8
1434740 1016.4
1434750 1016.1
1434760 1016.1
1434770 1015.8
1434780 1015.6
1434790 1015.6
1434800 1015.5
1434810 1015.5
1434820 1015.5
1434830 1015.4
1434840 1015.2
1434850 1015.2
1434860 1015.0
1434870 1014.9
1434880 1014.9
1434890 1015.0
1434900 1015.0
1434910 1014.8
1434920 1014.8
1434930 1014.4
1434940 1014.1
1434950 1014.1
1434960 1013.9
1434970 1013.7
1434980 1013.7
1434990 1013.5
1435000 1013.7
1435010 1013.7
1435020 1013.7
1435030 1013.7
1435040 1013.7
1435050 1013.8
1435060 1014.0
1435070 1014.0
1435080 1013.9
1435090 1013.5
1435100 1012.9
1435110 1012.9
1435120 1012.3
1435130 1012.3
1435140 1012.3
1435150 1012.5
1435160 1012.0
1435170 1012.0
1435180 1011.4
1435190 1011.1
1435200 1011.1
1435210 1011.0
1435220 1011.1
1435230 1011.1
1435240 1011.1
1435250 1011.8
1435260 1011.8
1435270 1013.3
1435280 1015.8
1435290 1015.8
1435300 1019.3
1435310 1023.7
1435320 1028.8
1435330 1028.8
1435340 1033.4
1435350 1039.9
1435360 1039.9
1435370 1046.4
1435380 1048.8
1435390 1048.8
1435400 1050.0
1435410 1055.1
1435420 1055.1
1435430 1061.3
1435440 1067.1
1435450 1067.1
1435460 1070.9
1435470 1075.8
1435480 1075.8
1435490 1080.3
1435500 1084.9
1435510 1090.2
1435520 1090.2
1435530 1095.7
1435540 1101.0
1435550 1101.0
1435560 1105.4
1435570 1107.3
1435580 1107.3
1435590 1107.6
1435600 1108.4
1435610 1108.4
1435620 1113.2
1435630 1119.6
1435640 1119.6
1435650 1125.1
1435660 1128.4
1435670 1128.4
1435680 1132.0
1435690 1134.4
1435700 1134.5
1435710 1134.5
1435720 1133.3
1435730 1131.7
1435740 1131.7
1435750 1132.8
1435760 1138.8
1435770 1138.8
1435780 1146.3
1435790 1153.7
1435800 1153.7
1435810 1159.4
1435820 1163.8
1435830 1163.8
1435840 1167.4
1435850 1170.4
1435860 1170.4
1435870 1173.5
1435880 1177.2
1435890 1177.2
1435900 1180.6
1435910 1180.3
1435920 1176.8
1435930 1176.8
1435940 1175.8
1435950 1176.0
1435960 1176.0
1435970 1178.1
1435980 1183.6
1435990 1183.6
1436000 1187.4
1436010 1193.0
1436020 1193.0
1436030 1199.7
1436040 1203.7
1436050 1203.7
1436060 1203.2
1436070 1201.8
1436080 1201.8
1436090 1200.7
1436100 1200.4
1436110 1201.5
1436120 1201.5
1436130 1205.1
1436140 1210.8
1436150 1210.8
1436160 1216.6
1436170 1223.3
1436180 1223.3
1436190 1229.2
1436200 1233.8
1436210 1233.8
1436220 1238.4
1436230 1242.6
1436240 1242.6
1436250 1246.8
1436260 1250.9
1436270 1250.9
1436280 1254.9
1436290 1258.9
1436300 1262.6
1436310 1262.6
1436320 1265.1
1436330 1266.3
1436340 1266.3
1436350 1266.9
1436360 1267.4
1436370 1267.4
1436380 1268.1
1436390 1269.7
1436400 1269.7
1436410 1271.7
1436420 1273.2
1436430 1273.2
1436440 1274.0
1436450 1275.0
1436460 1275.0
1436470 1276.1
1436480 1277.4
1436490 1277.4
1436500 1278.9
1436510 1280.8
1436520 1282.8
1436530 1282.8
1436540 1285.0
1436550 1286.7
1436560 1286.7
1436570 1289.6
1436580 1293.0
1436590 1293.0
1436600 1295.4
1436610 1297.5
1436620 1297.5
1436630 1296.6
1436640 1296.0
1436650 1296.0
1436660 1293.9
1436670 1294.6
1436680 1294.6
1436690 1295.0
1436700 1294.9
1436710 1294.5
1436720 1294.5
1436730 1294.6
1436740 1294.2
1436750 1294.2
1436760 1293.0
1436770 1292.4
1436780 1292.4
1436790 1291.4
1436800 1290.4
1436810 1290.4
1436820 1288.2
1436830 1287.3
1436840 1287.3
1436850 1286.2
1436860 1283.8
1436870 1283.8
1436880 1279.2
1436890 1260.1
1436900 1265.1
1436910 1265.1
1436920 1278.7
1436930 1284.2
1436940 1284.2
1436950 1288.7
1436960 1292.5
1436970 1292.5
1436980 1296.7
1436990 1300.1
1437000 1300.1
1437010 1303.4
1437020 1306.9
1437030 1306.9
1437040 1310.1
1437050 1314.8
1437060 1314.8
1437070 1319.4
1437080 1325.0
1437090 1325.0
1437100 1330.9
1437110 1335.7
1437120 1339.8
1437130 1339.8
1437140 1343.5
1437150 1346.6
1437160 1346.6
1437170 1349.1
1437180 1351.0
1437190 1351.0
1437200 1353.3
1437210 1355.2
1437220 1355.2
1437230 1356.4
1437240 1358.3
1437250 1358.3
1437260 1360.2
1437270 1362.7
1437280 1362.7
1437290 1365.7
1437300 1369.0
1437310 1372.0
1437320 1372.0
1437330 1375.2
1437340 1379.5
1437350 1379.5
1437360 1383.4
1437370 1386.3
1437380 1386.3
1437390 1389.6
1437400 1393.4
1437410 1393.4
1437420 1397.3
1437430 1401.0
1437440 1401.0
1437450 1405.7
1437460 1410.9
1437470 1410.9
1437480 1415.1
1437490 1419.3
1437500 1423.9
1437510 1423.9
1437520 1429.1
1437530 1434.1
1437540 1434.1
1437550 1438.4
1437560 1442.0
1437570 1442.0
1437580 1444.4
1437590 1445.5
1437600 1445.5
1437610 1446.1
1437620 1449.1
1437630 1449.1
1437640 1451.9
1437650 1453.8
1437660 1453.8
1437670 1458.0
1437680 1463.6
1437690 1463.6
1437700 1469.3
1437710 1472.2
1437720 1472.5
1437730 1472.5
1437740 1473.8
1437750 1477.5
1437760 1477.5
1437770 1481.1
1437780 1484.7
1437790 1484.7
1437800 1488.7
1437810 1493.2
1437820 1493.2
1437830 1501.5
1437840 1514.7
1437850 1514.7
1437860 1525.1
1437870 1532.2
1437880 1532.2
1437890 1540.2
1437900 1549.4
1437910 1561.6
1437920 1561.6
1437930 1575.3
1437940 1582.2
1437950 1582.2
1437960 1583.3
1437970 1586.2
1437980 1586.2
1437990 1586.9
1438000 1591.2
1438010 1591.2
1438020 1598.9
1438030 1607.1
1438040 1607.1
1438050 1615.1
1438060 1621.5
1438070 1621.5
1438080 1623.4
1438090 1622.3
1438100 1621.8
1438110 1621.8
1438120 1621.5
1438130 1623.8
1438140 1623.8
1438150 1620.3
1438160 1622.0
1438170 1622.0
1438180 1630.2
1438190 1641.7
1438200 1641.7
1438210 1649.6
1438220 1656.6
1438230 1656.6
1438240 1665.2
1438250 1676.6
1438260 1676.6
1438270 1689.9
1438280 1702.5
1438290 1702.5
1438300 1709.7
1438310 1715.0
1438320 1726.2
1438330 1726.2
1438340 1737.2
1438350 1743.5
1438360 1743.5
1438370 1746.5
1438380 1753.4
1438390 1753.4
1438400 1762.0
1438410 1767.8
1438420 1767.8
1438430 1766.2
1438440 1754.9
1438450 1754.9
1438460 1744.5
1438470 1741.7
1438480 1741.7
1438490 1732.5
1438500 1724.5
1438510 1727.7
1438520 1727.7
1438530 1735.6
1438540 1741.7
1438550 1741.7
1438560 1741.0
1438570 1739.5
1438580 1739.5
1438590 1745.4
1438600 1746.9
1438610 1746.9
1438620 1738.2
1438630 1733.4
1438640 1733.4
1438650 1732.0
1438660 1733.9
1438670 1733.9
1438680 1739.2
1438690 1745.2
1438700 1752.3
1438710 1752.3
1438720 1763.0
1438730 1779.1
1438740 1779.1
1438750 1787.6
1438760 1794.0
1438770 1794.0
1438780 1810.1
1438790 1855.7
1438800 1855.7
1438810 1874.1
1438820 1881.0
1438830 1881.0
1438840 1886.5
1438850 1891.7
1438860 1891.7
1438870 1897.5
1438880 1903.2
1438890 1903.2
1438900 1908.8
1438910 1914.4
1438920 1919.9
1438930 1919.9
1438940 1925.4
1438950 1930.9
1438960 1930.9
1438970 1936.0
1438980 1941.2
1438990 1941.2
1439000 1946.5
1439010 1951.4
1439020 1951.4
1439030 1955.9
1439040 1960.6
1439050 1960.6
1439060 1965.8
1439070 1971.1
1439080 1971.1
1439090 1976.4
1439100 1982.1
1439110 1988.5
1439120 1988.5
1439130 1996.5
1439140 2005.5
1439150 2005.5
1439160 2014.3
1439170 2021.5
1439180 2021.5
1439190 2027.4
1439200 2033.3
1439210 2033.3
1439220 2038.7
1439230 2043.7
1439240 2043.7
1439250 2048.2
1439260 2052.7
1439270 2052.7
1439280 2058.4
1439290 2065.1
1439300 2071.4
1439310 2071.4
1439320 2075.7
1439330 2080.3
1439340 2080.3
1439350 2085.6
1439360 2090.6
1439370 2087.8
1439380 2094.0
1439390 2100.4
1439400 2100.4
1439410 2106.3
1439420 2112.0
1439430 2112.0
1439440 2117.4
1439450 2122.9
1439460 2122.9
1439470 2128.7
1439480 2134.5
1439490 2134.5
1439500 2140.5
1439510 2146.6
1439520 2152.6
1439530 2152.6
1439540 2158.4
1439550 2163.6
1439560 2163.6
1439570 2168.9
1439580 2174.8
1439590 2174.8
1439600 2181.5
1439610 2189.2
1439620 2189.2
1439630 2192.1
1439640 2193.2
1439650 2193.2
1439660 2194.8
1439670 2200.6
1439680 2200.6
1439690 2207.6
1439700 2215.3
1439710 2223.3
1439720 2223.3
1439730 2230.1
1439740 2236.5
1439750 2236.5
1439760 2242.5
1439770 2248.2
1439780 2248.2
1439790 2254.1
1439800 2260.9
1439810 2260.9
1439820 2268.7
1439830 2275.9
1439840 2275.9
1439850 2282.3
1439860 2288.4
1439870 2288.4
1439880 2294.3
1439890 2300.5
1439900 2306.4
1439910 2306.4
1439920 2313.5
1439930 2320.0
1439940 2320.0
1439950 2325.1
1439960 2330.0
1439970 2330.0
1439980 2335.3
1439990 2340.4
