1420000 2212.9
1420010 2212.9
1420020 2210.6
1420030 2208.5
1420040 2208.5
1420050 2206.7
1420060 2205.2
1420070 2205.2
1420080 2203.9
1420090 2202.7
1420100 2202.7
1420110 2203.0
1420120 2205.4
1420130 2205.4
1420140 2207.2
1420150 2205.9
1420160 2203.2
1420170 2203.2
1420180 2200.4
1420190 2196.8
1420200 2196.8
1420210 2196.1
1420220 2196.5
1420230 2196.5
1420240 2198.7
1420250 2202.9
1420260 2202.9
1420270 2205.5
1420280 2208.7
1420290 2208.7
1420300 2213.2
1420310 2218.3
1420320 2218.3
1420330 2224.0
1420340 2229.6
1420350 2234.4
1420360 2234.4
1420370 2237.4
1420380 2238.3
1420390 2238.3
1420400 2241.1
1420410 2246.2
1420420 2246.2
1420430 2252.8
1420440 2258.0
1420450 2258.0
1420460 2262.2
1420470 2266.3
1420480 2266.3
1420490 2270.9
1420500 2276.4
1420510 2276.4
1420520 2282.5
1420530 2288.6
1420540 2288.6
1420550 2295.2
1420560 2302.5
1420570 2310.0
1420580 2310.0
1420590 2319.8
1420600 2329.6
1420610 2329.6
1420620 2337.5
1420630 2344.6
1420640 2344.6
1420650 2348.7
1420660 2353.1
1420670 2353.1
1420680 2358.0
1420690 2363.5
1420700 2363.5
1420710 2369.1
1420720 2373.2
1420730 2373.2
1420740 2377.1
1420750 2382.5
1420760 2388.5
1420770 2388.5
1420780 2396.3
1420790 2404.2
1420800 2404.2
1420810 2411.5
1420820 2420.4
1420830 2420.4
1420840 2428.0
1420850 2434.1
1420860 2434.1
1420870 2438.9
1420880 2443.4
1420890 2443.4
1420900 2447.9
1420910 2452.2
1420920 2452.2
1420930 2452.7
1420940 2453.3
1420950 2453.3
1420960 2453.3
1420970 2454.2
1420980 2455.5
1420990 2455.5
1421000 2457.1
1421010 2459.5
1421020 2459.5
1421030 2462.9
1421040 2466.8
1421050 2466.8
1421060 2471.8
1421070 2477.0
1421080 2477.0
1421090 2482.0
1421100 2486.6
1421110 2486.6
1421120 2491.3
1421130 2496.2
1421140 2496.2
1421150 2502.3
1421160 2508.0
1421170 2512.0
1421180 2512.0
1421190 2516.8
1421200 2521.4
1421210 2521.4
1421220 2526.1
1421230 2531.1
1421240 2531.1
1421250 2535.4
1421260 2540.3
1421270 2540.3
1421280 2545.3
1421290 2550.5
1421300 2550.5
1421310 2555.6
1421320 2559.8
1421330 2559.8
1421340 2563.8
1421350 2568.1
1421360 2573.1
1421370 2573.1
1421380 2577.1
1421390 2579.0
1421400 2579.0
1421410 2579.4
1421420 2579.5
1421430 2579.5
1421440 2577.0
1421450 2570.4
1421460 2570.4
1421470 2565.8
1421480 2565.0
1421490 2565.0
1421500 2571.7
1421510 2580.0
1421520 2580.0
1421530 2578.9
1421540 2575.7
1421550 2575.7
1421560 2569.1
1421570 2561.8
1421580 2558.1
1421590 2558.1
1421600 2554.0
1421610 2549.3
1421620 2549.3
1421630 2544.2
1421640 2538.2
1421650 2538.2
1421660 2530.7
1421670 2516.4
1421680 2516.4
1421690 2503.1
1421700 2496.7
1421710 2496.7
1421720 2491.5
1421730 2486.2
1421740 2486.2
1421750 2481.7
1421760 2477.5
1421770 2474.9
1421780 2474.9
1421790 2473.9
1421800 2473.9
1421810 2473.9
1421820 2474.7
1421830 2473.0
1421840 2473.0
1421850 2472.4
1421860 2475.2
1421870 2475.2
1421880 2475.5
1421890 2475.6
1421900 2475.6
1421910 2477.0
1421920 2477.0
1421930 2477.0
1421940 2476.8
1421950 2476.5
1421960 2475.8
1421970 2475.8
1421980 2476.1
1421990 2477.9
1422000 2477.9
1422010 2481.0
1422020 2484.5
1422030 2484.5
1422040 2488.1
1422050 2491.7
1422060 2491.7
1422070 2495.1
1422080 2498.7
1422090 2498.7
1422100 2502.4
1422110 2506.6
1422120 2506.6
1422130 2510.7
1422140 2514.7
1422150 2514.7
1422160 2518.5
1422170 2522.4
1422180 2526.3
1422190 2526.3
1422200 2530.1
1422210 2533.6
1422220 2533.6
1422230 2537.7
1422240 2541.9
1422250 2541.9
1422260 2546.5
1422270 2550.2
1422280 2550.2
1422290 2554.0
1422300 2558.1
1422310 2558.1
1422320 2561.8
1422330 2566.2
1422340 2566.2
1422350 2571.0
1422360 2577.2
1422370 2581.3
1422380 2581.3
1422390 2583.6
1422400 2586.6
1422410 2586.6
1422420 2589.7
1422430 2591.0
1422440 2591.0
1422450 2591.8
1422460 2593.6
1422470 2593.6
1422480 2595.4
1422490 2598.7
1422500 2598.7
1422510 2601.8
1422520 2604.9
1422530 2604.9
1422540 2608.0
1422550 2609.1
1422560 2609.1
1422570 2609.1
1422580 2610.7
1422590 2613.3
1422600 2613.3
1422610 2615.4
1422620 2617.0
1422630 2617.0
1422640 2619.3
1422650 2622.1
1422660 2622.1
1422670 2625.1
1422680 2628.5
1422690 2628.5
1422700 2633.7
1422710 2638.4
1422720 2638.4
1422730 2640.5
1422740 2641.5
1422750 2641.5
1422760 2643.3
1422770 2647.9
1422780 2651.1
1422790 2651.1
1422800 2654.0
1422810 2656.3
1422820 2656.3
1422830 2656.1
1422840 2656.0
1422850 2656.0
1422860 2656.1
1422870 2655.8
1422880 2655.8
1422890 2656.9
1422900 2659.1
1422910 2659.1
1422920 2661.9
1422930 2666.0
1422940 2666.0
1422950 2669.8
1422960 2673.8
1422970 2678.0
1422980 2678.0
1422990 2682.3
1423000 2686.7
1423010 2686.7
1423020 2690.7
1423030 2693.9
1423040 2693.9
1423050 2697.9
1423060 2703.2
1423070 2703.2
1423080 2708.8
1423090 2714.1
1423100 2714.1
1423110 2719.6
1423120 2726.2
1423130 2726.2
1423140 2734.9
1423150 2743.5
1423160 2743.5
1423170 2750.4
1423180 2755.3
1423190 2750.1
1423200 2750.1
1423210 2754.6
1423220 2759.2
1423230 2759.2
1423240 2762.4
1423250 2763.1
1423260 2763.1
1423270 2764.5
1423280 2766.5
1423290 2766.5
1423300 2770.3
1423310 2769.6
1423320 2769.6
1423330 2768.9
1423340 2770.0
1423350 2770.0
1423360 2771.4
1423370 2774.4
1423380 2777.0
1423390 2777.0
1423400 2780.0
1423410 2782.3
1423420 2782.3
1423430 2784.7
1423440 2789.0
1423450 2789.0
1423460 2795.6
1423470 2803.7
1423480 2803.7
1423490 2810.6
1423500 2820.2
1423510 2820.2
1423520 2829.5
1423530 2837.7
1423540 2837.7
1423550 2843.7
1423560 2849.8
1423570 2849.8
1423580 2858.2
1423590 2868.5
1423600 2882.6
1423610 2882.6
1423620 2895.8
1423630 2906.8
1423640 2906.8
1423650 2912.6
1423660 2923.2
1423670 2923.2
1423680 2937.9
1423690 2947.4
1423700 2947.4
1423710 2957.2
1423720 2967.8
1423730 2967.8
1423740 2976.3
1423750 2981.6
1423760 2981.6
1423770 2974.0
1423780 2965.8
1423790 2961.4
1423800 2961.4
1423810 2957.3
1423820 2952.8
1423830 2952.8
1423840 2942.5
1423850 2932.4
1423860 2932.4
1423870 2919.0
1423880 2903.8
1423890 2903.8
1423900 2886.9
1423910 2867.4
1423920 2867.4
1423930 2844.7
1423940 2823.4
1423950 2823.4
1423960 2805.3
1423970 2797.5
1423980 2791.4
1423990 2791.4
1424000 2784.8
1424010 2778.2
1424020 2778.2
1424030 2771.9
1424040 2766.5
1424050 2766.5
1424060 2760.9
1424070 2754.7
1424080 2754.7
1424090 2748.1
1424100 2742.3
1424110 2742.3
1424120 2738.4
1424130 2735.6
1424140 2735.6
1424150 2733.3
1424160 2731.5
1424170 2731.5
1424180 2730.1
1424190 2729.1
1424200 2727.9
1424210 2727.9
1424220 2726.6
1424230 2725.1
1424240 2725.1
1424250 2722.7
1424260 2719.4
1424270 2719.4
1424280 2717.1
1424290 2716.1
1424300 2716.1
1424310 2715.0
1424320 2713.4
1424330 2713.4
1424340 2711.2
1424350 2708.4
1424360 2708.4
1424370 2706.0
1424380 2703.6
1424390 2698.7
1424400 2698.7
1424410 2693.9
1424420 2691.1
1424430 2691.1
1424440 2689.3
1424450 2689.6
1424460 2689.6
1424470 2689.4
1424480 2690.0
1424490 2690.0
1424500 2691.5
1424510 2692.8
1424520 2692.8
1424530 2694.4
1424540 2694.9
1424550 2694.9
1424560 2693.6
1424570 2692.9
1424580 2692.9
1424590 2691.2
1424600 2688.8
1424610 2687.8
1424620 2687.8
1424630 2687.7
1424640 2685.0
1424650 2685.0
1424660 2681.5
1424670 2675.8
1424680 2675.8
1424690 2670.5
1424700 2663.1
1424710 2663.1
1424720 2657.8
1424730 2654.2
1424740 2654.2
1424750 2653.4
1424760 2653.2
1424770 2653.2
1424780 2655.4
1424790 2660.5
1424800 2661.5
1424810 2661.5
1424820 2661.9
1424830 2662.5
1424840 2662.5
1424850 2662.6
1424860 2663.5
1424870 2663.5
1424880 2664.6
1424890 2665.7
1424900 2665.7
1424910 2666.8
1424920 2668.8
1424930 2668.8
1424940 2671.3
1424950 2672.7
1424960 2672.7
1424970 2671.6
1424980 2671.6
1424990 2675.1
1425000 2675.1
1425010 2680.1
1425020 2685.7
1425030 2685.7
1425040 2692.0
1425050 2697.1
1425060 2697.1
1425070 2701.6
1425080 2705.2
1425090 2705.2
1425100 2708.8
1425110 2713.0
1425120 2713.0
1425130 2717.6
1425140 2723.2
1425150 2723.2
1425160 2740.0
1425170 2752.6
1425180 2752.6
1425190 2762.9
1425200 2774.5
1425210 2785.4
1425220 2785.4
1425230 2796.1
1425240 2802.2
1425250 2802.2
1425260 2808.7
1425270 2809.9
1425280 2809.9
1425290 2806.5
1425300 2813.1
1425310 2813.1
1425320 2820.3
1425330 2829.1
1425340 2829.1
1425350 2835.5
1425360 2837.5
1425370 2837.5
1425380 2830.6
1425390 2818.2
1425400 2805.3
1425410 2805.3
1425420 2795.1
1425430 2786.3
1425440 2786.3
1425450 2774.8
1425460 2763.6
1425470 2763.6
1425480 2752.2
1425490 2741.3
1425500 2741.3
1425510 2729.7
1425520 2718.1
1425530 2718.1
1425540 2708.2
1425550 2694.2
1425560 2694.2
1425570 2676.0
1425580 2657.7
1425590 2657.7
1425600 2640.8
1425610 2622.2
1425620 2597.8
1425630 2597.8
1425640 2580.7
1425650 2571.4
1425660 2571.4
1425670 2563.4
1425680 2555.8
1425690 2555.8
1425700 2548.3
1425710 2540.5
1425720 2540.5
1425730 2533.1
1425740 2525.8
1425750 2525.8
1425760 2519.2
1425770 2513.4
1425780 2513.4
1425790 2508.2
1425800 2504.1
1425810 2503.4
1425820 2503.4
1425830 2503.0
1425840 2499.9
1425850 2499.9
1425860 2496.6
1425870 2491.5
1425880 2491.5
1425890 2486.8
1425900 2482.1
1425910 2482.1
1425920 2477.6
1425930 2472.8
1425940 2472.8
1425950 2468.4
1425960 2462.2
1425970 2462.2
1425980 2458.0
1425990 2454.6
1426000 2451.0
1426010 2451.0
1426020 2447.2
1426030 2443.1
1426040 2443.1
1426050 2439.1
1426060 2436.2
1426070 2436.2
1426080 2434.0
1426090 2434.3
1426100 2434.3
1426110 2436.4
1426120 2436.9
1426130 2436.9
1426140 2435.2
1426150 2432.4
1426160 2432.4
1426170 2427.5
1426180 2420.9
1426190 2420.9
1426200 2414.9
1426210 2409.6
1426220 2404.7
1426230 2404.7
1426240 2401.0
1426250 2398.2
1426260 2398.2
1426270 2394.5
1426280 2389.9
1426290 2389.9
1426300 2384.7
1426310 2380.7
1426320 2380.7
1426330 2377.5
1426340 2375.1
1426350 2375.1
1426360 2372.9
1426370 2370.0
1426380 2370.0
1426390 2366.2
1426400 2362.7
1426410 2359.4
1426420 2359.4
1426430 2356.5
1426440 2353.0
1426450 2353.0
1426460 2348.8
1426470 2344.7
1426480 2344.7
1426490 2341.2
1426500 2337.9
1426510 2337.9
1426520 2334.4
1426530 2331.3
1426540 2331.3
1426550 2330.7
1426560 2329.8
1426570 2329.8
1426580 2328.5
1426590 2327.4
1426600 2327.4
1426610 2323.8
1426620 2317.3
1426630 2312.1
1426640 2312.1
1426650 2308.0
1426660 2304.8
1426670 2304.8
1426680 2303.2
1426690 2302.4
1426700 2302.4
1426710 2304.0
1426720 2306.7
1426730 2306.7
1426740 2309.2
1426750 2309.7
1426760 2309.7
1426770 2308.8
1426780 2307.9
1426790 2307.9
1426800 2307.1
1426810 2305.9
1426820 2302.0
1426830 2302.0
1426840 2295.7
1426850 2288.3
1426860 2288.3
1426870 2283.5
1426880 2283.1
1426890 2283.1
1426900 2283.3
1426910 2283.9
1426920 2283.9
1426930 2286.1
1426940 2292.9
1426950 2292.9
1426960 2301.0
1426970 2308.4
1426980 2308.4
1426990 2314.7
1427000 2321.4
1427010 2333.0
1427020 2333.0
1427030 2346.3
1427040 2359.6
1427050 2359.6
1427060 2373.5
1427070 2382.5
1427080 2382.5
1427090 2390.4
1427100 2398.8
1427110 2398.8
1427120 2399.0
1427130 2390.8
1427140 2390.8
1427150 2381.8
1427160 2373.2
1427170 2373.2
1427180 2365.3
1427190 2356.9
1427200 2356.9
1427210 2348.3
1427220 2340.7
1427230 2332.0
1427240 2332.0
1427250 2319.6
1427260 2309.4
1427270 2309.4
1427280 2301.9
1427290 2293.1
1427300 2293.1
1427310 2284.7
1427320 2276.6
1427330 2276.6
1427340 2269.0
1427350 2261.8
1427360 2261.8
1427370 2254.8
1427380 2248.3
1427390 2248.3
1427400 2242.5
1427410 2237.5
1427420 2232.5
1427430 2232.5
1427440 2228.9
1427450 2225.5
1427460 2225.5
1427470 2216.5
1427480 2214.4
1427490 2214.4
1427500 2213.0
1427510 2210.7
1427520 2210.7
1427530 2207.6
1427540 2205.5
1427550 2205.5
1427560 2206.1
1427570 2205.4
1427580 2205.4
1427590 2204.7
1427600 2205.0
1427610 2205.0
1427620 2204.7
1427630 2203.4
1427640 2202.1
1427650 2202.1
1427660 2200.7
1427670 2198.2
1427680 2198.2
1427690 2197.8
1427700 2202.9
1427710 2202.9
1427720 2204.7
1427730 2208.4
1427740 2208.4
1427750 2211.7
1427760 2212.7
1427770 2212.7
1427780 2215.2
1427790 2217.1
1427800 2217.1
1427810 2218.5
1427820 2216.9
1427830 2214.3
1427840 2214.3
1427850 2211.3
1427860 2208.5
1427870 2208.5
1427880 2203.6
1427890 2198.1
1427900 2198.1
1427910 2190.1
1427920 2178.9
1427930 2178.9
1427940 2167.6
1427950 2157.9
1427960 2157.9
1427970 2149.0
1427980 2140.1
1427990 2140.1
1428000 2133.2
1428010 2126.7
1428020 2120.0
1428030 2120.0
1428040 2113.1
1428050 2106.0
1428060 2106.0
1428070 2096.6
1428080 2086.5
1428090 2086.5
1428100 2075.8
1428110 2066.0
1428120 2066.0
1428130 2055.8
1428140 2044.2
1428150 2044.2
1428160 2035.2
1428170 2025.5
1428180 2025.5
1428190 2016.5
1428200 2007.1
1428210 2007.1
1428220 1997.4
1428230 1986.8
1428240 1974.9
1428250 1974.9
1428260 1961.6
1428270 1944.4
1428280 1944.4
1428290 1926.8
1428300 1912.3
1428310 1912.3
1428320 1904.3
1428330 1896.8
1428340 1896.8
1428350 1887.6
1428360 1878.8
1428370 1878.8
1428380 1872.3
1428390 1866.0
1428400 1866.0
1428410 1859.5
1428420 1851.8
1428430 1844.9
1428440 1844.9
1428450 1837.7
1428460 1831.1
1428470 1831.1
1428480 1825.0
1428490 1818.9
1428500 1818.9
1428510 1811.4
1428520 1804.7
1428530 1804.7
1428540 1804.0
1428550 1801.8
1428560 1801.8
1428570 1798.2
1428580 1794.6
1428590 1794.6
1428600 1791.7
1428610 1789.0
1428620 1789.0
1428630 1787.0
1428640 1785.8
1428650 1784.9
1428660 1784.9
1428670 1784.8
1428680 1785.8
1428690 1785.8
1428700 1788.0
1428710 1791.7
1428720 1791.7
1428730 1796.4
1428740 1801.1
1428750 1801.1
1428760 1806.0
1428770 1811.5
1428780 1811.5
1428790 1817.1
1428800 1821.9
1428810 1821.9
1428820 1826.5
1428830 1830.9
1428840 1835.3
1428850 1835.3
1428860 1846.0
1428870 1859.5
1428880 1859.5
1428890 1872.3
1428900 1880.8
1428910 1880.8
1428920 1887.4
1428930 1889.2
1428940 1889.2
1428950 1889.9
1428960 1895.2
1428970 1895.2
1428980 1902.2
1428990 1913.2
1429000 1913.2
1429010 1923.7
1429020 1927.9
1429030 1924.6
1429040 1924.6
1429050 1918.9
1429060 1914.0
1429070 1914.0
1429080 1906.2
1429090 1895.8
1429100 1895.8
1429110 1890.2
1429120 1884.1
1429130 1884.1
1429140 1874.1
1429150 1863.1
1429160 1863.1
1429170 1855.4
1429180 1852.1
1429190 1852.1
1429200 1846.9
1429210 1841.0
1429220 1841.0
1429230 1837.0
1429240 1834.1
1429250 1832.3
1429260 1832.3
1429270 1829.5
1429280 1826.3
1429290 1826.3
1429300 1822.0
1429310 1816.0
1429320 1816.0
1429330 1811.6
1429340 1808.5
1429350 1808.5
1429360 1804.6
1429370 1797.6
1429380 1797.6
1429390 1790.8
1429400 1781.6
1429410 1781.6
1429420 1771.9
1429430 1767.5
1429440 1766.3
1429450 1766.3
1429460 1761.6
1429470 1757.2
1429480 1757.2
1429490 1753.3
1429500 1751.9
1429510 1751.9
1429520 1752.8
1429530 1751.7
1429540 1751.7
1429550 1749.0
1429560 1746.6
1429570 1746.6
1429580 1744.0
1429590 1741.2
1429600 1741.2
1429610 1737.9
1429620 1735.0
1429630 1735.0
1429640 1732.6
1429650 1730.3
1429660 1727.7
1429670 1727.7
1429680 1724.8
1429690 1721.7
1429700 1721.7
1429710 1717.6
1429720 1711.8
1429730 1711.8
1429740 1701.9
1429750 1697.6
1429760 1697.6
1429770 1694.0
1429780 1692.4
1429790 1692.4
1429800 1691.0
1429810 1688.6
1429820 1688.6
1429830 1682.7
1429840 1677.5
1429850 1676.4
1429860 1676.4
1429870 1677.2
1429880 1674.1
1429890 1674.1
1429900 1668.5
1429910 1663.2
1429920 1663.2
1429930 1655.4
1429940 1649.0
1429950 1649.0
1429960 1643.9
1429970 1639.5
1429980 1639.5
1429990 1633.1
1430000 1629.4
1430010 1629.4
1430020 1625.5
1430030 1618.8
1430040 1611.9
1430050 1611.9
1430060 1607.9
1430070 1604.7
1430080 1604.7
1430090 1601.1
1430100 1596.0
1430110 1596.0
1430120 1591.8
1430130 1589.3
1430140 1589.3
1430150 1586.9
1430160 1585.9
1430170 1585.9
1430180 1584.6
1430190 1582.1
1430200 1582.1
1430210 1578.7
1430220 1573.6
1430230 1573.6
1430240 1569.6
1430250 1565.4
1430260 1560.7
1430270 1560.7
1430280 1555.4
1430290 1549.6
1430300 1549.6
1430310 1542.9
1430320 1535.7
1430330 1535.7
1430340 1530.3
1430350 1525.4
1430360 1525.4
1430370 1520.4
1430380 1514.9
1430390 1514.9
1430400 1509.1
1430410 1503.7
1430420 1503.7
1430430 1499.4
1430440 1495.6
1430450 1495.0
1430460 1495.0
1430470 1495.7
1430480 1495.5
1430490 1495.5
1430500 1490.5
1430510 1484.8
1430520 1484.8
1430530 1480.6
1430540 1477.0
1430550 1477.0
1430560 1473.8
1430570 1470.6
1430580 1470.6
1430590 1465.8
1430600 1460.0
1430610 1460.0
1430620 1454.6
1430630 1448.8
1430640 1448.8
1430650 1444.0
1430660 1441.2
1430670 1439.5
1430680 1439.5
1430690 1437.3
1430700 1436.9
1430710 1436.9
1430720 1436.0
1430730 1431.9
1430740 1431.9
1430750 1425.0
1430760 1420.4
1430770 1420.4
1430780 1416.7
1430790 1412.8
1430800 1412.8
1430810 1409.9
1430820 1408.1
1430830 1408.1
1430840 1407.3
1430850 1405.6
1430860 1402.3
1430870 1402.3
1430880 1398.3
1430890 1394.3
1430900 1394.3
1430910 1389.8
1430920 1384.4
1430930 1384.4
1430940 1377.4
1430950 1372.8
1430960 1372.8
1430970 1371.4
1430980 1367.9
1430990 1367.9
1431000 1363.8
1431010 1363.5
1431020 1363.5
1431030 1363.7
1431040 1362.8
1431050 1361.3
1431060 1361.3
1431070 1360.5
1431080 1358.0
1431090 1358.0
1431100 1354.7
1431110 1351.9
1431120 1351.9
1431130 1350.0
1431140 1347.8
1431150 1347.8
1431160 1345.2
1431170 1344.5
1431180 1344.5
1431190 1344.8
1431200 1344.5
1431210 1344.5
1431220 1343.2
1431230 1341.8
1431240 1341.8
1431250 1341.1
1431260 1341.0
1431270 1340.4
1431280 1340.4
1431290 1340.5
1431300 1340.6
1431310 1340.6
1431320 1340.5
1431330 1340.1
1431340 1340.1
1431350 1338.6
1431360 1336.9
1431370 1336.9
1431380 1334.1
1431390 1329.9
1431400 1329.9
1431410 1324.6
1431420 1322.6
1431430 1322.6
1431440 1319.8
1431450 1315.2
1431460 1312.6
1431470 1312.6
1431480 1308.4
1431490 1299.6
1431500 1299.6
1431510 1292.7
1431520 1286.5
1431530 1286.5
1431540 1280.2
1431550 1275.9
1431560 1275.9
1431570 1271.9
1431580 1267.8
1431590 1267.8
1431600 1265.5
1431610 1263.2
1431620 1263.2
1431630 1259.7
1431640 1252.7
1431650 1246.9
1431660 1246.9
1431670 1241.9
1431680 1236.8
1431690 1236.8
1431700 1231.7
1431710 1221.6
1431720 1221.6
1431730 1214.6
1431740 1210.2
1431750 1210.2
1431760 1207.7
1431770 1203.8
1431780 1203.8
1431790 1200.5
1431800 1198.1
1431810 1198.1
1431820 1197.9
1431830 1198.6
1431840 1198.6
1431850 1198.3
1431860 1199.0
1431870 1196.1
1431880 1196.1
1431890 1192.7
1431900 1195.0
1431910 1195.0
1431920 1192.0
1431930 1183.7
1431940 1183.7
1431950 1176.9
1431960 1172.2
1431970 1172.2
1431980 1169.7
1431990 1165.2
1432000 1165.2
1432010 1161.9
1432020 1158.8
1432030 1158.8
1432040 1156.5
1432050 1154.6
1432060 1152.9
1432070 1152.9
1432080 1152.0
1432090 1151.6
1432100 1149.3
1432110 1146.8
1432120 1145.3
1432130 1145.3
1432140 1144.6
1432150 1144.2
1432160 1144.2
1432170 1144.0
1432180 1143.8
1432190 1143.8
1432200 1143.3
1432210 1142.6
1432220 1142.6
1432230 1141.7
1432240 1141.7
1432250 1141.7
1432260 1141.3
1432270 1142.5
1432280 1141.5
1432290 1141.5
1432300 1139.4
1432310 1138.3
1432320 1138.3
1432330 1138.3
1432340 1136.9
1432350 1136.9
1432360 1134.1
1432370 1132.6
1432380 1132.6
1432390 1131.6
1432400 1130.9
1432410 1130.9
1432420 1130.4
1432430 1128.8
1432440 1128.8
1432450 1126.1
1432460 1125.7
1432470 1125.1
1432480 1125.1
1432490 1122.8
1432500 1118.6
1432510 1118.6
1432520 1116.0
1432530 1114.9
1432540 1114.9
1432550 1114.3
1432560 1113.8
1432570 1113.8
1432580 1113.8
1432590 1114.2
1432600 1114.2
1432610 1114.6
1432620 1116.2
1432630 1116.2
1432640 1122.3
1432650 1124.5
1432660 1121.9
1432670 1121.9
1432680 1119.7
1432690 1116.9
1432700 1116.9
1432710 1113.2
1432720 1108.6
1432730 1108.6
1432740 1103.9
1432750 1100.2
1432760 1100.2
1432770 1097.0
1432780 1093.0
1432790 1093.0
1432800 1089.0
1432810 1085.4
1432820 1085.4
1432830 1081.4
1432840 1078.6
1432850 1078.6
1432860 1074.7
1432870 1072.8
1432880 1071.2
1432890 1071.2
1432900 1070.2
1432910 1069.3
1432920 1069.3
1432930 1068.4
1432940 1067.6
1432950 1067.6
1432960 1066.8
1432970 1066.0
1432980 1066.0
1432990 1065.1
1433000 1064.7
1433010 1064.7
1433020 1064.0
1433030 1063.4
1433040 1063.4
1433050 1063.0
1433060 1062.6
1433070 1061.9
1433080 1061.9
1433090 1060.7
1433100 1059.9
1433110 1059.9
1433120 1059.2
1433130 1058.8
1433140 1058.8
1433150 1058.1
1433160 1057.4
1433170 1057.4
1433180 1056.6
1433190 1055.8
1433200 1055.8
1433210 1055.2
1433220 1054.8
1433230 1054.8
1433240 1054.3
1433250 1053.4
1433260 1053.4
1433270 1052.5
1433280 1051.9
1433290 1051.3
1433300 1051.3
1433310 1050.7
1433320 1050.2
1433330 1050.2
1433340 1049.7
1433350 1049.0
1433360 1049.0
1433370 1048.0
1433380 1045.8
1433390 1045.8
1433400 1043.5
1433410 1044.3
1433420 1044.3
1433430 1048.2
1433440 1050.2
1433450 1050.2
1433460 1052.1
1433470 1058.3
1433480 1061.1
1433490 1061.1
1433500 1063.7
1433510 1066.6
1433520 1066.6
1433530 1069.3
1433540 1071.7
1433550 1071.7
1433560 1073.4
1433570 1074.6
1433580 1074.6
1433590 1076.5
1433600 1080.1
1433610 1080.1
1433620 1085.4
1433630 1090.6
1433640 1090.6
1433650 1095.6
1433660 1100.9
1433670 1106.5
1433680 1106.5
1433690 1111.4
1433700 1116.2
1433710 1116.2
1433720 1120.0
1433730 1122.6
1433740 1122.6
1433750 1125.7
1433760 1127.9
1433770 1127.9
1433780 1130.1
1433790 1133.5
1433800 1133.5
1433810 1137.0
1433820 1139.4
1433830 1139.4
1433840 1141.1
1433850 1142.8
1433860 1142.8
1433870 1144.5
1433880 1145.5
1433890 1147.1
1433900 1147.1
1433910 1151.2
1433920 1156.2
1433930 1156.2
1433940 1161.3
1433950 1165.6
1433960 1165.6
1433970 1170.2
1433980 1176.2
1433990 1176.2
1434000 1182.9
1434010 1188.3
1434020 1188.3
1434030 1191.7
1434040 1194.6
1434050 1194.6
1434060 1195.8
1434070 1196.5
1434080 1197.4
1434090 1197.4
1434100 1197.9
1434110 1198.7
1434120 1198.7
1434130 1198.6
1434140 1198.4
1434150 1198.4
1434160 1199.8
1434170 1202.5
1434180 1202.5
1434190 1202.7
1434200 1202.1
1434210 1202.1
1434220 1203.6
1434230 1205.3
1434240 1205.3
1434250 1205.8
1434260 1206.1
1434270 1206.1
1434280 1206.8
1434290 1208.3
1434300 1210.7
1434310 1210.7
1434320 1213.8
1434330 1214.9
1434340 1214.9
1434350 1215.1
1434360 1215.6
1434370 1215.6
1434380 1217.9
1434390 1219.4
1434400 1219.4
1434410 1221.1
1434420 1224.0
1434430 1224.0
1434440 1227.5
1434450 1231.3
1434460 1231.3
1434470 1234.6
1434480 1237.9
1434490 1241.5
1434500 1241.5
1434510 1245.5
1434520 1250.3
1434530 1250.3
1434540 1254.0
1434550 1257.1
1434560 1257.1
1434570 1259.1
1434580 1263.3
1434590 1263.3
1434600 1268.0
1434610 1272.1
1434620 1272.1
1434630 1274.9
1434640 1279.3
1434650 1279.3
1434660 1282.1
1434670 1284.6
1434680 1286.9
1434690 1286.9
1434700 1289.3
1434710 1292.5
1434720 1292.5
1434730 1293.6
1434740 1295.0
1434750 1295.0
1434760 1296.5
1434770 1298.0
1434780 1298.0
1434790 1299.9
1434800 1302.1
1434810 1302.1
1434820 1303.8
1434830 1305.9
1434840 1305.9
1434850 1309.1
1434860 1311.5
1434870 1311.5
1434880 1314.8
1434890 1319.7
1434900 1324.5
1434910 1324.5
1434920 1328.8
1434930 1333.0
1434940 1333.0
1434950 1336.8
1434960 1340.5
1434970 1340.5
1434980 1344.8
1434990 1348.7
1435000 1348.7
1435010 1351.9
1435020 1355.1
1435030 1355.1
1435040 1358.9
1435050 1362.5
1435060 1362.5
1435070 1366.4
1435080 1369.7
1435090 1373.2
1435100 1373.2
1435110 1375.5
1435120 1377.7
1435130 1377.7
1435140 1379.8
1435150 1380.9
1435160 1380.9
1435170 1382.8
1435180 1385.5
1435190 1385.5
1435200 1387.6
1435210 1389.2
1435220 1389.2
1435230 1391.5
1435240 1393.6
1435250 1393.6
1435260 1395.7
1435270 1397.7
1435280 1397.7
1435290 1399.4
1435300 1401.0
1435310 1402.1
1435320 1402.1
1435330 1402.5
1435340 1401.4
1435350 1401.4
1435360 1400.5
1435370 1401.4
1435380 1401.4
1435390 1401.3
1435400 1401.2
1435410 1401.2
1435420 1401.6
1435430 1402.7
1435440 1402.7
1435450 1404.7
1435460 1405.1
1435470 1405.1
1435480 1404.1
1435490 1404.2
1435500 1404.2
1435510 1404.2
1435520 1404.0
1435530 1404.2
1435540 1404.2
1435550 1406.3
1435560 1408.9
1435570 1408.9
1435580 1412.1
1435590 1416.0
1435600 1416.0
1435610 1419.2
1435620 1421.5
1435630 1421.5
1435640 1424.2
1435650 1426.6
1435660 1426.6
1435670 1429.6
1435680 1432.7
1435690 1434.9
1435700 1434.9
1435710 1437.3
1435720 1439.6
1435730 1439.6
1435740 1442.2
1435750 1445.4
1435760 1445.4
1435770 1448.8
1435780 1451.4
1435790 1451.4
1435800 1453.3
1435810 1457.0
1435820 1457.0
1435830 1461.4
1435840 1465.2
1435850 1465.2
1435860 1469.5
1435870 1474.1
1435880 1474.1
1435890 1478.3
1435900 1481.6
1435910 1484.2
1435920 1484.2
1435930 1487.1
1435940 1490.1
1435950 1490.1
1435960 1493.6
1435970 1497.1
1435980 1497.1
1435990 1500.6
1436000 1504.0
1436010 1504.0
1436020 1506.9
1436030 1508.8
1436040 1508.8
1436050 1509.8
1436060 1512.8
1436070 1512.8
1436080 1517.9
1436090 1520.3
1436100 1521.3
1436110 1521.3
1436120 1523.6
1436130 1528.0
1436140 1528.0
1436150 1536.1
1436160 1543.0
1436170 1543.0
1436180 1548.9
1436190 1555.7
1436200 1555.7
1436210 1562.1
1436220 1570.0
1436230 1570.0
1436240 1575.4
1436250 1577.7
1436260 1577.7
1436270 1577.6
1436280 1577.7
1436290 1577.7
1436300 1580.4
1436310 1583.4
1436320 1585.2
1436330 1585.2
1436340 1587.5
1436350 1591.2
1436360 1591.2
1436370 1595.1
1436380 1600.0
1436390 1600.0
1436400 1604.2
1436410 1606.7
1436420 1606.7
1436430 1608.8
1436440 1610.1
1436450 1610.1
1436460 1610.2
1436470 1610.6
1436480 1610.6
1436490 1612.5
1436500 1616.1
1436510 1618.9
1436520 1618.9
1436530 1621.3
1436540 1623.9
1436550 1623.9
1436560 1625.8
1436570 1630.0
1436580 1630.0
1436590 1634.0
1436600 1638.0
1436610 1638.0
1436620 1644.2
1436630 1652.1
1436640 1652.1
1436650 1660.2
1436660 1665.1
1436670 1665.1
1436680 1669.6
1436690 1673.6
1436700 1678.4
1436710 1678.4
1436720 1683.6
1436730 1687.6
1436740 1687.6
1436750 1691.4
1436760 1694.7
1436770 1694.7
1436780 1696.5
1436790 1699.1
1436800 1699.1
1436810 1703.5
1436820 1709.3
1436830 1709.3
1436840 1715.5
1436850 1722.0
1436860 1722.0
1436870 1728.4
1436880 1733.8
1436890 1733.8
1436900 1738.3
1436910 1742.5
1436920 1747.5
1436930 1747.5
1436940 1752.9
1436950 1757.7
1436960 1757.7
1436970 1761.6
1436980 1765.8
1436990 1765.8
1437000 1770.1
1437010 1774.6
1437020 1774.6
1437030 1779.2
1437040 1783.3
1437050 1783.3
1437060 1788.2
1437070 1792.8
1437080 1792.8
1437090 1797.4
1437100 1800.4
1437110 1799.3
1437120 1799.3
1437130 1797.2
1437140 1795.0
1437150 1795.0
1437160 1791.7
1437170 1784.8
1437180 1784.8
1437190 1781.2
1437200 1777.7
1437210 1777.7
1437220 1775.2
1437230 1773.7
1437240 1773.7
1437250 1771.4
1437260 1769.2
1437270 1769.2
1437280 1767.5
1437290 1765.3
1437300 1765.3
1437310 1762.1
1437320 1758.3
1437330 1754.1
1437340 1754.1
1437350 1749.7
1437360 1744.9
1437370 1744.9
1437380 1740.2
1437390 1737.8
1437400 1737.8
1437410 1735.2
1437420 1731.1
1437430 1731.1
1437440 1727.8
1437450 1725.0
1437460 1725.0
1437470 1723.8
1437480 1721.5
1437490 1721.5
1437500 1718.3
1437510 1714.9
1437520 1712.7
1437530 1712.7
1437540 1710.5
1437550 1707.2
1437560 1707.2
1437570 1703.0
1437580 1699.8
1437590 1699.8
1437600 1696.4
1437610 1692.6
1437620 1692.6
1437630 1688.5
1437640 1685.0
1437650 1685.0
1437660 1681.6
1437670 1678.0
1437680 1678.0
1437690 1677.0
1437700 1677.2
1437710 1679.4
1437720 1679.4
1437730 1679.1
1437740 1676.3
1437750 1676.3
1437760 1675.9
1437770 1676.4
1437780 1676.4
1437790 1677.0
1437800 1679.9
1437810 1679.9
1437820 1682.6
1437830 1684.4
1437840 1684.4
1437850 1685.7
1437860 1684.6
1437870 1684.6
1437880 1684.8
1437890 1686.0
1437900 1686.0
1437910 1685.5
1437920 1683.7
1437930 1679.3
1437940 1679.3
1437950 1675.5
1437960 1670.9
1437970 1670.9
1437980 1669.9
1437990 1670.0
1438000 1670.0
1438010 1669.0
1438020 1667.7
1438030 1667.7
1438040 1665.7
1438050 1663.7
1438060 1663.7
1438070 1661.4
1438080 1658.4
1438090 1658.4
1438100 1653.0
1438110 1644.6
1438120 1639.2
1438130 1639.2
1438140 1635.5
1438150 1634.0
1438160 1634.0
1438170 1632.2
1438180 1630.8
1438190 1630.8
1438200 1630.0
1438210 1631.2
1438220 1631.2
1438230 1632.7
1438240 1631.1
1438250 1631.1
1438260 1628.0
1438270 1624.6
1438280 1624.6
1438290 1621.5
1438300 1618.0
1438310 1618.0
1438320 1615.1
1438330 1612.4
1438340 1609.7
1438350 1609.7
1438360 1607.1
1438370 1604.7
1438380 1604.7
1438390 1601.4
1438400 1597.5
1438410 1597.5
1438420 1594.5
1438430 1590.5
1438440 1590.5
1438450 1585.6
1438460 1580.6
1438470 1580.6
1438480 1577.2
1438490 1574.9
1438500 1574.9
1438510 1572.4
1438520 1569.8
1438530 1563.8
1438540 1563.8
1438550 1554.9
1438560 1547.5
1438570 1547.5
1438580 1542.0
1438590 1538.3
1438600 1538.3
1438610 1534.2
1438620 1530.4
1438630 1530.4
1438640 1526.2
1438650 1521.1
1438660 1521.1
1438670 1516.5
1438680 1511.8
1438690 1511.8
1438700 1507.2
1438710 1501.8
1438720 1496.6
1438730 1496.6
1438740 1491.8
1438750 1487.7
1438760 1487.7
1438770 1483.9
1438780 1481.6
1438790 1481.6
1438800 1480.2
1438810 1478.5
1438820 1478.5
1438830 1476.1
1438840 1474.4
1438850 1474.4
1438860 1473.5
1438870 1471.0
1438880 1471.0
1438890 1468.7
1438900 1466.8
1438910 1466.8
1438920 1464.8
1438930 1462.7
1438940 1461.3
1438950 1461.3
1438960 1460.3
1438970 1459.2
1438980 1459.2
1438990 1457.7
1439000 1455.5
1439010 1455.5
1439020 1453.6
1439030 1452.7
1439040 1452.7
1439050 1452.7
1439060 1452.8
1439070 1452.8
1439080 1452.7
1439090 1452.3
1439100 1452.3
1439110 1452.2
1439120 1452.0
1439130 1451.5
1439140 1451.5
1439150 1451.6
1439160 1452.1
1439170 1452.1
1439180 1452.5
1439190 1452.9
1439200 1452.9
1439210 1453.3
1439220 1453.1
1439230 1453.1
1439240 1452.6
1439250 1453.5
1439260 1453.5
1439270 1453.2
1439280 1453.8
1439290 1453.8
1439300 1455.0
1439310 1455.8
1439320 1455.8
1439330 1458.7
1439340 1464.4
1439350 1468.3
1439360 1468.3
1439370 1473.2
1439380 1479.1
1439390 1479.1
1439400 1484.3
1439410 1489.6
1439420 1489.6
1439430 1494.6
1439440 1498.9
1439450 1498.9
1439460 1504.2
1439470 1509.7
1439480 1509.7
1439490 1515.0
1439500 1520.9
1439510 1520.9
1439520 1527.5
1439530 1534.9
1439540 1539.8
1439550 1539.8
1439560 1548.0
1439570 1558.4
1439580 1558.4
1439590 1564.5
1439600 1570.8
1439610 1570.8
1439620 1578.6
1439630 1592.8
1439640 1592.8
1439650 1608.6
1439660 1624.8
1439670 1624.8
1439680 1641.9
1439690 1651.5
1439700 1651.5
1439710 1660.1
1439720 1668.3
1439730 1680.2
1439740 1680.2
1439750 1688.1
1439760 1693.8
1439770 1693.8
1439780 1700.3
1439790 1707.1
1439800 1707.1
1439810 1714.5
1439820 1721.7
1439830 1721.7
1439840 1726.5
1439850 1730.2
1439860 1730.2
1439870 1734.0
1439880 1739.8
1439890 1739.8
1439900 1744.9
1439910 1756.9
1439920 1756.9
1439930 1761.9
1439940 1767.6
1439950 1772.0
1439960 1772.0
1439970 1775.3
1439980 1781.9
1439990 1781.9
