1420000 2266.7
1420010 2262.3
1420020 2262.3
1420030 2258.1
1420040 2253.2
1420050 2253.2
1420060 2248.2
1420070 2244.3
1420080 2244.3
1420090 2242.1
1420100 2240.3
1420110 2237.9
1420120 2237.9
1420130 2232.8
1420140 2226.6
1420150 2226.6
1420160 2220.7
1420170 2213.5
1420180 2213.5
1420190 2207.9
1420200 2200.8
1420210 2200.8
1420220 2193.3
1420230 2185.5
1420240 2185.5
1420250 2177.6
1420260 2172.2
1420270 2172.2
1420280 2167.4
1420290 2163.1
1420300 2163.1
1420310 2160.0
1420320 2157.2
1420330 2154.2
1420340 2154.2
1420350 2150.9
1420360 2149.5
1420370 2149.5
1420380 2149.7
1420390 2151.7
1420400 2151.7
1420410 2153.5
1420420 2156.4
1420430 2156.4
1420440 2161.2
1420450 2166.4
1420460 2166.4
1420470 2170.7
1420480 2176.3
1420490 2176.3
1420500 2181.9
1420510 2187.5
1420520 2191.9
1420530 2191.9
1420540 2196.8
1420550 2202.2
1420560 2202.2
1420570 2207.3
1420580 2210.5
1420590 2210.5
1420600 2213.8
1420610 2218.7
1420620 2218.7
1420630 2221.8
1420640 2223.1
1420650 2223.1
1420660 2223.7
1420670 2225.2
1420680 2225.2
1420690 2229.4
1420700 2234.6
1420710 2239.1
1420720 2239.1
1420730 2243.6
1420740 2248.2
1420750 2248.2
1420760 2253.8
1420770 2259.5
1420780 2259.5
1420790 2263.2
1420800 2267.2
1420810 2267.2
1420820 2270.6
1420830 2273.3
1420840 2273.3
1420850 2275.8
1420860 2278.3
1420870 2278.3
1420880 2279.5
1420890 2278.2
1420900 2278.2
1420910 2276.3
1420920 2275.1
1420930 2274.0
1420940 2274.0
1420950 2272.8
1420960 2271.8
1420970 2271.8
1420980 2271.2
1420990 2271.8
1421000 2271.8
1421010 2271.7
1421020 2272.5
1421030 2272.5
1421040 2274.2
1421050 2277.6
1421060 2277.6
1421070 2280.4
1421080 2281.5
1421090 2281.5
1421100 2284.6
1421110 2285.3
1421120 2283.5
1421130 2283.5
1421140 2282.5
1421150 2282.7
1421160 2282.7
1421170 2286.3
1421180 2292.0
1421190 2292.0
1421200 2298.4
1421210 2303.7
1421220 2303.7
1421230 2308.8
1421240 2314.0
1421250 2314.0
1421260 2319.6
1421270 2324.3
1421280 2324.3
1421290 2328.6
1421300 2332.5
1421310 2332.5
1421320 2335.5
1421330 2337.7
1421340 2339.1
1421350 2339.1
1421360 2339.9
1421370 2340.7
1421380 2340.7
1421390 2342.8
1421400 2344.7
1421410 2344.7
1421420 2347.5
1421430 2350.3
1421440 2350.3
1421450 2353.6
1421460 2356.5
1421470 2356.5
1421480 2359.6
1421490 2362.3
1421500 2362.3
1421510 2365.0
1421520 2367.0
1421530 2368.6
1421540 2368.6
1421550 2370.7
1421560 2373.0
1421570 2373.0
1421580 2375.1
1421590 2376.9
1421600 2376.9
1421610 2378.9
1421620 2380.4
1421630 2380.4
1421640 2382.2
1421650 2384.2
1421660 2384.2
1421670 2386.3
1421680 2387.7
1421690 2387.7
1421700 2389.4
1421710 2391.4
1421720 2391.4
1421730 2393.4
1421740 2394.7
1421750 2395.4
1421760 2395.4
1421770 2396.0
1421780 2396.2
1421790 2396.2
1421800 2396.8
1421810 2398.4
1421820 2398.4
1421830 2400.5
1421840 2402.1
1421850 2402.1
1421860 2404.0
1421870 2406.1
1421880 2406.1
1421890 2408.5
1421900 2411.7
1421910 2411.7
1421920 2415.8
1421930 2419.8
1421940 2424.1
1421950 2424.1
1421960 2427.8
1421970 2430.4
1421980 2430.4
1421990 2432.5
1422000 2436.9
1422010 2436.9
1422020 2444.4
1422030 2452.0
1422040 2452.0
1422050 2462.5
1422060 2471.8
1422070 2471.8
1422080 2474.9
1422090 2477.1
1422100 2477.1
1422110 2482.0
1422120 2488.3
1422130 2493.5
1422140 2493.5
1422150 2500.4
1422160 2504.8
1422170 2504.8
1422180 2507.9
1422190 2511.9
1422200 2511.9
1422210 2515.9
1422220 2520.5
1422230 2520.5
1422240 2525.8
1422250 2531.8
1422260 2531.8
1422270 2537.9
1422280 2543.3
1422290 2543.3
1422300 2549.7
1422310 2557.4
1422320 2557.4
1422330 2565.8
1422340 2570.3
1422350 2575.9
1422360 2575.9
1422370 2581.6
1422380 2585.0
1422390 2585.0
1422400 2589.2
1422410 2594.8
1422420 2594.8
1422430 2599.1
1422440 2606.1
1422450 2606.1
1422460 2612.4
1422470 2611.6
1422480 2611.6
1422490 2593.6
1422500 2579.2
1422510 2579.2
1422520 2573.7
1422530 2573.1
1422540 2570.4
1422550 2570.4
1422560 2565.5
1422570 2559.0
1422580 2559.0
1422590 2552.8
1422600 2547.1
1422610 2547.1
1422620 2543.6
1422630 2539.0
1422640 2539.0
1422650 2532.0
1422660 2521.9
1422670 2521.9
1422680 2512.4
1422690 2509.1
1422700 2509.1
1422710 2506.1
1422720 2503.6
1422730 2503.6
1422740 2504.7
1422750 2502.0
1422760 2500.5
1422770 2500.5
1422780 2500.4
1422790 2499.3
1422800 2499.3
1422810 2496.4
1422820 2493.1
1422830 2493.1
1422840 2494.4
1422850 2499.4
1422860 2499.4
1422870 2505.0
1422880 2509.8
1422890 2509.8
1422900 2512.8
1422910 2513.3
1422920 2513.3
1422930 2514.3
1422940 2518.9
1422950 2525.6
1422960 2525.6
1422970 2534.9
1422980 2544.2
1422990 2544.2
1423000 2554.0
1423010 2559.5
1423020 2559.5
1423030 2559.4
1423040 2560.9
1423050 2560.9
1423060 2564.5
1423070 2570.3
1423080 2570.3
1423090 2572.8
1423100 2576.4
1423110 2576.4
1423120 2581.3
1423130 2590.5
1423140 2590.5
1423150 2606.4
1423160 2621.5
1423170 2634.5
1423180 2634.5
1423190 2646.5
1423200 2656.6
1423210 2656.6
1423220 2666.2
1423230 2680.7
1423240 2680.7
1423250 2697.7
1423260 2710.9
1423270 2710.9
1423280 2711.0
1423290 2710.2
1423300 2710.2
1423310 2708.2
1423320 2708.9
1423330 2708.9
1423340 2707.1
1423350 2706.0
1423360 2704.8
1423370 2704.8
1423380 2703.5
1423390 2705.6
1423400 2705.6
1423410 2705.2
1423420 2702.4
1423430 2714.3
1423440 2710.3
1423450 2705.5
1423460 2705.5
1423470 2700.3
1423480 2695.2
1423490 2695.2
1423500 2695.6
1423510 2695.9
1423520 2695.9
1423530 2696.0
1423540 2694.9
1423550 2693.3
1423560 2693.3
1423570 2692.4
1423580 2692.8
1423590 2692.8
1423600 2695.2
1423610 2696.8
1423620 2696.8
1423630 2699.0
1423640 2703.5
1423650 2703.5
1423660 2708.1
1423670 2712.6
1423680 2712.6
1423690 2717.3
1423700 2722.6
1423710 2722.6
1423720 2728.6
1423730 2735.0
1423740 2735.0
1423750 2741.5
1423760 2747.1
1423770 2751.5
1423780 2751.5
1423790 2754.7
1423800 2756.7
1423810 2756.7
1423820 2758.0
1423830 2758.4
1423840 2758.4
1423850 2758.0
1423860 2760.0
1423870 2760.0
1423880 2763.3
1423890 2761.6
1423900 2761.6
1423910 2762.0
1423920 2762.1
1423930 2762.1
1423940 2764.2
1423950 2765.5
1423960 2768.5
1423970 2768.5
1423980 2771.8
1423990 2774.9
1424000 2774.9
1424010 2777.8
1424020 2781.3
1424030 2781.3
1424040 2785.2
1424050 2789.3
1424060 2789.3
1424070 2794.4
1424080 2800.3
1424090 2800.3
1424100 2806.6
1424110 2812.7
1424120 2812.7
1424130 2819.2
1424140 2825.6
1424150 2825.6
1424160 2831.7
1424170 2837.9
1424180 2843.1
1424190 2843.1
1424200 2849.0
1424210 2858.7
1424220 2858.7
1424230 2872.8
1424240 2883.9
1424250 2883.9
1424260 2898.1
1424270 2911.9
1424280 2911.9
1424290 2927.7
1424300 2939.6
1424310 2939.6
1424320 2947.8
1424330 2956.0
1424340 2956.0
1424350 2966.9
1424360 2976.8
1424370 2989.1
1424380 2989.1
1424390 3002.4
1424400 3018.2
1424410 3018.2
1424420 3030.6
1424430 3030.4
1424440 3030.4
1424450 3015.1
1424460 3017.4
1424470 3017.4
1424480 3012.9
1424490 3012.9
1424500 3012.9
1424510 3015.5
1424520 3019.1
1424530 3019.1
1424540 3021.0
1424550 3022.6
1424560 3022.6
1424570 3024.0
1424580 3017.1
1424590 3004.3
1424600 3004.3
1424610 2993.0
1424620 2983.2
1424630 2983.2
1424640 2975.5
1424650 2966.2
1424660 2966.2
1424670 2955.9
1424680 2948.9
1424690 2948.9
1424700 2941.6
1424710 2934.2
1424720 2934.2
1424730 2926.6
1424740 2919.5
1424750 2919.5
1424760 2913.9
1424770 2908.6
1424780 2902.8
1424790 2902.8
1424800 2896.8
1424810 2891.2
1424820 2891.2
1424830 2884.1
1424840 2877.5
1424850 2877.5
1424860 2872.8
1424870 2868.0
1424880 2868.0
1424890 2862.1
1424900 2855.9
1424910 2855.9
1424920 2849.6
1424930 2843.7
1424940 2843.7
1424950 2836.2
1424960 2830.0
1424970 2825.2
1424980 2825.2
1424990 2818.6
1425000 2810.4
1425010 2810.4
1425020 2800.3
1425030 2793.2
1425040 2793.2
1425050 2788.4
1425060 2784.9
1425070 2784.9
1425080 2782.1
1425090 2777.8
1425100 2777.8
1425110 2774.4
1425120 2773.1
1425130 2773.1
1425140 2770.5
1425150 2767.2
1425160 2767.2
1425170 2764.0
1425180 2761.5
1425190 2762.0
1425200 2762.0
1425210 2764.7
1425220 2770.0
1425230 2770.0
1425240 2775.7
1425250 2781.0
1425260 2781.0
1425270 2785.9
1425280 2786.6
1425290 2786.6
1425300 2786.4
1425310 2785.4
1425320 2785.4
1425330 2782.2
1425340 2776.4
1425350 2776.4
1425360 2770.6
1425370 2764.7
1425380 2756.7
1425390 2756.7
1425400 2746.4
1425410 2738.9
1425420 2738.9
1425430 2732.4
1425440 2725.4
1425450 2725.4
1425460 2719.2
1425470 2713.4
1425480 2713.4
1425490 2709.6
1425500 2707.0
1425510 2707.0
1425520 2704.2
1425530 2702.3
1425540 2702.3
1425550 2702.2
1425560 2702.2
1425570 2702.2
1425580 2702.2
1425590 2702.2
1425600 2702.4
1425610 2702.4
1425620 2706.6
1425630 2713.2
1425640 2713.2
1425650 2719.4
1425660 2725.2
1425670 2725.2
1425680 2729.5
1425690 2734.0
1425700 2734.0
1425710 2739.3
1425720 2743.3
1425730 2743.3
1425740 2744.4
1425750 2744.2
1425760 2744.2
1425770 2745.9
1425780 2747.9
1425790 2751.1
1425800 2751.1
1425810 2755.4
1425820 2756.1
1425830 2756.1
1425840 2743.8
1425850 2729.0
1425860 2729.0
1425870 2710.7
1425880 2695.7
1425890 2695.7
1425900 2684.6
1425910 2680.2
1425920 2680.2
1425930 2679.6
1425940 2678.9
1425950 2678.9
1425960 2680.3
1425970 2684.0
1425980 2684.0
1425990 2687.1
1426000 2692.0
1426010 2701.3
1426020 2701.3
1426030 2709.6
1426040 2715.1
1426050 2715.1
1426060 2717.9
1426070 2719.1
1426080 2719.1
1426090 2720.4
1426100 2722.5
1426110 2722.5
1426120 2722.1
1426130 2711.6
1426140 2711.6
1426150 2694.5
1426160 2680.5
1426170 2680.5
1426180 2658.0
1426190 2633.1
1426200 2622.4
1426210 2622.4
1426220 2615.9
1426230 2609.3
1426240 2609.3
1426250 2597.6
1426260 2588.0
1426270 2588.0
1426280 2580.8
1426290 2573.1
1426300 2573.1
1426310 2568.4
1426320 2561.5
1426330 2561.5
1426340 2552.6
1426350 2547.1
1426360 2547.1
1426370 2542.5
1426380 2538.5
1426390 2535.0
1426400 2535.0
1426410 2531.5
1426420 2529.4
1426430 2529.4
1426440 2528.8
1426450 2527.1
1426460 2527.1
1426470 2525.9
1426480 2524.9
1426490 2524.9
1426500 2524.9
1426510 2526.0
1426520 2526.0
1426530 2531.2
1426540 2536.3
1426550 2536.3
1426560 2542.2
1426570 2547.4
1426580 2547.4
1426590 2550.2
1426600 2555.2
1426610 2565.9
1426620 2565.9
1426630 2583.0
1426640 2598.5
1426650 2598.5
1426660 2607.1
1426670 2611.7
1426680 2611.7
1426690 2615.7
1426700 2625.7
1426710 2625.7
1426720 2632.4
1426730 2636.5
1426740 2636.5
1426750 2637.6
1426760 2637.8
1426770 2637.8
1426780 2636.3
1426790 2632.8
1426800 2623.0
1426810 2623.0
1426820 2608.7
1426830 2595.7
1426840 2595.7
1426850 2584.3
1426860 2575.2
1426870 2575.2
1426880 2567.8
1426890 2560.6
1426900 2560.6
1426910 2553.9
1426920 2546.5
1426930 2546.5
1426940 2539.8
1426950 2534.5
1426960 2534.5
1426970 2530.0
1426980 2526.1
1426990 2526.1
1427000 2522.7
1427010 2519.9
1427020 2517.4
1427030 2517.4
1427040 2514.7
1427050 2511.7
1427060 2511.7
1427070 2509.8
1427080 2509.8
1427090 2509.8
1427100 2511.3
1427110 2513.0
1427120 2513.0
1427130 2513.2
1427140 2517.9
1427150 2517.9
1427160 2527.1
1427170 2535.9
1427180 2535.9
1427190 2544.0
1427200 2551.1
1427210 2556.8
1427220 2556.8
1427230 2564.4
1427240 2567.6
1427250 2567.6
1427260 2563.2
1427270 2547.7
1427280 2547.7
1427290 2530.6
1427300 2518.5
1427310 2518.5
1427320 2511.6
1427330 2499.0
1427340 2499.0
1427350 2486.7
1427360 2480.1
1427370 2480.1
1427380 2470.2
1427390 2460.4
1427400 2453.1
1427410 2453.1
1427420 2443.0
1427430 2434.6
1427440 2434.6
1427450 2426.2
1427460 2415.7
1427470 2415.7
1427480 2406.1
1427490 2395.9
1427500 2395.9
1427510 2384.1
1427520 2380.8
1427530 2380.8
1427540 2373.6
1427550 2362.3
1427560 2362.3
1427570 2359.5
1427580 2351.5
1427590 2351.5
1427600 2343.3
1427610 2330.0
1427620 2318.5
1427630 2318.5
1427640 2307.1
1427650 2298.2
1427660 2298.2
1427670 2289.4
1427680 2278.4
1427690 2278.4
1427700 2267.8
1427710 2258.0
1427720 2258.0
1427730 2249.2
1427740 2239.1
1427750 2239.1
1427760 2232.3
1427770 2225.5
1427780 2225.5
1427790 2219.5
1427800 2212.7
1427810 2205.5
1427820 2205.5
1427830 2200.0
1427840 2195.1
1427850 2195.1
1427860 2189.6
1427870 2184.2
1427880 2184.2
1427890 2177.6
1427900 2170.6
1427910 2170.6
1427920 2163.9
1427930 2157.1
1427940 2157.1
1427950 2149.7
1427960 2142.7
1427970 2142.7
1427980 2134.3
1427990 2126.1
1428000 2126.1
1428010 2118.8
1428020 2112.1
1428030 2104.7
1428040 2104.7
1428050 2095.5
1428060 2087.9
1428070 2087.9
1428080 2079.3
1428090 2072.9
1428100 2072.9
1428110 2069.0
1428120 2066.4
1428130 2066.4
1428140 2066.5
1428150 2065.6
1428160 2065.6
1428170 2062.3
1428180 2060.9
1428190 2060.9
1428200 2061.8
1428210 2062.4
1428220 2062.9
1428230 2062.9
1428240 2062.7
1428250 2060.2
1428260 2060.2
1428270 2055.6
1428280 2053.0
1428290 2053.0
1428300 2052.5
1428310 2053.0
1428320 2053.0
1428330 2054.0
1428340 2055.5
1428350 2055.5
1428360 2057.7
1428370 2059.2
1428380 2059.2
1428390 2061.1
1428400 2062.9
1428410 2062.9
1428420 2064.6
1428430 2067.2
1428440 2072.5
1428450 2072.5
1428460 2078.5
1428470 2084.4
1428480 2084.4
1428490 2089.4
1428500 2093.9
1428510 2093.9
1428520 2099.1
1428530 2105.6
1428540 2105.6
1428550 2111.7
1428560 2118.1
1428570 2118.1
1428580 2124.7
1428590 2131.0
1428600 2131.0
1428610 2139.8
1428620 2147.6
1428630 2155.8
1428640 2155.8
1428650 2164.0
1428660 2168.8
1428670 2168.8
1428680 2173.1
1428690 2174.6
1428700 2174.6
1428710 2179.7
1428720 2189.7
1428730 2189.7
1428740 2198.9
1428750 2207.6
1428760 2207.6
1428770 2212.2
1428780 2212.6
1428790 2212.6
1428800 2207.8
1428810 2206.2
1428820 2206.4
1428830 2206.4
1428840 2207.3
1428850 2209.2
1428860 2209.2
1428870 2209.7
1428880 2208.8
1428890 2208.8
1428900 2206.7
1428910 2204.3
1428920 2204.3
1428930 2201.0
1428940 2196.5
1428950 2196.5
1428960 2191.8
1428970 2187.3
1428980 2187.3
1428990 2183.0
1429000 2179.2
1429010 2179.2
1429020 2175.7
1429030 2168.8
1429040 2160.9
1429050 2160.9
1429060 2151.1
1429070 2140.8
1429080 2140.8
1429090 2130.5
1429100 2121.5
1429110 2121.5
1429120 2115.7
1429130 2109.1
1429140 2109.1
1429150 2101.4
1429160 2094.2
1429170 2094.2
1429180 2090.8
1429190 2090.9
1429200 2090.9
1429210 2086.3
1429220 2078.9
1429230 2072.5
1429240 2072.5
1429250 2066.8
1429260 2059.7
1429270 2059.7
1429280 2054.4
1429290 2050.2
1429300 2050.2
1429310 2042.1
1429320 2030.2
1429330 2030.2
1429340 2021.9
1429350 2011.2
1429360 2011.2
1429370 2001.7
1429380 1993.3
1429390 1993.3
1429400 1988.8
1429410 1983.5
1429420 1983.5
1429430 1977.8
1429440 1972.4
1429450 1965.1
1429460 1965.1
1429470 1953.7
1429480 1945.6
1429490 1945.6
1429500 1938.7
1429510 1931.7
1429520 1931.7
1429530 1926.2
1429540 1922.0
1429550 1922.0
1429560 1917.6
1429570 1916.8
1429580 1916.8
1429590 1915.8
1429600 1914.4
1429610 1914.4
1429620 1911.1
1429630 1907.6
1429640 1905.3
1429650 1905.3
1429660 1904.8
1429670 1906.0
1429680 1906.0
1429690 1907.9
1429700 1909.5
1429710 1909.5
1429720 1910.1
1429730 1910.7
1429740 1910.7
1429750 1911.8
1429760 1912.4
1429770 1912.4
1429780 1912.4
1429790 1911.9
1429800 1911.9
1429810 1911.5
1429820 1910.0
1429830 1910.0
1429840 1908.2
1429850 1906.9
1429860 1904.5
1429870 1904.5
1429880 1901.8
1429890 1897.9
1429900 1897.9
1429910 1894.3
1429920 1889.6
1429930 1889.6
1429940 1883.3
1429950 1878.4
1429960 1878.4
1429970 1873.1
1429980 1866.1
1429990 1866.1
1430000 1860.0
1430010 1851.6
1430020 1851.6
1430030 1844.2
1430040 1835.3
1430050 1829.1
1430060 1829.1
1430070 1822.5
1430080 1816.4
1430090 1816.4
1430100 1809.9
1430110 1803.3
1430120 1803.3
1430130 1798.9
1430140 1793.8
1430150 1793.8
1430160 1787.4
1430170 1782.3
1430180 1782.3
1430190 1776.5
1430200 1774.0
1430210 1774.0
1430220 1769.2
1430230 1762.9
1430240 1759.7
1430250 1759.7
1430260 1758.0
1430270 1757.1
1430280 1757.1
1430290 1756.8
1430300 1755.7
1430310 1755.7
1430320 1752.5
1430330 1750.4
1430340 1750.4
1430350 1746.7
1430360 1737.5
1430370 1737.5
1430380 1727.7
1430390 1719.9
1430400 1719.9
1430410 1713.5
1430420 1708.8
1430430 1708.8
1430440 1706.8
1430450 1704.8
1430460 1701.3
1430470 1701.3
1430480 1698.0
1430490 1695.3
1430500 1695.3
1430510 1693.3
1430520 1690.6
1430530 1690.6
1430540 1687.7
1430550 1684.5
1430560 1684.5
1430570 1681.9
1430580 1680.7
1430590 1680.7
1430600 1678.1
1430610 1676.2
1430620 1676.2
1430630 1672.8
1430640 1668.7
1430650 1664.5
1430660 1664.5
1430670 1660.5
1430680 1657.5
1430690 1657.5
1430700 1655.6
1430710 1652.3
1430720 1652.3
1430730 1647.8
1430740 1644.9
1430750 1644.9
1430760 1642.0
1430770 1638.3
1430780 1638.3
1430790 1633.8
1430800 1629.6
1430810 1629.6
1430820 1626.1
1430830 1623.3
1430840 1623.3
1430850 1619.9
1430860 1616.1
1430870 1613.1
1430880 1613.1
1430890 1611.6
1430900 1609.4
1430910 1609.4
1430920 1606.9
1430930 1603.6
1430940 1603.6
1430950 1599.6
1430960 1596.2
1430970 1596.2
1430980 1593.4
1430990 1589.8
1431000 1589.8
1431010 1586.1
1431020 1583.0
1431030 1583.0
1431040 1579.9
1431050 1578.3
1431060 1579.5
1431070 1579.5
1431080 1580.2
1431090 1579.7
1431100 1579.7
1431110 1577.3
1431120 1573.1
1431130 1573.1
1431140 1570.3
1431150 1567.8
1431160 1567.8
1431170 1565.7
1431180 1562.5
1431190 1562.5
1431200 1559.0
1431210 1554.2
1431220 1554.2
1431230 1549.9
1431240 1541.7
1431250 1530.1
1431260 1530.1
1431270 1523.5
1431280 1518.7
1431290 1518.7
1431300 1523.0
1431310 1529.4
1431320 1529.4
1431330 1532.0
1431340 1529.8
1431350 1529.8
1431360 1526.8
1431370 1523.2
1431380 1523.2
1431390 1519.3
1431400 1515.7
1431410 1515.7
1431420 1511.8
1431430 1507.2
1431440 1507.2
1431450 1503.2
1431460 1502.3
1431470 1503.7
1431480 1503.7
1431490 1500.6
1431500 1494.9
1431510 1494.9
1431520 1490.7
1431530 1484.2
1431540 1484.2
1431550 1476.0
1431560 1468.5
1431570 1468.5
1431580 1464.8
1431590 1460.1
1431600 1460.1
1431610 1455.8
1431620 1452.2
1431630 1452.2
1431640 1446.7
1431650 1442.5
1431660 1440.4
1431670 1440.4
1431680 1439.5
1431690 1437.0
1431700 1437.0
1431710 1432.3
1431720 1427.7
1431730 1427.7
1431740 1424.1
1431750 1422.4
1431760 1422.4
1431770 1421.5
1431780 1420.9
1431790 1420.9
1431800 1421.7
1431810 1422.0
1431820 1422.0
1431830 1421.3
1431840 1420.8
1431850 1420.8
1431860 1419.7
1431870 1418.3
1431880 1417.4
1431890 1417.4
1431900 1417.1
1431910 1416.0
1431920 1416.0
1431930 1414.8
1431940 1413.8
1431950 1413.8
1431960 1411.1
1431970 1406.8
1431980 1406.8
1431990 1400.9
1432000 1396.4
1432010 1396.4
1432020 1392.8
1432030 1388.9
1432040 1388.9
1432050 1384.5
1432060 1378.1
1432070 1371.2
1432080 1371.2
1432090 1364.6
1432100 1359.2
1432110 1359.2
1432120 1353.8
1432130 1346.2
1432140 1346.2
1432150 1338.2
1432160 1331.7
1432170 1331.7
1432180 1328.7
1432190 1326.0
1432200 1326.0
1432210 1319.6
1432220 1310.7
1432230 1310.7
1432240 1303.4
1432250 1301.8
1432260 1301.8
1432270 1301.3
1432280 1297.1
1432290 1291.5
1432300 1291.5
1432310 1283.1
1432320 1275.0
1432330 1275.0
1432340 1269.1
1432350 1265.0
1432360 1265.0
1432370 1262.1
1432380 1259.1
1432390 1254.1
1432400 1249.0
1432410 1239.6
1432420 1239.6
1432430 1232.1
1432440 1229.2
1432450 1229.2
1432460 1227.7
1432470 1226.3
1432480 1224.2
1432490 1224.2
1432500 1220.7
1432510 1216.5
1432520 1216.5
1432530 1210.9
1432540 1204.1
1432550 1204.1
1432560 1197.9
1432570 1192.1
1432580 1192.1
1432590 1186.6
1432600 1182.1
1432610 1182.1
1432620 1179.1
1432630 1175.8
1432640 1175.8
1432650 1171.9
1432660 1168.2
1432670 1164.0
1432680 1164.0
1432690 1159.0
1432700 1153.1
1432710 1153.1
1432720 1149.9
1432730 1147.0
1432740 1147.0
1432750 1141.4
1432760 1135.6
1432770 1135.6
1432780 1131.6
1432790 1128.4
1432800 1128.4
1432810 1125.3
1432820 1120.1
1432830 1120.1
1432840 1112.8
1432850 1107.1
1432860 1107.1
1432870 1104.6
1432880 1102.4
1432890 1096.3
1432900 1096.3
1432910 1090.6
1432920 1083.5
1432930 1083.5
1432940 1076.5
1432950 1071.0
1432960 1071.0
1432970 1065.3
1432980 1057.1
1432990 1057.1
1433000 1055.2
1433010 1054.6
1433020 1054.6
1433030 1053.3
1433040 1051.7
1433050 1051.7
1433060 1050.6
1433070 1050.5
1433080 1049.4
1433090 1049.4
1433100 1049.2
1433110 1049.1
1433120 1049.1
1433130 1049.3
1433140 1049.6
1433150 1049.6
1433160 1050.0
1433170 1049.5
1433180 1049.5
1433190 1049.7
1433200 1049.9
1433210 1049.9
1433220 1049.8
1433230 1050.0
1433240 1050.0
1433250 1050.0
1433260 1048.1
1433270 1048.1
1433280 1047.9
1433290 1049.7
1433300 1049.9
1433310 1049.9
1433320 1049.5
1433330 1049.6
1433340 1049.6
1433350 1049.5
1433360 1049.5
1433370 1049.5
1433380 1049.6
1433390 1049.4
1433400 1049.4
1433410 1049.2
1433420 1050.1
1433430 1050.1
1433440 1052.0
1433450 1055.0
1433460 1055.0
1433470 1058.4
1433480 1061.9
1433490 1065.3
1433500 1065.3
1433510 1068.5
1433520 1071.6
1433530 1071.6
1433540 1074.4
1433550 1077.4
1433560 1077.4
1433570 1083.4
1433580 1089.7
1433590 1089.7
1433600 1095.3
1433610 1098.5
1433620 1098.5
1433630 1101.1
1433640 1103.7
1433650 1103.7
1433660 1106.3
1433670 1108.8
1433680 1108.8
1433690 1112.6
1433700 1116.9
1433710 1119.9
1433720 1119.9
1433730 1124.6
1433740 1130.7
1433750 1130.7
1433760 1136.0
1433770 1140.5
1433780 1140.5
1433790 1146.2
1433800 1153.1
1433810 1153.1
1433820 1158.6
1433830 1162.3
1433840 1162.3
1433850 1165.9
1433860 1171.3
1433870 1171.3
1433880 1176.7
1433890 1178.6
1433900 1180.6
1433910 1180.6
1433920 1184.5
1433930 1188.4
1433940 1188.4
1433950 1193.8
1433960 1199.3
1433970 1199.3
1433980 1204.9
1433990 1210.1
1434000 1210.1
1434010 1214.7
1434020 1219.9
1434030 1219.9
1434040 1222.4
1434050 1223.0
1434060 1223.0
1434070 1223.6
1434080 1224.7
1434090 1230.1
1434100 1230.1
1434110 1237.1
1434120 1243.8
1434130 1243.8
1434140 1250.7
1434150 1258.4
1434160 1258.4
1434170 1266.6
1434180 1270.6
1434190 1270.6
1434200 1271.9
1434210 1275.7
1434220 1275.7
1434230 1279.8
1434240 1282.6
1434250 1282.6
1434260 1284.6
1434270 1285.9
1434280 1285.9
1434290 1288.0
1434300 1290.9
1434310 1293.6
1434320 1293.6
1434330 1296.8
1434340 1299.7
1434350 1299.7
1434360 1301.8
1434370 1303.8
1434380 1303.8
1434390 1306.8
1434400 1312.3
1434410 1312.3
1434420 1315.8
1434430 1317.5
1434440 1317.5
1434450 1319.9
1434460 1322.9
1434470 1322.9
1434480 1326.2
1434490 1329.1
1434500 1332.8
1434510 1332.8
1434520 1336.8
1434530 1339.6
1434540 1339.6
1434550 1343.2
1434560 1347.3
1434570 1347.3
1434580 1351.8
1434590 1356.0
1434600 1356.0
1434610 1360.0
1434620 1365.6
1434630 1365.6
1434640 1370.4
1434650 1375.4
1434660 1375.4
1434670 1379.3
1434680 1379.9
1434690 1379.9
1434700 1380.3
1434710 1380.9
1434720 1381.9
1434730 1381.9
1434740 1384.6
1434750 1387.0
1434760 1387.0
1434770 1387.7
1434780 1387.1
1434790 1387.1
1434800 1386.4
1434810 1386.0
1434820 1386.0
1434830 1385.9
1434840 1385.4
1434850 1385.4
1434860 1383.5
1434870 1377.1
1434880 1377.1
1434890 1376.3
1434900 1375.1
1434910 1374.2
1434920 1374.2
1434930 1375.2
1434940 1375.5
1434950 1375.5
1434960 1375.5
1434970 1375.4
1434980 1375.4
1434990 1375.4
1435000 1375.8
1435010 1375.8
1435020 1377.1
1435030 1378.2
1435040 1378.2
1435050 1379.0
1435060 1380.4
1435070 1380.4
1435080 1383.5
1435090 1386.5
1435100 1386.5
1435110 1388.0
1435120 1388.2
1435130 1387.7
1435140 1387.7
1435150 1387.4
1435160 1387.6
1435170 1387.6
1435180 1388.3
1435190 1389.0
1435200 1389.0
1435210 1389.6
1435220 1390.4
1435230 1390.4
1435240 1391.5
1435250 1393.7
1435260 1393.7
1435270 1396.2
1435280 1398.0
1435290 1398.0
1435300 1401.2
1435310 1404.6
1435320 1406.9
1435330 1406.9
1435340 1409.0
1435350 1411.4
1435360 1411.4
1435370 1414.6
1435380 1418.2
1435390 1418.2
1435400 1421.8
1435410 1425.5
1435420 1425.5
1435430 1427.9
1435440 1431.6
1435450 1431.6
1435460 1434.4
1435470 1435.9
1435480 1435.9
1435490 1438.7
1435500 1442.7
1435510 1445.0
1435520 1445.0
1435530 1447.1
1435540 1449.1
1435550 1449.1
1435560 1451.1
1435570 1453.1
1435580 1453.1
1435590 1453.8
1435600 1453.8
1435610 1453.8
1435620 1455.3
1435630 1458.6
1435640 1458.6
1435650 1463.0
1435660 1466.9
1435670 1466.9
1435680 1469.6
1435690 1473.1
1435700 1473.1
1435710 1474.3
1435720 1472.9
1435730 1473.2
1435740 1473.2
1435750 1475.3
1435760 1478.7
1435770 1478.7
1435780 1483.4
1435790 1489.2
1435800 1489.2
1435810 1495.7
1435820 1500.5
1435830 1500.5
1435840 1503.9
1435850 1508.1
1435860 1508.1
1435870 1512.0
1435880 1518.7
1435890 1518.7
1435900 1525.6
1435910 1532.1
1435920 1539.0
1435930 1539.0
1435940 1546.3
1435950 1552.3
1435960 1552.3
1435970 1556.2
1435980 1560.6
1435990 1560.6
1436000 1564.9
1436010 1568.4
1436020 1568.4
1436030 1570.8
1436040 1570.3
1436050 1570.3
1436060 1570.4
1436070 1573.0
1436080 1573.0
1436090 1577.1
1436100 1583.3
1436110 1583.3
1436120 1588.6
1436130 1593.0
1436140 1598.2
1436150 1598.2
1436160 1602.9
1436170 1607.0
1436180 1607.0
1436190 1611.7
1436200 1616.8
1436210 1616.8
1436220 1623.3
1436230 1630.3
1436240 1630.3
1436250 1637.9
1436260 1644.2
1436270 1644.2
1436280 1649.0
1436290 1654.8
1436300 1654.8
1436310 1660.3
1436320 1665.8
1436330 1670.9
1436340 1670.9
1436350 1675.5
1436360 1680.1
1436370 1680.1
1436380 1685.4
1436390 1690.0
1436400 1690.0
1436410 1693.8
1436420 1699.0
1436430 1699.0
1436440 1705.3
1436450 1711.9
1436460 1711.9
1436470 1718.4
1436480 1724.9
1436490 1724.9
1436500 1730.0
1436510 1736.2
1436520 1738.3
1436530 1738.3
1436540 1739.1
1436550 1740.2
1436560 1740.2
1436570 1742.2
1436580 1745.3
1436590 1745.3
1436600 1748.2
1436610 1750.4
1436620 1750.4
1436630 1752.5
1436640 1754.9
1436650 1754.9
1436660 1757.7
1436670 1762.6
1436680 1762.6
1436690 1768.9
1436700 1773.5
1436710 1773.5
1436720 1777.7
1436730 1781.8
1436740 1785.8
1436750 1785.8
1436760 1790.7
1436770 1793.5
1436780 1793.5
1436790 1795.1
1436800 1796.0
1436810 1796.0
1436820 1796.5
1436830 1797.1
1436840 1797.1
1436850 1799.2
1436860 1800.8
1436870 1800.8
1436880 1802.1
1436890 1803.3
1436900 1803.3
1436910 1804.6
1436920 1806.8
1436930 1809.4
1436940 1809.4
1436950 1812.7
1436960 1813.6
1436970 1813.6
1436980 1815.0
1436990 1816.7
1437000 1816.7
1437010 1819.4
1437020 1822.0
1437030 1822.0
1437040 1824.2
1437050 1826.4
1437060 1826.4
1437070 1828.7
1437080 1833.4
1437090 1833.4
1437100 1837.3
1437110 1839.8
1437120 1839.8
1437130 1842.7
1437140 1847.4
1437150 1851.8
1437160 1851.8
1437170 1857.5
1437180 1863.6
1437190 1863.6
1437200 1868.3
1437210 1873.4
1437220 1873.4
1437230 1879.0
1437240 1883.2
1437250 1883.2
1437260 1887.9
1437270 1893.6
1437280 1893.6
1437290 1898.0
1437300 1903.1
1437310 1903.1
1437320 1906.9
1437330 1911.0
1437340 1917.1
1437350 1917.1
1437360 1922.3
1437370 1925.1
1437380 1925.1
1437390 1929.0
1437400 1932.9
1437410 1932.9
1437420 1936.8
1437430 1939.1
1437440 1939.1
1437450 1940.6
1437460 1943.7
1437470 1943.7
1437480 1944.3
1437490 1946.3
1437500 1946.3
1437510 1948.9
1437520 1950.8
1437530 1950.8
1437540 1952.5
1437550 1952.6
1437560 1953.5
1437570 1953.5
1437580 1956.3
1437590 1957.5
1437600 1957.5
1437610 1957.5
1437620 1958.3
1437630 1958.3
1437640 1959.3
1437650 1959.9
1437660 1959.9
1437670 1960.1
1437680 1960.7
1437690 1960.7
1437700 1960.1
1437710 1957.2
1437720 1957.2
1437730 1952.6
1437740 1950.3
1437750 1953.3
1437760 1953.3
1437770 1957.9
1437780 1958.9
1437790 1958.9
1437800 1956.9
1437810 1955.0
1437820 1955.0
1437830 1954.2
1437840 1954.6
1437850 1954.6
1437860 1954.9
1437870 1953.9
1437880 1953.9
1437890 1951.0
1437900 1951.0
1437910 1951.0
1437920 1951.5
1437930 1949.7
1437940 1947.3
1437950 1947.3
1437960 1946.4
1437970 1944.9
1437980 1944.9
1437990 1944.9
1438000 1944.2
1438010 1944.2
1438020 1943.6
1438030 1941.6
1438040 1941.6
1438050 1944.1
1438060 1944.8
1438070 1944.8
1438080 1943.6
1438090 1940.6
1438100 1940.6
1438110 1938.0
1438120 1936.5
1438130 1936.5
1438140 1935.5
1438150 1935.0
1438160 1933.9
1438170 1933.9
1438180 1931.8
1438190 1929.7
1438200 1929.7
1438210 1928.3
1438220 1927.7
1438230 1927.7
1438240 1927.3
1438250 1926.4
1438260 1926.4
1438270 1924.5
1438280 1919.5
1438290 1919.5
1438300 1912.4
1438310 1908.5
1438320 1908.5
1438330 1906.3
1438340 1905.0
1438350 1902.6
1438360 1902.6
1438370 1898.9
1438380 1895.2
1438390 1895.2
1438400 1891.8
1438410 1889.6
1438420 1889.6
1438430 1888.2
1438440 1885.5
1438450 1885.5
1438460 1881.4
1438470 1877.3
1438480 1877.3
1438490 1871.9
1438500 1868.4
1438510 1868.4
1438520 1866.5
1438530 1867.1
1438540 1867.1
1438550 1869.3
1438560 1869.9
1438570 1870.1
1438580 1870.1
1438590 1870.4
1438600 1866.2
1438610 1866.2
1438620 1861.3
1438630 1855.1
1438640 1855.1
1438650 1848.8
1438660 1843.9
1438670 1843.9
1438680 1837.6
1438690 1833.6
1438700 1833.6
1438710 1833.5
1438720 1829.9
1438730 1829.9
1438740 1825.6
1438750 1824.4
1438760 1822.5
1438770 1822.5
1438780 1818.2
1438790 1814.4
1438800 1814.4
1438810 1812.3
1438820 1815.5
1438830 1815.5
1438840 1811.2
1438850 1793.5
1438860 1793.5
1438870 1778.6
1438880 1776.6
1438890 1776.6
1438900 1780.6
1438910 1784.4
1438920 1784.4
1438930 1781.5
1438940 1776.5
1438950 1776.5
1438960 1773.6
1438970 1768.3
1438980 1757.4
1438990 1757.4
1439000 1745.6
1439010 1736.2
1439020 1736.2
1439030 1730.1
1439040 1726.5
1439050 1726.5
1439060 1723.9
1439070 1706.1
1439080 1706.1
1439090 1702.3
1439100 1708.2
1439110 1708.2
1439120 1713.2
1439130 1716.7
1439140 1716.7
1439150 1717.2
1439160 1714.7
1439170 1709.5
1439180 1709.5
1439190 1703.3
1439200 1702.7
1439210 1702.7
1439220 1702.6
1439230 1690.6
1439240 1690.6
1439250 1684.3
1439260 1688.5
1439270 1688.5
1439280 1686.6
1439290 1678.6
1439300 1678.6
1439310 1666.5
1439320 1662.7
1439330 1662.7
1439340 1658.0
1439350 1647.5
1439360 1640.4
1439370 1640.4
1439380 1643.9
1439390 1644.5
1439400 1644.5
1439410 1640.9
1439420 1637.3
1439430 1637.3
1439440 1634.3
1439450 1626.9
1439460 1626.9
1439470 1624.9
1439480 1622.5
1439490 1622.5
1439500 1625.4
1439510 1628.6
1439520 1628.6
1439530 1626.9
1439540 1621.0
1439550 1621.0
1439560 1612.9
1439570 1606.9
1439580 1605.5
1439590 1605.5
1439600 1606.1
1439610 1603.8
1439620 1603.8
1439630 1598.9
1439640 1598.9
1439650 1598.9
1439660 1600.5
1439670 1595.4
1439680 1595.4
1439690 1582.6
1439700 1564.4
1439710 1564.4
1439720 1549.8
1439730 1534.4
1439740 1534.4
1439750 1531.5
1439760 1529.2
1439770 1525.0
1439780 1525.0
1439790 1521.3
1439800 1518.1
1439810 1518.1
1439820 1514.6
1439830 1512.2
1439840 1512.2
1439850 1510.9
1439860 1507.8
1439870 1507.8
1439880 1504.5
1439890 1501.3
1439900 1501.3
1439910 1499.0
1439920 1494.3
1439930 1494.3
1439940 1489.5
1439950 1488.7
1439960 1488.7
1439970 1488.4
1439980 1487.1
1439990 1487.4
