1420000 2363.8
1420010 2356.0
1420020 2348.0
1420030 2335.7
1420040 2335.7
1420050 2319.8
1420060 2308.4
1420070 2308.4
1420080 2301.2
1420090 2296.1
1420100 2296.1
1420110 2292.7
1420120 2290.6
1420130 2290.6
1420140 2285.6
1420150 2275.5
1420160 2275.5
1420170 2266.7
1420180 2267.2
1420190 2267.2
1420200 2271.4
1420210 2272.7
1420220 2272.7
1420230 2272.4
1420240 2271.7
1420250 2266.9
1420260 2266.9
1420270 2259.2
1420280 2252.3
1420290 2252.3
1420300 2245.1
1420310 2235.5
1420320 2235.5
1420330 2224.4
1420340 2214.0
1420350 2214.0
1420360 2203.3
1420370 2195.9
1420380 2195.9
1420390 2193.0
1420400 2192.7
1420410 2192.7
1420420 2192.5
1420430 2188.1
1420440 2180.3
1420450 2180.3
1420460 2174.5
1420470 2170.9
1420480 2170.9
1420490 2169.6
1420500 2168.3
1420510 2168.3
1420520 2168.6
1420530 2166.1
1420540 2166.1
1420550 2160.1
1420560 2151.0
1420570 2151.0
1420580 2141.9
1420590 2136.2
1420600 2129.9
1420610 2126.0
1420620 2123.2
1420630 2123.2
1420640 2120.5
1420650 2115.3
1420660 2109.2
1420670 2109.2
1420680 2104.2
1420690 2101.1
1420700 2101.1
1420710 2103.4
1420720 2105.7
1420730 2105.7
1420740 2112.0
1420750 2116.6
1420760 2116.6
1420770 2120.7
1420780 2129.6
1420790 2129.6
1420800 2130.8
1420810 2129.7
1420820 2129.7
1420830 2126.5
1420840 2123.8
1420850 2123.3
1420860 2123.3
1420870 2122.7
1420880 2121.2
1420890 2121.2
1420900 2118.0
1420910 2113.0
1420920 2113.0
1420930 2107.2
1420940 2102.0
1420950 2102.0
1420960 2100.7
1420970 2100.5
1420980 2100.5
1420990 2100.4
1421000 2100.3
1421010 2100.3
1421020 2099.9
1421030 2100.1
1421040 2100.1
1421050 2102.2
1421060 2104.6
1421070 2105.7
1421080 2105.7
1421090 2105.9
1421100 2106.4
1421110 2106.4
1421120 2103.6
1421130 2099.3
1421140 2099.3
1421150 2096.3
1421160 2094.4
1421170 2094.4
1421180 2093.4
1421190 2092.3
1421200 2092.3
1421210 2090.7
1421220 2087.9
1421230 2087.9
1421240 2085.7
1421250 2083.8
1421260 2082.7
1421270 2082.7
1421280 2082.8
1421290 2085.1
1421300 2085.1
1421310 2088.1
1421320 2089.5
1421330 2089.5
1421340 2090.4
1421350 2093.0
1421360 2093.0
1421370 2095.2
1421380 2092.6
1421390 2092.6
1421400 2089.0
1421410 2087.9
1421420 2087.9
1421430 2087.3
1421440 2087.0
1421450 2087.0
1421460 2085.1
1421470 2081.0
1421480 2077.0
1421490 2077.0
1421500 2074.8
1421510 2074.2
1421520 2074.2
1421530 2075.2
1421540 2075.2
1421550 2075.2
1421560 2073.5
1421570 2074.9
1421580 2074.9
1421590 2077.3
1421600 2079.2
1421610 2079.2
1421620 2080.7
1421630 2081.3
1421640 2081.3
1421650 2080.8
1421660 2083.2
1421670 2088.5
1421680 2088.5
1421690 2093.9
1421700 2100.0
1421710 2100.0
1421720 2105.7
1421730 2111.6
1421740 2111.6
1421750 2118.8
1421760 2126.9
1421770 2126.9
1421780 2134.4
1421790 2144.7
1421800 2144.7
1421810 2151.1
1421820 2156.8
1421830 2156.8
1421840 2161.6
1421850 2165.1
1421860 2176.7
1421870 2176.7
1421880 2189.2
1421890 2208.0
1421900 2208.0
1421910 2218.1
1421920 2225.6
1421930 2225.6
1421940 2237.8
1421950 2243.4
1421960 2243.4
1421970 2249.8
1421980 2252.9
1421990 2252.9
1422000 2254.9
1422010 2254.3
1422020 2254.3
1422030 2250.6
1422040 2250.7
1422050 2250.7
1422060 2254.7
1422070 2258.1
1422080 2263.4
1422090 2263.4
1422100 2266.2
1422110 2269.1
1422120 2269.1
1422130 2273.4
1422140 2277.0
1422150 2277.0
1422160 2282.8
1422170 2288.2
1422180 2288.2
1422190 2291.5
1422200 2294.0
1422210 2294.0
1422220 2296.1
1422230 2300.3
1422240 2300.3
1422250 2303.1
1422260 2304.4
1422270 2308.0
1422280 2308.0
1422290 2311.2
1422300 2313.8
1422310 2313.8
1422320 2316.6
1422330 2320.2
1422340 2320.2
1422350 2324.6
1422360 2330.3
1422370 2330.3
1422380 2336.2
1422390 2341.2
1422400 2341.2
1422410 2345.2
1422420 2348.9
1422430 2348.9
1422440 2352.0
1422450 2355.6
1422460 2355.6
1422470 2356.3
1422480 2356.0
1422490 2354.6
1422500 2354.6
1422510 2353.3
1422520 2351.8
1422530 2351.8
1422540 2350.6
1422550 2349.6
1422560 2349.6
1422570 2350.0
1422580 2350.5
1422590 2350.5
1422600 2350.2
1422610 2352.9
1422620 2352.9
1422630 2350.0
1422640 2353.1
1422650 2353.1
1422660 2357.6
1422670 2359.6
1422680 2362.8
1422690 2362.8
1422700 2367.8
1422710 2374.0
1422720 2374.0
1422730 2381.2
1422740 2388.4
1422750 2388.4
1422760 2395.3
1422770 2401.5
1422780 2401.5
1422790 2406.5
1422800 2411.7
1422810 2411.7
1422820 2416.6
1422830 2422.0
1422840 2422.0
1422850 2427.3
1422860 2432.8
1422870 2432.8
1422880 2438.9
1422890 2444.8
1422900 2450.9
1422910 2450.9
1422920 2457.9
1422930 2464.9
1422940 2464.9
1422950 2474.1
1422960 2486.1
1422970 2486.1
1422980 2492.4
1422990 2498.8
1423000 2498.8
1423010 2506.5
1423020 2511.7
1423030 2511.7
1423040 2518.0
1423050 2523.2
1423060 2523.2
1423070 2529.0
1423080 2535.4
1423090 2542.5
1423100 2542.5
1423110 2551.6
1423120 2558.6
1423130 2558.6
1423140 2568.3
1423150 2575.1
1423160 2575.1
1423170 2585.6
1423180 2591.5
1423190 2591.5
1423200 2594.8
1423210 2602.2
1423220 2602.2
1423230 2612.4
1423240 2617.2
1423250 2617.2
1423260 2619.5
1423270 2621.0
1423280 2621.0
1423290 2624.6
1423300 2636.9
1423310 2654.1
1423320 2654.1
1423330 2667.7
1423340 2683.7
1423350 2683.7
1423360 2702.7
1423370 2723.5
1423380 2723.5
1423390 2733.7
1423400 2740.8
1423410 2740.8
1423420 2746.3
1423430 2750.6
1423440 2750.6
1423450 2753.5
1423460 2758.4
1423470 2758.4
1423480 2763.9
1423490 2771.8
1423500 2782.4
1423510 2782.4
1423520 2789.0
1423530 2795.9
1423540 2795.9
1423550 2801.7
1423560 2806.3
1423570 2806.3
1423580 2808.9
1423590 2812.9
1423600 2812.9
1423610 2818.5
1423620 2821.9
1423630 2821.9
1423640 2828.0
1423650 2836.6
1423660 2836.6
1423670 2840.8
1423680 2844.8
1423690 2844.8
1423700 2850.2
1423710 2856.8
1423720 2862.9
1423730 2862.9
1423740 2868.2
1423750 2873.5
1423760 2873.5
1423770 2879.2
1423780 2884.1
1423790 2884.1
1423800 2889.3
1423810 2894.2
1423820 2894.2
1423830 2898.8
1423840 2903.2
1423850 2903.2
1423860 2908.0
1423870 2913.6
1423880 2913.6
1423890 2919.7
1423900 2925.8
1423910 2932.2
1423920 2932.2
1423930 2939.1
1423940 2946.5
1423950 2946.5
1423960 2953.6
1423970 2959.5
1423980 2959.5
1423990 2967.5
1424000 2975.8
1424010 2975.8
1424020 2982.8
1424030 2987.2
1424040 2987.2
1424050 2981.7
1424060 2973.3
1424070 2973.3
1424080 2960.4
1424090 2946.6
1424100 2946.6
1424110 2934.4
1424120 2924.3
1424130 2914.7
1424140 2914.7
1424150 2908.3
1424160 2902.8
1424170 2902.8
1424180 2899.2
1424190 2895.4
1424200 2895.4
1424210 2892.1
1424220 2889.6
1424230 2889.6
1424240 2886.6
1424250 2884.1
1424260 2884.1
1424270 2881.9
1424280 2880.6
1424290 2880.6
1424300 2880.0
1424310 2879.3
1424320 2878.9
1424330 2878.9
1424340 2879.6
1424350 2881.0
1424360 2881.0
1424370 2879.9
1424380 2879.2
1424390 2879.2
1424400 2879.7
1424410 2880.9
1424420 2880.9
1424430 2882.0
1424440 2884.9
1424450 2884.9
1424460 2891.9
1424470 2904.4
1424480 2904.4
1424490 2909.9
1424500 2915.7
1424510 2917.7
1424520 2917.7
1424530 2923.0
1424540 2924.8
1424550 2924.8
1424560 2924.9
1424570 2926.2
1424580 2926.2
1424590 2930.4
1424600 2935.5
1424610 2935.5
1424620 2938.6
1424630 2944.8
1424640 2944.8
1424650 2953.2
1424660 2954.8
1424670 2954.8
1424680 2956.7
1424690 2962.4
1424700 2977.3
1424710 2976.8
1424720 2974.8
1424730 2980.4
1424740 2980.4
1424750 2987.2
1424760 2989.7
1424770 2989.7
1424780 2995.6
1424790 3005.4
1424800 3005.4
1424810 3010.0
1424820 3012.3
1424830 3012.3
1424840 3018.2
1424850 3023.5
1424860 3023.5
1424870 3027.5
1424880 3037.3
1424890 3037.3
1424900 3055.2
1424910 3064.2
1424920 3072.9
1424930 3072.9
1424940 3083.1
1424950 3095.5
1424960 3095.5
1424970 3094.7
1424980 3082.3
1424990 3082.3
1425000 3071.1
1425010 3059.4
1425020 3059.4
1425030 3049.0
1425040 3039.8
1425050 3039.8
1425060 3032.4
1425070 3026.0
1425080 3026.0
1425090 3017.4
1425100 3007.9
1425110 3007.9
1425120 3000.0
1425130 2992.0
1425140 2986.4
1425150 2986.4
1425160 2981.9
1425170 2979.1
1425180 2979.1
1425190 2977.1
1425200 2976.1
1425210 2976.1
1425220 2975.7
1425230 2974.0
1425240 2974.0
1425250 2971.6
1425260 2969.5
1425270 2969.5
1425280 2965.9
1425290 2962.0
1425300 2962.0
1425310 2958.1
1425320 2956.4
1425330 2953.3
1425340 2953.3
1425350 2948.6
1425360 2943.3
1425370 2943.3
1425380 2940.3
1425390 2938.9
1425400 2938.9
1425410 2937.9
1425420 2937.9
1425430 2937.9
1425440 2934.7
1425450 2929.8
1425460 2929.8
1425470 2926.2
1425480 2921.5
1425490 2921.5
1425500 2918.3
1425510 2916.5
1425520 2916.5
1425530 2918.0
1425540 2917.5
1425550 2910.3
1425560 2910.3
1425570 2898.6
1425580 2890.5
1425590 2890.5
1425600 2884.3
1425610 2880.9
1425620 2880.9
1425630 2884.0
1425640 2887.0
1425650 2887.0
1425660 2892.0
1425670 2901.3
1425680 2901.3
1425690 2912.1
1425700 2917.7
1425710 2917.7
1425720 2922.0
1425730 2928.4
1425740 2933.0
1425750 2933.0
1425760 2933.1
1425770 2934.2
1425780 2934.2
1425790 2943.3
1425800 2948.8
1425810 2948.8
1425820 2950.0
1425830 2954.4
1425840 2954.4
1425850 2955.7
1425860 2959.4
1425870 2959.4
1425880 2962.8
1425890 2966.5
1425900 2966.5
1425910 2969.8
1425920 2966.0
1425930 2966.0
1425940 2963.4
1425950 2969.8
1425960 2975.8
1425970 2975.8
1425980 2967.1
1425990 2954.3
1426000 2954.3
1426010 2943.4
1426020 2932.5
1426030 2932.5
1426040 2924.3
1426050 2919.9
1426060 2919.9
1426070 2915.3
1426080 2908.0
1426090 2908.0
1426100 2902.2
1426110 2899.1
1426120 2899.1
1426130 2898.5
1426140 2899.0
1426150 2898.8
1426160 2898.8
1426170 2898.5
1426180 2899.2
1426190 2899.2
1426200 2897.6
1426210 2893.2
1426220 2893.2
1426230 2885.4
1426240 2877.9
1426250 2877.9
1426260 2872.3
1426270 2862.5
1426280 2862.5
1426290 2850.2
1426300 2836.0
1426310 2836.0
1426320 2819.4
1426330 2805.7
1426340 2805.7
1426350 2788.3
1426360 2775.2
1426370 2764.4
1426380 2764.4
1426390 2751.3
1426400 2745.5
1426410 2745.5
1426420 2742.3
1426430 2739.5
1426440 2739.5
1426450 2741.7
1426460 2746.4
1426470 2746.4
1426480 2748.1
1426490 2749.1
1426500 2749.1
1426510 2750.1
1426520 2748.8
1426530 2748.8
1426540 2745.5
1426550 2738.7
1426560 2726.9
1426570 2726.9
1426580 2715.3
1426590 2707.4
1426600 2707.4
1426610 2696.3
1426620 2686.6
1426630 2686.6
1426640 2672.7
1426650 2653.6
1426660 2653.6
1426670 2638.5
1426680 2626.8
1426690 2626.8
1426700 2616.8
1426710 2604.9
1426720 2604.9
1426730 2597.3
1426740 2590.6
1426750 2584.1
1426760 2584.1
1426770 2577.3
1426780 2570.2
1426790 2570.2
1426800 2563.0
1426810 2555.4
1426820 2555.4
1426830 2548.2
1426840 2540.7
1426850 2540.7
1426860 2532.4
1426870 2525.8
1426880 2525.8
1426890 2518.8
1426900 2511.8
1426910 2511.8
1426920 2505.0
1426930 2498.8
1426940 2498.8
1426950 2492.9
1426960 2486.9
1426970 2480.6
1426980 2480.6
1426990 2474.2
1427000 2467.6
1427010 2467.6
1427020 2460.6
1427030 2454.5
1427040 2454.5
1427050 2447.9
1427060 2441.3
1427070 2441.3
1427080 2435.1
1427090 2429.6
1427100 2429.6
1427110 2423.7
1427120 2417.9
1427130 2417.9
1427140 2411.8
1427150 2406.5
1427160 2400.8
1427170 2400.8
1427180 2394.8
1427190 2389.6
1427200 2389.6
1427210 2384.3
1427220 2377.8
1427230 2377.8
1427240 2371.5
1427250 2365.4
1427260 2365.4
1427270 2357.5
1427280 2348.8
1427290 2348.8
1427300 2341.8
1427310 2333.6
1427320 2333.6
1427330 2326.3
1427340 2318.9
1427350 2318.9
1427360 2313.0
1427370 2308.2
1427380 2303.2
1427390 2303.2
1427400 2298.9
1427410 2294.5
1427420 2294.5
1427430 2290.1
1427440 2286.1
1427450 2286.1
1427460 2282.4
1427470 2279.8
1427480 2279.8
1427490 2276.2
1427500 2272.2
1427510 2272.2
1427520 2269.0
1427530 2265.5
1427540 2265.5
1427550 2261.8
1427560 2259.8
1427570 2260.1
1427580 2260.1
1427590 2265.8
1427600 2261.9
1427610 2261.9
1427620 2255.9
1427630 2245.0
1427640 2245.0
1427650 2237.5
1427660 2234.2
1427670 2234.2
1427680 2233.4
1427690 2231.2
1427700 2231.2
1427710 2228.8
1427720 2226.1
1427730 2226.1
1427740 2225.1
1427750 2225.5
1427760 2225.5
1427770 2225.6
1427780 2225.8
1427790 2226.2
1427800 2226.2
1427810 2226.5
1427820 2227.4
1427830 2227.4
1427840 2229.7
1427850 2233.0
1427860 2233.0
1427870 2235.0
1427880 2237.2
1427890 2237.2
1427900 2239.6
1427910 2241.5
1427920 2241.5
1427930 2245.3
1427940 2250.8
1427950 2250.8
1427960 2258.3
1427970 2265.6
1427980 2273.1
1427990 2273.1
1428000 2280.3
1428010 2285.2
1428020 2285.2
1428030 2290.3
1428040 2295.1
1428050 2295.1
1428060 2300.1
1428070 2302.4
1428080 2302.4
1428090 2304.7
1428100 2307.6
1428110 2307.6
1428120 2311.1
1428130 2316.1
1428140 2316.1
1428150 2321.7
1428160 2328.5
1428170 2328.5
1428180 2336.4
1428190 2343.7
1428200 2351.4
1428210 2351.4
1428220 2359.3
1428230 2367.9
1428240 2367.9
1428250 2375.3
1428260 2381.8
1428270 2381.8
1428280 2389.4
1428290 2395.4
1428300 2395.4
1428310 2398.1
1428320 2403.2
1428330 2403.2
1428340 2409.5
1428350 2415.9
1428360 2415.9
1428370 2422.5
1428380 2430.3
1428390 2438.1
1428400 2438.1
1428410 2445.6
1428420 2453.6
1428430 2453.6
1428440 2460.5
1428450 2458.5
1428460 2458.5
1428470 2453.3
1428480 2446.8
1428490 2446.8
1428500 2441.7
1428510 2436.8
1428520 2436.8
1428530 2431.4
1428540 2425.9
1428550 2425.9
1428560 2424.2
1428570 2424.2
1428580 2424.2
1428590 2426.3
1428600 2424.4
1428610 2420.6
1428620 2420.6
1428630 2417.2
1428640 2414.1
1428650 2414.1
1428660 2411.9
1428670 2410.5
1428680 2410.5
1428690 2411.1
1428700 2409.6
1428710 2409.6
1428720 2408.2
1428730 2410.7
1428740 2410.7
1428750 2410.1
1428760 2406.2
1428770 2406.2
1428780 2404.3
1428790 2402.2
1428800 2400.2
1428810 2400.2
1428820 2398.5
1428830 2396.9
1428840 2396.9
1428850 2396.3
1428860 2396.8
1428870 2396.8
1428880 2396.7
1428890 2395.4
1428900 2395.4
1428910 2392.6
1428920 2393.0
1428930 2393.0
1428940 2394.0
1428950 2391.4
1428960 2391.4
1428970 2390.1
1428980 2387.4
1428990 2383.5
1429000 2383.5
1429010 2379.7
1429020 2375.5
1429030 2375.5
1429040 2373.9
1429050 2371.2
1429060 2371.2
1429070 2367.3
1429080 2363.1
1429090 2363.1
1429100 2354.0
1429110 2347.3
1429120 2347.3
1429130 2341.1
1429140 2333.6
1429150 2333.6
1429160 2326.7
1429170 2321.5
1429180 2321.5
1429190 2312.9
1429200 2307.1
1429210 2303.6
1429220 2303.6
1429230 2299.9
1429240 2303.2
1429250 2303.2
1429260 2302.5
1429270 2297.0
1429280 2297.0
1429290 2289.7
1429300 2281.3
1429310 2281.3
1429320 2273.0
1429330 2261.3
1429340 2261.3
1429350 2251.9
1429360 2246.3
1429370 2246.3
1429380 2242.9
1429390 2240.9
1429400 2230.6
1429410 2230.6
1429420 2218.6
1429430 2208.3
1429440 2208.3
1429450 2201.5
1429460 2188.4
1429470 2188.4
1429480 2175.4
1429490 2165.8
1429500 2165.8
1429510 2155.6
1429520 2146.5
1429530 2146.5
1429540 2143.2
1429550 2137.8
1429560 2137.8
1429570 2127.2
1429580 2120.4
1429590 2120.4
1429600 2113.5
1429610 2105.3
1429620 2098.6
1429630 2098.6
1429640 2093.2
1429650 2090.1
1429660 2090.1
1429670 2086.6
1429680 2081.6
1429690 2081.6
1429700 2075.3
1429710 2069.1
1429720 2069.1
1429730 2067.4
1429740 2066.1
1429750 2066.1
1429760 2064.2
1429770 2062.1
1429780 2062.1
1429790 2059.8
1429800 2054.9
1429810 2050.1
1429820 2050.1
1429830 2047.3
1429840 2043.8
1429850 2043.8
1429860 2040.8
1429870 2037.6
1429880 2037.6
1429890 2029.5
1429900 2023.2
1429910 2023.2
1429920 2017.6
1429930 2013.7
1429940 2013.7
1429950 2012.9
1429960 2013.5
1429970 2013.5
1429980 2012.7
1429990 2010.5
1430000 2010.5
1430010 2007.7
1430020 2006.2
1430030 2003.2
1430040 2003.2
1430050 2000.0
1430060 1996.0
1430070 1996.0
1430080 1989.6
1430090 1985.0
1430100 1985.0
1430110 1981.8
1430120 1977.2
1430130 1977.2
1430140 1968.5
1430150 1960.6
1430160 1960.6
1430170 1953.1
1430180 1945.5
1430190 1945.5
1430200 1938.5
1430210 1931.6
1430220 1927.7
1430230 1927.7
1430240 1925.1
1430250 1924.5
1430260 1924.5
1430270 1924.2
1430280 1923.2
1430290 1923.2
1430300 1921.1
1430310 1918.1
1430320 1918.1
1430330 1915.3
1430340 1912.7
1430350 1912.7
1430360 1910.2
1430370 1908.6
1430380 1908.6
1430390 1906.5
1430400 1905.1
1430410 1905.1
1430420 1904.5
1430430 1902.4
1430440 1900.4
1430450 1900.4
1430460 1898.9
1430470 1897.2
1430480 1897.2
1430490 1894.2
1430500 1891.8
1430510 1891.8
1430520 1891.1
1430530 1889.2
1430540 1889.2
1430550 1886.4
1430560 1884.2
1430570 1884.2
1430580 1882.2
1430590 1879.5
1430600 1879.5
1430610 1876.7
1430620 1872.7
1430630 1867.8
1430640 1867.8
1430650 1864.6
1430660 1860.1
1430670 1860.1
1430680 1856.8
1430690 1856.3
1430700 1856.3
1430710 1852.5
1430720 1847.4
1430730 1847.4
1430740 1842.0
1430750 1837.8
1430760 1837.8
1430770 1835.6
1430780 1833.1
1430790 1833.1
1430800 1830.4
1430810 1827.2
1430820 1824.3
1430830 1824.3
1430840 1822.1
1430850 1818.8
1430860 1818.8
1430870 1816.6
1430880 1815.0
1430890 1815.0
1430900 1812.7
1430910 1808.7
1430920 1808.7
1430930 1805.8
1430940 1803.6
1430950 1803.6
1430960 1804.7
1430970 1806.6
1430980 1806.6
1430990 1807.3
1431000 1805.1
1431010 1805.1
1431020 1797.9
1431030 1792.0
1431040 1788.3
1431050 1788.3
1431060 1783.5
1431070 1779.5
1431080 1779.5
1431090 1775.9
1431100 1773.4
1431110 1773.4
1431120 1772.4
1431130 1774.6
1431140 1774.6
1431150 1775.4
1431160 1775.2
1431170 1775.2
1431180 1775.9
1431190 1774.3
1431200 1774.3
1431210 1769.7
1431220 1767.3
1431230 1764.5
1431240 1764.5
1431250 1761.0
1431260 1759.0
1431270 1759.0
1431280 1756.1
1431290 1752.1
1431300 1752.1
1431310 1739.8
1431320 1736.1
1431330 1736.1
1431340 1730.9
1431350 1730.4
1431360 1730.4
1431370 1731.9
1431380 1733.2
1431390 1733.2
1431400 1733.3
1431410 1730.6
1431420 1730.6
1431430 1722.2
1431440 1720.7
1431450 1719.3
1431460 1719.3
1431470 1719.7
1431480 1720.1
1431490 1720.1
1431500 1721.0
1431510 1721.1
1431520 1721.1
1431530 1723.9
1431540 1727.9
1431550 1727.9
1431560 1731.6
1431570 1733.8
1431580 1733.8
1431590 1735.9
1431600 1736.8
1431610 1736.8
1431620 1735.5
1431630 1731.3
1431640 1725.6
1431650 1725.6
1431660 1718.7
1431670 1711.7
1431680 1711.7
1431690 1703.4
1431700 1693.4
1431710 1693.4
1431720 1683.6
1431730 1674.9
1431740 1674.9
1431750 1667.3
1431760 1657.0
1431770 1657.0
1431780 1650.8
1431790 1650.7
1431800 1650.7
1431810 1649.7
1431820 1644.8
1431830 1644.8
1431840 1640.5
1431850 1637.8
1431860 1638.6
1431870 1638.6
1431880 1638.5
1431890 1636.6
1431900 1636.6
1431910 1633.7
1431920 1630.1
1431930 1630.1
1431940 1625.9
1431950 1621.0
1431960 1621.0
1431970 1614.7
1431980 1606.1
1431990 1606.1
1432000 1599.4
1432010 1593.6
1432020 1593.6
1432030 1588.5
1432040 1583.5
1432050 1579.9
1432060 1579.9
1432070 1575.5
1432080 1569.5
1432090 1569.5
1432100 1565.4
1432110 1562.4
1432120 1562.4
1432130 1558.7
1432140 1554.7
1432150 1554.7
1432160 1550.0
1432170 1544.6
1432180 1544.6
1432190 1539.1
1432200 1534.4
1432210 1534.4
1432220 1530.3
1432230 1526.2
1432240 1526.2
1432250 1521.1
1432260 1512.6
1432270 1502.4
1432280 1502.4
1432290 1496.9
1432300 1493.8
1432310 1493.8
1432320 1490.8
1432330 1486.9
1432340 1486.9
1432350 1481.3
1432360 1472.0
1432370 1472.0
1432380 1462.6
1432390 1453.6
1432400 1453.6
1432410 1443.4
1432420 1432.8
1432430 1432.8
1432440 1424.3
1432450 1415.6
1432460 1406.1
1432470 1406.1
1432480 1397.1
1432490 1388.8
1432500 1388.8
1432510 1381.6
1432520 1375.0
1432530 1375.0
1432540 1368.9
1432550 1363.8
1432560 1363.8
1432570 1358.4
1432580 1352.4
1432590 1352.4
1432600 1348.1
1432610 1343.5
1432620 1343.5
1432630 1337.1
1432640 1327.9
1432650 1317.5
1432660 1317.5
1432670 1298.0
1432680 1275.2
1432690 1275.2
1432700 1255.8
1432710 1246.7
1432720 1246.7
1432730 1239.3
1432740 1231.9
1432750 1231.9
1432760 1221.9
1432770 1209.1
1432780 1209.1
1432790 1200.2
1432800 1193.1
1432810 1193.1
1432820 1186.3
1432830 1180.3
1432840 1180.3
1432850 1175.6
1432860 1170.8
1432870 1163.9
1432880 1163.9
1432890 1156.0
1432900 1148.9
1432910 1148.9
1432920 1142.4
1432930 1136.3
1432940 1136.3
1432950 1131.7
1432960 1128.0
1432970 1128.0
1432980 1125.0
1432990 1122.7
1433000 1122.7
1433010 1120.8
1433020 1119.4
1433030 1119.4
1433040 1117.0
1433050 1112.9
1433060 1109.2
1433070 1109.2
1433080 1102.7
1433090 1095.8
1433100 1095.8
1433110 1092.4
1433120 1090.9
1433130 1090.9
1433140 1087.9
1433150 1086.1
1433160 1086.1
1433170 1086.0
1433180 1086.3
1433190 1086.3
1433200 1085.4
1433210 1083.1
1433220 1083.1
1433230 1081.3
1433240 1077.0
1433250 1077.0
1433260 1072.2
1433270 1066.3
1433280 1057.9
1433290 1057.9
1433300 1054.9
1433310 1055.2
1433320 1055.2
1433330 1055.3
1433340 1055.9
1433350 1055.9
1433360 1055.8
1433370 1056.1
1433380 1056.1
1433390 1056.3
1433400 1056.3
1433410 1056.3
1433420 1056.3
1433430 1055.1
1433440 1055.1
1433450 1052.8
1433460 1053.5
1433470 1054.7
1433480 1054.7
1433490 1054.9
1433500 1055.8
1433510 1055.8
1433520 1056.3
1433530 1060.0
1433540 1060.0
1433550 1065.8
1433560 1070.5
1433570 1070.5
1433580 1077.1
1433590 1083.6
1433600 1083.6
1433610 1090.1
1433620 1097.7
1433630 1097.7
1433640 1106.1
1433650 1114.5
1433660 1114.5
1433670 1123.3
1433680 1133.2
1433690 1146.3
1433700 1146.3
1433710 1162.8
1433720 1167.4
1433730 1167.4
1433740 1174.5
1433750 1183.3
1433760 1183.3
1433770 1188.6
1433780 1192.4
1433790 1192.4
1433800 1196.8
1433810 1203.6
1433820 1203.6
1433830 1213.0
1433840 1224.1
1433850 1224.1
1433860 1236.6
1433870 1250.5
1433880 1257.9
1433890 1257.9
1433900 1264.5
1433910 1270.8
1433920 1270.8
1433930 1278.4
1433940 1283.8
1433950 1283.8
1433960 1288.3
1433970 1293.5
1433980 1293.5
1433990 1298.8
1434000 1305.2
1434010 1305.2
1434020 1312.0
1434030 1316.8
1434040 1316.8
1434050 1321.5
1434060 1326.0
1434070 1326.0
1434080 1330.6
1434090 1336.0
1434100 1343.2
1434110 1343.2
1434120 1349.1
1434130 1353.9
1434140 1353.9
1434150 1357.8
1434160 1360.8
1434170 1360.8
1434180 1362.9
1434190 1363.3
1434200 1363.3
1434210 1363.7
1434220 1364.2
1434230 1364.2
1434240 1365.9
1434250 1368.3
1434260 1368.3
1434270 1371.5
1434280 1375.3
1434290 1380.3
1434300 1380.3
1434310 1386.0
1434320 1392.5
1434330 1392.5
1434340 1399.1
1434350 1405.2
1434360 1405.2
1434370 1406.0
1434380 1406.5
1434390 1406.5
1434400 1409.2
1434410 1415.8
1434420 1415.8
1434430 1422.7
1434440 1429.5
1434450 1429.5
1434460 1435.8
1434470 1440.3
1434480 1440.3
1434490 1443.9
1434500 1447.2
1434510 1450.6
1434520 1450.6
1434530 1453.5
1434540 1456.7
1434550 1456.7
1434560 1460.3
1434570 1463.8
1434580 1463.8
1434590 1465.3
1434600 1466.0
1434610 1466.0
1434620 1468.1
1434630 1471.2
1434640 1471.2
1434650 1475.0
1434660 1478.6
1434670 1478.6
1434680 1481.9
1434690 1485.3
1434700 1489.4
1434710 1489.4
1434720 1493.9
1434730 1498.1
1434740 1498.1
1434750 1502.0
1434760 1505.8
1434770 1505.8
1434780 1510.0
1434790 1514.1
1434800 1514.1
1434810 1518.2
1434820 1522.4
1434830 1522.4
1434840 1527.4
1434850 1532.6
1434860 1532.6
1434870 1537.0
1434880 1541.5
1434890 1546.8
1434900 1546.8
1434910 1552.6
1434920 1557.7
1434930 1557.7
1434940 1562.4
1434950 1567.4
1434960 1567.4
1434970 1573.2
1434980 1577.7
1434990 1577.7
1435000 1581.9
1435010 1585.7
1435020 1585.7
1435030 1587.2
1435040 1586.8
1435050 1586.8
1435060 1587.7
1435070 1589.4
1435080 1589.4
1435090 1591.4
1435100 1594.1
1435110 1597.4
1435120 1597.4
1435130 1598.5
1435140 1599.0
1435150 1599.0
1435160 1601.1
1435170 1603.6
1435180 1603.6
1435190 1606.8
1435200 1610.4
1435210 1610.4
1435220 1613.1
1435230 1615.3
1435240 1615.3
1435250 1617.7
1435260 1620.5
1435270 1620.5
1435280 1624.0
1435290 1628.0
1435300 1631.6
1435310 1631.6
1435320 1635.2
1435330 1638.7
1435340 1638.7
1435350 1642.8
1435360 1647.4
1435370 1647.4
1435380 1650.9
1435390 1654.5
1435400 1654.5
1435410 1658.7
1435420 1664.0
1435430 1664.0
1435440 1669.8
1435450 1678.1
1435460 1678.1
1435470 1686.0
1435480 1689.8
1435490 1689.8
1435500 1691.8
1435510 1692.3
1435520 1692.3
1435530 1692.3
1435540 1693.4
1435550 1695.1
1435560 1695.1
1435570 1696.7
1435580 1699.0
1435590 1699.0
1435600 1701.4
1435610 1703.7
1435620 1703.7
1435630 1706.6
1435640 1709.9
1435650 1709.9
1435660 1712.7
1435670 1715.9
1435680 1715.9
1435690 1719.3
1435700 1722.8
1435710 1725.8
1435720 1725.8
1435730 1729.3
1435740 1732.7
1435750 1732.7
1435760 1736.6
1435770 1741.1
1435780 1741.1
1435790 1745.3
1435800 1748.2
1435810 1748.2
1435820 1751.6
1435830 1755.9
1435840 1755.9
1435850 1760.9
1435860 1764.8
1435870 1764.8
1435880 1767.4
1435890 1770.6
1435900 1770.6
1435910 1776.1
1435920 1781.6
1435930 1787.0
1435940 1787.0
1435950 1793.5
1435960 1799.9
1435970 1799.9
1435980 1804.8
1435990 1808.3
1436000 1808.3
1436010 1810.1
1436020 1809.5
1436030 1809.5
1436040 1807.1
1436050 1808.1
1436060 1808.1
1436070 1809.9
1436080 1813.5
1436090 1813.5
1436100 1819.3
1436110 1824.8
1436120 1829.6
1436130 1829.6
1436140 1832.0
1436150 1834.4
1436160 1834.4
1436170 1836.1
1436180 1837.2
1436190 1837.2
1436200 1838.7
1436210 1839.4
1436220 1839.4
1436230 1841.2
1436240 1843.2
1436250 1843.2
1436260 1845.9
1436270 1848.6
1436280 1848.6
1436290 1851.1
1436300 1853.7
1436310 1853.7
1436320 1857.9
1436330 1862.0
1436340 1865.5
1436350 1865.5
1436360 1870.1
1436370 1874.7
1436380 1874.7
1436390 1877.7
1436400 1879.9
1436410 1879.9
1436420 1881.4
1436430 1881.7
1436440 1881.7
1436450 1885.4
1436460 1890.0
1436470 1890.0
1436480 1895.8
1436490 1902.3
1436500 1902.3
1436510 1908.0
1436520 1912.7
1436530 1917.6
1436540 1917.6
1436550 1922.4
1436560 1926.6
1436570 1926.6
1436580 1930.8
1436590 1934.9
1436600 1934.9
1436610 1938.2
1436620 1942.2
1436630 1942.2
1436640 1947.2
1436650 1952.1
1436660 1952.1
1436670 1956.1
1436680 1959.3
1436690 1959.3
1436700 1962.9
1436710 1964.8
1436720 1964.8
1436730 1965.6
1436740 1966.9
1436750 1969.1
1436760 1969.1
1436770 1970.5
1436780 1972.5
1436790 1972.5
1436800 1978.1
1436810 1981.6
1436820 1981.6
1436830 1984.9
1436840 1988.3
1436850 1988.3
1436860 1992.4
1436870 1996.6
1436880 1996.6
1436890 2001.3
1436900 2005.8
1436910 2005.8
1436920 2009.2
1436930 2010.9
1436940 2011.3
1436950 2011.3
1436960 2010.3
1436970 2011.1
1436980 2011.1
1436990 2012.2
1437000 2014.4
1437010 2014.4
1437020 2017.7
1437030 2022.0
1437040 2022.0
1437050 2025.6
1437060 2028.5
1437070 2028.5
1437080 2031.8
1437090 2035.4
1437100 2035.4
1437110 2038.8
1437120 2040.8
1437130 2042.1
1437140 2042.1
1437150 2044.5
1437160 2048.5
1437170 2048.5
1437180 2052.7
1437190 2056.1
1437200 2056.1
1437210 2059.9
1437220 2063.3
1437230 2063.3
1437240 2066.8
1437250 2070.6
1437260 2070.6
1437270 2075.4
1437280 2080.2
1437290 2080.2
1437300 2084.6
1437310 2088.2
1437320 2088.2
1437330 2091.2
1437340 2094.1
1437350 2099.1
1437360 2099.1
1437370 2104.9
1437380 2109.4
1437390 2109.4
1437400 2113.4
1437410 2118.0
1437420 2118.0
1437430 2123.5
1437440 2129.8
1437450 2129.8
1437460 2135.1
1437470 2140.3
1437480 2140.3
1437490 2145.4
1437500 2149.5
1437510 2149.5
1437520 2152.8
1437530 2157.6
1437540 2162.6
1437550 2162.6
1437560 2168.6
1437570 2174.0
1437580 2174.0
1437590 2177.9
1437600 2181.1
1437610 2181.1
1437620 2185.2
1437630 2189.8
1437640 2189.8
1437650 2194.3
1437660 2195.6
1437670 2195.6
1437680 2196.9
1437690 2200.2
1437700 2200.2
1437710 2203.6
1437720 2207.5
1437730 2207.5
1437740 2210.8
1437750 2209.9
1437760 2209.4
1437770 2209.4
1437780 2210.4
1437790 2210.6
1437800 2210.6
1437810 2211.9
1437820 2212.2
1437830 2212.2
1437840 2209.8
1437850 2211.3
1437860 2211.3
1437870 2212.1
1437880 2212.5
1437890 2212.5
1437900 2211.5
1437910 2211.1
1437920 2211.1
1437930 2212.3
1437940 2211.8
1437950 2212.0
1437960 2212.0
1437970 2214.7
1437980 2217.2
1437990 2217.2
1438000 2218.3
1438010 2219.3
1438020 2219.3
1438030 2220.8
1438040 2222.5
1438050 2222.5
1438060 2223.9
1438070 2225.5
1438080 2225.5
1438090 2227.5
1438100 2229.7
1438110 2229.7
1438120 2231.7
1438130 2233.6
1438140 2233.6
1438150 2234.9
1438160 2236.6
1438170 2237.8
1438180 2237.8
1438190 2238.2
1438200 2237.9
1438210 2237.9
1438220 2237.2
1438230 2236.1
1438240 2236.1
1438250 2234.4
1438260 2232.2
1438270 2232.2
1438280 2230.1
1438290 2227.9
1438300 2227.9
1438310 2225.5
1438320 2223.1
1438330 2223.1
1438340 2221.0
1438350 2218.8
1438360 2217.7
1438370 2217.7
1438380 2216.8
1438390 2215.7
1438400 2215.7
1438410 2213.6
1438420 2210.4
1438430 2210.4
1438440 2206.5
1438450 2202.0
1438460 2202.0
1438470 2198.0
1438480 2194.5
1438490 2194.5
1438500 2190.8
1438510 2188.1
1438520 2188.1
1438530 2187.1
1438540 2186.9
1438550 2186.9
1438560 2185.5
1438570 2184.0
1438580 2180.7
1438590 2180.7
1438600 2177.4
1438610 2172.9
1438620 2172.9
1438630 2168.9
1438640 2164.1
1438650 2164.1
1438660 2160.2
1438670 2159.1
1438680 2159.1
1438690 2156.4
1438700 2152.5
1438710 2152.5
1438720 2148.6
1438730 2146.8
1438740 2146.8
1438750 2145.4
1438760 2144.4
1438770 2143.1
1438780 2143.1
1438790 2143.7
1438800 2143.4
1438810 2143.4
1438820 2142.2
1438830 2141.6
1438840 2141.6
1438850 2141.7
1438860 2141.1
1438870 2141.1
1438880 2138.2
1438890 2135.7
1438900 2135.7
1438910 2133.4
1438920 2133.1
1438930 2133.1
1438940 2132.8
1438950 2130.7
1438960 2126.6
1438970 2126.6
1438980 2120.9
1438990 2117.3
1439000 2117.3
1439010 2115.0
1439020 2111.0
1439030 2111.0
1439040 2108.2
1439050 2106.1
1439060 2106.1
1439070 2105.7
1439080 2106.6
1439090 2106.6
1439100 2107.4
1439110 2107.2
1439120 2107.2
1439130 2106.3
1439140 2104.2
1439150 2104.2
1439160 2104.5
1439170 2105.5
1439180 2106.5
1439190 2106.5
1439200 2107.1
1439210 2108.6
1439220 2108.6
1439230 2109.5
1439240 2109.0
1439250 2109.0
1439260 2107.5
1439270 2106.8
1439280 2106.8
1439290 2105.0
1439300 2101.7
1439310 2101.7
1439320 2098.0
1439330 2095.8
1439340 2095.8
1439350 2094.5
1439360 2089.6
1439370 2084.2
1439380 2084.2
1439390 2080.2
1439400 2076.6
1439410 2076.6
1439420 2070.8
1439430 2066.1
1439440 2066.1
1439450 2062.5
1439460 2059.4
1439470 2059.4
1439480 2056.1
1439490 2050.5
1439500 2050.5
1439510 2045.3
1439520 2040.3
1439530 2040.3
1439540 2036.9
1439550 2033.7
1439560 2033.7
1439570 2028.8
1439580 2025.3
1439590 2022.3
1439600 2022.3
1439610 2019.2
1439620 2017.0
1439630 2017.0
1439640 2014.3
1439650 2011.2
1439660 2011.2
1439670 2007.9
1439680 2004.8
1439690 2004.8
1439700 2002.4
1439710 1999.0
1439720 1999.0
1439730 1995.0
1439740 1992.5
1439750 1992.5
1439760 1992.0
1439770 1989.8
1439780 1986.1
1439790 1986.1
1439800 1983.5
1439810 1979.7
1439820 1979.7
1439830 1975.8
1439840 1972.5
1439850 1972.5
1439860 1968.9
1439870 1963.3
1439880 1963.3
1439890 1959.1
1439900 1952.9
1439910 1952.9
1439920 1947.4
1439930 1941.9
1439940 1941.9
1439950 1937.3
1439960 1933.6
1439970 1933.6
1439980 1929.6
1439990 1925.6
