1420000 2365.5
1420010 2358.7
1420020 2358.7
1420030 2352.1
1420040 2346.1
1420050 2346.1
1420060 2340.2
1420070 2334.3
1420080 2334.3
1420090 2328.7
1420100 2323.0
1420110 2323.0
1420120 2316.5
1420130 2310.5
1420140 2310.5
1420150 2305.6
1420160 2301.0
1420170 2301.0
1420180 2296.8
1420190 2292.3
1420200 2287.6
1420210 2287.6
1420220 2281.5
1420230 2276.8
1420240 2276.8
1420250 2273.0
1420260 2270.5
1420270 2270.5
1420280 2267.7
1420290 2264.7
1420300 2264.7
1420310 2262.1
1420320 2259.0
1420330 2259.0
1420340 2254.3
1420350 2249.4
1420360 2249.4
1420370 2244.7
1420380 2238.2
1420390 2238.2
1420400 2232.3
1420410 2230.0
1420420 2226.8
1420430 2226.8
1420440 2225.8
1420450 2223.1
1420460 2223.1
1420470 2217.4
1420480 2211.7
1420490 2211.7
1420500 2207.0
1420510 2200.9
1420520 2200.9
1420530 2194.8
1420540 2190.5
1420550 2190.5
1420560 2186.8
1420570 2182.3
1420580 2182.3
1420590 2179.0
1420600 2177.6
1420610 2176.9
1420620 2176.9
1420630 2172.9
1420640 2169.3
1420650 2169.3
1420660 2167.4
1420670 2165.3
1420680 2165.3
1420690 2163.5
1420700 2162.1
1420710 2162.1
1420720 2161.1
1420730 2159.2
1420740 2159.2
1420750 2157.6
1420760 2155.9
1420770 2155.9
1420780 2154.2
1420790 2153.4
1420800 2153.4
1420810 2152.7
1420820 2151.5
1420830 2150.2
1420840 2150.2
1420850 2149.0
1420860 2147.8
1420870 2147.8
1420880 2147.2
1420890 2147.0
1420900 2147.0
1420910 2146.8
1420920 2147.0
1420930 2147.0
1420940 2147.2
1420950 2147.6
1420960 2147.6
1420970 2149.7
1420980 2151.2
1420990 2151.2
1421000 2151.7
1421010 2151.1
1421020 2150.1
1421030 2150.1
1421040 2150.3
1421050 2150.0
1421060 2150.0
1421070 2148.2
1421080 2146.7
1421090 2146.7
1421100 2143.9
1421110 2140.4
1421120 2140.4
1421130 2135.6
1421140 2133.0
1421150 2133.0
1421160 2130.6
1421170 2127.6
1421180 2127.6
1421190 2124.2
1421200 2119.4
1421210 2119.4
1421220 2113.0
1421230 2106.7
1421240 2101.5
1421250 2101.5
1421260 2094.9
1421270 2087.7
1421280 2087.7
1421290 2080.5
1421300 2073.9
1421310 2073.9
1421320 2065.6
1421330 2055.9
1421340 2055.9
1421350 2050.0
1421360 2043.4
1421370 2043.4
1421380 2036.3
1421390 2031.7
1421400 2031.7
1421410 2029.2
1421420 2025.6
1421430 2023.3
1421440 2023.3
1421450 2021.2
1421460 2018.9
1421470 2018.9
1421480 2016.5
1421490 2013.4
1421500 2013.4
1421510 2011.4
1421520 2007.1
1421530 2007.1
1421540 2003.4
1421550 2000.8
1421560 2000.8
1421570 1996.6
1421580 1993.2
1421590 1993.2
1421600 1988.2
1421610 1985.0
1421620 1985.0
1421630 1982.9
1421640 1980.3
1421650 1978.3
1421660 1978.3
1421670 1977.3
1421680 1976.2
1421690 1976.2
1421700 1974.4
1421710 1971.0
1421720 1971.0
1421730 1966.9
1421740 1965.6
1421750 1965.6
1421760 1965.1
1421770 1964.9
1421780 1964.9
1421790 1965.9
1421800 1966.2
1421810 1966.2
1421820 1966.5
1421830 1967.4
1421840 1968.9
1421850 1968.9
1421860 1970.9
1421870 1974.8
1421880 1974.8
1421890 1979.7
1421900 1982.0
1421910 1982.0
1421920 1984.2
1421930 1986.6
1421940 1986.6
1421950 1988.8
1421960 1991.3
1421970 1991.3
1421980 1994.3
1421990 1997.4
1422000 1997.4
1422010 2000.6
1422020 2004.4
1422030 2004.4
1422040 2008.2
1422050 2011.6
1422060 2015.1
1422070 2015.1
1422080 2018.0
1422090 2022.7
1422100 2022.7
1422110 2026.9
1422120 2030.3
1422130 2030.3
1422140 2033.5
1422150 2037.4
1422160 2037.4
1422170 2042.1
1422180 2047.0
1422190 2047.0
1422200 2051.8
1422210 2056.9
1422220 2056.9
1422230 2062.0
1422240 2067.2
1422250 2072.7
1422260 2072.7
1422270 2078.7
1422280 2084.4
1422290 2084.4
1422300 2093.1
1422310 2102.3
1422320 2102.3
1422330 2111.0
1422340 2118.9
1422350 2118.9
1422360 2126.3
1422370 2132.3
1422380 2132.3
1422390 2138.2
1422400 2144.8
1422410 2144.8
1422420 2151.8
1422430 2159.0
1422440 2159.0
1422450 2165.5
1422460 2171.8
1422470 2178.3
1422480 2178.3
1422490 2184.5
1422500 2190.5
1422510 2190.5
1422520 2196.4
1422530 2202.3
1422540 2202.3
1422550 2208.1
1422560 2215.1
1422570 2215.1
1422580 2221.9
1422590 2231.2
1422600 2231.2
1422610 2239.5
1422620 2250.5
1422630 2250.5
1422640 2260.4
1422650 2266.5
1422660 2267.0
1422670 2267.0
1422680 2268.2
1422690 2271.2
1422700 2271.2
1422710 2277.0
1422720 2282.7
1422730 2282.7
1422740 2289.1
1422750 2298.1
1422760 2298.1
1422770 2300.5
1422780 2305.4
1422790 2305.4
1422800 2312.1
1422810 2322.6
1422820 2322.6
1422830 2331.5
1422840 2337.3
1422850 2337.3
1422860 2345.8
1422870 2353.7
1422880 2360.4
1422890 2360.4
1422900 2363.8
1422910 2368.8
1422920 2368.8
1422930 2375.0
1422940 2381.7
1422950 2381.7
1422960 2388.2
1422970 2394.6
1422980 2394.6
1422990 2400.7
1423000 2406.8
1423010 2406.8
1423020 2413.0
1423030 2419.3
1423040 2419.3
1423050 2426.5
1423060 2436.3
1423070 2448.6
1423080 2448.6
1423090 2459.4
1423100 2468.2
1423110 2468.2
1423120 2471.1
1423130 2472.7
1423140 2472.7
1423150 2474.4
1423160 2477.9
1423170 2477.9
1423180 2484.3
1423190 2490.3
1423200 2490.3
1423210 2496.5
1423220 2503.5
1423230 2503.5
1423240 2508.5
1423250 2513.7
1423260 2513.7
1423270 2518.3
1423280 2523.8
1423290 2530.8
1423300 2530.8
1423310 2538.2
1423320 2544.7
1423330 2544.7
1423340 2550.8
1423350 2557.2
1423360 2557.2
1423370 2564.1
1423380 2571.4
1423390 2571.4
1423400 2581.0
1423410 2591.4
1423420 2591.4
1423430 2608.9
1423440 2623.8
1423450 2623.8
1423460 2630.6
1423470 2642.4
1423480 2638.0
1423490 2638.0
1423500 2623.5
1423510 2608.6
1423520 2608.6
1423530 2595.5
1423540 2583.9
1423550 2583.9
1423560 2573.2
1423570 2568.3
1423580 2568.3
1423590 2564.5
1423600 2560.1
1423610 2560.1
1423620 2555.0
1423630 2550.1
1423640 2550.1
1423650 2545.0
1423660 2539.3
1423670 2539.3
1423680 2534.3
1423690 2530.2
1423700 2527.0
1423710 2527.0
1423720 2525.1
1423730 2523.8
1423740 2523.8
1423750 2522.0
1423760 2520.8
1423770 2520.8
1423780 2521.0
1423790 2521.5
1423800 2521.5
1423810 2522.5
1423820 2523.2
1423830 2523.2
1423840 2523.2
1423850 2524.4
1423860 2524.4
1423870 2526.0
1423880 2527.9
1423890 2531.1
1423900 2531.1
1423910 2534.2
1423920 2537.8
1423930 2537.8
1423940 2539.9
1423950 2540.8
1423960 2540.8
1423970 2542.1
1423980 2544.0
1423990 2544.0
1424000 2545.9
1424010 2547.7
1424020 2547.7
1424030 2549.6
1424040 2552.1
1424050 2552.1
1424060 2554.9
1424070 2558.2
1424080 2558.2
1424090 2561.4
1424100 2564.4
1424110 2568.1
1424120 2568.1
1424130 2571.5
1424140 2574.3
1424150 2574.3
1424160 2583.4
1424170 2586.0
1424180 2586.0
1424190 2588.1
1424200 2590.7
1424210 2590.7
1424220 2595.3
1424230 2602.0
1424240 2602.0
1424250 2609.5
1424260 2615.2
1424270 2615.2
1424280 2617.6
1424290 2618.4
1424300 2620.6
1424310 2620.6
1424320 2624.1
1424330 2627.5
1424340 2627.5
1424350 2628.6
1424360 2627.4
1424370 2627.4
1424380 2627.2
1424390 2628.2
1424400 2628.2
1424410 2628.8
1424420 2631.6
1424430 2631.6
1424440 2635.7
1424450 2639.1
1424460 2639.1
1424470 2643.0
1424480 2644.1
1424490 2644.1
1424500 2643.4
1424510 2645.1
1424520 2648.8
1424530 2648.8
1424540 2652.4
1424550 2656.5
1424560 2656.5
1424570 2660.7
1424580 2664.8
1424590 2664.8
1424600 2668.4
1424610 2671.7
1424620 2671.7
1424630 2673.0
1424640 2674.1
1424650 2674.1
1424660 2672.1
1424670 2671.7
1424680 2671.7
1424690 2673.4
1424700 2674.5
1424710 2676.0
1424720 2676.0
1424730 2678.3
1424740 2681.3
1424750 2681.3
1424760 2685.0
1424770 2687.2
1424780 2687.2
1424790 2687.5
1424800 2689.2
1424810 2689.2
1424820 2692.0
1424830 2694.3
1424840 2694.3
1424850 2697.0
1424860 2702.2
1424870 2702.2
1424880 2708.5
1424890 2712.2
1424900 2712.2
1424910 2713.5
1424920 2712.7
1424930 2710.0
1424940 2710.0
1424950 2707.2
1424960 2705.8
1424970 2705.8
1424980 2707.7
1424990 2711.0
1425000 2711.0
1425010 2714.6
1425020 2718.2
1425030 2718.2
1425040 2722.3
1425050 2726.6
1425060 2726.6
1425070 2730.5
1425080 2734.3
1425090 2734.3
1425100 2739.9
1425110 2745.6
1425120 2750.6
1425130 2750.6
1425140 2752.0
1425150 2752.6
1425160 2752.6
1425170 2755.1
1425180 2757.7
1425190 2757.7
1425200 2760.6
1425210 2765.1
1425220 2765.1
1425230 2770.4
1425240 2776.6
1425250 2776.6
1425260 2783.6
1425270 2791.0
1425280 2791.0
1425290 2797.8
1425300 2804.1
1425310 2810.4
1425320 2810.4
1425330 2816.5
1425340 2822.8
1425350 2822.8
1425360 2829.4
1425370 2837.2
1425380 2837.2
1425390 2844.1
1425400 2853.0
1425410 2853.0
1425420 2862.7
1425430 2866.0
1425440 2866.0
1425450 2868.8
1425460 2875.4
1425470 2875.4
1425480 2883.6
1425490 2894.8
1425500 2894.8
1425510 2906.8
1425520 2919.3
1425530 2931.5
1425540 2931.5
1425550 2942.7
1425560 2955.3
1425570 2955.3
1425580 2966.6
1425590 2975.1
1425600 2975.1
1425610 2983.8
1425620 2990.9
1425630 2990.9
1425640 2997.8
1425650 3003.2
1425660 3003.2
1425670 3009.6
1425680 3002.2
1425690 3002.2
1425700 2988.1
1425710 2965.3
1425720 2941.4
1425730 2941.4
1425740 2932.8
1425750 2924.5
1425760 2924.5
1425770 2911.2
1425780 2896.1
1425790 2896.1
1425800 2882.5
1425810 2867.8
1425820 2867.8
1425830 2857.0
1425840 2840.8
1425850 2840.8
1425860 2825.6
1425870 2818.1
1425880 2818.1
1425890 2815.4
1425900 2811.0
1425910 2811.0
1425920 2806.0
1425930 2801.2
1425940 2796.9
1425950 2796.9
1425960 2792.4
1425970 2786.6
1425980 2786.6
1425990 2780.2
1426000 2774.1
1426010 2774.1
1426020 2768.3
1426030 2763.1
1426040 2763.1
1426050 2758.1
1426060 2751.8
1426070 2751.8
1426080 2745.0
1426090 2737.9
1426100 2737.9
1426110 2730.7
1426120 2723.4
1426130 2716.1
1426140 2716.1
1426150 2709.0
1426160 2702.3
1426170 2702.3
1426180 2696.0
1426190 2689.8
1426200 2689.8
1426210 2683.9
1426220 2678.3
1426230 2678.3
1426240 2672.7
1426250 2666.6
1426260 2666.6
1426270 2660.1
1426280 2653.2
1426290 2653.2
1426300 2648.2
1426310 2641.5
1426320 2641.5
1426330 2635.2
1426340 2629.3
1426350 2623.5
1426360 2623.5
1426370 2617.5
1426380 2612.0
1426390 2612.0
1426400 2607.3
1426410 2603.3
1426420 2603.3
1426430 2600.1
1426440 2595.9
1426450 2595.9
1426460 2592.8
1426470 2591.2
1426480 2591.2
1426490 2588.9
1426500 2586.8
1426510 2586.8
1426520 2585.4
1426530 2584.6
1426540 2583.0
1426550 2583.0
1426560 2579.6
1426570 2579.2
1426580 2579.2
1426590 2579.6
1426600 2577.6
1426610 2577.6
1426620 2575.2
1426630 2572.9
1426640 2572.9
1426650 2571.6
1426660 2569.7
1426670 2569.7
1426680 2567.7
1426690 2566.3
1426700 2566.3
1426710 2565.0
1426720 2565.3
1426730 2565.3
1426740 2566.4
1426750 2569.0
1426760 2570.4
1426770 2570.4
1426780 2570.7
1426790 2573.4
1426800 2573.4
1426810 2576.9
1426820 2582.2
1426830 2582.2
1426840 2586.9
1426850 2586.5
1426860 2586.5
1426870 2584.1
1426880 2584.9
1426890 2584.9
1426900 2586.3
1426910 2589.5
1426920 2589.5
1426930 2592.5
1426940 2596.1
1426950 2597.9
1426960 2597.9
1426970 2598.3
1426980 2598.9
1426990 2598.9
1427000 2598.9
1427010 2599.4
1427020 2599.4
1427030 2599.3
1427040 2597.9
1427050 2597.9
1427060 2595.8
1427070 2594.5
1427080 2594.5
1427090 2594.4
1427100 2596.6
1427110 2596.6
1427120 2600.9
1427130 2605.0
1427140 2605.0
1427150 2608.9
1427160 2612.8
1427170 2617.0
1427180 2617.0
1427190 2622.1
1427200 2621.3
1427210 2621.3
1427220 2614.6
1427230 2605.3
1427240 2605.3
1427250 2601.2
1427260 2600.3
1427270 2600.3
1427280 2597.5
1427290 2593.0
1427300 2593.0
1427310 2592.7
1427320 2593.0
1427330 2593.0
1427340 2592.7
1427350 2593.4
1427360 2593.3
1427370 2593.3
1427380 2592.2
1427390 2587.7
1427400 2587.7
1427410 2582.7
1427420 2572.8
1427430 2572.8
1427440 2565.9
1427450 2552.6
1427460 2552.6
1427470 2543.3
1427480 2533.9
1427490 2533.9
1427500 2522.6
1427510 2508.4
1427520 2508.4
1427530 2495.8
1427540 2482.3
1427550 2482.3
1427560 2469.9
1427570 2463.9
1427580 2458.0
1427590 2458.0
1427600 2451.1
1427610 2444.4
1427620 2444.4
1427630 2438.3
1427640 2435.4
1427650 2435.4
1427660 2433.0
1427670 2429.3
1427680 2429.3
1427690 2427.0
1427700 2427.1
1427710 2427.1
1427720 2428.7
1427730 2431.6
1427740 2431.6
1427750 2436.0
1427760 2440.8
1427770 2443.8
1427780 2443.8
1427790 2447.6
1427800 2447.9
1427810 2447.9
1427820 2444.0
1427830 2440.9
1427840 2440.9
1427850 2438.0
1427860 2433.5
1427870 2433.5
1427880 2429.0
1427890 2421.5
1427900 2421.5
1427910 2413.2
1427920 2408.8
1427930 2408.8
1427940 2405.0
1427950 2401.8
1427960 2401.8
1427970 2400.3
1427980 2400.3
1427990 2400.4
1428000 2400.4
1428010 2399.5
1428020 2396.3
1428030 2396.3
1428040 2396.0
1428050 2398.4
1428060 2398.4
1428070 2398.4
1428080 2395.8
1428090 2395.8
1428100 2390.9
1428110 2382.1
1428120 2382.1
1428130 2375.3
1428140 2371.0
1428150 2371.0
1428160 2367.4
1428170 2362.2
1428180 2356.3
1428190 2356.3
1428200 2350.7
1428210 2347.8
1428220 2347.8
1428230 2347.4
1428240 2348.7
1428250 2348.7
1428260 2349.1
1428270 2348.4
1428280 2348.4
1428290 2347.3
1428300 2345.2
1428310 2345.2
1428320 2340.7
1428330 2335.8
1428340 2335.8
1428350 2330.5
1428360 2324.5
1428370 2324.5
1428380 2318.5
1428390 2311.9
1428400 2303.9
1428410 2303.9
1428420 2297.2
1428430 2290.2
1428440 2290.2
1428450 2283.2
1428460 2275.7
1428470 2275.7
1428480 2268.4
1428490 2261.3
1428500 2261.3
1428510 2254.2
1428520 2256.4
1428530 2256.4
1428540 2247.3
1428550 2238.1
1428560 2238.1
1428570 2229.0
1428580 2221.4
1428590 2213.7
1428600 2213.7
1428610 2206.2
1428620 2198.2
1428630 2198.2
1428640 2191.7
1428650 2186.5
1428660 2186.5
1428670 2177.1
1428680 2171.6
1428690 2171.6
1428700 2167.8
1428710 2165.5
1428720 2165.5
1428730 2163.9
1428740 2160.4
1428750 2160.4
1428760 2157.2
1428770 2157.4
1428780 2157.4
1428790 2158.1
1428800 2158.6
1428810 2160.2
1428820 2160.2
1428830 2162.7
1428840 2164.3
1428850 2164.3
1428860 2165.4
1428870 2166.8
1428880 2166.8
1428890 2168.2
1428900 2169.2
1428910 2169.2
1428920 2170.8
1428930 2172.6
1428940 2172.6
1428950 2173.2
1428960 2173.4
1428970 2173.4
1428980 2172.4
1428990 2172.0
1429000 2172.1
1429010 2172.1
1429020 2171.6
1429030 2170.4
1429040 2170.4
1429050 2169.8
1429060 2168.8
1429070 2168.8
1429080 2169.0
1429090 2168.9
1429100 2168.9
1429110 2168.2
1429120 2167.8
1429130 2167.8
1429140 2167.2
1429150 2165.4
1429160 2165.4
1429170 2162.9
1429180 2163.0
1429190 2163.0
1429200 2161.7
1429210 2158.4
1429220 2156.9
1429230 2156.9
1429240 2155.6
1429250 2154.9
1429260 2154.9
1429270 2153.1
1429280 2151.9
1429290 2151.9
1429300 2151.8
1429310 2152.2
1429320 2152.2
1429330 2153.5
1429340 2157.0
1429350 2157.0
1429360 2161.2
1429370 2162.9
1429380 2162.9
1429390 2165.0
1429400 2167.2
1429410 2168.7
1429420 2168.7
1429430 2172.1
1429440 2177.0
1429450 2177.0
1429460 2181.9
1429470 2186.5
1429480 2186.5
1429490 2190.2
1429500 2194.5
1429510 2194.5
1429520 2199.2
1429530 2203.4
1429540 2203.4
1429550 2206.5
1429560 2209.3
1429570 2209.3
1429580 2211.1
1429590 2212.9
1429600 2212.9
1429610 2215.3
1429620 2218.7
1429630 2220.0
1429640 2220.0
1429650 2219.0
1429660 2220.3
1429670 2220.3
1429680 2221.5
1429690 2222.5
1429700 2222.5
1429710 2225.1
1429720 2229.3
1429730 2229.3
1429740 2234.3
1429750 2240.8
1429760 2240.8
1429770 2247.1
1429780 2252.9
1429790 2252.9
1429800 2256.5
1429810 2256.4
1429820 2257.9
1429830 2257.9
1429840 2260.8
1429850 2265.0
1429860 2265.0
1429870 2268.6
1429880 2269.2
1429890 2269.2
1429900 2267.5
1429910 2267.4
1429920 2267.4
1429930 2268.8
1429940 2270.2
1429950 2270.2
1429960 2270.1
1429970 2269.3
1429980 2269.3
1429990 2268.5
1430000 2265.9
1430010 2262.8
1430020 2262.8
1430030 2260.3
1430040 2258.6
1430050 2258.6
1430060 2256.8
1430070 2254.7
1430080 2254.7
1430090 2253.1
1430100 2251.8
1430110 2251.8
1430120 2248.9
1430130 2243.2
1430140 2243.2
1430150 2236.2
1430160 2232.5
1430170 2232.5
1430180 2231.7
1430190 2229.4
1430200 2229.4
1430210 2227.4
1430220 2226.6
1430230 2225.9
1430240 2225.9
1430250 2224.0
1430260 2220.9
1430270 2220.9
1430280 2217.6
1430290 2214.3
1430300 2214.3
1430310 2210.3
1430320 2205.7
1430330 2205.7
1430340 2201.0
1430350 2196.7
1430360 2196.7
1430370 2194.3
1430380 2192.0
1430390 2192.0
1430400 2189.5
1430410 2187.3
1430420 2184.9
1430430 2184.9
1430440 2182.2
1430450 2179.3
1430460 2179.3
1430470 2176.5
1430480 2173.8
1430490 2173.8
1430500 2170.2
1430510 2166.2
1430520 2166.2
1430530 2163.5
1430540 2160.9
1430550 2160.9
1430560 2159.1
1430570 2157.0
1430580 2157.0
1430590 2154.2
1430600 2149.5
1430610 2149.5
1430620 2146.0
1430630 2142.9
1430640 2140.1
1430650 2140.1
1430660 2136.9
1430670 2134.7
1430680 2134.7
1430690 2131.5
1430700 2128.3
1430710 2128.3
1430720 2125.3
1430730 2121.9
1430740 2121.9
1430750 2119.1
1430760 2117.4
1430770 2117.4
1430780 2115.4
1430790 2112.3
1430800 2112.3
1430810 2109.2
1430820 2106.9
1430830 2098.5
1430840 2098.5
1430850 2094.8
1430860 2090.7
1430870 2090.7
1430880 2088.0
1430890 2085.9
1430900 2085.9
1430910 2085.2
1430920 2084.6
1430930 2084.6
1430940 2083.0
1430950 2081.8
1430960 2081.8
1430970 2081.2
1430980 2080.3
1430990 2080.3
1431000 2079.3
1431010 2078.4
1431020 2078.4
1431030 2077.3
1431040 2075.4
1431050 2071.2
1431060 2071.2
1431070 2067.3
1431080 2063.9
1431090 2063.9
1431100 2060.1
1431110 2056.6
1431120 2056.6
1431130 2053.2
1431140 2048.2
1431150 2048.2
1431160 2041.8
1431170 2036.0
1431180 2036.0
1431190 2032.6
1431200 2029.2
1431210 2029.2
1431220 2025.8
1431230 2022.4
1431240 2019.1
1431250 2019.1
1431260 2015.4
1431270 2011.9
1431280 2011.9
1431290 2008.4
1431300 2003.9
1431310 2003.9
1431320 2000.8
1431330 1998.0
1431340 1998.0
1431350 1994.6
1431360 1991.1
1431370 1991.1
1431380 1987.9
1431390 1983.5
1431400 1983.5
1431410 1979.0
1431420 1976.5
1431430 1976.5
1431440 1973.8
1431450 1969.5
1431460 1964.8
1431470 1964.8
1431480 1959.5
1431490 1953.7
1431500 1953.7
1431510 1946.5
1431520 1938.1
1431530 1938.1
1431540 1928.0
1431550 1920.7
1431560 1920.7
1431570 1912.7
1431580 1906.4
1431590 1906.4
1431600 1901.4
1431610 1897.1
1431620 1897.1
1431630 1894.1
1431640 1891.9
1431650 1887.9
1431660 1887.9
1431670 1882.8
1431680 1878.2
1431690 1878.2
1431700 1874.3
1431710 1868.5
1431720 1868.5
1431730 1859.9
1431740 1854.4
1431750 1854.4
1431760 1849.4
1431770 1844.9
1431780 1844.9
1431790 1840.7
1431800 1836.8
1431810 1836.8
1431820 1832.2
1431830 1827.9
1431840 1827.9
1431850 1823.9
1431860 1819.0
1431870 1812.2
1431880 1812.2
1431890 1805.0
1431900 1798.7
1431910 1798.7
1431920 1793.2
1431930 1787.0
1431940 1787.0
1431950 1776.3
1431960 1766.4
1431970 1766.4
1431980 1757.2
1431990 1749.0
1432000 1749.0
1432010 1740.1
1432020 1732.9
1432030 1732.9
1432040 1727.9
1432050 1725.9
1432060 1722.5
1432070 1722.5
1432080 1704.8
1432090 1678.0
1432100 1678.0
1432110 1664.2
1432120 1653.7
1432130 1653.7
1432140 1638.6
1432150 1609.8
1432160 1609.8
1432170 1586.9
1432180 1573.3
1432190 1573.3
1432200 1557.2
1432210 1532.3
1432220 1532.3
1432230 1505.8
1432240 1488.2
1432250 1488.2
1432260 1473.8
1432270 1453.0
1432280 1438.6
1432290 1438.6
1432300 1429.5
1432310 1421.7
1432320 1421.7
1432330 1414.3
1432340 1406.8
1432350 1406.8
1432360 1399.5
1432370 1392.5
1432380 1392.5
1432390 1385.4
1432400 1379.6
1432410 1379.6
1432420 1373.3
1432430 1365.9
1432440 1365.9
1432450 1358.8
1432460 1351.6
1432470 1344.6
1432480 1344.6
1432490 1337.3
1432500 1330.1
1432510 1330.1
1432520 1322.8
1432530 1316.1
1432540 1316.1
1432550 1309.6
1432560 1303.5
1432570 1303.5
1432580 1297.1
1432590 1289.7
1432600 1289.7
1432610 1281.8
1432620 1275.9
1432630 1275.9
1432640 1272.2
1432650 1268.4
1432660 1268.4
1432670 1264.2
1432680 1260.9
1432690 1257.2
1432700 1257.2
1432710 1253.1
1432720 1249.1
1432730 1249.1
1432740 1244.4
1432750 1239.3
1432760 1239.3
1432770 1235.3
1432780 1231.0
1432790 1231.0
1432800 1226.7
1432810 1223.5
1432820 1223.5
1432830 1220.4
1432840 1216.4
1432850 1216.4
1432860 1212.3
1432870 1205.0
1432880 1194.4
1432890 1194.4
1432900 1186.8
1432910 1183.3
1432920 1183.3
1432930 1183.1
1432940 1185.4
1432950 1185.4
1432960 1188.6
1432970 1189.2
1432980 1189.2
1432990 1186.1
1433000 1183.5
1433010 1183.5
1433020 1182.6
1433030 1181.4
1433040 1181.4
1433050 1179.1
1433060 1175.4
1433070 1175.4
1433080 1170.3
1433090 1162.0
1433100 1153.7
1433110 1153.7
1433120 1148.1
1433130 1143.0
1433140 1143.0
1433150 1137.2
1433160 1132.3
1433170 1132.3
1433180 1127.2
1433190 1122.5
1433200 1122.5
1433210 1116.0
1433220 1108.4
1433230 1108.4
1433240 1106.8
1433250 1096.1
1433260 1096.1
1433270 1087.7
1433280 1080.1
1433290 1080.0
1433300 1080.0
1433310 1083.3
1433320 1088.8
1433330 1088.8
1433340 1093.8
1433350 1098.8
1433360 1098.8
1433370 1104.5
1433380 1109.6
1433390 1109.6
1433400 1115.2
1433410 1121.4
1433420 1121.4
1433430 1126.0
1433440 1129.2
1433450 1129.2
1433460 1132.2
1433470 1135.9
1433480 1135.9
1433490 1140.4
1433500 1144.1
1433510 1150.6
1433520 1150.6
1433530 1156.8
1433540 1161.9
1433550 1161.9
1433560 1164.2
1433570 1166.5
1433580 1166.5
1433590 1169.3
1433600 1172.6
1433610 1172.6
1433620 1176.3
1433630 1181.2
1433640 1181.2
1433650 1185.6
1433660 1191.5
1433670 1191.5
1433680 1196.5
1433690 1202.7
1433700 1207.2
1433710 1207.2
1433720 1210.6
1433730 1214.5
1433740 1214.5
1433750 1219.4
1433760 1224.2
1433770 1224.2
1433780 1228.9
1433790 1232.8
1433800 1232.8
1433810 1236.8
1433820 1242.5
1433830 1242.5
1433840 1248.6
1433850 1254.2
1433860 1254.2
1433870 1259.0
1433880 1263.4
1433890 1266.5
1433900 1266.5
1433910 1269.3
1433920 1271.3
1433930 1271.3
1433940 1273.1
1433950 1277.4
1433960 1277.4
1433970 1283.6
1433980 1291.5
1433990 1291.5
1434000 1299.6
1434010 1307.5
1434020 1307.5
1434030 1314.0
1434040 1318.7
1434050 1318.7
1434060 1323.0
1434070 1328.1
1434080 1328.1
1434090 1333.6
1434100 1339.0
1434110 1345.2
1434120 1345.2
1434130 1351.3
1434140 1354.3
1434150 1354.3
1434160 1355.6
1434170 1357.9
1434180 1357.9
1434190 1360.6
1434200 1364.2
1434210 1364.2
1434220 1367.3
1434230 1370.2
1434240 1370.2
1434250 1374.5
1434260 1379.5
1434270 1379.5
1434280 1385.1
1434290 1390.9
1434300 1396.7
1434310 1396.7
1434320 1401.6
1434330 1405.7
1434340 1405.7
1434350 1410.7
1434360 1415.5
1434370 1415.5
1434380 1420.4
1434390 1425.1
1434400 1425.1
1434410 1430.2
1434420 1435.7
1434430 1435.7
1434440 1439.9
1434450 1443.3
1434460 1443.3
1434470 1446.7
1434480 1449.7
1434490 1449.7
1434500 1453.2
1434510 1456.6
1434520 1460.4
1434530 1460.4
1434540 1464.8
1434550 1469.2
1434560 1469.2
1434570 1474.9
1434580 1484.6
1434590 1484.6
1434600 1493.0
1434610 1498.1
1434620 1498.1
1434630 1504.1
1434640 1514.1
1434650 1514.1
1434660 1518.9
1434670 1524.5
1434680 1524.5
1434690 1529.7
1434700 1533.8
1434710 1538.0
1434720 1538.0
1434730 1541.6
1434740 1543.1
1434750 1543.1
1434760 1542.5
1434770 1544.1
1434780 1544.1
1434790 1546.3
1434800 1549.1
1434810 1549.1
1434820 1552.2
1434830 1555.3
1434840 1555.3
1434850 1556.6
1434860 1554.9
1434870 1554.9
1434880 1556.5
1434890 1558.8
1434900 1558.8
1434910 1560.4
1434920 1563.3
1434930 1565.3
1434940 1565.3
1434950 1566.8
1434960 1569.7
1434970 1569.7
1434980 1573.0
1434990 1575.8
1435000 1575.8
1435010 1578.1
1435020 1579.0
1435030 1579.0
1435040 1579.9
1435050 1582.5
1435060 1582.5
1435070 1585.6
1435080 1589.4
1435090 1589.4
1435100 1593.0
1435110 1595.6
1435120 1599.4
1435130 1599.4
1435140 1604.3
1435150 1610.3
1435160 1610.3
1435170 1615.7
1435180 1621.5
1435190 1621.5
1435200 1628.9
1435210 1636.3
1435220 1636.3
1435230 1643.6
1435240 1650.0
1435250 1650.0
1435260 1657.1
1435270 1664.8
1435280 1664.8
1435290 1673.0
1435300 1680.2
1435310 1680.2
1435320 1687.9
1435330 1695.5
1435340 1703.1
1435350 1703.1
1435360 1711.2
1435370 1719.4
1435380 1719.4
1435390 1726.1
1435400 1731.3
1435410 1731.3
1435420 1736.1
1435430 1741.6
1435440 1741.6
1435450 1746.5
1435460 1751.1
1435470 1751.1
1435480 1758.4
1435490 1763.5
1435500 1763.5
1435510 1767.7
1435520 1773.7
1435530 1777.0
1435540 1777.0
1435550 1782.2
1435560 1788.2
1435570 1788.2
1435580 1794.9
1435590 1800.2
1435600 1800.2
1435610 1804.1
1435620 1808.7
1435630 1808.7
1435640 1813.4
1435650 1818.6
1435660 1818.6
1435670 1824.7
1435680 1831.0
1435690 1831.0
1435700 1837.8
1435710 1842.7
1435720 1842.7
1435730 1845.7
1435740 1847.7
1435750 1850.1
1435760 1850.1
1435770 1852.9
1435780 1857.1
1435790 1857.1
1435800 1862.6
1435810 1869.1
1435820 1869.1
1435830 1876.3
1435840 1883.4
1435850 1883.4
1435860 1890.1
1435870 1896.6
1435880 1896.6
1435890 1902.3
1435900 1906.8
1435910 1906.8
1435920 1911.5
1435930 1915.5
1435940 1920.6
1435950 1920.6
1435960 1925.6
1435970 1927.9
1435980 1927.9
1435990 1930.6
1436000 1934.1
1436010 1934.1
1436020 1936.1
1436030 1938.8
1436040 1938.8
1436050 1941.2
1436060 1945.8
1436070 1945.8
1436080 1948.1
1436090 1949.8
1436100 1949.8
1436110 1956.5
1436120 1964.3
1436130 1964.3
1436140 1970.5
1436150 1974.8
1436160 1979.0
1436170 1979.0
1436180 1982.5
1436190 1984.8
1436200 1984.8
1436210 1986.9
1436220 1991.0
1436230 1991.0
1436240 1997.3
1436250 2003.0
1436260 2003.0
1436270 2007.3
1436280 2011.7
1436290 2011.7
1436300 2016.9
1436310 2020.0
1436320 2020.0
1436330 2024.3
1436340 2027.2
1436350 2028.5
1436360 2028.5
1436370 2029.3
1436380 2031.7
1436390 2031.7
1436400 2032.9
1436410 2033.2
1436420 2033.2
1436430 2034.9
1436440 2038.6
1436450 2038.6
1436460 2042.8
1436470 2046.2
1436480 2046.2
1436490 2049.4
1436500 2052.6
1436510 2052.6
1436520 2055.8
1436530 2059.5
1436540 2059.5
1436550 2062.1
1436560 2064.9
1436570 2068.0
1436580 2068.0
1436590 2070.8
1436600 2074.1
1436610 2074.1
1436620 2076.8
1436630 2078.6
1436640 2078.6
1436650 2079.8
1436660 2081.5
1436670 2081.5
1436680 2083.9
1436690 2087.5
1436700 2087.5
1436710 2091.8
1436720 2095.3
1436730 2095.3
1436740 2098.0
1436750 2100.7
1436760 2103.7
1436770 2103.7
1436780 2106.8
1436790 2109.8
1436800 2109.8
1436810 2113.2
1436820 2115.0
1436830 2115.0
1436840 2117.9
1436850 2121.5
1436860 2121.5
1436870 2124.9
1436880 2128.9
1436890 2128.9
1436900 2133.0
1436910 2136.7
1436920 2136.7
1436930 2139.7
1436940 2141.5
1436950 2141.5
1436960 2145.2
1436970 2150.2
1436980 2154.1
1436990 2154.1
1437000 2157.1
1437010 2160.1
1437020 2160.1
1437030 2164.1
1437040 2167.0
1437050 2167.0
1437060 2172.4
1437070 2178.4
1437080 2178.4
1437090 2184.1
1437100 2189.0
1437110 2189.0
1437120 2192.8
1437130 2195.8
1437140 2195.8
1437150 2200.2
1437160 2205.4
1437170 2209.6
1437180 2209.6
1437190 2212.8
1437200 2216.5
1437210 2216.5
1437220 2221.0
1437230 2224.6
1437240 2224.6
1437250 2229.3
1437260 2234.2
1437270 2234.2
1437280 2238.0
1437290 2240.7
1437300 2240.7
1437310 2243.5
1437320 2246.3
1437330 2246.3
1437340 2248.1
1437350 2252.6
1437360 2252.6
1437370 2257.9
1437380 2259.5
1437390 2262.6
1437400 2262.6
1437410 2265.0
1437420 2267.8
1437430 2267.8
1437440 2271.0
1437450 2274.0
1437460 2274.0
1437470 2276.5
1437480 2278.8
1437490 2278.8
1437500 2282.3
1437510 2287.5
1437520 2287.5
1437530 2294.8
1437540 2300.5
1437550 2300.5
1437560 2308.0
1437570 2315.7
1437580 2322.7
1437590 2322.7
1437600 2327.4
1437610 2328.9
1437620 2328.9
1437630 2328.8
1437640 2328.1
1437650 2328.1
1437660 2328.4
1437670 2330.3
1437680 2330.3
1437690 2332.6
1437700 2332.7
1437710 2332.7
1437720 2329.3
1437730 2328.0
1437740 2328.0
1437750 2327.2
1437760 2326.5
1437770 2326.5
1437780 2328.0
1437790 2328.8
1437800 2328.3
1437810 2328.3
1437820 2333.1
1437830 2341.6
1437840 2341.6
1437850 2345.3
1437860 2348.6
1437870 2348.6
1437880 2348.8
1437890 2348.7
1437900 2348.7
1437910 2348.2
1437920 2346.5
1437930 2346.5
1437940 2346.8
1437950 2349.2
1437960 2349.2
1437970 2349.1
1437980 2349.5
1437990 2350.9
1438000 2350.9
1438010 2352.9
1438020 2354.3
1438030 2354.3
1438040 2353.6
1438050 2353.9
1438060 2353.9
1438070 2355.4
1438080 2357.4
1438090 2357.4
1438100 2361.6
1438110 2365.9
1438120 2365.9
1438130 2371.4
1438140 2377.0
1438150 2377.0
1438160 2382.5
1438170 2388.5
1438180 2394.0
1438190 2394.0
1438200 2399.6
1438210 2404.8
1438220 2404.8
1438230 2408.3
1438240 2411.5
1438250 2411.5
1438260 2414.4
1438270 2416.5
1438280 2416.5
1438290 2417.8
1438300 2418.4
1438310 2418.4
1438320 2417.2
1438330 2415.4
1438340 2415.4
1438350 2413.9
1438360 2412.2
1438370 2412.2
1438380 2412.5
1438390 2412.6
1438400 2409.7
1438410 2409.7
1438420 2405.5
1438430 2398.0
1438440 2393.0
1438450 2383.9
1438460 2375.9
1438470 2375.9
1438480 2365.8
1438490 2355.8
1438500 2355.8
1438510 2350.6
1438520 2347.3
1438530 2347.3
1438540 2344.9
1438550 2343.1
1438560 2343.1
1438570 2341.8
1438580 2340.1
1438590 2343.8
1438600 2343.8
1438610 2346.7
1438620 2349.6
1438630 2349.6
1438640 2351.9
1438650 2354.4
1438660 2354.4
1438670 2356.7
1438680 2358.7
1438690 2358.7
1438700 2360.3
1438710 2361.9
1438720 2361.9
1438730 2362.7
1438740 2360.2
1438750 2360.2
1438760 2355.9
1438770 2349.2
1438780 2349.2
1438790 2345.5
1438800 2345.5
1438810 2346.8
1438820 2346.8
1438830 2348.3
1438840 2349.4
1438850 2349.4
1438860 2350.8
1438870 2352.3
1438880 2352.3
1438890 2354.4
1438900 2356.6
1438910 2356.6
1438920 2358.4
1438930 2359.7
1438940 2359.7
1438950 2360.2
1438960 2359.3
1438970 2359.3
1438980 2358.8
1438990 2354.8
1439000 2349.9
1439010 2349.9
1439020 2345.7
1439030 2344.4
1439040 2344.4
1439050 2342.7
1439060 2341.0
1439070 2341.0
1439080 2341.4
1439090 2346.5
1439100 2346.5
1439110 2351.6
1439120 2352.3
1439130 2352.3
1439140 2353.4
1439150 2353.6
1439160 2353.6
1439170 2354.0
1439180 2353.1
1439190 2353.1
1439200 2350.0
1439210 2344.9
1439220 2341.2
1439230 2341.2
1439240 2338.0
1439250 2334.5
1439260 2334.5
1439270 2331.4
1439280 2329.9
1439290 2329.9
1439300 2327.2
1439310 2322.1
1439320 2322.1
1439330 2319.9
1439340 2316.2
1439350 2316.2
1439360 2311.2
1439370 2306.9
1439380 2306.9
1439390 2302.4
1439400 2299.3
1439410 2296.9
1439420 2296.9
1439430 2296.2
1439440 2296.3
1439450 2296.3
1439460 2295.6
1439470 2292.8
1439480 2292.8
1439490 2289.4
1439500 2285.9
1439510 2285.9
1439520 2281.9
1439530 2280.4
1439540 2280.4
1439550 2276.9
1439560 2274.5
1439570 2274.5
1439580 2271.4
1439590 2267.5
1439600 2267.5
1439610 2263.8
1439620 2259.4
1439630 2255.7
1439640 2255.7
1439650 2251.7
1439660 2248.8
1439670 2248.8
1439680 2246.0
1439690 2241.9
1439700 2241.9
1439710 2235.2
1439720 2226.3
1439730 2226.3
1439740 2219.0
1439750 2213.0
1439760 2213.0
1439770 2207.2
1439780 2203.1
1439790 2203.1
1439800 2199.5
1439810 2194.1
1439820 2188.1
1439830 2188.1
1439840 2183.3
1439850 2178.0
1439860 2178.0
1439870 2172.9
1439880 2170.2
1439890 2170.2
1439900 2169.1
1439910 2167.4
1439920 2167.4
1439930 2163.3
1439940 2157.3
1439950 2157.3
1439960 2152.8
1439970 2148.8
1439980 2148.8
1439990 2143.8
