1420000 2670.6
1420010 2666.0
1420020 2662.2
1420030 2662.2
1420040 2659.5
1420050 2656.6
1420060 2656.6
1420070 2652.2
1420080 2647.2
1420090 2647.2
1420100 2643.0
1420110 2638.0
1420120 2638.0
1420130 2634.5
1420140 2633.0
1420150 2633.0
1420160 2632.5
1420170 2631.4
1420180 2631.4
1420190 2630.0
1420200 2627.8
1420210 2625.2
1420220 2625.2
1420230 2622.1
1420240 2618.9
1420250 2618.9
1420260 2617.3
1420270 2614.8
1420280 2614.8
1420290 2609.7
1420300 2605.1
1420310 2605.1
1420320 2598.0
1420330 2588.5
1420340 2588.5
1420350 2581.2
1420360 2570.3
1420370 2570.3
1420380 2563.0
1420390 2559.0
1420400 2555.6
1420410 2555.6
1420420 2552.1
1420430 2548.7
1420440 2548.7
1420450 2545.6
1420460 2542.5
1420470 2542.5
1420480 2539.0
1420490 2535.5
1420500 2535.5
1420510 2531.4
1420520 2527.5
1420530 2527.5
1420540 2524.0
1420550 2520.2
1420560 2520.2
1420570 2516.4
1420580 2512.4
1420590 2512.4
1420600 2508.1
1420610 2504.2
1420620 2499.6
1420630 2499.6
1420640 2491.6
1420650 2483.3
1420660 2483.3
1420670 2478.2
1420680 2473.2
1420690 2473.2
1420700 2467.7
1420710 2461.8
1420720 2461.8
1420730 2455.2
1420740 2448.7
1420750 2448.7
1420760 2443.8
1420770 2439.3
1420780 2439.3
1420790 2436.4
1420800 2433.8
1420810 2431.9
1420820 2431.9
1420830 2431.4
1420840 2430.7
1420850 2430.7
1420860 2429.5
1420870 2429.1
1420880 2429.1
1420890 2428.2
1420900 2427.2
1420910 2427.2
1420920 2426.3
1420930 2424.6
1420940 2424.6
1420950 2422.2
1420960 2419.3
1420970 2419.3
1420980 2416.1
1420990 2412.7
1421000 2412.7
1421010 2409.0
1421020 2405.6
1421030 2402.8
1421040 2402.8
1421050 2399.8
1421060 2396.8
1421070 2396.8
1421080 2394.4
1421090 2391.5
1421100 2391.5
1421110 2388.9
1421120 2386.2
1421130 2386.2
1421140 2383.7
1421150 2381.9
1421160 2381.9
1421170 2379.8
1421180 2378.4
1421190 2378.4
1421200 2377.2
1421210 2374.6
1421220 2374.6
1421230 2370.6
1421240 2365.5
1421250 2359.7
1421260 2359.7
1421270 2353.9
1421280 2348.3
1421290 2348.3
1421300 2343.8
1421310 2340.9
1421320 2340.9
1421330 2337.4
1421340 2333.6
1421350 2333.6
1421360 2328.8
1421370 2323.2
1421380 2323.2
1421390 2315.3
1421400 2306.6
1421410 2306.6
1421420 2297.4
1421430 2288.0
1421440 2276.8
1421450 2276.8
1421460 2264.0
1421470 2254.6
1421480 2254.6
1421490 2246.0
1421500 2238.5
1421510 2238.5
1421520 2231.7
1421530 2224.6
1421540 2224.6
1421550 2217.3
1421560 2210.6
1421570 2210.6
1421580 2203.9
1421590 2197.7
1421600 2197.7
1421610 2192.0
1421620 2187.0
1421630 2187.0
1421640 2182.1
1421650 2177.8
1421660 2174.3
1421670 2174.3
1421680 2171.1
1421690 2168.2
1421700 2168.2
1421710 2164.6
1421720 2160.2
1421730 2160.2
1421740 2156.8
1421750 2153.0
1421760 2153.0
1421770 2149.0
1421780 2145.3
1421790 2145.3
1421800 2141.2
1421810 2137.9
1421820 2137.9
1421830 2134.8
1421840 2131.4
1421850 2127.9
1421860 2127.9
1421870 2123.9
1421880 2119.8
1421890 2119.8
1421900 2115.1
1421910 2109.4
1421920 2109.4
1421930 2102.9
1421940 2098.1
1421950 2098.1
1421960 2093.9
1421970 2089.0
1421980 2089.0
1421990 2086.3
1422000 2084.2
1422010 2084.2
1422020 2082.2
1422030 2080.7
1422040 2080.7
1422050 2078.4
1422060 2075.5
1422070 2072.0
1422080 2072.0
1422090 2068.2
1422100 2064.8
1422110 2064.8
1422120 2061.5
1422130 2057.1
1422140 2057.1
1422150 2050.8
1422160 2044.4
1422170 2044.4
1422180 2038.5
1422190 2034.8
1422200 2034.8
1422210 2031.8
1422220 2026.5
1422230 2026.5
1422240 2019.7
1422250 2012.4
1422260 2007.0
1422270 2007.0
1422280 2001.3
1422290 1995.4
1422300 1995.4
1422310 1990.3
1422320 1985.2
1422330 1985.2
1422340 1979.3
1422350 1973.2
1422360 1973.2
1422370 1967.1
1422380 1960.2
1422390 1960.2
1422400 1955.3
1422410 1951.3
1422420 1951.3
1422430 1948.0
1422440 1943.4
1422450 1943.4
1422460 1936.8
1422470 1930.6
1422480 1925.0
1422490 1925.0
1422500 1919.5
1422510 1915.5
1422520 1915.5
1422530 1913.2
1422540 1911.4
1422550 1911.4
1422560 1908.6
1422570 1903.0
1422580 1903.0
1422590 1897.5
1422600 1892.5
1422610 1892.5
1422620 1887.7
1422630 1883.2
1422640 1883.2
1422650 1878.5
1422660 1874.0
1422670 1874.0
1422680 1870.3
1422690 1866.0
1422700 1861.7
1422710 1861.7
1422720 1857.7
1422730 1852.4
1422740 1852.4
1422750 1848.0
1422760 1842.5
1422770 1842.5
1422780 1837.5
1422790 1831.5
1422800 1831.5
1422810 1823.7
1422820 1817.0
1422830 1817.0
1422840 1809.3
1422850 1800.9
1422860 1800.9
1422870 1793.5
1422880 1788.3
1422890 1783.5
1422900 1783.5
1422910 1775.6
1422920 1767.5
1422930 1767.5
1422940 1760.8
1422950 1755.4
1422960 1755.4
1422970 1753.1
1422980 1755.8
1422990 1755.8
1423000 1765.4
1423010 1769.5
1423020 1769.5
1423030 1771.4
1423040 1773.7
1423050 1773.7
1423060 1776.6
1423070 1782.1
1423080 1782.1
1423090 1787.4
1423100 1791.2
1423110 1792.1
1423120 1792.1
1423130 1791.8
1423140 1793.6
1423150 1793.6
1423160 1797.1
1423170 1800.8
1423180 1800.8
1423190 1802.6
1423200 1803.5
1423210 1803.5
1423220 1803.2
1423230 1805.4
1423240 1805.4
1423250 1806.6
1423260 1808.6
1423270 1808.6
1423280 1812.9
1423290 1817.1
1423300 1822.0
1423310 1822.0
1423320 1825.0
1423330 1825.0
1423340 1825.0
1423350 1828.6
1423360 1838.3
1423370 1838.3
1423380 1844.6
1423390 1850.2
1423400 1850.2
1423410 1855.7
1423420 1864.8
1423430 1864.8
1423440 1871.7
1423450 1883.3
1423460 1883.3
1423470 1899.7
1423480 1907.8
1423490 1907.8
1423500 1911.7
1423510 1913.9
1423520 1915.5
1423530 1915.5
1423540 1916.4
1423550 1916.6
1423560 1916.6
1423570 1916.9
1423580 1918.6
1423590 1918.6
1423600 1922.1
1423610 1926.8
1423620 1926.8
1423630 1930.6
1423640 1930.7
1423650 1930.7
1423660 1927.8
1423670 1933.1
1423680 1933.1
1423690 1938.5
1423700 1943.4
1423710 1953.2
1423720 1953.2
1423730 1959.6
1423740 1970.2
1423750 1970.2
1423760 1984.3
1423770 1993.0
1423780 1993.0
1423790 1999.3
1423800 2003.6
1423810 2003.6
1423820 2009.5
1423830 2016.3
1423840 2016.3
1423850 2023.3
1423860 2030.2
1423870 2030.2
1423880 2037.9
1423890 2044.8
1423900 2044.8
1423910 2051.6
1423920 2059.0
1423930 2067.6
1423940 2067.6
1423950 2075.4
1423960 2086.1
1423970 2086.1
1423980 2094.3
1423990 2100.0
1424000 2100.0
1424010 2104.7
1424020 2109.1
1424030 2109.1
1424040 2111.4
1424050 2115.9
1424060 2115.9
1424070 2119.6
1424080 2121.1
1424090 2121.1
1424100 2122.9
1424110 2126.1
1424120 2126.1
1424130 2129.1
1424140 2132.2
1424150 2133.8
1424160 2133.8
1424170 2133.7
1424180 2135.5
1424190 2135.5
1424200 2137.1
1424210 2137.3
1424220 2137.3
1424230 2139.4
1424240 2142.1
1424250 2142.1
1424260 2144.3
1424270 2146.5
1424280 2146.5
1424290 2148.7
1424300 2149.8
1424310 2149.8
1424320 2152.3
1424330 2157.0
1424340 2163.6
1424350 2163.6
1424360 2169.5
1424370 2175.1
1424380 2175.1
1424390 2179.4
1424400 2184.8
1424410 2184.8
1424420 2191.3
1424430 2197.2
1424440 2197.2
1424450 2202.7
1424460 2208.9
1424470 2208.9
1424480 2214.6
1424490 2219.0
1424500 2219.0
1424510 2221.7
1424520 2223.8
1424530 2223.8
1424540 2225.0
1424550 2227.1
1424560 2229.5
1424570 2229.5
1424580 2232.8
1424590 2237.2
1424600 2237.2
1424610 2242.1
1424620 2244.7
1424630 2244.7
1424640 2246.2
1424650 2247.4
1424660 2247.4
1424670 2249.7
1424680 2251.6
1424690 2251.6
1424700 2252.0
1424710 2252.6
1424720 2252.6
1424730 2256.0
1424740 2258.3
1424750 2259.4
1424760 2259.4
1424770 2260.7
1424780 2264.6
1424790 2264.6
1424800 2268.1
1424810 2270.3
1424820 2270.3
1424830 2273.3
1424840 2276.6
1424850 2276.6
1424860 2279.8
1424870 2284.0
1424880 2284.0
1424890 2288.8
1424900 2294.1
1424910 2294.1
1424920 2298.2
1424930 2300.9
1424940 2300.9
1424950 2303.2
1424960 2303.9
1424970 2304.2
1424980 2304.2
1424990 2305.3
1425000 2307.7
1425010 2307.7
1425020 2310.7
1425030 2312.5
1425040 2312.5
1425050 2313.2
1425060 2313.7
1425070 2313.7
1425080 2314.9
1425090 2317.6
1425100 2317.6
1425110 2321.3
1425120 2325.6
1425130 2325.6
1425140 2330.1
1425150 2334.6
1425160 2338.7
1425170 2338.7
1425180 2340.8
1425190 2340.3
1425200 2340.3
1425210 2341.6
1425220 2343.6
1425230 2343.6
1425240 2344.2
1425250 2345.9
1425260 2345.9
1425270 2348.3
1425280 2351.7
1425290 2351.7
1425300 2355.8
1425310 2360.9
1425320 2360.9
1425330 2368.5
1425340 2374.5
1425350 2374.5
1425360 2378.9
1425370 2382.3
1425380 2383.2
1425390 2383.2
1425400 2384.4
1425410 2385.5
1425420 2385.5
1425430 2387.7
1425440 2392.5
1425450 2392.5
1425460 2397.7
1425470 2405.1
1425480 2405.1
1425490 2412.4
1425500 2419.4
1425510 2419.4
1425520 2426.1
1425530 2434.0
1425540 2434.0
1425550 2443.3
1425560 2451.5
1425570 2451.5
1425580 2454.7
1425590 2453.2
1425600 2456.1
1425610 2456.1
1425620 2459.8
1425630 2463.1
1425640 2463.1
1425650 2467.5
1425660 2472.9
1425670 2472.9
1425680 2477.9
1425690 2483.0
1425700 2483.0
1425710 2489.3
1425720 2496.2
1425730 2496.2
1425740 2503.5
1425750 2510.9
1425760 2510.9
1425770 2518.7
1425780 2529.0
1425790 2543.0
1425800 2543.0
1425810 2560.2
1425820 2575.0
1425830 2575.0
1425840 2586.1
1425850 2595.0
1425860 2595.0
1425870 2603.4
1425880 2612.2
1425890 2612.2
1425900 2620.6
1425910 2628.1
1425920 2628.1
1425930 2635.0
1425940 2641.1
1425950 2641.1
1425960 2647.0
1425970 2652.3
1425980 2652.3
1425990 2657.4
1426000 2661.3
1426010 2663.7
1426020 2663.7
1426030 2664.9
1426040 2666.8
1426050 2666.8
1426060 2669.3
1426070 2671.2
1426080 2671.2
1426090 2673.4
1426100 2672.5
1426110 2672.5
1426120 2664.3
1426130 2654.1
1426140 2654.1
1426150 2644.3
1426160 2634.5
1426170 2634.5
1426180 2626.3
1426190 2617.6
1426200 2607.6
1426210 2607.6
1426220 2598.7
1426230 2590.0
1426240 2590.0
1426250 2583.1
1426260 2575.8
1426270 2575.8
1426280 2568.1
1426290 2562.3
1426300 2562.3
1426310 2557.2
1426320 2551.3
1426330 2551.3
1426340 2545.0
1426350 2537.9
1426360 2537.9
1426370 2530.0
1426380 2522.1
1426390 2522.1
1426400 2514.4
1426410 2506.6
1426420 2499.4
1426430 2499.4
1426440 2492.7
1426450 2486.1
1426460 2486.1
1426470 2482.9
1426480 2477.1
1426490 2477.1
1426500 2471.5
1426510 2465.6
1426520 2465.6
1426530 2459.4
1426540 2452.4
1426550 2452.4
1426560 2445.1
1426570 2439.5
1426580 2439.5
1426590 2433.5
1426600 2426.6
1426610 2420.2
1426620 2420.2
1426630 2414.1
1426640 2407.7
1426650 2407.7
1426660 2401.8
1426670 2396.2
1426680 2396.2
1426690 2390.6
1426700 2385.9
1426710 2385.9
1426720 2381.9
1426730 2378.2
1426740 2378.2
1426750 2374.7
1426760 2371.3
1426770 2371.3
1426780 2367.4
1426790 2364.1
1426800 2364.1
1426810 2360.6
1426820 2356.5
1426830 2353.7
1426840 2353.7
1426850 2351.3
1426860 2348.1
1426870 2348.1
1426880 2343.5
1426890 2339.9
1426900 2339.9
1426910 2336.8
1426920 2333.4
1426930 2333.4
1426940 2331.1
1426950 2327.5
1426960 2327.5
1426970 2324.6
1426980 2322.9
1426990 2322.9
1427000 2319.5
1427010 2315.0
1427020 2315.0
1427030 2309.8
1427040 2304.5
1427050 2300.1
1427060 2300.1
1427070 2296.3
1427080 2291.8
1427090 2291.8
1427100 2289.3
1427110 2287.3
1427120 2287.3
1427130 2284.4
1427140 2283.7
1427150 2283.7
1427160 2283.8
1427170 2282.6
1427180 2282.6
1427190 2280.7
1427200 2278.8
1427210 2278.8
1427220 2277.0
1427230 2275.0
1427240 2272.5
1427250 2272.5
1427260 2270.6
1427270 2269.0
1427280 2269.0
1427290 2267.8
1427300 2266.4
1427310 2266.4
1427320 2263.9
1427330 2258.5
1427340 2258.5
1427350 2252.0
1427360 2247.2
1427370 2247.2
1427380 2246.1
1427390 2244.3
1427400 2244.3
1427410 2241.4
1427420 2237.7
1427430 2237.7
1427440 2233.5
1427450 2228.2
1427460 2222.8
1427470 2222.8
1427480 2218.4
1427490 2214.8
1427500 2214.8
1427510 2211.0
1427520 2207.0
1427530 2207.0
1427540 2204.7
1427550 2204.6
1427560 2204.6
1427570 2205.7
1427580 2204.5
1427590 2204.5
1427600 2203.3
1427610 2203.1
1427620 2203.1
1427630 2203.1
1427640 2202.2
1427650 2203.4
1427660 2203.4
1427670 2206.8
1427680 2211.0
1427690 2211.0
1427700 2214.1
1427710 2215.7
1427720 2215.7
1427730 2216.4
1427740 2215.6
1427750 2215.6
1427760 2213.1
1427770 2210.7
1427780 2210.7
1427790 2210.6
1427800 2212.4
1427810 2212.4
1427820 2216.7
1427830 2220.9
1427840 2220.9
1427850 2224.9
1427860 2229.0
1427870 2233.0
1427880 2233.0
1427890 2236.4
1427900 2238.6
1427910 2238.6
1427920 2240.8
1427930 2243.3
1427940 2243.3
1427950 2245.8
1427960 2248.8
1427970 2248.8
1427980 2251.7
1427990 2252.9
1428000 2252.9
1428010 2254.4
1428020 2256.3
1428030 2256.3
1428040 2258.3
1428050 2259.9
1428060 2261.2
1428070 2261.2
1428080 2262.9
1428090 2262.9
1428100 2262.9
1428110 2261.1
1428120 2259.6
1428130 2259.6
1428140 2259.1
1428150 2259.6
1428160 2259.6
1428170 2260.5
1428180 2261.8
1428190 2261.8
1428200 2262.9
1428210 2264.2
1428220 2264.2
1428230 2266.2
1428240 2268.0
1428250 2268.0
1428260 2269.4
1428270 2270.8
1428280 2272.4
1428290 2272.4
1428300 2274.5
1428310 2277.0
1428320 2277.0
1428330 2279.5
1428340 2281.8
1428350 2281.8
1428360 2282.6
1428370 2284.1
1428380 2284.1
1428390 2285.5
1428400 2287.5
1428410 2287.5
1428420 2289.5
1428430 2291.0
1428440 2291.0
1428450 2291.6
1428460 2291.0
1428470 2291.0
1428480 2290.0
1428490 2288.8
1428500 2287.9
1428510 2287.9
1428520 2287.2
1428530 2287.3
1428540 2287.3
1428550 2288.5
1428560 2289.0
1428570 2289.0
1428580 2289.1
1428590 2289.8
1428600 2289.8
1428610 2291.6
1428620 2294.0
1428630 2294.0
1428640 2295.8
1428650 2296.4
1428660 2296.4
1428670 2296.6
1428680 2296.6
1428690 2295.8
1428700 2299.3
1428710 2298.4
1428720 2297.5
1428730 2297.5
1428740 2297.3
1428750 2298.8
1428760 2298.8
1428770 2299.6
1428780 2298.9
1428790 2298.9
1428800 2298.3
1428810 2298.0
1428820 2298.0
1428830 2297.0
1428840 2296.7
1428850 2296.7
1428860 2296.7
1428870 2296.8
1428880 2296.8
1428890 2297.3
1428900 2299.5
1428910 2304.0
1428920 2304.0
1428930 2307.8
1428940 2312.2
1428950 2312.2
1428960 2316.4
1428970 2320.2
1428980 2320.2
1428990 2323.4
1429000 2326.8
1429010 2326.8
1429020 2330.6
1429030 2335.9
1429040 2335.9
1429050 2341.7
1429060 2346.8
1429070 2346.8
1429080 2351.7
1429090 2357.8
1429100 2364.7
1429110 2364.7
1429120 2371.8
1429130 2378.6
1429140 2378.6
1429150 2384.7
1429160 2389.6
1429170 2389.6
1429180 2389.8
1429190 2385.0
1429200 2385.0
1429210 2381.4
1429220 2376.5
1429230 2376.5
1429240 2369.4
1429250 2363.7
1429260 2363.7
1429270 2357.7
1429280 2351.4
1429290 2351.4
1429300 2344.6
1429310 2338.1
1429320 2330.3
1429330 2330.3
1429340 2320.7
1429350 2310.7
1429360 2310.7
1429370 2303.0
1429380 2297.2
1429390 2297.2
1429400 2293.7
1429410 2287.5
1429420 2287.5
1429430 2285.7
1429440 2285.9
1429450 2285.9
1429460 2282.7
1429470 2278.7
1429480 2278.7
1429490 2274.7
1429500 2270.3
1429510 2265.6
1429520 2265.6
1429530 2264.0
1429540 2261.9
1429550 2261.9
1429560 2260.2
1429570 2259.5
1429580 2259.5
1429590 2261.4
1429600 2261.7
1429610 2261.7
1429620 2263.1
1429630 2262.2
1429640 2262.2
1429650 2258.0
1429660 2253.2
1429670 2253.2
1429680 2244.9
1429690 2231.1
1429700 2231.1
1429710 2217.5
1429720 2205.7
1429730 2194.2
1429740 2194.2
1429750 2179.9
1429760 2172.9
1429770 2172.9
1429780 2176.5
1429790 2179.1
1429800 2179.1
1429810 2175.6
1429820 2180.3
1429830 2180.3
1429840 2186.9
1429850 2197.0
1429860 2197.0
1429870 2205.8
1429880 2215.6
1429890 2215.6
1429900 2224.8
1429910 2232.7
1429920 2232.7
1429930 2238.1
1429940 2238.6
1429950 2227.3
1429960 2227.3
1429970 2214.7
1429980 2202.8
1429990 2202.8
1430000 2193.0
1430010 2181.0
1430020 2181.0
1430030 2167.7
1430040 2156.3
1430050 2156.3
1430060 2148.9
1430070 2140.5
1430080 2140.5
1430090 2131.5
1430100 2124.2
1430110 2124.2
1430120 2119.8
1430130 2113.1
1430140 2106.8
1430150 2106.8
1430160 2105.6
1430170 2106.0
1430180 2106.0
1430190 2098.2
1430200 2084.9
1430210 2084.9
1430220 2073.4
1430230 2062.7
1430240 2062.7
1430250 2049.7
1430260 2039.2
1430270 2039.2
1430280 2031.5
1430290 2022.1
1430300 2022.1
1430310 2012.3
1430320 2002.3
1430330 2002.3
1430340 1988.9
1430350 1979.7
1430360 1972.9
1430370 1972.9
1430380 1965.8
1430390 1958.1
1430400 1958.1
1430410 1945.6
1430420 1937.6
1430430 1937.6
1430440 1930.9
1430450 1933.2
1430460 1933.2
1430470 1934.7
1430480 1932.9
1430490 1932.9
1430500 1928.6
1430510 1921.3
1430520 1921.3
1430530 1916.6
1430540 1911.8
1430550 1907.0
1430560 1907.0
1430570 1899.9
1430580 1883.8
1430590 1883.8
1430600 1871.6
1430610 1861.9
1430620 1861.9
1430630 1854.0
1430640 1847.2
1430650 1847.2
1430660 1840.9
1430670 1834.7
1430680 1834.7
1430690 1827.1
1430700 1814.8
1430710 1814.8
1430720 1803.4
1430730 1794.3
1430740 1794.3
1430750 1786.2
1430760 1778.6
1430770 1767.7
1430780 1767.7
1430790 1759.0
1430800 1752.0
1430810 1752.0
1430820 1741.9
1430830 1728.9
1430840 1728.9
1430850 1718.1
1430860 1709.8
1430870 1709.8
1430880 1702.2
1430890 1685.1
1430900 1685.1
1430910 1664.3
1430920 1649.5
1430930 1649.5
1430940 1639.7
1430950 1632.1
1430960 1624.4
1430970 1624.4
1430980 1616.9
1430990 1609.4
1431000 1609.4
1431010 1601.6
1431020 1594.8
1431030 1594.8
1431040 1587.0
1431050 1579.3
1431060 1579.3
1431070 1571.6
1431080 1564.0
1431090 1564.0
1431100 1556.7
1431110 1549.8
1431120 1549.8
1431130 1542.8
1431140 1536.1
1431150 1536.1
1431160 1529.4
1431170 1522.7
1431180 1516.2
1431190 1516.2
1431200 1509.5
1431210 1503.5
1431220 1503.5
1431230 1495.3
1431240 1488.0
1431250 1488.0
1431260 1482.8
1431270 1478.2
1431280 1478.2
1431290 1472.6
1431300 1466.3
1431310 1466.3
1431320 1460.5
1431330 1455.7
1431340 1455.7
1431350 1450.4
1431360 1444.5
1431370 1435.4
1431380 1435.4
1431390 1427.1
1431400 1418.8
1431410 1418.8
1431420 1409.6
1431430 1387.6
1431440 1387.6
1431450 1374.4
1431460 1367.8
1431470 1367.8
1431480 1362.8
1431490 1359.2
1431500 1359.2
1431510 1355.4
1431520 1350.6
1431530 1350.6
1431540 1345.5
1431550 1340.9
1431560 1340.9
1431570 1336.4
1431580 1331.8
1431590 1327.3
1431600 1327.3
1431610 1323.1
1431620 1318.8
1431630 1318.8
1431640 1313.9
1431650 1310.1
1431660 1310.1
1431670 1306.3
1431680 1302.2
1431690 1302.2
1431700 1297.7
1431710 1293.4
1431720 1293.4
1431730 1289.3
1431740 1282.8
1431750 1282.8
1431760 1275.0
1431770 1268.0
1431780 1268.0
1431790 1258.9
1431800 1246.5
1431810 1239.1
1431820 1239.1
1431830 1231.4
1431840 1224.7
1431850 1224.7
1431860 1218.9
1431870 1213.4
1431880 1213.4
1431890 1208.2
1431900 1204.6
1431910 1204.6
1431920 1201.5
1431930 1196.2
1431940 1196.2
1431950 1190.3
1431960 1182.8
1431970 1182.8
1431980 1167.4
1431990 1146.8
1432000 1130.2
1432010 1130.2
1432020 1122.2
1432030 1113.1
1432040 1113.1
1432050 1106.2
1432060 1101.7
1432070 1101.7
1432080 1099.4
1432090 1099.5
1432100 1099.5
1432110 1099.6
1432120 1099.1
1432130 1099.1
1432140 1097.8
1432150 1098.3
1432160 1098.3
1432170 1100.7
1432180 1100.4
1432190 1100.4
1432200 1098.7
1432210 1098.7
1432220 1098.6
1432230 1098.6
1432240 1098.9
1432250 1099.8
1432260 1099.8
1432270 1099.9
1432280 1099.8
1432290 1099.8
1432300 1100.0
1432310 1100.2
1432320 1100.2
1432330 1100.3
1432340 1100.3
1432350 1100.3
1432360 1100.2
1432370 1100.3
1432380 1100.3
1432390 1100.3
1432400 1100.3
1432410 1100.4
1432420 1100.4
1432430 1100.6
1432440 1102.1
1432450 1102.1
1432460 1108.8
1432470 1115.6
1432480 1115.6
1432490 1122.2
1432500 1128.5
1432510 1128.5
1432520 1130.6
1432530 1132.0
1432540 1132.0
1432550 1134.0
1432560 1136.7
1432570 1136.7
1432580 1141.6
1432590 1148.0
1432600 1148.0
1432610 1153.7
1432620 1160.2
1432630 1167.8
1432640 1167.8
1432650 1175.7
1432660 1182.8
1432670 1182.8
1432680 1188.9
1432690 1196.0
1432700 1196.0
1432710 1202.3
1432720 1206.4
1432730 1206.4
1432740 1210.2
1432750 1214.2
1432760 1214.2
1432770 1220.0
1432780 1227.5
1432790 1227.5
1432800 1233.7
1432810 1238.2
1432820 1242.8
1432830 1242.8
1432840 1248.6
1432850 1254.3
1432860 1254.3
1432870 1260.9
1432880 1267.1
1432890 1267.1
1432900 1274.1
1432910 1281.7
1432920 1281.7
1432930 1286.3
1432940 1290.8
1432950 1290.8
1432960 1295.5
1432970 1298.7
1432980 1298.7
1432990 1301.8
1433000 1304.7
1433010 1304.7
1433020 1307.0
1433030 1309.8
1433040 1314.9
1433050 1314.9
1433060 1319.3
1433070 1320.2
1433080 1320.2
1433090 1323.3
1433100 1325.7
1433110 1325.7
1433120 1328.1
1433130 1333.2
1433140 1333.2
1433150 1335.3
1433160 1337.1
1433170 1337.1
1433180 1341.0
1433190 1349.1
1433200 1349.1
1433210 1355.3
1433220 1360.0
1433230 1360.0
1433240 1366.7
1433250 1375.0
1433260 1380.2
1433270 1380.2
1433280 1383.7
1433290 1389.8
1433300 1389.8
1433310 1397.3
1433320 1405.4
1433330 1405.4
1433340 1413.5
1433350 1420.4
1433360 1420.4
1433370 1427.5
1433380 1432.5
1433390 1432.5
1433400 1434.0
1433410 1435.1
1433420 1435.1
1433430 1437.0
1433440 1438.7
1433450 1442.8
1433460 1442.8
1433470 1446.1
1433480 1448.9
1433490 1448.9
1433500 1452.3
1433510 1455.4
1433520 1455.4
1433530 1459.7
1433540 1462.9
1433550 1462.9
1433560 1466.5
1433570 1470.6
1433580 1470.6
1433590 1474.3
1433600 1478.7
1433610 1478.7
1433620 1483.3
1433630 1488.8
1433640 1488.8
1433650 1494.4
1433660 1500.5
1433670 1504.9
1433680 1504.9
1433690 1509.4
1433700 1513.1
1433710 1513.1
1433720 1517.2
1433730 1521.6
1433740 1521.6
1433750 1526.4
1433760 1530.8
1433770 1530.8
1433780 1534.6
1433790 1539.4
1433800 1539.4
1433810 1543.8
1433820 1547.3
1433830 1547.3
1433840 1550.0
1433850 1553.1
1433860 1555.6
1433870 1555.6
1433880 1557.9
1433890 1560.8
1433900 1560.8
1433910 1564.2
1433920 1568.0
1433930 1568.0
1433940 1572.0
1433950 1576.0
1433960 1576.0
1433970 1580.2
1433980 1584.4
1433990 1584.4
1434000 1588.6
1434010 1593.2
1434020 1593.2
1434030 1597.9
1434040 1602.9
1434050 1602.9
1434060 1608.1
1434070 1613.1
1434080 1618.3
1434090 1618.3
1434100 1623.7
1434110 1628.8
1434120 1628.8
1434130 1633.5
1434140 1637.6
1434150 1637.6
1434160 1640.7
1434170 1641.7
1434180 1641.7
1434190 1641.1
1434200 1640.1
1434210 1640.1
1434220 1639.1
1434230 1639.7
1434240 1639.7
1434250 1638.4
1434260 1638.9
1434270 1644.0
1434280 1644.0
1434290 1651.2
1434300 1657.9
1434310 1657.9
1434320 1660.8
1434330 1663.6
1434340 1663.6
1434350 1666.4
1434360 1667.4
1434370 1667.4
1434380 1666.8
1434390 1666.4
1434400 1666.4
1434410 1666.2
1434420 1667.7
1434430 1667.7
1434440 1670.9
1434450 1672.4
1434460 1672.4
1434470 1671.0
1434480 1668.5
1434490 1667.6
1434500 1667.6
1434510 1669.8
1434520 1671.8
1434530 1671.8
1434540 1673.2
1434550 1675.9
1434560 1675.9
1434570 1677.0
1434580 1676.1
1434590 1676.1
1434600 1676.0
1434610 1678.2
1434620 1678.2
1434630 1682.2
1434640 1683.1
1434650 1683.1
1434660 1683.0
1434670 1683.4
1434680 1685.0
1434690 1685.0
1434700 1689.5
1434710 1693.9
1434720 1693.9
1434730 1697.5
1434740 1700.1
1434750 1700.1
1434760 1703.5
1434770 1706.3
1434780 1706.3
1434790 1708.4
1434800 1709.2
1434810 1709.2
1434820 1709.5
1434830 1709.7
1434840 1709.7
1434850 1711.9
1434860 1715.3
1434870 1715.3
1434880 1717.9
1434890 1719.8
1434900 1721.7
1434910 1721.7
1434920 1722.7
1434930 1724.5
1434940 1724.5
1434950 1728.3
1434960 1732.6
1434970 1732.6
1434980 1735.7
1434990 1736.2
1435000 1736.2
1435010 1736.0
1435020 1735.7
1435030 1735.7
1435040 1732.8
1435050 1731.4
1435060 1731.4
1435070 1730.7
1435080 1728.9
1435090 1728.9
1435100 1728.4
1435110 1728.8
1435120 1731.6
1435130 1731.6
1435140 1733.9
1435150 1735.5
1435160 1735.5
1435170 1735.3
1435180 1736.0
1435190 1736.0
1435200 1739.6
1435210 1742.3
1435220 1742.3
1435230 1744.9
1435240 1746.5
1435250 1746.5
1435260 1746.7
1435270 1748.1
1435280 1748.1
1435290 1749.6
1435300 1753.7
1435310 1760.1
1435320 1760.1
1435330 1763.8
1435340 1766.5
1435350 1766.5
1435360 1768.2
1435370 1769.8
1435380 1769.8
1435390 1770.9
1435400 1772.3
1435410 1772.3
1435420 1774.8
1435430 1777.8
1435440 1777.8
1435450 1780.1
1435460 1783.2
1435470 1783.2
1435480 1787.0
1435490 1789.0
1435500 1789.0
1435510 1793.7
1435520 1797.1
1435530 1799.8
1435540 1799.8
1435550 1801.7
1435560 1803.3
1435570 1803.3
1435580 1804.8
1435590 1806.0
1435600 1806.0
1435610 1807.8
1435620 1809.9
1435630 1809.9
1435640 1812.3
1435650 1815.4
1435660 1815.4
1435670 1818.6
1435680 1820.3
1435690 1820.3
1435700 1820.7
1435710 1820.7
1435720 1820.6
1435730 1820.6
1435740 1820.4
1435750 1822.5
1435760 1822.5
1435770 1825.4
1435780 1827.8
1435790 1827.8
1435800 1829.2
1435810 1830.8
1435820 1830.8
1435830 1833.2
1435840 1834.7
1435850 1834.7
1435860 1835.8
1435870 1837.0
1435880 1837.0
1435890 1837.8
1435900 1840.6
1435910 1840.6
1435920 1843.9
1435930 1848.8
1435940 1854.6
1435950 1854.6
1435960 1860.4
1435970 1865.9
1435980 1863.3
1435990 1866.2
1436000 1867.7
1436010 1867.7
1436020 1869.7
1436030 1871.4
1436040 1871.4
1436050 1873.3
1436060 1875.1
1436070 1875.1
1436080 1877.8
1436090 1879.9
1436100 1879.9
1436110 1880.9
1436120 1880.1
1436130 1884.5
1436140 1884.5
1436150 1892.1
1436160 1900.0
1436170 1900.0
1436180 1908.3
1436190 1915.9
1436200 1915.9
1436210 1920.4
1436220 1924.3
1436230 1924.3
1436240 1927.5
1436250 1932.3
1436260 1932.3
1436270 1937.3
1436280 1942.4
1436290 1942.4
1436300 1949.3
1436310 1957.6
1436320 1957.6
1436330 1965.0
1436340 1973.3
1436350 1980.6
1436360 1980.6
1436370 1985.1
1436380 1988.4
1436390 1988.4
1436400 1990.5
1436410 1993.0
1436420 1993.0
1436430 1995.1
1436440 1999.2
1436450 1999.2
1436460 2005.0
1436470 2011.2
1436480 2011.2
1436490 2015.7
1436500 2019.6
1436510 2019.6
1436520 2022.8
1436530 2025.8
1436540 2025.8
1436550 2029.1
1436560 2032.5
1436570 2036.7
1436580 2036.7
1436590 2041.1
1436600 2046.4
1436610 2046.4
1436620 2052.8
1436630 2060.9
1436640 2060.9
1436650 2069.0
1436660 2075.8
1436670 2075.8
1436680 2081.4
1436690 2085.4
1436700 2085.4
1436710 2090.1
1436720 2094.9
1436730 2094.9
1436740 2099.3
1436750 2104.4
1436760 2109.1
1436770 2109.1
1436780 2113.5
1436790 2118.2
1436800 2118.2
1436810 2123.8
1436820 2129.3
1436830 2129.3
1436840 2135.4
1436850 2141.4
1436860 2141.4
1436870 2147.3
1436880 2153.1
1436890 2153.1
1436900 2158.8
1436910 2164.3
1436920 2164.3
1436930 2170.2
1436940 2175.4
1436950 2175.4
1436960 2180.5
1436970 2186.3
1436980 2192.4
1436990 2192.4
1437000 2197.8
1437010 2202.0
1437020 2202.0
1437030 2207.2
1437040 2212.2
1437050 2212.2
1437060 2216.9
1437070 2221.0
1437080 2221.0
1437090 2226.4
1437100 2233.2
1437110 2233.2
1437120 2240.3
1437130 2246.4
1437140 2246.4
1437150 2253.2
1437160 2259.0
1437170 2263.9
1437180 2263.9
1437190 2270.1
1437200 2278.4
1437210 2278.4
1437220 2286.2
1437230 2295.1
1437240 2295.1
1437250 2302.0
1437260 2308.0
1437270 2308.0
1437280 2314.8
1437290 2321.9
1437300 2321.9
1437310 2327.0
1437320 2331.4
1437330 2331.4
1437340 2336.7
1437350 2341.4
1437360 2341.4
1437370 2345.0
1437380 2348.0
1437390 2351.1
1437400 2351.1
1437410 2353.0
1437420 2353.9
1437430 2353.9
1437440 2354.7
1437450 2355.8
1437460 2355.8
1437470 2357.4
1437480 2359.3
1437490 2359.3
1437500 2360.8
1437510 2362.7
1437520 2362.7
1437530 2365.7
1437540 2369.4
1437550 2369.4
1437560 2372.4
1437570 2375.8
1437580 2380.0
1437590 2380.0
1437600 2383.4
1437610 2387.0
1437620 2387.0
1437630 2391.1
1437640 2395.6
1437650 2395.6
1437660 2400.3
1437670 2405.8
1437680 2405.8
1437690 2411.4
1437700 2417.1
1437710 2417.1
1437720 2422.9
1437730 2429.1
1437740 2429.1
1437750 2435.0
1437760 2440.8
1437770 2440.8
1437780 2446.7
1437790 2452.6
1437800 2459.0
1437810 2459.0
1437820 2465.3
1437830 2471.1
1437840 2471.1
1437850 2477.0
1437860 2483.0
1437870 2483.0
1437880 2488.8
1437890 2494.4
1437900 2494.4
1437910 2499.9
1437920 2506.3
1437930 2506.3
1437940 2512.3
1437950 2518.2
1437960 2518.2
1437970 2524.2
1437980 2529.8
1437990 2535.1
1438000 2535.1
1438010 2541.8
1438020 2549.2
1438030 2549.2
1438040 2556.7
1438050 2563.3
1438060 2563.3
1438070 2568.3
1438080 2573.0
1438090 2573.0
1438100 2577.3
1438110 2582.0
1438120 2582.0
1438130 2586.9
1438140 2592.2
1438150 2592.2
1438160 2598.1
1438170 2604.2
1438180 2604.2
1438190 2609.7
1438200 2614.7
1438210 2618.5
1438220 2618.5
1438230 2622.5
1438240 2627.1
1438250 2627.1
1438260 2630.3
1438270 2630.8
1438280 2630.8
1438290 2630.0
1438300 2627.2
1438310 2627.2
1438320 2626.5
1438330 2627.4
1438340 2627.4
1438350 2625.6
1438360 2622.3
1438370 2622.3
1438380 2619.0
1438390 2613.9
1438400 2613.9
1438410 2607.9
1438420 2601.9
1438430 2595.6
1438440 2595.6
1438450 2588.0
1438460 2582.8
1438470 2582.8
1438480 2578.2
1438490 2573.0
1438500 2573.0
1438510 2569.0
1438520 2565.5
1438530 2565.5
1438540 2562.5
1438550 2560.1
1438560 2560.1
1438570 2558.8
1438580 2556.0
1438590 2556.0
1438600 2553.2
1438610 2550.7
1438620 2549.3
1438630 2549.3
1438640 2548.2
1438650 2547.2
1438660 2543.8
1438670 2543.2
1438680 2544.2
1438690 2544.2
1438700 2545.7
1438710 2546.5
1438720 2546.5
1438730 2547.5
1438740 2549.7
1438750 2549.7
1438760 2552.5
1438770 2555.5
1438780 2555.5
1438790 2558.2
1438800 2560.4
1438810 2560.4
1438820 2563.0
1438830 2566.9
1438840 2571.0
1438850 2571.0
1438860 2574.8
1438870 2577.9
1438880 2577.9
1438890 2580.6
1438900 2583.1
1438910 2583.1
1438920 2585.2
1438930 2586.3
1438940 2586.3
1438950 2581.7
1438960 2570.4
1438970 2570.4
1438980 2562.8
1438990 2555.1
1439000 2555.1
1439010 2547.1
1439020 2540.2
1439030 2534.0
1439040 2534.0
1439050 2528.0
1439060 2522.5
1439070 2522.5
1439080 2517.7
1439090 2512.7
1439100 2512.7
1439110 2507.6
1439120 2503.7
1439130 2503.7
1439140 2501.0
1439150 2499.4
1439160 2499.4
1439170 2498.6
1439180 2497.4
1439190 2497.4
1439200 2496.0
1439210 2494.0
1439220 2494.0
1439230 2491.2
1439240 2486.4
1439250 2484.4
1439260 2484.4
1439270 2484.3
1439280 2484.5
1439290 2484.5
1439300 2483.4
1439310 2479.8
1439320 2479.8
1439330 2475.3
1439340 2473.1
1439350 2473.1
1439360 2471.9
1439370 2469.0
1439380 2469.0
1439390 2463.5
1439400 2458.5
1439410 2458.5
1439420 2455.0
1439430 2452.9
1439440 2451.1
1439450 2451.1
1439460 2447.5
1439470 2444.8
1439480 2444.8
1439490 2438.4
1439500 2432.5
1439510 2432.5
1439520 2428.9
1439530 2427.9
1439540 2427.9
1439550 2425.9
1439560 2425.7
1439570 2425.7
1439580 2425.5
1439590 2423.8
1439600 2423.8
1439610 2421.9
1439620 2420.6
1439630 2420.6
1439640 2418.4
1439650 2415.5
1439660 2413.4
1439670 2413.4
1439680 2412.1
1439690 2408.2
1439700 2408.2
1439710 2405.8
1439720 2401.2
1439730 2401.2
1439740 2395.9
1439750 2393.1
1439760 2393.1
1439770 2392.4
1439780 2391.5
1439790 2391.5
1439800 2390.2
1439810 2388.7
1439820 2388.7
1439830 2380.2
1439840 2375.3
1439850 2375.3
1439860 2375.9
1439870 2373.1
1439880 2371.1
1439890 2371.1
1439900 2368.7
1439910 2364.9
1439920 2364.9
1439930 2363.5
1439940 2362.5
1439950 2362.5
1439960 2361.3
1439970 2359.2
1439980 2359.2
1439990 2355.9
