1420000 2688.8
1420010 2678.3
1420020 2678.3
1420030 2666.7
1420040 2649.8
1420050 2649.8
1420060 2639.4
1420070 2632.2
1420080 2632.2
1420090 2624.8
1420100 2617.1
1420110 2609.3
1420120 2609.3
1420130 2602.0
1420140 2595.5
1420150 2595.5
1420160 2589.5
1420170 2584.3
1420180 2584.3
1420190 2579.6
1420200 2574.9
1420210 2574.9
1420220 2570.1
1420230 2565.2
1420240 2565.2
1420250 2560.3
1420260 2555.5
1420270 2555.5
1420280 2551.0
1420290 2547.5
1420300 2547.5
1420310 2546.0
1420320 2544.0
1420330 2540.7
1420340 2540.7
1420350 2537.4
1420360 2534.6
1420370 2534.6
1420380 2531.3
1420390 2528.5
1420400 2528.5
1420410 2525.9
1420420 2523.5
1420430 2523.5
1420440 2521.1
1420450 2518.4
1420460 2518.4
1420470 2515.7
1420480 2513.1
1420490 2513.1
1420500 2510.1
1420510 2507.3
1420520 2507.3
1420530 2504.0
1420540 2500.2
1420550 2496.4
1420560 2496.4
1420570 2491.7
1420580 2486.2
1420590 2486.2
1420600 2480.3
1420610 2474.0
1420620 2474.0
1420630 2467.8
1420640 2462.4
1420650 2462.4
1420660 2456.7
1420670 2451.3
1420680 2451.3
1420690 2447.1
1420700 2443.6
1420710 2443.6
1420720 2439.9
1420730 2436.6
1420740 2433.5
1420750 2433.5
1420760 2430.2
1420770 2427.1
1420780 2427.1
1420790 2423.1
1420800 2419.1
1420810 2419.1
1420820 2415.8
1420830 2412.8
1420840 2412.8
1420850 2410.5
1420860 2408.3
1420870 2408.3
1420880 2406.3
1420890 2404.5
1420900 2404.5
1420910 2402.8
1420920 2401.2
1420930 2401.2
1420940 2399.4
1420950 2397.8
1420960 2396.4
1420970 2396.4
1420980 2395.2
1420990 2393.8
1421000 2393.8
1421010 2391.8
1421020 2389.5
1421030 2389.5
1421040 2387.9
1421050 2386.5
1421060 2386.5
1421070 2385.2
1421080 2383.7
1421090 2383.7
1421100 2382.3
1421110 2380.5
1421120 2380.5
1421130 2378.0
1421140 2374.9
1421150 2374.9
1421160 2371.0
1421170 2366.5
1421180 2362.4
1421190 2362.4
1421200 2358.6
1421210 2352.9
1421220 2352.9
1421230 2346.7
1421240 2341.0
1421250 2341.0
1421260 2336.4
1421270 2333.4
1421280 2333.4
1421290 2331.5
1421300 2329.6
1421310 2329.6
1421320 2329.0
1421330 2328.1
1421340 2328.1
1421350 2324.5
1421360 2321.1
1421370 2319.1
1421380 2319.1
1421390 2315.9
1421400 2312.7
1421410 2312.7
1421420 2310.5
1421430 2308.9
1421440 2308.9
1421450 2305.6
1421460 2301.0
1421470 2301.0
1421480 2296.5
1421490 2292.8
1421500 2292.8
1421510 2289.5
1421520 2286.8
1421530 2286.8
1421540 2284.1
1421550 2281.1
1421560 2281.1
1421570 2278.1
1421580 2275.7
1421590 2274.8
1421600 2274.8
1421610 2272.7
1421620 2269.2
1421630 2269.2
1421640 2266.0
1421650 2263.2
1421660 2263.2
1421670 2260.8
1421680 2258.0
1421690 2258.0
1421700 2255.7
1421710 2254.3
1421720 2254.3
1421730 2253.1
1421740 2252.6
1421750 2252.6
1421760 2252.1
1421770 2250.6
1421780 2248.1
1421790 2248.1
1421800 2244.2
1421810 2240.8
1421820 2240.8
1421830 2237.1
1421840 2234.6
1421850 2234.6
1421860 2232.5
1421870 2229.4
1421880 2229.4
1421890 2226.0
1421900 2222.4
1421910 2222.4
1421920 2219.7
1421930 2217.1
1421940 2217.1
1421950 2213.3
1421960 2210.7
1421970 2210.7
1421980 2207.5
1421990 2203.9
1422000 2200.2
1422010 2200.2
1422020 2196.8
1422030 2192.9
1422040 2192.9
1422050 2189.2
1422060 2185.0
1422070 2185.0
1422080 2181.9
1422090 2178.7
1422100 2178.7
1422110 2175.1
1422120 2170.9
1422130 2170.9
1422140 2166.8
1422150 2163.0
1422160 2163.0
1422170 2158.6
1422180 2154.1
1422190 2154.1
1422200 2149.9
1422210 2145.0
1422220 2140.8
1422230 2140.8
1422240 2137.0
1422250 2133.0
1422260 2133.0
1422270 2128.8
1422280 2124.6
1422290 2124.6
1422300 2119.9
1422310 2114.4
1422320 2114.4
1422330 2109.2
1422340 2103.0
1422350 2103.0
1422360 2096.6
1422370 2090.6
1422380 2090.6
1422390 2084.5
1422400 2077.2
1422410 2069.5
1422420 2069.5
1422430 2061.1
1422440 2052.9
1422450 2052.9
1422460 2044.6
1422470 2037.0
1422480 2037.0
1422490 2030.4
1422500 2024.1
1422510 2024.1
1422520 2017.1
1422530 2008.5
1422540 2008.5
1422550 1999.6
1422560 1992.5
1422570 1992.5
1422580 1983.6
1422590 1975.0
1422600 1975.0
1422610 1968.5
1422620 1960.6
1422630 1953.3
1422640 1953.3
1422650 1946.4
1422660 1938.8
1422670 1938.8
1422680 1931.4
1422690 1923.7
1422700 1923.7
1422710 1916.1
1422720 1909.9
1422730 1909.9
1422740 1904.2
1422750 1898.0
1422760 1898.0
1422770 1890.0
1422780 1880.7
1422790 1880.7
1422800 1869.4
1422810 1860.5
1422820 1860.5
1422830 1855.2
1422840 1849.8
1422850 1843.7
1422860 1843.7
1422870 1838.0
1422880 1832.9
1422890 1832.9
1422900 1827.7
1422910 1823.1
1422920 1823.1
1422930 1819.1
1422940 1815.4
1422950 1815.4
1422960 1812.5
1422970 1808.3
1422980 1808.3
1422990 1803.6
1423000 1798.3
1423010 1798.3
1423020 1792.9
1423030 1787.3
1423040 1781.8
1423050 1781.8
1423060 1777.6
1423070 1774.3
1423080 1774.3
1423090 1770.9
1423100 1767.4
1423110 1767.4
1423120 1763.7
1423130 1760.1
1423140 1760.1
1423150 1756.6
1423160 1753.5
1423170 1753.5
1423180 1750.8
1423190 1747.6
1423200 1747.6
1423210 1743.9
1423220 1740.4
1423230 1740.4
1423240 1737.4
1423250 1734.3
1423260 1731.7
1423270 1731.7
1423280 1728.9
1423290 1725.7
1423300 1725.7
1423310 1723.1
1423320 1720.6
1423330 1720.6
1423340 1718.2
1423350 1716.0
1423360 1716.0
1423370 1713.6
1423380 1711.5
1423390 1711.5
1423400 1709.7
1423410 1708.0
1423420 1708.0
1423430 1706.0
1423440 1703.8
1423450 1701.7
1423460 1701.7
1423470 1699.2
1423480 1694.8
1423490 1694.8
1423500 1688.3
1423510 1682.2
1423520 1682.2
1423530 1679.0
1423540 1678.0
1423550 1678.0
1423560 1677.1
1423570 1676.2
1423580 1676.2
1423590 1675.3
1423600 1674.0
1423610 1674.0
1423620 1672.9
1423630 1673.0
1423640 1673.0
1423650 1673.2
1423660 1673.3
1423670 1673.1
1423680 1673.1
1423690 1673.0
1423700 1673.2
1423710 1673.2
1423720 1675.7
1423730 1682.2
1423740 1682.2
1423750 1689.0
1423760 1695.3
1423770 1695.3
1423780 1701.3
1423790 1707.1
1423800 1707.1
1423810 1714.5
1423820 1722.9
1423830 1722.9
1423840 1729.7
1423850 1735.7
1423860 1735.7
1423870 1739.6
1423880 1740.2
1423890 1740.3
1423900 1740.3
1423910 1741.0
1423920 1742.6
1423930 1742.6
1423940 1745.9
1423950 1750.0
1423960 1750.0
1423970 1753.9
1423980 1756.2
1423990 1756.2
1424000 1755.9
1424010 1759.5
1424020 1759.5
1424030 1758.2
1424040 1757.4
1424050 1757.4
1424060 1757.4
1424070 1758.9
1424080 1763.7
1424090 1763.7
1424100 1767.8
1424110 1770.3
1424120 1770.3
1424130 1771.2
1424140 1772.6
1424150 1772.6
1424160 1775.7
1424170 1780.8
1424180 1780.8
1424190 1787.0
1424200 1792.8
1424210 1792.8
1424220 1798.4
1424230 1802.1
1424240 1802.1
1424250 1804.9
1424260 1808.7
1424270 1808.7
1424280 1812.1
1424290 1814.8
1424300 1817.6
1424310 1817.6
1424320 1821.0
1424330 1825.0
1424340 1825.0
1424350 1828.6
1424360 1832.6
1424370 1832.6
1424380 1838.1
1424390 1843.8
1424400 1843.8
1424410 1849.8
1424420 1855.1
1424430 1855.1
1424440 1861.1
1424450 1866.8
1424460 1866.8
1424470 1871.7
1424480 1876.1
1424490 1876.1
1424500 1880.4
1424510 1884.1
1424520 1887.6
1424530 1887.6
1424540 1891.5
1424550 1894.9
1424560 1894.9
1424570 1897.7
1424580 1899.7
1424590 1899.7
1424600 1903.4
1424610 1909.4
1424620 1909.4
1424630 1917.2
1424640 1925.7
1424650 1925.7
1424660 1934.7
1424670 1942.2
1424680 1942.2
1424690 1948.8
1424700 1955.9
1424710 1963.6
1424720 1963.6
1424730 1972.3
1424740 1978.0
1424750 1978.0
1424760 1980.8
1424770 1983.7
1424780 1983.7
1424790 1986.7
1424800 1989.3
1424810 1989.3
1424820 1992.5
1424830 1996.5
1424840 1996.5
1424850 2002.6
1424860 2010.2
1424870 2010.2
1424880 2017.6
1424890 2025.4
1424900 2025.4
1424910 2032.4
1424920 2037.6
1424930 2042.1
1424940 2042.1
1424950 2047.7
1424960 2055.0
1424970 2055.0
1424980 2060.5
1424990 2066.1
1425000 2066.1
1425010 2071.7
1425020 2078.9
1425030 2078.9
1425040 2085.6
1425050 2092.5
1425060 2092.5
1425070 2099.2
1425080 2104.6
1425090 2104.6
1425100 2109.3
1425110 2113.9
1425120 2118.2
1425130 2118.2
1425140 2122.3
1425150 2127.8
1425160 2127.8
1425170 2134.4
1425180 2140.7
1425190 2140.7
1425200 2146.6
1425210 2150.3
1425220 2150.3
1425230 2153.6
1425240 2156.3
1425250 2156.3
1425260 2157.9
1425270 2161.0
1425280 2161.0
1425290 2165.8
1425300 2170.3
1425310 2170.3
1425320 2175.2
1425330 2181.4
1425340 2188.6
1425350 2188.6
1425360 2195.0
1425370 2201.7
1425380 2201.7
1425390 2208.2
1425400 2214.2
1425410 2214.2
1425420 2219.3
1425430 2224.6
1425440 2224.6
1425450 2230.6
1425460 2237.0
1425470 2237.0
1425480 2243.6
1425490 2250.7
1425500 2250.7
1425510 2259.1
1425520 2268.4
1425530 2268.4
1425540 2276.7
1425550 2283.2
1425560 2288.5
1425570 2288.5
1425580 2294.8
1425590 2300.3
1425600 2300.3
1425610 2305.3
1425620 2310.8
1425630 2310.8
1425640 2317.5
1425650 2323.9
1425660 2323.9
1425670 2329.7
1425680 2335.3
1425690 2335.3
1425700 2340.3
1425710 2346.0
1425720 2346.0
1425730 2352.3
1425740 2359.7
1425750 2367.4
1425760 2367.4
1425770 2375.0
1425780 2381.5
1425790 2381.5
1425800 2387.7
1425810 2394.5
1425820 2394.5
1425830 2400.5
1425840 2405.1
1425850 2405.1
1425860 2409.6
1425870 2414.4
1425880 2414.4
1425890 2419.4
1425900 2425.0
1425910 2425.0
1425920 2430.9
1425930 2437.7
1425940 2437.7
1425950 2444.4
1425960 2450.5
1425970 2456.5
1425980 2456.5
1425990 2463.1
1426000 2469.3
1426010 2469.3
1426020 2475.0
1426030 2479.7
1426040 2479.7
1426050 2483.0
1426060 2484.2
1426070 2484.2
1426080 2483.9
1426090 2483.3
1426100 2483.3
1426110 2479.5
1426120 2474.3
1426130 2474.3
1426140 2467.4
1426150 2464.4
1426160 2464.4
1426170 2454.4
1426180 2446.2
1426190 2436.4
1426200 2436.4
1426210 2426.7
1426220 2418.8
1426230 2418.8
1426240 2412.2
1426250 2406.7
1426260 2406.7
1426270 2401.6
1426280 2396.0
1426290 2396.0
1426300 2391.2
1426310 2386.7
1426320 2386.7
1426330 2382.4
1426340 2379.0
1426350 2379.0
1426360 2375.7
1426370 2372.1
1426380 2369.0
1426390 2369.0
1426400 2366.0
1426410 2361.7
1426420 2361.7
1426430 2357.0
1426440 2352.2
1426450 2352.2
1426460 2347.2
1426470 2345.4
1426480 2345.4
1426490 2342.6
1426500 2340.8
1426510 2340.8
1426520 2338.9
1426530 2335.5
1426540 2335.5
1426550 2331.5
1426560 2326.2
1426570 2326.2
1426580 2320.7
1426590 2317.1
1426600 2313.1
1426610 2313.1
1426620 2308.6
1426630 2304.0
1426640 2304.0
1426650 2300.4
1426660 2297.2
1426670 2297.2
1426680 2294.0
1426690 2290.2
1426700 2290.2
1426710 2284.9
1426720 2281.8
1426730 2281.8
1426740 2280.4
1426750 2280.3
1426760 2280.3
1426770 2280.0
1426780 2279.9
1426790 2280.8
1426800 2280.8
1426810 2281.1
1426820 2281.4
1426830 2281.4
1426840 2282.1
1426850 2283.3
1426860 2283.3
1426870 2284.9
1426880 2286.1
1426890 2286.1
1426900 2286.5
1426910 2286.5
1426920 2286.5
1426930 2286.3
1426940 2286.0
1426950 2286.0
1426960 2285.3
1426970 2284.2
1426980 2284.2
1426990 2282.7
1427000 2281.0
1427010 2278.9
1427020 2278.9
1427030 2277.5
1427040 2276.6
1427050 2276.6
1427060 2276.1
1427070 2276.2
1427080 2276.2
1427090 2277.0
1427100 2278.1
1427110 2278.1
1427120 2279.2
1427130 2280.2
1427140 2280.2
1427150 2281.8
1427160 2283.7
1427170 2283.7
1427180 2285.6
1427190 2288.6
1427200 2288.6
1427210 2291.2
1427220 2292.6
1427230 2292.5
1427240 2292.5
1427250 2291.6
1427260 2291.1
1427270 2291.1
1427280 2289.4
1427290 2286.1
1427300 2286.1
1427310 2282.3
1427320 2277.7
1427330 2277.7
1427340 2272.6
1427350 2267.5
1427360 2267.5
1427370 2263.0
1427380 2257.4
1427390 2257.4
1427400 2252.4
1427410 2246.4
1427420 2237.9
1427430 2237.9
1427440 2231.3
1427450 2224.6
1427460 2224.6
1427470 2216.9
1427480 2209.5
1427490 2209.5
1427500 2202.7
1427510 2195.8
1427520 2195.8
1427530 2187.7
1427540 2179.2
1427550 2179.2
1427560 2171.6
1427570 2163.9
1427580 2163.9
1427590 2156.4
1427600 2149.3
1427610 2149.3
1427620 2142.3
1427630 2135.8
1427640 2129.3
1427650 2129.3
1427660 2123.0
1427670 2116.9
1427680 2116.9
1427690 2110.6
1427700 2105.2
1427710 2105.2
1427720 2099.5
1427730 2093.5
1427740 2093.5
1427750 2088.2
1427760 2082.9
1427770 2082.9
1427780 2078.9
1427790 2075.1
1427800 2075.1
1427810 2069.9
1427820 2065.5
1427830 2059.6
1427840 2059.6
1427850 2051.5
1427860 2045.7
1427870 2045.7
1427880 2041.0
1427890 2035.8
1427900 2035.8
1427910 2030.5
1427920 2025.4
1427930 2025.4
1427940 2020.9
1427950 2016.1
1427960 2016.1
1427970 2010.3
1427980 2004.4
1427990 2004.4
1428000 2000.5
1428010 1994.5
1428020 1994.5
1428030 1983.9
1428040 1975.9
1428050 1966.7
1428060 1966.7
1428070 1957.7
1428080 1947.0
1428090 1947.0
1428100 1933.4
1428110 1920.9
1428120 1920.9
1428130 1913.4
1428140 1914.6
1428150 1914.6
1428160 1919.2
1428170 1924.6
1428180 1924.6
1428190 1929.5
1428200 1935.4
1428210 1935.4
1428220 1941.8
1428230 1949.1
1428240 1949.1
1428250 1957.1
1428260 1965.8
1428270 1974.5
1428280 1974.5
1428290 1982.9
1428300 1989.7
1428310 1989.7
1428320 1995.8
1428330 2001.2
1428340 2001.2
1428350 2006.8
1428360 2016.4
1428370 2016.4
1428380 2022.3
1428390 2028.3
1428400 2028.3
1428410 2034.4
1428420 2040.4
1428430 2040.4
1428440 2046.7
1428450 2053.3
1428460 2059.8
1428470 2059.8
1428480 2066.3
1428490 2073.1
1428500 2073.1
1428510 2080.3
1428520 2087.2
1428530 2087.2
1428540 2094.1
1428550 2100.9
1428560 2100.9
1428570 2107.9
1428580 2114.8
1428590 2114.8
1428600 2121.8
1428610 2129.4
1428620 2129.4
1428630 2136.6
1428640 2143.0
1428650 2143.0
1428660 2149.1
1428670 2154.8
1428680 2160.3
1428690 2160.3
1428700 2165.7
1428710 2169.6
1428720 2169.6
1428730 2171.5
1428740 2166.6
1428750 2166.6
1428760 2162.2
1428770 2161.4
1428780 2161.4
1428790 2160.0
1428800 2161.3
1428810 2161.3
1428820 2162.5
1428830 2161.9
1428840 2161.9
1428850 2160.3
1428860 2155.6
1428870 2155.6
1428880 2148.9
1428890 2140.5
1428900 2130.9
1428910 2130.9
1428920 2119.7
1428930 2110.0
1428940 2110.0
1428950 2101.1
1428960 2095.5
1428970 2095.5
1428980 2088.7
1428990 2079.5
1429000 2079.5
1429010 2072.1
1429020 2064.8
1429030 2064.8
1429040 2057.6
1429050 2047.5
1429060 2047.5
1429070 2034.7
1429080 2021.8
1429090 2010.6
1429100 2010.6
1429110 2002.1
1429120 1992.7
1429130 1992.7
1429140 1983.2
1429150 1966.1
1429160 1966.1
1429170 1943.9
1429180 1925.4
1429190 1925.4
1429200 1907.1
1429210 1892.0
1429220 1892.0
1429230 1880.8
1429240 1877.0
1429250 1877.0
1429260 1878.3
1429270 1878.5
1429280 1878.5
1429290 1879.5
1429300 1881.5
1429310 1880.2
1429320 1880.2
1429330 1867.5
1429340 1844.6
1429350 1844.6
1429360 1825.2
1429370 1810.8
1429380 1810.8
1429390 1800.0
1429400 1789.2
1429410 1789.2
1429420 1776.1
1429430 1759.1
1429440 1759.1
1429450 1744.2
1429460 1727.6
1429470 1727.6
1429480 1713.8
1429490 1700.4
1429500 1686.3
1429510 1686.3
1429520 1673.4
1429530 1668.3
1429540 1668.3
1429550 1665.4
1429560 1651.9
1429570 1651.9
1429580 1635.3
1429590 1623.5
1429600 1623.5
1429610 1613.9
1429620 1607.5
1429630 1607.5
1429640 1601.7
1429650 1595.8
1429660 1595.8
1429670 1589.3
1429680 1582.3
1429690 1582.3
1429700 1576.6
1429710 1572.1
1429720 1566.3
1429730 1566.3
1429740 1555.9
1429750 1546.1
1429760 1546.1
1429770 1539.1
1429780 1531.4
1429790 1531.4
1429800 1523.9
1429810 1512.9
1429820 1512.9
1429830 1500.0
1429840 1483.9
1429850 1483.9
1429860 1467.7
1429870 1455.9
1429880 1455.9
1429890 1447.6
1429900 1439.6
1429910 1439.6
1429920 1431.3
1429930 1423.0
1429940 1415.1
1429950 1415.1
1429960 1406.4
1429970 1404.1
1429980 1404.1
1429990 1410.5
1430000 1411.7
1430010 1411.7
1430020 1401.0
1430030 1385.2
1430040 1385.2
1430050 1370.6
1430060 1359.0
1430070 1359.0
1430080 1348.0
1430090 1341.0
1430100 1341.0
1430110 1334.9
1430120 1328.7
1430130 1323.4
1430140 1323.4
1430150 1317.9
1430160 1312.5
1430170 1312.5
1430180 1307.3
1430190 1301.9
1430200 1301.9
1430210 1295.9
1430220 1289.8
1430230 1289.8
1430240 1283.5
1430250 1277.8
1430260 1277.8
1430270 1273.7
1430280 1270.7
1430290 1270.7
1430300 1266.9
1430310 1263.0
1430320 1263.0
1430330 1259.0
1430340 1255.2
1430350 1250.9
1430360 1250.9
1430370 1245.0
1430380 1238.6
1430390 1238.6
1430400 1232.7
1430410 1228.3
1430420 1228.3
1430430 1224.2
1430440 1220.1
1430450 1220.1
1430460 1216.8
1430470 1213.1
1430480 1213.1
1430490 1209.9
1430500 1208.4
1430510 1208.4
1430520 1208.4
1430530 1207.7
1430540 1207.7
1430550 1204.5
1430560 1201.2
1430570 1197.2
1430580 1197.2
1430590 1191.9
1430600 1186.4
1430610 1186.4
1430620 1182.0
1430630 1179.3
1430640 1179.3
1430650 1177.3
1430660 1176.2
1430670 1178.8
1430680 1172.5
1430690 1169.0
1430700 1169.0
1430710 1170.3
1430720 1170.2
1430730 1170.2
1430740 1168.1
1430750 1167.5
1430760 1165.4
1430770 1165.4
1430780 1163.1
1430790 1160.8
1430800 1160.8
1430810 1158.6
1430820 1156.0
1430830 1156.0
1430840 1152.8
1430850 1148.4
1430860 1148.4
1430870 1144.7
1430880 1142.6
1430890 1142.6
1430900 1139.9
1430910 1138.5
1430920 1138.5
1430930 1137.5
1430940 1135.9
1430950 1135.9
1430960 1135.6
1430970 1134.6
1430980 1133.5
1430990 1133.5
1431000 1131.8
1431010 1130.2
1431020 1130.2
1431030 1128.8
1431040 1127.6
1431050 1127.6
1431060 1123.0
1431070 1117.7
1431080 1117.7
1431090 1116.5
1431100 1116.2
1431110 1116.2
1431120 1115.7
1431130 1114.7
1431140 1114.7
1431150 1114.0
1431160 1113.9
1431170 1115.0
1431180 1115.0
1431190 1115.9
1431200 1116.1
1431210 1116.1
1431220 1116.3
1431230 1116.5
1431240 1116.5
1431250 1116.3
1431260 1118.3
1431270 1118.3
1431280 1119.6
1431290 1119.3
1431300 1119.3
1431310 1119.8
1431320 1120.0
1431330 1120.0
1431340 1120.1
1431350 1120.3
1431360 1120.3
1431370 1120.5
1431380 1120.6
1431390 1120.8
1431400 1120.8
1431410 1120.9
1431420 1121.7
1431430 1121.7
1431440 1122.3
1431450 1122.0
1431460 1122.0
1431470 1122.7
1431480 1123.8
1431490 1123.8
1431500 1124.8
1431510 1125.1
1431520 1125.1
1431530 1125.5
1431540 1126.5
1431550 1126.5
1431560 1127.9
1431570 1128.6
1431580 1128.6
1431590 1129.2
1431600 1129.7
1431610 1130.6
1431620 1130.6
1431630 1131.9
1431640 1133.5
1431650 1133.5
1431660 1135.1
1431670 1139.2
1431680 1139.2
1431690 1143.2
1431700 1146.0
1431710 1146.0
1431720 1148.4
1431730 1150.6
1431740 1150.6
1431750 1154.5
1431760 1157.1
1431770 1157.1
1431780 1161.2
1431790 1165.0
1431800 1167.7
1431810 1167.7
1431820 1172.9
1431830 1178.7
1431840 1178.7
1431850 1180.1
1431860 1181.2
1431870 1181.2
1431880 1182.5
1431890 1186.0
1431900 1186.0
1431910 1192.4
1431920 1199.2
1431930 1199.2
1431940 1206.0
1431950 1213.1
1431960 1213.1
1431970 1220.7
1431980 1228.9
1431990 1228.9
1432000 1237.3
1432010 1244.3
1432020 1250.4
1432030 1250.4
1432040 1254.4
1432050 1256.3
1432060 1256.3
1432070 1256.1
1432080 1254.1
1432090 1254.1
1432100 1252.2
1432110 1251.2
1432120 1251.2
1432130 1251.8
1432140 1253.1
1432150 1253.1
1432160 1254.2
1432170 1250.5
1432180 1250.5
1432190 1245.3
1432200 1242.3
1432210 1241.0
1432220 1241.0
1432230 1240.0
1432240 1238.4
1432250 1238.4
1432260 1236.0
1432270 1233.4
1432280 1233.4
1432290 1230.7
1432300 1228.7
1432310 1228.7
1432320 1231.9
1432330 1237.2
1432340 1237.2
1432350 1242.5
1432360 1247.3
1432370 1247.3
1432380 1251.7
1432390 1256.7
1432400 1256.7
1432410 1261.9
1432420 1267.0
1432430 1272.1
1432440 1272.1
1432450 1277.7
1432460 1284.6
1432470 1284.6
1432480 1291.0
1432490 1295.9
1432500 1295.9
1432510 1301.0
1432520 1306.9
1432530 1306.9
1432540 1312.5
1432550 1317.9
1432560 1317.9
1432570 1324.2
1432580 1330.1
1432590 1330.1
1432600 1336.0
1432610 1341.3
1432620 1341.3
1432630 1346.8
1432640 1352.8
1432650 1358.3
1432660 1358.3
1432670 1363.2
1432680 1368.9
1432690 1368.9
1432700 1375.6
1432710 1381.2
1432720 1381.2
1432730 1386.4
1432740 1391.0
1432750 1391.0
1432760 1396.3
1432770 1401.8
1432780 1401.8
1432790 1407.1
1432800 1413.1
1432810 1413.1
1432820 1418.9
1432830 1424.4
1432840 1429.4
1432850 1429.4
1432860 1434.1
1432870 1438.8
1432880 1438.8
1432890 1444.2
1432900 1449.8
1432910 1449.8
1432920 1454.8
1432930 1459.9
1432940 1459.9
1432950 1465.4
1432960 1470.6
1432970 1470.6
1432980 1475.8
1432990 1480.5
1433000 1480.5
1433010 1485.9
1433020 1490.7
1433030 1490.7
1433040 1496.4
1433050 1502.4
1433060 1509.1
1433070 1509.1
1433080 1511.3
1433090 1516.1
1433100 1516.1
1433110 1521.0
1433120 1526.9
1433130 1526.9
1433140 1533.3
1433150 1538.6
1433160 1538.6
1433170 1543.9
1433180 1549.1
1433190 1549.1
1433200 1553.1
1433210 1556.5
1433220 1556.5
1433230 1560.6
1433240 1564.0
1433250 1564.0
1433260 1566.4
1433270 1568.5
1433280 1572.2
1433290 1572.2
1433300 1576.7
1433310 1580.8
1433320 1580.8
1433330 1584.8
1433340 1589.5
1433350 1589.5
1433360 1595.2
1433370 1601.1
1433380 1601.1
1433390 1606.3
1433400 1611.5
1433410 1611.5
1433420 1616.2
1433430 1620.6
1433440 1620.6
1433450 1625.3
1433460 1630.1
1433470 1634.9
1433480 1634.9
1433490 1639.5
1433500 1644.0
1433510 1644.0
1433520 1648.2
1433530 1651.2
1433540 1651.2
1433550 1654.4
1433560 1657.9
1433570 1657.9
1433580 1659.7
1433590 1661.0
1433600 1661.0
1433610 1663.7
1433620 1668.5
1433630 1668.5
1433640 1675.5
1433650 1682.9
1433660 1682.9
1433670 1690.4
1433680 1694.9
1433690 1697.7
1433700 1697.7
1433710 1702.0
1433720 1708.2
1433730 1708.2
1433740 1714.0
1433750 1718.1
1433760 1718.1
1433770 1721.5
1433780 1724.3
1433790 1724.3
1433800 1727.5
1433810 1731.8
1433820 1731.8
1433830 1735.9
1433840 1739.6
1433850 1739.6
1433860 1743.3
1433870 1746.8
1433880 1750.3
1433890 1750.3
1433900 1754.4
1433910 1761.1
1433920 1761.1
1433930 1769.1
1433940 1777.2
1433950 1777.2
1433960 1783.7
1433970 1788.1
1433980 1788.1
1433990 1786.3
1434000 1789.5
1434010 1789.5
1434020 1790.6
1434030 1788.9
1434040 1788.9
1434050 1788.2
1434060 1790.1
1434070 1790.1
1434080 1793.7
1434090 1796.8
1434100 1798.2
1434110 1798.2
1434120 1799.9
1434130 1801.1
1434140 1801.1
1434150 1806.1
1434160 1813.6
1434170 1813.6
1434180 1818.4
1434190 1823.3
1434200 1823.3
1434210 1827.6
1434220 1831.3
1434230 1831.3
1434240 1832.5
1434250 1833.6
1434260 1833.6
1434270 1834.0
1434280 1834.4
1434290 1834.4
1434300 1837.6
1434310 1841.9
1434320 1846.3
1434330 1846.3
1434340 1850.2
1434350 1853.4
1434360 1853.4
1434370 1855.7
1434380 1858.1
1434390 1858.1
1434400 1860.6
1434410 1864.0
1434420 1864.0
1434430 1867.9
1434440 1871.0
1434450 1871.0
1434460 1872.9
1434470 1874.7
1434480 1874.7
1434490 1877.7
1434500 1881.1
1434510 1882.7
1434520 1882.7
1434530 1883.0
1434540 1886.5
1434550 1886.5
1434560 1894.3
1434570 1902.6
1434580 1902.6
1434590 1907.7
1434600 1908.3
1434610 1908.3
1434620 1913.8
1434630 1920.5
1434640 1920.5
1434650 1923.9
1434660 1927.3
1434670 1927.3
1434680 1932.4
1434690 1938.7
1434700 1938.7
1434710 1945.2
1434720 1949.7
1434730 1951.2
1434740 1951.2
1434750 1951.5
1434760 1951.0
1434770 1951.0
1434780 1952.2
1434790 1956.3
1434800 1956.3
1434810 1960.3
1434820 1964.1
1434830 1964.1
1434840 1964.0
1434850 1966.3
1434860 1966.3
1434870 1969.9
1434880 1974.0
1434890 1974.0
1434900 1978.4
1434910 1983.3
1434920 1982.7
1434930 1982.7
1434940 1979.1
1434950 1976.9
1434960 1976.9
1434970 1978.0
1434980 1979.0
1434990 1979.0
1435000 1979.3
1435010 1980.4
1435020 1980.4
1435030 1983.2
1435040 1985.4
1435050 1985.4
1435060 1989.0
1435070 1994.1
1435080 1994.1
1435090 1997.9
1435100 2001.2
1435110 2001.2
1435120 2003.9
1435130 2007.6
1435140 2011.4
1435150 2011.4
1435160 2014.2
1435170 2018.0
1435180 2018.0
1435190 2020.7
1435200 2022.7
1435210 2022.7
1435220 2024.6
1435230 2025.5
1435240 2025.5
1435250 2027.8
1435260 2031.5
1435270 2031.5
1435280 2035.3
1435290 2039.1
1435300 2039.1
1435310 2043.7
1435320 2049.3
1435330 2049.3
1435340 2054.5
1435350 2058.5
1435360 2062.2
1435370 2062.2
1435380 2065.9
1435390 2068.3
1435400 2068.3
1435410 2070.6
1435420 2074.4
1435430 2074.4
1435440 2077.9
1435450 2081.4
1435460 2081.4
1435470 2084.2
1435480 2087.3
1435490 2087.3
1435500 2091.9
1435510 2096.1
1435520 2096.1
1435530 2099.8
1435540 2102.8
1435550 2106.3
1435560 2106.3
1435570 2110.6
1435580 2115.9
1435590 2115.9
1435600 2119.7
1435610 2123.8
1435620 2123.8
1435630 2127.7
1435640 2131.1
1435650 2131.1
1435660 2133.7
1435670 2136.4
1435680 2136.4
1435690 2139.7
1435700 2144.5
1435710 2144.5
1435720 2148.9
1435730 2153.4
1435740 2153.4
1435750 2156.8
1435760 2159.1
1435770 2162.3
1435780 2162.3
1435790 2164.0
1435800 2166.4
1435810 2166.4
1435820 2169.5
1435830 2173.0
1435840 2173.0
1435850 2176.3
1435860 2180.3
1435870 2180.3
1435880 2184.6
1435890 2186.8
1435900 2186.8
1435910 2189.1
1435920 2192.2
1435930 2192.2
1435940 2195.7
1435950 2199.3
1435960 2199.3
1435970 2202.8
1435980 2205.4
1435990 2206.9
1436000 2206.9
1436010 2210.7
1436020 2214.6
1436030 2214.6
1436040 2218.3
1436050 2221.2
1436060 2221.2
1436070 2223.1
1436080 2225.4
1436090 2225.4
1436100 2227.8
1436110 2230.7
1436120 2230.7
1436130 2233.5
1436140 2235.0
1436150 2235.0
1436160 2235.9
1436170 2238.2
1436180 2241.1
1436190 2241.1
1436200 2243.7
1436210 2245.5
1436220 2245.5
1436230 2247.4
1436240 2251.3
1436250 2251.3
1436260 2255.4
1436270 2259.2
1436280 2259.2
1436290 2263.4
1436300 2266.7
1436310 2266.7
1436320 2268.7
1436330 2271.4
1436340 2271.4
1436350 2273.5
1436360 2275.3
1436370 2275.3
1436380 2278.3
1436390 2281.5
1436400 2284.5
1436410 2284.5
1436420 2286.5
1436430 2288.6
1436440 2288.6
1436450 2291.6
1436460 2294.7
1436470 2294.7
1436480 2297.8
1436490 2301.0
1436500 2301.0
1436510 2303.6
1436520 2305.9
1436530 2305.9
1436540 2309.8
1436550 2314.9
1436560 2314.9
1436570 2319.1
1436580 2322.0
1436590 2327.0
1436600 2327.0
1436610 2331.1
1436620 2334.7
1436630 2334.7
1436640 2337.9
1436650 2341.1
1436660 2341.1
1436670 2345.8
1436680 2350.8
1436690 2350.8
1436700 2355.5
1436710 2360.3
1436720 2360.3
1436730 2364.8
1436740 2367.9
1436750 2367.9
1436760 2370.1
1436770 2372.6
1436780 2372.6
1436790 2373.9
1436800 2374.0
1436810 2375.0
1436820 2375.0
1436830 2377.5
1436840 2379.8
1436850 2379.8
1436860 2382.5
1436870 2385.7
1436880 2385.7
1436890 2388.2
1436900 2389.0
1436910 2389.0
1436920 2388.6
1436930 2388.8
1436940 2388.8
1436950 2390.4
1436960 2392.3
1436970 2392.3
1436980 2393.4
1436990 2393.7
1437000 2393.7
1437010 2393.7
1437020 2392.4
1437030 2390.5
1437040 2390.5
1437050 2392.1
1437060 2393.9
1437070 2393.9
1437080 2395.2
1437090 2396.7
1437100 2396.7
1437110 2398.2
1437120 2399.1
1437130 2399.1
1437140 2399.6
1437150 2399.2
1437160 2399.2
1437170 2400.6
1437180 2404.8
1437190 2404.8
1437200 2408.9
1437210 2413.0
1437220 2417.1
1437230 2417.1
1437240 2421.1
1437250 2424.5
1437260 2424.5
1437270 2427.9
1437280 2430.8
1437290 2430.8
1437300 2433.6
1437310 2435.8
1437320 2435.8
1437330 2437.6
1437340 2439.2
1437350 2439.2
1437360 2441.1
1437370 2443.3
1437380 2443.3
1437390 2444.9
1437400 2446.4
1437410 2446.4
1437420 2447.9
1437430 2450.1
1437440 2452.3
1437450 2452.3
1437460 2454.2
1437470 2455.8
1437480 2455.8
1437490 2457.2
1437500 2458.5
1437510 2458.5
1437520 2461.0
1437530 2467.0
1437540 2467.0
1437550 2469.7
1437560 2471.0
1437570 2471.0
1437580 2472.5
1437590 2474.4
1437600 2474.4
1437610 2476.0
1437620 2477.0
1437630 2479.0
1437640 2479.0
1437650 2481.1
1437660 2485.0
1437670 2485.0
1437680 2489.6
1437690 2492.7
1437700 2492.7
1437710 2495.4
1437720 2498.3
1437730 2498.3
1437740 2499.2
1437750 2499.2
1437760 2499.2
1437770 2498.4
1437780 2498.4
1437790 2498.4
1437800 2499.9
1437810 2502.1
1437820 2502.1
1437830 2503.4
1437840 2504.5
1437850 2505.9
1437860 2505.9
1437870 2507.9
1437880 2509.8
1437890 2509.8
1437900 2511.0
1437910 2511.8
1437920 2511.8
1437930 2511.9
1437940 2511.5
1437950 2511.5
1437960 2511.2
1437970 2511.8
1437980 2511.8
1437990 2513.1
1438000 2515.4
1438010 2515.4
1438020 2518.9
1438030 2523.3
1438040 2523.3
1438050 2528.6
1438060 2535.4
1438070 2543.6
1438080 2543.6
1438090 2551.2
1438100 2557.6
1438110 2557.6
1438120 2563.2
1438130 2569.5
1438140 2569.5
1438150 2575.9
1438160 2583.0
1438170 2583.0
1438180 2591.1
1438190 2598.9
1438200 2598.9
1438210 2606.6
1438220 2616.9
1438230 2616.9
1438240 2626.7
1438250 2638.0
1438260 2645.7
1438270 2645.7
1438280 2650.0
1438290 2654.0
1438300 2654.0
1438310 2657.6
1438320 2661.3
1438330 2661.3
1438340 2664.8
1438350 2668.4
1438360 2668.4
1438370 2671.7
1438380 2674.9
1438390 2674.9
1438400 2677.8
1438410 2681.1
1438420 2681.1
1438430 2684.5
1438440 2688.0
1438450 2688.0
1438460 2691.4
1438470 2694.6
1438480 2697.6
1438490 2697.6
1438500 2700.3
1438510 2703.0
1438520 2703.0
1438530 2705.7
1438540 2708.4
1438550 2708.4
1438560 2711.1
1438570 2713.7
1438580 2713.7
1438590 2716.2
1438600 2718.9
1438610 2718.9
1438620 2721.3
1438630 2723.5
1438640 2723.5
1438650 2725.9
1438660 2728.2
1438670 2728.2
1438680 2731.0
1438690 2733.7
1438700 2735.9
1438710 2735.9
1438720 2737.9
1438730 2739.0
1438740 2739.0
1438750 2739.4
1438760 2738.0
1438770 2738.0
1438780 2735.1
1438790 2732.2
1438800 2732.2
1438810 2730.2
1438820 2727.8
1438830 2727.8
1438840 2723.9
1438850 2716.9
1438860 2716.9
1438870 2708.3
1438880 2700.5
1438890 2695.2
1438900 2695.2
1438910 2691.2
1438920 2688.4
1438930 2688.4
1438940 2684.9
1438950 2683.1
1438960 2683.1
1438970 2681.8
1438980 2678.3
1438990 2678.3
1439000 2678.4
1439010 2680.3
1439020 2680.3
1439030 2681.0
1439040 2679.9
1439050 2679.9
1439060 2678.4
1439070 2676.1
1439080 2676.1
1439090 2670.1
1439100 2664.5
1439110 2660.8
1439120 2660.8
1439130 2658.5
1439140 2655.8
1439150 2655.8
1439160 2656.5
1439170 2656.6
1439180 2656.6
1439190 2655.8
1439200 2653.9
1439210 2653.9
1439220 2653.3
1439230 2653.5
1439240 2653.5
1439250 2648.4
1439260 2646.2
1439270 2646.2
1439280 2647.1
1439290 2647.1
1439300 2645.9
1439310 2645.9
1439320 2642.7
1439330 2637.6
1439340 2637.6
1439350 2635.6
1439360 2634.1
1439370 2634.1
1439380 2634.1
1439390 2635.0
1439400 2635.0
1439410 2635.5
1439420 2635.6
1439430 2635.6
1439440 2635.4
1439450 2636.2
1439460 2636.2
1439470 2637.5
1439480 2638.2
1439490 2638.2
1439500 2639.8
1439510 2640.8
1439520 2641.1
1439530 2641.1
1439540 2640.6
1439550 2640.0
1439560 2640.0
1439570 2638.2
1439580 2638.1
1439590 2638.1
1439600 2637.6
1439610 2636.7
1439620 2636.7
1439630 2635.7
1439640 2634.0
1439650 2634.0
1439660 2629.3
1439670 2623.9
1439680 2623.9
1439690 2620.8
1439700 2619.5
1439710 2619.5
1439720 2618.2
1439730 2613.9
1439740 2610.0
1439750 2610.0
1439760 2604.6
1439770 2596.5
1439780 2596.5
1439790 2591.5
1439800 2585.9
1439810 2585.9
1439820 2581.8
1439830 2578.3
1439840 2578.3
1439850 2575.7
1439860 2573.2
1439870 2573.2
1439880 2569.9
1439890 2565.5
1439900 2565.5
1439910 2566.6
1439920 2569.9
1439930 2571.2
1439940 2571.2
1439950 2571.7
1439960 2571.8
1439970 2571.8
1439980 2573.9
1439990 2578.2
