1420000 2177.9
1420010 2177.9
1420020 2179.9
1420030 2181.4
1420040 2181.4
1420050 2182.0
1420060 2181.7
1420070 2181.7
1420080 2181.8
1420090 2181.7
1420100 2181.7
1420110 2180.9
1420120 2178.9
1420130 2178.9
1420140 2176.4
1420150 2174.2
1420160 2171.1
1420170 2171.1
1420180 2167.5
1420190 2163.1
1420200 2163.1
1420210 2158.1
1420220 2152.4
1420230 2152.4
1420240 2146.3
1420250 2138.9
1420260 2138.9
1420270 2131.2
1420280 2125.7
1420290 2125.7
1420300 2120.9
1420310 2118.0
1420320 2118.0
1420330 2115.9
1420340 2114.3
1420350 2114.3
1420360 2112.9
1420370 2111.1
1420380 2109.9
1420390 2109.9
1420400 2108.8
1420410 2107.4
1420420 2107.4
1420430 2105.4
1420440 2102.3
1420450 2102.3
1420460 2099.6
1420470 2097.3
1420480 2097.3
1420490 2094.2
1420500 2090.9
1420510 2090.9
1420520 2087.8
1420530 2084.3
1420540 2084.3
1420550 2079.0
1420560 2072.0
1420570 2072.0
1420580 2064.7
1420590 2065.2
1420600 2069.9
1420610 2069.9
1420620 2072.0
1420630 2072.0
1420640 2072.0
1420650 2072.7
1420660 2074.5
1420670 2074.5
1420680 2075.8
1420690 2078.1
1420700 2078.1
1420710 2079.5
1420720 2079.1
1420730 2079.1
1420740 2077.2
1420750 2074.9
1420760 2074.9
1420770 2071.8
1420780 2068.4
1420790 2064.9
1420800 2064.9
1420810 2063.0
1420820 2062.7
1420830 2062.7
1420840 2060.6
1420850 2057.6
1420860 2057.6
1420870 2058.1
1420880 2058.8
1420890 2058.8
1420900 2060.4
1420910 2064.2
1420920 2064.2
1420930 2067.5
1420940 2070.5
1420950 2070.5
1420960 2072.6
1420970 2074.8
1420980 2074.8
1420990 2078.7
1421000 2083.4
1421010 2086.5
1421020 2086.5
1421030 2089.1
1421040 2092.3
1421050 2092.3
1421060 2094.7
1421070 2096.9
1421080 2096.9
1421090 2098.8
1421100 2100.5
1421110 2100.5
1421120 2100.6
1421130 2099.0
1421140 2099.0
1421150 2091.7
1421160 2082.7
1421170 2082.7
1421180 2074.7
1421190 2069.3
1421200 2069.3
1421210 2067.5
1421220 2072.2
1421230 2077.4
1421240 2077.4
1421250 2082.7
1421260 2086.6
1421270 2086.6
1421280 2090.0
1421290 2093.1
1421300 2093.1
1421310 2096.8
1421320 2104.1
1421330 2104.1
1421340 2108.6
1421350 2110.0
1421360 2110.0
1421370 2108.8
1421380 2103.7
1421390 2103.7
1421400 2097.5
1421410 2092.6
1421420 2092.6
1421430 2086.2
1421440 2082.3
1421450 2081.5
1421460 2081.5
1421470 2080.3
1421480 2079.7
1421490 2079.7
1421500 2080.9
1421510 2082.8
1421520 2082.8
1421530 2083.0
1421540 2082.9
1421550 2082.9
1421560 2082.6
1421570 2082.9
1421580 2082.9
1421590 2086.3
1421600 2088.7
1421610 2088.7
1421620 2089.8
1421630 2089.9
1421640 2090.3
1421650 2090.3
1421660 2089.6
1421670 2087.3
1421680 2087.3
1421690 2085.2
1421700 2083.7
1421710 2083.7
1421720 2082.3
1421730 2081.2
1421740 2081.2
1421750 2079.9
1421760 2078.3
1421770 2078.3
1421780 2075.4
1421790 2073.7
1421800 2073.7
1421810 2072.9
1421820 2071.7
1421830 2071.7
1421840 2066.2
1421850 2058.8
1421860 2052.2
1421870 2052.2
1421880 2048.8
1421890 2047.4
1421900 2047.4
1421910 2045.0
1421920 2042.9
1421930 2042.9
1421940 2040.9
1421950 2039.3
1421960 2045.6
1421970 2044.2
1421980 2042.6
1421990 2042.6
1422000 2041.8
1422010 2042.5
1422020 2042.5
1422030 2042.1
1422040 2039.4
1422050 2039.4
1422060 2035.0
1422070 2028.6
1422080 2020.6
1422090 2020.6
1422100 2010.4
1422110 2005.5
1422120 2005.5
1422130 2003.9
1422140 2001.5
1422150 2001.5
1422160 1998.5
1422170 1995.8
1422180 1995.8
1422190 1993.3
1422200 1991.1
1422210 1991.1
1422220 1988.2
1422230 1989.5
1422240 1989.5
1422250 1990.8
1422260 1990.8
1422270 2002.3
1422280 2002.3
1422290 2005.0
1422300 2008.9
1422310 2008.9
1422320 2010.9
1422330 2010.1
1422340 2010.1
1422350 2009.5
1422360 2007.2
1422370 2007.2
1422380 2006.2
1422390 2002.8
1422400 2002.8
1422410 1998.4
1422420 1993.3
1422430 1993.3
1422440 1989.1
1422450 1985.0
1422460 1985.0
1422470 1982.0
1422480 1978.6
1422490 1980.8
1422500 1980.8
1422510 1983.8
1422520 1982.3
1422530 1982.3
1422540 1981.8
1422550 1982.1
1422560 1982.1
1422570 1983.6
1422580 1985.6
1422590 1985.6
1422600 1986.2
1422610 1985.9
1422620 1985.9
1422630 1987.5
1422640 1989.5
1422650 1989.5
1422660 1990.3
1422670 1989.0
1422680 1989.0
1422690 1994.8
1422700 1998.6
1422710 1999.6
1422720 1999.6
1422730 2000.6
1422740 2004.2
1422750 2004.2
1422760 2008.8
1422770 2006.8
1422780 2006.8
1422790 2005.2
1422800 2006.3
1422810 2006.3
1422820 2008.8
1422830 2008.6
1422840 2008.6
1422850 2011.9
1422860 2013.3
1422870 2013.3
1422880 2017.9
1422890 2024.0
1422900 2024.0
1422910 2031.2
1422920 2038.7
1422930 2042.8
1422940 2042.8
1422950 2045.1
1422960 2046.5
1422970 2046.5
1422980 2042.5
1422990 2047.5
1423000 2047.5
1423010 2053.0
1423020 2061.2
1423030 2061.2
1423040 2069.9
1423050 2076.8
1423060 2076.8
1423070 2080.7
1423080 2083.4
1423090 2083.4
1423100 2085.2
1423110 2086.9
1423120 2088.7
1423130 2088.7
1423140 2089.3
1423150 2089.3
1423160 2089.3
1423170 2088.6
1423180 2088.5
1423190 2088.5
1423200 2087.5
1423210 2085.9
1423220 2085.9
1423230 2084.8
1423240 2083.9
1423250 2083.9
1423260 2080.4
1423270 2075.7
1423280 2075.7
1423290 2072.2
1423300 2070.4
1423310 2070.4
1423320 2066.9
1423330 2062.7
1423340 2060.7
1423350 2060.7
1423360 2057.6
1423370 2053.9
1423380 2053.9
1423390 2049.4
1423400 2044.8
1423410 2044.8
1423420 2040.8
1423430 2036.7
1423440 2036.7
1423450 2030.0
1423460 2023.2
1423470 2023.2
1423480 2017.7
1423490 2011.6
1423500 2011.6
1423510 2004.9
1423520 1997.7
1423530 1997.7
1423540 1990.2
1423550 1982.1
1423560 1975.1
1423570 1975.1
1423580 1967.9
1423590 1961.8
1423600 1961.8
1423610 1956.6
1423620 1957.0
1423630 1957.0
1423640 1955.8
1423650 1951.1
1423660 1951.1
1423670 1946.3
1423680 1943.3
1423690 1943.3
1423700 1938.9
1423710 1934.9
1423720 1934.9
1423730 1931.9
1423740 1929.6
1423750 1929.6
1423760 1927.3
1423770 1925.7
1423780 1923.9
1423790 1923.9
1423800 1921.8
1423810 1919.7
1423820 1919.7
1423830 1916.4
1423840 1910.2
1423850 1910.2
1423860 1900.9
1423870 1893.8
1423880 1893.8
1423890 1889.6
1423900 1886.6
1423910 1886.6
1423920 1883.3
1423930 1880.3
1423940 1880.3
1423950 1880.0
1423960 1878.3
1423970 1876.6
1423980 1876.6
1423990 1875.9
1424000 1876.9
1424010 1876.9
1424020 1881.3
1424030 1880.2
1424040 1880.2
1424050 1877.6
1424060 1871.3
1424070 1871.3
1424080 1860.8
1424090 1849.0
1424100 1849.0
1424110 1835.8
1424120 1824.6
1424130 1824.6
1424140 1815.7
1424150 1810.0
1424160 1810.0
1424170 1806.6
1424180 1803.7
1424190 1800.9
1424200 1800.9
1424210 1796.1
1424220 1789.5
1424230 1789.5
1424240 1781.5
1424250 1774.7
1424260 1774.7
1424270 1767.4
1424280 1760.2
1424290 1760.2
1424300 1752.9
1424310 1745.6
1424320 1745.6
1424330 1738.5
1424340 1733.4
1424350 1733.4
1424360 1730.8
1424370 1728.8
1424380 1728.8
1424390 1725.9
1424400 1722.0
1424410 1718.3
1424420 1718.3
1424430 1714.9
1424440 1711.9
1424450 1711.9
1424460 1708.9
1424470 1705.2
1424480 1705.2
1424490 1701.1
1424500 1697.2
1424510 1697.2
1424520 1693.0
1424530 1688.9
1424540 1688.9
1424550 1685.3
1424560 1679.7
1424570 1679.7
1424580 1670.6
1424590 1661.1
1424600 1661.1
1424610 1648.3
1424620 1640.6
1424630 1636.8
1424640 1636.8
1424650 1635.1
1424660 1630.4
1424670 1630.4
1424680 1621.3
1424690 1614.2
1424700 1614.2
1424710 1609.7
1424720 1605.7
1424730 1605.7
1424740 1600.7
1424750 1596.5
1424760 1596.5
1424770 1589.5
1424780 1581.7
1424790 1581.7
1424800 1573.8
1424810 1565.7
1424820 1558.5
1424830 1558.5
1424840 1552.9
1424850 1547.1
1424860 1547.1
1424870 1542.7
1424880 1539.6
1424890 1539.6
1424900 1537.0
1424910 1538.1
1424920 1538.1
1424930 1541.9
1424940 1545.2
1424950 1545.2
1424960 1546.9
1424970 1543.0
1424980 1543.0
1424990 1540.3
1425000 1539.4
1425010 1539.4
1425020 1535.4
1425030 1532.6
1425040 1529.2
1425050 1529.2
1425060 1527.3
1425070 1527.2
1425080 1527.2
1425090 1533.9
1425100 1547.5
1425110 1547.5
1425120 1559.0
1425130 1570.4
1425140 1570.4
1425150 1579.7
1425160 1583.2
1425170 1583.2
1425180 1585.3
1425190 1585.1
1425200 1585.1
1425210 1581.6
1425220 1576.1
1425230 1576.1
1425240 1569.1
1425250 1560.3
1425260 1550.6
1425270 1550.6
1425280 1539.6
1425290 1531.3
1425300 1531.3
1425310 1523.6
1425320 1515.4
1425330 1515.4
1425340 1505.8
1425350 1495.2
1425360 1495.2
1425370 1484.4
1425380 1474.3
1425390 1474.3
1425400 1462.5
1425410 1453.5
1425420 1453.5
1425430 1446.8
1425440 1436.0
1425450 1427.9
1425460 1427.9
1425470 1424.4
1425480 1421.5
1425490 1421.5
1425500 1414.3
1425510 1416.9
1425520 1416.9
1425530 1418.9
1425540 1425.0
1425550 1425.0
1425560 1431.3
1425570 1425.1
1425580 1425.1
1425590 1415.4
1425600 1399.9
1425610 1399.9
1425620 1369.6
1425630 1360.9
1425640 1360.9
1425650 1355.8
1425660 1349.8
1425670 1343.1
1425680 1343.1
1425690 1337.2
1425700 1332.1
1425710 1332.1
1425720 1327.0
1425730 1321.9
1425740 1321.9
1425750 1319.1
1425760 1317.4
1425770 1317.4
1425780 1317.2
1425790 1316.1
1425800 1316.1
1425810 1315.1
1425820 1314.7
1425830 1314.7
1425840 1310.1
1425850 1310.8
1425860 1310.8
1425870 1315.5
1425880 1314.7
1425890 1312.3
1425900 1312.3
1425910 1310.2
1425920 1308.1
1425930 1308.1
1425940 1306.6
1425950 1306.3
1425960 1306.3
1425970 1304.9
1425980 1301.5
1425990 1301.5
1426000 1298.9
1426010 1299.4
1426020 1299.4
1426030 1297.2
1426040 1294.5
1426050 1294.5
1426060 1292.3
1426070 1292.8
1426080 1292.8
1426090 1294.3
1426100 1299.8
1426110 1306.1
1426120 1306.1
1426130 1310.2
1426140 1312.3
1426150 1312.3
1426160 1309.3
1426170 1311.0
1426180 1311.0
1426190 1311.2
1426200 1310.0
1426210 1310.0
1426220 1309.1
1426230 1308.3
1426240 1308.3
1426250 1307.2
1426260 1305.8
1426270 1305.8
1426280 1302.9
1426290 1299.5
1426300 1296.2
1426310 1296.2
1426320 1294.7
1426330 1295.0
1426340 1295.0
1426350 1296.6
1426360 1298.4
1426370 1298.4
1426380 1301.0
1426390 1304.0
1426400 1304.0
1426410 1306.6
1426420 1310.0
1426430 1310.0
1426440 1313.0
1426450 1315.9
1426460 1315.9
1426470 1318.1
1426480 1318.6
1426490 1318.6
1426500 1318.8
1426510 1318.2
1426520 1316.9
1426530 1316.9
1426540 1316.1
1426550 1316.5
1426560 1316.5
1426570 1313.8
1426580 1309.6
1426590 1309.6
1426600 1307.3
1426610 1304.8
1426620 1304.8
1426630 1301.9
1426640 1301.3
1426650 1301.3
1426660 1303.9
1426670 1307.8
1426680 1307.8
1426690 1309.7
1426700 1311.0
1426710 1311.0
1426720 1310.6
1426730 1309.0
1426740 1306.9
1426750 1306.9
1426760 1304.2
1426770 1302.4
1426780 1302.4
1426790 1301.5
1426800 1299.6
1426810 1299.6
1426820 1297.1
1426830 1295.9
1426840 1295.9
1426850 1295.2
1426860 1294.6
1426870 1294.6
1426880 1294.5
1426890 1295.0
1426900 1295.0
1426910 1295.3
1426920 1295.3
1426930 1295.3
1426940 1295.3
1426950 1295.4
1426960 1293.7
1426970 1293.7
1426980 1294.5
1426990 1295.0
1427000 1295.0
1427010 1293.9
1427020 1292.3
1427030 1292.3
1427040 1291.8
1427050 1291.9
1427060 1291.9
1427070 1293.6
1427080 1296.8
1427090 1296.8
1427100 1300.0
1427110 1303.9
1427120 1303.9
1427130 1307.1
1427140 1309.1
1427150 1310.1
1427160 1310.1
1427170 1311.9
1427180 1314.7
1427190 1314.7
1427200 1317.5
1427210 1322.0
1427220 1322.0
1427230 1326.8
1427240 1330.2
1427250 1330.2
1427260 1329.5
1427270 1323.3
1427280 1323.3
1427290 1322.9
1427300 1325.0
1427310 1325.0
1427320 1326.8
1427330 1327.8
1427340 1327.8
1427350 1326.8
1427360 1329.2
1427370 1338.3
1427380 1338.3
1427390 1345.8
1427400 1351.9
1427410 1351.9
1427420 1355.9
1427430 1362.7
1427440 1362.7
1427450 1368.9
1427460 1374.7
1427470 1374.7
1427480 1379.5
1427490 1382.4
1427500 1382.4
1427510 1384.4
1427520 1386.7
1427530 1386.7
1427540 1390.3
1427550 1393.5
1427560 1393.5
1427570 1396.7
1427580 1400.1
1427590 1403.3
1427600 1403.3
1427610 1406.3
1427620 1411.2
1427630 1411.2
1427640 1414.7
1427650 1420.9
1427660 1420.9
1427670 1428.4
1427680 1433.3
1427690 1433.3
1427700 1435.3
1427710 1436.4
1427720 1436.4
1427730 1436.8
1427740 1438.4
1427750 1438.4
1427760 1439.6
1427770 1437.7
1427780 1437.7
1427790 1435.1
1427800 1433.4
1427810 1432.9
1427820 1432.9
1427830 1435.7
1427840 1441.1
1427850 1441.1
1427860 1446.9
1427870 1451.3
1427880 1451.3
1427890 1451.1
1427900 1449.7
1427910 1449.7
1427920 1448.9
1427930 1451.0
1427940 1451.0
1427950 1455.4
1427960 1457.8
1427970 1457.8
1427980 1460.8
1427990 1463.8
1428000 1467.1
1428010 1467.1
1428020 1470.9
1428030 1474.3
1428040 1474.3
1428050 1477.4
1428060 1478.9
1428070 1478.9
1428080 1479.0
1428090 1478.8
1428100 1478.8
1428110 1476.2
1428120 1472.7
1428130 1472.7
1428140 1473.0
1428150 1474.9
1428160 1474.9
1428170 1477.3
1428180 1481.4
1428190 1481.4
1428200 1486.9
1428210 1492.7
1428220 1498.6
1428230 1498.6
1428240 1504.4
1428250 1509.3
1428260 1509.3
1428270 1515.5
1428280 1521.1
1428290 1521.1
1428300 1526.9
1428310 1533.2
1428320 1533.2
1428330 1537.9
1428340 1538.8
1428350 1538.8
1428360 1538.9
1428370 1539.6
1428380 1537.5
1428390 1539.0
1428400 1540.5
1428410 1540.5
1428420 1541.8
1428430 1543.3
1428440 1545.1
1428450 1545.1
1428460 1547.3
1428470 1549.6
1428480 1549.6
1428490 1552.0
1428500 1554.9
1428510 1554.9
1428520 1559.3
1428530 1563.5
1428540 1563.5
1428550 1568.6
1428560 1575.4
1428570 1575.4
1428580 1581.2
1428590 1586.0
1428600 1586.0
1428610 1591.4
1428620 1596.8
1428630 1601.9
1428640 1601.9
1428650 1607.8
1428660 1614.0
1428670 1614.0
1428680 1618.1
1428690 1622.0
1428700 1622.0
1428710 1625.6
1428720 1628.9
1428730 1628.9
1428740 1632.3
1428750 1635.6
1428760 1635.6
1428770 1636.8
1428780 1636.0
1428790 1636.0
1428800 1634.6
1428810 1633.6
1428820 1633.6
1428830 1632.0
1428840 1631.3
1428850 1632.6
1428860 1632.6
1428870 1635.7
1428880 1639.0
1428890 1639.0
1428900 1641.6
1428910 1641.7
1428920 1641.7
1428930 1640.3
1428940 1636.9
1428950 1636.9
1428960 1633.1
1428970 1628.7
1428980 1628.7
1428990 1625.0
1429000 1620.9
1429010 1620.9
1429020 1619.1
1429030 1619.8
1429040 1619.8
1429050 1624.1
1429060 1628.3
1429070 1631.7
1429080 1631.7
1429090 1635.8
1429100 1642.3
1429110 1642.3
1429120 1649.0
1429130 1656.1
1429140 1656.1
1429150 1659.3
1429160 1664.7
1429170 1664.7
1429180 1670.6
1429190 1675.0
1429200 1675.0
1429210 1676.9
1429220 1676.7
1429230 1676.7
1429240 1675.3
1429250 1673.6
1429260 1673.6
1429270 1673.1
1429280 1672.7
1429290 1673.6
1429300 1673.6
1429310 1676.8
1429320 1681.2
1429330 1681.2
1429340 1683.8
1429350 1681.9
1429360 1681.9
1429370 1680.3
1429380 1680.5
1429390 1680.5
1429400 1682.4
1429410 1683.9
1429420 1683.9
1429430 1681.3
1429440 1677.1
1429450 1677.1
1429460 1673.8
1429470 1671.3
1429480 1668.9
1429490 1668.9
1429500 1666.8
1429510 1665.2
1429520 1665.2
1429530 1661.4
1429540 1656.6
1429550 1656.6
1429560 1653.3
1429570 1650.3
1429580 1650.3
1429590 1647.4
1429600 1645.2
1429610 1645.2
1429620 1643.3
1429630 1642.9
1429640 1642.9
1429650 1643.8
1429660 1645.2
1429670 1645.2
1429680 1647.9
1429690 1650.2
1429700 1651.9
1429710 1651.9
1429720 1653.3
1429730 1655.4
1429740 1655.4
1429750 1657.6
1429760 1659.5
1429770 1659.5
1429780 1660.9
1429790 1662.0
1429800 1662.0
1429810 1662.7
1429820 1663.4
1429830 1663.4
1429840 1664.0
1429850 1664.7
1429860 1664.7
1429870 1664.1
1429880 1663.6
1429890 1663.6
1429900 1662.2
1429910 1661.0
1429920 1661.2
1429930 1661.2
1429940 1661.1
1429950 1660.5
1429960 1660.5
1429970 1659.6
1429980 1658.3
1429990 1658.3
1430000 1656.6
1430010 1653.4
1430020 1653.4
1430030 1652.3
1430040 1653.4
1430050 1653.4
1430060 1653.8
1430070 1654.6
1430080 1654.6
1430090 1655.6
1430100 1657.5
1430110 1657.5
1430120 1659.8
1430130 1661.6
1430140 1663.6
1430150 1663.6
1430160 1664.2
1430170 1665.1
1430180 1665.1
1430190 1666.7
1430200 1667.6
1430210 1667.6
1430220 1668.9
1430230 1670.4
1430240 1670.4
1430250 1673.6
1430260 1677.9
1430270 1677.9
1430280 1682.4
1430290 1686.7
1430300 1686.7
1430310 1690.8
1430320 1695.6
1430330 1700.3
1430340 1700.3
1430350 1702.0
1430360 1705.4
1430370 1705.4
1430380 1706.9
1430390 1706.5
1430400 1706.5
1430410 1706.4
1430420 1706.3
1430430 1706.3
1430440 1707.1
1430450 1708.1
1430460 1708.1
1430470 1709.2
1430480 1710.2
1430490 1710.2
1430500 1711.0
1430510 1713.1
1430520 1713.1
1430530 1715.6
1430540 1718.5
1430550 1721.2
1430560 1721.2
1430570 1722.6
1430580 1720.8
1430590 1720.8
1430600 1716.5
1430610 1713.5
1430620 1713.5
1430630 1715.8
1430640 1720.5
1430650 1720.5
1430660 1723.3
1430670 1730.6
1430680 1730.8
1430690 1734.4
1430700 1738.9
1430710 1738.9
1430720 1744.5
1430730 1750.8
1430740 1750.8
1430750 1755.9
1430760 1762.0
1430770 1768.1
1430780 1768.1
1430790 1773.6
1430800 1779.2
1430810 1779.2
1430820 1784.8
1430830 1789.0
1430840 1789.0
1430850 1792.0
1430860 1797.3
1430870 1797.3
1430880 1803.4
1430890 1807.1
1430900 1807.1
1430910 1809.1
1430920 1811.3
1430930 1811.3
1430940 1814.0
1430950 1816.0
1430960 1817.7
1430970 1817.7
1430980 1820.7
1430990 1824.2
1431000 1824.2
1431010 1826.8
1431020 1828.3
1431030 1828.3
1431040 1829.7
1431050 1830.8
1431060 1830.8
1431070 1831.3
1431080 1831.5
1431090 1831.5
1431100 1831.3
1431110 1830.6
1431120 1830.6
1431130 1831.6
1431140 1832.8
1431150 1832.8
1431160 1834.4
1431170 1837.6
1431180 1842.0
1431190 1842.0
1431200 1845.8
1431210 1848.1
1431220 1848.1
1431230 1850.0
1431240 1852.1
1431250 1852.1
1431260 1854.2
1431270 1856.1
1431280 1856.1
1431290 1857.5
1431300 1859.3
1431310 1859.3
1431320 1861.5
1431330 1862.6
1431340 1862.6
1431350 1864.6
1431360 1867.4
1431370 1867.4
1431380 1870.2
1431390 1872.6
1431400 1876.1
1431410 1876.1
1431420 1882.3
1431430 1888.3
1431440 1888.3
1431450 1891.3
1431460 1892.9
1431470 1892.9
1431480 1893.4
1431490 1893.4
1431500 1893.4
1431510 1894.1
1431520 1895.8
1431530 1895.8
1431540 1899.6
1431550 1903.2
1431560 1903.2
1431570 1906.3
1431580 1909.4
1431590 1909.4
1431600 1911.9
1431610 1914.1
1431620 1916.3
1431630 1916.3
1431640 1918.5
1431650 1921.5
1431660 1921.5
1431670 1926.7
1431680 1930.8
1431690 1930.8
1431700 1931.8
1431710 1931.6
1431720 1931.6
1431730 1933.6
1431740 1936.3
1431750 1936.3
1431760 1939.1
1431770 1941.1
1431780 1941.1
1431790 1941.9
1431800 1941.5
1431810 1941.1
1431820 1941.1
1431830 1942.5
1431840 1945.0
1431850 1945.0
1431860 1946.5
1431870 1948.1
1431880 1948.1
1431890 1951.1
1431900 1953.9
1431910 1953.9
1431920 1957.0
1431930 1958.0
1431940 1958.0
1431950 1958.9
1431960 1960.3
1431970 1960.3
1431980 1963.2
1431990 1965.9
1432000 1965.9
1432010 1967.1
1432020 1968.3
1432030 1970.4
1432040 1970.4
1432050 1972.5
1432060 1974.1
1432070 1974.1
1432080 1977.8
1432090 1982.2
1432100 1982.2
1432110 1986.1
1432120 1987.7
1432130 1987.7
1432140 1989.5
1432150 1992.5
1432160 1992.5
1432170 1996.8
1432180 1999.4
1432190 1999.4
1432200 1999.4
1432210 1998.3
1432220 1998.3
1432230 1999.2
1432240 2000.9
1432250 2003.2
1432260 2003.2
1432270 2004.1
1432280 2004.5
1432290 2004.5
1432300 2004.9
1432310 2004.7
1432320 2004.7
1432330 2002.3
1432340 1998.4
1432350 1998.4
1432360 1992.3
1432370 1980.5
1432380 1980.5
1432390 1966.5
1432400 1955.4
1432410 1955.4
1432420 1944.8
1432430 1931.8
1432440 1931.8
1432450 1921.3
1432460 1906.3
1432470 1891.3
1432480 1891.3
1432490 1879.8
1432500 1868.2
1432510 1868.2
1432520 1857.7
1432530 1848.9
1432540 1848.9
1432550 1841.1
1432560 1834.0
1432570 1834.0
1432580 1828.3
1432590 1822.2
1432600 1822.2
1432610 1815.3
1432620 1808.3
1432630 1808.3
1432640 1801.7
1432650 1795.0
1432660 1788.8
1432670 1788.8
1432680 1782.9
1432690 1776.4
1432700 1776.4
1432710 1769.0
1432720 1761.4
1432730 1761.4
1432740 1753.6
1432750 1745.5
1432760 1745.5
1432770 1737.2
1432780 1728.2
1432790 1728.2
1432800 1727.6
1432810 1733.9
1432820 1733.9
1432830 1742.0
1432840 1747.1
1432850 1747.1
1432860 1751.3
1432870 1754.6
1432880 1758.0
1432890 1758.0
1432900 1760.9
1432910 1764.5
1432920 1764.5
1432930 1768.3
1432940 1772.2
1432950 1772.2
1432960 1776.2
1432970 1781.9
1432980 1781.9
1432990 1787.0
1433000 1791.2
1433010 1791.2
1433020 1796.3
1433030 1802.0
1433040 1802.0
1433050 1808.0
1433060 1814.2
1433070 1814.2
1433080 1819.9
1433090 1824.4
1433100 1829.6
1433110 1829.6
1433120 1835.1
1433130 1840.7
1433140 1840.7
1433150 1846.4
1433160 1851.6
1433170 1851.6
1433180 1856.5
1433190 1860.5
1433200 1860.5
1433210 1863.9
1433220 1867.2
1433230 1867.2
1433240 1870.8
1433250 1874.6
1433260 1874.6
1433270 1878.4
1433280 1881.8
1433290 1885.3
1433300 1885.3
1433310 1889.0
1433320 1893.5
1433330 1893.5
1433340 1899.7
1433350 1906.3
1433360 1906.3
1433370 1912.0
1433380 1917.2
1433390 1917.2
1433400 1923.0
1433410 1929.7
1433420 1929.7
1433430 1935.5
1433440 1940.6
1433450 1940.6
1433460 1945.4
1433470 1950.6
1433480 1950.6
1433490 1955.8
1433500 1961.4
1433510 1966.5
1433520 1966.5
1433530 1972.7
1433540 1979.2
1433550 1979.2
1433560 1985.5
1433570 1990.3
1433580 1990.3
1433590 1993.0
1433600 1996.9
1433610 1996.9
1433620 2001.6
1433630 2006.1
1433640 2006.1
1433650 2010.0
1433660 2013.6
1433670 2013.6
1433680 2016.7
1433690 2019.7
1433700 2019.7
1433710 2022.4
1433720 2024.1
1433730 2024.3
1433740 2024.3
1433750 2024.3
1433760 2025.5
1433770 2025.5
1433780 2027.4
1433790 2029.7
1433800 2029.7
1433810 2032.4
1433820 2034.8
1433830 2034.8
1433840 2036.9
1433850 2038.5
1433860 2038.5
1433870 2041.1
1433880 2043.4
1433890 2043.4
1433900 2044.7
1433910 2046.0
1433920 2046.0
1433930 2048.0
1433940 2050.1
1433950 2052.2
1433960 2052.2
1433970 2053.4
1433980 2054.4
1433990 2054.4
1434000 2055.4
1434010 2057.4
1434020 2057.4
1434030 2060.4
1434040 2064.5
1434050 2064.5
1434060 2067.2
1434070 2070.6
1434080 2070.6
1434090 2075.4
1434100 2078.1
1434110 2078.1
1434120 2076.4
1434130 2075.3
1434140 2074.4
1434150 2074.4
1434160 2072.0
1434170 2070.5
1434180 2070.5
1434190 2069.3
1434200 2068.3
1434210 2068.3
1434220 2069.9
1434230 2073.9
1434240 2073.9
1434250 2078.3
1434260 2082.5
1434270 2082.5
1434280 2085.8
1434290 2089.5
1434300 2089.5
1434310 2092.3
1434320 2094.4
1434330 2094.4
1434340 2096.3
1434350 2098.8
1434360 2101.1
1434370 2101.1
1434380 2102.7
1434390 2104.4
1434400 2104.4
1434410 2106.2
1434420 2107.3
1434430 2107.3
1434440 2108.8
1434450 2111.8
1434460 2111.8
1434470 2114.8
1434480 2117.4
1434490 2117.4
1434500 2120.3
1434510 2122.0
1434520 2122.0
1434530 2122.8
1434540 2122.7
1434550 2122.7
1434560 2122.5
1434570 2123.2
1434580 2124.3
1434590 2124.3
1434600 2126.5
1434610 2129.9
1434620 2129.9
1434630 2132.1
1434640 2132.9
1434650 2132.9
1434660 2133.5
1434670 2134.5
1434680 2134.5
1434690 2136.4
1434700 2140.6
1434710 2140.6
1434720 2145.0
1434730 2148.7
1434740 2148.7
1434750 2152.6
1434760 2157.3
1434770 2157.3
1434780 2160.9
1434790 2162.3
1434800 2138.6
1434810 2138.6
1434820 2100.9
1434830 2098.1
1434840 2098.1
1434850 2098.5
1434860 2100.8
1434870 2100.8
1434880 2103.7
1434890 2109.6
1434900 2109.6
1434910 2116.7
1434920 2118.2
1434930 2118.2
1434940 2114.4
1434950 2115.7
1434960 2115.7
1434970 2114.5
1434980 2118.1
1434990 2122.7
1435000 2122.7
1435010 2127.4
1435020 2131.7
1435030 2131.7
1435040 2135.4
1435050 2135.3
1435060 2135.3
1435070 2133.0
1435080 2132.3
1435090 2132.3
1435100 2132.3
1435110 2131.5
1435120 2131.5
1435130 2128.7
1435140 2123.1
1435150 2123.1
1435160 2115.6
1435170 2110.6
1435180 2110.6
1435190 2112.7
1435200 2118.1
1435210 2119.3
1435220 2119.3
1435230 2118.5
1435240 2117.1
1435250 2117.1
1435260 2114.6
1435270 2114.6
1435280 2114.6
1435290 2112.5
1435300 2109.1
1435310 2109.1
1435320 2104.3
1435330 2099.1
1435340 2099.1
1435350 2100.8
1435360 2103.1
1435370 2103.1
1435380 2103.5
1435390 2105.0
1435400 2105.0
1435410 2106.2
1435420 2106.6
1435430 2106.4
1435440 2106.4
1435450 2106.7
1435460 2106.2
1435470 2106.2
1435480 2104.9
1435490 2103.8
1435500 2103.8
1435510 2104.4
1435520 2104.0
1435530 2104.0
1435540 2102.5
1435550 2104.7
1435560 2104.7
1435570 2106.3
1435580 2106.5
1435590 2106.5
1435600 2105.9
1435610 2095.4
1435620 2093.6
1435630 2093.6
1435640 2090.6
1435650 2091.1
1435660 2091.1
1435670 2091.4
1435680 2092.9
1435690 2092.9
1435700 2094.4
1435710 2095.8
1435720 2095.8
1435730 2092.4
1435740 2087.7
1435750 2087.7
1435760 2086.9
1435770 2089.2
1435780 2089.2
1435790 2091.9
1435800 2094.5
1435810 2094.5
1435820 2094.6
1435830 2092.5
1435840 2089.7
1435850 2089.7
1435860 2087.1
1435870 2084.2
1435880 2084.2
1435890 2078.0
1435900 2069.7
1435910 2069.7
1435920 2059.7
1435930 2018.0
1435940 2018.0
1435950 2002.0
1435960 2008.9
1435970 2008.9
1435980 2015.4
1435990 2016.8
1436000 2016.8
1436010 2006.2
1436020 1991.5
1436030 1991.5
1436040 1980.5
1436050 1972.3
1436060 1965.9
1436070 1965.9
1436080 1964.9
1436090 1966.3
1436100 1966.3
1436110 1965.3
1436120 1962.4
1436130 1962.4
1436140 1967.7
1436150 1975.3
1436160 1975.3
1436170 1969.0
1436180 1954.0
1436190 1954.0
1436200 1940.1
1436210 1939.0
1436220 1939.0
1436230 1939.1
1436240 1938.1
1436250 1938.1
1436260 1936.5
1436270 1935.5
1436280 1939.2
1436290 1939.2
1436300 1945.2
1436310 1951.0
1436320 1951.0
1436330 1956.3
1436340 1963.4
1436350 1963.4
1436360 1967.8
1436370 1971.7
1436380 1971.7
1436390 1977.2
1436400 1981.1
1436410 1981.1
1436420 1980.1
1436430 1974.2
1436440 1974.2
1436450 1973.4
1436460 1973.1
1436470 1969.3
1436480 1969.3
1436490 1960.3
1436500 1933.8
1436510 1933.8
1436520 1910.8
1436530 1907.5
1436540 1907.5
1436550 1905.5
1436560 1904.1
1436570 1904.1
1436580 1900.8
1436590 1897.2
1436600 1897.2
1436610 1895.7
1436620 1903.5
1436630 1903.5
1436640 1910.9
1436650 1889.1
1436660 1889.1
1436670 1876.5
1436680 1874.1
1436690 1871.0
1436700 1871.0
1436710 1869.8
1436720 1869.3
1436730 1869.3
1436740 1869.5
1436750 1864.7
1436760 1864.7
1436770 1858.1
1436780 1852.8
1436790 1852.8
1436800 1852.2
1436810 1852.0
1436820 1852.0
1436830 1850.4
1436840 1847.8
1436850 1847.8
1436860 1847.2
1436870 1845.6
1436880 1845.6
1436890 1846.0
1436900 1847.2
1436910 1848.1
1436920 1848.1
1436930 1849.1
1436940 1850.3
1436950 1850.3
1436960 1851.6
1436970 1853.1
1436980 1853.1
1436990 1854.5
1437000 1855.5
1437010 1855.5
1437020 1857.2
1437030 1859.4
1437040 1859.4
1437050 1861.0
1437060 1862.9
1437070 1862.9
1437080 1865.0
1437090 1867.5
1437100 1868.7
1437110 1868.7
1437120 1868.8
1437130 1869.7
1437140 1869.7
1437150 1872.3
1437160 1874.5
1437170 1874.5
1437180 1876.7
1437190 1878.5
1437200 1878.5
1437210 1880.2
1437220 1881.9
1437230 1881.9
1437240 1884.8
1437250 1886.5
1437260 1886.5
1437270 1887.6
1437280 1889.6
1437290 1889.6
1437300 1891.3
1437310 1893.5
1437320 1895.8
1437330 1895.8
1437340 1897.4
1437350 1899.1
1437360 1899.1
1437370 1900.4
1437380 1902.0
1437390 1902.0
1437400 1904.4
1437410 1906.8
1437420 1906.8
1437430 1908.6
1437440 1910.6
1437450 1910.6
1437460 1913.3
1437470 1915.7
1437480 1915.7
1437490 1917.7
1437500 1920.2
1437510 1920.2
1437520 1923.0
1437530 1925.2
1437540 1926.7
1437550 1926.7
1437560 1928.8
1437570 1932.5
1437580 1932.5
1437590 1935.5
1437600 1938.7
1437610 1938.7
1437620 1941.7
1437630 1945.0
1437640 1945.0
1437650 1948.2
1437660 1952.1
1437670 1952.1
1437680 1956.0
1437690 1960.3
1437700 1960.3
1437710 1964.8
1437720 1969.0
1437730 1969.0
1437740 1971.5
1437750 1974.6
1437760 1976.7
1437770 1976.7
1437780 1978.7
1437790 1981.1
1437800 1981.1
1437810 1983.6
1437820 1985.5
1437830 1985.5
1437840 1989.1
1437850 1994.4
1437860 1994.4
1437870 1999.2
1437880 2005.4
1437890 2005.4
1437900 2011.8
1437910 2017.9
1437920 2017.9
1437930 2016.0
1437940 2024.5
1437950 2028.8
1437960 2028.8
1437970 2030.5
1437980 2037.6
1437990 2037.6
1438000 2043.1
1438010 2047.9
1438020 2047.9
1438030 2051.3
1438040 2055.5
1438050 2055.5
1438060 2062.8
1438070 2070.4
1438080 2070.4
1438090 2078.1
1438100 2087.3
1438110 2087.3
1438120 2096.6
1438130 2102.7
1438140 2102.7
1438150 2104.5
1438160 2107.8
1438170 2113.1
1438180 2113.1
1438190 2118.1
1438200 2121.9
1438210 2121.9
1438220 2125.4
1438230 2128.9
1438240 2128.9
1438250 2131.4
1438260 2136.7
1438270 2136.7
1438280 2144.4
1438290 2148.5
1438300 2148.5
1438310 2154.0
1438320 2160.8
1438330 2160.8
1438340 2167.8
1438350 2174.6
1438360 2174.6
1438370 2181.0
1438380 2187.1
1438390 2191.2
1438400 2191.2
1438410 2194.8
1438420 2200.6
1438430 2200.6
1438440 2206.3
1438450 2208.6
1438460 2208.6
1438470 2211.7
1438480 2224.2
1438490 2224.2
1438500 2236.9
1438510 2246.9
1438520 2246.9
1438530 2257.1
1438540 2262.2
1438550 2262.2
1438560 2266.9
1438570 2269.2
1438580 2269.2
1438590 2270.6
1438600 2275.0
1438610 2279.5
1438620 2279.5
1438630 2282.6
1438640 2285.7
1438650 2285.7
1438660 2289.5
1438670 2293.7
1438680 2293.7
1438690 2298.6
1438700 2303.7
1438710 2303.7
1438720 2307.9
1438730 2311.8
1438740 2311.8
1438750 2316.8
1438760 2321.9
1438770 2321.9
1438780 2327.2
1438790 2332.3
1438800 2337.5
1438810 2337.5
1438820 2342.4
1438830 2346.8
1438840 2346.8
1438850 2351.1
1438860 2355.9
1438870 2355.9
1438880 2360.5
1438890 2365.9
1438900 2365.9
1438910 2371.6
1438920 2377.6
1438930 2377.6
1438940 2384.0
1438950 2390.8
1438960 2390.8
1438970 2397.6
1438980 2402.2
1438990 2402.2
1439000 2405.5
1439010 2409.7
1439020 2413.6
1439030 2413.6
1439040 2417.2
1439050 2420.9
1439060 2420.9
1439070 2425.0
1439080 2430.0
1439090 2430.0
1439100 2435.7
1439110 2440.5
1439120 2440.5
1439130 2445.3
1439140 2450.1
1439150 2450.1
1439160 2455.1
1439170 2460.6
1439180 2460.6
1439190 2465.6
1439200 2470.7
1439210 2470.7
1439220 2476.0
1439230 2480.9
1439240 2486.4
1439250 2486.4
1439260 2492.3
1439270 2498.0
1439280 2498.0
1439290 2503.8
1439300 2510.9
1439310 2510.9
1439320 2516.3
1439330 2520.2
1439340 2520.2
1439350 2522.3
1439360 2523.6
1439370 2523.6
1439380 2526.4
1439390 2530.7
1439400 2530.7
1439410 2534.7
1439420 2538.6
1439430 2538.6
1439440 2542.4
1439450 2545.7
1439460 2547.4
1439470 2547.4
1439480 2549.7
1439490 2551.7
1439500 2551.7
1439510 2554.9
1439520 2558.9
1439530 2558.9
1439540 2561.7
1439550 2562.2
1439560 2562.2
1439570 2562.8
1439580 2565.3
1439590 2565.3
1439600 2567.0
1439610 2568.4
1439620 2568.4
1439630 2569.2
1439640 2570.0
1439650 2570.3
1439660 2570.3
1439670 2569.9
1439680 2569.8
1439690 2569.8
1439700 2571.1
1439710 2573.3
1439720 2573.3
1439730 2576.1
1439740 2575.5
1439750 2575.5
1439760 2575.4
1439770 2576.0
1439780 2576.0
1439790 2577.3
1439800 2579.8
1439810 2579.8
1439820 2582.6
1439830 2585.2
1439840 2585.2
1439850 2588.3
1439860 2591.5
1439870 2595.5
1439880 2595.5
1439890 2600.2
1439900 2604.5
1439910 2604.5
1439920 2606.8
1439930 2609.3
1439940 2609.3
1439950 2612.5
1439960 2615.3
1439970 2615.3
1439980 2618.1
1439990 2621.1
