1420000 2170.0
1420010 2174.1
1420020 2177.1
1420030 2177.1
1420040 2180.3
1420050 2184.0
1420060 2184.0
1420070 2187.2
1420080 2190.2
1420090 2190.2
1420100 2193.1
1420110 2196.5
1420120 2196.5
1420130 2200.3
1420140 2204.6
1420150 2207.6
1420160 2207.6
1420170 2211.0
1420180 2215.0
1420190 2215.0
1420200 2218.6
1420210 2222.1
1420220 2222.1
1420230 2225.5
1420240 2228.9
1420250 2228.9
1420260 2232.9
1420270 2238.1
1420280 2238.1
1420290 2243.2
1420300 2246.4
1420310 2246.4
1420320 2248.9
1420330 2251.1
1420340 2255.2
1420350 2255.2
1420360 2258.7
1420370 2262.1
1420380 2262.1
1420390 2265.2
1420400 2268.4
1420410 2268.4
1420420 2271.1
1420430 2273.1
1420440 2273.1
1420450 2276.1
1420460 2281.6
1420470 2281.6
1420480 2286.5
1420490 2289.7
1420500 2289.7
1420510 2292.2
1420520 2295.0
1420530 2295.0
1420540 2297.2
1420550 2300.0
1420560 2303.6
1420570 2303.6
1420580 2307.8
1420590 2311.1
1420600 2311.1
1420610 2313.3
1420620 2314.5
1420630 2314.5
1420640 2315.4
1420650 2315.8
1420660 2315.8
1420670 2315.2
1420680 2314.6
1420690 2314.6
1420700 2314.8
1420710 2319.0
1420720 2319.0
1420730 2322.9
1420740 2325.1
1420750 2325.1
1420760 2326.5
1420770 2328.2
1420780 2330.6
1420790 2330.6
1420800 2332.1
1420810 2332.9
1420820 2332.9
1420830 2333.0
1420840 2332.9
1420850 2332.9
1420860 2333.7
1420870 2331.2
1420880 2331.2
1420890 2327.8
1420900 2324.5
1420910 2324.5
1420920 2322.9
1420930 2323.6
1420940 2323.6
1420950 2325.0
1420960 2325.9
1420970 2325.9
1420980 2327.6
1420990 2329.8
1421000 2330.8
1421010 2330.8
1421020 2332.2
1421030 2333.6
1421040 2333.6
1421050 2334.7
1421060 2335.9
1421070 2335.9
1421080 2337.5
1421090 2339.9
1421100 2339.9
1421110 2342.9
1421120 2344.2
1421130 2344.2
1421140 2345.7
1421150 2348.1
1421160 2348.1
1421170 2349.6
1421180 2350.3
1421190 2350.4
1421200 2350.4
1421210 2345.4
1421220 2338.3
1421230 2338.3
1421240 2339.6
1421250 2338.3
1421260 2338.3
1421270 2337.8
1421280 2336.7
1421290 2336.7
1421300 2330.8
1421310 2322.8
1421320 2322.8
1421330 2317.3
1421340 2312.5
1421350 2312.5
1421360 2306.2
1421370 2296.2
1421380 2296.2
1421390 2287.3
1421400 2280.5
1421410 2275.9
1421420 2275.9
1421430 2271.2
1421440 2267.7
1421450 2267.7
1421460 2266.6
1421470 2265.8
1421480 2265.8
1421490 2263.8
1421500 2266.2
1421510 2266.2
1421520 2270.6
1421530 2274.2
1421540 2274.2
1421550 2277.5
1421560 2280.2
1421570 2280.2
1421580 2282.1
1421590 2283.7
1421600 2283.7
1421610 2286.2
1421620 2292.5
1421630 2298.7
1421640 2298.7
1421650 2304.3
1421660 2312.1
1421670 2312.1
1421680 2324.1
1421690 2330.4
1421700 2330.4
1421710 2335.1
1421720 2337.5
1421730 2337.5
1421740 2339.9
1421750 2341.1
1421760 2341.1
1421770 2340.4
1421780 2337.3
1421790 2337.3
1421800 2334.4
1421810 2332.5
1421820 2331.1
1421830 2331.1
1421840 2329.9
1421850 2328.8
1421860 2328.8
1421870 2328.3
1421880 2327.4
1421890 2327.4
1421900 2326.8
1421910 2327.0
1421920 2327.0
1421930 2326.7
1421940 2325.6
1421950 2325.6
1421960 2325.0
1421970 2324.6
1421980 2324.6
1421990 2323.0
1422000 2321.1
1422010 2321.1
1422020 2321.5
1422030 2323.1
1422040 2323.5
1422050 2323.5
1422060 2323.1
1422070 2322.7
1422080 2322.7
1422090 2323.3
1422100 2324.2
1422110 2324.2
1422120 2324.7
1422130 2325.2
1422140 2325.2
1422150 2326.0
1422160 2326.5
1422170 2326.5
1422180 2327.0
1422190 2327.3
1422200 2327.3
1422210 2327.9
1422220 2328.7
1422230 2328.7
1422240 2328.6
1422250 2328.0
1422260 2326.9
1422270 2326.9
1422280 2325.5
1422290 2324.1
1422300 2324.1
1422310 2322.6
1422320 2321.9
1422330 2321.9
1422340 2320.3
1422350 2317.9
1422360 2317.9
1422370 2315.3
1422380 2314.8
1422390 2314.8
1422400 2313.6
1422410 2313.5
1422420 2313.5
1422430 2313.3
1422440 2314.0
1422450 2314.0
1422460 2315.0
1422470 2317.0
1422480 2319.3
1422490 2319.3
1422500 2321.6
1422510 2324.6
1422520 2324.6
1422530 2327.2
1422540 2329.2
1422550 2329.2
1422560 2331.2
1422570 2331.9
1422580 2331.9
1422590 2333.6
1422600 2336.9
1422610 2336.9
1422620 2339.9
1422630 2342.8
1422640 2342.8
1422650 2345.7
1422660 2348.1
1422670 2351.0
1422680 2351.0
1422690 2353.5
1422700 2354.4
1422710 2354.4
1422720 2354.2
1422730 2354.1
1422740 2354.1
1422750 2354.2
1422760 2353.9
1422770 2353.9
1422780 2353.5
1422790 2353.0
1422800 2353.0
1422810 2352.6
1422820 2352.0
1422830 2352.0
1422840 2351.6
1422850 2351.2
1422860 2351.2
1422870 2350.3
1422880 2349.1
1422890 2347.7
1422900 2347.7
1422910 2346.1
1422920 2344.1
1422930 2344.1
1422940 2341.7
1422950 2339.8
1422960 2339.8
1422970 2338.1
1422980 2336.0
1422990 2336.0
1423000 2333.5
1423010 2331.1
1423020 2331.1
1423030 2328.7
1423040 2326.2
1423050 2326.2
1423060 2323.1
1423070 2319.5
1423080 2319.5
1423090 2316.0
1423100 2312.8
1423110 2309.7
1423120 2309.7
1423130 2306.9
1423140 2304.1
1423150 2304.1
1423160 2301.2
1423170 2298.0
1423180 2298.0
1423190 2294.4
1423200 2290.5
1423210 2290.5
1423220 2286.5
1423230 2282.6
1423240 2282.6
1423250 2278.9
1423260 2275.4
1423270 2275.4
1423280 2272.0
1423290 2268.4
1423300 2264.6
1423310 2264.6
1423320 2260.7
1423330 2256.8
1423340 2256.8
1423350 2253.7
1423360 2249.7
1423370 2249.7
1423380 2244.7
1423390 2240.3
1423400 2240.3
1423410 2235.7
1423420 2232.1
1423430 2232.1
1423440 2226.1
1423450 2218.9
1423460 2218.9
1423470 2212.9
1423480 2207.8
1423490 2207.8
1423500 2202.4
1423510 2198.2
1423520 2192.9
1423530 2192.9
1423540 2187.4
1423550 2181.6
1423560 2181.6
1423570 2177.6
1423580 2175.5
1423590 2175.5
1423600 2167.0
1423610 2157.9
1423620 2157.9
1423630 2153.4
1423640 2148.1
1423650 2148.1
1423660 2142.2
1423670 2137.7
1423680 2137.7
1423690 2133.3
1423700 2128.9
1423710 2128.9
1423720 2125.3
1423730 2129.3
1423740 2125.6
1423750 2125.6
1423760 2121.2
1423770 2117.0
1423780 2117.0
1423790 2112.7
1423800 2107.2
1423810 2107.2
1423820 2103.1
1423830 2102.0
1423840 2102.0
1423850 2100.7
1423860 2098.0
1423870 2098.0
1423880 2095.3
1423890 2093.4
1423900 2093.4
1423910 2091.0
1423920 2088.8
1423930 2088.8
1423940 2087.7
1423950 2086.7
1423960 2085.5
1423970 2085.5
1423980 2084.0
1423990 2081.9
1424000 2081.9
1424010 2080.1
1424020 2078.3
1424030 2078.3
1424040 2076.7
1424050 2074.0
1424060 2074.0
1424070 2071.0
1424080 2068.7
1424090 2068.7
1424100 2066.7
1424110 2064.3
1424120 2064.3
1424130 2061.6
1424140 2058.7
1424150 2057.3
1424160 2057.3
1424170 2055.3
1424180 2053.1
1424190 2053.1
1424200 2050.9
1424210 2049.2
1424220 2049.2
1424230 2046.9
1424240 2044.1
1424250 2044.1
1424260 2039.3
1424270 2033.3
1424280 2033.3
1424290 2027.7
1424300 2021.1
1424310 2021.1
1424320 2012.0
1424330 2005.3
1424340 2005.3
1424350 2003.3
1424360 2003.5
1424370 2003.6
1424380 2003.6
1424390 2004.1
1424400 2001.4
1424410 2001.4
1424420 1995.7
1424430 1988.5
1424440 1988.5
1424450 1983.6
1424460 1982.4
1424470 1982.4
1424480 1978.6
1424490 1974.6
1424500 1974.6
1424510 1968.3
1424520 1961.2
1424530 1961.2
1424540 1958.2
1424550 1952.9
1424560 1952.9
1424570 1946.0
1424580 1939.3
1424590 1933.2
1424600 1933.2
1424610 1926.2
1424620 1917.7
1424630 1917.7
1424640 1908.3
1424650 1900.1
1424660 1900.1
1424670 1890.2
1424680 1877.7
1424690 1877.7
1424700 1868.4
1424710 1860.4
1424720 1860.4
1424730 1851.7
1424740 1841.9
1424750 1841.9
1424760 1831.4
1424770 1822.0
1424780 1811.9
1424790 1811.9
1424800 1800.7
1424810 1791.8
1424820 1791.8
1424830 1782.4
1424840 1772.8
1424850 1772.8
1424860 1763.4
1424870 1754.1
1424880 1754.1
1424890 1747.4
1424900 1740.9
1424910 1740.9
1424920 1729.0
1424930 1710.6
1424940 1710.6
1424950 1698.2
1424960 1692.3
1424970 1692.3
1424980 1689.0
1424990 1676.5
1425000 1657.5
1425010 1657.5
1425020 1644.3
1425030 1639.0
1425040 1639.0
1425050 1635.2
1425060 1630.8
1425070 1630.8
1425080 1624.7
1425090 1616.9
1425100 1616.9
1425110 1611.5
1425120 1609.9
1425130 1609.9
1425140 1604.5
1425150 1599.5
1425160 1599.5
1425170 1595.2
1425180 1588.7
1425190 1588.7
1425200 1576.6
1425210 1567.4
1425220 1559.9
1425230 1559.9
1425240 1553.1
1425250 1546.9
1425260 1546.9
1425270 1542.8
1425280 1539.3
1425290 1539.3
1425300 1536.6
1425310 1533.1
1425320 1533.1
1425330 1529.4
1425340 1525.2
1425350 1525.2
1425360 1522.0
1425370 1520.0
1425380 1520.0
1425390 1517.6
1425400 1515.3
1425410 1515.3
1425420 1513.7
1425430 1512.8
1425440 1513.2
1425450 1513.2
1425460 1516.1
1425470 1519.0
1425480 1519.0
1425490 1522.1
1425500 1527.3
1425510 1527.3
1425520 1534.0
1425530 1541.7
1425540 1541.7
1425550 1550.2
1425560 1560.0
1425570 1560.0
1425580 1569.4
1425590 1576.2
1425600 1576.2
1425610 1582.2
1425620 1587.3
1425630 1592.6
1425640 1592.6
1425650 1598.0
1425660 1601.8
1425670 1601.8
1425680 1603.7
1425690 1605.5
1425700 1605.5
1425710 1604.2
1425720 1600.9
1425730 1600.9
1425740 1599.7
1425750 1599.7
1425760 1599.7
1425770 1600.7
1425780 1600.0
1425790 1600.0
1425800 1597.0
1425810 1593.4
1425820 1593.4
1425830 1587.2
1425840 1584.6
1425850 1577.6
1425860 1586.6
1425870 1579.6
1425880 1568.4
1425890 1568.4
1425900 1551.6
1425910 1539.2
1425920 1539.2
1425930 1525.8
1425940 1510.8
1425950 1510.8
1425960 1493.3
1425970 1479.2
1425980 1479.2
1425990 1459.6
1426000 1431.2
1426010 1431.2
1426020 1409.8
1426030 1387.3
1426040 1387.3
1426050 1364.0
1426060 1345.8
1426070 1331.9
1426080 1331.9
1426090 1320.6
1426100 1311.9
1426110 1311.9
1426120 1306.6
1426130 1306.2
1426140 1306.2
1426150 1315.2
1426160 1323.2
1426170 1323.2
1426180 1325.5
1426190 1327.0
1426200 1327.0
1426210 1325.6
1426220 1323.1
1426230 1323.1
1426240 1319.8
1426250 1316.3
1426260 1313.8
1426270 1313.8
1426280 1311.1
1426290 1308.0
1426300 1308.0
1426310 1304.8
1426320 1301.3
1426330 1301.3
1426340 1298.3
1426350 1296.4
1426360 1296.4
1426370 1295.9
1426380 1295.1
1426390 1295.1
1426400 1292.1
1426410 1290.0
1426420 1290.0
1426430 1289.4
1426440 1289.1
1426450 1289.1
1426460 1289.5
1426470 1290.3
1426480 1290.7
1426490 1290.7
1426500 1289.9
1426510 1289.5
1426520 1289.5
1426530 1289.5
1426540 1289.3
1426550 1289.3
1426560 1289.0
1426570 1288.3
1426580 1288.3
1426590 1288.0
1426600 1287.4
1426610 1287.4
1426620 1286.8
1426630 1286.9
1426640 1286.9
1426650 1288.6
1426660 1288.5
1426670 1288.5
1426680 1288.4
1426690 1288.4
1426700 1289.3
1426710 1289.3
1426720 1291.0
1426730 1289.9
1426740 1289.9
1426750 1287.0
1426760 1286.8
1426770 1286.8
1426780 1286.9
1426790 1286.6
1426800 1286.6
1426810 1286.6
1426820 1286.8
1426830 1286.8
1426840 1286.6
1426850 1288.1
1426860 1288.1
1426870 1293.6
1426880 1298.5
1426890 1298.5
1426900 1300.5
1426910 1304.3
1426920 1307.8
1426930 1307.8
1426940 1312.1
1426950 1315.4
1426960 1315.4
1426970 1316.3
1426980 1316.3
1426990 1316.3
1427000 1315.7
1427010 1318.0
1427020 1318.0
1427030 1323.4
1427040 1329.0
1427050 1329.0
1427060 1329.8
1427070 1325.0
1427080 1325.0
1427090 1320.9
1427100 1318.2
1427110 1318.1
1427120 1318.1
1427130 1311.6
1427140 1298.3
1427150 1298.3
1427160 1286.8
1427170 1280.9
1427180 1280.9
1427190 1276.3
1427200 1270.4
1427210 1270.4
1427220 1262.0
1427230 1260.9
1427240 1260.9
1427250 1261.0
1427260 1261.5
1427270 1261.5
1427280 1261.8
1427290 1261.3
1427300 1261.3
1427310 1261.0
1427320 1260.9
1427330 1260.9
1427340 1260.9
1427350 1260.9
1427360 1260.9
1427370 1260.9
1427380 1260.9
1427390 1260.9
1427400 1260.9
1427410 1260.6
1427420 1260.2
1427430 1260.2
1427440 1260.0
1427450 1260.0
1427460 1260.0
1427470 1259.7
1427480 1259.5
1427490 1259.5
1427500 1259.1
1427510 1257.9
1427520 1257.9
1427530 1257.8
1427540 1258.3
1427550 1258.5
1427560 1258.5
1427570 1258.5
1427580 1258.4
1427590 1258.4
1427600 1258.5
1427610 1258.7
1427620 1258.7
1427630 1258.9
1427640 1259.8
1427650 1259.8
1427660 1260.1
1427670 1260.1
1427680 1260.1
1427690 1260.0
1427700 1260.2
1427710 1260.2
1427720 1260.3
1427730 1260.2
1427740 1260.2
1427750 1260.2
1427760 1260.4
1427770 1260.9
1427780 1260.9
1427790 1261.5
1427800 1262.2
1427810 1262.2
1427820 1262.5
1427830 1263.4
1427840 1263.4
1427850 1266.1
1427860 1270.5
1427870 1270.5
1427880 1277.5
1427890 1284.7
1427900 1284.7
1427910 1289.7
1427920 1294.2
1427930 1294.2
1427940 1297.2
1427950 1299.7
1427960 1301.9
1427970 1301.9
1427980 1303.5
1427990 1305.9
1428000 1305.9
1428010 1309.0
1428020 1310.8
1428030 1310.8
1428040 1312.0
1428050 1313.1
1428060 1311.4
1428070 1313.2
1428080 1314.9
1428090 1314.9
1428100 1315.5
1428110 1314.6
1428120 1314.6
1428130 1313.2
1428140 1311.2
1428150 1311.2
1428160 1310.1
1428170 1310.1
1428180 1309.6
1428190 1309.6
1428200 1309.5
1428210 1310.0
1428220 1310.0
1428230 1311.4
1428240 1314.5
1428250 1314.5
1428260 1319.2
1428270 1323.9
1428280 1323.9
1428290 1326.5
1428300 1328.3
1428310 1328.3
1428320 1329.0
1428330 1330.5
1428340 1330.5
1428350 1332.5
1428360 1334.6
1428370 1337.4
1428380 1337.4
1428390 1341.1
1428400 1344.6
1428410 1344.6
1428420 1346.5
1428430 1348.5
1428440 1348.5
1428450 1350.4
1428460 1352.0
1428470 1352.0
1428480 1354.0
1428490 1356.1
1428500 1356.1
1428510 1357.6
1428520 1358.7
1428530 1358.7
1428540 1359.4
1428550 1359.8
1428560 1359.8
1428570 1360.3
1428580 1360.9
1428590 1362.4
1428600 1362.4
1428610 1364.7
1428620 1366.7
1428630 1366.7
1428640 1367.5
1428650 1370.2
1428660 1370.2
1428670 1373.9
1428680 1374.3
1428690 1374.3
1428700 1371.7
1428710 1368.7
1428720 1368.7
1428730 1367.7
1428740 1368.1
1428750 1368.1
1428760 1370.1
1428770 1372.9
1428780 1372.9
1428790 1375.7
1428800 1377.9
1428810 1379.6
1428820 1379.6
1428830 1381.5
1428840 1383.1
1428850 1383.1
1428860 1384.8
1428870 1386.1
1428880 1386.1
1428890 1386.3
1428900 1386.2
1428910 1386.2
1428920 1386.3
1428930 1386.5
1428940 1386.5
1428950 1386.8
1428960 1388.1
1428970 1388.1
1428980 1390.1
1428990 1391.1
1429000 1391.1
1429010 1391.4
1429020 1392.1
1429030 1392.9
1429040 1392.9
1429050 1395.5
1429060 1400.4
1429070 1400.4
1429080 1404.1
1429090 1405.2
1429100 1405.2
1429110 1407.4
1429120 1409.3
1429130 1409.3
1429140 1411.9
1429150 1414.7
1429160 1414.7
1429170 1416.9
1429180 1419.4
1429190 1419.4
1429200 1420.6
1429210 1420.4
1429220 1421.3
1429230 1421.3
1429240 1423.0
1429250 1423.6
1429260 1423.6
1429270 1422.5
1429280 1420.2
1429290 1420.2
1429300 1419.8
1429310 1423.7
1429320 1423.7
1429330 1428.7
1429340 1433.3
1429350 1433.3
1429360 1438.2
1429370 1440.2
1429380 1440.2
1429390 1441.1
1429400 1441.2
1429410 1441.2
1429420 1440.8
1429430 1441.0
1429440 1445.2
1429450 1445.2
1429460 1451.0
1429470 1456.4
1429480 1456.4
1429490 1462.2
1429500 1464.7
1429510 1464.7
1429520 1465.2
1429530 1466.5
1429540 1466.5
1429550 1469.0
1429560 1472.2
1429570 1472.2
1429580 1475.8
1429590 1480.4
1429600 1480.4
1429610 1485.4
1429620 1488.7
1429630 1488.7
1429640 1491.1
1429650 1493.3
1429660 1494.8
1429670 1494.8
1429680 1497.4
1429690 1500.4
1429700 1500.4
1429710 1503.2
1429720 1505.8
1429730 1505.8
1429740 1507.9
1429750 1509.2
1429760 1509.2
1429770 1509.0
1429780 1507.9
1429790 1507.9
1429800 1507.2
1429810 1508.3
1429820 1508.3
1429830 1508.9
1429840 1508.4
1429850 1506.5
1429860 1506.5
1429870 1503.8
1429880 1501.8
1429890 1501.8
1429900 1500.5
1429910 1500.2
1429920 1500.2
1429930 1501.4
1429940 1505.1
1429950 1505.1
1429960 1507.6
1429970 1507.7
1429980 1507.7
1429990 1504.5
1430000 1501.0
1430010 1501.0
1430020 1500.5
1430030 1504.9
1430040 1504.9
1430050 1509.8
1430060 1511.8
1430070 1514.6
1430080 1514.6
1430090 1518.3
1430100 1521.8
1430110 1521.8
1430120 1526.5
1430130 1531.5
1430140 1531.5
1430150 1536.8
1430160 1542.9
1430170 1542.9
1430180 1548.1
1430190 1551.1
1430200 1551.1
1430210 1552.9
1430220 1554.5
1430230 1554.5
1430240 1556.3
1430250 1558.0
1430260 1558.0
1430270 1558.6
1430280 1559.1
1430290 1560.3
1430300 1560.3
1430310 1562.7
1430320 1565.1
1430330 1565.1
1430340 1568.0
1430350 1571.5
1430360 1569.8
1430370 1574.0
1430380 1578.4
1430390 1578.4
1430400 1582.7
1430410 1587.3
1430420 1587.3
1430430 1591.1
1430440 1594.5
1430450 1594.5
1430460 1597.9
1430470 1600.7
1430480 1600.7
1430490 1603.9
1430500 1608.4
1430510 1614.6
1430520 1614.6
1430530 1620.3
1430540 1624.6
1430550 1624.6
1430560 1628.2
1430570 1632.4
1430580 1632.4
1430590 1637.3
1430600 1641.5
1430610 1641.5
1430620 1644.6
1430630 1647.3
1430640 1647.3
1430650 1650.1
1430660 1652.5
1430670 1652.5
1430680 1655.0
1430690 1657.7
1430700 1659.1
1430710 1659.1
1430720 1659.0
1430730 1658.6
1430740 1658.6
1430750 1658.7
1430760 1661.0
1430770 1661.0
1430780 1663.9
1430790 1665.4
1430800 1665.4
1430810 1666.5
1430820 1668.4
1430830 1668.4
1430840 1667.9
1430850 1667.7
1430860 1667.7
1430870 1667.6
1430880 1668.0
1430890 1668.0
1430900 1669.4
1430910 1670.7
1430920 1671.6
1430930 1671.6
1430940 1672.2
1430950 1671.2
1430960 1671.2
1430970 1672.4
1430980 1674.2
1430990 1674.2
1431000 1675.7
1431010 1676.9
1431020 1676.9
1431030 1677.7
1431040 1678.5
1431050 1678.5
1431060 1679.2
1431070 1679.6
1431080 1679.6
1431090 1678.6
1431100 1675.9
1431110 1675.9
1431120 1675.8
1431130 1676.3
1431140 1676.7
1431150 1676.7
1431160 1676.8
1431170 1676.5
1431180 1676.5
1431190 1676.7
1431200 1677.9
1431210 1677.9
1431220 1679.7
1431230 1682.6
1431240 1682.6
1431250 1685.8
1431260 1688.8
1431270 1688.8
1431280 1690.1
1431290 1691.8
1431300 1691.8
1431310 1695.3
1431320 1698.4
1431330 1701.7
1431340 1701.7
1431350 1706.2
1431360 1709.6
1431370 1709.6
1431380 1713.1
1431390 1716.8
1431400 1716.8
1431410 1720.8
1431420 1725.3
1431430 1725.3
1431440 1728.9
1431450 1732.7
1431460 1732.7
1431470 1736.9
1431480 1741.6
1431490 1741.6
1431500 1747.4
1431510 1752.7
1431520 1752.7
1431530 1758.1
1431540 1763.7
1431550 1767.5
1431560 1767.5
1431570 1770.1
1431580 1773.1
1431590 1773.1
1431600 1775.4
1431610 1777.0
1431620 1777.0
1431630 1778.5
1431640 1781.9
1431650 1781.9
1431660 1786.5
1431670 1791.3
1431680 1791.3
1431690 1794.9
1431700 1797.6
1431710 1797.6
1431720 1799.8
1431730 1802.8
1431740 1802.8
1431750 1805.5
1431760 1808.0
1431770 1810.2
1431780 1810.2
1431790 1811.7
1431800 1813.5
1431810 1813.5
1431820 1815.7
1431830 1817.4
1431840 1817.4
1431850 1818.9
1431860 1819.8
1431870 1819.8
1431880 1821.4
1431890 1824.1
1431900 1824.1
1431910 1826.9
1431920 1829.2
1431930 1829.2
1431940 1830.8
1431950 1833.0
1431960 1833.0
1431970 1834.8
1431980 1837.3
1431990 1840.8
1432000 1840.8
1432010 1842.7
1432020 1843.7
1432030 1843.7
1432040 1845.4
1432050 1847.4
1432060 1847.4
1432070 1849.3
1432080 1850.7
1432090 1850.7
1432100 1852.5
1432110 1854.9
1432120 1854.9
1432130 1856.8
1432140 1857.8
1432150 1857.8
1432160 1858.9
1432170 1859.9
1432180 1860.4
1432190 1860.4
1432200 1861.5
1432210 1863.6
1432220 1863.6
1432230 1865.8
1432240 1866.9
1432250 1866.9
1432260 1868.6
1432270 1871.8
1432280 1871.8
1432290 1873.8
1432300 1873.8
1432310 1873.8
1432320 1874.8
1432330 1876.2
1432340 1876.2
1432350 1877.1
1432360 1878.4
1432370 1878.4
1432380 1881.0
1432390 1884.1
1432400 1886.6
1432410 1886.6
1432420 1890.1
1432430 1894.1
1432440 1894.1
1432450 1899.1
1432460 1904.2
1432470 1904.2
1432480 1909.5
1432490 1913.9
1432500 1913.9
1432510 1918.9
1432520 1922.6
1432530 1922.6
1432540 1923.5
1432550 1922.1
1432560 1922.1
1432570 1917.7
1432580 1913.8
1432590 1913.8
1432600 1910.7
1432610 1905.9
1432620 1900.8
1432630 1900.8
1432640 1896.5
1432650 1892.6
1432660 1892.6
1432670 1888.6
1432680 1884.9
1432690 1884.9
1432700 1881.2
1432710 1874.9
1432720 1874.9
1432730 1867.8
1432740 1861.7
1432750 1862.7
1432760 1853.2
1432770 1831.5
1432780 1831.5
1432790 1815.9
1432800 1805.7
1432810 1797.4
1432820 1797.4
1432830 1788.4
1432840 1778.1
1432850 1778.1
1432860 1767.7
1432870 1754.1
1432880 1754.1
1432890 1744.9
1432900 1737.5
1432910 1737.5
1432920 1730.6
1432930 1724.4
1432940 1724.4
1432950 1718.6
1432960 1711.9
1432970 1711.9
1432980 1703.8
1432990 1695.1
1433000 1695.1
1433010 1691.4
1433020 1692.7
1433030 1699.3
1433040 1699.3
1433050 1707.4
1433060 1712.8
1433070 1712.8
1433080 1716.2
1433090 1721.1
1433100 1721.1
1433110 1726.8
1433120 1733.3
1433130 1733.3
1433140 1739.4
1433150 1744.8
1433160 1744.8
1433170 1748.0
1433180 1749.2
1433190 1749.2
1433200 1749.2
1433210 1752.7
1433220 1752.7
1433230 1759.4
1433240 1766.4
1433250 1773.0
1433260 1773.0
1433270 1779.2
1433280 1785.2
1433290 1785.2
1433300 1791.7
1433310 1797.2
1433320 1797.2
1433330 1802.1
1433340 1807.0
1433350 1807.0
1433360 1811.4
1433370 1816.5
1433380 1816.5
1433390 1822.1
1433400 1827.7
1433410 1827.7
1433420 1833.2
1433430 1838.1
1433440 1843.0
1433450 1843.0
1433460 1848.3
1433470 1854.4
1433480 1854.4
1433490 1860.3
1433500 1865.7
1433510 1865.7
1433520 1871.2
1433530 1876.1
1433540 1876.1
1433550 1880.9
1433560 1884.5
1433570 1884.5
1433580 1884.6
1433590 1882.4
1433600 1882.4
1433610 1881.6
1433620 1880.8
1433630 1880.8
1433640 1878.7
1433650 1875.1
1433660 1872.0
1433670 1872.0
1433680 1872.4
1433690 1873.3
1433700 1873.3
1433710 1874.2
1433720 1876.0
1433730 1876.0
1433740 1877.3
1433750 1877.7
1433760 1877.7
1433770 1877.9
1433780 1878.7
1433790 1878.7
1433800 1880.5
1433810 1883.3
1433820 1883.3
1433830 1886.2
1433840 1886.8
1433850 1886.8
1433860 1884.4
1433870 1882.1
1433880 1883.6
1433890 1883.6
1433900 1886.7
1433910 1892.7
1433920 1892.7
1433930 1899.0
1433940 1898.7
1433950 1898.7
1433960 1888.9
1433970 1878.9
1433980 1878.9
1433990 1869.9
1434000 1866.1
1434010 1866.1
1434020 1866.2
1434030 1865.4
1434040 1865.4
1434050 1865.4
1434060 1866.0
1434070 1866.0
1434080 1869.0
1434090 1869.7
1434100 1870.0
1434110 1870.0
1434120 1870.8
1434130 1873.7
1434140 1873.7
1434150 1876.2
1434160 1878.6
1434170 1878.6
1434180 1880.3
1434190 1880.1
1434200 1880.1
1434210 1877.9
1434220 1876.0
1434230 1876.0
1434240 1874.7
1434250 1874.8
1434260 1874.8
1434270 1876.9
1434280 1880.3
1434290 1884.8
1434300 1884.8
1434310 1884.5
1434320 1878.2
1434330 1878.2
1434340 1860.2
1434350 1855.8
1434360 1855.8
1434370 1859.3
1434380 1860.3
1434390 1860.3
1434400 1857.7
1434410 1853.8
1434420 1853.8
1434430 1849.3
1434440 1840.8
1434450 1840.8
1434460 1835.9
1434470 1837.0
1434480 1837.0
1434490 1838.6
1434500 1840.3
1434510 1841.1
1434520 1841.1
1434530 1840.2
1434540 1839.7
1434550 1839.7
1434560 1838.3
1434570 1835.6
1434580 1835.6
1434590 1834.3
1434600 1834.2
1434610 1834.2
1434620 1835.1
1434630 1835.9
1434640 1835.9
1434650 1834.3
1434660 1832.6
1434670 1832.6
1434680 1830.8
1434690 1827.1
1434700 1827.1
1434710 1823.3
1434720 1822.8
1434730 1825.8
1434740 1825.8
1434750 1824.0
1434760 1822.0
1434770 1822.0
1434780 1826.8
1434790 1827.7
1434800 1827.7
1434810 1809.0
1434820 1801.5
1434830 1801.5
1434840 1802.5
1434850 1805.5
1434860 1805.5
1434870 1812.1
1434880 1817.6
1434890 1817.6
1434900 1816.5
1434910 1814.7
1434920 1812.2
1434930 1812.2
1434940 1811.1
1434950 1810.4
1434960 1810.4
1434970 1809.9
1434980 1808.0
1434990 1808.0
1435000 1806.4
1435010 1805.7
1435020 1805.7
1435030 1802.4
1435040 1796.1
1435050 1796.1
1435060 1789.5
1435070 1786.0
1435080 1786.0
1435090 1781.1
1435100 1777.3
1435110 1777.3
1435120 1779.0
1435130 1781.0
1435140 1780.9
1435150 1780.9
1435160 1778.7
1435170 1774.2
1435180 1774.2
1435190 1769.5
1435200 1765.3
1435210 1765.3
1435220 1761.4
1435230 1758.4
1435240 1758.4
1435250 1756.4
1435260 1746.4
1435270 1746.4
1435280 1744.6
1435290 1745.3
1435300 1745.3
1435310 1746.1
1435320 1745.1
1435330 1745.1
1435340 1742.6
1435350 1738.2
1435360 1733.8
1435370 1733.8
1435380 1730.6
1435390 1730.2
1435400 1730.2
1435410 1731.0
1435420 1731.5
1435430 1731.5
1435440 1732.7
1435450 1733.6
1435460 1733.6
1435470 1733.7
1435480 1733.7
1435490 1733.7
1435500 1734.2
1435510 1734.4
1435520 1734.4
1435530 1736.2
1435540 1738.2
1435550 1740.2
1435560 1740.2
1435570 1742.7
1435580 1744.4
1435590 1744.4
1435600 1745.4
1435610 1747.9
1435620 1747.9
1435630 1752.6
1435640 1756.6
1435650 1756.6
1435660 1760.5
1435670 1763.6
1435680 1763.6
1435690 1767.1
1435700 1772.1
1435710 1772.1
1435720 1777.5
1435730 1781.9
1435740 1781.9
1435750 1786.6
1435760 1791.5
1435770 1795.4
1435780 1795.4
1435790 1798.5
1435800 1802.4
1435810 1802.4
1435820 1806.6
1435830 1810.1
1435840 1810.1
1435850 1813.2
1435860 1815.1
1435870 1815.1
1435880 1815.6
1435890 1815.2
1435900 1815.2
1435910 1815.5
1435920 1816.3
1435930 1816.3
1435940 1814.9
1435950 1815.2
1435960 1815.2
1435970 1816.2
1435980 1817.3
1435990 1815.2
1436000 1815.2
1436010 1814.5
1436020 1813.6
1436030 1813.6
1436040 1811.4
1436050 1809.0
1436060 1809.0
1436070 1808.5
1436080 1809.6
1436090 1809.6
1436100 1811.0
1436110 1812.7
1436120 1812.7
1436130 1815.1
1436140 1817.8
1436150 1817.8
1436160 1821.1
1436170 1824.4
1436180 1824.4
1436190 1827.4
1436200 1827.9
1436210 1827.5
1436220 1827.5
1436230 1827.6
1436240 1829.0
1436250 1829.0
1436260 1829.1
1436270 1828.9
1436280 1828.9
1436290 1829.6
1436300 1830.8
1436310 1830.8
1436320 1830.6
1436330 1829.9
1436340 1829.9
1436350 1829.7
1436360 1827.3
1436370 1827.3
1436380 1827.7
1436390 1831.7
1436400 1834.7
1436410 1834.7
1436420 1838.2
1436430 1842.2
1436440 1842.2
1436450 1843.3
1436460 1844.7
1436470 1844.7
1436480 1846.9
1436490 1849.0
1436500 1849.0
1436510 1848.4
1436520 1845.3
1436530 1845.3
1436540 1846.8
1436550 1850.6
1436560 1850.6
1436570 1855.0
1436580 1860.5
1436590 1860.5
1436600 1867.3
1436610 1887.8
1436620 1916.7
1436630 1916.7
1436640 1933.4
1436650 1942.8
1436660 1942.8
1436670 1950.7
1436680 1958.0
1436690 1958.0
1436700 1961.6
1436710 1956.6
1436720 1956.6
1436730 1952.8
1436740 1950.9
1436750 1950.9
1436760 1958.1
1436770 1972.2
1436780 1972.2
1436790 1981.3
1436800 1987.7
1436810 1987.7
1436820 1985.6
1436830 1965.7
1436840 1953.1
1436850 1953.1
1436860 1954.9
1436870 1970.9
1436880 1970.9
1436890 1997.1
1436900 2012.5
1436910 2012.5
1436920 2019.2
1436930 2024.0
1436940 2024.0
1436950 2027.6
1436960 2031.1
1436970 2031.1
1436980 2036.7
1436990 2042.4
1437000 2042.4
1437010 2048.8
1437020 2056.3
1437030 2063.9
1437040 2063.9
1437050 2068.6
1437060 2074.6
1437070 2074.6
1437080 2080.7
1437090 2083.8
1437100 2083.8
1437110 2088.6
1437120 2097.0
1437130 2097.0
1437140 2101.5
1437150 2105.5
1437160 2105.5
1437170 2109.9
1437180 2116.1
1437190 2116.1
1437200 2123.2
1437210 2129.5
1437220 2129.5
1437230 2135.8
1437240 2142.1
1437250 2147.5
1437260 2147.5
1437270 2153.2
1437280 2158.5
1437290 2158.5
1437300 2161.9
1437310 2159.8
1437320 2159.8
1437330 2152.9
1437340 2147.5
1437350 2147.5
1437360 2132.8
1437370 2119.6
1437380 2119.6
1437390 2103.4
1437400 2099.4
1437410 2099.4
1437420 2112.1
1437430 2137.2
1437440 2137.2
1437450 2152.9
1437460 2166.6
1437470 2168.7
1437480 2168.7
1437490 2158.8
1437500 2148.2
1437510 2148.2
1437520 2143.0
1437530 2146.3
1437540 2146.3
1437550 2152.9
1437560 2160.2
1437570 2160.2
1437580 2167.9
1437590 2176.7
1437600 2176.7
1437610 2188.6
1437620 2199.2
1437630 2199.2
1437640 2209.2
1437650 2219.5
1437660 2219.5
1437670 2225.8
1437680 2223.3
1437690 2214.0
1437700 2214.0
1437710 2200.5
1437720 2171.7
1437730 2171.7
1437740 2165.0
1437750 2165.7
1437760 2165.7
1437770 2166.4
1437780 2168.8
1437790 2168.8
1437800 2171.9
1437810 2176.6
1437820 2176.6
1437830 2184.1
1437840 2204.4
1437850 2204.4
1437860 2238.6
1437870 2261.9
1437880 2272.2
1437890 2272.2
1437900 2279.7
1437910 2289.6
1437920 2289.6
1437930 2299.3
1437940 2313.0
1437950 2313.0
1437960 2328.2
1437970 2340.6
1437980 2340.6
1437990 2351.6
1438000 2359.9
1438010 2359.9
1438020 2365.3
1438030 2363.5
1438040 2363.5
1438050 2362.6
1438060 2369.5
1438070 2369.5
1438080 2375.3
1438090 2380.6
1438100 2383.9
1438110 2383.9
1438120 2387.3
1438130 2392.0
1438140 2392.0
1438150 2395.0
1438160 2399.4
1438170 2399.4
1438180 2404.7
1438190 2409.8
1438200 2409.8
1438210 2416.4
1438220 2423.9
1438230 2423.9
1438240 2435.3
1438250 2442.1
1438260 2442.1
1438270 2443.6
1438280 2447.6
1438290 2447.6
1438300 2461.3
1438310 2481.5
1438320 2494.3
1438330 2494.3
1438340 2505.5
1438350 2515.0
1438360 2515.0
1438370 2522.3
1438380 2520.6
1438390 2520.6
1438400 2516.4
1438410 2514.8
1438420 2514.8
1438430 2517.4
1438440 2520.2
1438450 2520.2
1438460 2524.2
1438470 2528.7
1438480 2528.7
1438490 2531.0
1438500 2539.5
1438510 2550.1
1438520 2550.1
1438530 2551.2
1438540 2548.0
1438550 2548.0
1438560 2545.0
1438570 2545.4
1438580 2545.4
1438590 2546.0
1438600 2546.7
1438610 2546.7
1438620 2554.9
1438630 2562.4
1438640 2562.4
1438650 2568.6
1438660 2577.1
1438670 2577.1
1438680 2587.8
1438690 2595.6
1438700 2595.6
1438710 2600.6
1438720 2597.1
1438730 2594.7
1438740 2594.7
1438750 2600.0
1438760 2610.0
1438770 2610.0
1438780 2618.6
1438790 2626.5
1438800 2626.5
1438810 2633.7
1438820 2640.3
1438830 2640.3
1438840 2647.0
1438850 2654.7
1438860 2654.7
1438870 2663.0
1438880 2668.3
1438890 2668.3
1438900 2651.7
1438910 2627.6
1438920 2627.6
1438930 2603.4
1438940 2594.2
1438950 2598.6
1438960 2598.6
1438970 2606.1
1438980 2614.9
1438990 2614.9
1439000 2624.4
1439010 2633.5
1439020 2633.5
1439030 2643.3
1439040 2654.6
1439050 2654.6
1439060 2662.5
1439070 2670.1
1439080 2670.1
1439090 2677.6
1439100 2687.0
1439110 2687.0
1439120 2700.4
1439130 2708.6
1439140 2708.6
1439150 2709.7
1439160 2714.3
1439170 2720.6
1439180 2720.6
1439190 2727.9
1439200 2734.8
1439210 2734.8
1439220 2742.6
1439230 2750.8
1439240 2750.8
1439250 2761.5
1439260 2770.5
1439270 2770.5
1439280 2777.6
1439290 2785.2
1439300 2785.2
1439310 2790.5
1439320 2795.1
1439330 2795.1
1439340 2801.1
1439350 2807.3
1439360 2814.1
1439370 2814.1
1439380 2821.1
1439390 2828.2
1439400 2828.2
1439410 2834.7
1439420 2844.1
1439430 2844.1
1439440 2853.0
1439450 2863.6
1439460 2863.6
1439470 2875.0
1439480 2886.0
1439490 2886.0
1439500 2899.1
1439510 2907.3
1439520 2907.3
1439530 2909.3
1439540 2910.3
1439550 2910.3
1439560 2911.5
1439570 2912.9
1439580 2914.6
1439590 2914.6
1439600 2916.5
1439610 2918.8
1439620 2918.8
1439630 2920.4
1439640 2921.7
1439650 2921.7
1439660 2923.7
1439670 2926.5
1439680 2926.5
1439690 2929.1
1439700 2931.9
1439710 2931.9
1439720 2934.8
1439730 2938.3
1439740 2938.3
1439750 2942.2
1439760 2943.2
1439770 2943.2
1439780 2943.1
1439790 2939.4
1439800 2933.1
1439810 2933.1
1439820 2929.2
1439830 2932.4
1439840 2932.4
1439850 2937.4
1439860 2944.3
1439870 2944.3
1439880 2951.5
1439890 2958.4
1439900 2958.4
1439910 2965.7
1439920 2973.4
1439930 2973.4
1439940 2981.6
1439950 2990.3
1439960 2990.3
1439970 2999.4
1439980 3008.3
1439990 3016.8
