1420000 2580.0
1420010 2576.3
1420020 2572.0
1420030 2572.0
1420040 2567.2
1420050 2562.5
1420060 2558.4
1420070 2558.4
1420080 2554.6
1420090 2549.9
1420100 2549.9
1420110 2544.3
1420120 2538.8
1420130 2538.8
1420140 2531.8
1420150 2518.1
1420160 2518.1
1420170 2496.2
1420180 2484.7
1420190 2484.7
1420200 2477.3
1420210 2467.3
1420220 2467.3
1420230 2463.8
1420240 2468.5
1420250 2468.5
1420260 2467.6
1420270 2458.7
1420280 2452.5
1420290 2452.5
1420300 2453.9
1420310 2455.5
1420320 2455.5
1420330 2450.9
1420340 2444.2
1420350 2444.2
1420360 2430.7
1420370 2420.1
1420380 2420.1
1420390 2410.2
1420400 2407.6
1420410 2407.6
1420420 2412.5
1420430 2413.8
1420440 2413.8
1420450 2403.8
1420460 2393.9
1420470 2393.9
1420480 2396.8
1420490 2387.5
1420500 2374.4
1420510 2374.4
1420520 2368.6
1420530 2363.8
1420540 2363.8
1420550 2355.4
1420560 2348.4
1420570 2348.4
1420580 2341.9
1420590 2336.3
1420600 2336.3
1420610 2329.6
1420620 2325.3
1420630 2325.3
1420640 2321.9
1420650 2316.8
1420660 2316.8
1420670 2311.0
1420680 2306.3
1420690 2306.3
1420700 2302.9
1420710 2298.6
1420720 2296.7
1420730 2296.7
1420740 2294.4
1420750 2286.9
1420760 2286.9
1420770 2280.0
1420780 2271.4
1420790 2271.4
1420800 2265.2
1420810 2267.7
1420820 2267.7
1420830 2267.3
1420840 2266.6
1420850 2266.6
1420860 2264.4
1420870 2261.0
1420880 2261.0
1420890 2257.5
1420900 2253.7
1420910 2253.7
1420920 2249.2
1420930 2245.9
1420940 2243.7
1420950 2243.7
1420960 2242.1
1420970 2241.0
1420980 2241.0
1420990 2238.7
1421000 2238.0
1421010 2238.0
1421020 2237.7
1421030 2236.5
1421040 2236.5
1421050 2233.8
1421060 2232.3
1421070 2232.3
1421080 2228.1
1421090 2221.6
1421100 2221.6
1421110 2213.0
1421120 2209.5
1421130 2208.6
1421140 2208.6
1421150 2205.8
1421160 2204.6
1421170 2204.6
1421180 2207.4
1421190 2211.0
1421200 2211.0
1421210 2213.7
1421220 2217.2
1421230 2217.2
1421240 2215.1
1421250 2210.7
1421260 2210.7
1421270 2207.8
1421280 2207.5
1421290 2207.5
1421300 2207.9
1421310 2210.0
1421320 2210.0
1421330 2212.3
1421340 2215.6
1421350 2219.0
1421360 2219.0
1421370 2222.0
1421380 2225.5
1421390 2225.5
1421400 2228.0
1421410 2229.2
1421420 2229.2
1421430 2229.1
1421440 2228.7
1421450 2228.7
1421460 2226.8
1421470 2222.6
1421480 2222.6
1421490 2218.3
1421500 2214.8
1421510 2214.8
1421520 2213.6
1421530 2212.8
1421540 2212.8
1421550 2210.7
1421560 2208.6
1421570 2206.9
1421580 2206.9
1421590 2206.4
1421600 2205.9
1421610 2205.9
1421620 2204.4
1421630 2203.5
1421640 2203.5
1421650 2201.7
1421660 2199.7
1421670 2199.7
1421680 2198.0
1421690 2196.7
1421700 2196.7
1421710 2195.5
1421720 2194.3
1421730 2194.3
1421740 2192.6
1421750 2189.5
1421760 2189.5
1421770 2186.0
1421780 2182.5
1421790 2180.0
1421800 2180.0
1421810 2177.7
1421820 2174.9
1421830 2174.9
1421840 2172.1
1421850 2166.9
1421860 2166.9
1421870 2160.4
1421880 2157.2
1421890 2157.2
1421900 2154.6
1421910 2150.6
1421920 2150.6
1421930 2145.8
1421940 2143.1
1421950 2143.1
1421960 2140.2
1421970 2138.0
1421980 2138.0
1421990 2135.6
1422000 2133.8
1422010 2132.2
1422020 2132.2
1422030 2128.5
1422040 2123.6
1422050 2123.6
1422060 2118.8
1422070 2115.0
1422080 2115.0
1422090 2112.1
1422100 2111.1
1422110 2111.1
1422120 2111.7
1422130 2110.3
1422140 2110.3
1422150 2107.0
1422160 2103.3
1422170 2103.3
1422180 2098.7
1422190 2093.4
1422200 2089.2
1422210 2089.2
1422220 2086.8
1422230 2084.7
1422240 2084.7
1422250 2081.1
1422260 2077.6
1422270 2077.6
1422280 2074.6
1422290 2070.0
1422300 2070.0
1422310 2065.0
1422320 2060.1
1422330 2060.1
1422340 2056.0
1422350 2052.7
1422360 2052.7
1422370 2049.5
1422380 2046.1
1422390 2046.1
1422400 2043.1
1422410 2038.8
1422420 2032.3
1422430 2032.3
1422440 2023.2
1422450 2015.9
1422460 2015.9
1422470 2009.8
1422480 2003.4
1422490 2003.4
1422500 1996.7
1422510 1991.1
1422520 1991.1
1422530 1984.5
1422540 1979.5
1422550 1979.5
1422560 1975.0
1422570 1969.4
1422580 1969.4
1422590 1964.1
1422600 1959.1
1422610 1959.1
1422620 1953.1
1422630 1946.7
1422640 1940.6
1422650 1940.6
1422660 1935.2
1422670 1929.5
1422680 1929.5
1422690 1921.4
1422700 1914.8
1422710 1914.8
1422720 1907.2
1422730 1897.8
1422740 1897.8
1422750 1882.8
1422760 1863.8
1422770 1863.8
1422780 1848.1
1422790 1833.6
1422800 1833.6
1422810 1822.9
1422820 1808.2
1422830 1808.2
1422840 1782.1
1422850 1764.6
1422860 1749.3
1422870 1749.3
1422880 1739.8
1422890 1735.0
1422900 1735.0
1422910 1730.3
1422920 1726.1
1422930 1726.1
1422940 1719.2
1422950 1707.7
1422960 1707.7
1422970 1703.5
1422980 1705.6
1422990 1705.6
1423000 1707.2
1423010 1705.1
1423020 1705.1
1423030 1704.7
1423040 1705.5
1423050 1711.0
1423060 1711.0
1423070 1714.4
1423080 1714.0
1423090 1714.0
1423100 1717.6
1423110 1719.9
1423120 1719.9
1423130 1720.5
1423140 1722.6
1423150 1722.6
1423160 1727.9
1423170 1731.6
1423180 1731.6
1423190 1734.3
1423200 1736.6
1423210 1736.6
1423220 1731.0
1423230 1720.1
1423240 1720.1
1423250 1716.1
1423260 1717.1
1423270 1722.3
1423280 1722.3
1423290 1728.7
1423300 1729.6
1423310 1729.6
1423320 1729.2
1423330 1730.6
1423340 1730.6
1423350 1733.6
1423360 1736.5
1423370 1736.5
1423380 1738.9
1423390 1740.2
1423400 1740.2
1423410 1741.8
1423420 1741.8
1423430 1741.8
1423440 1738.1
1423450 1739.6
1423460 1739.6
1423470 1738.7
1423480 1733.4
1423490 1725.6
1423500 1725.6
1423510 1718.8
1423520 1712.5
1423530 1712.5
1423540 1706.3
1423550 1701.0
1423560 1701.0
1423570 1698.2
1423580 1697.4
1423590 1697.4
1423600 1698.4
1423610 1699.6
1423620 1699.6
1423630 1701.5
1423640 1703.9
1423650 1703.9
1423660 1703.6
1423670 1697.9
1423680 1697.9
1423690 1699.6
1423700 1702.9
1423710 1706.2
1423720 1706.2
1423730 1709.1
1423740 1712.0
1423750 1712.0
1423760 1715.7
1423770 1720.1
1423780 1720.1
1423790 1724.6
1423800 1728.0
1423810 1728.0
1423820 1732.3
1423830 1736.7
1423840 1736.7
1423850 1741.0
1423860 1746.3
1423870 1746.3
1423880 1745.8
1423890 1745.6
1423900 1745.6
1423910 1747.0
1423920 1747.9
1423930 1749.8
1423940 1749.8
1423950 1751.8
1423960 1754.0
1423970 1754.0
1423980 1756.7
1423990 1760.0
1424000 1760.0
1424010 1763.0
1424020 1765.3
1424030 1765.3
1424040 1768.4
1424050 1772.5
1424060 1772.5
1424070 1776.3
1424080 1779.5
1424090 1779.5
1424100 1782.9
1424110 1786.8
1424120 1792.9
1424130 1792.9
1424140 1797.7
1424150 1802.2
1424160 1802.2
1424170 1807.3
1424180 1811.7
1424190 1811.7
1424200 1815.1
1424210 1818.3
1424220 1818.3
1424230 1822.6
1424240 1826.3
1424250 1826.3
1424260 1831.6
1424270 1837.0
1424280 1837.0
1424290 1841.4
1424300 1843.7
1424310 1843.7
1424320 1845.0
1424330 1848.5
1424340 1853.6
1424350 1853.6
1424360 1858.1
1424370 1862.5
1424380 1862.5
1424390 1868.5
1424400 1870.8
1424410 1870.8
1424420 1868.3
1424430 1870.0
1424440 1870.0
1424450 1875.3
1424460 1882.9
1424470 1882.9
1424480 1889.2
1424490 1895.9
1424500 1895.9
1424510 1896.5
1424520 1896.4
1424530 1896.4
1424540 1897.4
1424550 1898.3
1424560 1899.5
1424570 1899.5
1424580 1902.4
1424590 1905.1
1424600 1905.1
1424610 1907.3
1424620 1906.4
1424630 1906.4
1424640 1907.3
1424650 1911.6
1424660 1911.6
1424670 1917.4
1424680 1925.4
1424690 1925.4
1424700 1933.4
1424710 1936.6
1424720 1936.6
1424730 1938.6
1424740 1939.6
1424750 1939.6
1424760 1940.3
1424770 1940.7
1424780 1941.3
1424790 1941.3
1424800 1941.5
1424810 1941.4
1424820 1941.4
1424830 1940.9
1424840 1940.7
1424850 1940.7
1424860 1941.4
1424870 1943.5
1424880 1943.5
1424890 1946.3
1424900 1949.1
1424910 1949.1
1424920 1952.5
1424930 1955.4
1424940 1955.4
1424950 1958.9
1424960 1964.1
1424970 1964.1
1424980 1969.3
1424990 1972.5
1425000 1977.0
1425010 1977.0
1425020 1981.1
1425030 1983.9
1425040 1983.9
1425050 1987.2
1425060 1990.6
1425070 1990.6
1425080 1993.6
1425090 1997.0
1425100 1997.0
1425110 2000.4
1425120 2004.1
1425130 2004.1
1425140 2005.7
1425150 2006.4
1425160 2006.4
1425170 2008.9
1425180 2012.7
1425190 2016.2
1425200 2016.2
1425210 2018.1
1425220 2020.2
1425230 2020.2
1425240 2022.1
1425250 2024.4
1425260 2024.4
1425270 2026.0
1425280 2024.0
1425290 2024.0
1425300 2020.8
1425310 2019.0
1425320 2019.0
1425330 2013.9
1425340 2007.2
1425350 2007.2
1425360 2003.7
1425370 1999.4
1425380 1999.4
1425390 1995.2
1425400 1990.6
1425410 1985.9
1425420 1985.9
1425430 1979.3
1425440 1973.2
1425450 1973.2
1425460 1968.7
1425470 1963.7
1425480 1963.7
1425490 1959.1
1425500 1956.9
1425510 1956.9
1425520 1955.4
1425530 1951.2
1425540 1951.2
1425550 1944.0
1425560 1937.0
1425570 1937.0
1425580 1932.2
1425590 1927.1
1425600 1927.1
1425610 1923.3
1425620 1919.6
1425630 1916.3
1425640 1916.3
1425650 1911.9
1425660 1902.6
1425670 1902.6
1425680 1889.4
1425690 1879.5
1425700 1879.5
1425710 1870.8
1425720 1863.9
1425730 1863.9
1425740 1860.3
1425750 1856.6
1425760 1856.6
1425770 1851.7
1425780 1846.9
1425790 1846.9
1425800 1842.5
1425810 1838.9
1425820 1838.9
1425830 1834.7
1425840 1829.3
1425850 1824.1
1425860 1824.1
1425870 1819.2
1425880 1814.8
1425890 1814.8
1425900 1811.3
1425910 1808.3
1425920 1808.3
1425930 1805.9
1425940 1804.1
1425950 1804.1
1425960 1802.4
1425970 1800.8
1425980 1800.8
1425990 1799.7
1426000 1799.2
1426010 1799.2
1426020 1799.7
1426030 1800.5
1426040 1800.5
1426050 1801.0
1426060 1801.6
1426070 1802.0
1426080 1802.0
1426090 1801.5
1426100 1800.8
1426110 1800.8
1426120 1800.6
1426130 1801.5
1426140 1801.5
1426150 1802.2
1426160 1802.8
1426170 1802.8
1426180 1803.1
1426190 1803.9
1426200 1803.9
1426210 1805.4
1426220 1806.7
1426230 1806.7
1426240 1808.7
1426250 1809.8
1426260 1810.6
1426270 1810.6
1426280 1811.4
1426290 1811.9
1426300 1811.9
1426310 1812.6
1426320 1813.5
1426330 1813.5
1426340 1814.3
1426350 1814.4
1426360 1814.4
1426370 1814.3
1426380 1814.3
1426390 1814.3
1426400 1813.8
1426410 1812.6
1426420 1812.6
1426430 1811.3
1426440 1810.2
1426450 1810.2
1426460 1808.5
1426470 1806.4
1426480 1803.8
1426490 1803.8
1426500 1801.1
1426510 1798.5
1426520 1798.5
1426530 1795.9
1426540 1793.4
1426550 1793.4
1426560 1790.8
1426570 1788.4
1426580 1788.4
1426590 1786.3
1426600 1784.8
1426610 1784.8
1426620 1783.9
1426630 1783.1
1426640 1783.1
1426650 1782.3
1426660 1780.3
1426670 1780.3
1426680 1777.6
1426690 1774.9
1426700 1772.6
1426710 1772.6
1426720 1770.0
1426730 1766.3
1426740 1766.3
1426750 1760.9
1426760 1757.2
1426770 1757.2
1426780 1754.9
1426790 1750.9
1426800 1750.9
1426810 1746.7
1426820 1746.0
1426830 1746.0
1426840 1746.5
1426850 1745.2
1426860 1745.2
1426870 1742.4
1426880 1738.6
1426890 1738.6
1426900 1732.8
1426910 1728.7
1426920 1723.2
1426930 1723.2
1426940 1717.1
1426950 1711.3
1426960 1711.3
1426970 1705.8
1426980 1701.2
1426990 1701.2
1427000 1696.8
1427010 1691.9
1427020 1691.9
1427030 1687.2
1427040 1682.6
1427050 1682.6
1427060 1677.6
1427070 1673.1
1427080 1673.1
1427090 1669.0
1427100 1666.0
1427110 1663.4
1427120 1663.4
1427130 1658.7
1427140 1652.0
1427150 1652.0
1427160 1645.6
1427170 1635.7
1427180 1635.7
1427190 1632.7
1427200 1639.4
1427210 1639.4
1427220 1644.5
1427230 1648.5
1427240 1648.5
1427250 1650.5
1427260 1652.6
1427270 1652.6
1427280 1655.2
1427290 1656.8
1427300 1656.8
1427310 1657.2
1427320 1657.5
1427330 1657.9
1427340 1657.9
1427350 1658.8
1427360 1659.1
1427370 1659.1
1427380 1659.6
1427390 1660.9
1427400 1660.9
1427410 1663.0
1427420 1665.2
1427430 1665.2
1427440 1667.5
1427450 1671.0
1427460 1671.0
1427470 1674.5
1427480 1676.5
1427490 1676.5
1427500 1676.5
1427510 1676.6
1427520 1676.6
1427530 1677.6
1427540 1679.9
1427550 1682.3
1427560 1682.3
1427570 1684.2
1427580 1686.3
1427590 1686.3
1427600 1688.7
1427610 1689.9
1427620 1689.9
1427630 1690.7
1427640 1692.6
1427650 1692.6
1427660 1696.0
1427670 1698.7
1427680 1698.7
1427690 1696.7
1427700 1695.0
1427710 1695.0
1427720 1700.4
1427730 1705.0
1427740 1705.0
1427750 1711.5
1427760 1717.4
1427770 1722.7
1427780 1722.7
1427790 1728.5
1427800 1734.5
1427810 1734.5
1427820 1741.9
1427830 1747.8
1427840 1747.8
1427850 1752.8
1427860 1757.5
1427870 1757.5
1427880 1762.4
1427890 1767.1
1427900 1767.1
1427910 1771.4
1427920 1775.2
1427930 1775.2
1427940 1779.7
1427950 1784.0
1427960 1784.0
1427970 1788.6
1427980 1791.8
1427990 1794.9
1428000 1792.3
1428010 1795.9
1428020 1799.5
1428030 1799.5
1428040 1803.4
1428050 1806.5
1428060 1806.5
1428070 1809.2
1428080 1812.7
1428090 1812.7
1428100 1816.1
1428110 1819.3
1428120 1819.3
1428130 1822.9
1428140 1826.4
1428150 1826.4
1428160 1829.4
1428170 1831.7
1428180 1832.9
1428190 1832.9
1428200 1832.2
1428210 1830.8
1428220 1830.8
1428230 1829.7
1428240 1828.5
1428250 1828.5
1428260 1826.8
1428270 1825.2
1428280 1825.2
1428290 1826.8
1428300 1830.1
1428310 1830.1
1428320 1833.2
1428330 1835.2
1428340 1835.2
1428350 1840.1
1428360 1846.3
1428370 1846.3
1428380 1852.5
1428390 1859.6
1428400 1866.8
1428410 1866.8
1428420 1873.2
1428430 1878.2
1428440 1878.2
1428450 1883.6
1428460 1889.7
1428470 1889.7
1428480 1892.3
1428490 1897.0
1428500 1897.0
1428510 1903.8
1428520 1911.5
1428530 1911.5
1428540 1918.7
1428550 1921.3
1428560 1921.3
1428570 1921.9
1428580 1922.4
1428590 1922.4
1428600 1923.1
1428610 1924.5
1428620 1928.9
1428630 1928.9
1428640 1934.6
1428650 1938.7
1428660 1938.7
1428670 1941.5
1428680 1944.8
1428690 1944.8
1428700 1948.8
1428710 1952.2
1428720 1952.2
1428730 1955.4
1428740 1959.0
1428750 1959.0
1428760 1962.3
1428770 1966.7
1428780 1966.7
1428790 1971.5
1428800 1976.5
1428810 1976.5
1428820 1981.3
1428830 1986.2
1428840 1991.4
1428850 1991.4
1428860 1995.5
1428870 1999.2
1428880 1999.2
1428890 2003.2
1428900 2008.5
1428910 2008.5
1428920 2014.0
1428930 2019.7
1428940 2019.7
1428950 2025.5
1428960 2031.6
1428970 2031.6
1428980 2038.0
1428990 2043.6
1429000 2043.6
1429010 2049.7
1429020 2054.7
1429030 2054.7
1429040 2059.0
1429050 2064.4
1429060 2069.2
1429070 2069.2
1429080 2073.0
1429090 2076.9
1429100 2076.9
1429110 2082.5
1429120 2089.6
1429130 2089.6
1429140 2097.2
1429150 2103.7
1429160 2103.7
1429170 2107.5
1429180 2112.2
1429190 2112.2
1429200 2118.1
1429210 2124.2
1429220 2124.2
1429230 2129.4
1429240 2132.6
1429250 2134.2
1429260 2134.2
1429270 2136.2
1429280 2138.3
1429290 2138.3
1429300 2140.3
1429310 2144.2
1429320 2144.2
1429330 2148.3
1429340 2151.7
1429350 2151.7
1429360 2155.8
1429370 2159.6
1429380 2159.6
1429390 2162.9
1429400 2166.6
1429410 2166.6
1429420 2169.7
1429430 2172.3
1429440 2172.3
1429450 2174.8
1429460 2176.8
1429470 2178.3
1429480 2178.3
1429490 2179.3
1429500 2180.1
1429510 2180.1
1429520 2181.3
1429530 2179.3
1429540 2179.3
1429550 2166.5
1429560 2159.3
1429570 2159.3
1429580 2158.5
1429590 2158.6
1429600 2158.6
1429610 2158.5
1429620 2156.1
1429630 2156.1
1429640 2154.3
1429650 2151.2
1429660 2151.2
1429670 2146.8
1429680 2141.3
1429690 2135.7
1429700 2135.7
1429710 2133.9
1429720 2133.1
1429730 2133.1
1429740 2129.9
1429750 2126.5
1429760 2126.5
1429770 2123.4
1429780 2121.3
1429790 2121.3
1429800 2119.3
1429810 2118.1
1429820 2118.1
1429830 2117.7
1429840 2116.2
1429850 2116.2
1429860 2113.2
1429870 2111.1
1429880 2111.1
1429890 2111.1
1429900 2111.0
1429910 2110.4
1429920 2110.4
1429930 2109.3
1429940 2108.3
1429950 2108.3
1429960 2106.7
1429970 2102.8
1429980 2102.8
1429990 2098.4
1430000 2095.0
1430010 2095.0
1430020 2091.6
1430030 2089.1
1430040 2089.1
1430050 2089.6
1430060 2090.6
1430070 2090.6
1430080 2093.2
1430090 2096.6
1430100 2100.4
1430110 2100.4
1430120 2104.8
1430130 2107.8
1430140 2107.8
1430150 2109.8
1430160 2112.0
1430170 2112.0
1430180 2113.9
1430190 2114.2
1430200 2114.2
1430210 2112.7
1430220 2112.1
1430230 2112.1
1430240 2112.3
1430250 2112.9
1430260 2112.9
1430270 2114.2
1430280 2115.1
1430290 2112.4
1430300 2114.2
1430310 2116.3
1430320 2116.7
1430330 2116.7
1430340 2116.8
1430350 2118.4
1430360 2118.4
1430370 2119.0
1430380 2119.9
1430390 2119.9
1430400 2121.3
1430410 2122.8
1430420 2122.8
1430430 2124.2
1430440 2126.3
1430450 2126.3
1430460 2128.3
1430470 2128.7
1430480 2128.7
1430490 2129.3
1430500 2129.7
1430510 2129.7
1430520 2130.1
1430530 2130.7
1430540 2131.3
1430550 2131.3
1430560 2133.5
1430570 2137.2
1430580 2137.2
1430590 2139.6
1430600 2143.2
1430610 2143.2
1430620 2147.1
1430630 2149.0
1430640 2149.0
1430650 2150.2
1430660 2153.4
1430670 2153.4
1430680 2159.5
1430690 2164.4
1430700 2164.4
1430710 2167.9
1430720 2172.1
1430730 2172.1
1430740 2176.2
1430750 2180.9
1430760 2185.0
1430770 2185.0
1430780 2187.9
1430790 2189.6
1430800 2189.6
1430810 2190.5
1430820 2190.5
1430830 2190.5
1430840 2188.7
1430850 2186.9
1430860 2186.9
1430870 2186.4
1430880 2186.2
1430890 2186.2
1430900 2185.7
1430910 2184.8
1430920 2184.8
1430930 2183.4
1430940 2182.4
1430950 2182.4
1430960 2180.6
1430970 2177.4
1430980 2174.8
1430990 2174.8
1431000 2174.7
1431010 2174.6
1431020 2174.6
1431030 2173.8
1431040 2172.7
1431050 2172.7
1431060 2173.2
1431070 2174.4
1431080 2174.4
1431090 2175.2
1431100 2175.1
1431110 2175.1
1431120 2174.1
1431130 2171.8
1431140 2171.8
1431150 2173.1
1431160 2176.3
1431170 2178.9
1431180 2178.9
1431190 2179.4
1431200 2180.9
1431210 2180.9
1431220 2184.9
1431230 2188.6
1431240 2188.6
1431250 2192.0
1431260 2193.5
1431270 2193.5
1431280 2194.5
1431290 2194.9
1431300 2194.9
1431310 2194.5
1431320 2192.8
1431330 2192.8
1431340 2194.8
1431350 2198.1
1431360 2198.1
1431370 2198.9
1431380 2198.4
1431390 2196.9
1431400 2196.9
1431410 2195.6
1431420 2195.2
1431430 2195.2
1431440 2195.1
1431450 2195.5
1431460 2195.5
1431470 2194.4
1431480 2192.8
1431490 2192.8
1431500 2194.3
1431510 2197.2
1431520 2197.2
1431530 2199.9
1431540 2201.9
1431550 2201.9
1431560 2203.8
1431570 2206.1
1431580 2206.1
1431590 2208.8
1431600 2212.2
1431610 2215.7
1431620 2215.7
1431630 2219.3
1431640 2222.6
1431650 2222.6
1431660 2224.7
1431670 2228.2
1431680 2228.2
1431690 2232.6
1431700 2236.9
1431710 2236.9
1431720 2240.9
1431730 2244.0
1431740 2244.0
1431750 2246.6
1431760 2248.4
1431770 2248.4
1431780 2249.1
1431790 2248.5
1431800 2248.5
1431810 2249.9
1431820 2248.9
1431830 2243.2
1431840 2243.2
1431850 2239.6
1431860 2238.0
1431870 2238.0
1431880 2240.6
1431890 2243.8
1431900 2243.8
1431910 2239.6
1431920 2234.6
1431930 2234.6
1431940 2230.3
1431950 2224.1
1431960 2224.1
1431970 2214.8
1431980 2201.3
1431990 2201.3
1432000 2190.4
1432010 2182.9
1432020 2182.9
1432030 2176.4
1432040 2170.0
1432050 2163.7
1432060 2163.7
1432070 2153.4
1432080 2141.4
1432090 2141.4
1432100 2133.4
1432110 2126.8
1432120 2126.8
1432130 2117.0
1432140 2105.8
1432150 2105.8
1432160 2093.4
1432170 2081.0
1432180 2081.0
1432190 2069.9
1432200 2061.4
1432210 2061.4
1432220 2055.5
1432230 2051.2
1432240 2044.3
1432250 2044.3
1432260 2036.1
1432270 2027.2
1432280 2027.2
1432290 2018.8
1432300 2012.3
1432310 2012.3
1432320 2006.5
1432330 2000.6
1432340 2000.6
1432350 1995.0
1432360 1988.8
1432370 1988.8
1432380 1982.6
1432390 1976.7
1432400 1976.7
1432410 1971.0
1432420 1965.7
1432430 1965.7
1432440 1961.0
1432450 1957.4
1432460 1954.7
1432470 1954.7
1432480 1953.1
1432490 1951.2
1432500 1951.2
1432510 1948.5
1432520 1944.9
1432530 1944.9
1432540 1942.1
1432550 1940.1
1432560 1940.1
1432570 1939.2
1432580 1937.8
1432590 1937.8
1432600 1935.5
1432610 1932.9
1432620 1932.9
1432630 1929.2
1432640 1926.7
1432650 1926.7
1432660 1923.3
1432670 1919.0
1432680 1910.0
1432690 1910.0
1432700 1905.1
1432710 1899.6
1432720 1899.6
1432730 1896.3
1432740 1893.9
1432750 1893.9
1432760 1890.5
1432770 1885.6
1432780 1885.6
1432790 1878.2
1432800 1870.6
1432810 1870.6
1432820 1864.5
1432830 1858.1
1432840 1858.1
1432850 1851.6
1432860 1844.6
1432870 1844.6
1432880 1838.4
1432890 1832.7
1432900 1827.0
1432910 1827.0
1432920 1822.4
1432930 1818.5
1432940 1818.5
1432950 1820.7
1432960 1825.6
1432970 1825.6
1432980 1830.2
1432990 1834.4
1433000 1834.4
1433010 1838.5
1433020 1841.9
1433030 1841.9
1433040 1845.6
1433050 1849.3
1433060 1849.3
1433070 1852.6
1433080 1855.8
1433090 1858.8
1433100 1858.8
1433110 1862.5
1433120 1865.7
1433130 1865.7
1433140 1868.5
1433150 1871.4
1433160 1871.4
1433170 1874.7
1433180 1879.1
1433190 1879.1
1433200 1885.2
1433210 1890.9
1433220 1890.9
1433230 1896.5
1433240 1901.4
1433250 1901.4
1433260 1904.5
1433270 1908.3
1433280 1908.3
1433290 1911.2
1433300 1912.2
1433310 1913.9
1433320 1913.9
1433330 1920.3
1433340 1927.8
1433350 1927.8
1433360 1935.5
1433370 1941.4
1433380 1941.4
1433390 1946.1
1433400 1949.2
1433410 1949.2
1433420 1953.7
1433430 1959.1
1433440 1959.1
1433450 1965.1
1433460 1971.8
1433470 1971.8
1433480 1977.9
1433490 1983.6
1433500 1983.6
1433510 1988.8
1433520 1993.7
1433530 1999.5
1433540 1999.5
1433550 2003.8
1433560 2005.9
1433570 2005.9
1433580 2007.5
1433590 2009.3
1433600 2009.3
1433610 2011.4
1433620 2013.7
1433630 2013.7
1433640 2016.2
1433650 2018.9
1433660 2018.9
1433670 2022.8
1433680 2027.6
1433690 2027.6
1433700 2031.7
1433710 2035.7
1433720 2035.7
1433730 2040.1
1433740 2044.4
1433750 2048.4
1433760 2048.4
1433770 2052.2
1433780 2055.5
1433790 2055.5
1433800 2058.4
1433810 2061.3
1433820 2061.3
1433830 2065.2
1433840 2070.0
1433850 2070.0
1433860 2074.7
1433870 2078.0
1433880 2078.0
1433890 2080.9
1433900 2084.1
1433910 2084.1
1433920 2087.5
1433930 2091.3
1433940 2091.3
1433950 2095.0
1433960 2098.6
1433970 2102.3
1433980 2102.3
1433990 2106.1
1434000 2109.6
1434010 2109.6
1434020 2113.2
1434030 2117.2
1434040 2117.2
1434050 2121.5
1434060 2126.8
1434070 2126.8
1434080 2133.2
1434090 2138.7
1434100 2138.7
1434110 2143.0
1434120 2147.5
1434130 2147.5
1434140 2152.7
1434150 2157.8
1434160 2162.0
1434170 2162.0
1434180 2165.7
1434190 2169.1
1434200 2169.1
1434210 2173.0
1434220 2177.0
1434230 2177.0
1434240 2180.8
1434250 2185.2
1434260 2185.2
1434270 2189.4
1434280 2192.1
1434290 2192.1
1434300 2194.3
1434310 2197.4
1434320 2197.4
1434330 2202.0
1434340 2205.9
1434350 2205.9
1434360 2208.6
1434370 2211.0
1434380 2212.9
1434390 2212.9
1434400 2214.1
1434410 2215.3
1434420 2215.3
1434430 2217.9
1434440 2219.1
1434450 2219.1
1434460 2219.7
1434470 2220.5
1434480 2220.5
1434490 2221.8
1434500 2223.6
1434510 2223.6
1434520 2226.2
1434530 2228.7
1434540 2228.7
1434550 2231.6
1434560 2234.9
1434570 2234.9
1434580 2238.1
1434590 2241.5
1434600 2244.7
1434610 2244.7
1434620 2247.5
1434630 2249.4
1434640 2249.4
1434650 2252.2
1434660 2255.2
1434670 2255.2
1434680 2258.4
1434690 2263.3
1434700 2263.3
1434710 2267.1
1434720 2269.5
1434730 2269.5
1434740 2272.5
1434750 2275.2
1434760 2275.2
1434770 2279.4
1434780 2285.1
1434790 2285.1
1434800 2291.6
1434810 2298.7
1434820 2303.4
1434830 2303.4
1434840 2306.5
1434850 2309.4
1434860 2309.4
1434870 2312.4
1434880 2315.9
1434890 2315.9
1434900 2319.0
1434910 2321.9
1434920 2321.9
1434930 2324.5
1434940 2327.5
1434950 2327.5
1434960 2331.2
1434970 2333.7
1434980 2333.7
1434990 2336.4
1435000 2339.7
1435010 2339.7
1435020 2343.6
1435030 2347.3
1435040 2351.4
1435050 2351.4
1435060 2355.8
1435070 2359.1
1435080 2359.1
1435090 2361.4
1435100 2362.9
1435110 2362.9
1435120 2364.3
1435130 2366.7
1435140 2366.7
1435150 2369.7
1435160 2372.3
1435170 2372.3
1435180 2373.8
1435190 2377.8
1435200 2377.8
1435210 2379.4
1435220 2381.7
1435230 2384.1
1435240 2384.1
1435250 2386.7
1435260 2390.1
1435270 2390.1
1435280 2394.2
1435290 2398.6
1435300 2398.6
1435310 2403.7
1435320 2409.2
1435330 2409.2
1435340 2415.3
1435350 2421.1
1435360 2421.1
1435370 2426.0
1435380 2430.4
1435390 2430.4
1435400 2434.2
1435410 2437.7
1435420 2437.7
1435430 2442.1
1435440 2447.0
1435450 2451.1
1435460 2451.1
1435470 2454.1
1435480 2456.4
1435490 2456.4
1435500 2458.1
1435510 2459.0
1435520 2459.0
1435530 2459.4
1435540 2461.4
1435550 2461.4
1435560 2462.4
1435570 2463.6
1435580 2463.6
1435590 2466.8
1435600 2471.3
1435610 2471.3
1435620 2474.5
1435630 2475.3
1435640 2475.3
1435650 2477.7
1435660 2480.8
1435670 2482.0
1435680 2482.0
1435690 2483.6
1435700 2481.4
1435710 2481.4
1435720 2481.6
1435730 2483.5
1435740 2483.5
1435750 2485.4
1435760 2488.1
1435770 2488.1
1435780 2492.0
1435790 2494.7
1435800 2494.7
1435810 2496.5
1435820 2497.8
1435830 2497.8
1435840 2500.3
1435850 2502.7
1435860 2502.7
1435870 2506.5
1435880 2513.3
1435890 2519.1
1435900 2519.1
1435910 2523.5
1435920 2527.7
1435930 2527.7
1435940 2532.0
1435950 2535.5
1435960 2535.5
1435970 2541.4
1435980 2546.2
1435990 2546.2
1436000 2550.6
1436010 2555.8
1436020 2555.8
1436030 2561.2
1436040 2568.4
1436050 2568.4
1436060 2573.5
1436070 2579.7
1436080 2586.6
1436090 2586.6
1436100 2593.7
1436110 2602.7
1436120 2602.7
1436130 2615.0
1436140 2623.2
1436150 2623.2
1436160 2626.8
1436170 2623.6
1436180 2623.6
1436190 2627.7
1436200 2634.4
1436210 2634.4
1436220 2641.4
1436230 2648.7
1436240 2648.7
1436250 2657.2
1436260 2664.2
1436270 2664.2
1436280 2667.3
1436290 2668.2
1436300 2660.8
1436310 2660.8
1436320 2650.7
1436330 2645.0
1436340 2645.0
1436350 2641.0
1436360 2637.2
1436370 2637.2
1436380 2633.9
1436390 2631.8
1436400 2631.8
1436410 2629.1
1436420 2625.8
1436430 2625.8
1436440 2623.0
1436450 2621.6
1436460 2621.6
1436470 2619.4
1436480 2618.1
1436490 2618.1
1436500 2617.1
1436510 2617.7
1436520 2618.7
1436530 2618.7
1436540 2618.9
1436550 2620.2
1436560 2620.2
1436570 2621.7
1436580 2623.2
1436590 2623.2
1436600 2625.0
1436610 2627.0
1436620 2627.0
1436630 2629.1
1436640 2631.9
1436650 2631.9
1436660 2634.1
1436670 2635.7
1436680 2635.7
1436690 2637.3
1436700 2638.4
1436710 2638.4
1436720 2638.7
1436730 2635.6
1436740 2627.6
1436750 2627.6
1436760 2618.2
1436770 2608.9
1436780 2608.9
1436790 2597.1
1436800 2578.1
1436810 2578.1
1436820 2565.8
1436830 2556.6
1436840 2556.6
1436850 2544.1
1436860 2535.7
1436870 2535.7
1436880 2530.8
1436890 2527.5
1436900 2527.5
1436910 2522.7
1436920 2518.3
1436930 2518.3
1436940 2515.1
1436950 2513.5
1436960 2514.0
1436970 2514.0
1436980 2511.8
1436990 2508.8
1437000 2508.8
1437010 2514.7
1437020 2518.1
1437030 2518.1
1437040 2520.3
1437050 2523.1
1437060 2523.1
1437070 2526.3
1437080 2530.6
1437090 2530.6
1437100 2535.1
1437110 2540.9
1437120 2540.9
1437130 2547.0
1437140 2553.2
1437150 2559.8
1437160 2559.8
1437170 2566.8
1437180 2573.8
1437190 2573.8
1437200 2582.1
1437210 2589.8
1437220 2589.8
1437230 2598.4
1437240 2603.7
1437250 2603.7
1437260 2609.3
1437270 2610.2
1437280 2610.2
1437290 2608.1
1437300 2606.6
1437310 2606.6
1437320 2601.9
1437330 2595.8
1437340 2595.8
1437350 2590.2
1437360 2584.5
1437370 2579.4
1437380 2579.4
1437390 2573.8
1437400 2567.6
1437410 2567.6
1437420 2561.9
1437430 2557.5
1437440 2557.5
1437450 2552.4
1437460 2547.3
1437470 2547.3
1437480 2541.9
1437490 2535.7
1437500 2535.7
1437510 2531.3
1437520 2526.5
1437530 2526.5
1437540 2515.9
1437550 2504.8
1437560 2504.8
1437570 2502.4
1437580 2500.6
1437590 2493.1
1437600 2493.1
1437610 2484.7
1437620 2478.6
1437630 2478.6
1437640 2472.7
1437650 2468.1
1437660 2468.1
1437670 2464.6
1437680 2463.0
1437690 2463.0
1437700 2463.1
1437710 2463.9
1437720 2463.9
1437730 2464.2
1437740 2465.9
1437750 2465.9
1437760 2466.6
1437770 2468.2
1437780 2468.2
1437790 2467.3
1437800 2465.5
1437810 2466.3
1437820 2466.3
1437830 2464.5
1437840 2464.8
1437850 2464.8
1437860 2464.4
1437870 2462.9
1437880 2462.9
1437890 2462.3
1437900 2462.1
1437910 2462.1
1437920 2462.3
1437930 2465.4
1437940 2465.4
1437950 2470.7
1437960 2472.3
1437970 2472.3
1437980 2472.2
1437990 2470.9
1438000 2468.9
1438010 2468.9
1438020 2467.5
1438030 2466.8
1438040 2466.8
1438050 2468.3
1438060 2470.5
1438070 2470.5
1438080 2471.8
1438090 2472.3
1438100 2472.3
1438110 2472.4
1438120 2472.4
1438130 2472.4
1438140 2473.4
1438150 2476.4
1438160 2476.4
1438170 2479.7
1438180 2482.8
1438190 2482.8
1438200 2485.5
1438210 2490.0
1438220 2491.7
1438230 2491.7
1438240 2492.6
1438250 2498.3
1438260 2498.3
1438270 2506.9
1438280 2512.2
1438290 2512.2
1438300 2514.9
1438310 2519.6
1438320 2519.6
1438330 2521.4
1438340 2523.5
1438350 2523.5
1438360 2527.3
1438370 2528.4
1438380 2528.4
1438390 2530.7
1438400 2532.6
1438410 2532.6
1438420 2532.8
1438430 2535.2
1438440 2540.1
1438450 2540.1
1438460 2542.0
1438470 2543.2
1438480 2543.2
1438490 2542.6
1438500 2541.2
1438510 2541.2
1438520 2534.9
1438530 2533.0
1438540 2533.0
1438550 2531.2
1438560 2530.2
1438570 2530.2
1438580 2529.1
1438590 2528.6
1438600 2528.6
1438610 2529.8
1438620 2531.4
1438630 2531.4
1438640 2531.7
1438650 2534.1
1438660 2537.0
1438670 2537.0
1438680 2535.8
1438690 2537.6
1438700 2537.6
1438710 2542.1
1438720 2545.4
1438730 2545.4
1438740 2548.2
1438750 2551.7
1438760 2551.7
1438770 2554.8
1438780 2557.2
1438790 2557.2
1438800 2559.5
1438810 2561.3
1438820 2561.3
1438830 2564.0
1438840 2567.8
1438850 2567.8
1438860 2572.1
1438870 2575.4
1438880 2577.9
1438890 2577.9
1438900 2579.1
1438910 2580.1
1438920 2580.1
1438930 2579.8
1438940 2580.8
1438950 2580.8
1438960 2584.0
1438970 2586.5
1438980 2586.5
1438990 2588.8
1439000 2591.7
1439010 2591.7
1439020 2594.7
1439030 2597.0
1439040 2597.0
1439050 2599.1
1439060 2603.0
1439070 2606.8
1439080 2606.8
1439090 2608.7
1439100 2609.8
1439110 2609.8
1439120 2609.8
1439130 2611.3
1439140 2611.3
1439150 2611.4
1439160 2611.4
1439170 2611.4
1439180 2613.5
1439190 2615.7
1439200 2615.7
1439210 2617.8
1439220 2618.9
1439230 2618.9
1439240 2619.4
1439250 2619.8
1439260 2619.8
1439270 2621.2
1439280 2625.0
1439290 2628.3
1439300 2628.3
1439310 2631.0
1439320 2634.3
1439330 2634.3
1439340 2637.4
1439350 2639.7
1439360 2639.7
1439370 2640.9
1439380 2641.6
1439390 2641.6
1439400 2642.4
1439410 2643.9
1439420 2643.9
1439430 2644.8
1439440 2645.2
1439450 2645.2
1439460 2646.3
1439470 2650.2
1439480 2650.2
1439490 2656.2
1439500 2663.5
1439510 2670.6
1439520 2670.6
1439530 2677.5
1439540 2685.1
1439550 2685.1
1439560 2693.4
1439570 2699.4
1439580 2699.4
1439590 2706.0
1439600 2712.0
1439610 2712.0
1439620 2717.2
1439630 2721.4
1439640 2721.4
1439650 2724.5
1439660 2730.7
1439670 2730.7
1439680 2741.8
1439690 2743.6
1439700 2743.6
1439710 2747.3
1439720 2752.6
1439730 2761.0
1439740 2761.0
1439750 2768.9
1439760 2779.3
1439770 2779.3
1439780 2790.1
1439790 2795.2
1439800 2795.2
1439810 2797.9
1439820 2805.4
1439830 2805.4
1439840 2806.1
1439850 2808.1
1439860 2808.1
1439870 2815.8
1439880 2825.2
1439890 2825.2
1439900 2831.0
1439910 2834.2
1439920 2834.2
1439930 2841.0
1439940 2850.4
1439950 2858.0
1439960 2858.0
1439970 2866.7
1439980 2875.4
1439990 2875.4
