1420000 2474.5
1420010 2474.5
1420020 2470.0
1420030 2466.6
1420040 2466.6
1420050 2463.0
1420060 2460.6
1420070 2460.6
1420080 2458.5
1420090 2456.1
1420100 2456.1
1420110 2452.6
1420120 2448.8
1420130 2448.8
1420140 2445.5
1420150 2441.9
1420160 2441.9
1420170 2439.1
1420180 2436.1
1420190 2436.1
1420200 2431.3
1420210 2423.9
1420220 2417.2
1420230 2417.2
1420240 2409.8
1420250 2401.5
1420260 2401.5
1420270 2393.9
1420280 2386.7
1420290 2386.7
1420300 2380.2
1420310 2374.2
1420320 2374.2
1420330 2369.2
1420340 2362.6
1420350 2362.6
1420360 2349.7
1420370 2340.3
1420380 2340.3
1420390 2331.5
1420400 2324.3
1420410 2318.3
1420420 2318.3
1420430 2311.7
1420440 2303.9
1420450 2303.9
1420460 2293.5
1420470 2284.5
1420480 2284.5
1420490 2275.2
1420500 2263.8
1420510 2263.8
1420520 2254.2
1420530 2251.4
1420540 2251.4
1420550 2256.7
1420560 2260.7
1420570 2260.7
1420580 2254.6
1420590 2246.4
1420600 2246.4
1420610 2243.5
1420620 2237.9
1420630 2231.9
1420640 2231.9
1420650 2226.4
1420660 2219.7
1420670 2219.7
1420680 2212.0
1420690 2209.6
1420700 2209.6
1420710 2201.6
1420720 2188.9
1420730 2188.9
1420740 2176.4
1420750 2172.4
1420760 2172.4
1420770 2169.8
1420780 2168.0
1420790 2168.0
1420800 2164.9
1420810 2159.3
1420820 2159.3
1420830 2159.8
1420840 2162.3
1420850 2161.8
1420860 2161.8
1420870 2160.3
1420880 2157.1
1420890 2157.1
1420900 2152.8
1420910 2158.0
1420920 2158.0
1420930 2156.9
1420940 2154.8
1420950 2154.8
1420960 2153.8
1420970 2152.3
1420980 2152.3
1420990 2150.1
1421000 2147.6
1421010 2147.6
1421020 2146.8
1421030 2143.4
1421040 2143.4
1421050 2140.3
1421060 2134.2
1421070 2129.4
1421080 2129.4
1421090 2125.5
1421100 2124.3
1421110 2124.3
1421120 2122.0
1421130 2116.1
1421140 2116.1
1421150 2113.0
1421160 2120.1
1421170 2120.1
1421180 2128.3
1421190 2134.0
1421200 2134.0
1421210 2141.4
1421220 2147.1
1421230 2147.1
1421240 2152.2
1421250 2156.6
1421260 2156.6
1421270 2161.3
1421280 2164.5
1421290 2167.9
1421300 2167.9
1421310 2169.8
1421320 2171.4
1421330 2171.4
1421340 2173.4
1421350 2175.4
1421360 2175.4
1421370 2176.3
1421380 2175.8
1421390 2175.8
1421400 2173.9
1421410 2172.1
1421420 2172.1
1421430 2170.0
1421440 2167.5
1421450 2167.5
1421460 2164.9
1421470 2162.5
1421480 2160.2
1421490 2160.2
1421500 2158.3
1421510 2156.6
1421520 2156.6
1421530 2154.4
1421540 2152.5
1421550 2152.5
1421560 2150.5
1421570 2149.0
1421580 2149.0
1421590 2146.6
1421600 2144.7
1421610 2144.7
1421620 2143.1
1421630 2140.9
1421640 2140.9
1421650 2139.1
1421660 2138.0
1421670 2138.0
1421680 2137.3
1421690 2135.5
1421700 2134.3
1421710 2134.3
1421720 2134.2
1421730 2133.0
1421740 2133.0
1421750 2131.7
1421760 2130.4
1421770 2130.4
1421780 2128.1
1421790 2125.0
1421800 2125.0
1421810 2123.7
1421820 2121.4
1421830 2121.4
1421840 2118.6
1421850 2116.1
1421860 2116.1
1421870 2112.5
1421880 2109.7
1421890 2109.7
1421900 2107.3
1421910 2104.6
1421920 2102.6
1421930 2102.6
1421940 2099.8
1421950 2097.2
1421960 2097.2
1421970 2095.2
1421980 2092.7
1421990 2092.7
1422000 2090.0
1422010 2086.3
1422020 2086.3
1422030 2083.2
1422040 2081.2
1422050 2081.2
1422060 2078.7
1422070 2077.3
1422080 2077.3
1422090 2076.0
1422100 2073.7
1422110 2073.7
1422120 2070.1
1422130 2065.0
1422140 2061.1
1422150 2061.1
1422160 2054.8
1422170 2045.2
1422180 2045.2
1422190 2038.1
1422200 2033.2
1422210 2033.2
1422220 2029.4
1422230 2025.5
1422240 2025.5
1422250 2020.5
1422260 2016.9
1422270 2016.9
1422280 2012.4
1422290 2006.4
1422300 2006.4
1422310 2002.0
1422320 1997.2
1422330 1997.2
1422340 1991.1
1422350 1985.3
1422360 1978.8
1422370 1978.8
1422380 1972.3
1422390 1966.3
1422400 1966.3
1422410 1960.4
1422420 1954.8
1422430 1954.8
1422440 1949.9
1422450 1943.9
1422460 1943.9
1422470 1937.7
1422480 1932.4
1422490 1932.4
1422500 1925.6
1422510 1919.7
1422520 1919.7
1422530 1914.4
1422540 1910.0
1422550 1905.9
1422560 1905.9
1422570 1902.4
1422580 1896.9
1422590 1896.9
1422600 1889.3
1422610 1873.9
1422620 1873.9
1422630 1858.4
1422640 1840.7
1422650 1840.7
1422660 1818.8
1422670 1802.6
1422680 1802.6
1422690 1789.9
1422700 1777.8
1422710 1777.8
1422720 1765.3
1422730 1759.2
1422740 1759.2
1422750 1752.9
1422760 1746.3
1422770 1738.5
1422780 1738.5
1422790 1735.4
1422800 1742.7
1422810 1742.7
1422820 1747.3
1422830 1750.9
1422840 1750.9
1422850 1754.9
1422860 1757.4
1422870 1757.4
1422880 1760.3
1422890 1762.6
1422900 1762.6
1422910 1765.1
1422920 1768.6
1422930 1763.9
1422940 1765.8
1422950 1764.8
1422960 1764.8
1422970 1757.9
1422980 1749.8
1422990 1750.5
1423000 1750.5
1423010 1755.7
1423020 1762.2
1423030 1762.2
1423040 1768.8
1423050 1773.8
1423060 1773.8
1423070 1776.7
1423080 1777.3
1423090 1777.3
1423100 1774.1
1423110 1769.4
1423120 1769.4
1423130 1765.1
1423140 1763.5
1423150 1763.5
1423160 1762.8
1423170 1763.1
1423180 1763.1
1423190 1768.4
1423200 1772.2
1423210 1773.0
1423220 1773.0
1423230 1778.1
1423240 1786.0
1423250 1786.0
1423260 1790.9
1423270 1791.0
1423280 1791.0
1423290 1791.2
1423300 1792.1
1423310 1792.1
1423320 1795.2
1423330 1799.7
1423340 1799.7
1423350 1806.6
1423360 1814.9
1423370 1814.9
1423380 1820.1
1423390 1826.0
1423400 1826.0
1423410 1831.3
1423420 1835.2
1423430 1837.6
1423440 1837.6
1423450 1837.3
1423460 1837.0
1423470 1837.0
1423480 1835.4
1423490 1828.1
1423500 1828.1
1423510 1807.8
1423520 1803.4
1423530 1803.4
1423540 1803.2
1423550 1797.2
1423560 1797.2
1423570 1795.6
1423580 1792.5
1423590 1792.5
1423600 1791.4
1423610 1791.1
1423620 1794.4
1423630 1794.4
1423640 1798.8
1423650 1801.8
1423660 1801.8
1423670 1806.9
1423680 1811.1
1423690 1811.1
1423700 1812.9
1423710 1813.9
1423720 1813.9
1423730 1816.8
1423740 1825.5
1423750 1825.5
1423760 1834.9
1423770 1842.6
1423780 1842.6
1423790 1849.4
1423800 1856.6
1423810 1856.6
1423820 1859.4
1423830 1861.1
1423840 1857.3
1423850 1857.3
1423860 1851.8
1423870 1850.8
1423880 1850.8
1423890 1855.1
1423900 1860.0
1423910 1860.0
1423920 1864.7
1423930 1868.3
1423940 1868.3
1423950 1872.4
1423960 1876.5
1423970 1876.5
1423980 1880.4
1423990 1884.8
1424000 1884.8
1424010 1889.3
1424020 1893.9
1424030 1893.9
1424040 1899.5
1424050 1903.6
1424060 1901.0
1424070 1901.0
1424080 1898.7
1424090 1900.6
1424100 1900.6
1424110 1904.5
1424120 1911.0
1424130 1911.0
1424140 1915.7
1424150 1913.9
1424160 1913.9
1424170 1911.1
1424180 1909.5
1424190 1909.5
1424200 1908.2
1424210 1906.7
1424220 1906.7
1424230 1907.2
1424240 1907.2
1424250 1907.2
1424260 1907.2
1424270 1911.7
1424280 1917.3
1424290 1917.3
1424300 1925.8
1424310 1932.5
1424320 1932.5
1424330 1938.3
1424340 1945.2
1424350 1945.2
1424360 1949.1
1424370 1951.2
1424380 1951.2
1424390 1951.5
1424400 1952.8
1424410 1952.8
1424420 1952.9
1424430 1948.5
1424440 1948.5
1424450 1945.0
1424460 1944.6
1424470 1944.6
1424480 1951.1
1424490 1957.2
1424500 1958.7
1424510 1958.7
1424520 1960.0
1424530 1961.7
1424540 1961.7
1424550 1963.1
1424560 1963.9
1424570 1963.9
1424580 1964.7
1424590 1966.0
1424600 1966.0
1424610 1968.4
1424620 1970.8
1424630 1970.8
1424640 1973.4
1424650 1975.9
1424660 1975.9
1424670 1979.1
1424680 1981.7
1424690 1984.1
1424700 1984.1
1424710 1986.6
1424720 1990.2
1424730 1990.2
1424740 1992.7
1424750 1994.0
1424760 1994.0
1424770 1996.2
1424780 1998.8
1424790 1998.8
1424800 2001.1
1424810 2002.5
1424820 2002.5
1424830 2003.6
1424840 2005.9
1424850 2005.9
1424860 2008.0
1424870 2010.0
1424880 2010.0
1424890 2011.5
1424900 2011.9
1424910 2012.1
1424920 2012.1
1424930 2012.3
1424940 2011.7
1424950 2011.7
1424960 2013.1
1424970 2016.5
1424980 2016.5
1424990 2021.6
1425000 2028.1
1425010 2028.1
1425020 2033.7
1425030 2037.3
1425040 2037.3
1425050 2043.7
1425060 2049.3
1425070 2049.3
1425080 2053.6
1425090 2056.8
1425100 2056.8
1425110 2060.2
1425120 2063.4
1425130 2066.1
1425140 2066.1
1425150 2068.6
1425160 2070.9
1425170 2070.9
1425180 2073.2
1425190 2075.7
1425200 2075.7
1425210 2078.3
1425220 2081.2
1425230 2081.2
1425240 2084.4
1425250 2088.0
1425260 2088.0
1425270 2091.8
1425280 2094.3
1425290 2094.3
1425300 2096.3
1425310 2098.2
1425320 2098.2
1425330 2098.5
1425340 2094.5
1425350 2088.2
1425360 2088.2
1425370 2082.2
1425380 2070.2
1425390 2070.2
1425400 2058.0
1425410 2051.8
1425420 2051.8
1425430 2045.7
1425440 2040.4
1425450 2040.4
1425460 2036.1
1425470 2031.7
1425480 2031.7
1425490 2027.5
1425500 2022.5
1425510 2022.5
1425520 2017.3
1425530 2010.9
1425540 2010.9
1425550 2002.4
1425560 1992.1
1425570 1970.4
1425580 1970.4
1425590 1954.2
1425600 1945.4
1425610 1945.4
1425620 1937.2
1425630 1928.2
1425640 1928.2
1425650 1920.8
1425660 1915.0
1425670 1915.0
1425680 1908.5
1425690 1903.4
1425700 1903.4
1425710 1899.7
1425720 1897.2
1425730 1897.2
1425740 1895.4
1425750 1891.9
1425760 1887.4
1425770 1887.4
1425780 1881.8
1425790 1877.6
1425800 1877.6
1425810 1874.1
1425820 1870.7
1425830 1870.7
1425840 1868.0
1425850 1866.2
1425860 1866.2
1425870 1864.4
1425880 1862.0
1425890 1862.0
1425900 1859.5
1425910 1859.6
1425920 1859.6
1425930 1861.6
1425940 1863.3
1425950 1863.3
1425960 1864.3
1425970 1865.3
1425980 1866.4
1425990 1866.4
1426000 1867.7
1426010 1869.3
1426020 1869.3
1426030 1871.2
1426040 1872.9
1426050 1872.9
1426060 1874.3
1426070 1876.9
1426080 1876.9
1426090 1879.8
1426100 1881.4
1426110 1881.4
1426120 1883.7
1426130 1885.5
1426140 1885.5
1426150 1886.6
1426160 1888.9
1426170 1888.9
1426180 1890.8
1426190 1892.7
1426200 1893.9
1426210 1893.9
1426220 1895.0
1426230 1897.8
1426240 1897.8
1426250 1898.3
1426260 1899.2
1426270 1899.2
1426280 1899.2
1426290 1898.0
1426300 1898.0
1426310 1896.8
1426320 1895.5
1426330 1895.5
1426340 1894.9
1426350 1894.3
1426360 1894.3
1426370 1891.9
1426380 1889.3
1426390 1889.3
1426400 1887.8
1426410 1885.9
1426420 1882.4
1426430 1882.4
1426440 1881.2
1426450 1880.0
1426460 1880.0
1426470 1877.5
1426480 1875.9
1426490 1875.9
1426500 1874.3
1426510 1872.5
1426520 1872.5
1426530 1871.0
1426540 1866.3
1426550 1866.3
1426560 1862.6
1426570 1862.2
1426580 1862.2
1426590 1861.9
1426600 1860.4
1426610 1860.4
1426620 1853.8
1426630 1848.2
1426640 1842.7
1426650 1842.7
1426660 1838.3
1426670 1833.0
1426680 1833.0
1426690 1826.2
1426700 1820.5
1426710 1820.5
1426720 1813.8
1426730 1805.2
1426740 1805.2
1426750 1796.8
1426760 1793.4
1426770 1793.4
1426780 1791.9
1426790 1784.0
1426800 1784.0
1426810 1777.3
1426820 1771.0
1426830 1765.1
1426840 1765.1
1426850 1760.4
1426860 1754.8
1426870 1754.8
1426880 1746.8
1426890 1738.2
1426900 1738.2
1426910 1731.5
1426920 1727.0
1426930 1727.0
1426940 1722.3
1426950 1718.0
1426960 1718.0
1426970 1714.5
1426980 1711.6
1426990 1711.6
1427000 1708.5
1427010 1705.7
1427020 1705.7
1427030 1702.3
1427040 1697.9
1427050 1693.4
1427060 1693.4
1427070 1687.9
1427080 1684.0
1427090 1684.0
1427100 1680.3
1427110 1675.5
1427120 1675.5
1427130 1668.3
1427140 1666.3
1427150 1666.3
1427160 1674.4
1427170 1678.7
1427180 1678.7
1427190 1679.9
1427200 1677.8
1427210 1677.8
1427220 1680.2
1427230 1682.9
1427240 1682.9
1427250 1686.2
1427260 1690.6
1427270 1695.4
1427280 1695.4
1427290 1699.8
1427300 1703.4
1427310 1703.4
1427320 1707.6
1427330 1711.8
1427340 1711.8
1427350 1716.8
1427360 1721.6
1427370 1721.6
1427380 1724.5
1427390 1724.8
1427400 1724.8
1427410 1724.7
1427420 1726.5
1427430 1726.5
1427440 1730.1
1427450 1733.8
1427460 1733.8
1427470 1738.1
1427480 1743.7
1427490 1750.3
1427500 1750.3
1427510 1757.2
1427520 1761.5
1427530 1761.5
1427540 1764.3
1427550 1766.7
1427560 1766.7
1427570 1768.0
1427580 1769.4
1427590 1769.4
1427600 1771.2
1427610 1772.4
1427620 1772.4
1427630 1773.3
1427640 1773.9
1427650 1773.9
1427660 1776.6
1427670 1779.7
1427680 1779.7
1427690 1780.9
1427700 1781.4
1427710 1780.2
1427720 1780.2
1427730 1778.7
1427740 1777.4
1427750 1777.4
1427760 1775.7
1427770 1774.1
1427780 1774.1
1427790 1772.1
1427800 1770.2
1427810 1770.2
1427820 1768.2
1427830 1767.1
1427840 1767.1
1427850 1768.6
1427860 1769.0
1427870 1769.0
1427880 1768.2
1427890 1768.1
1427900 1768.2
1427910 1768.2
1427920 1768.7
1427930 1770.4
1427940 1770.4
1427950 1773.0
1427960 1775.6
1427970 1775.6
1427980 1778.8
1427990 1782.2
1428000 1782.2
1428010 1784.8
1428020 1789.0
1428030 1789.0
1428040 1792.8
1428050 1797.4
1428060 1797.4
1428070 1801.6
1428080 1805.9
1428090 1805.9
1428100 1810.2
1428110 1814.1
1428120 1818.7
1428130 1818.7
1428140 1822.6
1428150 1826.4
1428160 1826.4
1428170 1829.9
1428180 1830.9
1428190 1830.9
1428200 1830.2
1428210 1829.8
1428220 1829.8
1428230 1830.6
1428240 1832.4
1428250 1832.4
1428260 1835.0
1428270 1840.4
1428280 1840.4
1428290 1847.2
1428300 1853.4
1428310 1853.4
1428320 1859.8
1428330 1864.5
1428340 1865.1
1428350 1865.1
1428360 1863.1
1428370 1861.0
1428380 1861.0
1428390 1860.8
1428400 1863.0
1428410 1863.0
1428420 1866.0
1428430 1870.9
1428440 1870.9
1428450 1877.0
1428460 1879.4
1428470 1879.4
1428480 1884.3
1428490 1888.9
1428500 1888.9
1428510 1892.6
1428520 1895.6
1428530 1895.6
1428540 1898.0
1428550 1900.1
1428560 1902.3
1428570 1902.3
1428580 1904.7
1428590 1907.1
1428600 1907.1
1428610 1909.7
1428620 1912.8
1428630 1912.8
1428640 1915.4
1428650 1918.3
1428660 1918.3
1428670 1922.0
1428680 1925.9
1428690 1925.9
1428700 1929.6
1428710 1933.3
1428720 1933.3
1428730 1937.5
1428740 1941.9
1428750 1941.9
1428760 1946.5
1428770 1951.4
1428780 1956.5
1428790 1956.5
1428800 1962.2
1428810 1968.9
1428820 1968.9
1428830 1974.9
1428840 1979.4
1428850 1979.4
1428860 1984.2
1428870 1989.5
1428880 1989.5
1428890 1994.2
1428900 1999.0
1428910 1999.0
1428920 2005.1
1428930 2011.0
1428940 2011.0
1428950 2016.4
1428960 2023.5
1428970 2029.8
1428980 2029.8
1428990 2035.6
1429000 2041.5
1429010 2041.5
1429020 2045.4
1429030 2049.0
1429040 2049.0
1429050 2054.2
1429060 2059.7
1429070 2059.7
1429080 2064.6
1429090 2070.4
1429100 2070.4
1429110 2077.0
1429120 2083.5
1429130 2083.5
1429140 2090.1
1429150 2096.2
1429160 2096.2
1429170 2102.7
1429180 2110.1
1429190 2118.9
1429200 2118.9
1429210 2128.8
1429220 2139.6
1429230 2139.6
1429240 2149.0
1429250 2155.9
1429260 2155.9
1429270 2162.9
1429280 2170.8
1429290 2170.8
1429300 2178.5
1429310 2185.8
1429320 2185.8
1429330 2192.0
1429340 2197.6
1429350 2197.6
1429360 2202.6
1429370 2207.6
1429380 2207.6
1429390 2212.1
1429400 2216.0
1429410 2219.5
1429420 2219.5
1429430 2222.7
1429440 2225.8
1429450 2225.8
1429460 2225.9
1429470 2228.0
1429480 2228.0
1429490 2230.0
1429500 2232.4
1429510 2232.4
1429520 2235.4
1429530 2238.3
1429540 2238.3
1429550 2240.6
1429560 2241.9
1429570 2241.9
1429580 2242.4
1429590 2242.2
1429600 2242.2
1429610 2241.4
1429620 2239.9
1429630 2235.0
1429640 2235.0
1429650 2228.7
1429660 2226.0
1429670 2226.0
1429680 2223.0
1429690 2218.6
1429700 2218.6
1429710 2212.2
1429720 2205.6
1429730 2205.6
1429740 2201.9
1429750 2199.7
1429760 2199.7
1429770 2197.3
1429780 2194.5
1429790 2194.5
1429800 2191.6
1429810 2189.3
1429820 2189.3
1429830 2187.1
1429840 2182.7
1429850 2176.6
1429860 2176.6
1429870 2170.5
1429880 2166.2
1429890 2166.2
1429900 2162.4
1429910 2158.6
1429920 2158.6
1429930 2154.8
1429940 2153.0
1429950 2153.0
1429960 2152.4
1429970 2149.5
1429980 2149.5
1429990 2146.3
1430000 2143.1
1430010 2143.1
1430020 2140.9
1430030 2138.4
1430040 2136.6
1430050 2136.6
1430060 2135.8
1430070 2136.5
1430080 2136.5
1430090 2137.1
1430100 2137.4
1430110 2137.4
1430120 2136.7
1430130 2135.1
1430140 2135.1
1430150 2134.3
1430160 2135.1
1430170 2135.1
1430180 2137.4
1430190 2142.0
1430200 2142.0
1430210 2148.9
1430220 2154.3
1430230 2154.3
1430240 2158.5
1430250 2163.0
1430260 2169.2
1430270 2169.2
1430280 2174.9
1430290 2180.3
1430300 2180.3
1430310 2183.7
1430320 2186.1
1430330 2186.1
1430340 2186.3
1430350 2187.2
1430360 2187.2
1430370 2190.5
1430380 2191.0
1430390 2191.0
1430400 2190.3
1430410 2192.2
1430420 2192.2
1430430 2193.0
1430440 2194.2
1430450 2194.2
1430460 2195.7
1430470 2195.5
1430480 2195.8
1430490 2195.8
1430500 2197.6
1430510 2200.1
1430520 2200.1
1430530 2202.2
1430540 2203.4
1430550 2203.4
1430560 2204.0
1430570 2206.3
1430580 2206.3
1430590 2208.9
1430600 2210.9
1430610 2210.9
1430620 2212.0
1430630 2215.1
1430640 2215.1
1430650 2219.0
1430660 2222.7
1430670 2222.7
1430680 2228.1
1430690 2232.4
1430700 2236.0
1430710 2236.0
1430720 2240.2
1430730 2245.1
1430740 2245.1
1430750 2250.2
1430760 2255.6
1430770 2255.6
1430780 2261.0
1430790 2265.5
1430800 2265.5
1430810 2269.8
1430820 2273.4
1430830 2273.4
1430840 2276.1
1430850 2278.1
1430860 2278.1
1430870 2280.2
1430880 2283.5
1430890 2283.5
1430900 2285.6
1430910 2285.1
1430920 2281.1
1430930 2281.1
1430940 2277.5
1430950 2274.6
1430960 2274.6
1430970 2271.6
1430980 2268.5
1430990 2268.5
1431000 2265.8
1431010 2263.6
1431020 2263.6
1431030 2262.1
1431040 2260.8
1431050 2260.8
1431060 2259.5
1431070 2257.9
1431080 2257.9
1431090 2256.5
1431100 2254.6
1431110 2249.8
1431120 2249.8
1431130 2248.3
1431140 2248.0
1431150 2248.0
1431160 2247.0
1431170 2244.3
1431180 2244.3
1431190 2243.1
1431200 2244.7
1431210 2244.7
1431220 2248.1
1431230 2251.7
1431240 2251.7
1431250 2251.3
1431260 2250.7
1431270 2250.7
1431280 2250.8
1431290 2252.4
1431300 2252.4
1431310 2253.6
1431320 2252.8
1431330 2251.4
1431340 2251.4
1431350 2250.4
1431360 2249.2
1431370 2249.2
1431380 2246.4
1431390 2247.3
1431400 2247.3
1431410 2247.8
1431420 2247.1
1431430 2247.1
1431440 2246.8
1431450 2247.6
1431460 2247.6
1431470 2249.2
1431480 2251.0
1431490 2251.0
1431500 2252.3
1431510 2253.9
1431520 2253.9
1431530 2256.4
1431540 2257.8
1431550 2258.3
1431560 2258.3
1431570 2259.1
1431580 2259.7
1431590 2259.7
1431600 2258.5
1431610 2259.3
1431620 2259.3
1431630 2261.7
1431640 2263.7
1431650 2263.7
1431660 2264.6
1431670 2265.3
1431680 2265.3
1431690 2267.8
1431700 2271.5
1431710 2271.5
1431720 2277.1
1431730 2282.2
1431740 2282.2
1431750 2286.4
1431760 2289.8
1431770 2291.7
1431780 2291.7
1431790 2292.0
1431800 2293.2
1431810 2291.0
1431820 2289.4
1431830 2286.0
1431840 2286.0
1431850 2284.1
1431860 2280.5
1431870 2280.5
1431880 2275.0
1431890 2268.9
1431900 2268.9
1431910 2261.8
1431920 2254.3
1431930 2254.3
1431940 2247.5
1431950 2240.3
1431960 2233.0
1431970 2233.0
1431980 2226.5
1431990 2219.9
1432000 2219.9
1432010 2213.1
1432020 2206.0
1432030 2206.0
1432040 2199.4
1432050 2189.9
1432060 2189.9
1432070 2178.4
1432080 2168.5
1432090 2168.5
1432100 2158.9
1432110 2149.5
1432120 2149.5
1432130 2140.0
1432140 2131.7
1432150 2131.7
1432160 2122.9
1432170 2113.4
1432180 2104.1
1432190 2104.1
1432200 2097.4
1432210 2093.1
1432220 2093.1
1432230 2088.3
1432240 2081.9
1432250 2081.9
1432260 2075.3
1432270 2068.6
1432280 2068.6
1432290 2063.4
1432300 2057.2
1432310 2057.2
1432320 2052.2
1432330 2048.3
1432340 2048.3
1432350 2044.2
1432360 2040.3
1432370 2040.3
1432380 2037.4
1432390 2035.2
1432400 2033.2
1432410 2033.2
1432420 2030.2
1432430 2027.3
1432440 2027.3
1432450 2024.2
1432460 2023.1
1432470 2023.1
1432480 2022.7
1432490 2020.8
1432500 2020.8
1432510 2018.1
1432520 2014.6
1432530 2014.6
1432540 2010.2
1432550 2004.9
1432560 2004.9
1432570 2002.3
1432580 2000.7
1432590 2000.7
1432600 1997.1
1432610 1992.4
1432620 1986.8
1432630 1986.8
1432640 1981.5
1432650 1977.0
1432660 1977.0
1432670 1971.8
1432680 1966.9
1432690 1966.9
1432700 1960.8
1432710 1956.4
1432720 1956.4
1432730 1951.6
1432740 1946.5
1432750 1946.5
1432760 1944.4
1432770 1944.3
1432780 1944.3
1432790 1943.6
1432800 1941.6
1432810 1941.6
1432820 1936.3
1432830 1930.1
1432840 1924.7
1432850 1924.7
1432860 1919.5
1432870 1913.0
1432880 1913.0
1432890 1906.8
1432900 1900.4
1432910 1900.4
1432920 1893.1
1432930 1885.6
1432940 1885.6
1432950 1878.6
1432960 1872.4
1432970 1872.4
1432980 1867.5
1432990 1861.9
1433000 1861.9
1433010 1856.5
1433020 1851.3
1433030 1846.5
1433040 1846.5
1433050 1842.6
1433060 1837.6
1433070 1837.6
1433080 1841.3
1433090 1848.7
1433100 1848.7
1433110 1855.8
1433120 1863.3
1433130 1863.3
1433140 1868.9
1433150 1872.9
1433160 1872.9
1433170 1876.5
1433180 1880.6
1433190 1880.6
1433200 1885.5
1433210 1890.2
1433220 1890.2
1433230 1894.0
1433240 1898.3
1433250 1903.5
1433260 1903.5
1433270 1909.0
1433280 1913.5
1433290 1913.5
1433300 1918.4
1433310 1923.4
1433320 1923.4
1433330 1926.7
1433340 1929.0
1433350 1929.0
1433360 1931.5
1433370 1936.6
1433380 1936.6
1433390 1942.2
1433400 1946.2
1433410 1946.2
1433420 1949.1
1433430 1953.4
1433440 1953.4
1433450 1958.7
1433460 1964.4
1433470 1969.9
1433480 1969.9
1433490 1975.3
1433500 1980.2
1433510 1980.2
1433520 1986.0
1433530 1991.0
1433540 1991.0
1433550 1995.0
1433560 1998.6
1433570 1998.6
1433580 2002.0
1433590 2006.0
1433600 2006.0
1433610 2009.3
1433620 2012.6
1433630 2012.6
1433640 2015.8
1433650 2020.5
1433660 2020.5
1433670 2024.1
1433680 2028.6
1433690 2034.8
1433700 2034.8
1433710 2040.6
1433720 2045.4
1433730 2045.4
1433740 2049.7
1433750 2056.0
1433760 2056.0
1433770 2062.0
1433780 2066.1
1433790 2066.1
1433800 2070.3
1433810 2073.6
1433820 2073.6
1433830 2076.7
1433840 2080.0
1433850 2080.0
1433860 2084.5
1433870 2089.3
1433880 2089.3
1433890 2092.9
1433900 2096.1
1433910 2098.9
1433920 2098.9
1433930 2102.4
1433940 2106.2
1433950 2106.2
1433960 2109.9
1433970 2113.9
1433980 2113.9
1433990 2118.2
1434000 2122.5
1434010 2122.5
1434020 2125.7
1434030 2127.9
1434040 2127.9
1434050 2130.0
1434060 2132.6
1434070 2132.6
1434080 2135.5
1434090 2139.4
1434100 2144.4
1434110 2144.4
1434120 2149.5
1434130 2154.1
1434140 2154.1
1434150 2158.1
1434160 2161.5
1434170 2161.5
1434180 2164.3
1434190 2167.9
1434200 2167.9
1434210 2172.3
1434220 2177.3
1434230 2177.3
1434240 2181.6
1434250 2186.2
1434260 2186.2
1434270 2191.3
1434280 2196.9
1434290 2196.9
1434300 2200.0
1434310 2205.2
1434320 2209.6
1434330 2209.6
1434340 2213.0
1434350 2216.4
1434360 2216.4
1434370 2220.1
1434380 2223.6
1434390 2223.6
1434400 2227.5
1434410 2230.7
1434420 2230.7
1434430 2234.2
1434440 2237.7
1434450 2237.7
1434460 2240.6
1434470 2243.1
1434480 2243.1
1434490 2244.9
1434500 2246.3
1434510 2246.3
1434520 2247.9
1434530 2252.7
1434540 2256.7
1434550 2256.7
1434560 2259.5
1434570 2262.5
1434580 2262.5
1434590 2266.1
1434600 2269.7
1434610 2269.7
1434620 2273.3
1434630 2276.8
1434640 2276.8
1434650 2280.0
1434660 2282.8
1434670 2282.8
1434680 2285.8
1434690 2289.1
1434700 2289.1
1434710 2292.3
1434720 2295.8
1434730 2295.8
1434740 2299.5
1434750 2302.6
1434760 2305.6
1434770 2305.6
1434780 2308.2
1434790 2310.1
1434800 2310.1
1434810 2310.7
1434820 2311.3
1434830 2311.3
1434840 2310.2
1434850 2309.1
1434860 2309.1
1434870 2311.4
1434880 2315.0
1434890 2315.0
1434900 2318.1
1434910 2320.0
1434920 2320.0
1434930 2322.8
1434940 2324.5
1434950 2324.5
1434960 2325.5
1434970 2326.2
1434980 2326.8
1434990 2326.8
1435000 2325.8
1435010 2329.3
1435020 2329.3
1435030 2336.2
1435040 2341.4
1435050 2341.4
1435060 2343.8
1435070 2345.9
1435080 2345.9
1435090 2350.4
1435100 2356.6
1435110 2356.6
1435120 2360.9
1435130 2364.0
1435140 2364.0
1435150 2366.8
1435160 2371.3
1435170 2376.2
1435180 2376.2
1435190 2381.4
1435200 2385.2
1435210 2385.2
1435220 2388.4
1435230 2392.0
1435240 2392.0
1435250 2395.0
1435260 2397.2
1435270 2397.2
1435280 2398.3
1435290 2399.6
1435300 2399.6
1435310 2402.2
1435320 2405.9
1435330 2405.9
1435340 2410.0
1435350 2414.5
1435360 2414.5
1435370 2417.9
1435380 2421.6
1435390 2425.2
1435400 2425.2
1435410 2430.2
1435420 2435.4
1435430 2435.4
1435440 2439.4
1435450 2443.6
1435460 2443.6
1435470 2447.5
1435480 2450.5
1435490 2450.5
1435500 2452.4
1435510 2454.2
1435520 2454.2
1435530 2456.2
1435540 2458.5
1435550 2458.5
1435560 2460.9
1435570 2460.6
1435580 2460.6
1435590 2461.9
1435600 2463.8
1435610 2467.3
1435620 2467.3
1435630 2470.5
1435640 2472.9
1435650 2472.9
1435660 2477.6
1435670 2482.4
1435680 2482.4
1435690 2486.4
1435700 2489.7
1435710 2489.7
1435720 2493.1
1435730 2495.8
1435740 2495.8
1435750 2498.4
1435760 2501.1
1435770 2501.1
1435780 2503.2
1435790 2504.8
1435800 2504.8
1435810 2506.8
1435820 2512.0
1435830 2516.2
1435840 2516.2
1435850 2517.3
1435860 2517.7
1435870 2517.7
1435880 2517.4
1435890 2518.3
1435900 2518.3
1435910 2519.0
1435920 2519.9
1435930 2519.9
1435940 2519.8
1435950 2520.2
1435960 2520.2
1435970 2522.7
1435980 2526.1
1435990 2526.1
1436000 2530.6
1436010 2534.4
1436020 2534.4
1436030 2538.9
1436040 2542.1
1436050 2544.1
1436060 2544.1
1436070 2547.1
1436080 2550.5
1436090 2550.5
1436100 2554.0
1436110 2557.0
1436120 2557.0
1436130 2559.4
1436140 2562.0
1436150 2562.0
1436160 2565.4
1436170 2569.3
1436180 2569.3
1436190 2574.4
1436200 2580.8
1436210 2580.8
1436220 2585.6
1436230 2590.8
1436240 2596.9
1436250 2596.9
1436260 2602.1
1436270 2607.9
1436280 2607.9
1436290 2613.8
1436300 2619.5
1436310 2619.5
1436320 2624.8
1436330 2629.5
1436340 2629.5
1436350 2635.1
1436360 2642.4
1436370 2642.4
1436380 2649.4
1436390 2656.7
1436400 2656.7
1436410 2664.5
1436420 2673.8
1436430 2673.8
1436440 2681.1
1436450 2688.0
1436460 2694.3
1436470 2694.3
1436480 2700.3
1436490 2706.8
1436500 2706.8
1436510 2712.6
1436520 2717.0
1436530 2717.0
1436540 2720.6
1436550 2723.3
1436560 2723.3
1436570 2725.7
1436580 2727.7
1436590 2727.7
1436600 2729.9
1436610 2732.2
1436620 2732.2
1436630 2734.3
1436640 2735.6
1436650 2735.6
1436660 2735.8
1436670 2734.9
1436680 2732.3
1436690 2732.3
1436700 2727.1
1436710 2721.9
1436720 2721.9
1436730 2718.0
1436740 2711.1
1436750 2711.1
1436760 2705.6
1436770 2699.8
1436780 2699.8
1436790 2690.1
1436800 2667.6
1436810 2667.6
1436820 2645.8
1436830 2635.4
1436840 2635.4
1436850 2627.8
1436860 2615.9
1436870 2609.4
1436880 2606.3
1436890 2603.3
1436900 2599.9
1436910 2599.9
1436920 2595.0
1436930 2590.4
1436940 2590.4
1436950 2588.0
1436960 2586.3
1436970 2586.3
1436980 2585.7
1436990 2584.6
1437000 2584.6
1437010 2583.3
1437020 2581.9
1437030 2581.9
1437040 2582.4
1437050 2582.3
1437060 2582.3
1437070 2582.7
1437080 2586.2
1437090 2586.2
1437100 2592.6
1437110 2597.6
1437120 2601.1
1437130 2601.1
1437140 2604.1
1437150 2607.0
1437160 2607.0
1437170 2610.8
1437180 2615.4
1437190 2615.4
1437200 2620.5
1437210 2625.0
1437220 2625.0
1437230 2629.2
1437240 2636.0
1437250 2636.0
1437260 2647.6
1437270 2659.5
1437280 2659.5
1437290 2666.5
1437300 2677.1
1437310 2687.3
1437320 2687.3
1437330 2692.2
1437340 2691.5
1437350 2691.5
1437360 2690.3
1437370 2680.8
1437380 2680.8
1437390 2672.4
1437400 2667.3
1437410 2667.3
1437420 2664.5
1437430 2659.5
1437440 2659.5
1437450 2653.4
1437460 2647.9
1437470 2647.9
1437480 2642.1
1437490 2634.5
1437500 2634.5
1437510 2627.5
1437520 2618.3
1437530 2609.1
1437540 2609.1
1437550 2601.4
1437560 2589.7
1437570 2589.7
1437580 2580.9
1437590 2574.8
1437600 2574.8
1437610 2568.9
1437620 2563.0
1437630 2563.0
1437640 2557.0
1437650 2551.5
1437660 2551.5
1437670 2547.0
1437680 2542.0
1437690 2542.0
1437700 2537.2
1437710 2534.1
1437720 2534.1
1437730 2530.0
1437740 2526.0
1437750 2522.4
1437760 2522.4
1437770 2519.4
1437780 2516.5
1437790 2516.5
1437800 2514.2
1437810 2511.8
1437820 2511.8
1437830 2509.6
1437840 2508.6
1437850 2508.6
1437860 2508.2
1437870 2507.2
1437880 2507.2
1437890 2505.9
1437900 2505.5
1437910 2505.5
1437920 2504.4
1437930 2502.5
1437940 2502.5
1437950 2499.4
1437960 2497.5
1437970 2495.6
1437980 2495.6
1437990 2493.9
1438000 2493.2
1438010 2493.2
1438020 2492.7
1438030 2492.8
1438040 2492.8
1438050 2492.8
1438060 2491.1
1438070 2491.1
1438080 2490.4
1438090 2491.7
1438100 2491.7
1438110 2496.8
1438120 2501.5
1438130 2501.5
1438140 2506.9
1438150 2513.2
1438160 2519.5
1438170 2519.5
1438180 2525.9
1438190 2531.9
1438200 2531.9
1438210 2532.4
1438220 2527.6
1438230 2527.6
1438240 2523.3
1438250 2522.5
1438260 2522.5
1438270 2522.5
1438280 2522.5
1438290 2522.5
1438300 2522.5
1438310 2522.5
1438320 2522.5
1438330 2522.5
1438340 2522.5
1438350 2522.5
1438360 2522.5
1438370 2522.5
1438380 2522.5
1438390 2522.5
1438400 2522.6
1438410 2522.6
1438420 2522.6
1438430 2522.6
1438440 2522.6
1438450 2522.6
1438460 2522.6
1438470 2522.6
1438480 2522.6
1438490 2522.5
1438500 2522.6
1438510 2522.6
1438520 2522.5
1438530 2522.5
1438540 2522.5
1438550 2522.5
1438560 2522.5
1438570 2522.5
1438580 2522.5
1438590 2522.6
1438600 2522.6
1438610 2522.6
1438620 2522.6
1438630 2522.5
1438640 2522.5
1438650 2522.6
1438660 2523.0
1438670 2523.0
1438680 2523.1
1438690 2522.7
1438700 2522.7
1438710 2522.6
1438720 2522.6
1438730 2522.6
1438740 2522.6
1438750 2522.6
1438760 2522.6
1438770 2522.6
1438780 2522.6
1438790 2522.6
1438800 2522.6
1438810 2522.6
1438820 2522.6
1438830 2522.6
1438840 2522.6
1438850 2522.7
1438860 2522.7
1438870 2522.6
1438880 2522.5
1438890 2522.5
1438900 2522.5
1438910 2522.5
1438920 2522.5
1438930 2522.5
1438940 2522.7
1438950 2522.7
1438960 2524.7
1438970 2527.9
1438980 2527.9
1438990 2530.1
1439000 2535.0
1439010 2535.0
1439020 2538.1
1439030 2541.2
1439040 2544.5
1439050 2544.5
1439060 2545.9
1439070 2547.0
1439080 2547.0
1439090 2547.7
1439100 2548.4
1439110 2548.4
1439120 2548.3
1439130 2547.3
1439140 2547.3
1439150 2547.1
1439160 2545.9
1439170 2545.9
1439180 2547.6
1439190 2552.5
1439200 2552.5
1439210 2555.2
1439220 2557.3
1439230 2558.5
1439240 2558.5
1439250 2559.7
1439260 2561.4
1439270 2561.4
1439280 2562.8
1439290 2563.9
1439300 2563.9
1439310 2565.3
1439320 2567.1
1439330 2567.1
1439340 2569.2
1439350 2570.5
1439360 2570.5
1439370 2572.2
1439380 2572.9
1439390 2572.9
1439400 2573.9
1439410 2574.5
1439420 2574.5
1439430 2574.6
1439440 2577.4
1439450 2583.3
1439460 2583.3
1439470 2588.6
1439480 2592.2
1439490 2592.2
1439500 2594.8
1439510 2597.9
1439520 2597.9
1439530 2603.8
1439540 2611.7
1439550 2611.7
1439560 2617.1
1439570 2621.4
1439580 2621.4
1439590 2624.3
1439600 2628.6
1439610 2637.2
1439620 2645.3
1439630 2652.5
1439640 2652.5
1439650 2657.3
1439660 2661.2
1439670 2665.0
1439680 2665.0
1439690 2669.1
1439700 2673.4
1439710 2673.4
1439720 2677.4
1439730 2681.4
1439740 2681.4
1439750 2685.3
1439760 2688.9
1439770 2688.9
1439780 2692.3
1439790 2696.7
1439800 2696.7
1439810 2700.8
1439820 2704.7
1439830 2704.7
1439840 2708.8
1439850 2713.6
1439860 2713.6
1439870 2719.6
1439880 2724.4
1439890 2730.7
1439900 2730.7
1439910 2735.2
1439920 2741.3
1439930 2741.3
1439940 2749.7
1439950 2757.7
1439960 2757.7
1439970 2762.7
1439980 2767.7
1439990 2767.7
