1420000 2644.0
1420010 2653.3
1420020 2653.3
1420030 2660.7
1420040 2669.3
1420050 2669.3
1420060 2675.2
1420070 2666.4
1420080 2657.2
1420090 2657.2
1420100 2650.4
1420110 2638.7
1420120 2638.7
1420130 2623.7
1420140 2609.2
1420150 2609.2
1420160 2597.3
1420170 2585.1
1420180 2585.1
1420190 2572.6
1420200 2559.9
1420210 2559.9
1420220 2547.7
1420230 2535.0
1420240 2535.0
1420250 2520.8
1420260 2509.5
1420270 2509.5
1420280 2501.5
1420290 2496.1
1420300 2489.9
1420310 2489.9
1420320 2480.9
1420330 2471.2
1420340 2471.2
1420350 2460.9
1420360 2447.5
1420370 2447.5
1420380 2434.5
1420390 2420.7
1420400 2420.7
1420410 2406.2
1420420 2398.0
1420430 2398.0
1420440 2391.2
1420450 2384.2
1420460 2384.2
1420470 2377.8
1420480 2371.9
1420490 2371.9
1420500 2366.0
1420510 2360.0
1420520 2354.8
1420530 2354.8
1420540 2349.6
1420550 2344.0
1420560 2344.0
1420570 2338.8
1420580 2333.7
1420590 2333.7
1420600 2328.5
1420610 2322.7
1420620 2322.7
1420630 2316.5
1420640 2309.6
1420650 2309.6
1420660 2301.6
1420670 2294.7
1420680 2294.7
1420690 2292.8
1420700 2290.7
1420710 2278.4
1420720 2278.4
1420730 2270.4
1420740 2265.0
1420750 2265.0
1420760 2261.9
1420770 2257.2
1420780 2257.2
1420790 2253.2
1420800 2249.6
1420810 2249.6
1420820 2247.2
1420830 2246.3
1420840 2246.3
1420850 2245.1
1420860 2242.1
1420870 2242.1
1420880 2237.1
1420890 2231.0
1420900 2231.0
1420910 2224.4
1420920 2218.6
1420930 2211.7
1420940 2211.7
1420950 2206.0
1420960 2203.6
1420970 2203.6
1420980 2200.0
1420990 2199.3
1421000 2199.3
1421010 2197.7
1421020 2194.8
1421030 2194.8
1421040 2189.1
1421050 2181.6
1421060 2181.6
1421070 2170.7
1421080 2174.1
1421090 2174.1
1421100 2177.8
1421110 2178.7
1421120 2178.7
1421130 2181.5
1421140 2184.5
1421150 2187.2
1421160 2187.2
1421170 2189.1
1421180 2189.9
1421190 2189.9
1421200 2190.9
1421210 2191.3
1421220 2191.3
1421230 2189.7
1421240 2190.9
1421250 2190.9
1421260 2194.3
1421270 2199.6
1421280 2199.6
1421290 2205.5
1421300 2211.9
1421310 2211.9
1421320 2220.8
1421330 2231.7
1421340 2231.7
1421350 2246.7
1421360 2252.8
1421370 2253.8
1421380 2253.8
1421390 2255.9
1421400 2262.9
1421410 2262.9
1421420 2268.4
1421430 2272.0
1421440 2272.0
1421450 2277.1
1421460 2279.2
1421470 2279.2
1421480 2281.0
1421490 2281.7
1421500 2281.7
1421510 2280.6
1421520 2277.9
1421530 2277.9
1421540 2274.3
1421550 2273.5
1421560 2273.5
1421570 2273.3
1421580 2275.7
1421590 2281.0
1421600 2281.0
1421610 2290.2
1421620 2297.4
1421630 2297.4
1421640 2298.4
1421650 2299.2
1421660 2299.2
1421670 2303.3
1421680 2309.0
1421690 2309.0
1421700 2317.6
1421710 2326.2
1421720 2326.2
1421730 2329.6
1421740 2330.4
1421750 2330.4
1421760 2331.7
1421770 2334.9
1421780 2334.9
1421790 2335.1
1421800 2335.0
1421810 2337.3
1421820 2337.3
1421830 2339.4
1421840 2341.4
1421850 2341.4
1421860 2344.4
1421870 2347.9
1421880 2347.9
1421890 2354.7
1421900 2363.0
1421910 2363.0
1421920 2372.6
1421930 2377.5
1421940 2377.5
1421950 2381.9
1421960 2389.4
1421970 2389.4
1421980 2397.0
1421990 2403.5
1422000 2403.5
1422010 2410.7
1422020 2417.7
1422030 2423.9
1422040 2423.9
1422050 2428.6
1422060 2433.7
1422070 2433.7
1422080 2436.4
1422090 2437.4
1422100 2437.4
1422110 2438.3
1422120 2442.8
1422130 2442.8
1422140 2451.3
1422150 2458.7
1422160 2458.7
1422170 2464.8
1422180 2467.5
1422190 2467.5
1422200 2473.6
1422210 2478.6
1422220 2478.6
1422230 2479.7
1422240 2479.8
1422250 2484.8
1422260 2484.8
1422270 2492.3
1422280 2498.4
1422290 2498.4
1422300 2503.8
1422310 2508.6
1422320 2508.6
1422330 2511.2
1422340 2512.1
1422350 2512.1
1422360 2512.3
1422370 2511.3
1422380 2511.3
1422390 2510.4
1422400 2513.0
1422410 2513.0
1422420 2514.2
1422430 2515.2
1422440 2515.2
1422450 2518.8
1422460 2520.9
1422470 2521.9
1422480 2521.9
1422490 2520.1
1422500 2518.8
1422510 2518.8
1422520 2518.5
1422530 2516.2
1422540 2516.2
1422550 2518.8
1422560 2520.0
1422570 2520.0
1422580 2521.1
1422590 2522.2
1422600 2522.2
1422610 2522.8
1422620 2523.2
1422630 2523.2
1422640 2525.6
1422650 2528.9
1422660 2528.9
1422670 2531.4
1422680 2532.2
1422690 2534.8
1422700 2534.8
1422710 2537.5
1422720 2540.8
1422730 2540.8
1422740 2544.0
1422750 2546.8
1422760 2546.8
1422770 2548.3
1422780 2550.2
1422790 2550.2
1422800 2553.0
1422810 2554.4
1422820 2554.4
1422830 2559.1
1422840 2564.1
1422850 2564.1
1422860 2566.1
1422870 2569.5
1422880 2569.5
1422890 2573.3
1422900 2577.7
1422910 2583.5
1422920 2583.5
1422930 2589.3
1422940 2595.4
1422950 2595.4
1422960 2601.9
1422970 2609.2
1422980 2609.2
1422990 2615.8
1423000 2621.3
1423010 2621.3
1423020 2627.0
1423030 2634.0
1423040 2634.0
1423050 2641.6
1423060 2649.5
1423070 2649.5
1423080 2656.4
1423090 2665.0
1423100 2676.5
1423110 2676.5
1423120 2687.1
1423130 2697.0
1423140 2697.0
1423150 2705.8
1423160 2713.2
1423170 2713.2
1423180 2720.5
1423190 2727.1
1423200 2727.1
1423210 2735.7
1423220 2744.1
1423230 2744.1
1423240 2750.8
1423250 2756.3
1423260 2756.3
1423270 2762.1
1423280 2767.9
1423290 2767.9
1423300 2773.5
1423310 2778.3
1423320 2783.0
1423330 2783.0
1423340 2788.7
1423350 2794.9
1423360 2794.9
1423370 2801.4
1423380 2808.6
1423390 2808.6
1423400 2816.8
1423410 2825.8
1423420 2825.8
1423430 2835.4
1423440 2844.1
1423450 2844.1
1423460 2852.6
1423470 2859.6
1423480 2859.6
1423490 2868.0
1423500 2871.2
1423510 2871.2
1423520 2851.8
1423530 2842.1
1423540 2838.1
1423550 2838.1
1423560 2835.4
1423570 2832.6
1423580 2832.6
1423590 2830.1
1423600 2828.2
1423610 2828.2
1423620 2826.1
1423630 2823.4
1423640 2823.4
1423650 2820.5
1423660 2818.2
1423670 2818.2
1423680 2816.8
1423690 2815.7
1423700 2815.7
1423710 2815.0
1423720 2814.8
1423730 2814.8
1423740 2814.9
1423750 2818.3
1423760 2822.5
1423770 2822.5
1423780 2827.2
1423790 2832.4
1423800 2832.4
1423810 2838.3
1423820 2843.4
1423830 2843.4
1423840 2846.9
1423850 2850.8
1423860 2850.8
1423870 2854.9
1423880 2859.2
1423890 2859.2
1423900 2864.8
1423910 2870.8
1423920 2870.8
1423930 2873.7
1423940 2874.5
1423950 2874.5
1423960 2875.6
1423970 2875.8
1423980 2875.0
1423990 2875.0
1424000 2874.0
1424010 2872.7
1424020 2872.7
1424030 2872.3
1424040 2871.8
1424050 2871.8
1424060 2871.2
1424070 2870.6
1424080 2870.6
1424090 2869.6
1424100 2867.6
1424110 2867.6
1424120 2865.7
1424130 2865.8
1424140 2865.8
1424150 2868.4
1424160 2870.2
1424170 2870.2
1424180 2871.6
1424190 2873.5
1424200 2876.1
1424210 2876.1
1424220 2879.6
1424230 2883.2
1424240 2883.2
1424250 2887.4
1424260 2892.7
1424270 2892.7
1424280 2899.8
1424290 2907.3
1424300 2907.3
1424310 2914.5
1424320 2921.3
1424330 2921.3
1424340 2927.3
1424350 2933.6
1424360 2933.6
1424370 2940.1
1424380 2946.5
1424390 2946.5
1424400 2953.2
1424410 2960.2
1424420 2967.3
1424430 2967.3
1424440 2974.5
1424450 2982.8
1424460 2982.8
1424470 2991.6
1424480 3000.2
1424490 3000.2
1424500 3008.6
1424510 3015.5
1424520 3015.5
1424530 3021.5
1424540 3022.3
1424550 3022.3
1424560 3014.7
1424570 3004.1
1424580 3004.1
1424590 2986.5
1424600 2960.5
1424610 2960.5
1424620 2942.8
1424630 2931.1
1424640 2920.6
1424650 2920.6
1424660 2911.0
1424670 2904.6
1424680 2904.6
1424690 2895.4
1424700 2885.3
1424710 2885.3
1424720 2877.6
1424730 2870.7
1424740 2870.7
1424750 2864.0
1424760 2857.7
1424770 2857.7
1424780 2851.5
1424790 2845.2
1424800 2845.2
1424810 2840.2
1424820 2835.3
1424830 2835.3
1424840 2828.2
1424850 2821.5
1424860 2815.2
1424870 2815.2
1424880 2809.6
1424890 2805.2
1424900 2805.2
1424910 2800.7
1424920 2797.0
1424930 2797.0
1424940 2793.2
1424950 2788.2
1424960 2788.2
1424970 2781.3
1424980 2773.3
1424990 2773.3
1425000 2767.3
1425010 2762.0
1425020 2762.0
1425030 2749.5
1425040 2734.2
1425050 2734.2
1425060 2705.0
1425070 2695.2
1425080 2691.3
1425090 2691.3
1425100 2687.6
1425110 2683.1
1425120 2683.1
1425130 2678.5
1425140 2671.4
1425150 2671.4
1425160 2664.4
1425170 2659.5
1425180 2659.5
1425190 2657.3
1425200 2657.4
1425210 2663.1
1425220 2659.3
1425230 2652.5
1425240 2652.5
1425250 2644.9
1425260 2636.0
1425270 2626.6
1425280 2626.6
1425290 2619.3
1425300 2615.2
1425310 2615.2
1425320 2612.3
1425330 2611.7
1425340 2611.7
1425350 2605.1
1425360 2594.6
1425370 2594.6
1425380 2584.9
1425390 2579.7
1425400 2579.7
1425410 2569.2
1425420 2555.1
1425430 2555.1
1425440 2540.5
1425450 2529.1
1425460 2529.1
1425470 2523.5
1425480 2520.0
1425490 2517.8
1425500 2517.8
1425510 2514.9
1425520 2510.6
1425530 2510.6
1425540 2505.3
1425550 2499.9
1425560 2499.9
1425570 2494.3
1425580 2488.5
1425590 2488.5
1425600 2482.7
1425610 2478.8
1425620 2478.8
1425630 2473.9
1425640 2468.1
1425650 2468.1
1425660 2461.7
1425670 2455.5
1425680 2455.5
1425690 2449.1
1425700 2442.2
1425710 2435.6
1425720 2435.6
1425730 2429.6
1425740 2423.9
1425750 2423.9
1425760 2418.0
1425770 2412.0
1425780 2412.0
1425790 2406.7
1425800 2402.0
1425810 2402.0
1425820 2397.2
1425830 2391.9
1425840 2391.9
1425850 2386.3
1425860 2380.5
1425870 2380.5
1425880 2374.7
1425890 2368.0
1425900 2368.0
1425910 2361.6
1425920 2355.5
1425930 2349.0
1425940 2349.0
1425950 2342.2
1425960 2335.9
1425970 2335.9
1425980 2330.2
1425990 2324.6
1426000 2324.6
1426010 2319.2
1426020 2313.7
1426030 2313.7
1426040 2308.4
1426050 2302.8
1426060 2302.8
1426070 2296.5
1426080 2289.9
1426090 2289.9
1426100 2283.1
1426110 2276.4
1426120 2276.4
1426130 2270.3
1426140 2264.2
1426150 2256.3
1426160 2256.3
1426170 2248.1
1426180 2239.6
1426190 2239.6
1426200 2232.6
1426210 2227.1
1426220 2227.1
1426230 2220.5
1426240 2212.2
1426250 2212.2
1426260 2202.6
1426270 2193.5
1426280 2193.5
1426290 2185.9
1426300 2177.8
1426310 2177.8
1426320 2167.3
1426330 2155.0
1426340 2155.0
1426350 2139.8
1426360 2128.5
1426370 2120.3
1426380 2120.3
1426390 2113.0
1426400 2106.9
1426410 2106.9
1426420 2102.3
1426430 2097.3
1426440 2097.3
1426450 2093.4
1426460 2088.7
1426470 2088.7
1426480 2083.4
1426490 2077.4
1426500 2077.4
1426510 2071.5
1426520 2066.7
1426530 2066.7
1426540 2062.2
1426550 2057.7
1426560 2057.7
1426570 2053.8
1426580 2050.0
1426590 2046.0
1426600 2046.0
1426610 2042.3
1426620 2039.0
1426630 2039.0
1426640 2036.2
1426650 2032.6
1426660 2032.6
1426670 2029.4
1426680 2026.9
1426690 2026.9
1426700 2023.5
1426710 2023.8
1426720 2023.8
1426730 2030.7
1426740 2036.4
1426750 2036.4
1426760 2041.3
1426770 2047.4
1426780 2047.4
1426790 2051.3
1426800 2052.0
1426810 2053.1
1426820 2053.1
1426830 2054.6
1426840 2057.9
1426850 2057.9
1426860 2062.7
1426870 2067.6
1426880 2067.6
1426890 2069.2
1426900 2069.6
1426910 2069.6
1426920 2072.0
1426930 2076.3
1426940 2076.3
1426950 2081.5
1426960 2088.2
1426970 2088.2
1426980 2093.8
1426990 2098.9
1427000 2098.9
1427010 2104.2
1427020 2108.4
1427030 2111.9
1427040 2111.9
1427050 2113.8
1427060 2114.6
1427070 2114.6
1427080 2116.0
1427090 2120.8
1427100 2120.8
1427110 2124.8
1427120 2127.4
1427130 2127.4
1427140 2130.2
1427150 2132.7
1427160 2132.7
1427170 2136.2
1427180 2142.2
1427190 2142.2
1427200 2150.2
1427210 2157.1
1427220 2157.1
1427230 2161.1
1427240 2163.0
1427250 2165.2
1427260 2165.2
1427270 2167.8
1427280 2169.2
1427290 2169.2
1427300 2171.1
1427310 2173.7
1427320 2173.7
1427330 2179.8
1427340 2187.3
1427350 2187.3
1427360 2190.9
1427370 2190.4
1427380 2190.4
1427390 2185.5
1427400 2188.5
1427410 2188.5
1427420 2191.3
1427430 2192.5
1427440 2192.5
1427450 2192.5
1427460 2190.8
1427470 2193.6
1427480 2193.6
1427490 2198.0
1427500 2200.8
1427510 2200.8
1427520 2202.8
1427530 2204.6
1427540 2204.6
1427550 2207.4
1427560 2210.9
1427570 2210.9
1427580 2215.1
1427590 2220.2
1427600 2220.2
1427610 2226.2
1427620 2232.6
1427630 2232.6
1427640 2239.7
1427650 2245.7
1427660 2251.4
1427670 2251.4
1427680 2257.2
1427690 2262.4
1427700 2262.4
1427710 2268.2
1427720 2274.6
1427730 2274.6
1427740 2280.4
1427750 2286.0
1427760 2286.0
1427770 2292.3
1427780 2299.3
1427790 2299.3
1427800 2306.6
1427810 2313.5
1427820 2313.5
1427830 2320.7
1427840 2328.2
1427850 2328.2
1427860 2335.4
1427870 2342.6
1427880 2349.8
1427890 2349.8
1427900 2356.9
1427910 2364.8
1427920 2364.8
1427930 2372.1
1427940 2378.8
1427950 2378.8
1427960 2385.2
1427970 2391.6
1427980 2391.6
1427990 2397.8
1428000 2405.5
1428010 2405.5
1428020 2415.9
1428030 2427.6
1428040 2427.6
1428050 2432.2
1428060 2437.6
1428070 2437.6
1428080 2442.9
1428090 2447.7
1428100 2452.9
1428110 2452.9
1428120 2459.1
1428130 2465.0
1428140 2465.0
1428150 2471.5
1428160 2478.5
1428170 2478.5
1428180 2486.9
1428190 2495.4
1428200 2495.4
1428210 2502.0
1428220 2507.5
1428230 2507.5
1428240 2514.1
1428250 2521.8
1428260 2521.8
1428270 2527.2
1428280 2532.6
1428290 2532.6
1428300 2537.6
1428310 2541.8
1428320 2547.1
1428330 2547.1
1428340 2553.1
1428350 2559.4
1428360 2559.4
1428370 2566.0
1428380 2573.4
1428390 2573.4
1428400 2581.0
1428410 2582.4
1428420 2582.4
1428430 2577.0
1428440 2572.2
1428450 2572.2
1428460 2567.6
1428470 2562.3
1428480 2562.3
1428490 2554.5
1428500 2548.2
1428510 2548.2
1428520 2542.7
1428530 2537.6
1428540 2532.3
1428550 2532.3
1428560 2527.2
1428570 2522.9
1428580 2522.9
1428590 2519.3
1428600 2516.0
1428610 2516.0
1428620 2514.2
1428630 2511.3
1428640 2511.3
1428650 2509.0
1428660 2505.7
1428670 2505.7
1428680 2501.5
1428690 2498.1
1428700 2498.1
1428710 2497.2
1428720 2496.3
1428730 2496.3
1428740 2494.6
1428750 2491.6
1428760 2487.0
1428770 2487.0
1428780 2486.8
1428790 2487.6
1428800 2487.6
1428810 2488.5
1428820 2489.3
1428830 2489.3
1428840 2489.4
1428850 2487.7
1428860 2487.7
1428870 2486.2
1428880 2486.1
1428890 2486.1
1428900 2485.2
1428910 2483.0
1428920 2483.0
1428930 2479.1
1428940 2475.3
1428950 2475.3
1428960 2473.8
1428970 2474.2
1428980 2475.9
1428990 2475.9
1429000 2476.0
1429010 2470.9
1429020 2470.9
1429030 2466.1
1429040 2463.2
1429050 2463.2
1429060 2459.0
1429070 2453.6
1429080 2453.6
1429090 2449.8
1429100 2447.2
1429110 2447.2
1429120 2443.6
1429130 2438.9
1429140 2438.9
1429150 2433.3
1429160 2429.6
1429170 2429.6
1429180 2428.5
1429190 2426.4
1429200 2421.3
1429210 2421.3
1429220 2417.0
1429230 2415.1
1429240 2415.1
1429250 2414.7
1429260 2416.8
1429270 2416.8
1429280 2418.9
1429290 2420.6
1429300 2420.6
1429310 2421.7
1429320 2420.3
1429330 2420.3
1429340 2417.1
1429350 2413.8
1429360 2413.8
1429370 2410.6
1429380 2407.2
1429390 2407.2
1429400 2404.9
1429410 2403.2
1429420 2402.6
1429430 2402.6
1429440 2401.8
1429450 2400.6
1429460 2400.6
1429470 2400.3
1429480 2401.3
1429490 2401.3
1429500 2403.1
1429510 2405.7
1429520 2405.7
1429530 2408.7
1429540 2413.1
1429550 2413.1
1429560 2416.2
1429570 2416.2
1429580 2416.2
1429590 2415.0
1429600 2412.7
1429610 2412.7
1429620 2410.6
1429630 2409.2
1429640 2407.7
1429650 2407.7
1429660 2405.4
1429670 2404.4
1429680 2404.4
1429690 2402.6
1429700 2401.2
1429710 2401.2
1429720 2400.1
1429730 2399.4
1429740 2399.4
1429750 2398.9
1429760 2398.2
1429770 2398.2
1429780 2397.1
1429790 2395.5
1429800 2395.5
1429810 2392.0
1429820 2388.9
1429830 2388.9
1429840 2386.7
1429850 2385.1
1429860 2384.7
1429870 2384.7
1429880 2384.4
1429890 2385.1
1429900 2385.1
1429910 2388.1
1429920 2392.0
1429930 2392.0
1429940 2395.5
1429950 2397.4
1429960 2397.4
1429970 2399.2
1429980 2399.4
1429990 2399.4
1430000 2400.5
1430010 2401.3
1430020 2401.3
1430030 2399.9
1430040 2397.5
1430050 2397.9
1430060 2397.9
1430070 2395.0
1430080 2389.4
1430090 2389.4
1430100 2389.4
1430110 2388.6
1430120 2388.6
1430130 2388.1
1430140 2389.7
1430150 2389.7
1430160 2391.0
1430170 2391.0
1430180 2391.0
1430190 2391.6
1430200 2394.0
1430210 2394.0
1430220 2399.0
1430230 2404.5
1430240 2404.5
1430250 2411.3
1430260 2416.6
1430270 2420.0
1430280 2420.0
1430290 2421.1
1430300 2422.1
1430310 2422.1
1430320 2425.8
1430330 2424.5
1430340 2424.5
1430350 2424.6
1430360 2429.7
1430370 2429.7
1430380 2433.1
1430390 2435.4
1430400 2435.4
1430410 2433.7
1430420 2429.9
1430430 2429.9
1430440 2426.4
1430450 2421.4
1430460 2421.4
1430470 2416.9
1430480 2416.4
1430490 2417.4
1430500 2417.4
1430510 2416.1
1430520 2414.4
1430530 2414.4
1430540 2411.0
1430550 2410.8
1430560 2410.8
1430570 2415.1
1430580 2419.9
1430590 2419.9
1430600 2422.2
1430610 2424.8
1430620 2424.8
1430630 2430.7
1430640 2434.5
1430650 2434.5
1430660 2437.4
1430670 2442.3
1430680 2442.3
1430690 2445.8
1430700 2445.9
1430710 2446.5
1430720 2446.5
1430730 2448.5
1430740 2450.4
1430750 2450.4
1430760 2450.7
1430770 2450.3
1430780 2450.3
1430790 2448.1
1430800 2444.4
1430810 2444.4
1430820 2444.8
1430830 2444.8
1430840 2444.8
1430850 2442.4
1430860 2442.2
1430870 2442.2
1430880 2441.8
1430890 2443.4
1430900 2443.4
1430910 2451.0
1430920 2458.2
1430930 2461.9
1430940 2461.9
1430950 2466.9
1430960 2468.9
1430970 2468.9
1430980 2469.5
1430990 2472.2
1431000 2472.2
1431010 2476.8
1431020 2483.6
1431030 2483.6
1431040 2492.1
1431050 2498.7
1431060 2498.7
1431070 2507.4
1431080 2516.9
1431090 2516.9
1431100 2521.3
1431110 2524.6
1431120 2524.6
1431130 2526.8
1431140 2530.4
1431150 2533.5
1431160 2533.5
1431170 2535.2
1431180 2535.0
1431190 2535.0
1431200 2533.1
1431210 2533.5
1431220 2533.5
1431230 2534.4
1431240 2534.0
1431250 2534.0
1431260 2533.1
1431270 2532.4
1431280 2532.4
1431290 2535.6
1431300 2537.5
1431310 2537.5
1431320 2542.4
1431330 2549.1
1431340 2549.1
1431350 2555.0
1431360 2557.9
1431370 2561.0
1431380 2561.0
1431390 2564.6
1431400 2569.5
1431410 2569.5
1431420 2574.4
1431430 2578.7
1431440 2578.7
1431450 2583.2
1431460 2588.5
1431470 2588.5
1431480 2594.2
1431490 2600.7
1431500 2600.7
1431510 2605.9
1431520 2612.4
1431530 2612.4
1431540 2619.0
1431550 2625.1
1431560 2625.1
1431570 2632.1
1431580 2631.9
1431590 2610.2
1431600 2610.2
1431610 2596.5
1431620 2583.8
1431630 2583.8
1431640 2563.1
1431650 2545.5
1431660 2545.5
1431670 2533.6
1431680 2524.6
1431690 2524.6
1431700 2513.8
1431710 2499.8
1431720 2499.8
1431730 2490.2
1431740 2482.6
1431750 2482.6
1431760 2475.1
1431770 2468.1
1431780 2468.1
1431790 2461.2
1431800 2454.6
1431810 2448.5
1431820 2448.5
1431830 2442.8
1431840 2437.6
1431850 2437.6
1431860 2433.2
1431870 2429.6
1431880 2429.6
1431890 2427.1
1431900 2424.8
1431910 2424.8
1431920 2422.6
1431930 2421.2
1431940 2421.2
1431950 2421.0
1431960 2421.9
1431970 2421.9
1431980 2421.5
1431990 2423.2
1432000 2423.2
1432010 2425.9
1432020 2425.6
1432030 2426.7
1432040 2426.7
1432050 2425.8
1432060 2425.1
1432070 2425.1
1432080 2426.0
1432090 2426.0
1432100 2426.0
1432110 2424.8
1432120 2422.4
1432130 2422.4
1432140 2419.8
1432150 2418.7
1432160 2418.7
1432170 2417.1
1432180 2416.1
1432190 2416.1
1432200 2414.0
1432210 2414.9
1432220 2414.9
1432230 2416.3
1432240 2416.3
1432250 2417.7
1432260 2417.7
1432270 2419.0
1432280 2419.4
1432290 2419.4
1432300 2419.7
1432310 2419.8
1432320 2419.8
1432330 2418.9
1432340 2417.9
1432350 2417.9
1432360 2416.3
1432370 2415.0
1432380 2415.0
1432390 2411.9
1432400 2412.8
1432410 2412.8
1432420 2413.3
1432430 2414.3
1432440 2415.6
1432450 2415.6
1432460 2418.3
1432470 2419.2
1432480 2419.2
1432490 2418.6
1432500 2420.6
1432510 2420.6
1432520 2422.8
1432530 2424.0
1432540 2424.0
1432550 2426.6
1432560 2429.4
1432570 2429.4
1432580 2432.4
1432590 2435.7
1432600 2435.7
1432610 2438.3
1432620 2439.6
1432630 2439.6
1432640 2440.7
1432650 2441.2
1432660 2441.0
1432670 2441.0
1432680 2440.4
1432690 2440.7
1432700 2440.7
1432710 2441.6
1432720 2443.6
1432730 2443.6
1432740 2447.1
1432750 2450.0
1432760 2450.0
1432770 2451.2
1432780 2453.3
1432790 2453.3
1432800 2455.4
1432810 2457.8
1432820 2457.8
1432830 2461.2
1432840 2465.8
1432850 2465.8
1432860 2471.4
1432870 2476.4
1432880 2483.8
1432890 2483.8
1432900 2491.1
1432910 2497.1
1432920 2497.1
1432930 2502.1
1432940 2507.0
1432950 2507.0
1432960 2511.9
1432970 2518.7
1432980 2518.7
1432990 2525.6
1433000 2522.2
1433010 2522.2
1433020 2506.7
1433030 2497.3
1433040 2497.3
1433050 2489.2
1433060 2482.3
1433070 2482.3
1433080 2476.7
1433090 2471.7
1433100 2467.8
1433110 2467.8
1433120 2464.1
1433130 2460.2
1433140 2460.2
1433150 2456.1
1433160 2451.3
1433170 2451.3
1433180 2447.6
1433190 2445.1
1433200 2445.1
1433210 2444.5
1433220 2443.7
1433230 2443.7
1433240 2443.8
1433250 2444.5
1433260 2444.5
1433270 2444.1
1433280 2441.3
1433290 2441.3
1433300 2438.8
1433310 2439.3
1433320 2438.4
1433330 2438.4
1433340 2438.2
1433350 2437.8
1433360 2437.8
1433370 2436.1
1433380 2433.8
1433390 2433.8
1433400 2432.0
1433410 2431.3
1433420 2431.3
1433430 2429.3
1433440 2427.8
1433450 2427.8
1433460 2426.2
1433470 2424.9
1433480 2424.9
1433490 2424.0
1433500 2423.1
1433510 2423.1
1433520 2420.1
1433530 2414.4
1433540 2409.5
1433550 2409.5
1433560 2406.2
1433570 2408.6
1433580 2408.6
1433590 2414.3
1433600 2420.9
1433610 2420.9
1433620 2428.0
1433630 2431.9
1433640 2431.9
1433650 2435.4
1433660 2438.4
1433670 2438.4
1433680 2441.5
1433690 2444.9
1433700 2444.9
1433710 2447.0
1433720 2447.8
1433730 2447.8
1433740 2446.1
1433750 2426.9
1433760 2420.2
1433770 2420.2
1433780 2416.1
1433790 2413.4
1433800 2413.4
1433810 2414.3
1433820 2416.3
1433830 2416.3
1433840 2417.8
1433850 2419.1
1433860 2419.1
1433870 2418.2
1433880 2412.9
1433890 2412.9
1433900 2408.7
1433910 2410.6
1433920 2410.6
1433930 2416.2
1433940 2420.4
1433950 2420.4
1433960 2423.7
1433970 2426.2
1433980 2430.1
1433990 2430.1
1434000 2434.0
1434010 2437.7
1434020 2437.7
1434030 2440.6
1434040 2442.6
1434050 2442.6
1434060 2444.3
1434070 2431.3
1434080 2431.3
1434090 2411.9
1434100 2406.6
1434110 2406.6
1434120 2404.1
1434130 2402.7
1434140 2402.7
1434150 2400.0
1434160 2399.5
1434170 2399.5
1434180 2401.9
1434190 2401.5
1434200 2400.8
1434210 2400.8
1434220 2405.5
1434230 2408.6
1434240 2408.6
1434250 2410.2
1434260 2412.2
1434270 2412.2
1434280 2413.8
1434290 2415.6
1434300 2415.6
1434310 2414.4
1434320 2411.0
1434330 2411.0
1434340 2412.7
1434350 2418.8
1434360 2418.8
1434370 2422.0
1434380 2426.5
1434390 2426.5
1434400 2431.3
1434410 2433.4
1434420 2432.8
1434430 2432.8
1434440 2430.9
1434450 2429.6
1434460 2429.6
1434470 2429.2
1434480 2428.8
1434490 2428.8
1434500 2422.5
1434510 2423.5
1434520 2423.5
1434530 2423.5
1434540 2423.1
1434550 2423.1
1434560 2426.3
1434570 2427.8
1434580 2427.8
1434590 2426.8
1434600 2426.1
1434610 2424.9
1434620 2424.9
1434630 2422.8
1434640 2420.3
1434650 2420.3
1434660 2416.7
1434670 2415.0
1434680 2415.0
1434690 2408.5
1434700 2409.4
1434710 2409.4
1434720 2416.0
1434730 2416.8
1434740 2416.8
1434750 2419.4
1434760 2422.3
1434770 2422.3
1434780 2423.2
1434790 2425.3
1434800 2425.3
1434810 2431.1
1434820 2433.6
1434830 2438.2
1434840 2438.2
1434850 2442.3
1434860 2446.5
1434870 2446.5
1434880 2451.0
1434890 2454.6
1434900 2454.6
1434910 2457.7
1434920 2461.7
1434930 2461.7
1434940 2467.1
1434950 2473.3
1434960 2473.3
1434970 2479.1
1434980 2484.8
1434990 2484.8
1435000 2490.5
1435010 2496.8
1435020 2496.8
1435030 2504.1
1435040 2512.8
1435050 2517.1
1435060 2517.1
1435070 2519.5
1435080 2520.3
1435090 2520.3
1435100 2519.0
1435110 2514.2
1435120 2514.2
1435130 2504.9
1435140 2494.9
1435150 2494.9
1435160 2486.8
1435170 2485.1
1435180 2485.1
1435190 2484.3
1435200 2489.9
1435210 2489.9
1435220 2494.1
1435230 2494.6
1435240 2494.6
1435250 2494.7
1435260 2494.6
1435270 2495.7
1435280 2495.7
1435290 2495.6
1435300 2496.5
1435310 2496.5
1435320 2498.0
1435330 2499.7
1435340 2499.7
1435350 2500.9
1435360 2501.6
1435370 2501.6
1435380 2501.8
1435390 2500.5
1435400 2500.5
1435410 2505.3
1435420 2512.1
1435430 2512.1
1435440 2516.3
1435450 2519.4
1435460 2519.4
1435470 2522.5
1435480 2525.3
1435490 2528.4
1435500 2528.4
1435510 2530.5
1435520 2530.5
1435530 2530.5
1435540 2528.3
1435550 2525.3
1435560 2525.3
1435570 2522.1
1435580 2515.9
1435590 2515.9
1435600 2510.7
1435610 2508.6
1435620 2508.6
1435630 2509.1
1435640 2509.7
1435650 2509.7
1435660 2510.5
1435670 2510.7
1435680 2510.7
1435690 2510.2
1435700 2509.8
1435710 2507.1
1435720 2507.1
1435730 2504.4
1435740 2509.5
1435750 2509.5
1435760 2516.7
1435770 2523.8
1435780 2523.8
1435790 2528.6
1435800 2532.9
1435810 2532.9
1435820 2538.7
1435830 2541.3
1435840 2541.3
1435850 2543.9
1435860 2548.7
1435870 2548.7
1435880 2552.7
1435890 2556.1
1435900 2556.1
1435910 2559.4
1435920 2560.1
1435930 2559.1
1435940 2559.1
1435950 2559.4
1435960 2561.7
1435970 2561.7
1435980 2566.5
1435990 2572.0
1436000 2572.0
1436010 2578.0
1436020 2582.6
1436030 2582.6
1436040 2586.4
1436050 2590.0
1436060 2590.0
1436070 2587.7
1436080 2577.1
1436090 2577.1
1436100 2570.0
1436110 2567.8
1436120 2567.8
1436130 2565.4
1436140 2563.7
1436150 2562.7
1436160 2562.7
1436170 2559.6
1436180 2558.2
1436190 2558.2
1436200 2554.2
1436210 2548.5
1436220 2548.5
1436230 2548.7
1436240 2547.6
1436250 2547.6
1436260 2543.3
1436270 2537.5
1436280 2537.5
1436290 2539.1
1436300 2545.1
1436310 2545.1
1436320 2549.0
1436330 2549.7
1436340 2549.7
1436350 2550.2
1436360 2552.0
1436370 2557.0
1436380 2557.0
1436390 2563.6
1436400 2569.8
1436410 2569.8
1436420 2575.8
1436430 2582.1
1436440 2582.1
1436450 2588.1
1436460 2593.1
1436470 2593.1
1436480 2597.6
1436490 2601.0
1436500 2601.0
1436510 2603.4
1436520 2606.0
1436530 2606.0
1436540 2608.5
1436550 2611.1
1436560 2611.1
1436570 2613.9
1436580 2617.4
1436590 2621.0
1436600 2621.0
1436610 2623.8
1436620 2626.8
1436630 2626.8
1436640 2630.1
1436650 2631.9
1436660 2631.9
1436670 2630.5
1436680 2630.3
1436690 2630.3
1436700 2631.8
1436710 2630.0
1436720 2630.0
1436730 2630.3
1436740 2622.3
1436750 2622.3
1436760 2620.4
1436770 2617.4
1436780 2617.4
1436790 2613.0
1436800 2615.9
1436810 2617.5
1436820 2617.5
1436830 2617.9
1436840 2619.7
1436850 2619.7
1436860 2622.9
1436870 2625.7
1436880 2625.7
1436890 2626.4
1436900 2628.0
1436910 2628.0
1436920 2630.0
1436930 2632.3
1436940 2632.3
1436950 2634.1
1436960 2635.5
1436970 2635.5
1436980 2638.1
1436990 2643.4
1437000 2646.7
1437010 2646.7
1437020 2648.7
1437030 2650.8
1437040 2650.8
1437050 2652.9
1437060 2655.7
1437070 2655.7
1437080 2659.1
1437090 2661.4
1437100 2654.9
1437110 2655.1
1437120 2659.7
1437130 2659.7
1437140 2664.3
1437150 2666.6
1437160 2666.6
1437170 2668.5
1437180 2670.9
1437190 2670.9
1437200 2672.8
1437210 2676.0
1437220 2680.7
1437230 2680.7
1437240 2684.3
1437250 2687.5
1437260 2687.5
1437270 2691.4
1437280 2696.0
1437290 2696.0
1437300 2700.9
1437310 2705.6
1437320 2705.6
1437330 2709.4
1437340 2712.1
1437350 2712.1
1437360 2710.3
1437370 2700.2
1437380 2700.2
1437390 2671.9
1437400 2654.3
1437410 2654.3
1437420 2650.7
1437430 2649.0
1437440 2648.4
1437450 2648.4
1437460 2649.2
1437470 2649.8
1437480 2649.8
1437490 2649.2
1437500 2649.1
1437510 2649.1
1437520 2648.2
1437530 2645.9
1437540 2645.9
1437550 2643.2
1437560 2640.2
1437570 2640.2
1437580 2637.5
1437590 2636.6
1437600 2636.6
1437610 2635.2
1437620 2634.3
1437630 2634.3
1437640 2634.6
1437650 2635.8
1437660 2637.3
1437670 2637.3
1437680 2638.5
1437690 2640.1
1437700 2640.1
1437710 2641.3
1437720 2643.5
1437730 2643.5
1437740 2645.7
1437750 2648.2
1437760 2648.2
1437770 2652.4
1437780 2657.4
1437790 2657.4
1437800 2662.7
1437810 2667.2
1437820 2667.2
1437830 2670.1
1437840 2670.9
1437850 2670.9
1437860 2671.4
1437870 2672.5
1437880 2675.7
1437890 2675.7
1437900 2678.6
1437910 2679.7
1437920 2679.7
1437930 2681.2
1437940 2682.8
1437950 2682.8
1437960 2684.6
1437970 2686.9
1437980 2686.9
1437990 2689.6
1438000 2690.9
1438010 2690.9
1438020 2691.6
1438030 2694.0
1438040 2694.0
1438050 2697.4
1438060 2700.2
1438070 2700.2
1438080 2702.6
1438090 2704.9
1438100 2707.1
1438110 2707.1
1438120 2710.9
1438130 2714.8
1438140 2714.8
1438150 2717.8
1438160 2719.9
1438170 2719.9
1438180 2720.8
1438190 2721.0
1438200 2721.0
1438210 2722.8
1438220 2726.1
1438230 2726.1
1438240 2727.6
1438250 2729.1
1438260 2729.1
1438270 2730.9
1438280 2731.9
1438290 2731.9
1438300 2732.3
1438310 2732.2
1438320 2733.8
1438330 2733.8
1438340 2736.1
1438350 2738.2
1438360 2738.2
1438370 2740.5
1438380 2742.6
1438390 2742.6
1438400 2743.8
1438410 2745.5
1438420 2745.5
1438430 2747.3
1438440 2749.4
1438450 2749.4
1438460 2751.2
1438470 2752.7
1438480 2752.7
1438490 2753.8
1438500 2755.5
1438510 2755.5
1438520 2757.1
1438530 2759.5
1438540 2761.3
1438550 2761.3
1438560 2762.3
1438570 2764.1
1438580 2764.1
1438590 2765.9
1438600 2767.8
1438610 2767.8
1438620 2769.5
1438630 2771.9
1438640 2771.9
1438650 2773.5
1438660 2775.2
1438670 2775.2
1438680 2776.5
1438690 2778.9
1438700 2778.9
1438710 2781.4
1438720 2783.9
1438730 2783.9
1438740 2785.6
1438750 2785.7
1438760 2785.1
1438770 2785.1
1438780 2785.2
1438790 2785.8
1438800 2785.8
1438810 2787.4
1438820 2787.8
1438830 2787.8
1438840 2787.5
1438850 2787.8
1438860 2787.8
1438870 2789.2
1438880 2789.2
1438890 2789.2
1438900 2790.0
1438910 2793.1
1438920 2793.1
1438930 2795.5
1438940 2797.7
1438950 2797.7
1438960 2800.2
1438970 2801.9
1438980 2803.3
1438990 2803.3
1439000 2803.5
1439010 2804.2
1439020 2804.2
1439030 2805.8
1439040 2808.0
1439050 2808.0
1439060 2809.1
1439070 2808.9
1439080 2808.9
1439090 2808.9
1439100 2808.6
1439110 2808.6
1439120 2808.7
1439130 2807.6
1439140 2807.6
1439150 2807.7
1439160 2807.8
1439170 2808.4
1439180 2808.4
1439190 2811.4
1439200 2817.4
1439210 2817.4
1439220 2825.5
1439230 2830.5
1439240 2830.5
1439250 2837.6
1439260 2847.3
1439270 2847.3
1439280 2856.1
1439290 2865.2
1439300 2865.2
1439310 2870.7
1439320 2853.7
1439330 2853.7
1439340 2835.5
1439350 2835.3
1439360 2835.3
1439370 2842.0
1439380 2854.7
1439390 2867.5
1439400 2867.5
1439410 2879.7
1439420 2889.7
1439430 2889.7
1439440 2902.0
1439450 2922.9
1439460 2922.9
1439470 2937.9
1439480 2949.2
1439490 2949.2
1439500 2959.7
1439510 2969.4
1439520 2969.4
1439530 2975.8
1439540 2982.0
1439550 2982.0
1439560 2989.1
1439570 2990.6
1439580 2990.6
1439590 2991.7
1439600 2997.6
1439610 3009.7
1439620 3009.7
1439630 3031.5
1439640 3044.2
1439650 3044.2
1439660 3051.3
1439670 3057.6
1439680 3057.6
1439690 3064.3
1439700 3071.2
1439710 3071.2
1439720 3077.8
1439730 3085.1
1439740 3085.1
1439750 3093.0
1439760 3100.9
1439770 3100.9
1439780 3108.2
1439790 3117.3
1439800 3117.3
1439810 3125.3
1439820 3131.0
1439830 3136.8
1439840 3136.8
1439850 3140.6
1439860 3142.2
1439870 3142.2
1439880 3145.8
1439890 3150.7
1439900 3150.7
1439910 3157.1
1439920 3161.5
1439930 3161.5
1439940 3163.7
1439950 3164.4
1439960 3164.4
1439970 3164.7
1439980 3165.1
1439990 3165.1
