1420000 2824.0
1420010 2829.4
1420020 2831.3
1420030 2831.3
1420040 2809.4
1420050 2793.7
1420060 2793.7
1420070 2779.1
1420080 2765.3
1420090 2765.3
1420100 2754.6
1420110 2743.3
1420120 2733.5
1420130 2733.5
1420140 2719.8
1420150 2695.8
1420160 2695.8
1420170 2669.3
1420180 2641.8
1420190 2641.8
1420200 2630.1
1420210 2623.3
1420220 2623.3
1420230 2616.5
1420240 2609.7
1420250 2609.7
1420260 2599.1
1420270 2583.9
1420280 2583.9
1420290 2568.2
1420300 2557.7
1420310 2557.7
1420320 2549.8
1420330 2542.5
1420340 2535.2
1420350 2535.2
1420360 2528.1
1420370 2520.6
1420380 2520.6
1420390 2513.5
1420400 2506.3
1420410 2506.3
1420420 2498.8
1420430 2491.4
1420440 2491.4
1420450 2484.3
1420460 2477.6
1420470 2477.6
1420480 2471.2
1420490 2465.3
1420500 2465.3
1420510 2460.3
1420520 2456.7
1420530 2456.7
1420540 2453.4
1420550 2450.9
1420560 2449.4
1420570 2449.4
1420580 2448.4
1420590 2446.6
1420600 2446.6
1420610 2444.1
1420620 2441.9
1420630 2441.9
1420640 2440.1
1420650 2439.0
1420660 2439.0
1420670 2437.2
1420680 2433.1
1420690 2433.1
1420700 2427.5
1420710 2420.3
1420720 2420.3
1420730 2410.8
1420740 2396.9
1420750 2396.9
1420760 2364.0
1420770 2338.9
1420780 2330.4
1420790 2330.4
1420800 2324.1
1420810 2317.5
1420820 2317.5
1420830 2311.2
1420840 2305.6
1420850 2305.6
1420860 2300.5
1420870 2295.2
1420880 2295.2
1420890 2289.8
1420900 2284.3
1420910 2284.3
1420920 2279.3
1420930 2273.9
1420940 2273.9
1420950 2272.1
1420960 2271.7
1420970 2271.7
1420980 2266.8
1420990 2264.5
1421000 2262.4
1421010 2262.4
1421020 2260.4
1421030 2254.8
1421040 2254.8
1421050 2250.7
1421060 2249.4
1421070 2249.4
1421080 2243.9
1421090 2243.7
1421100 2243.7
1421110 2241.0
1421120 2234.7
1421130 2234.7
1421140 2229.1
1421150 2224.5
1421160 2224.5
1421170 2220.1
1421180 2216.4
1421190 2216.4
1421200 2221.2
1421210 2230.0
1421220 2238.5
1421230 2238.5
1421240 2244.4
1421250 2252.1
1421260 2252.1
1421270 2260.1
1421280 2268.2
1421290 2268.2
1421300 2276.7
1421310 2284.2
1421320 2284.2
1421330 2289.5
1421340 2290.9
1421350 2290.9
1421360 2290.7
1421370 2291.4
1421380 2291.4
1421390 2293.6
1421400 2297.6
1421410 2297.6
1421420 2299.2
1421430 2302.2
1421440 2305.8
1421450 2305.8
1421460 2310.6
1421470 2316.2
1421480 2316.2
1421490 2319.7
1421500 2321.9
1421510 2321.9
1421520 2325.8
1421530 2329.9
1421540 2329.9
1421550 2336.0
1421560 2339.0
1421570 2339.0
1421580 2333.6
1421590 2327.8
1421600 2327.8
1421610 2331.1
1421620 2338.3
1421630 2338.3
1421640 2346.6
1421650 2354.8
1421660 2358.7
1421670 2358.7
1421680 2359.5
1421690 2361.9
1421700 2361.9
1421710 2366.9
1421720 2374.0
1421730 2374.0
1421740 2378.9
1421750 2381.3
1421760 2381.3
1421770 2383.3
1421780 2385.8
1421790 2385.8
1421800 2388.9
1421810 2391.0
1421820 2391.0
1421830 2393.0
1421840 2391.5
1421850 2391.5
1421860 2390.5
1421870 2392.8
1421880 2393.6
1421890 2393.6
1421900 2392.7
1421910 2398.1
1421920 2398.1
1421930 2404.7
1421940 2410.8
1421950 2410.8
1421960 2417.4
1421970 2424.7
1421980 2424.7
1421990 2432.1
1422000 2438.5
1422010 2438.5
1422020 2444.3
1422030 2450.0
1422040 2450.0
1422050 2456.0
1422060 2462.1
1422070 2462.1
1422080 2467.4
1422090 2472.2
1422100 2476.8
1422110 2476.8
1422120 2480.6
1422130 2484.3
1422140 2484.3
1422150 2487.2
1422160 2489.9
1422170 2489.9
1422180 2492.3
1422190 2493.9
1422200 2493.9
1422210 2496.3
1422220 2497.8
1422230 2497.8
1422240 2500.3
1422250 2501.6
1422260 2501.6
1422270 2502.5
1422280 2503.5
1422290 2503.5
1422300 2506.9
1422310 2510.2
1422320 2513.3
1422330 2513.3
1422340 2515.9
1422350 2519.5
1422360 2519.5
1422370 2522.4
1422380 2522.8
1422390 2522.8
1422400 2522.1
1422410 2522.4
1422420 2522.4
1422430 2521.2
1422440 2520.7
1422450 2520.7
1422460 2521.8
1422470 2520.5
1422480 2520.5
1422490 2521.6
1422500 2523.3
1422510 2523.3
1422520 2523.3
1422530 2525.2
1422540 2528.8
1422550 2528.8
1422560 2532.2
1422570 2536.2
1422580 2536.2
1422590 2540.1
1422600 2542.5
1422610 2542.5
1422620 2543.0
1422630 2545.0
1422640 2545.0
1422650 2547.7
1422660 2551.7
1422670 2551.7
1422680 2555.6
1422690 2557.7
1422700 2557.7
1422710 2559.4
1422720 2565.3
1422730 2565.3
1422740 2572.7
1422750 2577.4
1422760 2581.3
1422770 2581.3
1422780 2583.6
1422790 2585.1
1422800 2585.1
1422810 2587.1
1422820 2589.5
1422830 2589.5
1422840 2592.6
1422850 2596.2
1422860 2596.2
1422870 2599.4
1422880 2601.3
1422890 2601.3
1422900 2602.2
1422910 2604.2
1422920 2604.2
1422930 2606.3
1422940 2608.1
1422950 2609.6
1422960 2609.6
1422970 2611.3
1422980 2613.2
1422990 2613.2
1423000 2614.7
1423010 2615.1
1423020 2615.1
1423030 2619.1
1423040 2623.2
1423050 2623.2
1423060 2628.0
1423070 2633.2
1423080 2633.2
1423090 2638.8
1423100 2644.5
1423110 2644.5
1423120 2649.0
1423130 2653.3
1423140 2653.3
1423150 2659.5
1423160 2666.2
1423170 2671.8
1423180 2671.8
1423190 2678.2
1423200 2685.0
1423210 2685.0
1423220 2692.2
1423230 2699.3
1423240 2699.3
1423250 2704.8
1423260 2709.5
1423270 2709.5
1423280 2713.8
1423290 2718.8
1423300 2718.8
1423310 2723.4
1423320 2729.2
1423330 2729.2
1423340 2735.9
1423350 2741.9
1423360 2741.9
1423370 2746.8
1423380 2751.7
1423390 2756.6
1423400 2756.6
1423410 2761.8
1423420 2768.0
1423430 2768.0
1423440 2774.3
1423450 2780.5
1423460 2780.5
1423470 2786.7
1423480 2793.1
1423490 2793.1
1423500 2799.6
1423510 2806.3
1423520 2806.3
1423530 2813.1
1423540 2819.5
1423550 2819.5
1423560 2826.5
1423570 2833.6
1423580 2833.6
1423590 2840.7
1423600 2846.9
1423610 2853.3
1423620 2853.3
1423630 2860.3
1423640 2868.3
1423650 2868.3
1423660 2877.2
1423670 2886.1
1423680 2886.1
1423690 2895.2
1423700 2904.3
1423710 2904.3
1423720 2912.5
1423730 2921.6
1423740 2921.6
1423750 2931.1
1423760 2940.7
1423770 2940.7
1423780 2951.8
1423790 2961.3
1423800 2961.3
1423810 2970.6
1423820 2978.0
1423830 2984.2
1423840 2984.2
1423850 2988.5
1423860 2990.6
1423870 2990.6
1423880 2992.2
1423890 2993.8
1423900 2993.8
1423910 2995.1
1423920 2996.5
1423930 2996.5
1423940 2998.2
1423950 2999.7
1423960 2999.7
1423970 3001.7
1423980 3004.4
1423990 3004.4
1424000 3007.5
1424010 3010.8
1424020 3010.8
1424030 3013.2
1424040 3014.5
1424050 3015.7
1424060 3015.7
1424070 3016.8
1424080 3018.0
1424090 3018.0
1424100 3019.2
1424110 3019.9
1424120 3019.9
1424130 3020.5
1424140 3020.3
1424150 3020.3
1424160 3019.7
1424170 3020.2
1424180 3020.2
1424190 3020.4
1424200 3021.0
1424210 3021.0
1424220 3022.6
1424230 3024.8
1424240 3024.8
1424250 3026.2
1424260 3026.9
1424270 3027.3
1424280 3027.3
1424290 3027.4
1424300 3027.3
1424310 3027.3
1424320 3026.9
1424330 3018.1
1424340 3018.1
1424350 3004.6
1424360 2992.1
1424370 2992.1
1424380 2977.9
1424390 2961.9
1424400 2961.9
1424410 2948.4
1424420 2935.7
1424430 2935.7
1424440 2924.9
1424450 2914.7
1424460 2914.7
1424470 2904.4
1424480 2894.7
1424490 2887.8
1424500 2887.8
1424510 2881.2
1424520 2872.0
1424530 2872.0
1424540 2865.1
1424550 2858.7
1424560 2858.7
1424570 2852.1
1424580 2845.6
1424590 2845.6
1424600 2839.0
1424610 2832.5
1424620 2832.5
1424630 2826.1
1424640 2820.1
1424650 2820.1
1424660 2814.2
1424670 2808.6
1424680 2808.6
1424690 2803.4
1424700 2798.2
1424710 2793.8
1424720 2793.8
1424730 2790.6
1424740 2788.6
1424750 2788.6
1424760 2787.0
1424770 2784.7
1424780 2784.7
1424790 2780.9
1424800 2775.3
1424810 2775.3
1424820 2764.7
1424830 2747.2
1424840 2747.2
1424850 2729.9
1424860 2721.6
1424870 2721.6
1424880 2715.7
1424890 2710.9
1424900 2710.9
1424910 2704.4
1424920 2700.0
1424930 2695.9
1424940 2695.9
1424950 2693.2
1424960 2691.2
1424970 2691.2
1424980 2684.4
1424990 2675.5
1425000 2675.5
1425010 2668.3
1425020 2658.5
1425030 2658.5
1425040 2649.1
1425050 2641.2
1425060 2641.2
1425070 2632.5
1425080 2623.3
1425090 2623.3
1425100 2614.1
1425110 2606.9
1425120 2605.3
1425130 2598.4
1425140 2591.7
1425150 2586.3
1425160 2586.3
1425170 2583.0
1425180 2581.5
1425190 2581.5
1425200 2580.8
1425210 2580.5
1425220 2580.5
1425230 2581.5
1425240 2582.6
1425250 2582.6
1425260 2579.2
1425270 2572.7
1425280 2572.7
1425290 2567.7
1425300 2562.5
1425310 2562.5
1425320 2557.2
1425330 2553.1
1425340 2553.1
1425350 2549.4
1425360 2546.4
1425370 2543.9
1425380 2543.9
1425390 2541.1
1425400 2538.7
1425410 2538.7
1425420 2535.4
1425430 2530.8
1425440 2530.8
1425450 2525.5
1425460 2520.0
1425470 2520.0
1425480 2515.8
1425490 2512.5
1425500 2512.5
1425510 2509.3
1425520 2505.4
1425530 2505.4
1425540 2500.2
1425550 2491.7
1425560 2491.7
1425570 2481.7
1425580 2472.1
1425590 2463.7
1425600 2463.7
1425610 2455.6
1425620 2447.7
1425630 2447.7
1425640 2440.4
1425650 2434.2
1425660 2434.2
1425670 2428.8
1425680 2422.8
1425690 2422.8
1425700 2416.9
1425710 2410.9
1425720 2410.9
1425730 2404.8
1425740 2397.4
1425750 2397.4
1425760 2389.9
1425770 2383.0
1425780 2376.5
1425790 2376.5
1425800 2370.2
1425810 2363.9
1425820 2363.9
1425830 2358.1
1425840 2352.5
1425850 2352.5
1425860 2346.9
1425870 2341.5
1425880 2341.5
1425890 2336.4
1425900 2331.8
1425910 2331.8
1425920 2327.2
1425930 2323.0
1425940 2323.0
1425950 2318.8
1425960 2313.5
1425970 2313.5
1425980 2305.9
1425990 2296.6
1426000 2284.6
1426010 2284.6
1426020 2273.0
1426030 2262.5
1426040 2262.5
1426050 2253.3
1426060 2244.7
1426070 2244.7
1426080 2235.1
1426090 2226.1
1426100 2226.1
1426110 2219.1
1426120 2211.5
1426130 2211.5
1426140 2202.0
1426150 2194.5
1426160 2194.5
1426170 2186.5
1426180 2177.9
1426190 2177.9
1426200 2169.6
1426210 2162.3
1426220 2155.4
1426230 2155.4
1426240 2149.1
1426250 2142.8
1426260 2142.8
1426270 2135.9
1426280 2128.3
1426290 2128.3
1426300 2120.2
1426310 2111.7
1426320 2111.7
1426330 2101.7
1426340 2094.6
1426350 2094.6
1426360 2089.4
1426370 2085.1
1426380 2085.1
1426390 2080.8
1426400 2076.8
1426410 2076.8
1426420 2073.1
1426430 2069.2
1426440 2064.5
1426450 2064.5
1426460 2061.4
1426470 2059.7
1426480 2059.7
1426490 2058.4
1426500 2058.1
1426510 2058.1
1426520 2058.0
1426530 2057.7
1426540 2057.7
1426550 2057.0
1426560 2056.9
1426570 2056.9
1426580 2056.3
1426590 2056.2
1426600 2056.2
1426610 2056.3
1426620 2056.5
1426630 2056.5
1426640 2057.1
1426650 2058.8
1426660 2061.9
1426670 2061.9
1426680 2065.3
1426690 2068.6
1426700 2068.6
1426710 2071.9
1426720 2075.6
1426730 2075.6
1426740 2079.5
1426750 2083.3
1426760 2083.3
1426770 2087.7
1426780 2092.1
1426790 2092.1
1426800 2096.5
1426810 2101.6
1426820 2101.6
1426830 2107.5
1426840 2112.9
1426850 2112.9
1426860 2118.7
1426870 2125.9
1426880 2134.0
1426890 2134.0
1426900 2142.4
1426910 2151.3
1426920 2151.3
1426930 2159.6
1426940 2167.4
1426950 2167.4
1426960 2174.7
1426970 2181.1
1426980 2181.1
1426990 2187.9
1427000 2194.9
1427010 2194.9
1427020 2201.2
1427030 2205.4
1427040 2205.4
1427050 2208.3
1427060 2210.7
1427070 2210.7
1427080 2213.6
1427090 2216.7
1427100 2219.7
1427110 2219.7
1427120 2222.6
1427130 2225.5
1427140 2225.5
1427150 2228.1
1427160 2230.4
1427170 2230.4
1427180 2232.6
1427190 2235.8
1427200 2235.8
1427210 2240.2
1427220 2244.7
1427230 2244.7
1427240 2249.0
1427250 2253.1
1427260 2253.1
1427270 2256.8
1427280 2260.8
1427290 2254.0
1427300 2255.5
1427310 2260.4
1427320 2266.7
1427330 2266.7
1427340 2272.2
1427350 2278.2
1427360 2278.2
1427370 2285.1
1427380 2291.0
1427390 2291.0
1427400 2294.4
1427410 2297.2
1427420 2297.2
1427430 2302.5
1427440 2306.0
1427450 2306.0
1427460 2307.6
1427470 2308.7
1427480 2308.7
1427490 2311.0
1427500 2312.5
1427510 2312.5
1427520 2312.6
1427530 2312.3
1427540 2312.8
1427550 2312.8
1427560 2314.9
1427570 2318.5
1427580 2318.5
1427590 2323.6
1427600 2329.7
1427610 2329.7
1427620 2335.1
1427630 2339.9
1427640 2339.9
1427650 2341.9
1427660 2343.2
1427670 2343.2
1427680 2343.4
1427690 2343.2
1427700 2343.2
1427710 2343.7
1427720 2346.4
1427730 2346.4
1427740 2349.0
1427750 2350.0
1427760 2348.6
1427770 2348.6
1427780 2350.3
1427790 2356.5
1427800 2356.5
1427810 2362.7
1427820 2367.6
1427830 2367.6
1427840 2370.8
1427850 2374.5
1427860 2374.5
1427870 2378.4
1427880 2381.8
1427890 2381.8
1427900 2385.7
1427910 2390.0
1427920 2390.0
1427930 2394.3
1427940 2399.0
1427950 2399.0
1427960 2404.0
1427970 2408.9
1427980 2414.2
1427990 2414.2
1428000 2419.5
1428010 2425.3
1428020 2425.3
1428030 2432.3
1428040 2438.3
1428050 2438.3
1428060 2443.2
1428070 2448.6
1428080 2448.6
1428090 2453.3
1428100 2458.0
1428110 2458.0
1428120 2463.1
1428130 2468.5
1428140 2468.5
1428150 2474.6
1428160 2481.3
1428170 2481.3
1428180 2489.0
1428190 2496.6
1428200 2504.1
1428210 2504.1
1428220 2510.9
1428230 2516.8
1428240 2516.8
1428250 2522.9
1428260 2528.9
1428270 2528.9
1428280 2535.0
1428290 2541.4
1428300 2541.4
1428310 2547.8
1428320 2554.7
1428330 2554.7
1428340 2562.2
1428350 2568.9
1428360 2568.9
1428370 2574.7
1428380 2580.5
1428390 2580.5
1428400 2585.0
1428410 2588.7
1428420 2592.9
1428430 2592.9
1428440 2597.8
1428450 2603.6
1428460 2603.6
1428470 2611.0
1428480 2618.2
1428490 2618.2
1428500 2624.3
1428510 2632.6
1428520 2632.6
1428530 2651.4
1428540 2669.3
1428550 2669.3
1428560 2677.1
1428570 2677.2
1428580 2677.2
1428590 2672.0
1428600 2661.1
1428610 2645.1
1428620 2645.1
1428630 2632.1
1428640 2618.7
1428650 2618.7
1428660 2608.5
1428670 2602.2
1428680 2602.2
1428690 2596.9
1428700 2591.9
1428710 2591.9
1428720 2586.0
1428730 2579.4
1428740 2579.4
1428750 2574.6
1428760 2570.7
1428770 2570.7
1428780 2567.1
1428790 2563.7
1428800 2563.7
1428810 2560.2
1428820 2558.1
1428830 2557.5
1428840 2557.5
1428850 2558.3
1428860 2559.0
1428870 2559.0
1428880 2555.8
1428890 2552.3
1428900 2552.3
1428910 2550.4
1428920 2548.6
1428930 2548.6
1428940 2545.9
1428950 2544.8
1428960 2544.8
1428970 2543.1
1428980 2541.0
1428990 2541.0
1429000 2540.5
1429010 2540.0
1429020 2540.0
1429030 2537.4
1429040 2532.5
1429050 2529.0
1429060 2529.0
1429070 2524.5
1429080 2518.9
1429090 2518.9
1429100 2515.3
1429110 2511.7
1429120 2511.7
1429130 2507.9
1429140 2505.4
1429150 2505.4
1429160 2503.2
1429170 2502.5
1429180 2502.5
1429190 2501.2
1429200 2499.4
1429210 2499.4
1429220 2497.9
1429230 2497.7
1429240 2497.7
1429250 2496.6
1429260 2494.7
1429270 2492.3
1429280 2492.3
1429290 2490.3
1429300 2487.8
1429310 2487.8
1429320 2486.9
1429330 2484.3
1429340 2484.3
1429350 2479.8
1429360 2478.2
1429370 2478.2
1429380 2475.1
1429390 2470.7
1429400 2470.7
1429410 2467.9
1429420 2465.7
1429430 2465.7
1429440 2465.5
1429450 2464.5
1429460 2464.5
1429470 2463.6
1429480 2463.5
1429490 2464.3
1429500 2464.3
1429510 2465.2
1429520 2465.5
1429530 2465.5
1429540 2464.9
1429550 2464.3
1429560 2462.9
1429570 2462.2
1429580 2460.5
1429590 2460.5
1429600 2456.0
1429610 2451.9
1429620 2451.9
1429630 2448.6
1429640 2445.7
1429650 2445.7
1429660 2443.0
1429670 2440.4
1429680 2440.4
1429690 2440.1
1429700 2441.7
1429710 2444.8
1429720 2444.8
1429730 2447.0
1429740 2448.9
1429750 2448.9
1429760 2450.5
1429770 2450.7
1429780 2450.7
1429790 2451.8
1429800 2454.0
1429810 2454.0
1429820 2456.1
1429830 2459.3
1429840 2459.3
1429850 2463.7
1429860 2468.3
1429870 2468.3
1429880 2474.0
1429890 2480.3
1429900 2480.3
1429910 2487.0
1429920 2493.6
1429930 2500.1
1429940 2500.1
1429950 2507.2
1429960 2514.7
1429970 2514.7
1429980 2522.7
1429990 2530.9
1430000 2530.9
1430010 2543.1
1430020 2578.2
1430030 2578.2
1430040 2585.5
1430050 2581.8
1430060 2581.8
1430070 2577.7
1430080 2573.9
1430090 2573.9
1430100 2570.6
1430110 2565.8
1430120 2565.8
1430130 2558.5
1430140 2551.3
1430150 2544.7
1430160 2544.7
1430170 2539.8
1430180 2535.6
1430190 2535.6
1430200 2533.5
1430210 2531.9
1430220 2531.9
1430230 2532.9
1430240 2533.9
1430250 2533.9
1430260 2533.0
1430270 2530.9
1430280 2530.9
1430290 2528.4
1430300 2526.0
1430310 2526.0
1430320 2524.6
1430330 2524.3
1430340 2524.3
1430350 2524.7
1430360 2523.5
1430370 2523.6
1430380 2523.6
1430390 2523.7
1430400 2523.9
1430410 2523.9
1430420 2524.0
1430430 2524.2
1430440 2524.2
1430450 2524.6
1430460 2524.1
1430470 2524.1
1430480 2525.8
1430490 2529.2
1430500 2529.2
1430510 2531.1
1430520 2533.0
1430530 2533.0
1430540 2535.9
1430550 2540.8
1430560 2540.8
1430570 2543.6
1430580 2545.5
1430590 2547.8
1430600 2547.8
1430610 2550.5
1430620 2552.6
1430630 2552.6
1430640 2553.7
1430650 2553.0
1430660 2553.0
1430670 2549.7
1430680 2544.1
1430690 2544.1
1430700 2537.6
1430710 2532.4
1430720 2532.4
1430730 2527.8
1430740 2523.5
1430750 2523.5
1430760 2519.6
1430770 2517.9
1430780 2517.9
1430790 2517.4
1430800 2517.5
1430810 2518.9
1430820 2518.9
1430830 2521.5
1430840 2523.7
1430850 2523.7
1430860 2525.0
1430870 2526.8
1430880 2526.8
1430890 2529.5
1430900 2532.4
1430910 2532.4
1430920 2534.6
1430930 2538.1
1430940 2538.1
1430950 2543.6
1430960 2547.7
1430970 2547.7
1430980 2550.1
1430990 2552.1
1431000 2552.1
1431010 2556.1
1431020 2559.1
1431030 2561.3
1431040 2561.3
1431050 2563.7
1431060 2568.1
1431070 2568.1
1431080 2570.2
1431090 2568.9
1431100 2568.9
1431110 2570.4
1431120 2573.4
1431130 2573.4
1431140 2576.3
1431150 2577.5
1431160 2577.5
1431170 2579.9
1431180 2581.4
1431190 2581.4
1431200 2581.6
1431210 2580.0
1431220 2580.0
1431230 2579.4
1431240 2580.0
1431250 2581.4
1431260 2581.4
1431270 2582.7
1431280 2585.3
1431290 2585.3
1431300 2588.9
1431310 2594.9
1431320 2594.9
1431330 2601.4
1431340 2606.1
1431350 2606.1
1431360 2608.8
1431370 2608.7
1431380 2608.7
1431390 2607.1
1431400 2607.7
1431410 2607.7
1431420 2610.5
1431430 2615.0
1431440 2615.0
1431450 2620.4
1431460 2625.1
1431470 2628.0
1431480 2628.0
1431490 2630.4
1431500 2633.1
1431510 2633.1
1431520 2635.1
1431530 2633.9
1431540 2633.9
1431550 2622.8
1431560 2610.2
1431570 2610.2
1431580 2601.1
1431590 2594.0
1431600 2594.0
1431610 2586.8
1431620 2579.5
1431630 2579.5
1431640 2570.2
1431650 2557.0
1431660 2544.8
1431670 2544.8
1431680 2532.3
1431690 2526.9
1431700 2526.9
1431710 2522.5
1431720 2518.2
1431730 2518.2
1431740 2513.8
1431750 2509.9
1431760 2509.9
1431770 2506.4
1431780 2502.5
1431790 2502.5
1431800 2498.3
1431810 2495.4
1431820 2495.4
1431830 2493.0
1431840 2488.3
1431850 2488.3
1431860 2482.6
1431870 2476.7
1431880 2470.4
1431890 2470.4
1431900 2464.0
1431910 2458.4
1431920 2456.5
1431930 2451.6
1431940 2449.2
1431950 2449.2
1431960 2444.5
1431970 2440.5
1431980 2440.5
1431990 2438.6
1432000 2438.6
1432010 2438.6
1432020 2441.6
1432030 2443.5
1432040 2443.5
1432050 2444.2
1432060 2445.9
1432070 2445.9
1432080 2449.0
1432090 2452.8
1432100 2456.1
1432110 2456.1
1432120 2459.9
1432130 2462.7
1432140 2462.7
1432150 2464.8
1432160 2465.6
1432170 2465.6
1432180 2466.1
1432190 2466.1
1432200 2466.1
1432210 2465.1
1432220 2465.5
1432230 2465.5
1432240 2468.7
1432250 2472.1
1432260 2472.1
1432270 2474.3
1432280 2475.2
1432290 2475.2
1432300 2477.0
1432310 2479.3
1432320 2481.9
1432330 2481.9
1432340 2484.3
1432350 2483.2
1432360 2483.2
1432370 2478.8
1432380 2476.4
1432390 2476.4
1432400 2474.2
1432410 2472.5
1432420 2472.5
1432430 2471.2
1432440 2468.5
1432450 2468.5
1432460 2467.0
1432470 2468.7
1432480 2468.7
1432490 2470.6
1432500 2468.3
1432510 2468.3
1432520 2470.7
1432530 2475.9
1432540 2482.0
1432550 2482.0
1432560 2486.9
1432570 2491.5
1432580 2491.5
1432590 2495.2
1432600 2497.9
1432610 2497.9
1432620 2499.0
1432630 2501.8
1432640 2501.8
1432650 2505.1
1432660 2506.3
1432670 2506.3
1432680 2506.5
1432690 2505.4
1432700 2505.4
1432710 2503.2
1432720 2500.4
1432730 2500.4
1432740 2496.7
1432750 2493.9
1432760 2493.1
1432770 2493.1
1432780 2492.5
1432790 2492.3
1432800 2492.3
1432810 2493.4
1432820 2496.6
1432830 2496.6
1432840 2500.5
1432850 2505.5
1432860 2505.5
1432870 2512.8
1432880 2522.9
1432890 2522.9
1432900 2530.1
1432910 2536.7
1432920 2536.7
1432930 2545.5
1432940 2551.5
1432950 2551.5
1432960 2555.5
1432970 2559.4
1432980 2562.7
1432990 2562.7
1433000 2565.6
1433010 2568.4
1433020 2568.4
1433030 2571.3
1433040 2575.2
1433050 2575.2
1433060 2579.0
1433070 2581.6
1433080 2581.6
1433090 2585.4
1433100 2589.0
1433110 2589.0
1433120 2592.2
1433130 2596.2
1433140 2596.2
1433150 2600.8
1433160 2606.7
1433170 2606.7
1433180 2613.4
1433190 2620.0
1433200 2628.3
1433210 2628.3
1433220 2638.1
1433230 2645.5
1433240 2645.5
1433250 2650.3
1433260 2654.0
1433270 2654.0
1433280 2656.9
1433290 2660.0
1433300 2660.0
1433310 2662.3
1433320 2663.8
1433330 2663.8
1433340 2664.9
1433350 2665.8
1433360 2665.8
1433370 2667.1
1433380 2668.7
1433390 2668.7
1433400 2670.3
1433410 2671.3
1433420 2671.8
1433430 2671.8
1433440 2671.5
1433450 2670.4
1433460 2670.4
1433470 2670.6
1433480 2671.3
1433490 2671.3
1433500 2671.3
1433510 2670.3
1433520 2670.3
1433530 2670.2
1433540 2671.9
1433550 2671.9
1433560 2671.5
1433570 2670.5
1433580 2670.5
1433590 2668.7
1433600 2667.7
1433610 2667.7
1433620 2665.7
1433630 2669.9
1433640 2672.4
1433650 2672.4
1433660 2672.7
1433670 2664.1
1433680 2664.1
1433690 2649.4
1433700 2644.9
1433710 2644.9
1433720 2645.1
1433730 2646.2
1433740 2646.2
1433750 2647.2
1433760 2653.8
1433770 2653.8
1433780 2659.7
1433790 2664.5
1433800 2664.5
1433810 2664.0
1433820 2655.1
1433830 2655.1
1433840 2647.7
1433850 2646.5
1433860 2649.2
1433870 2649.2
1433880 2645.4
1433890 2640.5
1433900 2640.5
1433910 2638.0
1433920 2638.9
1433930 2638.9
1433940 2644.1
1433950 2648.6
1433960 2648.6
1433970 2647.8
1433980 2645.1
1433990 2645.1
1434000 2641.9
1434010 2639.8
1434020 2639.8
1434030 2638.0
1434040 2636.7
1434050 2636.7
1434060 2638.0
1434070 2641.1
1434080 2641.4
1434090 2641.4
1434100 2642.3
1434110 2642.3
1434120 2642.3
1434130 2641.9
1434140 2643.9
1434150 2643.9
1434160 2647.6
1434170 2649.5
1434180 2649.5
1434190 2650.5
1434200 2651.6
1434210 2651.6
1434220 2651.4
1434230 2651.5
1434240 2651.5
1434250 2655.3
1434260 2658.3
1434270 2658.3
1434280 2659.4
1434290 2659.0
1434300 2659.3
1434310 2659.3
1434320 2661.4
1434330 2660.6
1434340 2660.6
1434350 2665.7
1434360 2672.8
1434370 2672.8
1434380 2679.5
1434390 2672.0
1434400 2672.0
1434410 2674.9
1434420 2682.2
1434430 2682.2
1434440 2689.4
1434450 2694.0
1434460 2694.0
1434470 2701.0
1434480 2708.4
1434490 2711.5
1434500 2711.5
1434510 2714.1
1434520 2710.6
1434530 2710.6
1434540 2707.5
1434550 2705.9
1434560 2705.9
1434570 2700.0
1434580 2693.8
1434590 2693.8
1434600 2690.6
1434610 2685.9
1434620 2685.9
1434630 2682.3
1434640 2679.4
1434650 2679.4
1434660 2677.0
1434670 2673.1
1434680 2673.1
1434690 2666.8
1434700 2659.4
1434710 2654.5
1434720 2654.5
1434730 2655.7
1434740 2658.5
1434750 2658.5
1434760 2657.4
1434770 2658.7
1434780 2658.7
1434790 2661.3
1434800 2661.7
1434810 2661.7
1434820 2661.4
1434830 2663.3
1434840 2663.3
1434850 2665.1
1434860 2667.4
1434870 2667.4
1434880 2672.1
1434890 2677.3
1434900 2677.3
1434910 2683.0
1434920 2688.6
1434930 2692.1
1434940 2692.1
1434950 2698.0
1434960 2703.7
1434970 2703.7
1434980 2707.9
1434990 2711.8
1435000 2711.8
1435010 2715.8
1435020 2715.2
1435030 2715.2
1435040 2715.7
1435050 2716.4
1435060 2716.4
1435070 2719.9
1435080 2724.7
1435090 2724.7
1435100 2729.0
1435110 2733.9
1435120 2733.9
1435130 2736.9
1435140 2738.8
1435150 2743.7
1435160 2743.7
1435170 2748.7
1435180 2752.2
1435190 2752.2
1435200 2755.1
1435210 2758.6
1435220 2758.6
1435230 2759.8
1435240 2763.4
1435250 2763.4
1435260 2763.9
1435270 2767.8
1435280 2767.8
1435290 2770.7
1435300 2770.6
1435310 2770.6
1435320 2771.4
1435330 2769.9
1435340 2769.9
1435350 2771.8
1435360 2774.1
1435370 2776.0
1435380 2776.0
1435390 2778.5
1435400 2778.7
1435410 2778.7
1435420 2777.5
1435430 2780.4
1435440 2780.4
1435450 2781.0
1435460 2783.4
1435470 2783.4
1435480 2781.3
1435490 2778.1
1435500 2778.1
1435510 2773.7
1435520 2767.9
1435530 2767.9
1435540 2769.7
1435550 2774.9
1435560 2774.9
1435570 2780.3
1435580 2782.4
1435590 2781.6
1435600 2781.6
1435610 2781.4
1435620 2786.6
1435630 2786.6
1435640 2793.8
1435650 2796.7
1435660 2796.7
1435670 2796.9
1435680 2799.6
1435690 2799.6
1435700 2802.2
1435710 2800.2
1435720 2800.2
1435730 2795.6
1435740 2791.3
1435750 2791.3
1435760 2785.3
1435770 2781.8
1435780 2781.8
1435790 2776.0
1435800 2764.6
1435810 2767.1
1435820 2767.1
1435830 2772.5
1435840 2779.6
1435850 2779.6
1435860 2784.1
1435870 2785.5
1435880 2785.5
1435890 2780.0
1435900 2779.6
1435910 2779.6
1435920 2784.0
1435930 2783.9
1435940 2783.9
1435950 2786.0
1435960 2792.8
1435970 2792.8
1435980 2798.3
1435990 2804.5
1436000 2804.5
1436010 2811.1
1436020 2818.1
1436030 2825.7
1436040 2825.7
1436050 2833.7
1436060 2839.9
1436070 2839.9
1436080 2845.6
1436090 2852.0
1436100 2852.0
1436110 2858.3
1436120 2863.9
1436130 2863.9
1436140 2865.8
1436150 2863.0
1436160 2863.0
1436170 2860.2
1436180 2855.4
1436190 2855.4
1436200 2851.8
1436210 2848.4
1436220 2848.4
1436230 2841.2
1436240 2835.1
1436250 2831.7
1436260 2831.7
1436270 2827.2
1436280 2825.8
1436290 2825.8
1436300 2826.2
1436310 2827.6
1436320 2827.6
1436330 2823.3
1436340 2815.2
1436350 2815.2
1436360 2818.0
1436370 2824.3
1436380 2824.3
1436390 2830.5
1436400 2832.9
1436410 2832.9
1436420 2819.8
1436430 2814.6
1436440 2814.6
1436450 2814.0
1436460 2818.7
1436470 2826.2
1436480 2826.2
1436490 2833.1
1436500 2840.1
1436510 2840.1
1436520 2846.5
1436530 2851.2
1436540 2851.2
1436550 2843.7
1436560 2841.2
1436570 2841.2
1436580 2845.9
1436590 2854.2
1436600 2854.2
1436610 2864.1
1436620 2870.8
1436630 2870.8
1436640 2880.1
1436650 2888.2
1436660 2888.2
1436670 2894.4
1436680 2899.7
1436690 2903.5
1436700 2903.5
1436710 2908.9
1436720 2915.1
1436730 2915.1
1436740 2920.1
1436750 2926.5
1436760 2926.5
1436770 2930.6
1436780 2930.6
1436790 2930.6
1436800 2930.1
1436810 2928.9
1436820 2928.9
1436830 2928.5
1436840 2929.6
1436850 2929.6
1436860 2928.8
1436870 2927.6
1436880 2927.6
1436890 2932.1
1436900 2932.5
1436910 2938.9
1436920 2938.9
1436930 2942.3
1436940 2945.0
1436950 2945.0
1436960 2948.1
1436970 2949.9
1436980 2940.3
1436990 2937.8
1437000 2934.2
1437010 2934.2
1437020 2929.7
1437030 2927.2
1437040 2927.2
1437050 2927.3
1437060 2928.7
1437070 2928.7
1437080 2932.3
1437090 2936.4
1437100 2936.4
1437110 2938.7
1437120 2938.5
1437130 2932.1
1437140 2932.1
1437150 2921.4
1437160 2903.8
1437170 2903.8
1437180 2903.6
1437190 2910.3
1437200 2910.3
1437210 2919.3
1437220 2924.3
1437230 2924.3
1437240 2924.6
1437250 2926.4
1437260 2926.4
1437270 2931.4
1437280 2935.4
1437290 2935.4
1437300 2935.6
1437310 2918.8
1437320 2923.6
1437330 2923.6
1437340 2926.5
1437350 2930.4
1437360 2930.4
1437370 2930.2
1437380 2930.1
1437390 2930.1
1437400 2935.0
1437410 2937.3
1437420 2937.3
1437430 2939.0
1437440 2941.8
1437450 2941.8
1437460 2944.6
1437470 2947.9
1437480 2947.9
1437490 2949.8
1437500 2930.0
1437510 2930.0
1437520 2903.9
1437530 2910.3
1437540 2911.4
1437550 2911.4
1437560 2918.7
1437570 2924.8
1437580 2924.8
1437590 2926.0
1437600 2922.7
1437610 2922.7
1437620 2922.6
1437630 2922.8
1437640 2922.8
1437650 2921.0
1437660 2902.2
1437670 2902.2
1437680 2876.3
1437690 2860.6
1437700 2860.6
1437710 2861.2
1437720 2872.9
1437730 2872.9
1437740 2883.1
1437750 2886.3
1437760 2859.2
1437770 2859.2
1437780 2841.4
1437790 2836.0
1437800 2836.0
1437810 2830.4
1437820 2832.3
1437830 2832.3
1437840 2828.2
1437850 2827.1
1437860 2827.1
1437870 2829.3
1437880 2831.1
1437890 2831.1
1437900 2834.8
1437910 2842.7
1437920 2842.7
1437930 2841.5
1437940 2830.7
1437950 2830.7
1437960 2830.5
1437970 2830.6
1437980 2832.9
1437990 2832.9
1438000 2833.4
1438010 2837.4
1438020 2837.4
1438030 2843.6
1438040 2848.6
1438050 2848.6
1438060 2851.6
1438070 2852.5
1438080 2852.5
1438090 2854.9
1438100 2857.7
1438110 2857.7
1438120 2859.7
1438130 2865.7
1438140 2865.7
1438150 2872.6
1438160 2880.9
1438170 2880.9
1438180 2889.5
1438190 2896.1
1438200 2901.8
1438210 2901.8
1438220 2908.1
1438230 2914.8
1438240 2914.8
1438250 2923.1
1438260 2931.0
1438270 2931.0
1438280 2937.9
1438290 2944.2
1438300 2944.2
1438310 2949.8
1438320 2955.0
1438330 2955.0
1438340 2959.5
1438350 2964.2
1438360 2964.2
1438370 2967.3
1438380 2969.1
1438390 2969.1
1438400 2969.8
1438410 2971.6
1438420 2977.6
1438430 2977.6
1438440 2985.1
1438450 2991.7
1438460 2991.7
1438470 2997.4
1438480 3002.4
1438490 3002.4
1438500 3006.4
1438510 3010.1
1438520 3010.1
1438530 3013.8
1438540 3017.3
1438550 3017.3
1438560 3020.9
1438570 3023.5
1438580 3023.5
1438590 3026.9
1438600 3030.1
1438610 3030.1
1438620 3033.3
1438630 3036.5
1438640 3039.9
1438650 3039.9
1438660 3042.9
1438670 3045.8
1438680 3045.8
1438690 3048.6
1438700 3051.2
1438710 3051.2
1438720 3053.5
1438730 3055.3
1438740 3055.3
1438750 3056.5
1438760 3057.8
1438770 3057.8
1438780 3059.6
1438790 3061.5
1438800 3061.5
1438810 3063.0
1438820 3064.3
1438830 3064.3
1438840 3065.2
1438850 3066.4
1438860 3067.7
1438870 3067.7
1438880 3070.9
1438890 3073.4
1438900 3073.4
1438910 3074.4
1438920 3074.3
1438930 3074.3
1438940 3069.0
1438950 3061.1
1438960 3061.1
1438970 3057.3
1438980 3052.9
1438990 3052.9
1439000 3048.2
1439010 3037.9
1439020 3037.9
1439030 3028.0
1439040 3020.2
1439050 3020.2
1439060 3013.6
1439070 3006.2
1439080 2997.8
1439090 2997.8
1439100 2990.4
1439110 2985.2
1439120 2985.2
1439130 2978.4
1439140 2971.4
1439150 2971.4
1439160 2962.8
1439170 2955.6
1439180 2955.6
1439190 2950.4
1439200 2945.6
1439210 2945.6
1439220 2941.7
1439230 2937.0
1439240 2937.0
1439250 2932.9
1439260 2930.5
1439270 2930.5
1439280 2929.0
1439290 2928.8
1439300 2929.7
1439310 2929.7
1439320 2930.5
1439330 2934.3
1439340 2934.3
1439350 2938.3
1439360 2939.1
1439370 2939.1
1439380 2931.4
1439390 2920.7
1439400 2920.7
1439410 2910.9
1439420 2903.2
1439430 2903.2
1439440 2892.8
1439450 2887.9
1439460 2887.9
1439470 2885.4
1439480 2884.0
1439490 2884.0
1439500 2883.9
1439510 2884.0
1439520 2883.6
1439530 2883.6
1439540 2884.1
1439550 2885.5
1439560 2885.5
1439570 2886.5
1439580 2886.8
1439590 2886.8
1439600 2886.9
1439610 2886.9
1439620 2886.9
1439630 2887.6
1439640 2888.8
1439650 2888.8
1439660 2890.3
1439670 2892.0
1439680 2892.0
1439690 2893.4
1439700 2894.9
1439710 2894.9
1439720 2896.3
1439730 2905.6
1439740 2906.9
1439750 2906.9
1439760 2908.6
1439770 2910.6
1439780 2910.6
1439790 2912.6
1439800 2914.7
1439810 2914.7
1439820 2916.9
1439830 2919.0
1439840 2919.0
1439850 2920.9
1439860 2922.5
1439870 2922.5
1439880 2924.0
1439890 2925.5
1439900 2925.5
1439910 2927.0
1439920 2928.4
1439930 2929.9
1439940 2929.9
1439950 2931.1
1439960 2932.3
1439970 2932.3
1439980 2933.4
1439990 2934.5
