1420000 2690.4
1420010 2692.8
1420020 2692.8
1420030 2693.2
1420040 2692.3
1420050 2692.3
1420060 2689.6
1420070 2686.7
1420080 2686.7
1420090 2682.8
1420100 2677.6
1420110 2672.2
1420120 2672.2
1420130 2667.1
1420140 2662.1
1420150 2662.1
1420160 2657.1
1420170 2652.9
1420180 2652.9
1420190 2650.0
1420200 2647.9
1420210 2647.9
1420220 2645.6
1420230 2642.9
1420240 2642.9
1420250 2639.8
1420260 2636.7
1420270 2636.7
1420280 2634.1
1420290 2632.2
1420300 2632.2
1420310 2631.8
1420320 2631.7
1420330 2631.7
1420340 2631.7
1420350 2631.8
1420360 2633.1
1420370 2633.1
1420380 2635.0
1420390 2637.3
1420400 2637.3
1420410 2639.4
1420420 2640.6
1420430 2640.6
1420440 2640.6
1420450 2639.0
1420460 2639.0
1420470 2636.4
1420480 2632.9
1420490 2632.9
1420500 2629.6
1420510 2626.4
1420520 2626.4
1420530 2623.3
1420540 2621.0
1420550 2619.9
1420560 2619.9
1420570 2620.2
1420580 2621.5
1420590 2621.5
1420600 2621.5
1420610 2617.0
1420620 2617.0
1420630 2610.3
1420640 2603.7
1420650 2603.7
1420660 2597.9
1420670 2593.5
1420680 2593.5
1420690 2590.0
1420700 2586.3
1420710 2586.3
1420720 2580.7
1420730 2576.0
1420740 2576.0
1420750 2572.5
1420760 2570.4
1420770 2566.1
1420780 2566.1
1420790 2560.9
1420800 2555.9
1420810 2555.9
1420820 2549.0
1420830 2542.1
1420840 2542.1
1420850 2534.2
1420860 2527.6
1420870 2527.6
1420880 2522.8
1420890 2515.6
1420900 2515.6
1420910 2509.1
1420920 2500.6
1420930 2500.6
1420940 2487.8
1420950 2476.2
1420960 2476.2
1420970 2465.1
1420980 2456.2
1420990 2448.1
1421000 2448.1
1421010 2437.0
1421020 2424.6
1421030 2424.6
1421040 2407.0
1421050 2395.4
1421060 2395.4
1421070 2388.2
1421080 2382.4
1421090 2382.4
1421100 2375.9
1421110 2370.0
1421120 2370.0
1421130 2357.4
1421140 2339.6
1421150 2339.6
1421160 2330.6
1421170 2323.4
1421180 2323.4
1421190 2316.1
1421200 2308.8
1421210 2301.9
1421220 2301.9
1421230 2295.2
1421240 2289.4
1421250 2289.4
1421260 2283.6
1421270 2278.5
1421280 2278.5
1421290 2275.1
1421300 2271.3
1421310 2271.3
1421320 2267.9
1421330 2264.3
1421340 2264.3
1421350 2261.2
1421360 2258.6
1421370 2258.6
1421380 2256.7
1421390 2255.0
1421400 2255.0
1421410 2253.6
1421420 2251.9
1421430 2251.0
1421440 2251.0
1421450 2250.5
1421460 2250.0
1421470 2250.0
1421480 2249.1
1421490 2249.8
1421500 2249.8
1421510 2248.9
1421520 2248.1
1421530 2248.1
1421540 2247.7
1421550 2247.2
1421560 2247.2
1421570 2246.8
1421580 2246.8
1421590 2246.8
1421600 2246.7
1421610 2246.5
1421620 2246.5
1421630 2246.6
1421640 2247.0
1421650 2247.9
1421660 2247.9
1421670 2249.9
1421680 2253.9
1421690 2253.9
1421700 2257.6
1421710 2262.0
1421720 2262.0
1421730 2267.3
1421740 2273.3
1421750 2273.3
1421760 2279.3
1421770 2285.2
1421780 2285.2
1421790 2291.4
1421800 2297.8
1421810 2297.8
1421820 2304.8
1421830 2312.2
1421840 2312.2
1421850 2320.0
1421860 2327.9
1421870 2336.9
1421880 2336.9
1421890 2361.4
1421900 2384.8
1421910 2384.8
1421920 2392.6
1421930 2399.1
1421940 2399.1
1421950 2406.4
1421960 2414.7
1421970 2414.7
1421980 2426.3
1421990 2435.0
1422000 2435.0
1422010 2441.4
1422020 2447.4
1422030 2447.4
1422040 2454.1
1422050 2459.0
1422060 2459.0
1422070 2461.3
1422080 2462.6
1422090 2468.4
1422100 2468.4
1422110 2478.6
1422120 2487.7
1422130 2487.7
1422140 2493.0
1422150 2496.0
1422160 2496.0
1422170 2499.5
1422180 2500.7
1422190 2500.7
1422200 2501.4
1422210 2503.1
1422220 2503.1
1422230 2507.8
1422240 2513.7
1422250 2513.7
1422260 2519.4
1422270 2523.9
1422280 2523.9
1422290 2527.2
1422300 2530.3
1422310 2536.6
1422320 2536.6
1422330 2543.2
1422340 2549.4
1422350 2549.4
1422360 2551.6
1422370 2549.7
1422380 2549.7
1422390 2549.0
1422400 2549.9
1422410 2549.9
1422420 2550.9
1422430 2550.1
1422440 2550.1
1422450 2551.9
1422460 2556.0
1422470 2556.0
1422480 2557.7
1422490 2557.9
1422500 2557.9
1422510 2558.1
1422520 2559.1
1422530 2558.5
1422540 2558.5
1422550 2556.4
1422560 2555.9
1422570 2555.9
1422580 2556.4
1422590 2556.2
1422600 2556.2
1422610 2555.2
1422620 2553.4
1422630 2553.4
1422640 2549.4
1422650 2544.6
1422660 2544.6
1422670 2541.8
1422680 2540.2
1422690 2540.2
1422700 2538.9
1422710 2537.3
1422720 2537.3
1422730 2535.4
1422740 2534.2
1422750 2533.0
1422760 2533.0
1422770 2531.2
1422780 2530.3
1422790 2530.3
1422800 2530.8
1422810 2530.7
1422820 2530.7
1422830 2529.6
1422840 2528.4
1422850 2528.4
1422860 2528.3
1422870 2528.3
1422880 2528.3
1422890 2528.3
1422900 2528.3
1422910 2528.3
1422920 2528.3
1422930 2528.3
1422940 2528.3
1422950 2528.3
1422960 2528.3
1422970 2528.3
1422980 2528.3
1422990 2528.3
1423000 2528.3
1423010 2528.3
1423020 2528.3
1423030 2528.2
1423040 2528.2
1423050 2528.2
1423060 2529.0
1423070 2529.0
1423080 2532.5
1423090 2536.6
1423100 2536.6
1423110 2539.6
1423120 2541.9
1423130 2541.9
1423140 2544.7
1423150 2547.7
1423160 2547.7
1423170 2549.1
1423180 2549.7
1423190 2550.9
1423200 2550.9
1423210 2553.5
1423220 2556.4
1423230 2556.4
1423240 2559.4
1423250 2562.1
1423260 2562.1
1423270 2564.4
1423280 2566.2
1423290 2566.2
1423300 2567.5
1423310 2568.4
1423320 2568.4
1423330 2569.0
1423340 2569.4
1423350 2569.4
1423360 2569.5
1423370 2569.4
1423380 2569.4
1423390 2569.3
1423400 2569.4
1423410 2569.9
1423420 2569.9
1423430 2570.4
1423440 2571.2
1423450 2571.2
1423460 2571.9
1423470 2572.6
1423480 2572.6
1423490 2573.5
1423500 2574.5
1423510 2574.5
1423520 2575.9
1423530 2577.1
1423540 2577.1
1423550 2577.9
1423560 2578.2
1423570 2578.2
1423580 2578.3
1423590 2578.5
1423600 2578.5
1423610 2578.7
1423620 2579.0
1423630 2579.3
1423640 2579.3
1423650 2580.0
1423660 2581.0
1423670 2581.0
1423680 2582.5
1423690 2584.0
1423700 2584.0
1423710 2585.2
1423720 2586.6
1423730 2586.6
1423740 2588.1
1423750 2589.3
1423760 2589.3
1423770 2590.7
1423780 2592.7
1423790 2592.7
1423800 2594.9
1423810 2597.4
1423820 2597.4
1423830 2599.7
1423840 2602.3
1423850 2605.0
1423860 2605.0
1423870 2608.1
1423880 2611.7
1423890 2611.7
1423900 2615.4
1423910 2619.6
1423920 2619.6
1423930 2623.9
1423940 2628.7
1423950 2628.7
1423960 2633.8
1423970 2639.2
1423980 2639.2
1423990 2644.7
1424000 2650.8
1424010 2650.8
1424020 2656.9
1424030 2662.6
1424040 2662.0
1424050 2667.8
1424060 2673.7
1424070 2679.1
1424080 2679.1
1424090 2683.9
1424100 2688.6
1424110 2688.6
1424120 2693.4
1424130 2698.8
1424140 2698.8
1424150 2703.2
1424160 2707.7
1424170 2707.7
1424180 2713.2
1424190 2717.8
1424200 2717.8
1424210 2722.1
1424220 2726.6
1424230 2726.6
1424240 2733.0
1424250 2739.6
1424260 2739.6
1424270 2745.6
1424280 2751.9
1424290 2760.1
1424300 2760.1
1424310 2769.0
1424320 2778.6
1424330 2778.6
1424340 2787.5
1424350 2795.8
1424360 2795.8
1424370 2804.0
1424380 2813.1
1424390 2813.1
1424400 2824.2
1424410 2837.9
1424420 2837.9
1424430 2850.9
1424440 2863.5
1424450 2863.5
1424460 2876.8
1424470 2888.4
1424480 2888.4
1424490 2880.9
1424500 2871.7
1424510 2860.8
1424520 2860.8
1424530 2849.0
1424540 2837.3
1424550 2837.3
1424560 2820.8
1424570 2807.2
1424580 2807.2
1424590 2795.4
1424600 2785.5
1424610 2785.5
1424620 2776.6
1424630 2768.1
1424640 2768.1
1424650 2758.7
1424660 2748.8
1424670 2748.8
1424680 2738.4
1424690 2728.4
1424700 2719.6
1424710 2719.6
1424720 2711.8
1424730 2705.0
1424740 2705.0
1424750 2698.4
1424760 2690.0
1424770 2690.0
1424780 2681.1
1424790 2674.9
1424800 2674.9
1424810 2667.2
1424820 2656.4
1424830 2656.4
1424840 2647.3
1424850 2638.9
1424860 2638.9
1424870 2631.6
1424880 2626.0
1424890 2626.0
1424900 2620.3
1424910 2613.4
1424920 2606.6
1424930 2606.6
1424940 2604.6
1424950 2593.5
1424960 2593.5
1424970 2576.8
1424980 2565.1
1424990 2565.1
1425000 2558.1
1425010 2550.7
1425020 2550.7
1425030 2541.2
1425040 2532.9
1425050 2532.9
1425060 2525.0
1425070 2517.3
1425080 2517.3
1425090 2512.2
1425100 2508.7
1425110 2508.7
1425120 2505.3
1425130 2502.9
1425140 2499.6
1425150 2499.6
1425160 2496.1
1425170 2491.5
1425180 2491.5
1425190 2488.1
1425200 2486.2
1425210 2486.2
1425220 2485.0
1425230 2484.4
1425240 2484.4
1425250 2486.2
1425260 2491.1
1425270 2491.1
1425280 2495.9
1425290 2501.5
1425300 2501.5
1425310 2507.6
1425320 2513.2
1425330 2513.2
1425340 2518.7
1425350 2523.5
1425360 2527.8
1425370 2527.8
1425380 2532.2
1425390 2536.1
1425400 2536.1
1425410 2539.3
1425420 2544.2
1425430 2544.2
1425440 2550.5
1425450 2557.3
1425460 2557.3
1425470 2563.6
1425480 2569.4
1425490 2569.4
1425500 2575.3
1425510 2582.0
1425520 2582.0
1425530 2589.2
1425540 2597.5
1425550 2597.5
1425560 2605.3
1425570 2613.1
1425580 2617.8
1425590 2617.8
1425600 2617.1
1425610 2615.0
1425620 2615.0
1425630 2612.0
1425640 2608.5
1425650 2608.5
1425660 2605.5
1425670 2602.8
1425680 2602.8
1425690 2600.3
1425700 2597.0
1425710 2597.0
1425720 2591.6
1425730 2585.0
1425740 2585.0
1425750 2579.7
1425760 2575.7
1425770 2575.7
1425780 2573.8
1425790 2570.6
1425800 2565.1
1425810 2565.1
1425820 2560.4
1425830 2558.8
1425840 2558.8
1425850 2557.7
1425860 2556.4
1425870 2556.4
1425880 2555.6
1425890 2554.0
1425900 2554.0
1425910 2549.9
1425920 2544.2
1425930 2544.2
1425940 2538.9
1425950 2533.1
1425960 2533.1
1425970 2528.8
1425980 2531.7
1425990 2531.7
1426000 2538.1
1426010 2542.2
1426020 2545.8
1426030 2545.8
1426040 2545.8
1426050 2543.0
1426060 2543.0
1426070 2539.9
1426080 2536.3
1426090 2536.3
1426100 2536.0
1426110 2534.3
1426120 2534.3
1426130 2531.4
1426140 2530.6
1426150 2530.6
1426160 2529.8
1426170 2530.3
1426180 2522.8
1426190 2522.5
1426200 2522.1
1426210 2522.1
1426220 2525.7
1426230 2532.4
1426240 2531.1
1426250 2531.1
1426260 2532.8
1426270 2529.5
1426280 2529.5
1426290 2525.2
1426300 2521.5
1426310 2521.5
1426320 2521.7
1426330 2524.4
1426340 2524.4
1426350 2530.1
1426360 2536.4
1426370 2536.4
1426380 2539.2
1426390 2529.7
1426400 2529.7
1426410 2531.0
1426420 2542.6
1426430 2542.6
1426440 2551.8
1426450 2557.5
1426460 2563.6
1426470 2563.6
1426480 2573.9
1426490 2578.6
1426500 2578.6
1426510 2581.6
1426520 2586.1
1426530 2586.1
1426540 2586.1
1426550 2579.8
1426560 2579.8
1426570 2575.8
1426580 2573.6
1426590 2573.6
1426600 2577.5
1426610 2588.6
1426620 2588.6
1426630 2599.3
1426640 2607.9
1426650 2607.9
1426660 2611.4
1426670 2605.9
1426680 2604.6
1426690 2604.6
1426700 2602.9
1426710 2602.0
1426720 2602.0
1426730 2605.3
1426740 2608.2
1426750 2608.2
1426760 2609.9
1426770 2606.8
1426780 2606.8
1426790 2616.3
1426800 2630.5
1426810 2630.5
1426820 2656.1
1426830 2660.0
1426840 2660.0
1426850 2657.1
1426860 2649.2
1426870 2649.2
1426880 2640.6
1426890 2630.1
1426900 2623.2
1426910 2623.2
1426920 2618.2
1426930 2613.7
1426940 2613.7
1426950 2610.0
1426960 2606.7
1426970 2606.7
1426980 2603.6
1426990 2600.8
1427000 2600.8
1427010 2596.0
1427020 2593.7
1427030 2593.7
1427040 2592.8
1427050 2591.1
1427060 2591.1
1427070 2589.6
1427080 2589.9
1427090 2589.9
1427100 2589.5
1427110 2588.8
1427120 2589.3
1427130 2589.3
1427140 2592.0
1427150 2594.6
1427160 2594.6
1427170 2592.6
1427180 2590.8
1427190 2590.8
1427200 2593.3
1427210 2595.1
1427220 2595.1
1427230 2594.7
1427240 2594.7
1427250 2594.7
1427260 2593.9
1427270 2589.9
1427280 2589.9
1427290 2586.2
1427300 2584.2
1427310 2584.2
1427320 2582.1
1427330 2580.7
1427340 2578.9
1427350 2578.9
1427360 2574.4
1427370 2571.3
1427380 2571.3
1427390 2568.7
1427400 2566.8
1427410 2566.8
1427420 2566.4
1427430 2565.7
1427440 2565.7
1427450 2562.3
1427460 2557.6
1427470 2557.6
1427480 2554.7
1427490 2553.3
1427500 2553.3
1427510 2551.3
1427520 2548.4
1427530 2548.4
1427540 2544.9
1427550 2541.0
1427560 2536.5
1427570 2536.5
1427580 2531.5
1427590 2526.9
1427600 2526.9
1427610 2522.8
1427620 2519.3
1427630 2519.3
1427640 2515.3
1427650 2510.4
1427660 2510.4
1427670 2504.5
1427680 2499.9
1427690 2499.9
1427700 2497.4
1427710 2495.5
1427720 2495.5
1427730 2493.7
1427740 2492.9
1427750 2492.9
1427760 2492.5
1427770 2491.7
1427780 2490.6
1427790 2490.6
1427800 2489.2
1427810 2487.8
1427820 2487.8
1427830 2486.7
1427840 2485.7
1427850 2485.7
1427860 2483.4
1427870 2481.9
1427880 2481.9
1427890 2481.9
1427900 2481.9
1427910 2481.9
1427920 2481.9
1427930 2481.9
1427940 2481.9
1427950 2481.9
1427960 2481.9
1427970 2481.9
1427980 2481.9
1427990 2481.9
1428000 2481.9
1428010 2481.9
1428020 2481.9
1428030 2481.9
1428040 2481.9
1428050 2481.9
1428060 2481.9
1428070 2481.9
1428080 2482.2
1428090 2486.0
1428100 2486.0
1428110 2491.2
1428120 2496.2
1428130 2496.2
1428140 2501.3
1428150 2506.9
1428160 2506.9
1428170 2512.7
1428180 2518.0
1428190 2518.0
1428200 2523.1
1428210 2528.1
1428220 2533.2
1428230 2533.2
1428240 2539.2
1428250 2545.1
1428260 2545.1
1428270 2550.4
1428280 2556.5
1428290 2556.5
1428300 2563.7
1428310 2570.9
1428320 2570.9
1428330 2577.4
1428340 2584.4
1428350 2584.4
1428360 2592.0
1428370 2599.7
1428380 2599.7
1428390 2607.8
1428400 2614.8
1428410 2614.8
1428420 2621.8
1428430 2628.7
1428440 2635.3
1428450 2635.3
1428460 2641.0
1428470 2646.5
1428480 2646.5
1428490 2652.5
1428500 2659.2
1428510 2659.2
1428520 2664.0
1428530 2665.0
1428540 2665.0
1428550 2662.8
1428560 2657.6
1428570 2657.6
1428580 2651.5
1428590 2644.1
1428600 2644.1
1428610 2635.8
1428620 2626.8
1428630 2626.8
1428640 2618.5
1428650 2610.0
1428660 2602.4
1428670 2602.4
1428680 2593.4
1428690 2581.5
1428700 2581.5
1428710 2573.2
1428720 2566.3
1428730 2566.3
1428740 2558.8
1428750 2551.3
1428760 2551.3
1428770 2542.3
1428780 2533.6
1428790 2533.6
1428800 2525.1
1428810 2518.6
1428820 2518.6
1428830 2512.2
1428840 2505.7
1428850 2505.7
1428860 2499.2
1428870 2493.0
1428880 2487.3
1428890 2487.3
1428900 2481.1
1428910 2475.0
1428920 2475.0
1428930 2468.7
1428940 2463.1
1428950 2463.1
1428960 2458.1
1428970 2454.2
1428980 2454.2
1428990 2450.9
1429000 2448.0
1429010 2448.0
1429020 2445.5
1429030 2443.5
1429040 2443.5
1429050 2443.1
1429060 2440.1
1429070 2440.1
1429080 2435.0
1429090 2432.9
1429100 2431.2
1429110 2431.2
1429120 2427.2
1429130 2423.7
1429140 2423.7
1429150 2421.2
1429160 2420.5
1429170 2420.5
1429180 2418.4
1429190 2415.6
1429200 2415.6
1429210 2413.4
1429220 2412.8
1429230 2412.8
1429240 2411.8
1429250 2413.1
1429260 2413.1
1429270 2411.8
1429280 2413.3
1429290 2413.3
1429300 2417.6
1429310 2419.3
1429320 2420.3
1429330 2420.3
1429340 2418.8
1429350 2419.7
1429360 2419.7
1429370 2422.4
1429380 2421.9
1429390 2421.9
1429400 2424.9
1429410 2426.6
1429420 2426.6
1429430 2430.7
1429440 2436.8
1429450 2436.8
1429460 2442.7
1429470 2443.6
1429480 2443.6
1429490 2443.0
1429500 2439.2
1429510 2439.2
1429520 2431.1
1429530 2429.2
1429540 2431.2
1429550 2431.2
1429560 2433.5
1429570 2439.5
1429580 2439.5
1429590 2438.7
1429600 2440.0
1429610 2440.0
1429620 2443.7
1429630 2443.2
1429640 2443.2
1429650 2438.2
1429660 2438.2
1429670 2438.2
1429680 2442.5
1429690 2448.0
1429700 2448.0
1429710 2448.4
1429720 2444.5
1429730 2444.5
1429740 2442.4
1429750 2446.1
1429760 2449.3
1429770 2449.3
1429780 2452.6
1429790 2452.0
1429800 2452.0
1429810 2454.4
1429820 2455.3
1429830 2455.3
1429840 2456.2
1429850 2455.7
1429860 2455.7
1429870 2458.6
1429880 2461.2
1429890 2461.2
1429900 2465.5
1429910 2469.6
1429920 2469.6
1429930 2474.8
1429940 2476.9
1429950 2476.9
1429960 2479.7
1429970 2481.3
1429980 2483.6
1429990 2483.6
1430000 2483.0
1430010 2480.7
1430020 2480.7
1430030 2471.2
1430040 2465.4
1430050 2465.4
1430060 2461.4
1430070 2457.0
1430080 2457.0
1430090 2452.3
1430100 2447.3
1430110 2447.3
1430120 2444.4
1430130 2445.0
1430140 2445.0
1430150 2448.4
1430160 2452.8
1430170 2452.8
1430180 2455.4
1430190 2458.3
1430200 2459.2
1430210 2459.2
1430220 2456.1
1430230 2454.5
1430240 2454.5
1430250 2453.7
1430260 2454.7
1430270 2454.7
1430280 2458.3
1430290 2458.7
1430300 2458.7
1430310 2459.7
1430320 2462.1
1430330 2462.1
1430340 2464.0
1430350 2465.6
1430360 2465.6
1430370 2466.5
1430380 2464.7
1430390 2464.7
1430400 2461.2
1430410 2458.5
1430420 2456.0
1430430 2456.0
1430440 2452.1
1430450 2441.7
1430460 2441.7
1430470 2430.5
1430480 2421.2
1430490 2421.2
1430500 2414.8
1430510 2409.1
1430520 2409.1
1430530 2403.4
1430540 2398.5
1430550 2398.5
1430560 2393.3
1430570 2389.7
1430580 2389.7
1430590 2387.8
1430600 2386.5
1430610 2386.5
1430620 2385.0
1430630 2383.6
1430640 2383.1
1430650 2383.1
1430660 2385.3
1430670 2389.0
1430680 2389.0
1430690 2388.4
1430700 2388.1
1430710 2390.7
1430720 2386.4
1430730 2383.1
1430740 2383.1
1430750 2381.0
1430760 2378.1
1430770 2378.1
1430780 2374.1
1430790 2372.3
1430800 2372.3
1430810 2372.1
1430820 2371.0
1430830 2371.0
1430840 2371.5
1430850 2371.6
1430860 2371.3
1430870 2371.3
1430880 2372.5
1430890 2375.0
1430900 2375.0
1430910 2378.6
1430920 2381.3
1430930 2381.3
1430940 2385.1
1430950 2389.5
1430960 2389.5
1430970 2395.2
1430980 2400.7
1430990 2400.7
1431000 2406.0
1431010 2411.2
1431020 2411.2
1431030 2424.2
1431040 2427.7
1431050 2427.7
1431060 2425.2
1431070 2417.7
1431080 2412.8
1431090 2412.8
1431100 2413.0
1431110 2414.9
1431120 2414.9
1431130 2415.4
1431140 2414.6
1431150 2414.6
1431160 2416.4
1431170 2418.7
1431180 2418.7
1431190 2428.7
1431200 2433.3
1431210 2433.3
1431220 2430.1
1431230 2426.2
1431240 2426.2
1431250 2421.6
1431260 2417.3
1431270 2417.3
1431280 2411.0
1431290 2405.1
1431300 2401.5
1431310 2401.5
1431320 2397.5
1431330 2394.1
1431340 2394.1
1431350 2390.1
1431360 2388.9
1431370 2388.9
1431380 2390.4
1431390 2388.6
1431400 2388.6
1431410 2386.5
1431420 2384.6
1431430 2384.6
1431440 2382.1
1431450 2379.3
1431460 2379.3
1431470 2379.2
1431480 2377.3
1431490 2377.3
1431500 2376.6
1431510 2373.6
1431520 2371.6
1431530 2371.6
1431540 2371.4
1431550 2372.9
1431560 2372.9
1431570 2371.6
1431580 2370.5
1431590 2370.5
1431600 2371.5
1431610 2371.9
1431620 2371.9
1431630 2371.6
1431640 2371.6
1431650 2371.6
1431660 2373.6
1431670 2376.2
1431680 2376.2
1431690 2378.5
1431700 2379.3
1431710 2379.3
1431720 2380.4
1431730 2381.0
1431740 2381.6
1431750 2381.6
1431760 2382.1
1431770 2381.2
1431780 2381.2
1431790 2381.5
1431800 2382.8
1431810 2382.8
1431820 2386.1
1431830 2390.4
1431840 2390.4
1431850 2393.3
1431860 2394.5
1431870 2394.5
1431880 2396.2
1431890 2399.2
1431900 2399.2
1431910 2402.7
1431920 2405.8
1431930 2405.8
1431940 2408.7
1431950 2412.0
1431960 2415.1
1431970 2415.1
1431980 2418.3
1431990 2421.5
1432000 2421.5
1432010 2424.4
1432020 2427.8
1432030 2427.8
1432040 2430.7
1432050 2433.2
1432060 2433.2
1432070 2436.0
1432080 2439.3
1432090 2439.3
1432100 2442.6
1432110 2446.0
1432120 2446.0
1432130 2450.8
1432140 2455.6
1432150 2455.6
1432160 2459.2
1432170 2463.2
1432180 2469.9
1432190 2469.9
1432200 2473.0
1432210 2473.8
1432220 2473.8
1432230 2476.1
1432240 2477.9
1432250 2477.9
1432260 2481.9
1432270 2484.7
1432280 2484.7
1432290 2488.5
1432300 2491.5
1432310 2491.5
1432320 2495.2
1432330 2498.5
1432340 2498.5
1432350 2501.8
1432360 2505.2
1432370 2505.2
1432380 2508.2
1432390 2511.1
1432400 2515.8
1432410 2515.8
1432420 2517.8
1432430 2522.5
1432440 2522.5
1432450 2528.0
1432460 2532.7
1432470 2532.7
1432480 2537.5
1432490 2540.8
1432500 2540.8
1432510 2544.4
1432520 2547.8
1432530 2547.8
1432540 2550.4
1432550 2556.0
1432560 2556.0
1432570 2561.8
1432580 2566.8
1432590 2566.8
1432600 2570.0
1432610 2571.2
1432620 2571.8
1432630 2571.8
1432640 2574.4
1432650 2577.0
1432660 2577.0
1432670 2578.6
1432680 2579.5
1432690 2579.5
1432700 2580.9
1432710 2582.6
1432720 2582.6
1432730 2584.8
1432740 2588.3
1432750 2588.3
1432760 2592.8
1432770 2595.0
1432780 2595.0
1432790 2594.3
1432800 2594.9
1432810 2594.9
1432820 2597.5
1432830 2598.9
1432840 2600.9
1432850 2600.9
1432860 2599.0
1432870 2592.6
1432880 2592.6
1432890 2586.5
1432900 2580.4
1432910 2580.4
1432920 2574.2
1432930 2568.9
1432940 2568.9
1432950 2563.5
1432960 2558.1
1432970 2558.1
1432980 2554.2
1432990 2551.7
1433000 2551.7
1433010 2549.1
1433020 2547.5
1433030 2547.5
1433040 2547.3
1433050 2547.1
1433060 2548.0
1433070 2548.0
1433080 2551.5
1433090 2556.6
1433100 2556.6
1433110 2561.6
1433120 2570.1
1433130 2570.1
1433140 2574.9
1433150 2580.0
1433160 2580.0
1433170 2586.1
1433180 2591.7
1433190 2591.7
1433200 2597.6
1433210 2603.4
1433220 2603.4
1433230 2610.7
1433240 2615.4
1433250 2615.4
1433260 2618.8
1433270 2620.8
1433280 2622.8
1433290 2622.8
1433300 2624.8
1433310 2627.4
1433320 2627.4
1433330 2632.1
1433340 2636.6
1433350 2636.6
1433360 2639.6
1433370 2645.6
1433380 2645.6
1433390 2651.2
1433400 2655.3
1433410 2655.3
1433420 2655.5
1433430 2656.5
1433440 2656.5
1433450 2656.6
1433460 2658.9
1433470 2660.5
1433480 2660.5
1433490 2660.2
1433500 2660.6
1433510 2660.6
1433520 2662.7
1433530 2663.0
1433540 2663.0
1433550 2660.9
1433560 2659.6
1433570 2659.6
1433580 2660.1
1433590 2660.9
1433600 2660.9
1433610 2662.9
1433620 2666.1
1433630 2666.1
1433640 2667.8
1433650 2667.6
1433660 2667.6
1433670 2666.9
1433680 2669.7
1433690 2670.5
1433700 2670.5
1433710 2671.2
1433720 2672.4
1433730 2672.4
1433740 2671.9
1433750 2670.5
1433760 2670.5
1433770 2671.1
1433780 2672.6
1433790 2672.6
1433800 2673.7
1433810 2674.2
1433820 2674.2
1433830 2673.6
1433840 2672.8
1433850 2672.8
1433860 2672.6
1433870 2670.9
1433880 2670.9
1433890 2667.3
1433900 2665.3
1433910 2664.0
1433920 2664.0
1433930 2663.4
1433940 2663.1
1433950 2663.1
1433960 2663.1
1433970 2663.2
1433980 2663.2
1433990 2664.1
1434000 2665.2
1434010 2665.2
1434020 2668.5
1434030 2671.4
1434040 2671.4
1434050 2674.5
1434060 2678.9
1434070 2678.9
1434080 2682.5
1434090 2684.9
1434100 2684.9
1434110 2686.2
1434120 2689.2
1434130 2692.9
1434140 2692.9
1434150 2696.1
1434160 2699.4
1434170 2699.4
1434180 2702.5
1434190 2707.6
1434200 2707.6
1434210 2712.7
1434220 2714.7
1434230 2714.7
1434240 2714.8
1434250 2713.5
1434260 2713.5
1434270 2714.2
1434280 2712.9
1434290 2712.9
1434300 2711.1
1434310 2711.1
1434320 2711.1
1434330 2712.7
1434340 2715.4
1434350 2718.3
1434360 2718.3
1434370 2721.1
1434380 2724.5
1434390 2724.5
1434400 2726.5
1434410 2729.4
1434420 2729.4
1434430 2734.4
1434440 2739.8
1434450 2739.8
1434460 2741.3
1434470 2740.0
1434480 2740.0
1434490 2741.5
1434500 2742.8
1434510 2742.8
1434520 2743.6
1434530 2744.5
1434540 2744.5
1434550 2745.9
1434560 2747.5
1434570 2747.0
1434580 2747.0
1434590 2748.0
1434600 2747.2
1434610 2747.2
1434620 2745.9
1434630 2746.2
1434640 2746.2
1434650 2746.4
1434660 2743.8
1434670 2743.8
1434680 2741.7
1434690 2737.9
1434700 2737.9
1434710 2736.4
1434720 2733.2
1434730 2733.2
1434740 2729.8
1434750 2727.9
1434760 2727.9
1434770 2725.9
1434780 2725.1
1434790 2722.4
1434800 2722.4
1434810 2720.4
1434820 2718.7
1434830 2718.7
1434840 2717.4
1434850 2716.5
1434860 2716.5
1434870 2714.8
1434880 2714.2
1434890 2714.2
1434900 2714.3
1434910 2713.4
1434920 2713.4
1434930 2702.5
1434940 2697.8
1434950 2697.8
1434960 2695.8
1434970 2691.4
1434980 2691.4
1434990 2688.2
1435000 2685.7
1435010 2684.5
1435020 2684.5
1435030 2682.0
1435040 2679.7
1435050 2679.7
1435060 2677.5
1435070 2677.2
1435080 2677.2
1435090 2676.4
1435100 2675.4
1435110 2675.4
1435120 2675.4
1435130 2675.7
1435140 2675.7
1435150 2673.1
1435160 2666.2
1435170 2666.2
1435180 2654.4
1435190 2646.6
1435200 2646.6
1435210 2640.5
1435220 2640.5
1435230 2641.1
1435240 2641.1
1435250 2641.7
1435260 2641.3
1435270 2641.3
1435280 2643.0
1435290 2643.7
1435300 2643.7
1435310 2642.8
1435320 2641.1
1435330 2641.1
1435340 2638.9
1435350 2637.3
1435360 2637.3
1435370 2638.9
1435380 2640.6
1435390 2640.6
1435400 2637.8
1435410 2629.2
1435420 2629.2
1435430 2625.8
1435440 2624.0
1435450 2623.8
1435460 2623.8
1435470 2622.5
1435480 2620.5
1435490 2620.5
1435500 2619.3
1435510 2619.0
1435520 2619.0
1435530 2619.8
1435540 2620.9
1435550 2620.9
1435560 2620.9
1435570 2617.7
1435580 2617.7
1435590 2616.3
1435600 2616.4
1435610 2616.4
1435620 2616.4
1435630 2616.2
1435640 2616.2
1435650 2617.8
1435660 2615.7
1435670 2616.7
1435680 2616.7
1435690 2618.5
1435700 2619.2
1435710 2619.2
1435720 2619.0
1435730 2619.2
1435740 2619.2
1435750 2620.7
1435760 2622.8
1435770 2622.8
1435780 2623.6
1435790 2623.6
1435800 2623.6
1435810 2626.1
1435820 2628.9
1435830 2628.9
1435840 2632.2
1435850 2634.0
1435860 2634.0
1435870 2634.3
1435880 2633.4
1435890 2631.8
1435900 2631.8
1435910 2631.5
1435920 2631.1
1435930 2631.1
1435940 2630.9
1435950 2631.1
1435960 2631.1
1435970 2630.4
1435980 2627.2
1435990 2627.2
1436000 2623.7
1436010 2624.5
1436020 2624.5
1436030 2627.7
1436040 2629.6
1436050 2629.6
1436060 2631.7
1436070 2632.4
1436080 2632.4
1436090 2631.6
1436100 2632.2
1436110 2633.6
1436120 2633.6
1436130 2635.8
1436140 2638.1
1436150 2638.1
1436160 2640.1
1436170 2641.3
1436180 2641.3
1436190 2642.1
1436200 2642.3
1436210 2642.3
1436220 2641.7
1436230 2642.9
1436240 2642.9
1436250 2644.5
1436260 2646.0
1436270 2646.0
1436280 2646.9
1436290 2647.2
1436300 2647.2
1436310 2647.6
1436320 2647.5
1436330 2646.2
1436340 2646.2
1436350 2641.6
1436360 2638.4
1436370 2638.4
1436380 2635.2
1436390 2631.7
1436400 2631.7
1436410 2629.5
1436420 2628.9
1436430 2628.9
1436440 2628.7
1436450 2628.7
1436460 2628.7
1436470 2629.0
1436480 2629.7
1436490 2629.7
1436500 2630.1
1436510 2628.8
1436520 2628.8
1436530 2628.5
1436540 2628.0
1436550 2624.9
1436560 2624.9
1436570 2617.9
1436580 2610.4
1436590 2610.4
1436600 2608.8
1436610 2606.2
1436620 2606.2
1436630 2604.0
1436640 2604.0
1436650 2604.0
1436660 2605.8
1436670 2608.1
1436680 2608.1
1436690 2609.5
1436700 2611.9
1436710 2611.9
1436720 2613.1
1436730 2614.3
1436740 2614.3
1436750 2614.4
1436760 2613.4
1436770 2613.6
1436780 2613.6
1436790 2613.3
1436800 2612.7
1436810 2612.7
1436820 2612.4
1436830 2612.0
1436840 2612.0
1436850 2611.4
1436860 2611.0
1436870 2611.0
1436880 2611.0
1436890 2611.6
1436900 2611.6
1436910 2611.5
1436920 2612.2
1436930 2612.2
1436940 2614.2
1436950 2616.6
1436960 2616.6
1436970 2617.3
1436980 2619.9
1436990 2622.7
1437000 2622.7
1437010 2626.2
1437020 2629.4
1437030 2629.4
1437040 2632.4
1437050 2634.3
1437060 2634.3
1437070 2634.3
1437080 2634.6
1437090 2634.6
1437100 2635.2
1437110 2636.1
1437120 2636.1
1437130 2637.8
1437140 2639.2
1437150 2639.2
1437160 2640.2
1437170 2640.9
1437180 2640.9
1437190 2641.3
1437200 2641.7
1437210 2640.8
1437220 2640.8
1437230 2640.6
1437240 2641.2
1437250 2641.2
1437260 2641.1
1437270 2641.3
1437280 2641.3
1437290 2641.9
1437300 2642.9
1437310 2642.9
1437320 2644.1
1437330 2645.5
1437340 2645.5
1437350 2646.2
1437360 2646.9
1437370 2646.9
1437380 2647.6
1437390 2648.3
1437400 2648.3
1437410 2649.2
1437420 2650.6
1437430 2652.1
1437440 2652.1
1437450 2653.6
1437460 2655.1
1437470 2655.1
1437480 2656.6
1437490 2658.5
1437500 2658.5
1437510 2661.1
1437520 2664.6
1437530 2664.6
1437540 2669.6
1437550 2675.3
1437560 2675.3
1437570 2678.6
1437580 2683.0
1437590 2683.0
1437600 2690.1
1437610 2697.2
1437620 2697.2
1437630 2705.4
1437640 2715.3
1437650 2723.3
1437660 2723.3
1437670 2730.6
1437680 2740.0
1437690 2740.0
1437700 2752.5
1437710 2759.9
1437720 2759.9
1437730 2764.3
1437740 2769.1
1437750 2769.1
1437760 2773.8
1437770 2779.0
1437780 2779.0
1437790 2783.7
1437800 2784.8
1437810 2784.8
1437820 2769.5
1437830 2743.2
1437840 2743.2
1437850 2723.6
1437860 2716.4
1437870 2712.5
1437880 2712.5
1437890 2708.8
1437900 2704.2
1437910 2704.2
1437920 2699.6
1437930 2694.4
1437940 2694.4
1437950 2691.2
1437960 2690.2
1437970 2690.2
1437980 2690.8
1437990 2691.2
1438000 2691.2
1438010 2691.7
1438020 2691.0
1438030 2691.0
1438040 2687.8
1438050 2685.2
1438060 2685.2
1438070 2682.6
1438080 2677.9
1438090 2672.8
1438100 2672.8
1438110 2655.9
1438120 2639.0
1438130 2639.0
1438140 2618.9
1438150 2605.6
1438160 2605.6
1438170 2597.4
1438180 2588.9
1438190 2588.9
1438200 2580.9
1438210 2573.1
1438220 2573.1
1438230 2565.8
1438240 2562.3
1438250 2562.3
1438260 2559.7
1438270 2552.7
1438280 2552.7
1438290 2545.4
1438300 2542.2
1438310 2541.4
1438320 2545.8
1438330 2544.9
1438340 2543.6
1438350 2543.6
1438360 2542.1
1438370 2539.9
1438380 2539.9
1438390 2535.5
1438400 2531.7
1438410 2531.7
1438420 2529.4
1438430 2527.1
1438440 2527.1
1438450 2522.9
1438460 2516.8
1438470 2516.8
1438480 2509.9
1438490 2505.4
1438500 2505.4
1438510 2503.5
1438520 2503.2
1438530 2503.9
1438540 2503.9
1438550 2500.6
1438560 2496.3
1438570 2496.3
1438580 2493.2
1438590 2486.8
1438600 2486.8
1438610 2480.0
1438620 2470.5
1438630 2470.5
1438640 2462.6
1438650 2457.6
1438660 2457.6
1438670 2452.5
1438680 2446.6
1438690 2446.6
1438700 2441.9
1438710 2438.1
1438720 2438.1
1438730 2435.8
1438740 2435.4
1438750 2435.7
1438760 2435.7
1438770 2436.4
1438780 2436.5
1438790 2436.5
1438800 2436.4
1438810 2436.6
1438820 2436.6
1438830 2434.5
1438840 2429.5
1438850 2429.5
1438860 2422.4
1438870 2415.7
1438880 2415.7
1438890 2412.0
1438900 2409.3
1438910 2409.3
1438920 2407.1
1438930 2405.7
1438940 2405.7
1438950 2405.1
1438960 2406.0
1438970 2407.4
1438980 2407.4
1438990 2408.7
1439000 2412.8
1439010 2412.8
1439020 2419.0
1439030 2422.3
1439040 2422.3
1439050 2419.3
1439060 2415.1
1439070 2415.1
1439080 2410.6
1439090 2408.4
1439100 2408.4
1439110 2408.0
1439120 2408.4
1439130 2408.4
1439140 2409.4
1439150 2412.2
1439160 2412.2
1439170 2412.3
1439180 2410.6
1439190 2408.7
1439200 2408.7
1439210 2406.6
1439220 2406.9
1439230 2406.9
1439240 2406.6
1439250 2406.5
1439260 2406.5
1439270 2407.0
1439280 2408.5
1439290 2408.5
1439300 2410.5
1439310 2412.1
1439320 2412.1
1439330 2415.9
1439340 2421.3
1439350 2421.3
1439360 2424.2
1439370 2425.6
1439380 2425.6
1439390 2425.4
1439400 2424.2
1439410 2422.3
1439420 2422.3
1439430 2420.1
1439440 2418.4
1439450 2418.4
1439460 2419.7
1439470 2424.6
1439480 2424.6
1439490 2432.3
1439500 2443.8
1439510 2443.8
1439520 2450.7
1439530 2454.2
1439540 2454.2
1439550 2455.6
1439560 2457.2
1439570 2457.2
1439580 2459.4
1439590 2462.9
1439600 2462.9
1439610 2465.5
1439620 2466.0
1439630 2461.1
1439640 2461.1
1439650 2454.5
1439660 2450.4
1439670 2450.4
1439680 2448.5
1439690 2449.2
1439700 2449.2
1439710 2451.4
1439720 2455.6
1439730 2455.6
1439740 2460.2
1439750 2465.1
1439760 2465.1
1439770 2469.5
1439780 2474.5
1439790 2474.5
1439800 2478.5
1439810 2481.5
1439820 2481.5
1439830 2483.4
1439840 2485.5
1439850 2489.5
1439860 2489.5
1439870 2493.6
1439880 2495.8
1439890 2495.8
1439900 2497.5
1439910 2498.5
1439920 2498.5
1439930 2499.0
1439940 2498.9
1439950 2498.9
1439960 2498.8
1439970 2499.0
1439980 2499.0
1439990 2498.9
