1420000 2722.3
1420010 2724.6
1420020 2726.8
1420030 2726.8
1420040 2727.5
1420050 2727.0
1420060 2727.0
1420070 2725.6
1420080 2724.7
1420090 2724.7
1420100 2724.6
1420110 2722.3
1420120 2722.3
1420130 2722.3
1420140 2721.8
1420150 2719.8
1420160 2719.8
1420170 2719.5
1420180 2719.6
1420190 2719.6
1420200 2719.1
1420210 2717.8
1420220 2717.8
1420230 2715.6
1420240 2712.8
1420250 2712.8
1420260 2710.5
1420270 2707.6
1420280 2707.6
1420290 2704.6
1420300 2701.9
1420310 2701.9
1420320 2699.0
1420330 2696.4
1420340 2696.4
1420350 2694.5
1420360 2693.5
1420370 2693.3
1420380 2693.3
1420390 2693.0
1420400 2691.9
1420410 2691.9
1420420 2690.1
1420430 2688.2
1420440 2688.2
1420450 2687.3
1420460 2686.8
1420470 2686.8
1420480 2686.7
1420490 2686.0
1420500 2686.0
1420510 2684.3
1420520 2682.1
1420530 2682.1
1420540 2680.2
1420550 2678.3
1420560 2678.3
1420570 2675.1
1420580 2671.3
1420590 2667.4
1420600 2667.4
1420610 2662.6
1420620 2658.4
1420630 2658.4
1420640 2654.8
1420650 2650.9
1420660 2650.9
1420670 2648.7
1420680 2645.3
1420690 2645.3
1420700 2642.0
1420710 2639.9
1420720 2639.9
1420730 2635.9
1420740 2629.9
1420750 2629.9
1420760 2623.5
1420770 2615.8
1420780 2615.8
1420790 2605.0
1420800 2589.4
1420810 2577.9
1420820 2577.9
1420830 2570.4
1420840 2561.4
1420850 2561.4
1420860 2548.4
1420870 2537.7
1420880 2537.7
1420890 2522.0
1420900 2504.0
1420910 2504.0
1420920 2490.7
1420930 2479.5
1420940 2479.5
1420950 2468.8
1420960 2456.6
1420970 2456.6
1420980 2447.9
1420990 2439.1
1421000 2439.1
1421010 2431.3
1421020 2426.2
1421030 2422.7
1421040 2422.7
1421050 2418.9
1421060 2411.3
1421070 2411.3
1421080 2403.9
1421090 2398.8
1421100 2398.8
1421110 2394.3
1421120 2390.4
1421130 2390.4
1421140 2387.4
1421150 2384.7
1421160 2384.7
1421170 2381.6
1421180 2378.2
1421190 2378.2
1421200 2374.9
1421210 2372.1
1421220 2372.1
1421230 2370.1
1421240 2368.7
1421250 2367.3
1421260 2367.3
1421270 2365.7
1421280 2363.5
1421290 2363.5
1421300 2361.7
1421310 2360.4
1421320 2360.4
1421330 2358.7
1421340 2356.4
1421350 2356.4
1421360 2354.6
1421370 2352.6
1421380 2352.6
1421390 2350.9
1421400 2349.5
1421410 2349.5
1421420 2347.8
1421430 2347.4
1421440 2347.4
1421450 2350.1
1421460 2353.4
1421470 2356.4
1421480 2356.4
1421490 2359.3
1421500 2363.2
1421510 2363.2
1421520 2368.0
1421530 2372.6
1421540 2372.6
1421550 2376.0
1421560 2379.6
1421570 2379.6
1421580 2385.8
1421590 2394.0
1421600 2394.0
1421610 2406.1
1421620 2422.3
1421630 2422.3
1421640 2428.7
1421650 2433.7
1421660 2433.7
1421670 2441.2
1421680 2451.8
1421690 2462.3
1421700 2462.3
1421710 2468.6
1421720 2475.5
1421730 2475.5
1421740 2484.1
1421750 2492.6
1421760 2492.6
1421770 2499.2
1421780 2505.3
1421790 2505.3
1421800 2506.9
1421810 2505.0
1421820 2505.0
1421830 2502.0
1421840 2502.5
1421850 2502.5
1421860 2506.9
1421870 2512.5
1421880 2512.5
1421890 2518.4
1421900 2524.9
1421910 2532.7
1421920 2532.7
1421930 2540.5
1421940 2545.8
1421950 2545.8
1421960 2544.9
1421970 2544.6
1421980 2544.6
1421990 2545.3
1422000 2544.9
1422010 2544.9
1422020 2548.1
1422030 2554.3
1422040 2554.3
1422050 2560.7
1422060 2566.7
1422070 2566.7
1422080 2571.4
1422090 2574.3
1422100 2574.3
1422110 2571.6
1422120 2574.0
1422130 2581.2
1422140 2581.2
1422150 2584.4
1422160 2587.2
1422170 2587.2
1422180 2591.7
1422190 2597.2
1422200 2597.2
1422210 2602.6
1422220 2606.8
1422230 2606.8
1422240 2608.7
1422250 2610.1
1422260 2610.1
1422270 2610.3
1422280 2610.0
1422290 2610.0
1422300 2609.9
1422310 2612.8
1422320 2612.8
1422330 2615.4
1422340 2616.8
1422350 2616.8
1422360 2616.8
1422370 2618.5
1422380 2621.6
1422390 2621.6
1422400 2623.9
1422410 2626.4
1422420 2626.4
1422430 2628.5
1422440 2628.4
1422450 2628.4
1422460 2630.7
1422470 2634.4
1422480 2634.4
1422490 2636.7
1422500 2641.2
1422510 2641.2
1422520 2646.4
1422530 2651.8
1422540 2651.8
1422550 2658.2
1422560 2665.2
1422570 2672.4
1422580 2672.4
1422590 2679.7
1422600 2687.7
1422610 2687.7
1422620 2696.2
1422630 2705.1
1422640 2705.1
1422650 2714.0
1422660 2722.4
1422670 2722.4
1422680 2730.7
1422690 2736.1
1422700 2736.1
1422710 2724.9
1422720 2704.8
1422730 2704.8
1422740 2691.1
1422750 2679.8
1422760 2679.8
1422770 2670.6
1422780 2664.2
1422790 2659.8
1422800 2659.8
1422810 2654.9
1422820 2649.8
1422830 2649.8
1422840 2646.0
1422850 2642.1
1422860 2642.1
1422870 2638.0
1422880 2633.8
1422890 2633.8
1422900 2630.4
1422910 2626.8
1422920 2626.8
1422930 2622.1
1422940 2618.9
1422950 2618.9
1422960 2617.4
1422970 2618.0
1422980 2618.0
1422990 2619.1
1423000 2619.4
1423010 2620.0
1423020 2620.0
1423030 2620.3
1423040 2621.0
1423050 2621.0
1423060 2622.5
1423070 2624.6
1423080 2624.6
1423090 2626.1
1423100 2626.7
1423110 2626.7
1423120 2627.9
1423130 2632.9
1423140 2632.9
1423150 2640.2
1423160 2646.1
1423170 2646.1
1423180 2647.9
1423190 2648.5
1423200 2648.5
1423210 2650.2
1423220 2653.0
1423230 2656.2
1423240 2656.2
1423250 2658.6
1423260 2661.6
1423270 2661.6
1423280 2664.5
1423290 2667.7
1423300 2667.7
1423310 2670.8
1423320 2673.6
1423330 2673.6
1423340 2676.4
1423350 2678.7
1423360 2678.7
1423370 2681.3
1423380 2683.7
1423390 2683.7
1423400 2684.9
1423410 2684.9
1423420 2684.9
1423430 2685.5
1423440 2686.5
1423450 2686.0
1423460 2686.0
1423470 2684.1
1423480 2682.7
1423490 2682.7
1423500 2681.7
1423510 2680.7
1423520 2680.7
1423530 2680.4
1423540 2680.3
1423550 2680.3
1423560 2680.9
1423570 2682.9
1423580 2682.9
1423590 2684.6
1423600 2686.6
1423610 2686.6
1423620 2688.7
1423630 2690.8
1423640 2690.8
1423650 2692.9
1423660 2694.8
1423670 2697.3
1423680 2697.3
1423690 2700.0
1423700 2702.2
1423710 2702.2
1423720 2705.3
1423730 2709.0
1423740 2709.0
1423750 2712.8
1423760 2716.0
1423770 2716.0
1423780 2720.1
1423790 2724.1
1423800 2724.1
1423810 2728.5
1423820 2733.5
1423830 2733.5
1423840 2737.2
1423850 2741.1
1423860 2741.1
1423870 2744.0
1423880 2746.3
1423890 2749.9
1423900 2749.9
1423910 2754.4
1423920 2758.8
1423930 2758.8
1423940 2763.9
1423950 2769.4
1423960 2769.4
1423970 2774.3
1423980 2779.6
1423990 2779.6
1424000 2784.7
1424010 2789.3
1424020 2789.3
1424030 2794.3
1424040 2798.4
1424050 2798.4
1424060 2802.9
1424070 2808.2
1424080 2808.2
1424090 2814.5
1424100 2820.2
1424110 2826.0
1424120 2826.0
1424130 2832.4
1424140 2840.4
1424150 2840.4
1424160 2850.2
1424170 2858.5
1424180 2850.2
1424190 2858.2
1424200 2866.5
1424210 2866.5
1424220 2878.7
1424230 2889.9
1424240 2889.9
1424250 2899.7
1424260 2915.9
1424270 2915.9
1424280 2928.3
1424290 2936.2
1424300 2936.2
1424310 2943.6
1424320 2951.3
1424330 2958.7
1424340 2958.7
1424350 2965.8
1424360 2972.9
1424370 2972.9
1424380 2975.2
1424390 2968.0
1424400 2968.0
1424410 2961.7
1424420 2955.9
1424430 2955.9
1424440 2950.3
1424450 2945.2
1424460 2945.2
1424470 2941.4
1424480 2937.7
1424490 2937.7
1424500 2933.7
1424510 2928.6
1424520 2928.6
1424530 2923.6
1424540 2918.6
1424550 2914.0
1424560 2914.0
1424570 2909.5
1424580 2905.2
1424590 2905.2
1424600 2900.7
1424610 2896.4
1424620 2896.4
1424630 2893.0
1424640 2890.3
1424650 2890.3
1424660 2887.4
1424670 2886.1
1424680 2886.1
1424690 2883.9
1424700 2880.3
1424710 2880.3
1424720 2872.6
1424730 2859.1
1424740 2859.1
1424750 2845.4
1424760 2831.8
1424770 2820.7
1424780 2820.7
1424790 2809.6
1424800 2798.1
1424810 2798.1
1424820 2789.2
1424830 2782.4
1424840 2782.4
1424850 2775.2
1424860 2769.2
1424870 2769.2
1424880 2764.0
1424890 2761.1
1424900 2761.1
1424910 2758.4
1424920 2755.7
1424930 2755.7
1424940 2753.4
1424950 2752.5
1424960 2752.5
1424970 2757.0
1424980 2760.5
1424990 2761.1
1425000 2761.1
1425010 2759.9
1425020 2757.5
1425030 2757.5
1425040 2750.2
1425050 2741.8
1425060 2741.8
1425070 2736.3
1425080 2732.7
1425090 2732.7
1425100 2726.7
1425110 2717.8
1425120 2717.8
1425130 2714.8
1425140 2709.5
1425150 2709.5
1425160 2702.4
1425170 2695.2
1425180 2695.2
1425190 2688.5
1425200 2683.0
1425210 2680.0
1425220 2680.0
1425230 2676.9
1425240 2673.9
1425250 2673.9
1425260 2670.6
1425270 2667.7
1425280 2667.7
1425290 2664.3
1425300 2661.3
1425310 2661.3
1425320 2659.5
1425330 2657.0
1425340 2657.0
1425350 2655.3
1425360 2654.9
1425370 2654.9
1425380 2655.4
1425390 2656.1
1425400 2656.1
1425410 2655.6
1425420 2656.2
1425430 2655.5
1425440 2655.5
1425450 2656.6
1425460 2658.9
1425470 2658.9
1425480 2663.9
1425490 2671.5
1425500 2671.5
1425510 2680.8
1425520 2692.9
1425530 2692.9
1425540 2701.9
1425550 2711.6
1425560 2711.6
1425570 2723.3
1425580 2729.7
1425590 2729.7
1425600 2732.3
1425610 2731.7
1425620 2731.7
1425630 2729.6
1425640 2729.3
1425650 2730.5
1425660 2730.5
1425670 2732.2
1425680 2735.4
1425690 2735.4
1425700 2738.7
1425710 2739.8
1425720 2739.8
1425730 2741.1
1425740 2743.4
1425750 2743.4
1425760 2746.1
1425770 2750.2
1425780 2750.2
1425790 2752.9
1425800 2756.4
1425810 2756.4
1425820 2758.8
1425830 2761.4
1425840 2761.4
1425850 2765.8
1425860 2771.8
1425870 2779.8
1425880 2779.8
1425890 2781.9
1425900 2781.4
1425910 2781.4
1425920 2782.8
1425930 2786.6
1425940 2786.6
1425950 2791.5
1425960 2793.6
1425970 2793.6
1425980 2794.6
1425990 2794.3
1426000 2794.3
1426010 2794.2
1426020 2794.0
1426030 2794.0
1426040 2793.5
1426050 2792.5
1426060 2792.5
1426070 2791.8
1426080 2792.9
1426090 2793.4
1426100 2793.4
1426110 2795.1
1426120 2798.0
1426130 2798.0
1426140 2800.7
1426150 2802.8
1426160 2802.8
1426170 2803.4
1426180 2803.1
1426190 2803.1
1426200 2802.3
1426210 2801.8
1426220 2801.8
1426230 2801.5
1426240 2801.0
1426250 2801.0
1426260 2800.3
1426270 2799.7
1426280 2799.7
1426290 2798.9
1426300 2798.0
1426310 2796.2
1426320 2795.0
1426330 2793.4
1426340 2792.3
1426350 2792.3
1426360 2790.5
1426370 2789.8
1426380 2789.8
1426390 2789.2
1426400 2789.0
1426410 2789.0
1426420 2789.8
1426430 2790.7
1426440 2790.7
1426450 2791.8
1426460 2792.4
1426470 2792.4
1426480 2793.3
1426490 2790.8
1426500 2790.8
1426510 2787.6
1426520 2785.1
1426530 2784.2
1426540 2784.2
1426550 2783.3
1426560 2781.3
1426570 2781.3
1426580 2778.6
1426590 2779.1
1426600 2779.1
1426610 2782.6
1426620 2788.0
1426630 2788.0
1426640 2794.2
1426650 2799.4
1426660 2799.4
1426670 2801.5
1426680 2792.3
1426690 2792.3
1426700 2779.0
1426710 2766.4
1426720 2766.4
1426730 2752.8
1426740 2743.1
1426750 2736.3
1426760 2736.3
1426770 2729.9
1426780 2723.7
1426790 2723.7
1426800 2718.1
1426810 2713.2
1426820 2713.2
1426830 2709.4
1426840 2705.0
1426850 2705.0
1426860 2699.5
1426870 2694.0
1426880 2694.0
1426890 2691.2
1426900 2689.7
1426910 2689.7
1426920 2688.8
1426930 2689.5
1426940 2689.5
1426950 2690.2
1426960 2691.2
1426970 2691.4
1426980 2691.4
1426990 2691.8
1427000 2692.2
1427010 2692.2
1427020 2691.9
1427030 2691.3
1427040 2691.3
1427050 2691.1
1427060 2692.0
1427070 2692.0
1427080 2691.6
1427090 2690.7
1427100 2690.7
1427110 2690.2
1427120 2689.9
1427130 2689.9
1427140 2689.5
1427150 2689.5
1427160 2689.5
1427170 2689.9
1427180 2689.7
1427190 2690.1
1427200 2690.1
1427210 2688.3
1427220 2687.0
1427230 2687.0
1427240 2685.6
1427250 2683.7
1427260 2683.7
1427270 2681.7
1427280 2680.2
1427290 2680.2
1427300 2678.5
1427310 2676.2
1427320 2676.2
1427330 2674.9
1427340 2673.3
1427350 2673.3
1427360 2670.0
1427370 2666.9
1427380 2666.9
1427390 2664.4
1427400 2663.8
1427410 2662.7
1427420 2662.7
1427430 2662.4
1427440 2662.1
1427450 2662.1
1427460 2660.2
1427470 2656.4
1427480 2656.4
1427490 2650.9
1427500 2645.6
1427510 2645.6
1427520 2641.2
1427530 2636.7
1427540 2636.7
1427550 2633.5
1427560 2631.8
1427570 2631.8
1427580 2630.0
1427590 2629.4
1427600 2629.4
1427610 2628.1
1427620 2625.6
1427630 2622.9
1427640 2622.9
1427650 2620.3
1427660 2617.7
1427670 2617.7
1427680 2617.2
1427690 2617.2
1427700 2617.2
1427710 2617.8
1427720 2619.1
1427730 2619.1
1427740 2617.9
1427750 2616.2
1427760 2616.2
1427770 2619.5
1427780 2623.2
1427790 2623.2
1427800 2623.8
1427810 2624.4
1427820 2624.4
1427830 2626.2
1427840 2631.0
1427850 2638.2
1427860 2638.2
1427870 2643.2
1427880 2652.7
1427890 2652.7
1427900 2654.2
1427910 2651.0
1427920 2651.0
1427930 2645.8
1427940 2641.9
1427950 2641.9
1427960 2639.9
1427970 2637.2
1427980 2637.2
1427990 2635.1
1428000 2635.6
1428010 2635.6
1428020 2635.1
1428030 2635.5
1428040 2635.5
1428050 2634.3
1428060 2633.1
1428070 2633.5
1428080 2633.5
1428090 2632.5
1428100 2627.4
1428110 2627.4
1428120 2622.5
1428130 2618.9
1428140 2618.9
1428150 2617.8
1428160 2619.3
1428170 2619.3
1428180 2622.2
1428190 2627.2
1428200 2627.2
1428210 2628.6
1428220 2627.5
1428230 2627.5
1428240 2624.8
1428250 2624.2
1428260 2624.2
1428270 2627.0
1428280 2622.8
1428290 2615.0
1428300 2615.0
1428310 2606.0
1428320 2597.2
1428330 2597.2
1428340 2587.2
1428350 2580.3
1428360 2580.3
1428370 2576.0
1428380 2570.3
1428390 2570.3
1428400 2564.8
1428410 2561.1
1428420 2561.1
1428430 2558.8
1428440 2556.2
1428450 2556.2
1428460 2553.0
1428470 2549.7
1428480 2549.7
1428490 2545.9
1428500 2537.8
1428510 2534.4
1428520 2534.4
1428530 2531.6
1428540 2526.3
1428550 2530.0
1428560 2525.1
1428570 2519.8
1428580 2519.8
1428590 2513.7
1428600 2507.6
1428610 2507.6
1428620 2501.5
1428630 2494.7
1428640 2494.7
1428650 2488.1
1428660 2481.6
1428670 2481.6
1428680 2475.8
1428690 2470.0
1428700 2470.0
1428710 2463.8
1428720 2457.2
1428730 2450.3
1428740 2450.3
1428750 2443.7
1428760 2437.4
1428770 2437.4
1428780 2430.8
1428790 2423.9
1428800 2423.9
1428810 2416.9
1428820 2411.4
1428830 2411.4
1428840 2406.1
1428850 2403.9
1428860 2403.9
1428870 2403.3
1428880 2402.9
1428890 2402.9
1428900 2402.4
1428910 2402.1
1428920 2402.1
1428930 2401.9
1428940 2400.9
1428950 2398.2
1428960 2398.2
1428970 2397.7
1428980 2401.0
1428990 2401.0
1429000 2403.2
1429010 2403.9
1429020 2403.9
1429030 2402.5
1429040 2401.3
1429050 2401.3
1429060 2400.9
1429070 2397.8
1429080 2397.8
1429090 2397.7
1429100 2399.1
1429110 2399.1
1429120 2403.4
1429130 2407.1
1429140 2407.1
1429150 2409.0
1429160 2407.5
1429170 2401.6
1429180 2401.6
1429190 2393.6
1429200 2387.0
1429210 2387.0
1429220 2382.8
1429230 2379.5
1429240 2379.5
1429250 2377.3
1429260 2374.2
1429270 2374.2
1429280 2373.6
1429290 2373.7
1429300 2373.7
1429310 2374.8
1429320 2374.5
1429330 2374.5
1429340 2372.2
1429350 2371.0
1429360 2371.0
1429370 2369.7
1429380 2369.3
1429390 2367.1
1429400 2367.1
1429410 2364.5
1429420 2368.4
1429430 2368.4
1429440 2370.7
1429450 2371.8
1429460 2371.8
1429470 2370.9
1429480 2370.2
1429490 2370.2
1429500 2369.7
1429510 2369.1
1429520 2369.1
1429530 2369.4
1429540 2369.3
1429550 2369.3
1429560 2367.6
1429570 2365.8
1429580 2365.8
1429590 2364.8
1429600 2364.2
1429610 2362.6
1429620 2362.6
1429630 2359.7
1429640 2357.8
1429650 2357.8
1429660 2355.4
1429670 2350.9
1429680 2350.9
1429690 2347.5
1429700 2345.1
1429710 2345.1
1429720 2342.0
1429730 2339.3
1429740 2339.3
1429750 2337.9
1429760 2337.3
1429770 2337.3
1429780 2335.8
1429790 2331.8
1429800 2331.8
1429810 2330.2
1429820 2324.3
1429830 2316.4
1429840 2316.4
1429850 2309.5
1429860 2302.9
1429870 2302.9
1429880 2296.6
1429890 2290.7
1429900 2290.7
1429910 2287.5
1429920 2287.0
1429930 2287.0
1429940 2286.2
1429950 2285.4
1429960 2285.4
1429970 2284.8
1429980 2283.7
1429990 2283.7
1430000 2282.2
1430010 2281.2
1430020 2281.2
1430030 2280.5
1430040 2280.1
1430050 2279.7
1430060 2279.7
1430070 2280.9
1430080 2283.0
1430090 2283.0
1430100 2285.0
1430110 2289.8
1430120 2289.8
1430130 2293.0
1430140 2297.7
1430150 2297.7
1430160 2303.3
1430170 2306.1
1430180 2306.1
1430190 2307.0
1430200 2306.6
1430210 2306.6
1430220 2306.2
1430230 2306.4
1430240 2306.4
1430250 2307.6
1430260 2310.3
1430270 2311.8
1430280 2311.8
1430290 2311.6
1430300 2312.5
1430310 2312.5
1430320 2311.5
1430330 2308.8
1430340 2308.8
1430350 2308.9
1430360 2307.0
1430370 2307.0
1430380 2303.6
1430390 2301.8
1430400 2301.8
1430410 2304.0
1430420 2306.8
1430430 2306.8
1430440 2310.3
1430450 2311.3
1430460 2311.3
1430470 2310.5
1430480 2309.3
1430490 2307.8
1430500 2307.8
1430510 2310.3
1430520 2314.0
1430530 2314.0
1430540 2314.3
1430550 2314.3
1430560 2314.3
1430570 2316.0
1430580 2319.2
1430590 2319.2
1430600 2322.3
1430610 2321.7
1430620 2321.7
1430630 2316.8
1430640 2316.2
1430650 2316.2
1430660 2316.2
1430670 2311.1
1430680 2311.1
1430690 2306.4
1430700 2302.7
1430710 2301.0
1430720 2301.0
1430730 2299.2
1430740 2295.4
1430750 2295.4
1430760 2292.4
1430770 2290.2
1430780 2290.2
1430790 2288.5
1430800 2287.1
1430810 2287.1
1430820 2285.5
1430830 2283.9
1430840 2283.9
1430850 2279.8
1430860 2276.8
1430870 2279.8
1430880 2278.5
1430890 2274.5
1430900 2274.5
1430910 2269.2
1430920 2266.1
1430930 2263.9
1430940 2263.9
1430950 2261.3
1430960 2259.8
1430970 2259.8
1430980 2259.0
1430990 2258.3
1431000 2258.3
1431010 2257.1
1431020 2254.7
1431030 2254.7
1431040 2252.0
1431050 2249.9
1431060 2249.9
1431070 2250.4
1431080 2250.0
1431090 2250.0
1431100 2253.3
1431110 2259.7
1431120 2259.7
1431130 2261.2
1431140 2263.9
1431150 2267.1
1431160 2267.1
1431170 2269.4
1431180 2272.7
1431190 2272.7
1431200 2278.3
1431210 2281.3
1431220 2281.3
1431230 2282.9
1431240 2285.8
1431250 2285.8
1431260 2286.7
1431270 2286.6
1431280 2286.6
1431290 2286.9
1431300 2288.7
1431310 2288.7
1431320 2293.2
1431330 2298.1
1431340 2298.1
1431350 2303.6
1431360 2309.9
1431370 2316.2
1431380 2316.2
1431390 2322.1
1431400 2329.5
1431410 2329.5
1431420 2340.8
1431430 2348.4
1431440 2348.4
1431450 2349.5
1431460 2351.4
1431470 2351.4
1431480 2352.4
1431490 2351.0
1431500 2351.0
1431510 2350.0
1431520 2348.8
1431530 2348.8
1431540 2348.7
1431550 2348.1
1431560 2348.1
1431570 2347.5
1431580 2348.4
1431590 2347.0
1431600 2347.0
1431610 2345.0
1431620 2343.6
1431630 2343.6
1431640 2342.4
1431650 2342.4
1431660 2342.4
1431670 2342.5
1431680 2342.7
1431690 2342.7
1431700 2342.4
1431710 2342.5
1431720 2342.5
1431730 2342.5
1431740 2342.4
1431750 2342.4
1431760 2342.5
1431770 2342.5
1431780 2342.5
1431790 2342.5
1431800 2342.5
1431810 2342.5
1431820 2342.5
1431830 2342.5
1431840 2343.0
1431850 2343.0
1431860 2344.5
1431870 2346.7
1431880 2346.7
1431890 2348.7
1431900 2350.4
1431910 2350.4
1431920 2351.7
1431930 2353.3
1431940 2353.3
1431950 2354.8
1431960 2356.2
1431970 2356.2
1431980 2357.5
1431990 2359.4
1432000 2359.4
1432010 2361.8
1432020 2365.5
1432030 2367.9
1432040 2367.9
1432050 2368.5
1432060 2369.1
1432070 2369.1
1432080 2370.6
1432090 2372.5
1432100 2372.5
1432110 2373.0
1432120 2372.5
1432130 2372.5
1432140 2372.3
1432150 2371.6
1432160 2371.6
1432170 2372.2
1432180 2373.8
1432190 2373.8
1432200 2375.2
1432210 2377.8
1432220 2377.8
1432230 2378.8
1432240 2379.4
1432250 2383.1
1432260 2383.1
1432270 2387.9
1432280 2393.8
1432290 2393.8
1432300 2400.0
1432310 2402.5
1432320 2402.5
1432330 2402.8
1432340 2403.0
1432350 2403.0
1432360 2405.9
1432370 2408.0
1432380 2408.0
1432390 2408.3
1432400 2407.4
1432410 2407.4
1432420 2406.6
1432430 2406.4
1432440 2406.4
1432450 2405.9
1432460 2406.8
1432470 2408.0
1432480 2408.0
1432490 2409.3
1432500 2409.8
1432510 2409.8
1432520 2410.2
1432530 2411.3
1432540 2411.3
1432550 2413.0
1432560 2415.4
1432570 2415.4
1432580 2418.1
1432590 2422.1
1432600 2422.1
1432610 2426.9
1432620 2432.2
1432630 2432.2
1432640 2437.0
1432650 2442.2
1432660 2442.2
1432670 2448.6
1432680 2455.2
1432690 2462.0
1432700 2462.0
1432710 2468.9
1432720 2477.6
1432730 2477.6
1432740 2482.4
1432750 2483.2
1432760 2483.2
1432770 2484.0
1432780 2484.8
1432790 2484.8
1432800 2486.3
1432810 2487.5
1432820 2487.5
1432830 2487.8
1432840 2488.7
1432850 2488.7
1432860 2490.2
1432870 2493.7
1432880 2493.7
1432890 2496.3
1432900 2497.1
1432910 2497.1
1432920 2497.1
1432930 2495.8
1432940 2493.8
1432950 2493.8
1432960 2492.1
1432970 2485.3
1432980 2485.3
1432990 2476.9
1433000 2471.1
1433010 2471.1
1433020 2466.2
1433030 2460.5
1433040 2460.5
1433050 2451.5
1433060 2447.5
1433070 2447.5
1433080 2444.0
1433090 2441.1
1433100 2441.1
1433110 2439.2
1433120 2438.8
1433130 2441.5
1433140 2441.5
1433150 2443.8
1433160 2449.4
1433170 2449.4
1433180 2454.2
1433190 2459.3
1433200 2459.3
1433210 2465.1
1433220 2471.0
1433230 2471.0
1433240 2476.7
1433250 2482.5
1433260 2482.5
1433270 2488.0
1433280 2497.2
1433290 2497.2
1433300 2503.8
1433310 2509.2
1433320 2509.2
1433330 2514.3
1433340 2520.9
1433350 2526.2
1433360 2526.2
1433370 2528.7
1433380 2531.9
1433390 2531.9
1433400 2534.0
1433410 2535.6
1433420 2535.6
1433430 2537.2
1433440 2539.5
1433450 2539.5
1433460 2541.9
1433470 2543.8
1433480 2543.8
1433490 2546.4
1433500 2550.0
1433510 2550.0
1433520 2554.6
1433530 2558.9
1433540 2558.9
1433550 2560.8
1433560 2561.4
1433570 2563.9
1433580 2563.9
1433590 2564.1
1433600 2565.2
1433610 2565.2
1433620 2570.2
1433630 2574.7
1433640 2574.7
1433650 2576.4
1433660 2573.6
1433670 2573.6
1433680 2572.5
1433690 2578.2
1433700 2578.2
1433710 2585.4
1433720 2586.3
1433730 2586.3
1433740 2583.9
1433750 2579.8
1433760 2579.8
1433770 2581.8
1433780 2582.4
1433790 2580.2
1433800 2580.2
1433810 2578.4
1433820 2577.6
1433830 2577.6
1433840 2576.4
1433850 2577.0
1433860 2577.0
1433870 2578.5
1433880 2583.2
1433890 2583.2
1433900 2589.2
1433910 2590.9
1433920 2590.9
1433930 2595.7
1433940 2599.1
1433950 2599.1
1433960 2601.2
1433970 2603.1
1433980 2603.1
1433990 2603.9
1434000 2601.6
1434010 2600.5
1434020 2600.5
1434030 2604.3
1434040 2609.0
1434050 2609.0
1434060 2610.0
1434070 2609.7
1434080 2609.7
1434090 2610.2
1434100 2611.1
1434110 2611.1
1434120 2611.3
1434130 2613.0
1434140 2613.0
1434150 2614.1
1434160 2616.6
1434170 2616.6
1434180 2620.1
1434190 2622.5
1434200 2622.5
1434210 2625.8
1434220 2629.4
1434230 2635.0
1434240 2635.0
1434250 2639.2
1434260 2641.9
1434270 2641.9
1434280 2645.4
1434290 2649.1
1434300 2649.1
1434310 2654.2
1434320 2659.2
1434330 2659.2
1434340 2664.3
1434350 2670.4
1434360 2670.4
1434370 2675.4
1434380 2679.2
1434390 2679.2
1434400 2681.0
1434410 2681.4
1434420 2681.4
1434430 2681.3
1434440 2680.8
1434450 2679.7
1434460 2679.7
1434470 2677.5
1434480 2671.6
1434490 2671.6
1434500 2666.7
1434510 2663.3
1434520 2663.3
1434530 2661.1
1434540 2657.9
1434550 2657.9
1434560 2655.9
1434570 2654.6
1434580 2654.6
1434590 2654.3
1434600 2653.3
1434610 2653.3
1434620 2651.9
1434630 2651.0
1434640 2651.0
1434650 2650.6
1434660 2650.0
1434670 2648.5
1434680 2648.5
1434690 2646.2
1434700 2637.1
1434710 2637.1
1434720 2630.7
1434730 2627.6
1434740 2627.6
1434750 2627.0
1434760 2621.4
1434770 2621.4
1434780 2615.2
1434790 2612.2
1434800 2612.2
1434810 2609.9
1434820 2607.5
1434830 2607.5
1434840 2604.9
1434850 2601.2
1434860 2601.2
1434870 2592.5
1434880 2582.9
1434890 2577.1
1434900 2577.1
1434910 2572.7
1434920 2569.2
1434930 2569.2
1434940 2566.8
1434950 2565.4
1434960 2565.4
1434970 2565.4
1434980 2565.6
1434990 2565.6
1435000 2565.9
1435010 2565.1
1435020 2565.1
1435030 2562.9
1435040 2560.7
1435050 2560.7
1435060 2556.7
1435070 2554.5
1435080 2553.3
1435090 2553.3
1435100 2552.1
1435110 2551.5
1435120 2551.5
1435130 2550.4
1435140 2550.0
1435150 2550.0
1435160 2549.8
1435170 2549.7
1435180 2549.7
1435190 2546.5
1435200 2540.5
1435210 2540.5
1435220 2534.8
1435230 2530.8
1435240 2530.8
1435250 2528.7
1435260 2527.3
1435270 2527.3
1435280 2524.5
1435290 2521.8
1435300 2519.5
1435310 2519.5
1435320 2520.0
1435330 2522.0
1435340 2522.0
1435350 2523.7
1435360 2525.1
1435370 2525.1
1435380 2524.3
1435390 2522.4
1435400 2522.4
1435410 2523.3
1435420 2522.8
1435430 2522.8
1435440 2522.1
1435450 2522.7
1435460 2522.7
1435470 2523.5
1435480 2523.8
1435490 2523.8
1435500 2521.8
1435510 2521.6
1435520 2523.4
1435530 2523.4
1435540 2525.9
1435550 2528.0
1435560 2528.0
1435570 2531.1
1435580 2533.1
1435590 2533.1
1435600 2533.8
1435610 2534.5
1435620 2534.5
1435630 2535.4
1435640 2536.7
1435650 2536.7
1435660 2538.5
1435670 2539.3
1435680 2539.3
1435690 2537.9
1435700 2535.5
1435710 2535.5
1435720 2533.8
1435730 2533.5
1435740 2533.4
1435750 2533.4
1435760 2534.0
1435770 2535.0
1435780 2535.0
1435790 2535.9
1435800 2536.4
1435810 2536.4
1435820 2539.5
1435830 2540.7
1435840 2540.7
1435850 2541.9
1435860 2542.3
1435870 2542.3
1435880 2541.3
1435890 2542.5
1435900 2542.5
1435910 2545.0
1435920 2548.4
1435930 2548.4
1435940 2550.8
1435950 2553.3
1435960 2555.0
1435970 2555.0
1435980 2557.4
1435990 2559.7
1436000 2559.7
1436010 2562.2
1436020 2564.4
1436030 2564.4
1436040 2565.6
1436050 2566.1
1436060 2566.1
1436070 2565.7
1436080 2564.7
1436090 2564.7
1436100 2563.1
1436110 2561.0
1436120 2561.0
1436130 2559.2
1436140 2558.4
1436150 2558.4
1436160 2558.5
1436170 2554.6
1436180 2544.5
1436190 2544.5
1436200 2539.2
1436210 2535.1
1436220 2535.1
1436230 2531.9
1436240 2529.5
1436250 2529.5
1436260 2527.6
1436270 2527.2
1436280 2527.2
1436290 2526.5
1436300 2528.6
1436310 2528.6
1436320 2531.7
1436330 2534.8
1436340 2534.8
1436350 2538.3
1436360 2541.7
1436370 2541.7
1436380 2544.8
1436390 2547.2
1436400 2549.4
1436410 2549.4
1436420 2550.7
1436430 2550.5
1436440 2550.5
1436450 2550.4
1436460 2549.8
1436470 2549.8
1436480 2548.4
1436490 2546.8
1436500 2546.8
1436510 2545.9
1436520 2545.1
1436530 2545.1
1436540 2545.2
1436550 2546.6
1436560 2546.6
1436570 2547.3
1436580 2547.2
1436590 2547.2
1436600 2546.1
1436610 2546.5
1436620 2547.8
1436630 2547.8
1436640 2548.2
1436650 2546.1
1436660 2546.1
1436670 2542.2
1436680 2539.3
1436690 2539.3
1436700 2536.1
1436710 2530.7
1436720 2530.7
1436730 2527.5
1436740 2525.8
1436750 2525.8
1436760 2526.6
1436770 2528.8
1436780 2528.8
1436790 2530.4
1436800 2534.3
1436810 2534.3
1436820 2538.0
1436830 2538.9
1436840 2538.3
1436850 2538.3
1436860 2538.0
1436870 2538.5
1436880 2538.5
1436890 2540.2
1436900 2542.5
1436910 2542.5
1436920 2544.2
1436930 2545.0
1436940 2545.0
1436950 2545.2
1436960 2545.6
1436970 2545.6
1436980 2545.6
1436990 2548.2
1437000 2548.2
1437010 2550.4
1437020 2553.0
1437030 2553.0
1437040 2555.8
1437050 2558.4
1437060 2559.4
1437070 2559.4
1437080 2559.0
1437090 2557.9
1437100 2557.9
1437110 2559.1
1437120 2561.6
1437130 2561.6
1437140 2563.0
1437150 2562.9
1437160 2562.9
1437170 2561.6
1437180 2560.4
1437190 2560.4
1437200 2560.0
1437210 2560.6
1437220 2560.6
1437230 2561.8
1437240 2563.3
1437250 2563.3
1437260 2563.7
1437270 2561.6
1437280 2558.8
1437290 2558.8
1437300 2556.2
1437310 2554.6
1437320 2554.6
1437330 2552.2
1437340 2550.8
1437350 2550.8
1437360 2550.7
1437370 2552.6
1437380 2552.6
1437390 2557.3
1437400 2561.9
1437410 2561.9
1437420 2566.2
1437430 2569.8
1437440 2569.8
1437450 2574.7
1437460 2580.1
1437470 2580.1
1437480 2585.4
1437490 2591.8
1437500 2598.9
1437510 2598.9
1437520 2605.4
1437530 2612.7
1437540 2612.7
1437550 2619.7
1437560 2626.4
1437570 2626.4
1437580 2639.6
1437590 2651.5
1437600 2651.5
1437610 2660.4
1437620 2667.9
1437630 2667.9
1437640 2669.0
1437650 2667.1
1437660 2667.1
1437670 2665.0
1437680 2661.9
1437690 2661.9
1437700 2658.9
1437710 2655.0
1437720 2652.8
1437730 2652.8
1437740 2651.8
1437750 2650.2
1437760 2650.2
1437770 2649.1
1437780 2647.6
1437790 2647.6
1437800 2642.5
1437810 2633.1
1437820 2633.1
1437830 2623.2
1437840 2611.3
1437850 2611.3
1437860 2600.4
1437870 2591.9
1437880 2591.9
1437890 2584.5
1437900 2577.3
1437910 2577.3
1437920 2570.5
1437930 2563.7
1437940 2557.1
1437950 2557.1
1437960 2550.9
1437970 2542.6
1437980 2542.6
1437990 2529.2
1438000 2508.6
1438010 2508.6
1438020 2494.4
1438030 2481.7
1438040 2481.7
1438050 2466.7
1438060 2461.5
1438070 2461.5
1438080 2457.7
1438090 2453.9
1438100 2453.9
1438110 2448.5
1438120 2443.4
1438130 2443.4
1438140 2437.5
1438150 2432.1
1438160 2427.4
1438170 2427.4
1438180 2422.6
1438190 2418.2
1438200 2418.2
1438210 2414.5
1438220 2411.2
1438230 2411.2
1438240 2408.3
1438250 2405.3
1438260 2405.3
1438270 2400.6
1438280 2396.2
1438290 2396.2
1438300 2391.2
1438310 2384.9
1438320 2384.9
1438330 2379.5
1438340 2376.0
1438350 2376.0
1438360 2377.0
1438370 2376.2
1438380 2373.5
1438390 2373.5
1438400 2371.2
1438410 2368.4
1438420 2368.4
1438430 2364.0
1438440 2358.7
1438450 2358.7
1438460 2346.2
1438470 2337.2
1438480 2337.2
1438490 2328.4
1438500 2326.6
1438510 2326.6
1438520 2323.5
1438530 2321.1
1438540 2321.1
1438550 2318.3
1438560 2316.6
1438570 2316.6
1438580 2314.9
1438590 2314.0
1438600 2311.0
1438610 2311.0
1438620 2306.3
1438630 2299.2
1438640 2299.2
1438650 2289.9
1438660 2282.2
1438670 2282.2
1438680 2282.6
1438690 2279.2
1438700 2279.2
1438710 2277.0
1438720 2276.1
1438730 2276.1
1438740 2276.7
1438750 2277.4
1438760 2277.4
1438770 2276.7
1438780 2275.5
1438790 2275.5
1438800 2274.3
1438810 2273.0
1438820 2273.2
1438830 2273.2
1438840 2272.9
1438850 2273.2
1438860 2273.2
1438870 2273.3
1438880 2274.3
1438890 2274.3
1438900 2274.2
1438910 2273.6
1438920 2273.6
1438930 2271.5
1438940 2271.0
1438950 2271.0
1438960 2272.8
1438970 2274.8
1438980 2274.8
1438990 2276.3
1439000 2278.8
1439010 2278.8
1439020 2280.0
1439030 2280.3
1439040 2280.5
1439050 2280.5
1439060 2280.8
1439070 2282.8
1439080 2282.8
1439090 2286.3
1439100 2291.3
1439110 2291.3
1439120 2295.3
1439130 2299.9
1439140 2299.9
1439150 2302.9
1439160 2304.0
1439170 2304.0
1439180 2306.1
1439190 2308.9
1439200 2308.9
1439210 2313.3
1439220 2312.7
1439230 2312.7
1439240 2309.2
1439250 2305.2
1439260 2302.6
1439270 2302.6
1439280 2299.1
1439290 2293.8
1439300 2293.8
1439310 2294.4
1439320 2297.1
1439330 2297.1
1439340 2293.6
1439350 2290.6
1439360 2290.6
1439370 2290.1
1439380 2292.1
1439390 2292.1
1439400 2294.6
1439410 2295.1
1439420 2295.1
1439430 2294.3
1439440 2295.5
1439450 2295.5
1439460 2296.9
1439470 2299.0
1439480 2298.9
1439490 2298.9
1439500 2302.1
1439510 2303.9
1439520 2303.9
1439530 2304.6
1439540 2305.5
1439550 2305.5
1439560 2305.8
1439570 2306.8
1439580 2306.8
1439590 2308.9
1439600 2311.0
1439610 2311.0
1439620 2313.2
1439630 2315.6
1439640 2315.6
1439650 2318.7
1439660 2321.7
1439670 2321.7
1439680 2324.3
1439690 2326.8
1439700 2329.9
1439710 2329.9
1439720 2334.8
1439730 2340.1
1439740 2340.1
1439750 2345.2
1439760 2349.4
1439770 2349.4
1439780 2351.1
1439790 2353.0
1439800 2353.0
1439810 2354.4
1439820 2355.3
1439830 2355.3
1439840 2357.8
1439850 2361.7
1439860 2361.7
1439870 2365.3
1439880 2369.1
1439890 2369.1
1439900 2373.6
1439910 2378.6
1439920 2384.2
1439930 2384.2
1439940 2389.9
1439950 2395.7
1439960 2395.7
1439970 2401.7
1439980 2408.7
1439990 2408.7
