1420000 2763.0
1420010 2762.3
1420020 2762.3
1420030 2762.3
1420040 2762.3
1420050 2764.3
1420060 2764.3
1420070 2766.3
1420080 2767.5
1420090 2768.0
1420100 2768.0
1420110 2770.4
1420120 2772.3
1420130 2772.3
1420140 2773.1
1420150 2773.7
1420160 2773.7
1420170 2774.7
1420180 2775.5
1420190 2775.5
1420200 2775.6
1420210 2775.3
1420220 2775.3
1420230 2772.0
1420240 2767.4
1420250 2767.4
1420260 2761.6
1420270 2758.0
1420280 2758.0
1420290 2754.2
1420300 2752.4
1420310 2751.2
1420320 2751.2
1420330 2749.4
1420340 2747.6
1420350 2747.6
1420360 2745.5
1420370 2743.2
1420380 2743.2
1420390 2742.1
1420400 2741.1
1420410 2741.1
1420420 2740.6
1420430 2740.6
1420440 2740.6
1420450 2740.1
1420460 2738.2
1420470 2738.2
1420480 2733.3
1420490 2729.2
1420500 2729.2
1420510 2725.2
1420520 2721.3
1420530 2718.0
1420540 2718.0
1420550 2715.7
1420560 2712.0
1420570 2706.2
1420580 2702.2
1420590 2698.2
1420600 2698.2
1420610 2694.6
1420620 2692.0
1420630 2692.0
1420640 2689.9
1420650 2686.6
1420660 2686.6
1420670 2677.5
1420680 2670.0
1420690 2670.0
1420700 2665.0
1420710 2661.4
1420720 2661.4
1420730 2657.9
1420740 2653.3
1420750 2640.6
1420760 2640.6
1420770 2629.2
1420780 2614.2
1420790 2614.2
1420800 2602.3
1420810 2588.5
1420820 2588.5
1420830 2573.6
1420840 2562.1
1420850 2562.1
1420860 2549.6
1420870 2535.0
1420880 2535.0
1420890 2526.7
1420900 2520.3
1420910 2520.3
1420920 2515.5
1420930 2510.5
1420940 2510.5
1420950 2504.6
1420960 2498.1
1420970 2490.0
1420980 2490.0
1420990 2481.8
1421000 2477.2
1421010 2477.2
1421020 2472.2
1421030 2466.3
1421040 2466.3
1421050 2461.4
1421060 2459.9
1421070 2459.9
1421080 2456.2
1421090 2451.8
1421100 2451.8
1421110 2446.9
1421120 2442.3
1421130 2442.3
1421140 2437.6
1421150 2434.7
1421160 2434.7
1421170 2431.8
1421180 2429.1
1421190 2427.0
1421200 2427.0
1421210 2424.4
1421220 2421.9
1421230 2421.9
1421240 2418.6
1421250 2415.7
1421260 2415.7
1421270 2414.3
1421280 2417.6
1421290 2417.6
1421300 2423.6
1421310 2423.8
1421320 2423.8
1421330 2423.4
1421340 2419.1
1421350 2419.1
1421360 2412.8
1421370 2410.6
1421380 2410.6
1421390 2411.9
1421400 2413.5
1421410 2413.5
1421420 2413.5
1421430 2417.7
1421440 2424.0
1421450 2424.0
1421460 2430.1
1421470 2437.2
1421480 2437.2
1421490 2444.7
1421500 2450.6
1421510 2450.6
1421520 2454.0
1421530 2461.8
1421540 2461.8
1421550 2473.8
1421560 2484.9
1421570 2484.9
1421580 2493.3
1421590 2497.3
1421600 2497.3
1421610 2480.2
1421620 2478.3
1421630 2480.6
1421640 2480.6
1421650 2476.1
1421660 2479.5
1421670 2479.5
1421680 2484.9
1421690 2490.2
1421700 2490.2
1421710 2496.8
1421720 2506.9
1421730 2506.9
1421740 2517.4
1421750 2528.0
1421760 2528.0
1421770 2535.3
1421780 2538.8
1421790 2538.8
1421800 2541.7
1421810 2543.7
1421820 2543.7
1421830 2542.0
1421840 2541.8
1421850 2545.0
1421860 2545.0
1421870 2549.0
1421880 2554.1
1421890 2554.1
1421900 2556.3
1421910 2556.2
1421920 2556.2
1421930 2559.8
1421940 2562.9
1421950 2562.9
1421960 2567.0
1421970 2570.7
1421980 2570.7
1421990 2575.9
1422000 2579.9
1422010 2579.9
1422020 2584.1
1422030 2590.0
1422040 2590.0
1422050 2594.2
1422060 2596.4
1422070 2599.7
1422080 2599.7
1422090 2604.2
1422100 2609.9
1422110 2609.9
1422120 2615.1
1422130 2617.2
1422140 2617.2
1422150 2618.0
1422160 2620.9
1422170 2620.9
1422180 2625.9
1422190 2630.3
1422200 2630.3
1422210 2633.1
1422220 2636.2
1422230 2636.2
1422240 2641.2
1422250 2642.8
1422260 2642.8
1422270 2641.7
1422280 2639.4
1422290 2638.3
1422300 2638.3
1422310 2638.0
1422320 2636.1
1422330 2636.1
1422340 2635.6
1422350 2636.4
1422360 2636.4
1422370 2636.8
1422380 2637.1
1422390 2637.1
1422400 2638.2
1422410 2640.0
1422420 2640.0
1422430 2642.7
1422440 2646.2
1422450 2646.2
1422460 2649.8
1422470 2654.3
1422480 2654.3
1422490 2658.9
1422500 2663.9
1422510 2669.5
1422520 2669.5
1422530 2675.1
1422540 2681.2
1422550 2681.2
1422560 2688.2
1422570 2696.5
1422580 2696.5
1422590 2703.2
1422600 2712.9
1422610 2712.9
1422620 2721.8
1422630 2729.0
1422640 2729.0
1422650 2735.8
1422660 2742.7
1422670 2742.7
1422680 2749.8
1422690 2757.5
1422700 2757.5
1422710 2765.7
1422720 2777.1
1422730 2790.4
1422740 2790.4
1422750 2801.8
1422760 2810.7
1422770 2810.7
1422780 2815.0
1422790 2811.5
1422800 2811.5
1422810 2806.4
1422820 2804.1
1422830 2804.1
1422840 2802.5
1422850 2800.8
1422860 2800.8
1422870 2798.4
1422880 2794.4
1422890 2794.4
1422900 2788.8
1422910 2783.2
1422920 2783.2
1422930 2776.0
1422940 2763.7
1422950 2745.1
1422960 2745.1
1422970 2730.3
1422980 2719.2
1422990 2719.2
1423000 2710.2
1423010 2706.7
1423020 2706.7
1423030 2704.8
1423040 2698.0
1423050 2698.0
1423060 2691.5
1423070 2685.1
1423080 2685.1
1423090 2678.3
1423100 2671.0
1423110 2671.0
1423120 2665.9
1423130 2662.5
1423140 2662.5
1423150 2660.5
1423160 2659.7
1423170 2660.0
1423180 2660.0
1423190 2661.9
1423200 2664.9
1423210 2664.9
1423220 2668.7
1423230 2674.1
1423240 2674.1
1423250 2680.0
1423260 2686.1
1423270 2686.1
1423280 2691.6
1423290 2696.8
1423300 2696.8
1423310 2702.1
1423320 2707.8
1423330 2707.8
1423340 2713.9
1423350 2719.9
1423360 2719.9
1423370 2726.2
1423380 2732.1
1423390 2737.3
1423400 2737.3
1423410 2742.5
1423420 2748.2
1423430 2748.2
1423440 2753.6
1423450 2758.2
1423460 2758.2
1423470 2764.0
1423480 2768.3
1423490 2768.3
1423500 2771.4
1423510 2768.8
1423520 2768.8
1423530 2768.3
1423540 2773.3
1423550 2773.3
1423560 2778.7
1423570 2783.2
1423580 2783.2
1423590 2783.3
1423600 2772.5
1423610 2764.9
1423620 2764.9
1423630 2762.9
1423640 2763.9
1423650 2763.9
1423660 2764.2
1423670 2765.3
1423680 2765.3
1423690 2766.3
1423700 2768.4
1423710 2768.4
1423720 2771.1
1423730 2773.7
1423740 2773.7
1423750 2776.4
1423760 2779.8
1423770 2779.8
1423780 2783.5
1423790 2787.4
1423800 2787.4
1423810 2791.2
1423820 2794.6
1423830 2798.5
1423840 2798.5
1423850 2802.2
1423860 2806.2
1423870 2806.2
1423880 2810.2
1423890 2813.6
1423900 2813.6
1423910 2815.5
1423920 2819.1
1423930 2819.1
1423940 2823.2
1423950 2829.3
1423960 2829.3
1423970 2835.0
1423980 2844.8
1423990 2844.8
1424000 2853.5
1424010 2862.5
1424020 2862.5
1424030 2874.4
1424040 2883.4
1424050 2891.4
1424060 2891.4
1424070 2899.0
1424080 2906.2
1424090 2906.2
1424100 2913.5
1424110 2920.4
1424120 2920.4
1424130 2927.5
1424140 2934.8
1424150 2934.8
1424160 2941.8
1424170 2948.3
1424180 2948.3
1424190 2954.4
1424200 2960.8
1424210 2960.8
1424220 2968.7
1424230 2975.7
1424240 2975.7
1424250 2983.3
1424260 2989.8
1424270 2996.5
1424280 2996.5
1424290 3003.3
1424300 3011.0
1424310 3011.0
1424320 3020.4
1424330 3024.2
1424340 3024.2
1424350 3020.3
1424360 3016.1
1424370 3016.1
1424380 3009.8
1424390 3002.5
1424400 3002.5
1424410 2996.5
1424420 2990.4
1424430 2990.4
1424440 2983.6
1424450 2977.1
1424460 2977.1
1424470 2971.2
1424480 2965.7
1424490 2961.1
1424500 2961.1
1424510 2956.3
1424520 2951.6
1424530 2951.6
1424540 2946.8
1424550 2942.3
1424560 2942.3
1424570 2937.7
1424580 2932.7
1424590 2932.7
1424600 2927.4
1424610 2922.5
1424620 2922.5
1424630 2917.6
1424640 2911.7
1424650 2911.7
1424660 2905.7
1424670 2897.6
1424680 2897.3
1424690 2886.2
1424700 2875.4
1424710 2869.5
1424720 2869.5
1424730 2863.5
1424740 2853.5
1424750 2853.5
1424760 2846.3
1424770 2838.7
1424780 2838.7
1424790 2831.8
1424800 2825.0
1424810 2825.0
1424820 2819.1
1424830 2812.2
1424840 2812.2
1424850 2804.8
1424860 2799.5
1424870 2799.5
1424880 2796.4
1424890 2790.2
1424900 2790.2
1424910 2787.1
1424920 2785.5
1424930 2784.5
1424940 2784.5
1424950 2785.1
1424960 2784.9
1424970 2784.9
1424980 2784.4
1424990 2781.5
1425000 2781.5
1425010 2776.6
1425020 2773.4
1425030 2773.4
1425040 2767.1
1425050 2760.7
1425060 2760.7
1425070 2755.5
1425080 2751.8
1425090 2751.8
1425100 2748.1
1425110 2745.8
1425120 2745.8
1425130 2742.3
1425140 2739.4
1425150 2736.2
1425160 2736.2
1425170 2733.1
1425180 2731.8
1425190 2731.8
1425200 2727.6
1425210 2722.3
1425220 2722.3
1425230 2716.7
1425240 2713.3
1425250 2713.3
1425260 2712.0
1425270 2711.3
1425280 2711.3
1425290 2710.3
1425300 2709.6
1425310 2709.6
1425320 2707.1
1425330 2702.7
1425340 2702.7
1425350 2700.9
1425360 2699.1
1425370 2697.8
1425380 2697.8
1425390 2696.1
1425400 2695.0
1425410 2695.0
1425420 2695.2
1425430 2695.1
1425440 2695.1
1425450 2694.7
1425460 2694.1
1425470 2694.1
1425480 2693.5
1425490 2693.4
1425500 2693.4
1425510 2694.5
1425520 2697.3
1425530 2697.3
1425540 2703.1
1425550 2710.0
1425560 2710.0
1425570 2716.8
1425580 2723.6
1425590 2732.1
1425600 2732.1
1425610 2742.3
1425620 2746.9
1425630 2746.9
1425640 2751.4
1425650 2755.1
1425660 2755.1
1425670 2758.9
1425680 2763.7
1425690 2763.7
1425700 2767.5
1425710 2769.7
1425720 2769.7
1425730 2772.3
1425740 2775.0
1425750 2775.0
1425760 2778.0
1425770 2781.2
1425780 2781.2
1425790 2785.0
1425800 2788.0
1425810 2790.1
1425820 2790.1
1425830 2792.8
1425840 2796.9
1425850 2796.9
1425860 2802.0
1425870 2805.6
1425880 2805.6
1425890 2806.1
1425900 2805.9
1425910 2805.9
1425920 2805.8
1425930 2805.6
1425940 2805.6
1425950 2803.9
1425960 2802.4
1425970 2802.4
1425980 2800.6
1425990 2799.5
1426000 2799.5
1426010 2800.1
1426020 2802.8
1426030 2803.8
1426040 2803.8
1426050 2803.1
1426060 2802.6
1426070 2802.6
1426080 2802.7
1426090 2804.2
1426100 2804.2
1426110 2806.6
1426120 2808.7
1426130 2808.7
1426140 2810.1
1426150 2811.5
1426160 2811.5
1426170 2811.6
1426180 2812.0
1426190 2812.0
1426200 2814.3
1426210 2816.3
1426220 2816.3
1426230 2818.5
1426240 2820.5
1426250 2821.4
1426260 2821.4
1426270 2820.9
1426280 2820.4
1426290 2820.4
1426300 2820.3
1426310 2820.2
1426320 2820.2
1426330 2819.7
1426340 2819.6
1426350 2819.6
1426360 2821.1
1426370 2824.7
1426380 2824.7
1426390 2827.7
1426400 2829.6
1426410 2829.6
1426420 2831.1
1426430 2830.2
1426440 2830.2
1426450 2827.8
1426460 2828.6
1426470 2830.2
1426480 2830.2
1426490 2830.8
1426500 2829.8
1426510 2829.8
1426520 2826.0
1426530 2822.8
1426540 2822.8
1426550 2822.3
1426560 2823.2
1426570 2823.2
1426580 2824.8
1426590 2825.5
1426600 2825.5
1426610 2821.0
1426620 2815.1
1426630 2815.1
1426640 2810.8
1426650 2803.9
1426660 2803.9
1426670 2797.6
1426680 2791.9
1426690 2786.9
1426700 2786.9
1426710 2783.3
1426720 2781.2
1426730 2781.2
1426740 2781.0
1426750 2779.5
1426760 2779.5
1426770 2775.0
1426780 2773.1
1426790 2773.1
1426800 2774.7
1426810 2774.7
1426820 2774.7
1426830 2772.2
1426840 2766.8
1426850 2766.8
1426860 2765.9
1426870 2765.6
1426880 2765.6
1426890 2763.8
1426900 2762.7
1426910 2763.6
1426920 2763.6
1426930 2763.6
1426940 2761.5
1426950 2761.5
1426960 2761.8
1426970 2764.0
1426980 2764.0
1426990 2764.1
1427000 2763.1
1427010 2763.1
1427020 2761.2
1427030 2759.6
1427040 2759.6
1427050 2756.7
1427060 2754.3
1427070 2754.3
1427080 2753.4
1427090 2753.8
1427100 2753.8
1427110 2756.7
1427120 2757.8
1427130 2758.3
1427140 2758.3
1427150 2759.5
1427160 2760.1
1427170 2760.1
1427180 2756.5
1427190 2748.2
1427200 2748.2
1427210 2739.6
1427220 2731.6
1427230 2731.6
1427240 2725.2
1427250 2719.8
1427260 2719.8
1427270 2715.7
1427280 2711.3
1427290 2711.3
1427300 2705.1
1427310 2700.6
1427320 2700.6
1427330 2696.9
1427340 2694.6
1427350 2691.0
1427360 2691.0
1427370 2688.1
1427380 2685.0
1427390 2685.0
1427400 2682.6
1427410 2680.1
1427420 2680.1
1427430 2678.1
1427440 2676.6
1427450 2676.6
1427460 2674.1
1427470 2674.2
1427480 2674.2
1427490 2673.1
1427500 2671.6
1427510 2671.6
1427520 2669.5
1427530 2667.6
1427540 2667.6
1427550 2667.5
1427560 2670.8
1427570 2679.6
1427580 2679.6
1427590 2683.1
1427600 2683.5
1427610 2683.5
1427620 2685.6
1427630 2687.6
1427640 2687.6
1427650 2690.1
1427660 2692.5
1427670 2692.5
1427680 2690.4
1427690 2680.0
1427700 2680.0
1427710 2670.2
1427720 2658.9
1427730 2658.9
1427740 2651.4
1427750 2644.0
1427760 2644.0
1427770 2635.7
1427780 2628.8
1427790 2621.8
1427800 2621.8
1427810 2615.5
1427820 2609.2
1427830 2609.2
1427840 2602.8
1427850 2596.4
1427860 2596.4
1427870 2589.9
1427880 2582.6
1427890 2582.6
1427900 2576.5
1427910 2571.8
1427920 2571.8
1427930 2566.9
1427940 2563.3
1427950 2563.3
1427960 2559.6
1427970 2556.1
1427980 2556.1
1427990 2553.0
1428000 2550.9
1428010 2549.3
1428020 2549.3
1428030 2547.5
1428040 2545.6
1428050 2545.6
1428060 2544.1
1428070 2543.0
1428080 2543.0
1428090 2541.3
1428100 2540.5
1428110 2540.5
1428120 2539.9
1428130 2539.7
1428140 2539.7
1428150 2539.5
1428160 2539.4
1428170 2539.4
1428180 2539.9
1428190 2539.8
1428200 2539.8
1428210 2540.3
1428220 2540.5
1428230 2537.4
1428240 2537.4
1428250 2537.5
1428260 2539.9
1428270 2539.9
1428280 2539.7
1428290 2540.4
1428300 2540.4
1428310 2540.8
1428320 2540.2
1428330 2540.2
1428340 2541.6
1428350 2546.5
1428360 2546.5
1428370 2546.7
1428380 2551.3
1428390 2551.3
1428400 2561.2
1428410 2562.1
1428420 2562.1
1428430 2561.9
1428440 2554.7
1428450 2531.8
1428460 2531.8
1428470 2519.0
1428480 2506.5
1428490 2506.5
1428500 2497.5
1428510 2491.6
1428520 2491.6
1428530 2490.3
1428540 2489.4
1428550 2489.4
1428560 2486.4
1428570 2483.3
1428580 2483.3
1428590 2480.4
1428600 2476.7
1428610 2476.7
1428620 2474.1
1428630 2470.6
1428640 2470.6
1428650 2465.8
1428660 2459.5
1428670 2453.4
1428680 2453.4
1428690 2447.7
1428700 2441.8
1428710 2441.8
1428720 2436.0
1428730 2431.2
1428740 2431.2
1428750 2426.3
1428760 2420.1
1428770 2420.1
1428780 2414.4
1428790 2409.8
1428800 2409.8
1428810 2403.8
1428820 2399.9
1428830 2399.9
1428840 2396.7
1428850 2394.0
1428860 2394.0
1428870 2391.0
1428880 2387.5
1428890 2386.6
1428900 2386.6
1428910 2385.6
1428920 2386.1
1428930 2386.1
1428940 2386.7
1428950 2386.8
1428960 2386.8
1428970 2386.3
1428980 2385.1
1428990 2385.1
1429000 2384.3
1429010 2384.3
1429020 2384.3
1429030 2382.5
1429040 2378.3
1429050 2378.3
1429060 2374.9
1429070 2372.7
1429080 2372.7
1429090 2372.7
1429100 2372.9
1429110 2372.5
1429120 2372.5
1429130 2370.9
1429140 2367.7
1429150 2367.7
1429160 2365.1
1429170 2362.3
1429180 2362.3
1429190 2360.4
1429200 2358.4
1429210 2358.4
1429220 2356.6
1429230 2354.8
1429240 2354.8
1429250 2352.7
1429260 2350.0
1429270 2350.0
1429280 2345.3
1429290 2344.3
1429300 2344.3
1429310 2345.2
1429320 2344.7
1429330 2344.9
1429340 2344.9
1429350 2345.8
1429360 2346.2
1429370 2346.2
1429380 2347.3
1429390 2347.6
1429400 2347.6
1429410 2348.3
1429420 2347.4
1429430 2347.4
1429440 2348.4
1429450 2349.7
1429460 2349.7
1429470 2351.9
1429480 2351.5
1429490 2351.5
1429500 2351.4
1429510 2350.7
1429520 2350.7
1429530 2350.0
1429540 2348.3
1429550 2346.3
1429560 2346.3
1429570 2344.6
1429580 2342.1
1429590 2342.1
1429600 2338.6
1429610 2334.8
1429620 2334.8
1429630 2331.5
1429640 2328.2
1429650 2328.2
1429660 2325.9
1429670 2324.0
1429680 2324.0
1429690 2321.4
1429700 2317.5
1429710 2317.5
1429720 2313.4
1429730 2309.1
1429740 2309.1
1429750 2304.0
1429760 2296.9
1429770 2292.9
1429780 2292.9
1429790 2290.7
1429800 2293.4
1429810 2293.4
1429820 2299.2
1429830 2307.3
1429840 2307.3
1429850 2310.5
1429860 2316.1
1429870 2316.1
1429880 2315.1
1429890 2308.4
1429900 2308.4
1429910 2300.7
1429920 2293.9
1429930 2293.9
1429940 2285.5
1429950 2279.9
1429960 2279.9
1429970 2278.3
1429980 2277.6
1429990 2276.6
1430000 2276.6
1430010 2276.1
1430020 2276.6
1430030 2276.6
1430040 2276.1
1430050 2270.2
1430060 2270.2
1430070 2256.8
1430080 2245.0
1430090 2245.0
1430100 2238.6
1430110 2232.2
1430120 2232.2
1430130 2229.2
1430140 2233.0
1430150 2233.0
1430160 2226.7
1430170 2223.9
1430180 2223.9
1430190 2222.9
1430200 2223.6
1430210 2222.2
1430220 2222.2
1430230 2219.3
1430240 2219.3
1430250 2219.3
1430260 2218.2
1430270 2216.6
1430280 2216.6
1430290 2214.5
1430300 2212.0
1430310 2212.0
1430320 2209.1
1430330 2206.4
1430340 2206.4
1430350 2203.6
1430360 2199.8
1430370 2199.8
1430380 2195.4
1430390 2192.2
1430400 2192.2
1430410 2190.2
1430420 2188.0
1430430 2186.6
1430440 2186.6
1430450 2184.4
1430460 2180.9
1430470 2180.9
1430480 2177.6
1430490 2177.4
1430500 2177.4
1430510 2175.2
1430520 2175.6
1430530 2175.6
1430540 2177.3
1430550 2180.1
1430560 2180.1
1430570 2182.7
1430580 2184.2
1430590 2184.2
1430600 2184.8
1430610 2185.2
1430620 2185.2
1430630 2184.7
1430640 2184.4
1430650 2186.0
1430660 2186.0
1430670 2186.9
1430680 2187.1
1430690 2187.1
1430700 2187.5
1430710 2187.4
1430720 2187.4
1430730 2188.2
1430740 2189.8
1430750 2189.8
1430760 2192.2
1430770 2199.9
1430780 2199.9
1430790 2201.1
1430800 2195.9
1430810 2195.9
1430820 2193.4
1430830 2192.5
1430840 2192.5
1430850 2191.8
1430860 2191.4
1430870 2192.5
1430880 2192.5
1430890 2195.4
1430900 2202.8
1430910 2202.8
1430920 2231.3
1430930 2252.5
1430940 2252.5
1430950 2252.5
1430960 2250.4
1430970 2250.4
1430980 2248.3
1430990 2246.6
1431000 2246.6
1431010 2244.1
1431020 2240.4
1431030 2240.4
1431040 2238.1
1431050 2244.3
1431060 2244.3
1431070 2251.0
1431080 2254.7
1431090 2258.5
1431100 2258.5
1431110 2262.0
1431120 2264.4
1431130 2264.4
1431140 2267.7
1431150 2269.5
1431160 2269.5
1431170 2270.4
1431180 2270.1
1431190 2270.1
1431200 2268.5
1431210 2270.1
1431220 2270.1
1431230 2273.4
1431240 2275.3
1431250 2275.3
1431260 2276.0
1431270 2277.5
1431280 2277.5
1431290 2278.6
1431300 2279.0
1431310 2279.0
1431320 2279.0
1431330 2278.7
1431340 2280.1
1431350 2280.1
1431360 2280.5
1431370 2279.9
1431380 2279.9
1431390 2281.3
1431400 2285.0
1431410 2285.0
1431420 2292.8
1431430 2298.2
1431440 2298.2
1431450 2302.9
1431460 2307.6
1431470 2307.6
1431480 2313.2
1431490 2321.4
1431500 2321.4
1431510 2330.2
1431520 2334.5
1431530 2335.7
1431540 2335.7
1431550 2334.5
1431560 2333.3
1431570 2333.3
1431580 2334.5
1431590 2337.9
1431600 2337.9
1431610 2340.3
1431620 2343.4
1431630 2343.4
1431640 2345.5
1431650 2345.4
1431660 2345.4
1431670 2344.4
1431680 2342.9
1431690 2342.9
1431700 2342.3
1431710 2341.9
1431720 2341.9
1431730 2341.2
1431740 2340.7
1431750 2340.2
1431760 2340.2
1431770 2339.4
1431780 2339.9
1431790 2339.9
1431800 2339.6
1431810 2340.0
1431820 2340.0
1431830 2340.5
1431840 2340.3
1431850 2340.3
1431860 2341.2
1431870 2341.8
1431880 2341.8
1431890 2343.3
1431900 2343.5
1431910 2343.5
1431920 2345.0
1431930 2345.5
1431940 2345.5
1431950 2345.7
1431960 2346.4
1431970 2346.7
1431980 2346.7
1431990 2348.0
1432000 2351.6
1432010 2351.6
1432020 2355.1
1432030 2356.9
1432040 2356.9
1432050 2355.8
1432060 2355.0
1432070 2355.0
1432080 2355.4
1432090 2357.8
1432100 2357.8
1432110 2360.2
1432120 2360.3
1432130 2360.3
1432140 2360.6
1432150 2362.9
1432160 2362.9
1432170 2365.9
1432180 2366.7
1432190 2368.7
1432200 2368.7
1432210 2374.5
1432220 2383.6
1432230 2383.6
1432240 2392.1
1432250 2393.3
1432260 2393.3
1432270 2393.9
1432280 2393.9
1432290 2393.9
1432300 2395.6
1432310 2397.6
1432320 2397.6
1432330 2399.7
1432340 2400.8
1432350 2400.8
1432360 2402.8
1432370 2404.3
1432380 2404.3
1432390 2405.6
1432400 2405.8
1432410 2405.6
1432420 2405.6
1432430 2406.5
1432440 2407.9
1432450 2407.9
1432460 2408.6
1432470 2408.1
1432480 2408.1
1432490 2407.2
1432500 2408.0
1432510 2408.0
1432520 2409.4
1432530 2410.9
1432540 2410.9
1432550 2414.3
1432560 2420.0
1432570 2420.0
1432580 2424.3
1432590 2429.4
1432600 2429.4
1432610 2435.9
1432620 2443.7
1432630 2450.8
1432640 2450.8
1432650 2457.1
1432660 2461.6
1432670 2461.6
1432680 2463.2
1432690 2463.6
1432700 2463.6
1432710 2463.0
1432720 2463.0
1432730 2463.0
1432740 2464.0
1432750 2465.5
1432760 2465.5
1432770 2467.8
1432780 2471.7
1432790 2471.7
1432800 2473.8
1432810 2473.7
1432820 2473.7
1432830 2475.9
1432840 2477.9
1432850 2478.2
1432860 2478.2
1432870 2476.9
1432880 2474.6
1432890 2474.6
1432900 2470.1
1432910 2464.0
1432920 2464.0
1432930 2459.9
1432940 2456.4
1432950 2456.4
1432960 2452.4
1432970 2451.0
1432980 2451.0
1432990 2449.8
1433000 2446.4
1433010 2446.4
1433020 2443.3
1433030 2440.4
1433040 2440.4
1433050 2438.2
1433060 2428.2
1433070 2422.4
1433080 2422.4
1433090 2417.8
1433100 2414.1
1433110 2414.1
1433120 2410.5
1433130 2409.5
1433140 2409.5
1433150 2410.9
1433160 2411.7
1433170 2411.7
1433180 2412.8
1433190 2417.3
1433200 2417.3
1433210 2422.2
1433220 2425.1
1433230 2425.1
1433240 2430.0
1433250 2435.2
1433260 2435.2
1433270 2440.9
1433280 2447.4
1433290 2453.5
1433300 2453.5
1433310 2462.4
1433320 2471.1
1433330 2471.1
1433340 2476.0
1433350 2481.2
1433360 2481.2
1433370 2486.2
1433380 2492.7
1433390 2492.7
1433400 2497.4
1433410 2499.5
1433420 2499.5
1433430 2500.3
1433440 2501.7
1433450 2501.7
1433460 2503.3
1433470 2505.9
1433480 2505.9
1433490 2507.9
1433500 2508.6
1433510 2511.0
1433520 2511.0
1433530 2514.5
1433540 2516.1
1433550 2516.1
1433560 2517.1
1433570 2519.5
1433580 2519.5
1433590 2521.7
1433600 2520.5
1433610 2520.5
1433620 2519.3
1433630 2520.3
1433640 2520.3
1433650 2524.9
1433660 2526.8
1433670 2526.8
1433680 2525.0
1433690 2524.6
1433700 2524.6
1433710 2527.4
1433720 2533.7
1433730 2537.6
1433740 2537.6
1433750 2539.5
1433760 2538.8
1433770 2538.8
1433780 2541.5
1433790 2540.5
1433800 2540.5
1433810 2537.0
1433820 2532.8
1433830 2532.8
1433840 2528.7
1433850 2527.6
1433860 2527.6
1433870 2533.0
1433880 2536.3
1433890 2536.3
1433900 2540.5
1433910 2544.3
1433920 2544.3
1433930 2547.3
1433940 2550.4
1433950 2555.4
1433960 2555.4
1433970 2567.1
1433980 2578.9
1433990 2578.9
1434000 2586.6
1434010 2591.8
1434020 2591.8
1434030 2596.1
1434040 2598.4
1434050 2598.4
1434060 2599.0
1434070 2599.1
1434080 2599.1
1434090 2598.8
1434100 2598.3
1434110 2598.3
1434120 2598.4
1434130 2600.6
1434140 2600.6
1434150 2602.5
1434160 2603.5
1434170 2604.4
1434180 2604.4
1434190 2605.5
1434200 2606.4
1434210 2606.4
1434220 2607.6
1434230 2607.8
1434240 2607.8
1434250 2610.5
1434260 2613.9
1434270 2613.9
1434280 2617.7
1434290 2621.4
1434300 2621.4
1434310 2624.2
1434320 2630.1
1434330 2630.1
1434340 2634.6
1434350 2636.2
1434360 2636.2
1434370 2636.6
1434380 2635.3
1434390 2634.4
1434400 2634.4
1434410 2634.7
1434420 2634.8
1434430 2634.8
1434440 2635.8
1434450 2634.1
1434460 2634.1
1434470 2632.0
1434480 2626.3
1434490 2626.3
1434500 2621.4
1434510 2616.6
1434520 2616.6
1434530 2615.7
1434540 2614.6
1434550 2614.6
1434560 2611.1
1434570 2608.5
1434580 2608.5
1434590 2606.6
1434600 2605.4
1434610 2604.6
1434620 2604.6
1434630 2603.5
1434640 2602.4
1434650 2602.4
1434660 2601.5
1434670 2600.0
1434680 2600.0
1434690 2599.0
1434700 2597.8
1434710 2597.8
1434720 2598.0
1434730 2598.1
1434740 2598.1
1434750 2598.4
1434760 2598.8
1434770 2598.8
1434780 2597.7
1434790 2591.9
1434800 2591.9
1434810 2587.3
1434820 2580.2
1434830 2569.9
1434840 2569.9
1434850 2563.1
1434860 2557.6
1434870 2557.6
1434880 2552.1
1434890 2547.6
1434900 2547.6
1434910 2542.5
1434920 2539.2
1434930 2539.2
1434940 2537.8
1434950 2536.3
1434960 2536.3
1434970 2533.9
1434980 2530.7
1434990 2530.7
1435000 2529.2
1435010 2528.0
1435020 2528.0
1435030 2526.3
1435040 2525.8
1435050 2526.6
1435060 2526.6
1435070 2525.2
1435080 2523.7
1435090 2523.7
1435100 2522.1
1435110 2517.1
1435120 2517.1
1435130 2511.7
1435140 2508.3
1435150 2508.3
1435160 2506.1
1435170 2502.7
1435180 2502.7
1435190 2500.1
1435200 2499.0
1435210 2499.0
1435220 2498.5
1435230 2497.3
1435240 2497.3
1435250 2495.6
1435260 2493.0
1435270 2490.9
1435280 2490.9
1435290 2489.5
1435300 2488.0
1435310 2488.0
1435320 2487.0
1435330 2487.1
1435340 2487.1
1435350 2488.8
1435360 2490.4
1435370 2490.4
1435380 2490.3
1435390 2489.4
1435400 2489.4
1435410 2489.9
1435420 2489.1
1435430 2489.1
1435440 2488.2
1435450 2486.8
1435460 2486.8
1435470 2487.6
1435480 2491.3
1435490 2495.9
1435500 2495.9
1435510 2500.7
1435520 2503.5
1435530 2503.5
1435540 2505.5
1435550 2506.3
1435560 2506.3
1435570 2507.1
1435580 2507.8
1435590 2507.8
1435600 2508.7
1435610 2510.0
1435620 2510.0
1435630 2511.3
1435640 2513.4
1435650 2513.4
1435660 2513.7
1435670 2513.4
1435680 2513.4
1435690 2512.6
1435700 2513.3
1435710 2513.8
1435720 2513.8
1435730 2511.7
1435740 2509.4
1435750 2509.4
1435760 2510.7
1435770 2512.5
1435780 2512.5
1435790 2513.4
1435800 2514.0
1435810 2514.0
1435820 2515.4
1435830 2516.6
1435840 2516.6
1435850 2517.0
1435860 2517.3
1435870 2517.3
1435880 2517.8
1435890 2518.5
1435900 2518.5
1435910 2519.3
1435920 2521.6
1435930 2524.5
1435940 2524.5
1435950 2526.4
1435960 2527.4
1435970 2527.4
1435980 2527.7
1435990 2528.5
1436000 2528.5
1436010 2531.2
1436020 2534.0
1436030 2534.0
1436040 2535.3
1436050 2535.1
1436060 2535.1
1436070 2532.0
1436080 2528.8
1436090 2528.8
1436100 2525.1
1436110 2517.7
1436120 2517.7
1436130 2510.1
1436140 2504.6
1436150 2500.2
1436160 2500.2
1436170 2496.9
1436180 2494.0
1436190 2494.0
1436200 2491.5
1436210 2489.4
1436220 2489.4
1436230 2486.8
1436240 2485.1
1436250 2485.1
1436260 2486.8
1436270 2490.4
1436280 2490.4
1436290 2493.2
1436300 2495.8
1436310 2495.8
1436320 2497.7
1436330 2498.8
1436340 2498.8
1436350 2499.6
1436360 2500.4
1436370 2501.6
1436380 2501.6
1436390 2502.3
1436400 2502.0
1436410 2502.0
1436420 2502.4
1436430 2503.3
1436440 2505.9
1436450 2505.5
1436460 2503.4
1436470 2503.4
1436480 2502.8
1436490 2504.9
1436500 2504.9
1436510 2506.5
1436520 2507.0
1436530 2507.0
1436540 2507.1
1436550 2507.0
1436560 2507.0
1436570 2505.9
1436580 2503.7
1436590 2500.3
1436600 2500.3
1436610 2499.2
1436620 2500.7
1436630 2500.7
1436640 2502.1
1436650 2500.2
1436660 2500.2
1436670 2496.0
1436680 2493.0
1436690 2493.0
1436700 2490.1
1436710 2488.8
1436720 2488.8
1436730 2489.6
1436740 2490.5
1436750 2490.5
1436760 2491.6
1436770 2493.4
1436780 2493.4
1436790 2496.3
1436800 2500.1
1436810 2498.8
1436820 2498.8
1436830 2494.8
1436840 2490.5
1436850 2490.5
1436860 2489.0
1436870 2488.6
1436880 2488.6
1436890 2489.1
1436900 2491.7
1436910 2491.7
1436920 2494.8
1436930 2498.4
1436940 2498.4
1436950 2502.1
1436960 2505.5
1436970 2505.5
1436980 2508.8
1436990 2510.8
1437000 2510.8
1437010 2510.4
1437020 2508.7
1437030 2508.0
1437040 2508.0
1437050 2507.5
1437060 2507.0
1437070 2507.0
1437080 2507.9
1437090 2506.8
1437100 2506.8
1437110 2508.2
1437120 2510.4
1437130 2510.4
1437140 2513.2
1437150 2516.4
1437160 2516.4
1437170 2518.7
1437180 2519.8
1437190 2519.8
1437200 2520.8
1437210 2523.3
1437220 2523.3
1437230 2526.3
1437240 2528.1
1437250 2529.1
1437260 2529.1
1437270 2528.5
1437280 2526.4
1437290 2526.4
1437300 2523.5
1437310 2520.8
1437320 2520.8
1437330 2518.7
1437340 2519.2
1437350 2519.2
1437360 2520.8
1437370 2524.2
1437380 2524.2
1437390 2530.0
1437400 2535.7
1437410 2535.7
1437420 2540.6
1437430 2545.6
1437440 2545.6
1437450 2551.3
1437460 2557.6
1437470 2564.4
1437480 2564.4
1437490 2572.1
1437500 2580.8
1437510 2580.8
1437520 2593.6
1437530 2608.2
1437540 2608.2
1437550 2614.8
1437560 2610.1
1437570 2610.1
1437580 2605.3
1437590 2601.5
1437600 2601.5
1437610 2598.0
1437620 2596.5
1437630 2596.5
1437640 2596.4
1437650 2594.3
1437660 2594.3
1437670 2591.6
1437680 2590.2
1437690 2588.9
1437700 2588.9
1437710 2587.5
1437720 2584.9
1437730 2584.9
1437740 2582.5
1437750 2582.3
1437760 2582.3
1437770 2581.9
1437780 2581.2
1437790 2581.2
1437800 2581.1
1437810 2579.9
1437820 2579.9
1437830 2575.6
1437840 2565.5
1437850 2565.5
1437860 2557.7
1437870 2549.8
1437880 2549.8
1437890 2534.6
1437900 2527.2
1437910 2525.2
1437920 2525.2
1437930 2520.0
1437940 2513.7
1437950 2513.7
1437960 2507.5
1437970 2486.7
1437980 2486.7
1437990 2465.4
1438000 2450.0
1438010 2450.0
1438020 2440.4
1438030 2434.3
1438040 2434.3
1438050 2428.3
1438060 2422.4
1438070 2422.4
1438080 2417.0
1438090 2411.7
1438100 2411.7
1438110 2406.7
1438120 2402.0
1438130 2398.3
1438140 2398.3
1438150 2394.1
1438160 2389.1
1438170 2389.1
1438180 2383.2
1438190 2377.6
1438200 2377.6
1438210 2372.3
1438220 2367.9
1438230 2367.9
1438240 2363.5
1438250 2357.8
1438260 2357.8
1438270 2352.6
1438280 2348.7
1438290 2348.7
1438300 2344.4
1438310 2339.7
1438320 2339.7
1438330 2337.5
1438340 2338.3
1438350 2336.0
1438360 2336.0
1438370 2332.5
1438380 2329.6
1438390 2329.6
1438400 2324.8
1438410 2309.8
1438420 2309.8
1438430 2301.6
1438440 2294.3
1438450 2294.3
1438460 2290.2
1438470 2290.0
1438480 2290.0
1438490 2290.0
1438500 2286.1
1438510 2286.1
1438520 2277.9
1438530 2267.7
1438540 2267.7
1438550 2259.7
1438560 2253.1
1438570 2247.1
1438580 2247.1
1438590 2239.0
1438600 2233.8
1438610 2233.8
1438620 2233.2
1438630 2232.2
1438640 2232.2
1438650 2232.9
1438660 2232.0
1438670 2232.0
1438680 2232.2
1438690 2231.9
1438700 2231.9
1438710 2231.6
1438720 2232.5
1438730 2232.5
1438740 2233.3
1438750 2234.1
1438760 2234.1
1438770 2233.9
1438780 2233.3
1438790 2234.0
1438800 2234.0
1438810 2235.2
1438820 2235.4
1438830 2235.4
1438840 2233.1
1438850 2232.5
1438860 2232.5
1438870 2232.8
1438880 2233.6
1438890 2233.6
1438900 2234.9
1438910 2235.8
1438920 2235.8
1438930 2237.2
1438940 2239.1
1438950 2239.1
1438960 2239.8
1438970 2241.7
1438980 2241.7
1438990 2242.7
1439000 2245.4
1439010 2247.9
1439020 2247.9
1439030 2249.1
1439040 2249.7
1439050 2249.7
1439060 2250.8
1439070 2252.4
1439080 2252.4
1439090 2254.2
1439100 2257.6
1439110 2257.6
1439120 2261.8
1439130 2260.3
1439140 2260.3
1439150 2262.2
1439160 2258.5
1439170 2258.5
1439180 2255.2
1439190 2251.5
1439200 2251.5
1439210 2248.0
1439220 2243.2
1439230 2241.3
1439240 2241.3
1439250 2242.4
1439260 2244.4
1439270 2244.4
1439280 2248.2
1439290 2252.3
1439300 2252.3
1439310 2255.4
1439320 2257.5
1439330 2257.5
1439340 2258.9
1439350 2260.2
1439360 2260.2
1439370 2261.1
1439380 2262.5
1439390 2262.5
1439400 2264.1
1439410 2264.1
1439420 2264.1
1439430 2267.1
1439440 2268.8
1439450 2270.9
1439460 2270.9
1439470 2272.4
1439480 2274.2
1439490 2274.2
1439500 2278.9
1439510 2282.2
1439520 2282.2
1439530 2283.6
1439540 2285.7
1439550 2285.7
1439560 2288.5
1439570 2289.4
1439580 2289.4
1439590 2290.5
1439600 2294.0
1439610 2294.0
1439620 2297.7
1439630 2301.8
1439640 2301.8
1439650 2308.5
1439660 2316.2
1439670 2322.6
1439680 2322.6
1439690 2329.0
1439700 2334.9
1439710 2334.9
1439720 2340.1
1439730 2344.5
1439740 2344.5
1439750 2348.1
1439760 2351.1
1439770 2351.1
1439780 2353.9
1439790 2357.6
1439800 2357.6
1439810 2361.1
1439820 2363.4
1439830 2363.4
1439840 2366.9
1439850 2372.5
1439860 2372.5
1439870 2377.8
1439880 2383.3
1439890 2389.4
1439900 2389.4
1439910 2396.4
1439920 2403.3
1439930 2403.3
1439940 2409.9
1439950 2416.6
1439960 2416.6
1439970 2424.4
1439980 2434.6
1439990 2434.6
