1420000 2362.0
1420010 2362.0
1420020 2362.2
1420030 2362.9
1420040 2362.9
1420050 2360.6
1420060 2358.5
1420070 2358.5
1420080 2358.8
1420090 2355.4
1420100 2350.1
1420110 2350.1
1420120 2344.8
1420130 2338.9
1420140 2338.9
1420150 2332.5
1420160 2327.5
1420170 2327.5
1420180 2322.9
1420190 2316.7
1420200 2316.7
1420210 2311.4
1420220 2307.2
1420230 2307.2
1420240 2303.1
1420250 2299.5
1420260 2299.5
1420270 2297.6
1420280 2293.9
1420290 2293.9
1420300 2289.0
1420310 2282.9
1420320 2278.5
1420330 2278.5
1420340 2274.9
1420350 2272.6
1420360 2272.6
1420370 2269.3
1420380 2264.5
1420390 2264.5
1420400 2260.6
1420410 2258.0
1420420 2258.0
1420430 2256.9
1420440 2253.1
1420450 2253.1
1420460 2249.1
1420470 2245.3
1420480 2245.3
1420490 2241.4
1420500 2237.6
1420510 2237.6
1420520 2232.9
1420530 2231.0
1420540 2226.4
1420550 2226.4
1420560 2221.7
1420570 2215.5
1420580 2215.5
1420590 2209.2
1420600 2202.9
1420610 2202.9
1420620 2196.6
1420630 2191.4
1420640 2191.4
1420650 2184.9
1420660 2176.7
1420670 2176.7
1420680 2171.3
1420690 2167.6
1420700 2167.6
1420710 2162.6
1420720 2158.8
1420730 2158.8
1420740 2156.9
1420750 2156.8
1420760 2155.2
1420770 2155.2
1420780 2154.1
1420790 2156.2
1420800 2156.2
1420810 2153.3
1420820 2146.8
1420830 2146.8
1420840 2140.7
1420850 2136.1
1420860 2136.1
1420870 2135.0
1420880 2131.5
1420890 2131.5
1420900 2129.6
1420910 2130.3
1420920 2130.3
1420930 2131.5
1420940 2132.3
1420950 2132.3
1420960 2132.3
1420970 2131.6
1420980 2131.6
1420990 2130.9
1421000 2130.8
1421010 2130.8
1421020 2130.8
1421030 2131.0
1421040 2131.9
1421050 2131.9
1421060 2133.2
1421070 2134.8
1421080 2134.8
1421090 2136.3
1421100 2137.9
1421110 2137.9
1421120 2139.5
1421130 2143.2
1421140 2143.2
1421150 2150.1
1421160 2158.1
1421170 2158.1
1421180 2166.4
1421190 2171.5
1421200 2171.5
1421210 2171.8
1421220 2174.3
1421230 2177.8
1421240 2177.8
1421250 2181.5
1421260 2184.5
1421270 2184.5
1421280 2187.1
1421290 2189.6
1421300 2189.6
1421310 2192.9
1421320 2196.4
1421330 2196.4
1421340 2199.0
1421350 2201.2
1421360 2201.2
1421370 2203.3
1421380 2204.7
1421390 2204.7
1421400 2204.2
1421410 2202.1
1421420 2202.1
1421430 2199.8
1421440 2198.1
1421450 2198.3
1421460 2198.3
1421470 2197.0
1421480 2196.4
1421490 2196.4
1421500 2197.2
1421510 2198.3
1421520 2198.3
1421530 2198.8
1421540 2198.9
1421550 2198.9
1421560 2197.5
1421570 2195.6
1421580 2195.6
1421590 2195.0
1421600 2196.7
1421610 2196.7
1421620 2198.1
1421630 2200.0
1421640 2200.0
1421650 2201.7
1421660 2201.6
1421670 2202.8
1421680 2202.8
1421690 2204.9
1421700 2205.3
1421710 2205.3
1421720 2205.6
1421730 2205.7
1421740 2205.7
1421750 2205.6
1421760 2206.1
1421770 2206.1
1421780 2206.4
1421790 2206.9
1421800 2206.9
1421810 2207.2
1421820 2209.0
1421830 2209.0
1421840 2211.9
1421850 2215.3
1421860 2215.3
1421870 2218.2
1421880 2221.9
1421890 2226.8
1421900 2226.8
1421910 2229.8
1421920 2231.4
1421930 2231.4
1421940 2234.5
1421950 2237.7
1421960 2237.7
1421970 2241.7
1421980 2245.6
1421990 2245.6
1422000 2248.7
1422010 2251.4
1422020 2251.4
1422030 2254.2
1422040 2256.7
1422050 2256.7
1422060 2257.7
1422070 2257.9
1422080 2257.9
1422090 2260.3
1422100 2263.2
1422110 2265.7
1422120 2265.7
1422130 2267.9
1422140 2272.3
1422150 2272.3
1422160 2278.5
1422170 2284.9
1422180 2284.9
1422190 2297.6
1422200 2319.1
1422210 2319.1
1422220 2329.6
1422230 2338.0
1422240 2338.0
1422250 2348.1
1422260 2358.7
1422270 2358.7
1422280 2368.7
1422290 2374.0
1422300 2374.0
1422310 2377.3
1422320 2381.0
1422330 2385.9
1422340 2385.9
1422350 2390.2
1422360 2393.2
1422370 2393.2
1422380 2395.6
1422390 2396.0
1422400 2396.0
1422410 2398.1
1422420 2400.0
1422430 2400.0
1422440 2401.3
1422450 2402.3
1422460 2402.3
1422470 2402.9
1422480 2402.8
1422490 2402.8
1422500 2403.3
1422510 2405.6
1422520 2405.6
1422530 2412.2
1422540 2424.9
1422550 2427.7
1422560 2427.7
1422570 2429.7
1422580 2434.6
1422590 2434.6
1422600 2443.0
1422610 2439.2
1422620 2439.2
1422630 2415.6
1422640 2387.6
1422650 2387.6
1422660 2369.0
1422670 2357.9
1422680 2357.9
1422690 2341.9
1422700 2317.9
1422710 2317.9
1422720 2298.9
1422730 2287.5
1422740 2287.5
1422750 2281.8
1422760 2271.4
1422770 2256.5
1422780 2256.5
1422790 2240.6
1422800 2229.4
1422810 2229.4
1422820 2218.3
1422830 2208.2
1422840 2208.2
1422850 2193.3
1422860 2185.3
1422870 2185.3
1422880 2178.6
1422890 2179.3
1422900 2179.3
1422910 2198.6
1422920 2210.5
1422930 2210.5
1422940 2226.6
1422950 2217.4
1422960 2217.4
1422970 2194.6
1422980 2161.2
1422990 2140.8
1423000 2140.8
1423010 2126.0
1423020 2116.1
1423030 2116.1
1423040 2108.1
1423050 2101.5
1423060 2101.5
1423070 2094.9
1423080 2088.5
1423090 2088.5
1423100 2082.6
1423110 2076.6
1423120 2076.6
1423130 2071.0
1423140 2065.7
1423150 2065.7
1423160 2060.8
1423170 2057.3
1423180 2057.3
1423190 2053.2
1423200 2050.7
1423210 2050.7
1423220 2047.9
1423230 2044.5
1423240 2040.9
1423250 2040.9
1423260 2037.5
1423270 2036.1
1423280 2036.1
1423290 2035.5
1423300 2032.9
1423310 2032.9
1423320 2030.2
1423330 2027.5
1423340 2027.5
1423350 2025.0
1423360 2022.7
1423370 2022.7
1423380 2020.7
1423390 2016.1
1423400 2016.1
1423410 2020.6
1423420 2029.3
1423430 2029.3
1423440 2037.6
1423450 2043.9
1423460 2049.7
1423470 2049.7
1423480 2055.5
1423490 2060.5
1423500 2060.5
1423510 2064.8
1423520 2065.6
1423530 2065.6
1423540 2069.1
1423550 2070.2
1423560 2070.2
1423570 2069.4
1423580 2070.4
1423590 2070.4
1423600 2072.8
1423610 2074.8
1423620 2074.8
1423630 2077.2
1423640 2078.8
1423650 2078.8
1423660 2079.7
1423670 2082.3
1423680 2085.3
1423690 2085.3
1423700 2089.6
1423710 2095.4
1423720 2095.4
1423730 2099.5
1423740 2106.6
1423750 2106.6
1423760 2118.5
1423770 2127.2
1423780 2127.2
1423790 2136.2
1423800 2143.5
1423810 2143.5
1423820 2148.6
1423830 2154.6
1423840 2154.6
1423850 2160.5
1423860 2167.4
1423870 2167.4
1423880 2175.0
1423890 2184.1
1423900 2196.8
1423910 2196.8
1423920 2202.1
1423930 2207.2
1423940 2207.2
1423950 2211.5
1423960 2215.0
1423970 2215.0
1423980 2218.3
1423990 2222.2
1424000 2222.2
1424010 2226.4
1424020 2230.4
1424030 2230.4
1424040 2233.7
1424050 2236.0
1424060 2236.0
1424070 2237.1
1424080 2238.4
1424090 2238.4
1424100 2240.9
1424110 2244.5
1424120 2248.3
1424130 2248.3
1424140 2251.9
1424150 2256.1
1424160 2256.1
1424170 2260.3
1424180 2263.7
1424190 2263.7
1424200 2267.4
1424210 2271.1
1424220 2271.1
1424230 2274.6
1424240 2278.3
1424250 2278.3
1424260 2282.2
1424270 2286.8
1424280 2286.8
1424290 2291.5
1424300 2296.2
1424310 2296.2
1424320 2301.1
1424330 2306.4
1424340 2312.4
1424350 2312.4
1424360 2319.9
1424370 2327.8
1424380 2327.8
1424390 2333.9
1424400 2339.1
1424410 2339.1
1424420 2343.9
1424430 2348.8
1424440 2348.8
1424450 2353.3
1424460 2358.2
1424470 2358.2
1424480 2364.5
1424490 2372.0
1424500 2372.0
1424510 2381.4
1424520 2387.1
1424530 2387.1
1424540 2389.7
1424550 2392.2
1424560 2393.5
1424570 2393.5
1424580 2394.2
1424590 2393.5
1424600 2393.5
1424610 2391.2
1424620 2387.0
1424630 2389.2
1424640 2384.2
1424650 2377.6
1424660 2377.6
1424670 2370.1
1424680 2363.0
1424690 2363.0
1424700 2355.5
1424710 2348.4
1424720 2348.4
1424730 2340.5
1424740 2338.3
1424750 2338.3
1424760 2336.4
1424770 2333.7
1424780 2331.7
1424790 2331.7
1424800 2329.6
1424810 2326.2
1424820 2326.2
1424830 2326.2
1424840 2328.8
1424850 2328.8
1424860 2330.8
1424870 2332.9
1424880 2332.9
1424890 2334.0
1424900 2333.2
1424910 2333.2
1424920 2331.1
1424930 2327.5
1424940 2327.5
1424950 2324.0
1424960 2320.3
1424970 2320.3
1424980 2312.8
1424990 2305.8
1425000 2306.8
1425010 2306.8
1425020 2311.2
1425030 2313.4
1425040 2313.4
1425050 2310.7
1425060 2309.2
1425070 2309.2
1425080 2309.4
1425090 2308.3
1425100 2308.3
1425110 2310.0
1425120 2312.9
1425130 2312.9
1425140 2314.4
1425150 2312.8
1425160 2312.8
1425170 2308.3
1425180 2303.6
1425190 2303.6
1425200 2299.6
1425210 2299.1
1425220 2299.1
1425230 2301.3
1425240 2303.9
1425250 2306.5
1425260 2306.5
1425270 2310.5
1425280 2315.1
1425290 2315.1
1425300 2317.2
1425310 2315.4
1425320 2315.4
1425330 2313.0
1425340 2312.9
1425350 2312.9
1425360 2313.3
1425370 2317.1
1425380 2317.1
1425390 2323.1
1425400 2330.0
1425410 2330.0
1425420 2333.7
1425430 2332.8
1425440 2332.8
1425450 2331.6
1425460 2330.5
1425470 2331.9
1425480 2331.9
1425490 2336.1
1425500 2337.4
1425510 2337.4
1425520 2342.5
1425530 2346.5
1425540 2346.5
1425550 2348.7
1425560 2349.5
1425570 2349.5
1425580 2349.0
1425590 2347.0
1425600 2347.0
1425610 2346.7
1425620 2346.1
1425630 2346.1
1425640 2348.2
1425650 2349.5
1425660 2349.5
1425670 2352.2
1425680 2355.3
1425690 2357.3
1425700 2357.3
1425710 2358.7
1425720 2361.9
1425730 2361.9
1425740 2360.8
1425750 2361.4
1425760 2361.4
1425770 2364.1
1425780 2368.3
1425790 2368.3
1425800 2371.5
1425810 2374.2
1425820 2374.2
1425830 2376.1
1425840 2377.0
1425850 2377.0
1425860 2377.7
1425870 2375.6
1425880 2375.6
1425890 2373.1
1425900 2372.6
1425910 2372.8
1425920 2372.8
1425930 2373.2
1425940 2374.1
1425950 2374.1
1425960 2375.2
1425970 2378.0
1425980 2378.0
1425990 2380.9
1426000 2384.9
1426010 2384.9
1426020 2389.1
1426030 2394.5
1426040 2394.5
1426050 2398.0
1426060 2399.7
1426070 2399.7
1426080 2401.8
1426090 2402.9
1426100 2402.9
1426110 2403.2
1426120 2405.2
1426130 2406.6
1426140 2406.6
1426150 2407.8
1426160 2410.0
1426170 2410.0
1426180 2411.9
1426190 2411.7
1426200 2411.7
1426210 2410.2
1426220 2407.9
1426230 2407.9
1426240 2406.2
1426250 2403.8
1426260 2403.8
1426270 2402.0
1426280 2400.5
1426290 2400.5
1426300 2398.4
1426310 2395.7
1426320 2395.7
1426330 2393.3
1426340 2394.7
1426350 2394.0
1426360 2394.0
1426370 2396.8
1426380 2401.4
1426390 2401.4
1426400 2395.7
1426410 2388.2
1426420 2388.2
1426430 2381.6
1426440 2374.9
1426450 2374.9
1426460 2367.5
1426470 2364.3
1426480 2364.3
1426490 2361.7
1426500 2359.1
1426510 2359.1
1426520 2357.3
1426530 2355.7
1426540 2355.7
1426550 2356.5
1426560 2358.1
1426570 2360.4
1426580 2360.4
1426590 2364.5
1426600 2369.4
1426610 2369.4
1426620 2371.4
1426630 2370.8
1426640 2370.8
1426650 2368.5
1426660 2368.0
1426670 2368.0
1426680 2369.1
1426690 2369.3
1426700 2369.3
1426710 2370.9
1426720 2374.7
1426730 2374.7
1426740 2374.2
1426750 2368.7
1426760 2368.7
1426770 2364.8
1426780 2360.8
1426790 2364.7
1426800 2364.7
1426810 2368.0
1426820 2371.4
1426830 2371.4
1426840 2374.2
1426850 2376.0
1426860 2376.0
1426870 2377.7
1426880 2379.5
1426890 2379.5
1426900 2380.4
1426910 2383.4
1426920 2383.4
1426930 2388.0
1426940 2388.4
1426950 2388.4
1426960 2382.1
1426970 2375.7
1426980 2375.7
1426990 2371.4
1427000 2368.6
1427010 2366.2
1427020 2366.2
1427030 2363.3
1427040 2359.9
1427050 2359.9
1427060 2356.8
1427070 2353.0
1427080 2353.0
1427090 2353.4
1427100 2355.9
1427110 2355.9
1427120 2360.9
1427130 2364.5
1427140 2364.5
1427150 2368.2
1427160 2372.1
1427170 2372.1
1427180 2375.4
1427190 2378.7
1427200 2378.7
1427210 2376.6
1427220 2375.9
1427230 2378.6
1427240 2378.6
1427250 2382.1
1427260 2385.4
1427270 2385.4
1427280 2389.3
1427290 2393.1
1427300 2393.1
1427310 2397.2
1427320 2401.7
1427330 2401.7
1427340 2407.0
1427350 2412.7
1427360 2412.7
1427370 2417.4
1427380 2422.3
1427390 2422.3
1427400 2427.6
1427410 2432.3
1427420 2432.3
1427430 2436.7
1427440 2441.1
1427450 2441.1
1427460 2445.6
1427470 2449.7
1427480 2454.1
1427490 2454.1
1427500 2459.0
1427510 2464.2
1427520 2464.2
1427530 2469.6
1427540 2474.4
1427550 2474.4
1427560 2478.9
1427570 2484.1
1427580 2484.1
1427590 2488.6
1427600 2492.3
1427610 2492.3
1427620 2497.0
1427630 2502.4
1427640 2502.4
1427650 2506.9
1427660 2512.9
1427670 2512.9
1427680 2519.3
1427690 2524.4
1427700 2529.8
1427710 2529.8
1427720 2534.7
1427730 2540.3
1427740 2540.3
1427750 2547.1
1427760 2553.6
1427770 2553.6
1427780 2559.8
1427790 2567.2
1427800 2567.2
1427810 2577.0
1427820 2584.2
1427830 2584.2
1427840 2589.8
1427850 2591.4
1427860 2591.4
1427870 2586.1
1427880 2580.9
1427890 2580.9
1427900 2576.5
1427910 2573.7
1427920 2574.2
1427930 2574.2
1427940 2570.3
1427950 2568.2
1427960 2568.2
1427970 2571.5
1427980 2576.8
1427990 2576.8
1428000 2574.4
1428010 2570.5
1428020 2570.5
1428030 2562.5
1428040 2557.3
1428050 2557.3
1428060 2552.9
1428070 2538.4
1428080 2538.4
1428090 2523.8
1428100 2504.7
1428110 2504.7
1428120 2492.2
1428130 2482.9
1428140 2475.5
1428150 2475.5
1428160 2467.7
1428170 2459.7
1428180 2459.7
1428190 2451.6
1428200 2443.9
1428210 2443.9
1428220 2436.0
1428230 2428.8
1428240 2428.8
1428250 2420.1
1428260 2411.1
1428270 2411.1
1428280 2405.4
1428290 2399.6
1428300 2399.6
1428310 2394.0
1428320 2390.4
1428330 2390.4
1428340 2387.3
1428350 2386.0
1428360 2380.3
1428370 2380.3
1428380 2374.1
1428390 2369.6
1428400 2369.6
1428410 2364.8
1428420 2360.1
1428430 2360.1
1428440 2360.5
1428450 2367.4
1428460 2367.4
1428470 2363.8
1428480 2349.1
1428490 2349.1
1428500 2344.6
1428510 2340.8
1428520 2340.8
1428530 2336.3
1428540 2331.3
1428550 2331.3
1428560 2326.3
1428570 2321.7
1428580 2315.7
1428590 2315.7
1428600 2309.3
1428610 2302.9
1428620 2302.9
1428630 2296.4
1428640 2293.0
1428650 2293.0
1428660 2290.8
1428670 2287.7
1428680 2287.7
1428690 2287.8
1428700 2287.7
1428710 2287.7
1428720 2286.6
1428730 2281.0
1428740 2281.0
1428750 2274.1
1428760 2267.0
1428770 2267.0
1428780 2262.3
1428790 2257.9
1428800 2251.1
1428810 2251.1
1428820 2242.8
1428830 2234.6
1428840 2234.6
1428850 2226.8
1428860 2221.5
1428870 2221.5
1428880 2215.5
1428890 2208.9
1428900 2208.9
1428910 2203.0
1428920 2197.5
1428930 2197.5
1428940 2191.8
1428950 2186.2
1428960 2186.2
1428970 2181.6
1428980 2178.7
1428990 2178.7
1429000 2177.4
1429010 2177.8
1429020 2175.7
1429030 2179.5
1429040 2178.0
1429050 2175.6
1429060 2175.6
1429070 2173.9
1429080 2173.1
1429090 2173.1
1429100 2172.7
1429110 2173.2
1429120 2173.2
1429130 2174.1
1429140 2174.0
1429150 2174.0
1429160 2174.1
1429170 2172.6
1429180 2172.6
1429190 2170.2
1429200 2168.1
1429210 2168.1
1429220 2166.1
1429230 2163.7
1429240 2160.7
1429250 2160.7
1429260 2158.3
1429270 2156.2
1429280 2156.2
1429290 2154.3
1429300 2152.8
1429310 2152.8
1429320 2152.0
1429330 2151.2
1429340 2151.2
1429350 2149.8
1429360 2148.6
1429370 2148.6
1429380 2147.1
1429390 2145.8
1429400 2145.8
1429410 2144.2
1429420 2143.8
1429430 2143.8
1429440 2143.8
1429450 2143.6
1429460 2143.8
1429470 2143.8
1429480 2143.5
1429490 2142.2
1429500 2142.2
1429510 2139.1
1429520 2133.9
1429530 2133.9
1429540 2129.0
1429550 2126.1
1429560 2126.1
1429570 2123.6
1429580 2120.4
1429590 2120.4
1429600 2116.8
1429610 2114.3
1429620 2114.3
1429630 2111.8
1429640 2106.7
1429650 2106.7
1429660 2101.7
1429670 2098.9
1429680 2098.9
1429690 2097.2
1429700 2095.2
1429710 2090.8
1429720 2090.8
1429730 2087.8
1429740 2085.6
1429750 2085.6
1429760 2082.3
1429770 2082.6
1429780 2082.6
1429790 2081.2
1429800 2076.7
1429810 2076.7
1429820 2072.8
1429830 2068.5
1429840 2068.5
1429850 2064.0
1429860 2058.2
1429870 2058.2
1429880 2052.8
1429890 2045.7
1429900 2045.7
1429910 2038.6
1429920 2031.1
1429930 2025.4
1429940 2025.4
1429950 2012.8
1429960 2003.0
1429970 2003.0
1429980 1993.5
1429990 1984.5
1430000 1984.5
1430010 1975.5
1430020 1966.9
1430030 1966.9
1430040 1957.2
1430050 1947.5
1430060 1947.5
1430070 1934.6
1430080 1924.8
1430090 1924.8
1430100 1915.7
1430110 1906.9
1430120 1906.9
1430130 1898.1
1430140 1890.5
1430150 1882.5
1430160 1882.5
1430170 1874.6
1430180 1866.1
1430190 1866.1
1430200 1858.2
1430210 1850.7
1430220 1850.7
1430230 1843.2
1430240 1836.3
1430250 1836.3
1430260 1829.7
1430270 1823.0
1430280 1823.0
1430290 1816.2
1430300 1809.9
1430310 1809.9
1430320 1803.2
1430330 1796.9
1430340 1796.9
1430350 1790.7
1430360 1784.6
1430370 1778.6
1430380 1778.6
1430390 1772.6
1430400 1766.6
1430410 1766.6
1430420 1760.9
1430430 1755.3
1430440 1755.3
1430450 1749.7
1430460 1744.4
1430470 1744.4
1430480 1739.2
1430490 1734.1
1430500 1734.1
1430510 1729.6
1430520 1725.7
1430530 1725.7
1430540 1724.9
1430550 1724.9
1430560 1724.9
1430570 1724.3
1430580 1723.7
1430590 1723.2
1430600 1723.2
1430610 1724.6
1430620 1726.0
1430630 1726.0
1430640 1728.2
1430650 1731.3
1430660 1731.3
1430670 1734.2
1430680 1737.1
1430690 1737.1
1430700 1739.9
1430710 1745.2
1430720 1745.2
1430730 1749.5
1430740 1752.6
1430750 1752.6
1430760 1755.2
1430770 1758.0
1430780 1758.0
1430790 1762.3
1430800 1768.0
1430810 1773.3
1430820 1773.3
1430830 1777.9
1430840 1780.9
1430850 1780.9
1430860 1784.6
1430870 1790.6
1430880 1790.6
1430890 1797.0
1430900 1802.8
1430910 1802.8
1430920 1806.0
1430930 1810.6
1430940 1810.6
1430950 1816.0
1430960 1821.1
1430970 1821.1
1430980 1826.8
1430990 1832.4
1431000 1832.4
1431010 1839.0
1431020 1844.7
1431030 1851.8
1431040 1851.8
1431050 1859.3
1431060 1868.0
1431070 1868.0
1431080 1879.4
1431090 1893.0
1431100 1893.0
1431110 1906.1
1431120 1912.5
1431130 1912.5
1431140 1915.9
1431150 1917.2
1431160 1917.2
1431170 1919.4
1431180 1922.2
1431190 1922.2
1431200 1925.2
1431210 1926.0
1431220 1926.0
1431230 1927.6
1431240 1931.2
1431250 1935.3
1431260 1935.3
1431270 1939.7
1431280 1945.5
1431290 1945.5
1431300 1951.3
1431310 1957.0
1431320 1957.0
1431330 1962.4
1431340 1968.8
1431350 1968.8
1431360 1974.9
1431370 1982.9
1431380 1982.9
1431390 1988.6
1431400 1995.1
1431410 1995.1
1431420 2000.9
1431430 2006.5
1431440 2006.5
1431450 2011.4
1431460 2013.4
1431470 2013.3
1431480 2013.3
1431490 2014.8
1431500 2016.0
1431510 2016.0
1431520 2020.3
1431530 2026.5
1431540 2026.5
1431550 2030.4
1431560 2034.6
1431570 2034.6
1431580 2036.8
1431590 2037.6
1431600 2037.6
1431610 2038.3
1431620 2040.5
1431630 2040.5
1431640 2044.4
1431650 2048.9
1431660 2048.9
1431670 2054.3
1431680 2060.4
1431690 2064.4
1431700 2064.4
1431710 2066.8
1431720 2068.1
1431730 2068.1
1431740 2070.7
1431750 2074.1
1431760 2074.1
1431770 2077.0
1431780 2078.7
1431790 2078.7
1431800 2081.5
1431810 2084.0
1431820 2084.0
1431830 2084.9
1431840 2085.4
1431850 2085.4
1431860 2086.8
1431870 2088.7
1431880 2088.7
1431890 2089.8
1431900 2091.0
1431910 2091.0
1431920 2095.0
1431930 2096.3
1431940 2096.9
1431950 2096.9
1431960 2098.8
1431970 2100.9
1431980 2100.9
1431990 2102.8
1432000 2103.9
1432010 2103.9
1432020 2105.7
1432030 2108.0
1432040 2108.0
1432050 2109.7
1432060 2104.2
1432070 2104.2
1432080 2103.6
1432090 2103.8
1432100 2103.8
1432110 2103.9
1432120 2106.0
1432130 2106.0
1432140 2109.1
1432150 2112.4
1432160 2116.5
1432170 2116.5
1432180 2119.8
1432190 2123.2
1432200 2123.2
1432210 2126.0
1432220 2129.7
1432230 2129.7
1432240 2136.4
1432250 2144.1
1432260 2144.1
1432270 2152.0
1432280 2159.3
1432290 2159.3
1432300 2165.6
1432310 2173.1
1432320 2173.1
1432330 2181.4
1432340 2185.8
1432350 2185.8
1432360 2189.4
1432370 2192.5
1432380 2196.0
1432390 2196.0
1432400 2200.2
1432410 2205.0
1432420 2205.0
1432430 2210.3
1432440 2215.9
1432450 2215.9
1432460 2221.7
1432470 2229.2
1432480 2229.2
1432490 2235.7
1432500 2237.9
1432510 2237.9
1432520 2239.5
1432530 2241.6
1432540 2241.6
1432550 2244.4
1432560 2247.0
1432570 2247.0
1432580 2249.4
1432590 2253.6
1432600 2258.3
1432610 2258.3
1432620 2262.9
1432630 2268.3
1432640 2268.3
1432650 2274.5
1432660 2281.5
1432670 2281.5
1432680 2287.1
1432690 2291.1
1432700 2291.1
1432710 2295.4
1432720 2300.0
1432730 2300.0
1432740 2304.8
1432750 2314.0
1432760 2314.0
1432770 2326.5
1432780 2328.6
1432790 2328.6
1432800 2320.0
1432810 2309.4
1432820 2301.0
1432830 2301.0
1432840 2293.5
1432850 2286.8
1432860 2286.8
1432870 2276.5
1432880 2264.2
1432890 2264.2
1432900 2255.9
1432910 2248.8
1432920 2248.8
1432930 2241.4
1432940 2230.1
1432950 2230.1
1432960 2198.1
1432970 2186.3
1432980 2186.3
1432990 2178.8
1433000 2171.8
1433010 2171.8
1433020 2164.5
1433030 2157.6
1433040 2151.8
1433050 2151.8
1433060 2145.9
1433070 2141.1
1433080 2141.1
1433090 2136.8
1433100 2133.3
1433110 2133.3
1433120 2129.3
1433130 2125.3
1433140 2125.3
1433150 2121.2
1433160 2109.1
1433170 2109.1
1433180 2099.6
1433190 2089.8
1433200 2089.8
1433210 2080.1
1433220 2070.4
1433230 2070.4
1433240 2056.5
1433250 2044.1
1433260 2034.5
1433270 2034.5
1433280 2026.9
1433290 2019.6
1433300 2019.6
1433310 2014.1
1433320 2008.5
1433330 2008.5
1433340 2002.8
1433350 1995.0
1433360 1995.0
1433370 1988.1
1433380 1986.8
1433390 1986.8
1433400 1987.2
1433410 1987.0
1433420 1987.0
1433430 1988.0
1433440 1992.5
1433450 1992.5
1433460 1993.4
1433470 1996.3
1433480 1999.3
1433490 1999.3
1433500 1999.7
1433510 1999.9
1433520 1999.9
1433530 2002.4
1433540 2005.8
1433550 2005.8
1433560 2007.3
1433570 2007.6
1433580 2007.6
1433590 2009.4
1433600 2011.9
1433610 2011.9
1433620 2015.2
1433630 2018.1
1433640 2018.1
1433650 2021.2
1433660 2023.0
1433670 2023.0
1433680 2026.4
1433690 2031.2
1433700 2035.3
1433710 2035.3
1433720 2038.2
1433730 2041.3
1433740 2041.3
1433750 2044.7
1433760 2047.0
1433770 2047.0
1433780 2051.7
1433790 2058.1
1433800 2058.1
1433810 2066.5
1433820 2070.8
1433830 2070.8
1433840 2074.0
1433850 2078.3
1433860 2078.3
1433870 2082.9
1433880 2086.9
1433890 2086.9
1433900 2089.9
1433910 2093.6
1433920 2097.2
1433930 2097.2
1433940 2099.3
1433950 2101.2
1433960 2101.2
1433970 2108.1
1433980 2109.5
1433990 2109.5
1434000 2110.8
1434010 2116.2
1434020 2116.2
1434030 2125.1
1434040 2126.2
1434050 2126.2
1434060 2123.9
1434070 2126.3
1434080 2126.3
1434090 2130.2
1434100 2133.0
1434110 2133.0
1434120 2135.2
1434130 2138.0
1434140 2138.0
1434150 2140.9
1434160 2145.5
1434170 2150.4
1434180 2150.4
1434190 2152.6
1434200 2153.6
1434210 2153.6
1434220 2154.4
1434230 2156.9
1434240 2156.9
1434250 2159.2
1434260 2161.6
1434270 2161.6
1434280 2162.6
1434290 2167.8
1434300 2167.8
1434310 2173.8
1434320 2178.4
1434330 2178.4
1434340 2181.6
1434350 2183.9
1434360 2183.9
1434370 2183.2
1434380 2181.4
1434390 2183.3
1434400 2183.3
1434410 2185.8
1434420 2188.0
1434430 2188.0
1434440 2188.4
1434450 2188.9
1434460 2188.9
1434470 2189.5
1434480 2188.4
1434490 2188.4
1434500 2186.3
1434510 2183.6
1434520 2183.6
1434530 2180.8
1434540 2178.5
1434550 2178.5
1434560 2175.9
1434570 2173.2
1434580 2173.2
1434590 2170.0
1434600 2164.0
1434610 2156.7
1434620 2156.7
1434630 2149.2
1434640 2142.6
1434650 2142.6
1434660 2137.5
1434670 2133.0
1434680 2133.0
1434690 2128.4
1434700 2123.9
1434710 2123.9
1434720 2119.5
1434730 2118.4
1434740 2118.4
1434750 2115.0
1434760 2114.4
1434770 2114.4
1434780 2113.0
1434790 2110.6
1434800 2110.6
1434810 2107.0
1434820 2103.2
1434830 2098.1
1434840 2098.1
1434850 2093.1
1434860 2092.7
1434870 2092.7
1434880 2089.7
1434890 2088.3
1434900 2088.3
1434910 2087.8
1434920 2087.1
1434930 2087.1
1434940 2083.3
1434950 2079.2
1434960 2079.2
1434970 2078.6
1434980 2076.0
1434990 2076.0
1435000 2076.4
1435010 2078.4
1435020 2078.4
1435030 2077.5
1435040 2075.8
1435050 2074.1
1435060 2074.1
1435070 2074.1
1435080 2064.5
1435090 2064.5
1435100 2053.1
1435110 2058.4
1435120 2058.4
1435130 2064.0
1435140 2070.4
1435150 2070.4
1435160 2076.7
1435170 2082.6
1435180 2082.6
1435190 2089.6
1435200 2094.1
1435210 2094.1
1435220 2099.8
1435230 2107.1
1435240 2107.1
1435250 2118.7
1435260 2128.2
1435270 2133.4
1435280 2133.4
1435290 2133.6
1435300 2135.8
1435310 2135.8
1435320 2139.0
1435330 2143.5
1435340 2143.5
1435350 2150.5
1435360 2159.7
1435370 2159.7
1435380 2165.9
1435390 2166.9
1435400 2166.9
1435410 2167.1
1435420 2165.2
1435430 2165.2
1435440 2165.4
1435450 2168.5
1435460 2168.5
1435470 2169.1
1435480 2166.9
1435490 2164.7
1435500 2164.7
1435510 2161.4
1435520 2156.5
1435530 2156.5
1435540 2153.2
1435550 2149.2
1435560 2149.2
1435570 2146.5
1435580 2144.4
1435590 2144.4
1435600 2139.9
1435610 2135.3
1435620 2135.3
1435630 2140.5
1435640 2149.9
1435650 2149.9
1435660 2156.1
1435670 2161.9
1435680 2161.9
1435690 2168.5
1435700 2174.3
1435710 2177.6
1435720 2177.6
1435730 2179.9
1435740 2182.1
1435750 2182.1
1435760 2184.4
1435770 2185.6
1435780 2185.6
1435790 2187.6
1435800 2189.7
1435810 2189.7
1435820 2191.1
1435830 2194.1
1435840 2194.1
1435850 2198.7
1435860 2200.3
1435870 2200.3
1435880 2199.2
1435890 2198.7
1435900 2198.7
1435910 2198.0
1435920 2198.4
1435930 2200.3
1435940 2200.3
1435950 2204.2
1435960 2207.9
1435970 2207.9
1435980 2211.6
1435990 2216.0
1436000 2216.0
1436010 2218.8
1436020 2222.0
1436030 2222.0
1436040 2224.9
1436050 2229.6
1436060 2229.6
1436070 2234.0
1436080 2236.2
1436090 2236.2
1436100 2237.7
1436110 2240.1
1436120 2240.1
1436130 2242.0
1436140 2242.4
1436150 2242.6
1436160 2242.6
1436170 2243.3
1436180 2244.4
1436190 2244.4
1436200 2246.2
1436210 2248.8
1436220 2248.8
1436230 2250.5
1436240 2252.3
1436250 2252.3
1436260 2255.8
1436270 2259.7
1436280 2259.7
1436290 2264.5
1436300 2268.1
1436310 2268.1
1436320 2270.6
1436330 2274.2
1436340 2274.2
1436350 2277.6
1436360 2280.3
1436370 2280.3
1436380 2284.5
1436390 2288.0
1436400 2289.9
1436410 2289.9
1436420 2291.7
1436430 2293.1
1436440 2293.1
1436450 2294.8
1436460 2296.2
1436470 2296.2
1436480 2296.8
1436490 2297.2
1436500 2297.2
1436510 2298.5
1436520 2300.2
1436530 2300.2
1436540 2301.2
1436550 2302.2
1436560 2302.2
1436570 2304.7
1436580 2309.7
1436590 2309.7
1436600 2315.8
1436610 2319.3
1436620 2321.3
1436630 2321.3
1436640 2326.5
1436650 2332.3
1436660 2332.3
1436670 2337.9
1436680 2343.7
1436690 2343.7
1436700 2348.9
1436710 2354.1
1436720 2354.1
1436730 2360.2
1436740 2365.6
1436750 2365.6
1436760 2370.7
1436770 2376.6
1436780 2376.6
1436790 2382.9
1436800 2388.9
1436810 2388.9
1436820 2395.3
1436830 2402.2
1436840 2408.6
1436850 2408.6
1436860 2414.7
1436870 2421.7
1436880 2421.7
1436890 2429.4
1436900 2437.0
1436910 2437.0
1436920 2444.2
1436930 2451.8
1436940 2451.8
1436950 2458.9
1436960 2466.4
1436970 2466.4
1436980 2475.9
1436990 2484.9
1437000 2484.9
1437010 2493.0
1437020 2507.7
1437030 2507.7
1437040 2521.2
1437050 2531.1
1437060 2533.2
1437070 2533.2
1437080 2518.0
1437090 2509.0
1437100 2509.0
1437110 2500.3
1437120 2489.2
1437130 2489.2
1437140 2478.5
1437150 2468.9
1437160 2468.9
1437170 2459.0
1437180 2450.0
1437190 2450.0
1437200 2441.9
1437210 2433.7
1437220 2433.7
1437230 2426.2
1437240 2419.5
1437250 2419.5
1437260 2413.6
1437270 2408.1
1437280 2401.1
1437290 2401.1
1437300 2393.2
1437310 2388.1
1437320 2388.1
1437330 2381.9
1437340 2375.0
1437350 2375.0
1437360 2365.7
1437370 2356.2
1437380 2356.2
1437390 2345.2
1437400 2332.9
1437410 2332.9
1437420 2322.7
1437430 2312.9
1437440 2312.9
1437450 2302.4
1437460 2290.8
1437470 2290.8
1437480 2280.8
1437490 2272.2
1437500 2261.5
1437510 2261.5
1437520 2253.0
1437530 2245.2
1437540 2245.2
1437550 2238.7
1437560 2232.7
1437570 2232.7
1437580 2226.5
1437590 2220.2
1437600 2220.2
1437610 2214.0
1437620 2207.6
1437630 2207.6
1437640 2201.3
1437650 2194.6
1437660 2194.6
1437670 2187.1
1437680 2179.7
1437690 2179.7
1437700 2172.9
1437710 2167.3
1437720 2161.3
1437730 2161.3
1437740 2151.8
1437750 2142.4
1437760 2142.4
1437770 2135.3
1437780 2129.4
1437790 2129.4
1437800 2124.0
1437810 2118.9
1437820 2118.9
1437830 2113.7
1437840 2108.5
1437850 2108.5
1437860 2103.2
1437870 2098.1
1437880 2098.1
1437890 2093.1
1437900 2087.8
1437910 2087.8
1437920 2082.7
1437930 2077.3
1437940 2071.9
1437950 2071.9
1437960 2066.2
1437970 2060.7
1437980 2060.7
1437990 2055.9
1438000 2051.4
1438010 2051.4
1438020 2047.3
1438030 2042.6
1438040 2042.6
1438050 2036.5
1438060 2031.3
1438070 2031.3
1438080 2026.4
1438090 2020.6
1438100 2020.6
1438110 2012.4
1438120 2003.6
1438130 2003.6
1438140 1994.7
1438150 1986.6
1438160 1978.1
1438170 1978.1
1438180 1967.8
1438190 1957.6
1438200 1957.6
1438210 1948.9
1438220 1944.3
1438230 1944.3
1438240 1938.2
1438250 1928.3
1438260 1928.3
1438270 1919.3
1438280 1910.4
1438290 1910.4
1438300 1901.8
1438310 1895.7
1438320 1895.7
1438330 1889.9
1438340 1885.2
1438350 1885.2
1438360 1882.8
1438370 1880.3
1438380 1876.4
1438390 1876.4
1438400 1870.7
1438410 1864.1
1438420 1864.1
1438430 1859.2
1438440 1852.4
1438450 1852.4
1438460 1848.4
1438470 1845.2
1438480 1845.2
1438490 1839.0
1438500 1834.3
1438510 1834.3
1438520 1829.1
1438530 1821.8
1438540 1821.8
1438550 1817.2
1438560 1813.5
1438570 1813.5
1438580 1807.2
1438590 1801.1
1438600 1801.1
1438610 1794.1
1438620 1788.9
1438630 1783.3
1438640 1783.3
1438650 1777.7
1438660 1773.7
1438670 1773.7
1438680 1769.8
1438690 1768.7
1438700 1768.7
1438710 1769.4
1438720 1769.9
1438730 1769.9
1438740 1771.1
1438750 1770.1
1438760 1770.1
1438770 1766.3
1438780 1762.2
1438790 1762.2
1438800 1757.3
1438810 1750.9
1438820 1750.9
1438830 1743.0
1438840 1740.4
1438850 1739.7
1438860 1739.7
1438870 1739.4
1438880 1739.1
1438890 1739.1
1438900 1739.1
1438910 1739.8
1438920 1739.8
1438930 1741.1
1438940 1745.6
1438950 1745.6
1438960 1747.9
1438970 1750.9
1438980 1750.9
1438990 1754.2
1439000 1756.4
1439010 1756.4
1439020 1757.9
1439030 1762.5
1439040 1762.5
1439050 1768.1
1439060 1771.7
1439070 1775.5
1439080 1775.5
1439090 1773.7
1439100 1780.3
1439110 1780.3
1439120 1788.5
1439130 1795.9
1439140 1795.9
1439150 1800.8
1439160 1806.0
1439170 1806.0
1439180 1811.2
1439190 1815.8
1439200 1815.8
1439210 1821.1
1439220 1827.5
1439230 1827.5
1439240 1831.9
1439250 1835.4
1439260 1835.4
1439270 1837.7
1439280 1840.7
1439290 1845.0
1439300 1845.0
1439310 1849.5
1439320 1854.3
1439330 1854.3
1439340 1858.4
1439350 1859.5
1439360 1859.5
1439370 1863.4
1439380 1868.8
1439390 1868.8
1439400 1873.3
1439410 1877.5
1439420 1877.5
1439430 1881.4
1439440 1884.7
1439450 1884.7
1439460 1887.2
1439470 1889.9
1439480 1889.9
1439490 1893.4
1439500 1897.9
1439510 1901.1
1439520 1901.1
1439530 1907.4
1439540 1913.5
1439550 1913.5
1439560 1919.9
1439570 1926.9
1439580 1926.9
1439590 1934.5
1439600 1942.1
1439610 1942.1
1439620 1949.6
1439630 1957.6
1439640 1957.6
1439650 1966.9
1439660 1977.8
1439670 1977.8
1439680 1988.6
1439690 2000.5
1439700 2000.5
1439710 2013.6
1439720 2021.4
1439730 2026.9
1439740 2026.9
1439750 2033.2
1439760 2039.1
1439770 2039.1
1439780 2044.8
1439790 2049.4
1439800 2049.4
1439810 2054.2
1439820 2059.9
1439830 2059.9
1439840 2067.4
1439850 2072.3
1439860 2072.3
1439870 2077.2
1439880 2086.3
1439890 2086.3
1439900 2094.9
1439910 2100.7
1439920 2100.7
1439930 2106.3
1439940 2111.7
1439950 2117.6
1439960 2117.6
1439970 2123.6
1439980 2129.6
1439990 2129.6
