1420000 2149.2
1420010 2144.8
1420020 2142.6
1420030 2142.6
1420040 2141.7
1420050 2141.8
1420060 2141.8
1420070 2141.2
1420080 2140.0
1420090 2140.0
1420100 2139.6
1420110 2139.7
1420120 2139.7
1420130 2140.4
1420140 2139.3
1420150 2139.3
1420160 2139.1
1420170 2137.8
1420180 2137.8
1420190 2136.0
1420200 2132.6
1420210 2132.6
1420220 2126.7
1420230 2125.6
1420240 2125.6
1420250 2126.7
1420260 2122.9
1420270 2120.6
1420280 2120.6
1420290 2116.0
1420300 2108.7
1420310 2108.7
1420320 2098.0
1420330 2089.4
1420340 2089.4
1420350 2085.7
1420360 2081.8
1420370 2081.8
1420380 2074.6
1420390 2064.6
1420400 2064.6
1420410 2050.9
1420420 2037.5
1420430 2037.5
1420440 2019.9
1420450 2010.7
1420460 2010.7
1420470 2003.9
1420480 1996.8
1420490 1993.3
1420500 1993.3
1420510 1989.8
1420520 1984.6
1420530 1984.6
1420540 1977.7
1420550 1971.4
1420560 1971.4
1420570 1967.0
1420580 1969.3
1420590 1969.3
1420600 1966.8
1420610 1962.1
1420620 1962.1
1420630 1957.0
1420640 1954.3
1420650 1954.3
1420660 1952.1
1420670 1949.2
1420680 1949.2
1420690 1946.6
1420700 1944.1
1420710 1942.4
1420720 1942.4
1420730 1939.8
1420740 1936.5
1420750 1936.5
1420760 1932.5
1420770 1929.7
1420780 1929.7
1420790 1926.9
1420800 1923.0
1420810 1923.0
1420820 1919.3
1420830 1917.0
1420840 1917.0
1420850 1915.1
1420860 1911.3
1420870 1911.3
1420880 1908.1
1420890 1905.6
1420900 1905.6
1420910 1904.0
1420920 1902.6
1420930 1902.9
1420940 1902.9
1420950 1901.9
1420960 1896.5
1420970 1896.5
1420980 1893.5
1420990 1895.5
1421000 1895.5
1421010 1893.8
1421020 1888.2
1421030 1888.2
1421040 1881.8
1421050 1875.6
1421060 1875.6
1421070 1869.3
1421080 1871.1
1421090 1871.1
1421100 1868.7
1421110 1864.0
1421120 1864.0
1421130 1861.0
1421140 1857.4
1421150 1858.1
1421160 1858.1
1421170 1856.0
1421180 1857.2
1421190 1857.2
1421200 1859.3
1421210 1857.4
1421220 1857.4
1421230 1859.4
1421240 1863.7
1421250 1863.7
1421260 1864.6
1421270 1859.7
1421280 1859.7
1421290 1855.1
1421300 1859.0
1421310 1859.0
1421320 1860.0
1421330 1857.8
1421340 1857.8
1421350 1856.2
1421360 1856.5
1421370 1855.9
1421380 1855.9
1421390 1865.0
1421400 1864.9
1421410 1864.9
1421420 1866.7
1421430 1866.4
1421440 1866.4
1421450 1862.9
1421460 1854.4
1421470 1854.4
1421480 1848.5
1421490 1841.1
1421500 1841.1
1421510 1832.6
1421520 1823.7
1421530 1823.7
1421540 1814.3
1421550 1806.9
1421560 1806.9
1421570 1793.9
1421580 1783.6
1421590 1790.3
1421600 1790.3
1421610 1798.9
1421620 1822.1
1421630 1822.1
1421640 1861.9
1421650 1883.4
1421660 1883.4
1421670 1890.2
1421680 1899.1
1421690 1899.1
1421700 1908.0
1421710 1924.9
1421720 1924.9
1421730 1933.6
1421740 1937.7
1421750 1937.7
1421760 1927.3
1421770 1929.8
1421780 1929.8
1421790 1937.5
1421800 1936.5
1421810 1936.5
1421820 1920.4
1421830 1898.3
1421840 1875.0
1421850 1875.0
1421860 1853.0
1421870 1858.8
1421880 1858.8
1421890 1869.2
1421900 1880.6
1421910 1880.6
1421920 1890.4
1421930 1884.7
1421940 1884.7
1421950 1857.2
1421960 1858.2
1421970 1858.2
1421980 1873.7
1421990 1886.6
1422000 1886.6
1422010 1897.6
1422020 1910.3
1422030 1910.3
1422040 1921.4
1422050 1931.3
1422060 1930.1
1422070 1930.1
1422080 1929.9
1422090 1934.6
1422100 1934.6
1422110 1938.6
1422120 1938.3
1422130 1938.3
1422140 1920.2
1422150 1918.4
1422160 1918.4
1422170 1922.8
1422180 1928.1
1422190 1928.1
1422200 1934.9
1422210 1941.0
1422220 1941.0
1422230 1940.0
1422240 1936.7
1422250 1936.7
1422260 1941.2
1422270 1950.3
1422280 1961.0
1422290 1961.0
1422300 1969.9
1422310 1978.4
1422320 1978.4
1422330 1986.9
1422340 1995.4
1422350 1995.4
1422360 2005.7
1422370 2016.6
1422380 2016.6
1422390 2026.9
1422400 2035.8
1422410 2035.8
1422420 2044.9
1422430 2054.3
1422440 2054.3
1422450 2062.9
1422460 2070.1
1422470 2070.1
1422480 2078.2
1422490 2085.4
1422500 2093.1
1422510 2093.1
1422520 2098.5
1422530 2086.2
1422540 2086.2
1422550 2075.3
1422560 2070.2
1422570 2070.2
1422580 2065.5
1422590 2064.3
1422600 2064.3
1422610 2065.7
1422620 2064.9
1422630 2064.9
1422640 2058.1
1422650 2051.4
1422660 2051.4
1422670 2044.0
1422680 2036.8
1422690 2036.8
1422700 2029.6
1422710 2021.2
1422720 2014.1
1422730 2014.1
1422740 2008.0
1422750 2000.7
1422760 2000.7
1422770 1993.2
1422780 1986.5
1422790 1986.5
1422800 1979.7
1422810 1973.0
1422820 1973.0
1422830 1964.5
1422840 1952.6
1422850 1952.6
1422860 1934.0
1422870 1918.9
1422880 1918.9
1422890 1908.0
1422900 1900.2
1422910 1900.2
1422920 1892.8
1422930 1885.1
1422940 1878.6
1422950 1878.6
1422960 1872.9
1422970 1867.3
1422980 1867.3
1422990 1861.5
1423000 1853.7
1423010 1853.7
1423020 1844.3
1423030 1835.3
1423040 1835.3
1423050 1826.4
1423060 1816.2
1423070 1816.2
1423080 1807.3
1423090 1799.7
1423100 1799.7
1423110 1790.4
1423120 1776.5
1423130 1776.5
1423140 1766.3
1423150 1757.0
1423160 1746.1
1423170 1746.1
1423180 1738.7
1423190 1732.5
1423200 1732.5
1423210 1726.5
1423220 1722.9
1423230 1722.9
1423240 1720.3
1423250 1723.4
1423260 1723.4
1423270 1727.4
1423280 1728.8
1423290 1728.8
1423300 1730.0
1423310 1731.7
1423320 1731.7
1423330 1736.5
1423340 1740.5
1423350 1740.5
1423360 1744.1
1423370 1745.4
1423380 1745.4
1423390 1743.8
1423400 1741.3
1423410 1737.6
1423420 1737.6
1423430 1734.8
1423440 1738.7
1423450 1738.7
1423460 1737.7
1423470 1737.1
1423480 1737.1
1423490 1736.2
1423500 1737.2
1423510 1737.2
1423520 1741.1
1423530 1741.6
1423540 1741.6
1423550 1734.4
1423560 1733.2
1423570 1733.2
1423580 1735.9
1423590 1741.7
1423600 1741.7
1423610 1743.0
1423620 1743.6
1423630 1748.5
1423640 1748.5
1423650 1754.4
1423660 1760.3
1423670 1760.3
1423680 1766.4
1423690 1770.2
1423700 1770.2
1423710 1775.7
1423720 1780.4
1423730 1780.4
1423740 1781.9
1423750 1783.0
1423760 1783.0
1423770 1780.1
1423780 1776.9
1423790 1776.9
1423800 1775.7
1423810 1772.4
1423820 1772.4
1423830 1772.0
1423840 1775.7
1423850 1776.7
1423860 1776.7
1423870 1773.9
1423880 1774.8
1423890 1774.8
1423900 1778.9
1423910 1784.8
1423920 1784.8
1423930 1790.6
1423940 1793.6
1423950 1793.6
1423960 1796.2
1423970 1798.1
1423980 1798.1
1423990 1800.1
1424000 1803.4
1424010 1803.4
1424020 1804.6
1424030 1803.6
1424040 1803.6
1424050 1802.3
1424060 1800.2
1424070 1797.2
1424080 1797.2
1424090 1792.8
1424100 1785.9
1424110 1785.9
1424120 1780.1
1424130 1776.5
1424140 1776.5
1424150 1776.6
1424160 1775.9
1424170 1775.9
1424180 1775.2
1424190 1774.2
1424200 1774.2
1424210 1772.0
1424220 1769.4
1424230 1769.4
1424240 1768.2
1424250 1769.0
1424260 1769.0
1424270 1769.1
1424280 1768.2
1424290 1768.1
1424300 1768.1
1424310 1770.1
1424320 1772.7
1424330 1772.7
1424340 1775.4
1424350 1778.2
1424360 1778.2
1424370 1781.0
1424380 1784.0
1424390 1784.0
1424400 1785.8
1424410 1787.9
1424420 1787.9
1424430 1790.9
1424440 1798.0
1424450 1798.0
1424460 1807.6
1424470 1814.9
1424480 1814.9
1424490 1819.9
1424500 1822.9
1424510 1826.6
1424520 1826.6
1424530 1826.0
1424540 1823.8
1424550 1823.8
1424560 1821.2
1424570 1812.4
1424580 1812.4
1424590 1792.5
1424600 1775.0
1424610 1775.0
1424620 1767.8
1424630 1765.6
1424640 1765.6
1424650 1764.9
1424660 1766.0
1424670 1766.0
1424680 1767.9
1424690 1769.5
1424700 1769.5
1424710 1770.1
1424720 1770.5
1424730 1768.8
1424740 1768.8
1424750 1770.6
1424760 1770.5
1424770 1770.5
1424780 1774.5
1424790 1777.2
1424800 1777.2
1424810 1777.4
1424820 1778.6
1424830 1778.6
1424840 1786.0
1424850 1794.1
1424860 1794.1
1424870 1804.9
1424880 1812.7
1424890 1812.7
1424900 1817.5
1424910 1822.7
1424920 1822.7
1424930 1828.0
1424940 1833.3
1424950 1833.3
1424960 1838.5
1424970 1848.9
1424980 1861.1
1424990 1861.1
1425000 1865.1
1425010 1871.0
1425020 1871.0
1425030 1879.0
1425040 1886.1
1425050 1886.1
1425060 1892.0
1425070 1898.1
1425080 1898.1
1425090 1904.6
1425100 1911.4
1425110 1911.4
1425120 1917.7
1425130 1925.3
1425140 1925.3
1425150 1936.6
1425160 1953.4
1425170 1953.4
1425180 1968.4
1425190 1977.4
1425200 1985.4
1425210 1985.4
1425220 1996.8
1425230 2005.3
1425240 2005.3
1425250 2011.2
1425260 2016.2
1425270 2016.2
1425280 2018.8
1425290 2021.6
1425300 2021.6
1425310 2024.8
1425320 2028.9
1425330 2028.9
1425340 2032.0
1425350 2034.4
1425360 2034.4
1425370 2037.5
1425380 2040.2
1425390 2040.2
1425400 2043.9
1425410 2047.1
1425420 2050.0
1425430 2050.0
1425440 2051.2
1425450 2051.7
1425460 2051.7
1425470 2054.6
1425480 2061.7
1425490 2061.7
1425500 2071.1
1425510 2073.5
1425520 2073.5
1425530 2071.5
1425540 2066.6
1425550 2066.6
1425560 2074.6
1425570 2072.2
1425580 2072.2
1425590 2069.4
1425600 2066.6
1425610 2066.6
1425620 2062.0
1425630 2050.3
1425640 2037.4
1425650 2037.4
1425660 2029.3
1425670 2023.6
1425680 2023.6
1425690 2020.4
1425700 2024.6
1425710 2024.6
1425720 2029.4
1425730 2032.1
1425740 2032.1
1425750 2036.3
1425760 2040.8
1425770 2040.8
1425780 2041.3
1425790 2039.1
1425800 2039.1
1425810 2037.8
1425820 2043.1
1425830 2043.1
1425840 2051.1
1425850 2062.4
1425860 2072.4
1425870 2072.4
1425880 2079.3
1425890 2082.6
1425900 2082.6
1425910 2083.9
1425920 2083.1
1425930 2083.1
1425940 2081.7
1425950 2082.6
1425960 2082.6
1425970 2079.3
1425980 2082.6
1425990 2082.6
1426000 2085.6
1426010 2088.3
1426020 2088.3
1426030 2090.7
1426040 2095.4
1426050 2095.4
1426060 2098.9
1426070 2103.9
1426080 2111.8
1426090 2111.8
1426100 2120.7
1426110 2128.9
1426120 2128.9
1426130 2135.6
1426140 2140.1
1426150 2140.1
1426160 2143.7
1426170 2147.2
1426180 2147.2
1426190 2151.4
1426200 2154.8
1426210 2154.8
1426220 2157.1
1426230 2162.4
1426240 2162.4
1426250 2165.7
1426260 2166.8
1426270 2166.8
1426280 2168.4
1426290 2169.9
1426300 2169.5
1426310 2169.5
1426320 2168.7
1426330 2168.2
1426340 2168.2
1426350 2168.0
1426360 2168.3
1426370 2168.3
1426380 2168.0
1426390 2166.1
1426400 2166.1
1426410 2164.0
1426420 2161.5
1426430 2161.5
1426440 2160.7
1426450 2158.5
1426460 2158.5
1426470 2156.0
1426480 2153.4
1426490 2153.4
1426500 2148.5
1426510 2145.7
1426520 2144.1
1426530 2144.1
1426540 2138.3
1426550 2125.3
1426560 2125.3
1426570 2115.4
1426580 2109.0
1426590 2109.0
1426600 2104.0
1426610 2099.2
1426620 2099.2
1426630 2094.8
1426640 2091.5
1426650 2091.5
1426660 2089.8
1426670 2090.9
1426680 2090.9
1426690 2090.7
1426700 2088.5
1426710 2088.5
1426720 2087.7
1426730 2088.1
1426740 2088.1
1426750 2088.8
1426760 2089.7
1426770 2089.0
1426780 2089.0
1426790 2088.9
1426800 2089.1
1426810 2089.1
1426820 2090.0
1426830 2090.8
1426840 2090.8
1426850 2091.2
1426860 2091.1
1426870 2091.1
1426880 2092.0
1426890 2093.8
1426900 2093.8
1426910 2095.4
1426920 2099.2
1426930 2099.2
1426940 2105.7
1426950 2110.7
1426960 2110.7
1426970 2115.0
1426980 2118.9
1426990 2123.6
1427000 2123.6
1427010 2128.3
1427020 2132.3
1427030 2132.3
1427040 2137.5
1427050 2143.1
1427060 2143.1
1427070 2148.4
1427080 2153.8
1427090 2153.8
1427100 2158.7
1427110 2163.0
1427120 2163.0
1427130 2167.2
1427140 2172.5
1427150 2172.5
1427160 2178.1
1427170 2183.4
1427180 2183.4
1427190 2188.8
1427200 2194.9
1427210 2200.9
1427220 2200.9
1427230 2207.0
1427240 2213.7
1427250 2213.7
1427260 2220.0
1427270 2226.1
1427280 2226.1
1427290 2232.3
1427300 2237.9
1427310 2237.9
1427320 2242.2
1427330 2244.7
1427340 2244.7
1427350 2247.9
1427360 2251.5
1427370 2251.5
1427380 2255.4
1427390 2260.8
1427400 2260.8
1427410 2266.9
1427420 2272.7
1427430 2278.1
1427440 2278.1
1427450 2285.0
1427460 2292.2
1427470 2292.2
1427480 2299.6
1427490 2308.8
1427500 2308.8
1427510 2318.9
1427520 2329.8
1427530 2329.8
1427540 2340.7
1427550 2353.0
1427560 2353.0
1427570 2365.8
1427580 2377.2
1427590 2377.2
1427600 2387.5
1427610 2398.2
1427620 2398.2
1427630 2407.5
1427640 2413.6
1427650 2415.0
1427660 2415.0
1427670 2410.2
1427680 2403.7
1427690 2403.7
1427700 2397.1
1427710 2390.4
1427720 2390.4
1427730 2384.7
1427740 2380.0
1427750 2381.9
1427760 2378.4
1427770 2377.2
1427780 2377.2
1427790 2375.2
1427800 2367.6
1427810 2367.6
1427820 2359.9
1427830 2351.5
1427840 2351.5
1427850 2344.4
1427860 2338.0
1427870 2331.3
1427880 2331.3
1427890 2325.4
1427900 2320.0
1427910 2320.0
1427920 2315.1
1427930 2310.3
1427940 2310.3
1427950 2307.7
1427960 2306.1
1427970 2306.1
1427980 2304.1
1427990 2301.5
1428000 2301.5
1428010 2298.9
1428020 2296.3
1428030 2296.3
1428040 2295.2
1428050 2295.2
1428060 2295.2
1428070 2294.8
1428080 2295.6
1428090 2296.0
1428100 2296.0
1428110 2296.1
1428120 2295.8
1428130 2295.8
1428140 2295.3
1428150 2294.8
1428160 2294.8
1428170 2293.1
1428180 2292.3
1428190 2292.3
1428200 2291.8
1428210 2291.6
1428220 2291.6
1428230 2291.7
1428240 2292.3
1428250 2292.3
1428260 2293.3
1428270 2293.7
1428280 2293.7
1428290 2293.3
1428300 2292.9
1428310 2292.9
1428320 2291.8
1428330 2290.1
1428340 2288.1
1428350 2288.1
1428360 2284.6
1428370 2278.6
1428380 2278.6
1428390 2274.3
1428400 2271.4
1428410 2271.4
1428420 2269.6
1428430 2269.2
1428440 2269.2
1428450 2268.7
1428460 2268.1
1428470 2268.1
1428480 2267.9
1428490 2266.6
1428500 2266.6
1428510 2265.0
1428520 2261.4
1428530 2261.4
1428540 2254.1
1428550 2244.5
1428560 2238.5
1428570 2238.5
1428580 2230.7
1428590 2222.4
1428600 2222.4
1428610 2217.6
1428620 2212.7
1428630 2212.7
1428640 2209.5
1428650 2207.2
1428660 2207.2
1428670 2204.4
1428680 2202.7
1428690 2202.7
1428700 2201.6
1428710 2200.4
1428720 2200.4
1428730 2197.7
1428740 2195.0
1428750 2195.0
1428760 2192.3
1428770 2191.7
1428780 2191.2
1428790 2191.2
1428800 2190.6
1428810 2189.8
1428820 2189.8
1428830 2188.7
1428840 2186.2
1428850 2186.2
1428860 2182.9
1428870 2179.5
1428880 2179.5
1428890 2175.3
1428900 2170.2
1428910 2170.2
1428920 2164.8
1428930 2161.4
1428940 2161.4
1428950 2157.3
1428960 2154.1
1428970 2154.1
1428980 2153.3
1428990 2153.7
1429000 2154.9
1429010 2154.9
1429020 2150.6
1429030 2144.1
1429040 2144.1
1429050 2140.3
1429060 2139.4
1429070 2139.4
1429080 2135.0
1429090 2138.2
1429100 2138.2
1429110 2141.0
1429120 2143.5
1429130 2143.5
1429140 2145.2
1429150 2147.0
1429160 2147.0
1429170 2149.1
1429180 2151.5
1429190 2151.5
1429200 2153.8
1429210 2155.5
1429220 2156.7
1429230 2156.7
1429240 2157.0
1429250 2156.8
1429260 2156.8
1429270 2156.1
1429280 2154.8
1429290 2154.8
1429300 2152.5
1429310 2148.5
1429320 2148.5
1429330 2146.5
1429340 2147.8
1429350 2147.8
1429360 2148.5
1429370 2148.2
1429380 2148.2
1429390 2146.5
1429400 2144.8
1429410 2144.8
1429420 2142.2
1429430 2140.0
1429440 2137.1
1429450 2137.1
1429460 2135.3
1429470 2131.3
1429480 2131.3
1429490 2127.8
1429500 2124.9
1429510 2124.9
1429520 2130.0
1429530 2128.8
1429540 2128.8
1429550 2125.7
1429560 2127.7
1429570 2127.7
1429580 2128.3
1429590 2126.8
1429600 2126.8
1429610 2128.7
1429620 2130.4
1429630 2130.4
1429640 2129.6
1429650 2128.0
1429660 2124.5
1429670 2124.5
1429680 2119.4
1429690 2116.7
1429700 2116.7
1429710 2114.5
1429720 2111.0
1429730 2111.0
1429740 2105.0
1429750 2099.6
1429760 2099.6
1429770 2094.7
1429780 2090.2
1429790 2090.2
1429800 2085.5
1429810 2081.7
1429820 2081.7
1429830 2079.6
1429840 2078.3
1429850 2078.3
1429860 2077.7
1429870 2078.7
1429880 2078.7
1429890 2080.7
1429900 2083.3
1429910 2085.9
1429920 2085.9
1429930 2089.1
1429940 2092.8
1429950 2092.8
1429960 2096.0
1429970 2097.7
1429980 2097.7
1429990 2097.8
1430000 2097.2
1430010 2097.2
1430020 2096.2
1430030 2088.6
1430040 2088.6
1430050 2086.4
1430060 2081.7
1430070 2081.7
1430080 2076.0
1430090 2070.4
1430100 2070.4
1430110 2065.8
1430120 2061.6
1430130 2055.4
1430140 2055.4
1430150 2050.1
1430160 2045.1
1430170 2045.1
1430180 2040.6
1430190 2037.5
1430200 2037.5
1430210 2035.6
1430220 2034.1
1430230 2034.1
1430240 2033.3
1430250 2032.5
1430260 2032.5
1430270 2031.7
1430280 2031.4
1430290 2031.4
1430300 2031.0
1430310 2030.8
1430320 2030.8
1430330 2030.3
1430340 2029.3
1430350 2028.0
1430360 2028.0
1430370 2026.5
1430380 2025.3
1430390 2025.3
1430400 2023.6
1430410 2020.3
1430420 2020.3
1430430 2013.4
1430440 1990.8
1430450 1990.8
1430460 1960.9
1430470 1952.3
1430480 1952.3
1430490 1941.3
1430500 1930.8
1430510 1930.8
1430520 1924.4
1430530 1921.4
1430540 1921.4
1430550 1926.0
1430560 1917.2
1430570 1908.0
1430580 1908.0
1430590 1897.9
1430600 1886.3
1430610 1886.3
1430620 1880.0
1430630 1876.0
1430640 1876.0
1430650 1875.2
1430660 1869.1
1430670 1869.1
1430680 1859.7
1430690 1851.8
1430700 1851.8
1430710 1844.2
1430720 1836.4
1430730 1836.4
1430740 1829.8
1430750 1825.0
1430760 1825.0
1430770 1821.3
1430780 1817.5
1430790 1813.5
1430800 1813.5
1430810 1808.7
1430820 1803.2
1430830 1803.2
1430840 1796.3
1430850 1789.6
1430860 1789.6
1430870 1783.0
1430880 1776.6
1430890 1776.6
1430900 1770.8
1430910 1764.9
1430920 1764.9
1430930 1759.2
1430940 1752.5
1430950 1752.5
1430960 1745.9
1430970 1741.6
1430980 1741.6
1430990 1737.0
1431000 1732.8
1431010 1729.3
1431020 1729.3
1431030 1724.9
1431040 1720.3
1431050 1720.3
1431060 1716.4
1431070 1712.7
1431080 1712.7
1431090 1709.3
1431100 1705.3
1431110 1705.3
1431120 1701.6
1431130 1697.9
1431140 1697.9
1431150 1695.1
1431160 1692.9
1431170 1692.9
1431180 1690.9
1431190 1689.1
1431200 1689.1
1431210 1687.8
1431220 1686.8
1431230 1686.2
1431240 1686.2
1431250 1685.9
1431260 1685.7
1431270 1685.7
1431280 1685.7
1431290 1685.9
1431300 1685.9
1431310 1686.2
1431320 1691.4
1431330 1691.4
1431340 1696.4
1431350 1700.8
1431360 1700.8
1431370 1704.7
1431380 1708.5
1431390 1708.5
1431400 1711.7
1431410 1717.2
1431420 1717.2
1431430 1721.9
1431440 1727.1
1431450 1732.3
1431460 1732.3
1431470 1737.4
1431480 1741.9
1431490 1741.9
1431500 1746.6
1431510 1753.6
1431520 1753.6
1431530 1759.8
1431540 1765.8
1431550 1765.8
1431560 1771.5
1431570 1778.4
1431580 1778.4
1431590 1786.3
1431600 1793.2
1431610 1793.2
1431620 1798.8
1431630 1804.7
1431640 1804.7
1431650 1808.9
1431660 1812.6
1431670 1812.6
1431680 1816.2
1431690 1820.3
1431700 1824.1
1431710 1824.1
1431720 1827.2
1431730 1830.3
1431740 1830.3
1431750 1833.1
1431760 1835.0
1431770 1835.0
1431780 1834.8
1431790 1834.1
1431800 1834.1
1431810 1833.5
1431820 1832.1
1431830 1832.1
1431840 1830.4
1431850 1828.6
1431860 1828.6
1431870 1828.0
1431880 1831.0
1431890 1831.0
1431900 1836.3
1431910 1840.7
1431920 1844.5
1431930 1844.5
1431940 1847.0
1431950 1851.3
1431960 1851.3
1431970 1853.9
1431980 1854.8
1431990 1854.8
1432000 1855.1
1432010 1858.6
1432020 1858.6
1432030 1862.3
1432040 1864.5
1432050 1864.5
1432060 1867.7
1432070 1869.0
1432080 1869.0
1432090 1869.7
1432100 1872.3
1432110 1872.3
1432120 1877.4
1432130 1882.3
1432140 1887.2
1432150 1887.2
1432160 1892.3
1432170 1897.7
1432180 1897.7
1432190 1904.4
1432200 1909.9
1432210 1909.9
1432220 1915.7
1432230 1922.4
1432240 1922.4
1432250 1929.9
1432260 1939.5
1432270 1939.5
1432280 1948.2
1432290 1957.9
1432300 1957.9
1432310 1968.0
1432320 1977.7
1432330 1977.7
1432340 1987.6
1432350 1992.4
1432360 1995.6
1432370 1995.6
1432380 1997.5
1432390 2000.2
1432400 2000.2
1432410 1999.9
1432420 2006.6
1432430 2006.6
1432440 2011.3
1432450 2016.7
1432460 2016.7
1432470 2022.8
1432480 2028.2
1432490 2028.2
1432500 2032.8
1432510 2037.3
1432520 2037.3
1432530 2039.9
1432540 2041.5
1432550 2041.5
1432560 2042.7
1432570 2044.1
1432580 2050.7
1432590 2050.7
1432600 2051.1
1432610 2052.3
1432620 2052.3
1432630 2056.9
1432640 2061.0
1432650 2061.0
1432660 2066.8
1432670 2072.8
1432680 2072.8
1432690 2078.3
1432700 2082.5
1432710 2082.5
1432720 2086.6
1432730 2090.4
1432740 2090.4
1432750 2092.4
1432760 2097.5
1432770 2097.5
1432780 2104.1
1432790 2111.0
1432800 2119.1
1432810 2119.1
1432820 2128.1
1432830 2132.0
1432840 2132.0
1432850 2124.3
1432860 2112.1
1432870 2112.1
1432880 2096.4
1432890 2061.3
1432900 2061.3
1432910 2028.1
1432920 2002.8
1432930 2002.8
1432940 1988.7
1432950 1981.3
1432960 1981.3
1432970 1974.1
1432980 1966.5
1432990 1966.5
1433000 1958.8
1433010 1951.7
1433020 1945.0
1433030 1945.0
1433040 1939.0
1433050 1934.1
1433060 1934.1
1433070 1928.9
1433080 1921.9
1433090 1921.9
1433100 1916.9
1433110 1911.2
1433120 1911.2
1433130 1905.6
1433140 1902.2
1433150 1902.2
1433160 1897.9
1433170 1892.6
1433180 1892.6
1433190 1887.9
1433200 1883.3
1433210 1883.3
1433220 1877.7
1433230 1873.0
1433240 1873.0
1433250 1869.1
1433260 1864.3
1433270 1858.9
1433280 1858.9
1433290 1852.4
1433300 1847.5
1433310 1847.5
1433320 1841.7
1433330 1835.7
1433340 1835.7
1433350 1830.5
1433360 1825.0
1433370 1825.0
1433380 1818.7
1433390 1810.6
1433400 1810.6
1433410 1803.1
1433420 1795.4
1433430 1795.4
1433440 1788.3
1433450 1781.7
1433460 1781.7
1433470 1778.6
1433480 1778.2
1433490 1778.9
1433500 1778.9
1433510 1779.3
1433520 1782.0
1433530 1782.0
1433540 1787.0
1433550 1792.6
1433560 1792.6
1433570 1795.0
1433580 1795.4
1433590 1795.4
1433600 1796.5
1433610 1799.6
1433620 1799.6
1433630 1800.8
1433640 1804.0
1433650 1804.0
1433660 1806.8
1433670 1809.4
1433680 1809.4
1433690 1810.8
1433700 1813.1
1433710 1816.8
1433720 1816.8
1433730 1820.0
1433740 1823.0
1433750 1823.0
1433760 1823.3
1433770 1824.5
1433780 1824.5
1433790 1828.5
1433800 1832.4
1433810 1832.4
1433820 1835.2
1433830 1838.4
1433840 1838.4
1433850 1842.2
1433860 1847.5
1433870 1847.5
1433880 1850.4
1433890 1854.6
1433900 1854.6
1433910 1859.2
1433920 1864.2
1433930 1869.6
1433940 1869.6
1433950 1875.4
1433960 1881.4
1433970 1881.4
1433980 1887.6
1433990 1895.1
1434000 1895.1
1434010 1899.9
1434020 1902.8
1434030 1902.8
1434040 1906.8
1434050 1912.6
1434060 1912.6
1434070 1920.0
1434080 1926.4
1434090 1926.4
1434100 1933.2
1434110 1938.8
1434120 1938.8
1434130 1941.6
1434140 1943.9
1434150 1947.1
1434160 1947.1
1434170 1951.0
1434180 1954.4
1434190 1954.4
1434200 1957.9
1434210 1961.3
1434220 1961.3
1434230 1964.5
1434240 1968.3
1434250 1968.3
1434260 1969.5
1434270 1969.5
1434280 1969.5
1434290 1967.9
1434300 1966.0
1434310 1966.0
1434320 1967.7
1434330 1970.8
1434340 1970.8
1434350 1973.9
1434360 1976.5
1434370 1979.7
1434380 1979.7
1434390 1985.7
1434400 1991.6
1434410 1991.6
1434420 1996.5
1434430 2004.4
1434440 2004.4
1434450 2012.3
1434460 2020.1
1434470 2020.1
1434480 2029.5
1434490 2040.1
1434500 2040.1
1434510 2050.5
1434520 2059.4
1434530 2059.4
1434540 2063.7
1434550 2065.9
1434560 2065.9
1434570 2066.8
1434580 2069.5
1434590 2072.3
1434600 2072.3
1434610 2073.7
1434620 2072.6
1434630 2072.6
1434640 2070.4
1434650 2066.9
1434660 2066.9
1434670 2062.5
1434680 2058.2
1434690 2058.2
1434700 2053.8
1434710 2050.4
1434720 2050.4
1434730 2046.8
1434740 2043.3
1434750 2043.3
1434760 2038.6
1434770 2033.9
1434780 2033.9
1434790 2029.9
1434800 2025.2
1434810 2020.5
1434820 2020.5
1434830 2015.7
1434840 2009.3
1434850 2009.3
1434860 2003.7
1434870 2000.4
1434880 2000.4
1434890 1995.9
1434900 1990.4
1434910 1990.4
1434920 1984.3
1434930 1977.0
1434940 1977.0
1434950 1973.6
1434960 1970.5
1434970 1970.5
1434980 1965.8
1434990 1958.2
1435000 1958.2
1435010 1949.4
1435020 1943.6
1435030 1943.6
1435040 1939.3
1435050 1933.1
1435060 1926.7
1435070 1926.7
1435080 1919.7
1435090 1913.7
1435100 1913.7
1435110 1907.3
1435120 1897.8
1435130 1897.8
1435140 1897.3
1435150 1904.9
1435160 1904.9
1435170 1905.8
1435180 1905.6
1435190 1905.6
1435200 1907.1
1435210 1909.6
1435220 1909.6
1435230 1913.0
1435240 1913.7
1435250 1913.7
1435260 1912.9
1435270 1917.8
1435280 1922.8
1435290 1922.8
1435300 1926.1
1435310 1930.9
1435320 1930.9
1435330 1935.0
1435340 1940.3
1435350 1940.3
1435360 1945.4
1435370 1949.6
1435380 1949.6
1435390 1953.6
1435400 1959.7
1435410 1959.7
1435420 1966.7
1435430 1975.1
1435440 1975.1
1435450 1980.8
1435460 1986.1
1435470 1986.1
1435480 1992.0
1435490 1998.8
1435500 2005.2
1435510 2005.2
1435520 2012.6
1435530 2017.6
1435540 2017.6
1435550 2021.4
1435560 2027.8
1435570 2027.8
1435580 2033.4
1435590 2038.1
1435600 2038.1
1435610 2042.0
1435620 2047.1
1435630 2047.1
1435640 2052.4
1435650 2058.4
1435660 2058.4
1435670 2063.2
1435680 2067.8
1435690 2067.8
1435700 2068.2
1435710 2067.7
1435720 2070.7
1435730 2070.7
1435740 2074.5
1435750 2078.1
1435760 2078.1
1435770 2082.6
1435780 2089.1
1435790 2089.1
1435800 2095.3
1435810 2100.5
1435820 2100.5
1435830 2104.1
1435840 2105.3
1435850 2105.3
1435860 2105.7
1435870 2105.4
1435880 2105.4
1435890 2104.7
1435900 2106.4
1435910 2106.4
1435920 2109.5
1435930 2113.6
1435940 2115.8
1435950 2115.8
1435960 2117.6
1435970 2120.7
1435980 2120.7
1435990 2124.7
1436000 2128.2
1436010 2128.2
1436020 2130.7
1436030 2135.5
1436040 2135.5
1436050 2141.9
1436060 2146.2
1436070 2146.2
1436080 2149.9
1436090 2153.0
1436100 2153.0
1436110 2154.3
1436120 2156.9
1436130 2156.9
1436140 2159.9
1436150 2163.9
1436160 2169.4
1436170 2169.4
1436180 2175.1
1436190 2181.0
1436200 2181.0
1436210 2187.6
1436220 2195.3
1436230 2195.3
1436240 2203.8
1436250 2214.1
1436260 2214.1
1436270 2222.3
1436280 2228.8
1436290 2228.8
1436300 2235.3
1436310 2242.2
1436320 2242.2
1436330 2249.2
1436340 2256.3
1436350 2256.3
1436360 2263.6
1436370 2270.8
1436380 2278.0
1436390 2278.0
1436400 2285.5
1436410 2292.8
1436420 2292.8
1436430 2300.1
1436440 2306.5
1436450 2306.5
1436460 2312.4
1436470 2319.0
1436480 2319.0
1436490 2326.3
1436500 2333.7
1436510 2333.7
1436520 2341.4
1436530 2348.7
1436540 2348.7
1436550 2357.1
1436560 2364.9
1436570 2364.9
1436580 2374.2
1436590 2381.0
1436600 2381.0
1436610 2387.1
1436620 2394.1
1436630 2400.1
1436640 2400.1
1436650 2406.0
1436660 2411.1
1436670 2411.1
1436680 2413.6
1436690 2415.5
1436700 2415.5
1436710 2416.1
1436720 2415.0
1436730 2415.0
1436740 2413.7
1436750 2413.2
1436760 2413.2
1436770 2412.9
1436780 2413.5
1436790 2413.5
1436800 2415.2
1436810 2416.3
1436820 2416.3
1436830 2416.2
1436840 2415.1
1436850 2414.5
1436860 2414.5
1436870 2413.4
1436880 2411.8
1436890 2411.8
1436900 2411.1
1436910 2410.3
1436920 2410.3
1436930 2410.3
1436940 2410.6
1436950 2410.6
1436960 2410.2
1436970 2410.7
1436980 2410.7
1436990 2413.6
1437000 2416.5
1437010 2416.5
1437020 2418.4
1437030 2421.2
1437040 2421.2
1437050 2425.8
1437060 2430.2
1437070 2434.3
1437080 2434.3
1437090 2437.2
1437100 2442.1
1437110 2442.1
1437120 2444.6
1437130 2445.1
1437140 2445.1
1437150 2448.1
1437160 2453.0
1437170 2453.0
1437180 2457.6
1437190 2464.2
1437200 2464.2
1437210 2471.4
1437220 2478.9
1437230 2478.9
1437240 2486.7
1437250 2495.6
1437260 2495.6
1437270 2502.5
1437280 2498.9
1437290 2490.8
1437300 2490.8
1437310 2482.2
1437320 2474.0
1437330 2474.0
1437340 2467.0
1437350 2460.7
1437360 2460.7
1437370 2454.8
1437380 2447.0
1437390 2447.0
1437400 2438.7
1437410 2434.6
1437420 2434.6
1437430 2432.0
1437440 2426.1
1437450 2426.1
1437460 2420.5
1437470 2417.2
1437480 2417.2
1437490 2412.8
1437500 2405.1
1437510 2397.2
1437520 2397.2
1437530 2389.5
1437540 2381.4
1437550 2381.4
1437560 2372.3
1437570 2363.9
1437580 2363.9
1437590 2355.3
1437600 2345.3
1437610 2345.3
1437620 2335.4
1437630 2326.5
1437640 2326.5
1437650 2318.5
1437660 2311.3
1437670 2311.3
1437680 2304.8
1437690 2299.9
1437700 2299.9
1437710 2294.9
1437720 2288.8
1437730 2281.6
1437740 2281.6
1437750 2274.1
1437760 2266.1
1437770 2266.1
1437780 2257.6
1437790 2248.7
1437800 2248.7
1437810 2239.4
1437820 2230.0
1437830 2230.0
1437840 2221.2
1437850 2211.9
1437860 2211.9
1437870 2203.2
1437880 2197.1
1437890 2197.1
1437900 2192.4
1437910 2188.3
1437920 2188.3
1437930 2183.5
1437940 2180.0
1437950 2178.8
1437960 2178.8
1437970 2178.9
1437980 2180.4
1437990 2180.4
1438000 2181.2
1438010 2178.1
1438020 2178.1
1438030 2174.7
1438040 2171.0
1438050 2171.0
1438060 2164.9
1438070 2157.5
1438080 2157.5
1438090 2149.1
1438100 2140.2
1438110 2140.2
1438120 2133.4
1438130 2127.0
1438140 2127.0
1438150 2120.2
1438160 2113.3
1438170 2113.3
1438180 2107.4
1438190 2103.6
1438200 2101.3
1438210 2101.3
1438220 2097.6
1438230 2092.0
1438240 2092.0
1438250 2085.5
1438260 2079.5
1438270 2079.5
1438280 2073.3
1438290 2066.8
1438300 2066.8
1438310 2059.5
1438320 2051.3
1438330 2051.3
1438340 2040.6
1438350 2031.8
1438360 2031.8
1438370 2025.5
1438380 2019.2
1438390 2019.2
1438400 2012.9
1438410 2006.6
1438420 2000.6
1438430 2000.6
1438440 1994.2
1438450 1980.7
1438460 1980.7
1438470 1964.4
1438480 1952.0
1438490 1952.0
1438500 1941.2
1438510 1931.6
1438520 1931.6
1438530 1922.7
1438540 1910.6
1438550 1910.6
1438560 1900.5
1438570 1889.3
1438580 1889.3
1438590 1883.0
1438600 1877.9
1438610 1877.9
1438620 1872.6
1438630 1867.5
1438640 1862.5
1438650 1862.5
1438660 1857.8
1438670 1852.8
1438680 1852.8
1438690 1847.8
1438700 1843.2
1438710 1843.2
1438720 1839.3
1438730 1835.9
1438740 1835.9
1438750 1828.6
1438760 1815.7
1438770 1815.7
1438780 1799.3
1438790 1779.1
1438800 1779.1
1438810 1761.7
1438820 1752.3
1438830 1752.3
1438840 1746.5
1438850 1741.3
1438860 1735.4
1438870 1735.4
1438880 1729.7
1438890 1724.3
1438900 1724.3
1438910 1718.3
1438920 1712.1
1438930 1712.1
1438940 1707.1
1438950 1700.6
1438960 1700.6
1438970 1692.2
1438980 1685.0
1438990 1685.0
1439000 1672.3
1439010 1663.4
1439020 1663.4
1439030 1668.7
1439040 1671.5
1439050 1671.5
1439060 1670.5
1439070 1665.0
1439080 1661.1
1439090 1661.1
1439100 1661.9
1439110 1658.3
1439120 1658.3
1439130 1652.7
1439140 1647.4
1439150 1647.4
1439160 1644.9
1439170 1644.6
1439180 1644.6
1439190 1647.5
1439200 1649.9
1439210 1649.9
1439220 1651.7
1439230 1652.1
1439240 1652.1
1439250 1652.0
1439260 1650.5
1439270 1650.5
1439280 1652.4
1439290 1656.4
1439300 1659.4
1439310 1659.4
1439320 1661.6
1439330 1661.8
1439340 1661.8
1439350 1662.3
1439360 1665.3
1439370 1665.3
1439380 1668.6
1439390 1672.4
1439400 1672.4
1439410 1675.8
1439420 1679.1
1439430 1679.1
1439440 1682.9
1439450 1687.3
1439460 1687.3
1439470 1692.0
1439480 1695.7
1439490 1695.7
1439500 1700.9
1439510 1702.7
1439520 1704.4
1439530 1704.4
1439540 1711.1
1439550 1716.2
1439560 1716.2
1439570 1722.2
1439580 1728.2
1439590 1728.2
1439600 1732.0
1439610 1735.4
1439620 1735.4
1439630 1740.3
1439640 1745.5
1439650 1745.5
1439660 1751.1
1439670 1757.7
1439680 1757.7
1439690 1764.6
1439700 1770.1
1439710 1770.1
1439720 1784.3
1439730 1800.8
1439740 1819.8
1439750 1819.8
1439760 1847.6
1439770 1863.2
1439780 1863.2
1439790 1878.2
1439800 1888.1
1439810 1888.1
1439820 1894.5
1439830 1900.2
1439840 1900.2
1439850 1907.6
1439860 1914.2
1439870 1914.2
1439880 1918.6
1439890 1921.9
1439900 1921.9
1439910 1925.0
1439920 1929.1
1439930 1929.1
1439940 1934.2
1439950 1935.3
1439960 1935.3
1439970 1941.7
1439980 1947.7
1439990 1952.7
