1420000 2145.6
1420010 2143.4
1420020 2143.4
1420030 2140.6
1420040 2138.2
1420050 2138.2
1420060 2136.4
1420070 2135.0
1420080 2133.4
1420090 2133.4
1420100 2129.2
1420110 2130.3
1420120 2130.3
1420130 2130.5
1420140 2127.6
1420150 2127.6
1420160 2124.6
1420170 2125.1
1420180 2125.1
1420190 2125.2
1420200 2123.1
1420210 2123.1
1420220 2119.5
1420230 2117.8
1420240 2117.8
1420250 2115.9
1420260 2115.4
1420270 2115.4
1420280 2113.8
1420290 2110.5
1420300 2103.9
1420310 2103.9
1420320 2098.8
1420330 2093.3
1420340 2093.3
1420350 2088.5
1420360 2080.5
1420370 2080.5
1420380 2073.5
1420390 2064.8
1420400 2064.8
1420410 2054.4
1420420 2045.1
1420430 2045.1
1420440 2039.0
1420450 2035.2
1420460 2035.2
1420470 2030.0
1420480 2023.7
1420490 2023.7
1420500 2018.0
1420510 2011.9
1420520 2008.2
1420530 2008.2
1420540 2008.9
1420550 2007.3
1420560 2007.3
1420570 2004.4
1420580 2000.4
1420590 2000.4
1420600 1994.6
1420610 1989.1
1420620 1989.1
1420630 1984.8
1420640 1979.3
1420650 1979.3
1420660 1976.7
1420670 1974.5
1420680 1974.5
1420690 1971.0
1420700 1967.8
1420710 1967.8
1420720 1966.0
1420730 1965.0
1420740 1963.4
1420750 1963.4
1420760 1960.5
1420770 1956.8
1420780 1956.8
1420790 1953.2
1420800 1950.2
1420810 1950.2
1420820 1948.1
1420830 1948.2
1420840 1948.2
1420850 1949.2
1420860 1949.9
1420870 1949.9
1420880 1947.5
1420890 1942.3
1420900 1942.3
1420910 1939.2
1420920 1936.7
1420930 1936.7
1420940 1934.0
1420950 1928.9
1420960 1926.0
1420970 1926.0
1420980 1925.9
1420990 1925.6
1421000 1925.6
1421010 1924.8
1421020 1923.4
1421030 1923.4
1421040 1921.2
1421050 1922.8
1421060 1922.8
1421070 1925.9
1421080 1926.8
1421090 1926.8
1421100 1923.4
1421110 1918.2
1421120 1918.2
1421130 1911.9
1421140 1906.5
1421150 1906.5
1421160 1902.1
1421170 1901.1
1421180 1902.7
1421190 1902.7
1421200 1901.6
1421210 1899.8
1421220 1899.8
1421230 1899.5
1421240 1898.6
1421250 1898.6
1421260 1900.7
1421270 1903.0
1421280 1903.0
1421290 1906.9
1421300 1911.6
1421310 1911.6
1421320 1917.6
1421330 1921.2
1421340 1921.2
1421350 1920.2
1421360 1919.8
1421370 1919.8
1421380 1921.7
1421390 1927.1
1421400 1927.1
1421410 1936.4
1421420 1939.5
1421430 1939.6
1421440 1939.6
1421450 1941.3
1421460 1939.6
1421470 1939.6
1421480 1936.4
1421490 1933.1
1421500 1933.1
1421510 1928.9
1421520 1925.2
1421530 1925.2
1421540 1924.3
1421550 1925.1
1421560 1925.1
1421570 1919.9
1421580 1913.1
1421590 1913.1
1421600 1924.1
1421610 1940.3
1421620 1940.3
1421630 1948.1
1421640 1953.2
1421650 1956.5
1421660 1956.5
1421670 1957.3
1421680 1950.3
1421690 1950.3
1421700 1955.6
1421710 1965.8
1421720 1965.8
1421730 1971.8
1421740 1978.7
1421750 1978.7
1421760 1984.9
1421770 1991.2
1421780 1991.2
1421790 1985.0
1421800 1982.1
1421810 1982.1
1421820 1987.8
1421830 1993.1
1421840 1993.1
1421850 1992.3
1421860 1982.3
1421870 1972.4
1421880 1972.4
1421890 1971.1
1421900 1954.0
1421910 1954.0
1421920 1940.7
1421930 1933.4
1421940 1933.4
1421950 1926.6
1421960 1915.3
1421970 1915.3
1421980 1922.7
1421990 1934.1
1422000 1934.1
1422010 1943.4
1422020 1953.5
1422030 1953.5
1422040 1967.4
1422050 1980.6
1422060 1980.6
1422070 1990.5
1422080 2001.2
1422090 2012.1
1422100 2012.1
1422110 2022.1
1422120 2032.9
1422130 2032.9
1422140 2025.4
1422150 2012.6
1422160 2012.6
1422170 2013.4
1422180 2019.6
1422190 2019.6
1422200 2016.3
1422210 2015.4
1422220 2015.4
1422230 2015.7
1422240 2013.9
1422250 2013.9
1422260 2013.5
1422270 2013.8
1422280 2013.8
1422290 2015.8
1422300 2022.7
1422310 2033.3
1422320 2033.3
1422330 2044.2
1422340 2061.5
1422350 2061.5
1422360 2070.8
1422370 2082.2
1422380 2082.2
1422390 2088.0
1422400 2102.2
1422410 2102.2
1422420 2115.7
1422430 2121.6
1422440 2121.6
1422450 2120.3
1422460 2134.9
1422470 2134.9
1422480 2129.8
1422490 2142.0
1422500 2142.0
1422510 2159.2
1422520 2165.7
1422530 2157.6
1422540 2157.6
1422550 2150.9
1422560 2144.4
1422570 2144.4
1422580 2137.0
1422590 2130.2
1422600 2130.2
1422610 2123.9
1422620 2116.2
1422630 2116.2
1422640 2107.9
1422650 2099.2
1422660 2099.2
1422670 2090.4
1422680 2081.9
1422690 2081.9
1422700 2074.3
1422710 2066.1
1422720 2066.1
1422730 2057.2
1422740 2048.8
1422750 2040.7
1422760 2040.7
1422770 2032.0
1422780 2019.9
1422790 2019.9
1422800 2006.9
1422810 1994.9
1422820 1994.9
1422830 1985.4
1422840 1975.4
1422850 1975.4
1422860 1964.9
1422870 1954.1
1422880 1954.1
1422890 1942.6
1422900 1933.3
1422910 1933.3
1422920 1926.0
1422930 1918.4
1422940 1918.4
1422950 1909.1
1422960 1900.6
1422970 1893.8
1422980 1893.8
1422990 1886.7
1423000 1879.6
1423010 1879.6
1423020 1871.7
1423030 1858.1
1423040 1858.1
1423050 1843.7
1423060 1840.1
1423070 1840.1
1423080 1843.8
1423090 1837.1
1423100 1837.1
1423110 1831.3
1423120 1831.2
1423130 1831.2
1423140 1832.9
1423150 1825.9
1423160 1825.9
1423170 1819.5
1423180 1807.2
1423190 1807.2
1423200 1799.9
1423210 1798.6
1423220 1789.9
1423230 1789.9
1423240 1780.0
1423250 1772.8
1423260 1772.8
1423270 1768.9
1423280 1772.7
1423290 1772.7
1423300 1774.6
1423310 1774.4
1423320 1774.4
1423330 1775.0
1423340 1775.0
1423350 1775.0
1423360 1772.7
1423370 1774.9
1423380 1774.9
1423390 1779.7
1423400 1783.7
1423410 1783.7
1423420 1783.2
1423430 1785.4
1423440 1792.7
1423450 1792.7
1423460 1796.5
1423470 1795.5
1423480 1795.5
1423490 1789.2
1423500 1785.1
1423510 1785.1
1423520 1789.0
1423530 1787.8
1423540 1787.8
1423550 1783.1
1423560 1786.9
1423570 1786.9
1423580 1790.2
1423590 1792.5
1423600 1792.5
1423610 1791.6
1423620 1792.1
1423630 1792.1
1423640 1792.7
1423650 1794.6
1423660 1796.5
1423670 1796.5
1423680 1796.9
1423690 1801.3
1423700 1801.3
1423710 1805.7
1423720 1809.3
1423730 1809.3
1423740 1813.3
1423750 1818.8
1423760 1818.8
1423770 1820.6
1423780 1819.8
1423790 1819.8
1423800 1820.4
1423810 1820.2
1423820 1820.2
1423830 1817.1
1423840 1819.2
1423850 1819.2
1423860 1822.7
1423870 1822.6
1423880 1822.2
1423890 1822.2
1423900 1822.6
1423910 1823.6
1423920 1823.6
1423930 1825.4
1423940 1827.0
1423950 1827.0
1423960 1827.8
1423970 1828.6
1423980 1828.6
1423990 1829.8
1424000 1832.4
1424010 1832.4
1424020 1833.7
1424030 1832.7
1424040 1832.7
1424050 1830.1
1424060 1827.1
1424070 1827.1
1424080 1826.9
1424090 1828.1
1424100 1828.4
1424110 1828.4
1424120 1824.3
1424130 1820.7
1424140 1820.7
1424150 1818.9
1424160 1818.6
1424170 1818.6
1424180 1820.4
1424190 1825.8
1424200 1825.8
1424210 1828.6
1424220 1829.0
1424230 1829.0
1424240 1835.2
1424250 1838.6
1424260 1838.6
1424270 1841.6
1424280 1846.5
1424290 1846.5
1424300 1846.8
1424310 1848.5
1424320 1857.2
1424330 1857.2
1424340 1866.0
1424350 1867.4
1424360 1867.4
1424370 1865.1
1424380 1862.6
1424390 1862.6
1424400 1860.4
1424410 1858.6
1424420 1858.6
1424430 1862.9
1424440 1863.9
1424450 1863.9
1424460 1865.5
1424470 1866.9
1424480 1866.9
1424490 1867.8
1424500 1868.0
1424510 1868.0
1424520 1870.8
1424530 1872.6
1424540 1880.3
1424550 1880.3
1424560 1879.5
1424570 1872.3
1424580 1872.3
1424590 1865.4
1424600 1858.5
1424610 1858.5
1424620 1844.0
1424630 1837.8
1424640 1837.8
1424650 1834.3
1424660 1822.9
1424670 1822.9
1424680 1821.2
1424690 1818.3
1424700 1818.3
1424710 1816.2
1424720 1818.4
1424730 1818.4
1424740 1820.1
1424750 1824.0
1424760 1824.0
1424770 1832.8
1424780 1834.5
1424790 1824.1
1424800 1824.1
1424810 1818.3
1424820 1820.0
1424830 1820.0
1424840 1824.6
1424850 1824.2
1424860 1824.2
1424870 1825.9
1424880 1832.6
1424890 1832.6
1424900 1838.5
1424910 1844.6
1424920 1844.6
1424930 1851.8
1424940 1859.0
1424950 1859.0
1424960 1865.8
1424970 1875.9
1424980 1875.9
1424990 1886.4
1425000 1893.2
1425010 1900.1
1425020 1900.1
1425030 1909.1
1425040 1916.3
1425050 1916.3
1425060 1924.4
1425070 1933.6
1425080 1933.6
1425090 1945.8
1425100 1953.4
1425110 1953.4
1425120 1959.6
1425130 1966.8
1425140 1966.8
1425150 1976.0
1425160 1980.6
1425170 1980.6
1425180 1986.5
1425190 1994.3
1425200 1994.3
1425210 2006.5
1425220 2019.7
1425230 2029.2
1425240 2029.2
1425250 2037.2
1425260 2043.3
1425270 2043.3
1425280 2050.1
1425290 2055.9
1425300 2055.9
1425310 2060.4
1425320 2066.6
1425330 2066.6
1425340 2070.8
1425350 2074.3
1425360 2074.3
1425370 2077.2
1425380 2079.6
1425390 2079.6
1425400 2082.1
1425410 2085.9
1425420 2085.9
1425430 2088.6
1425440 2091.9
1425450 2095.5
1425460 2095.5
1425470 2099.3
1425480 2104.0
1425490 2104.0
1425500 2110.1
1425510 2116.4
1425520 2116.4
1425530 2122.3
1425540 2128.3
1425550 2128.3
1425560 2135.3
1425570 2133.4
1425580 2133.4
1425590 2127.6
1425600 2121.9
1425610 2121.9
1425620 2117.9
1425630 2115.8
1425640 2115.8
1425650 2114.4
1425660 2112.0
1425670 2100.1
1425680 2100.1
1425690 2084.2
1425700 2078.5
1425710 2078.5
1425720 2075.6
1425730 2074.6
1425740 2074.6
1425750 2077.0
1425760 2081.9
1425770 2081.9
1425780 2091.2
1425790 2100.4
1425800 2100.4
1425810 2102.3
1425820 2103.2
1425830 2103.2
1425840 2106.3
1425850 2110.7
1425860 2110.7
1425870 2109.8
1425880 2110.4
1425890 2113.3
1425900 2113.3
1425910 2112.0
1425920 2112.4
1425930 2112.4
1425940 2115.9
1425950 2117.0
1425960 2117.0
1425970 2119.9
1425980 2123.3
1425990 2123.3
1426000 2121.8
1426010 2119.1
1426020 2119.1
1426030 2123.0
1426040 2128.6
1426050 2128.6
1426060 2135.0
1426070 2143.5
1426080 2143.5
1426090 2155.2
1426100 2161.9
1426110 2165.8
1426120 2165.8
1426130 2170.9
1426140 2176.8
1426150 2176.8
1426160 2185.7
1426170 2197.4
1426180 2197.4
1426190 2201.9
1426200 2203.0
1426210 2203.0
1426220 2202.7
1426230 2203.6
1426240 2203.6
1426250 2205.1
1426260 2205.6
1426270 2205.6
1426280 2207.0
1426290 2207.0
1426300 2207.0
1426310 2210.3
1426320 2213.7
1426330 2213.1
1426340 2213.1
1426350 2209.8
1426360 2204.2
1426370 2204.2
1426380 2199.5
1426390 2196.3
1426400 2196.3
1426410 2193.0
1426420 2190.2
1426430 2190.2
1426440 2186.9
1426450 2183.3
1426460 2183.3
1426470 2179.4
1426480 2175.3
1426490 2175.3
1426500 2172.4
1426510 2168.1
1426520 2168.1
1426530 2163.2
1426540 2157.4
1426550 2157.4
1426560 2152.2
1426570 2147.0
1426580 2141.3
1426590 2141.3
1426600 2137.2
1426610 2133.8
1426620 2133.8
1426630 2130.9
1426640 2128.3
1426650 2128.3
1426660 2124.7
1426670 2120.7
1426680 2120.7
1426690 2117.8
1426700 2121.3
1426710 2121.3
1426720 2119.3
1426730 2116.9
1426740 2116.9
1426750 2114.8
1426760 2116.2
1426770 2116.2
1426780 2115.0
1426790 2114.6
1426800 2113.1
1426810 2113.1
1426820 2113.3
1426830 2115.1
1426840 2115.1
1426850 2115.0
1426860 2115.4
1426870 2115.4
1426880 2114.4
1426890 2113.3
1426900 2113.3
1426910 2117.7
1426920 2124.2
1426930 2124.2
1426940 2130.9
1426950 2136.8
1426960 2136.8
1426970 2140.4
1426980 2143.2
1426990 2143.2
1427000 2146.3
1427010 2148.6
1427020 2150.5
1427030 2150.5
1427040 2151.7
1427050 2155.6
1427060 2155.6
1427070 2160.6
1427080 2165.4
1427090 2165.4
1427100 2169.7
1427110 2174.4
1427120 2174.4
1427130 2179.5
1427140 2184.8
1427150 2184.8
1427160 2189.8
1427170 2195.7
1427180 2195.7
1427190 2201.7
1427200 2207.1
1427210 2207.1
1427220 2212.4
1427230 2217.8
1427240 2223.5
1427250 2223.5
1427260 2229.8
1427270 2236.5
1427280 2236.5
1427290 2242.7
1427300 2246.9
1427310 2246.9
1427320 2250.2
1427330 2252.8
1427340 2252.8
1427350 2256.2
1427360 2260.8
1427370 2260.8
1427380 2265.7
1427390 2270.3
1427400 2270.3
1427410 2274.0
1427420 2276.9
1427430 2276.9
1427440 2280.8
1427450 2286.6
1427460 2291.7
1427470 2291.7
1427480 2297.3
1427490 2302.9
1427500 2302.9
1427510 2309.1
1427520 2315.8
1427530 2315.8
1427540 2323.9
1427550 2332.4
1427560 2332.4
1427570 2339.2
1427580 2346.2
1427590 2346.2
1427600 2354.2
1427610 2363.2
1427620 2363.2
1427630 2371.7
1427640 2379.6
1427650 2379.6
1427660 2387.1
1427670 2394.5
1427680 2401.3
1427690 2401.3
1427700 2404.1
1427710 2397.9
1427720 2397.9
1427730 2392.5
1427740 2389.3
1427750 2389.3
1427760 2386.5
1427770 2383.0
1427780 2383.0
1427790 2377.0
1427800 2372.2
1427810 2372.2
1427820 2366.6
1427830 2359.8
1427840 2359.8
1427850 2352.8
1427860 2346.8
1427870 2346.8
1427880 2340.7
1427890 2333.4
1427900 2326.0
1427910 2326.0
1427920 2320.4
1427930 2316.0
1427940 2316.0
1427950 2312.4
1427960 2309.5
1427970 2309.5
1427980 2305.5
1427990 2302.6
1428000 2302.6
1428010 2298.8
1428020 2295.0
1428030 2295.0
1428040 2290.3
1428050 2287.3
1428060 2287.3
1428070 2287.2
1428080 2288.3
1428090 2288.3
1428100 2290.7
1428110 2291.3
1428120 2291.3
1428130 2291.5
1428140 2290.6
1428150 2290.5
1428160 2290.5
1428170 2290.7
1428180 2290.8
1428190 2290.8
1428200 2290.5
1428210 2290.9
1428220 2290.9
1428230 2290.8
1428240 2290.6
1428250 2290.6
1428260 2289.6
1428270 2289.4
1428280 2289.4
1428290 2288.4
1428300 2286.4
1428310 2286.4
1428320 2284.2
1428330 2281.0
1428340 2281.0
1428350 2279.2
1428360 2276.2
1428370 2275.1
1428380 2275.1
1428390 2271.5
1428400 2269.7
1428410 2269.7
1428420 2267.2
1428430 2266.0
1428440 2266.0
1428450 2264.5
1428460 2263.3
1428470 2263.3
1428480 2263.4
1428490 2263.2
1428500 2263.2
1428510 2260.7
1428520 2256.9
1428530 2256.9
1428540 2251.8
1428550 2246.6
1428560 2246.6
1428570 2241.3
1428580 2235.2
1428590 2229.1
1428600 2229.1
1428610 2223.5
1428620 2218.3
1428630 2218.3
1428640 2214.2
1428650 2211.6
1428660 2211.6
1428670 2210.3
1428680 2209.2
1428690 2209.2
1428700 2209.1
1428710 2208.8
1428720 2208.8
1428730 2209.0
1428740 2209.5
1428750 2209.5
1428760 2210.6
1428770 2211.0
1428780 2211.0
1428790 2210.7
1428800 2209.7
1428810 2207.9
1428820 2207.9
1428830 2205.1
1428840 2201.8
1428850 2201.8
1428860 2198.4
1428870 2195.2
1428880 2195.2
1428890 2191.6
1428900 2186.7
1428910 2186.7
1428920 2182.3
1428930 2179.5
1428940 2179.2
1428950 2174.3
1428960 2168.5
1428970 2168.5
1428980 2161.7
1428990 2154.9
1429000 2154.9
1429010 2147.8
1429020 2140.7
1429030 2135.1
1429040 2135.1
1429050 2131.2
1429060 2128.6
1429070 2128.6
1429080 2125.0
1429090 2124.0
1429100 2124.0
1429110 2126.1
1429120 2125.6
1429130 2125.6
1429140 2124.6
1429150 2122.7
1429160 2122.7
1429170 2120.4
1429180 2118.9
1429190 2118.9
1429200 2118.2
1429210 2118.3
1429220 2118.3
1429230 2118.6
1429240 2119.1
1429250 2120.4
1429260 2120.4
1429270 2121.3
1429280 2122.8
1429290 2122.8
1429300 2125.0
1429310 2127.1
1429320 2127.1
1429330 2129.5
1429340 2131.5
1429350 2131.5
1429360 2132.4
1429370 2132.9
1429380 2132.9
1429390 2132.2
1429400 2130.1
1429410 2130.1
1429420 2126.4
1429430 2121.1
1429440 2121.1
1429450 2119.0
1429460 2118.5
1429470 2117.3
1429480 2117.3
1429490 2117.8
1429500 2119.6
1429510 2119.6
1429520 2117.2
1429530 2111.2
1429540 2111.2
1429550 2107.1
1429560 2110.3
1429570 2110.3
1429580 2111.9
1429590 2110.3
1429600 2110.3
1429610 2107.1
1429620 2100.9
1429630 2100.9
1429640 2093.8
1429650 2091.6
1429660 2091.6
1429670 2090.5
1429680 2090.8
1429690 2089.9
1429700 2089.9
1429710 2087.6
1429720 2084.4
1429730 2084.4
1429740 2080.2
1429750 2077.5
1429760 2077.5
1429770 2075.4
1429780 2074.3
1429790 2074.3
1429800 2073.3
1429810 2072.6
1429820 2072.6
1429830 2071.9
1429840 2071.0
1429850 2071.0
1429860 2070.5
1429870 2071.9
1429880 2071.9
1429890 2072.9
1429900 2073.1
1429910 2073.1
1429920 2073.4
1429930 2072.8
1429940 2072.2
1429950 2072.2
1429960 2071.0
1429970 2069.6
1429980 2069.6
1429990 2068.2
1430000 2066.5
1430010 2066.5
1430020 2065.1
1430030 2063.8
1430040 2063.8
1430050 2062.7
1430060 2061.7
1430070 2061.7
1430080 2060.4
1430090 2059.4
1430100 2059.4
1430110 2058.2
1430120 2056.4
1430130 2056.4
1430140 2053.6
1430150 2051.1
1430160 2049.3
1430170 2049.3
1430180 2048.0
1430190 2047.2
1430200 2047.2
1430210 2045.6
1430220 2043.6
1430230 2043.6
1430240 2041.6
1430250 2039.6
1430260 2039.6
1430270 2037.7
1430280 2036.0
1430290 2036.0
1430300 2034.0
1430310 2032.1
1430320 2032.1
1430330 2029.9
1430340 2027.7
1430350 2027.7
1430360 2015.6
1430370 1991.5
1430380 1972.3
1430390 1972.3
1430400 1960.1
1430410 1954.3
1430420 1954.3
1430430 1943.1
1430440 1936.1
1430450 1936.1
1430460 1927.7
1430470 1919.4
1430480 1919.4
1430490 1911.9
1430500 1903.3
1430510 1903.3
1430520 1896.2
1430530 1889.0
1430540 1889.0
1430550 1883.1
1430560 1878.8
1430570 1878.8
1430580 1873.9
1430590 1868.0
1430600 1857.8
1430610 1857.8
1430620 1847.0
1430630 1838.2
1430640 1838.2
1430650 1827.9
1430660 1819.6
1430670 1819.6
1430680 1821.8
1430690 1819.7
1430700 1819.7
1430710 1814.8
1430720 1810.0
1430730 1810.0
1430740 1804.4
1430750 1798.5
1430760 1798.5
1430770 1793.1
1430780 1787.4
1430790 1787.4
1430800 1782.2
1430810 1776.9
1430820 1771.9
1430830 1771.9
1430840 1768.0
1430850 1763.5
1430860 1763.5
1430870 1759.6
1430880 1756.3
1430890 1756.3
1430900 1752.1
1430910 1748.1
1430920 1748.1
1430930 1744.4
1430940 1741.0
1430950 1741.0
1430960 1737.2
1430970 1732.8
1430980 1732.8
1430990 1728.1
1431000 1724.2
1431010 1724.2
1431020 1719.8
1431030 1715.5
1431040 1711.1
1431050 1711.1
1431060 1707.5
1431070 1703.7
1431080 1703.7
1431090 1701.0
1431100 1698.4
1431110 1698.4
1431120 1696.0
1431130 1692.8
1431140 1692.8
1431150 1691.7
1431160 1693.4
1431170 1693.4
1431180 1696.7
1431190 1699.9
1431200 1699.9
1431210 1703.6
1431220 1707.7
1431230 1707.7
1431240 1712.0
1431250 1717.2
1431260 1721.1
1431270 1727.1
1431280 1730.9
1431290 1733.9
1431300 1733.9
1431310 1736.4
1431320 1739.1
1431330 1739.1
1431340 1742.4
1431350 1746.1
1431360 1746.1
1431370 1749.6
1431380 1753.4
1431390 1753.4
1431400 1756.8
1431410 1761.0
1431420 1761.0
1431430 1765.1
1431440 1769.9
1431450 1769.9
1431460 1777.1
1431470 1783.6
1431480 1790.2
1431490 1790.2
1431500 1795.3
1431510 1799.0
1431520 1799.0
1431530 1804.6
1431540 1812.2
1431550 1812.2
1431560 1821.0
1431570 1829.0
1431580 1829.0
1431590 1833.8
1431600 1838.8
1431610 1838.8
1431620 1843.0
1431630 1847.7
1431640 1847.7
1431650 1853.3
1431660 1858.8
1431670 1858.8
1431680 1863.8
1431690 1867.4
1431700 1867.4
1431710 1870.0
1431720 1870.8
1431730 1871.8
1431740 1871.8
1431750 1875.0
1431760 1879.4
1431770 1879.4
1431780 1880.7
1431790 1883.4
1431800 1883.4
1431810 1887.8
1431820 1891.6
1431830 1891.6
1431840 1891.6
1431850 1891.5
1431860 1891.5
1431870 1892.8
1431880 1893.7
1431890 1893.7
1431900 1894.1
1431910 1894.1
1431920 1894.1
1431930 1896.8
1431940 1900.1
1431950 1899.9
1431960 1899.9
1431970 1898.4
1431980 1899.2
1431990 1899.2
1432000 1901.9
1432010 1904.3
1432020 1904.3
1432030 1906.1
1432040 1904.7
1432050 1904.7
1432060 1900.7
1432070 1899.8
1432080 1899.8
1432090 1901.6
1432100 1903.8
1432110 1903.8
1432120 1907.9
1432130 1912.6
1432140 1912.6
1432150 1918.1
1432160 1925.4
1432170 1931.5
1432180 1931.5
1432190 1934.4
1432200 1938.6
1432210 1938.6
1432220 1945.8
1432230 1952.3
1432240 1952.3
1432250 1961.4
1432260 1971.1
1432270 1971.1
1432280 1978.0
1432290 1985.9
1432300 1985.9
1432310 1996.7
1432320 2006.9
1432330 2006.9
1432340 2010.3
1432350 2012.1
1432360 2012.1
1432370 2014.4
1432380 2017.0
1432390 2020.6
1432400 2020.6
1432410 2025.8
1432420 2030.7
1432430 2030.7
1432440 2035.1
1432450 2039.5
1432460 2039.5
1432470 2043.1
1432480 2045.3
1432490 2045.3
1432500 2048.2
1432510 2051.2
1432520 2051.2
1432530 2054.0
1432540 2058.0
1432550 2058.0
1432560 2060.2
1432570 2064.2
1432580 2064.2
1432590 2069.0
1432600 2073.7
1432610 2078.1
1432620 2078.1
1432630 2083.6
1432640 2088.4
1432650 2088.4
1432660 2092.8
1432670 2096.1
1432680 2096.1
1432690 2099.8
1432700 2105.4
1432710 2105.4
1432720 2111.0
1432730 2115.0
1432740 2115.0
1432750 2119.2
1432760 2126.1
1432770 2126.1
1432780 2133.2
1432790 2140.1
1432800 2140.1
1432810 2147.9
1432820 2150.1
1432830 2130.9
1432840 2130.9
1432850 2105.9
1432860 2085.7
1432870 2085.7
1432880 2069.1
1432890 2058.1
1432900 2058.1
1432910 2050.9
1432920 2036.8
1432930 2036.8
1432940 2018.0
1432950 2006.8
1432960 2006.8
1432970 2000.7
1432980 1994.8
1432990 1994.8
1433000 1989.6
1433010 1983.0
1433020 1983.0
1433030 1978.3
1433040 1972.7
1433050 1965.7
1433060 1965.7
1433070 1959.3
1433080 1952.9
1433090 1952.9
1433100 1947.2
1433110 1941.2
1433120 1941.2
1433130 1934.6
1433140 1928.4
1433150 1928.4
1433160 1922.3
1433170 1915.6
1433180 1915.6
1433190 1910.1
1433200 1905.2
1433210 1905.2
1433220 1899.9
1433230 1894.6
1433240 1894.6
1433250 1889.0
1433260 1883.1
1433270 1883.1
1433280 1877.2
1433290 1871.3
1433300 1865.8
1433310 1865.8
1433320 1860.4
1433330 1854.8
1433340 1854.8
1433350 1848.5
1433360 1841.9
1433370 1841.9
1433380 1834.8
1433390 1828.0
1433400 1828.0
1433410 1822.7
1433420 1818.7
1433430 1818.7
1433440 1814.0
1433450 1807.7
1433460 1807.7
1433470 1800.0
1433480 1798.6
1433490 1798.6
1433500 1807.4
1433510 1810.1
1433520 1809.4
1433530 1809.4
1433540 1807.9
1433550 1808.8
1433560 1808.8
1433570 1812.4
1433580 1816.1
1433590 1816.1
1433600 1819.7
1433610 1824.4
1433620 1824.4
1433630 1828.9
1433640 1832.5
1433650 1832.5
1433660 1833.4
1433670 1834.2
1433680 1834.2
1433690 1835.3
1433700 1835.4
1433710 1835.4
1433720 1839.3
1433730 1842.4
1433740 1846.5
1433750 1846.5
1433760 1851.5
1433770 1855.7
1433780 1855.7
1433790 1858.9
1433800 1862.0
1433810 1862.0
1433820 1868.0
1433830 1869.8
1433840 1869.8
1433850 1871.7
1433860 1876.6
1433870 1876.6
1433880 1881.4
1433890 1884.5
1433900 1884.5
1433910 1890.6
1433920 1895.8
1433930 1895.8
1433940 1900.7
1433950 1903.5
1433960 1906.8
1433970 1906.8
1433980 1911.8
1433990 1915.3
1434000 1915.3
1434010 1919.4
1434020 1923.6
1434030 1923.6
1434040 1928.4
1434050 1937.1
1434060 1937.1
1434070 1943.5
1434080 1951.4
1434090 1951.4
1434100 1961.4
1434110 1972.3
1434120 1972.3
1434130 1981.0
1434140 1985.1
1434150 1985.1
1434160 1987.6
1434170 1991.2
1434180 1994.8
1434190 1994.8
1434200 1996.2
1434210 1997.7
1434220 1997.7
1434230 2000.0
1434240 2001.3
1434250 2001.3
1434260 2003.7
1434270 2005.0
1434280 2005.0
1434290 2006.2
1434300 2005.5
1434310 2005.5
1434320 2004.1
1434330 2005.9
1434340 2005.9
1434350 2008.8
1434360 2013.2
1434370 2013.2
1434380 2017.4
1434390 2020.0
1434400 2026.7
1434410 2026.7
1434420 2037.0
1434430 2047.1
1434440 2047.1
1434450 2058.9
1434460 2068.8
1434470 2068.8
1434480 2076.8
1434490 2084.9
1434500 2084.9
1434510 2088.8
1434520 2089.7
1434530 2089.7
1434540 2090.5
1434550 2094.3
1434560 2094.3
1434570 2099.5
1434580 2101.6
1434590 2101.6
1434600 2100.6
1434610 2096.8
1434620 2090.6
1434630 2090.6
1434640 2084.2
1434650 2078.7
1434660 2078.7
1434670 2072.8
1434680 2067.0
1434690 2067.0
1434700 2061.6
1434710 2057.7
1434720 2057.7
1434730 2054.6
1434740 2049.4
1434750 2049.4
1434760 2042.4
1434770 2035.7
1434780 2035.7
1434790 2028.0
1434800 2021.1
1434810 2021.1
1434820 2015.2
1434830 2008.5
1434840 2001.5
1434850 2001.5
1434860 1993.7
1434870 1986.9
1434880 1986.9
1434890 1980.3
1434900 1975.4
1434910 1975.4
1434920 1970.3
1434930 1963.6
1434940 1963.6
1434950 1956.6
1434960 1949.8
1434970 1949.8
1434980 1944.5
1434990 1940.6
1435000 1940.6
1435010 1936.8
1435020 1933.0
1435030 1933.0
1435040 1928.0
1435050 1922.5
1435060 1922.5
1435070 1918.2
1435080 1914.4
1435090 1910.7
1435100 1910.7
1435110 1907.0
1435120 1906.7
1435130 1906.7
1435140 1904.4
1435150 1903.6
1435160 1903.6
1435170 1907.7
1435180 1911.3
1435190 1911.3
1435200 1913.7
1435210 1918.7
1435220 1918.7
1435230 1924.3
1435240 1928.5
1435250 1928.5
1435260 1934.0
1435270 1940.9
1435280 1940.9
1435290 1945.4
1435300 1950.2
1435310 1952.8
1435320 1952.8
1435330 1955.5
1435340 1954.6
1435350 1954.6
1435360 1955.2
1435370 1961.3
1435380 1961.3
1435390 1969.5
1435400 1977.6
1435410 1977.6
1435420 1985.5
1435430 1993.1
1435440 1993.1
1435450 2000.9
1435460 2008.9
1435470 2008.9
1435480 2013.7
1435490 2014.2
1435500 2014.2
1435510 2016.5
1435520 2019.8
1435530 2023.2
1435540 2023.2
1435550 2027.8
1435560 2033.9
1435570 2033.9
1435580 2041.3
1435590 2048.7
1435600 2048.7
1435610 2056.2
1435620 2061.1
1435630 2061.1
1435640 2065.6
1435650 2070.7
1435660 2070.7
1435670 2076.7
1435680 2082.3
1435690 2082.3
1435700 2087.2
1435710 2090.3
1435720 2090.3
1435730 2091.8
1435740 2092.2
1435750 2093.0
1435760 2093.0
1435770 2095.3
1435780 2098.8
1435790 2098.8
1435800 2103.3
1435810 2107.5
1435820 2107.5
1435830 2112.2
1435840 2117.9
1435850 2117.9
1435860 2120.9
1435870 2123.0
1435880 2123.0
1435890 2125.3
1435900 2127.5
1435910 2127.5
1435920 2128.4
1435930 2128.9
1435940 2128.9
1435950 2128.3
1435960 2127.3
1435970 2128.2
1435980 2128.2
1435990 2129.5
1436000 2128.3
1436010 2128.3
1436020 2133.4
1436030 2137.5
1436040 2137.5
1436050 2139.2
1436060 2139.8
1436070 2139.8
1436080 2140.5
1436090 2141.6
1436100 2141.6
1436110 2143.7
1436120 2147.3
1436130 2147.3
1436140 2151.6
1436150 2157.4
1436160 2157.4
1436170 2163.2
1436180 2169.5
1436190 2177.3
1436200 2177.3
1436210 2185.9
1436220 2193.8
1436230 2193.8
1436240 2199.6
1436250 2204.3
1436260 2204.3
1436270 2209.6
1436280 2217.9
1436290 2217.9
1436300 2223.6
1436310 2229.2
1436320 2229.2
1436330 2235.0
1436340 2241.1
1436350 2241.1
1436360 2247.6
1436370 2255.5
1436380 2255.5
1436390 2265.3
1436400 2276.2
1436410 2286.1
1436420 2286.1
1436430 2295.7
1436440 2305.3
1436450 2305.3
1436460 2312.0
1436470 2318.8
1436480 2318.8
1436490 2327.8
1436500 2337.0
1436510 2337.0
1436520 2346.0
1436530 2355.0
1436540 2355.0
1436550 2365.4
1436560 2376.7
1436570 2376.7
1436580 2387.6
1436590 2397.4
1436600 2397.4
1436610 2406.5
1436620 2413.6
1436630 2419.4
1436640 2419.4
1436650 2424.5
1436660 2428.5
1436670 2428.5
1436680 2432.1
1436690 2435.1
1436700 2435.1
1436710 2437.4
1436720 2440.4
1436730 2440.4
1436740 2443.9
1436750 2446.9
1436760 2446.9
1436770 2449.7
1436780 2452.9
1436790 2452.9
1436800 2455.1
1436810 2455.8
1436820 2455.8
1436830 2455.6
1436840 2455.7
1436850 2455.7
1436860 2456.2
1436870 2456.0
1436880 2455.2
1436890 2455.2
1436900 2454.0
1436910 2451.5
1436920 2451.5
1436930 2448.9
1436940 2447.5
1436950 2447.5
1436960 2447.3
1436970 2448.3
1436980 2448.3
1436990 2449.4
1437000 2449.5
1437010 2449.5
1437020 2450.2
1437030 2450.6
1437040 2450.6
1437050 2450.6
1437060 2450.2
1437070 2450.2
1437080 2451.9
1437090 2454.6
1437100 2455.4
1437110 2455.4
1437120 2453.5
1437130 2451.7
1437140 2451.7
1437150 2451.0
1437160 2451.3
1437170 2451.3
1437180 2453.8
1437190 2458.9
1437200 2458.9
1437210 2464.6
1437220 2470.9
1437230 2470.9
1437240 2477.2
1437250 2483.5
1437260 2483.5
1437270 2489.3
1437280 2488.7
1437290 2488.7
1437300 2480.8
1437310 2472.8
1437320 2464.2
1437330 2464.2
1437340 2455.8
1437350 2447.8
1437360 2447.8
1437370 2439.4
1437380 2429.7
1437390 2429.7
1437400 2419.7
1437410 2410.3
1437420 2410.3
1437430 2402.6
1437440 2396.5
1437450 2396.5
1437460 2390.7
1437470 2384.8
1437480 2384.8
1437490 2378.7
1437500 2371.2
1437510 2371.2
1437520 2360.0
1437530 2348.7
1437540 2339.7
1437550 2339.7
1437560 2331.6
1437570 2320.7
1437580 2320.7
1437590 2311.3
1437600 2299.0
1437610 2299.0
1437620 2284.2
1437630 2275.6
1437640 2275.6
1437650 2267.5
1437660 2259.6
1437670 2259.6
1437680 2253.5
1437690 2255.0
1437700 2255.0
1437710 2251.1
1437720 2244.6
1437730 2244.6
1437740 2248.3
1437750 2247.7
1437760 2239.0
1437770 2239.0
1437780 2232.6
1437790 2227.7
1437800 2227.7
1437810 2221.2
1437820 2213.3
1437830 2213.3
1437840 2203.8
1437850 2194.3
1437860 2194.3
1437870 2184.9
1437880 2176.7
1437890 2176.7
1437900 2167.6
1437910 2164.8
1437920 2164.8
1437930 2168.0
1437940 2164.5
1437950 2164.5
1437960 2158.6
1437970 2152.2
1437980 2144.4
1437990 2144.4
1438000 2136.8
1438010 2130.8
1438020 2130.8
1438030 2122.1
1438040 2112.2
1438050 2112.2
1438060 2107.3
1438070 2107.8
1438080 2107.8
1438090 2107.3
1438100 2107.2
1438110 2107.2
1438120 2104.9
1438130 2102.8
1438140 2102.8
1438150 2099.9
1438160 2096.8
1438170 2096.8
1438180 2092.1
1438190 2086.1
1438200 2079.3
1438210 2079.3
1438220 2072.0
1438230 2063.1
1438240 2063.1
1438250 2053.7
1438260 2045.6
1438270 2045.6
1438280 2038.1
1438290 2031.3
1438300 2031.3
1438310 2024.4
1438320 2019.2
1438330 2019.2
1438340 2013.5
1438350 2006.3
1438360 2006.3
1438370 1998.2
1438380 1989.7
1438390 1989.7
1438400 1982.3
1438410 1975.3
1438420 1975.3
1438430 1971.1
1438440 1969.0
1438450 1962.8
1438460 1962.8
1438470 1956.1
1438480 1949.2
1438490 1949.2
1438500 1940.6
1438510 1934.2
1438520 1934.2
1438530 1926.9
1438540 1914.8
1438550 1914.8
1438560 1878.4
1438570 1858.8
1438580 1858.8
1438590 1853.3
1438600 1847.8
1438610 1847.8
1438620 1842.4
1438630 1836.6
1438640 1836.6
1438650 1830.7
1438660 1824.3
1438670 1815.9
1438680 1815.9
1438690 1804.1
1438700 1795.7
1438710 1795.7
1438720 1789.3
1438730 1782.6
1438740 1782.6
1438750 1775.7
1438760 1769.3
1438770 1769.3
1438780 1762.4
1438790 1754.4
1438800 1754.4
1438810 1747.1
1438820 1740.3
1438830 1740.3
1438840 1734.1
1438850 1728.5
1438860 1728.5
1438870 1722.9
1438880 1716.9
1438890 1709.6
1438900 1709.6
1438910 1704.4
1438920 1700.1
1438930 1700.1
1438940 1696.4
1438950 1695.6
1438960 1695.6
1438970 1694.7
1438980 1693.9
1438990 1693.9
1439000 1686.5
1439010 1685.0
1439020 1685.0
1439030 1693.4
1439040 1699.6
1439050 1699.6
1439060 1700.7
1439070 1702.7
1439080 1702.7
1439090 1706.3
1439100 1709.1
1439110 1710.7
1439120 1710.7
1439130 1713.9
1439140 1717.2
1439150 1717.2
1439160 1718.8
1439170 1717.5
1439180 1717.5
1439190 1715.6
1439200 1716.2
1439210 1716.2
1439220 1712.4
1439230 1713.8
1439240 1713.8
1439250 1719.8
1439260 1723.2
1439270 1723.2
1439280 1726.2
1439290 1733.2
1439300 1733.2
1439310 1742.1
1439320 1738.4
1439330 1724.0
1439340 1724.0
1439350 1721.6
1439360 1727.4
1439370 1727.4
1439380 1729.1
1439390 1724.2
1439400 1724.2
1439410 1725.9
1439420 1726.1
1439430 1726.1
1439440 1727.0
1439450 1730.7
1439460 1730.7
1439470 1735.1
1439480 1736.3
1439490 1736.3
1439500 1737.9
1439510 1738.9
1439520 1738.9
1439530 1742.1
1439540 1747.4
1439550 1753.0
1439560 1753.0
1439570 1758.8
1439580 1762.9
1439590 1762.9
1439600 1768.4
1439610 1773.2
1439620 1773.2
1439630 1780.1
1439640 1787.2
1439650 1787.2
1439660 1793.0
1439670 1802.7
1439680 1802.7
1439690 1820.0
1439700 1843.7
1439710 1843.7
1439720 1862.7
1439730 1879.0
1439740 1879.0
1439750 1890.8
1439760 1899.6
1439770 1906.8
1439780 1906.8
1439790 1913.6
1439800 1920.3
1439810 1920.3
1439820 1927.0
1439830 1933.9
1439840 1933.9
1439850 1941.1
1439860 1948.2
1439870 1948.2
1439880 1954.6
1439890 1959.9
1439900 1959.9
1439910 1964.9
1439920 1970.3
1439930 1970.3
1439940 1977.6
1439950 1983.0
1439960 1983.0
1439970 1988.8
1439980 1995.3
1439990 2003.6
