1420000 2181.1
1420010 2173.9
1420020 2167.3
1420030 2160.9
1420040 2160.9
1420050 2155.2
1420060 2150.3
1420070 2150.3
1420080 2144.9
1420090 2139.1
1420100 2139.1
1420110 2133.7
1420120 2128.3
1420130 2128.3
1420140 2122.7
1420150 2116.7
1420160 2116.7
1420170 2111.2
1420180 2105.9
1420190 2105.9
1420200 2101.2
1420210 2097.2
1420220 2097.2
1420230 2092.5
1420240 2087.3
1420250 2082.0
1420260 2082.0
1420270 2077.0
1420280 2072.4
1420290 2072.4
1420300 2067.8
1420310 2063.6
1420320 2063.6
1420330 2059.8
1420340 2056.7
1420350 2056.7
1420360 2051.5
1420370 2046.3
1420380 2046.3
1420390 2041.8
1420400 2038.0
1420410 2038.0
1420420 2034.0
1420430 2027.3
1420440 2027.3
1420450 2016.4
1420460 2008.0
1420470 2008.0
1420480 2000.5
1420490 1993.7
1420500 1988.0
1420510 1988.0
1420520 1982.3
1420530 1977.6
1420540 1977.6
1420550 1972.7
1420560 1968.0
1420570 1968.0
1420580 1963.3
1420590 1957.2
1420600 1957.2
1420610 1933.2
1420620 1912.0
1420630 1912.0
1420640 1891.0
1420650 1869.7
1420660 1869.7
1420670 1845.8
1420680 1829.9
1420690 1829.9
1420700 1813.0
1420710 1793.5
1420720 1781.5
1420730 1781.5
1420740 1768.3
1420750 1755.4
1420760 1755.4
1420770 1744.8
1420780 1734.6
1420790 1734.6
1420800 1729.5
1420810 1724.6
1420820 1724.6
1420830 1718.5
1420840 1712.0
1420850 1712.0
1420860 1705.8
1420870 1699.8
1420880 1699.8
1420890 1695.5
1420900 1692.6
1420910 1692.6
1420920 1690.6
1420930 1687.4
1420940 1683.6
1420950 1683.6
1420960 1680.0
1420970 1676.1
1420980 1676.1
1420990 1672.7
1421000 1669.3
1421010 1669.3
1421020 1665.8
1421030 1662.2
1421040 1662.2
1421050 1659.0
1421060 1655.6
1421070 1655.6
1421080 1652.4
1421090 1650.2
1421100 1650.2
1421110 1647.7
1421120 1644.7
1421130 1644.7
1421140 1641.6
1421150 1637.7
1421160 1633.8
1421170 1633.8
1421180 1630.8
1421190 1627.9
1421200 1627.9
1421210 1624.8
1421220 1621.8
1421230 1621.8
1421240 1618.8
1421250 1615.8
1421260 1615.8
1421270 1612.7
1421280 1609.8
1421290 1609.8
1421300 1607.3
1421310 1605.3
1421320 1605.3
1421330 1603.2
1421340 1600.5
1421350 1600.5
1421360 1597.8
1421370 1595.3
1421380 1593.1
1421390 1593.1
1421400 1591.0
1421410 1588.8
1421420 1588.8
1421430 1586.3
1421440 1583.9
1421450 1583.9
1421460 1581.4
1421470 1578.6
1421480 1578.6
1421490 1576.0
1421500 1573.6
1421510 1573.6
1421520 1570.7
1421530 1566.0
1421540 1566.0
1421550 1564.3
1421560 1563.5
1421570 1563.5
1421580 1561.6
1421590 1559.0
1421600 1556.2
1421610 1556.2
1421620 1557.0
1421630 1556.2
1421640 1556.2
1421650 1554.8
1421660 1554.3
1421670 1554.3
1421680 1554.2
1421690 1553.9
1421700 1553.9
1421710 1553.5
1421720 1554.6
1421730 1554.6
1421740 1554.2
1421750 1554.0
1421760 1554.0
1421770 1554.8
1421780 1556.2
1421790 1556.2
1421800 1558.4
1421810 1560.0
1421820 1560.0
1421830 1562.2
1421840 1564.5
1421850 1566.2
1421860 1566.2
1421870 1567.9
1421880 1574.1
1421890 1574.1
1421900 1581.0
1421910 1587.1
1421920 1587.1
1421930 1590.7
1421940 1592.8
1421950 1592.8
1421960 1595.1
1421970 1596.9
1421980 1596.9
1421990 1596.8
1422000 1598.4
1422010 1598.4
1422020 1600.5
1422030 1601.2
1422040 1601.2
1422050 1598.8
1422060 1599.5
1422070 1606.2
1422080 1606.2
1422090 1614.1
1422100 1617.2
1422110 1617.2
1422120 1618.4
1422130 1625.2
1422140 1625.2
1422150 1634.6
1422160 1644.7
1422170 1644.7
1422180 1655.2
1422190 1662.2
1422200 1662.2
1422210 1673.7
1422220 1684.6
1422230 1684.6
1422240 1690.7
1422250 1696.6
1422260 1696.6
1422270 1699.5
1422280 1700.3
1422290 1700.8
1422300 1700.8
1422310 1699.5
1422320 1693.3
1422330 1693.3
1422340 1698.7
1422350 1702.8
1422360 1702.8
1422370 1704.6
1422380 1705.3
1422390 1705.3
1422400 1701.2
1422410 1692.6
1422420 1692.6
1422430 1686.6
1422440 1674.4
1422450 1674.4
1422460 1667.9
1422470 1668.9
1422480 1668.9
1422490 1657.3
1422500 1639.3
1422510 1637.5
1422520 1637.5
1422530 1628.7
1422540 1616.6
1422550 1616.6
1422560 1606.7
1422570 1599.3
1422580 1599.3
1422590 1600.3
1422600 1605.4
1422610 1605.4
1422620 1615.6
1422630 1618.7
1422640 1618.7
1422650 1609.9
1422660 1612.0
1422670 1612.0
1422680 1611.3
1422690 1599.4
1422700 1599.4
1422710 1586.7
1422720 1574.3
1422730 1569.1
1422740 1569.1
1422750 1570.6
1422760 1579.4
1422770 1579.4
1422780 1587.7
1422790 1595.5
1422800 1595.5
1422810 1598.7
1422820 1595.3
1422830 1595.3
1422840 1589.2
1422850 1581.2
1422860 1581.2
1422870 1573.3
1422880 1568.0
1422890 1568.0
1422900 1563.8
1422910 1559.8
1422920 1559.8
1422930 1559.9
1422940 1557.4
1422950 1549.2
1422960 1549.2
1422970 1540.2
1422980 1529.5
1422990 1529.5
1423000 1522.0
1423010 1519.3
1423020 1519.3
1423030 1519.0
1423040 1514.9
1423050 1514.9
1423060 1517.8
1423070 1525.5
1423080 1525.5
1423090 1530.1
1423100 1528.9
1423110 1528.9
1423120 1523.0
1423130 1515.4
1423140 1515.4
1423150 1507.0
1423160 1503.3
1423170 1503.3
1423180 1492.9
1423190 1478.8
1423200 1473.8
1423210 1473.8
1423220 1477.1
1423230 1484.7
1423240 1484.7
1423250 1495.1
1423260 1506.2
1423270 1506.2
1423280 1512.8
1423290 1519.3
1423300 1519.3
1423310 1525.2
1423320 1529.0
1423330 1529.0
1423340 1531.1
1423350 1531.2
1423360 1531.2
1423370 1528.3
1423380 1523.7
1423390 1523.7
1423400 1522.3
1423410 1523.2
1423420 1521.3
1423430 1521.3
1423440 1517.9
1423450 1516.4
1423460 1516.4
1423470 1517.7
1423480 1523.5
1423490 1523.5
1423500 1530.6
1423510 1535.5
1423520 1535.5
1423530 1532.7
1423540 1526.2
1423550 1526.2
1423560 1526.9
1423570 1533.4
1423580 1533.4
1423590 1534.0
1423600 1531.4
1423610 1531.4
1423620 1532.1
1423630 1531.7
1423640 1531.9
1423650 1531.9
1423660 1536.5
1423670 1542.2
1423680 1542.2
1423690 1546.0
1423700 1548.8
1423710 1548.8
1423720 1549.0
1423730 1552.2
1423740 1552.2
1423750 1550.3
1423760 1546.5
1423770 1546.5
1423780 1556.8
1423790 1563.7
1423800 1563.7
1423810 1569.9
1423820 1571.6
1423830 1571.6
1423840 1571.3
1423850 1575.2
1423860 1580.9
1423870 1580.9
1423880 1587.2
1423890 1592.0
1423900 1592.0
1423910 1598.2
1423920 1605.4
1423930 1605.4
1423940 1608.0
1423950 1607.8
1423960 1607.8
1423970 1605.8
1423980 1604.9
1423990 1604.9
1424000 1604.4
1424010 1602.9
1424020 1602.9
1424030 1602.2
1424040 1602.2
1424050 1602.2
1424060 1600.8
1424070 1599.6
1424080 1600.2
1424090 1600.2
1424100 1600.0
1424110 1599.0
1424120 1599.0
1424130 1597.8
1424140 1595.6
1424150 1595.6
1424160 1593.7
1424170 1592.5
1424180 1592.5
1424190 1591.7
1424200 1590.3
1424210 1590.3
1424220 1587.0
1424230 1584.2
1424240 1584.2
1424250 1582.6
1424260 1583.0
1424270 1583.0
1424280 1581.9
1424290 1582.3
1424300 1581.5
1424310 1581.5
1424320 1582.6
1424330 1584.3
1424340 1584.3
1424350 1586.3
1424360 1588.4
1424370 1588.4
1424380 1589.8
1424390 1590.4
1424400 1590.4
1424410 1590.8
1424420 1590.8
1424430 1590.8
1424440 1590.2
1424450 1590.0
1424460 1590.0
1424470 1590.4
1424480 1590.1
1424490 1590.1
1424500 1591.5
1424510 1592.2
1424520 1592.2
1424530 1592.7
1424540 1593.0
1424550 1593.1
1424560 1593.1
1424570 1591.6
1424580 1591.3
1424590 1591.3
1424600 1591.7
1424610 1590.6
1424620 1590.6
1424630 1591.4
1424640 1591.7
1424650 1591.7
1424660 1591.4
1424670 1594.4
1424680 1594.4
1424690 1597.7
1424700 1599.9
1424710 1599.9
1424720 1600.8
1424730 1600.6
1424740 1600.6
1424750 1600.6
1424760 1600.8
1424770 1601.2
1424780 1601.2
1424790 1601.5
1424800 1601.4
1424810 1601.4
1424820 1602.0
1424830 1602.3
1424840 1602.3
1424850 1603.9
1424860 1605.5
1424870 1605.5
1424880 1607.2
1424890 1609.0
1424900 1609.0
1424910 1610.8
1424920 1613.0
1424930 1613.0
1424940 1616.3
1424950 1619.6
1424960 1619.6
1424970 1623.2
1424980 1626.3
1424990 1630.2
1425000 1630.2
1425010 1635.3
1425020 1639.8
1425030 1639.8
1425040 1644.5
1425050 1647.9
1425060 1647.9
1425070 1655.2
1425080 1662.2
1425090 1662.2
1425100 1667.1
1425110 1672.7
1425120 1672.7
1425130 1677.5
1425140 1682.6
1425150 1682.6
1425160 1687.5
1425170 1692.5
1425180 1692.5
1425190 1697.3
1425200 1703.3
1425210 1710.4
1425220 1710.4
1425230 1719.1
1425240 1729.5
1425250 1729.5
1425260 1745.0
1425270 1750.1
1425280 1750.1
1425290 1751.9
1425300 1751.2
1425310 1751.2
1425320 1747.0
1425330 1739.4
1425340 1739.4
1425350 1736.8
1425360 1741.4
1425370 1741.4
1425380 1753.3
1425390 1761.0
1425400 1761.0
1425410 1765.8
1425420 1768.5
1425430 1772.4
1425440 1772.4
1425450 1777.4
1425460 1784.1
1425470 1784.1
1425480 1789.9
1425490 1796.0
1425500 1796.0
1425510 1803.4
1425520 1811.2
1425530 1811.2
1425540 1819.5
1425550 1827.9
1425560 1827.9
1425570 1841.8
1425580 1863.0
1425590 1863.0
1425600 1882.8
1425610 1888.9
1425620 1888.9
1425630 1896.2
1425640 1899.9
1425650 1901.9
1425660 1901.9
1425670 1903.5
1425680 1906.4
1425690 1906.4
1425700 1910.2
1425710 1915.4
1425720 1915.4
1425730 1921.1
1425740 1927.6
1425750 1927.6
1425760 1933.8
1425770 1942.2
1425780 1942.2
1425790 1950.2
1425800 1953.7
1425810 1953.7
1425820 1959.8
1425830 1966.4
1425840 1966.4
1425850 1972.9
1425860 1978.7
1425870 1984.1
1425880 1984.1
1425890 1987.1
1425900 1988.7
1425910 1988.7
1425920 1993.1
1425930 1999.4
1425940 1999.4
1425950 2005.4
1425960 2010.6
1425970 2010.6
1425980 2014.7
1425990 2016.3
1426000 2016.3
1426010 2017.2
1426020 2020.3
1426030 2020.3
1426040 2026.4
1426050 2034.0
1426060 2034.0
1426070 2041.0
1426080 2047.0
1426090 2047.0
1426100 2053.2
1426110 2060.4
1426120 2068.6
1426130 2068.6
1426140 2073.3
1426150 2075.5
1426160 2075.5
1426170 2078.2
1426180 2082.4
1426190 2082.4
1426200 2086.9
1426210 2091.2
1426220 2091.2
1426230 2096.7
1426240 2103.4
1426250 2103.4
1426260 2109.9
1426270 2114.0
1426280 2114.0
1426290 2115.6
1426300 2114.1
1426310 2114.1
1426320 2112.8
1426330 2112.2
1426340 2111.4
1426350 2111.4
1426360 2111.7
1426370 2110.9
1426380 2110.9
1426390 2108.3
1426400 2104.3
1426410 2104.3
1426420 2099.4
1426430 2095.4
1426440 2095.4
1426450 2091.8
1426460 2088.6
1426470 2088.6
1426480 2088.9
1426490 2090.6
1426500 2090.6
1426510 2092.3
1426520 2092.5
1426530 2092.5
1426540 2092.3
1426550 2094.7
1426560 2098.6
1426570 2098.6
1426580 2103.4
1426590 2108.5
1426600 2108.5
1426610 2113.2
1426620 2117.9
1426630 2117.9
1426640 2122.0
1426650 2126.1
1426660 2126.1
1426670 2130.7
1426680 2134.6
1426690 2134.6
1426700 2149.3
1426710 2158.2
1426720 2158.2
1426730 2166.1
1426740 2171.4
1426750 2171.4
1426760 2171.4
1426770 2166.4
1426780 2168.2
1426790 2168.2
1426800 2168.9
1426810 2170.4
1426820 2170.4
1426830 2171.9
1426840 2172.3
1426850 2172.3
1426860 2174.1
1426870 2176.4
1426880 2176.4
1426890 2182.4
1426900 2188.1
1426910 2188.1
1426920 2190.6
1426930 2193.2
1426940 2193.2
1426950 2196.0
1426960 2200.2
1426970 2200.2
1426980 2205.2
1426990 2210.2
1427000 2215.4
1427010 2215.4
1427020 2221.3
1427030 2228.3
1427040 2228.3
1427050 2234.2
1427060 2240.4
1427070 2240.4
1427080 2247.7
1427090 2255.4
1427100 2255.4
1427110 2263.0
1427120 2270.6
1427130 2270.6
1427140 2278.1
1427150 2286.1
1427160 2286.1
1427170 2294.2
1427180 2303.1
1427190 2303.1
1427200 2312.3
1427210 2320.4
1427220 2327.0
1427230 2327.0
1427240 2333.4
1427250 2340.3
1427260 2340.3
1427270 2348.0
1427280 2355.7
1427290 2355.7
1427300 2364.7
1427310 2373.4
1427320 2373.4
1427330 2383.3
1427340 2388.9
1427350 2388.9
1427360 2388.3
1427370 2384.3
1427380 2384.3
1427390 2381.0
1427400 2378.4
1427410 2378.4
1427420 2376.6
1427430 2372.9
1427440 2372.9
1427450 2371.6
1427460 2373.7
1427470 2374.6
1427480 2374.6
1427490 2370.7
1427500 2366.2
1427510 2366.2
1427520 2362.7
1427530 2360.5
1427540 2360.5
1427550 2357.5
1427560 2355.0
1427570 2355.0
1427580 2353.7
1427590 2353.7
1427600 2353.7
1427610 2353.6
1427620 2353.1
1427630 2353.1
1427640 2352.2
1427650 2352.5
1427660 2352.5
1427670 2354.3
1427680 2355.3
1427690 2356.0
1427700 2356.0
1427710 2358.7
1427720 2361.6
1427730 2361.6
1427740 2363.8
1427750 2365.8
1427760 2365.8
1427770 2367.8
1427780 2369.0
1427790 2369.0
1427800 2369.9
1427810 2371.0
1427820 2371.0
1427830 2371.7
1427840 2370.6
1427850 2370.6
1427860 2369.5
1427870 2370.7
1427880 2370.7
1427890 2372.2
1427900 2374.1
1427910 2376.6
1427920 2376.6
1427930 2379.9
1427940 2383.4
1427950 2383.4
1427960 2386.8
1427970 2389.9
1427980 2389.9
1427990 2393.1
1428000 2396.1
1428010 2396.1
1428020 2398.3
1428030 2399.0
1428040 2399.0
1428050 2403.0
1428060 2405.4
1428070 2405.4
1428080 2406.1
1428090 2405.5
1428100 2405.5
1428110 2405.3
1428120 2406.4
1428130 2407.2
1428140 2407.2
1428150 2405.0
1428160 2401.4
1428170 2401.4
1428180 2398.1
1428190 2395.0
1428200 2395.0
1428210 2391.4
1428220 2386.3
1428230 2386.3
1428240 2383.0
1428250 2381.0
1428260 2381.0
1428270 2378.8
1428280 2376.7
1428290 2376.7
1428300 2374.9
1428310 2372.2
1428320 2372.2
1428330 2369.0
1428340 2366.5
1428350 2363.4
1428360 2363.4
1428370 2359.6
1428380 2355.1
1428390 2355.1
1428400 2352.4
1428410 2348.0
1428420 2348.0
1428430 2345.2
1428440 2343.3
1428450 2343.3
1428460 2341.8
1428470 2339.3
1428480 2339.3
1428490 2336.2
1428500 2335.5
1428510 2335.5
1428520 2335.7
1428530 2335.1
1428540 2335.1
1428550 2335.5
1428560 2335.4
1428570 2335.3
1428580 2335.3
1428590 2335.5
1428600 2338.2
1428610 2338.2
1428620 2342.0
1428630 2346.5
1428640 2346.5
1428650 2350.3
1428660 2354.6
1428670 2354.6
1428680 2358.1
1428690 2361.9
1428700 2361.9
1428710 2364.0
1428720 2360.9
1428730 2360.9
1428740 2334.2
1428750 2328.1
1428760 2328.1
1428770 2321.2
1428780 2313.8
1428790 2313.8
1428800 2307.9
1428810 2301.8
1428820 2296.1
1428830 2296.1
1428840 2290.6
1428850 2284.1
1428860 2284.1
1428870 2275.3
1428880 2269.6
1428890 2269.6
1428900 2263.3
1428910 2257.7
1428920 2257.7
1428930 2252.6
1428940 2248.3
1428950 2248.3
1428960 2246.4
1428970 2243.6
1428980 2243.6
1428990 2244.2
1429000 2248.1
1429010 2248.1
1429020 2249.1
1429030 2248.6
1429040 2248.9
1429050 2248.9
1429060 2249.3
1429070 2248.1
1429080 2248.1
1429090 2245.9
1429100 2244.8
1429110 2244.8
1429120 2245.2
1429130 2244.7
1429140 2244.7
1429150 2241.5
1429160 2237.5
1429170 2237.5
1429180 2233.0
1429190 2228.5
1429200 2228.5
1429210 2224.5
1429220 2224.1
1429230 2224.1
1429240 2229.2
1429250 2233.7
1429260 2235.8
1429270 2235.8
1429280 2237.3
1429290 2239.6
1429300 2239.6
1429310 2242.2
1429320 2243.8
1429330 2243.8
1429340 2245.9
1429350 2248.5
1429360 2248.5
1429370 2249.9
1429380 2249.8
1429390 2249.8
1429400 2247.4
1429410 2244.7
1429420 2244.7
1429430 2242.4
1429440 2241.3
1429450 2241.3
1429460 2244.1
1429470 2247.1
1429480 2249.5
1429490 2249.5
1429500 2252.6
1429510 2255.7
1429520 2255.7
1429530 2258.4
1429540 2260.8
1429550 2260.8
1429560 2262.2
1429570 2262.1
1429580 2262.1
1429590 2262.7
1429600 2263.8
1429610 2263.8
1429620 2264.3
1429630 2263.5
1429640 2263.5
1429650 2263.1
1429660 2264.1
1429670 2264.1
1429680 2266.0
1429690 2268.4
1429700 2267.5
1429710 2267.5
1429720 2267.6
1429730 2264.8
1429740 2264.8
1429750 2262.5
1429760 2258.7
1429770 2258.7
1429780 2257.1
1429790 2256.1
1429800 2256.1
1429810 2256.7
1429820 2255.2
1429830 2255.2
1429840 2252.0
1429850 2249.7
1429860 2249.7
1429870 2248.0
1429880 2246.8
1429890 2246.8
1429900 2243.9
1429910 2239.0
1429920 2233.0
1429930 2233.0
1429940 2227.9
1429950 2222.8
1429960 2222.8
1429970 2225.2
1429980 2232.2
1429990 2232.2
1430000 2233.6
1430010 2238.2
1430020 2238.2
1430030 2244.5
1430040 2251.7
1430050 2251.7
1430060 2259.1
1430070 2267.0
1430080 2267.0
1430090 2276.3
1430100 2284.5
1430110 2284.5
1430120 2288.6
1430130 2281.6
1430140 2281.6
1430150 2271.1
1430160 2262.3
1430170 2254.5
1430180 2254.5
1430190 2247.2
1430200 2240.5
1430210 2240.5
1430220 2236.1
1430230 2229.1
1430240 2229.1
1430250 2220.6
1430260 2207.0
1430270 2207.0
1430280 2196.4
1430290 2187.7
1430300 2187.7
1430310 2180.9
1430320 2175.0
1430330 2175.0
1430340 2169.1
1430350 2163.3
1430360 2163.3
1430370 2158.4
1430380 2154.9
1430390 2152.2
1430400 2152.2
1430410 2148.5
1430420 2142.2
1430430 2142.2
1430440 2135.6
1430450 2133.0
1430460 2133.0
1430470 2137.3
1430480 2141.3
1430490 2141.3
1430500 2144.7
1430510 2146.4
1430520 2146.4
1430530 2143.0
1430540 2139.4
1430550 2139.4
1430560 2138.9
1430570 2137.9
1430580 2137.9
1430590 2136.7
1430600 2135.6
1430610 2136.9
1430620 2136.9
1430630 2138.5
1430640 2138.8
1430650 2138.8
1430660 2139.8
1430670 2142.4
1430680 2142.4
1430690 2141.9
1430700 2140.1
1430710 2140.1
1430720 2137.9
1430730 2134.4
1430740 2134.4
1430750 2129.8
1430760 2124.4
1430770 2124.4
1430780 2118.6
1430790 2112.4
1430800 2112.4
1430810 2098.0
1430820 2091.0
1430830 2085.4
1430840 2085.4
1430850 2080.2
1430860 2075.0
1430870 2075.0
1430880 2070.0
1430890 2065.4
1430900 2065.4
1430910 2061.1
1430920 2057.1
1430930 2057.1
1430940 2052.2
1430950 2045.7
1430960 2045.7
1430970 2038.9
1430980 2033.5
1430990 2033.5
1431000 2028.5
1431010 2023.9
1431020 2023.9
1431030 2020.5
1431040 2018.6
1431050 2014.6
1431060 2014.6
1431070 2013.6
1431080 2013.9
1431090 2013.9
1431100 2011.7
1431110 2008.6
1431120 2008.6
1431130 2005.4
1431140 2001.6
1431150 2001.6
1431160 1997.5
1431170 1992.9
1431180 1992.9
1431190 1988.5
1431200 1984.5
1431210 1984.5
1431220 1981.2
1431230 1977.4
1431240 1977.4
1431250 1972.8
1431260 1967.8
1431270 1964.8
1431280 1964.8
1431290 1960.9
1431300 1955.0
1431310 1955.0
1431320 1949.1
1431330 1940.4
1431340 1940.4
1431350 1934.8
1431360 1930.0
1431370 1930.0
1431380 1901.2
1431390 1884.6
1431400 1884.6
1431410 1878.1
1431420 1872.8
1431430 1872.8
1431440 1867.4
1431450 1860.4
1431460 1860.4
1431470 1851.1
1431480 1832.5
1431490 1813.4
1431500 1813.4
1431510 1799.9
1431520 1787.6
1431530 1787.6
1431540 1773.6
1431550 1765.2
1431560 1765.2
1431570 1757.5
1431580 1753.5
1431590 1753.5
1431600 1749.1
1431610 1746.0
1431620 1746.0
1431630 1740.8
1431640 1730.7
1431650 1730.7
1431660 1722.9
1431670 1718.0
1431680 1718.0
1431690 1712.7
1431700 1705.7
1431710 1705.7
1431720 1699.1
1431730 1696.4
1431740 1692.9
1431750 1692.9
1431760 1689.7
1431770 1687.3
1431780 1687.3
1431790 1684.9
1431800 1680.7
1431810 1680.7
1431820 1675.2
1431830 1670.2
1431840 1670.2
1431850 1665.3
1431860 1660.6
1431870 1660.6
1431880 1655.4
1431890 1650.1
1431900 1650.1
1431910 1644.7
1431920 1642.0
1431930 1642.0
1431940 1641.6
1431950 1646.3
1431960 1648.5
1431970 1648.5
1431980 1648.9
1431990 1650.4
1432000 1650.4
1432010 1652.3
1432020 1653.8
1432030 1653.8
1432040 1655.9
1432050 1659.0
1432060 1659.0
1432070 1661.8
1432080 1664.6
1432090 1664.6
1432100 1668.5
1432110 1670.9
1432120 1670.9
1432130 1675.8
1432140 1684.6
1432150 1684.6
1432160 1691.4
1432170 1700.1
1432180 1711.6
1432190 1711.6
1432200 1731.8
1432210 1745.9
1432220 1745.9
1432230 1749.5
1432240 1753.6
1432250 1753.6
1432260 1757.6
1432270 1760.5
1432280 1760.5
1432290 1764.3
1432300 1767.9
1432310 1767.9
1432320 1771.1
1432330 1775.3
1432340 1775.3
1432350 1779.1
1432360 1783.0
1432370 1783.0
1432380 1786.2
1432390 1788.4
1432400 1790.6
1432410 1790.6
1432420 1792.2
1432430 1792.4
1432440 1792.4
1432450 1792.8
1432460 1792.3
1432470 1792.3
1432480 1794.0
1432490 1795.9
1432500 1795.9
1432510 1798.2
1432520 1799.7
1432530 1799.7
1432540 1802.1
1432550 1803.2
1432560 1803.2
1432570 1796.5
1432580 1782.7
1432590 1782.7
1432600 1777.4
1432610 1769.8
1432620 1767.8
1432630 1767.8
1432640 1768.3
1432650 1766.0
1432660 1766.0
1432670 1763.8
1432680 1769.7
1432690 1769.7
1432700 1784.9
1432710 1785.6
1432720 1785.6
1432730 1771.9
1432740 1755.7
1432750 1755.7
1432760 1753.8
1432770 1753.4
1432780 1753.4
1432790 1750.3
1432800 1750.8
1432810 1758.7
1432820 1758.7
1432830 1759.8
1432840 1762.0
1432850 1762.0
1432860 1755.8
1432870 1751.6
1432880 1751.6
1432890 1752.4
1432900 1755.7
1432910 1755.7
1432920 1750.5
1432930 1747.7
1432940 1747.7
1432950 1746.6
1432960 1744.2
1432970 1744.2
1432980 1739.0
1432990 1740.5
1433000 1740.5
1433010 1745.1
1433020 1745.5
1433030 1745.5
1433040 1744.3
1433050 1741.9
1433060 1741.9
1433070 1739.7
1433080 1736.5
1433090 1733.4
1433100 1733.4
1433110 1731.2
1433120 1727.5
1433130 1727.5
1433140 1725.4
1433150 1724.2
1433160 1724.2
1433170 1720.2
1433180 1718.4
1433190 1718.4
1433200 1715.2
1433210 1711.0
1433220 1711.0
1433230 1707.6
1433240 1699.4
1433250 1699.4
1433260 1691.9
1433270 1687.1
1433280 1687.1
1433290 1694.9
1433300 1696.1
1433310 1687.3
1433320 1687.3
1433330 1681.7
1433340 1680.2
1433350 1680.2
1433360 1680.9
1433370 1685.9
1433380 1685.9
1433390 1694.8
1433400 1704.9
1433410 1704.9
1433420 1704.0
1433430 1698.7
1433440 1698.7
1433450 1694.1
1433460 1689.5
1433470 1689.5
1433480 1685.7
1433490 1680.2
1433500 1680.2
1433510 1670.3
1433520 1658.1
1433530 1645.2
1433540 1645.2
1433550 1631.2
1433560 1628.0
1433570 1628.0
1433580 1632.8
1433590 1637.4
1433600 1637.4
1433610 1640.9
1433620 1642.2
1433630 1642.2
1433640 1641.4
1433650 1642.4
1433660 1642.4
1433670 1644.6
1433680 1648.6
1433690 1648.6
1433700 1652.9
1433710 1657.2
1433720 1657.2
1433730 1661.6
1433740 1663.9
1433750 1667.4
1433760 1667.4
1433770 1673.2
1433780 1678.2
1433790 1678.2
1433800 1682.0
1433810 1686.0
1433820 1686.0
1433830 1689.8
1433840 1694.5
1433850 1694.5
1433860 1699.6
1433870 1704.6
1433880 1704.6
1433890 1710.2
1433900 1716.6
1433910 1716.6
1433920 1721.8
1433930 1724.9
1433940 1724.9
1433950 1725.6
1433960 1726.3
1433970 1730.6
1433980 1730.6
1433990 1735.6
1434000 1738.6
1434010 1738.6
1434020 1744.4
1434030 1748.3
1434040 1748.3
1434050 1751.3
1434060 1758.0
1434070 1758.0
1434080 1765.0
1434090 1776.3
1434100 1776.3
1434110 1784.5
1434120 1788.0
1434130 1788.0
1434140 1791.3
1434150 1792.8
1434160 1792.8
1434170 1791.3
1434180 1789.1
1434190 1787.4
1434200 1787.4
1434210 1785.7
1434220 1783.1
1434230 1783.1
1434240 1782.5
1434250 1781.0
1434260 1781.0
1434270 1779.1
1434280 1780.3
1434290 1780.3
1434300 1783.8
1434310 1785.2
1434320 1785.2
1434330 1784.6
1434340 1785.1
1434350 1785.1
1434360 1788.5
1434370 1792.9
1434380 1792.9
1434390 1796.6
1434400 1801.1
1434410 1801.1
1434420 1807.6
1434430 1813.7
1434440 1819.2
1434450 1819.2
1434460 1826.7
1434470 1833.8
1434480 1833.8
1434490 1840.1
1434500 1847.0
1434510 1847.0
1434520 1854.7
1434530 1858.9
1434540 1858.9
1434550 1862.9
1434560 1868.6
1434570 1868.6
1434580 1875.0
1434590 1882.2
1434600 1882.2
1434610 1891.6
1434620 1901.9
1434630 1901.9
1434640 1912.1
1434650 1919.9
1434660 1925.1
1434670 1925.1
1434680 1931.1
1434690 1937.4
1434700 1937.4
1434710 1944.0
1434720 1951.6
1434730 1951.6
1434740 1957.8
1434750 1960.1
1434760 1960.1
1434770 1960.3
1434780 1960.8
1434790 1960.8
1434800 1962.0
1434810 1963.1
1434820 1963.1
1434830 1965.4
1434840 1967.3
1434850 1967.3
1434860 1967.7
1434870 1966.8
1434880 1965.1
1434890 1965.1
1434900 1961.7
1434910 1958.5
1434920 1958.5
1434930 1955.9
1434940 1952.9
1434950 1952.9
1434960 1951.2
1434970 1948.3
1434980 1948.3
1434990 1943.4
1435000 1937.5
1435010 1937.5
1435020 1932.4
1435030 1926.1
1435040 1926.1
1435050 1918.8
1435060 1911.7
1435070 1911.7
1435080 1906.2
1435090 1901.8
1435100 1895.6
1435110 1895.6
1435120 1888.3
1435130 1882.6
1435140 1882.6
1435150 1877.6
1435160 1872.4
1435170 1872.4
1435180 1868.0
1435190 1863.8
1435200 1863.8
1435210 1860.6
1435220 1859.9
1435230 1859.9
1435240 1860.9
1435250 1861.5
1435260 1861.5
1435270 1860.5
1435280 1858.5
1435290 1858.5
1435300 1860.5
1435310 1866.0
1435320 1868.2
1435330 1868.4
1435340 1870.6
1435350 1872.8
1435360 1872.8
1435370 1875.7
1435380 1878.1
1435390 1878.1
1435400 1880.8
1435410 1883.6
1435420 1883.6
1435430 1886.8
1435440 1890.1
1435450 1890.1
1435460 1893.1
1435470 1896.4
1435480 1896.4
1435490 1899.6
1435500 1903.6
1435510 1903.6
1435520 1908.2
1435530 1912.2
1435540 1916.5
1435550 1916.5
1435560 1921.5
1435570 1927.3
1435580 1927.3
1435590 1933.3
1435600 1940.4
1435610 1940.4
1435620 1947.9
1435630 1956.1
1435640 1956.1
1435650 1964.9
1435660 1971.6
1435670 1971.6
1435680 1977.7
1435690 1984.7
1435700 1984.7
1435710 1990.4
1435720 1994.9
1435730 1994.9
1435740 1999.1
1435750 2003.9
1435760 2003.9
1435770 2008.7
1435780 2014.0
1435790 2020.6
1435800 2020.6
1435810 2026.8
1435820 2034.9
1435830 2034.9
1435840 2042.2
1435850 2048.8
1435860 2048.8
1435870 2055.2
1435880 2061.4
1435890 2061.4
1435900 2067.1
1435910 2074.3
1435920 2074.3
1435930 2080.9
1435940 2089.6
1435950 2089.6
1435960 2098.0
1435970 2106.3
1435980 2106.3
1435990 2114.3
1436000 2122.8
1436010 2133.1
1436020 2133.1
1436030 2141.3
1436040 2147.3
1436050 2147.3
1436060 2153.2
1436070 2159.4
1436080 2159.4
1436090 2166.5
1436100 2172.8
1436110 2172.8
1436120 2184.2
1436130 2210.3
1436140 2210.3
1436150 2219.3
1436160 2236.5
1436170 2236.5
1436180 2254.4
1436190 2270.2
1436200 2270.2
1436210 2284.6
1436220 2292.7
1436230 2300.7
1436240 2300.7
1436250 2309.4
1436260 2317.0
1436270 2317.0
1436280 2325.3
1436290 2331.7
1436300 2331.7
1436310 2335.3
1436320 2338.7
1436330 2338.7
1436340 2343.1
1436350 2347.4
1436360 2347.4
1436370 2350.0
1436380 2351.9
1436390 2351.9
1436400 2355.0
1436410 2359.3
1436420 2359.3
1436430 2361.2
1436440 2364.3
1436450 2368.0
1436460 2368.0
1436470 2372.4
1436480 2377.5
1436490 2377.5
1436500 2384.4
1436510 2392.5
1436520 2392.5
1436530 2399.2
1436540 2406.2
1436550 2406.2
1436560 2413.3
1436570 2418.0
1436580 2418.0
1436590 2425.1
1436600 2431.6
1436610 2431.6
1436620 2438.5
1436630 2447.0
1436640 2447.0
1436650 2455.8
1436660 2459.9
1436670 2456.6
1436680 2456.6
1436690 2458.4
1436700 2458.0
1436710 2458.0
1436720 2459.8
1436730 2466.5
1436740 2466.5
1436750 2473.5
1436760 2476.8
1436770 2476.8
1436780 2475.4
1436790 2480.4
1436800 2480.4
1436810 2486.2
1436820 2485.4
1436830 2485.4
1436840 2482.2
1436850 2488.4
1436860 2488.4
1436870 2500.8
1436880 2505.3
1436890 2505.2
1436900 2505.2
1436910 2513.6
1436920 2518.0
1436930 2518.0
1436940 2518.7
1436950 2519.9
1436960 2519.9
1436970 2527.8
1436980 2535.4
1436990 2535.4
1437000 2540.6
1437010 2546.5
1437020 2546.5
1437030 2555.0
1437040 2559.8
1437050 2559.8
1437060 2565.1
1437070 2567.6
1437080 2567.6
1437090 2580.2
1437100 2589.1
1437110 2589.1
1437120 2592.2
1437130 2591.8
1437140 2593.1
1437150 2593.1
1437160 2598.2
1437170 2600.6
1437180 2600.6
1437190 2598.2
1437200 2591.0
1437210 2591.0
1437220 2586.1
1437230 2585.0
1437240 2585.0
1437250 2583.4
1437260 2574.4
1437270 2574.4
1437280 2560.9
1437290 2550.3
1437300 2550.3
1437310 2540.8
1437320 2535.5
1437330 2535.5
1437340 2539.2
1437350 2526.2
1437360 2517.3
1437370 2517.3
1437380 2509.6
1437390 2505.0
1437400 2505.0
1437410 2500.8
1437420 2494.1
1437430 2494.1
1437440 2491.9
1437450 2489.4
1437460 2489.4
1437470 2475.8
1437480 2461.9
1437490 2461.9
1437500 2457.7
1437510 2457.4
1437520 2457.4
1437530 2452.1
1437540 2439.5
1437550 2439.5
1437560 2427.9
1437570 2417.0
1437580 2410.2
1437590 2410.2
1437600 2398.1
1437610 2391.6
1437620 2391.6
1437630 2385.4
1437640 2379.7
1437650 2379.7
1437660 2374.1
1437670 2368.6
1437680 2368.6
1437690 2363.5
1437700 2358.4
1437710 2358.4
1437720 2353.3
1437730 2348.1
1437740 2348.1
1437750 2343.4
1437760 2339.0
1437770 2339.0
1437780 2334.9
1437790 2330.9
1437800 2325.5
1437810 2325.5
1437820 2318.6
1437830 2311.1
1437840 2311.1
1437850 2303.8
1437860 2294.8
1437870 2294.8
1437880 2287.3
1437890 2280.5
1437900 2280.5
1437910 2273.9
1437920 2266.5
1437930 2266.5
1437940 2258.9
1437950 2250.1
1437960 2250.1
1437970 2241.8
1437980 2235.6
1437990 2235.6
1438000 2228.4
1438010 2221.5
1438020 2217.2
1438030 2217.2
1438040 2213.9
1438050 2207.9
1438060 2207.9
1438070 2202.5
1438080 2196.7
1438090 2196.7
1438100 2192.9
1438110 2189.0
1438120 2189.0
1438130 2183.7
1438140 2177.9
1438150 2177.9
1438160 2172.2
1438170 2166.5
1438180 2166.5
1438190 2160.3
1438200 2154.2
1438210 2154.2
1438220 2149.0
1438230 2145.4
1438240 2142.4
1438250 2142.4
1438260 2138.9
1438270 2135.2
1438280 2135.2
1438290 2130.8
1438300 2126.6
1438310 2126.6
1438320 2122.3
1438330 2117.8
1438340 2117.8
1438350 2113.7
1438360 2110.7
1438370 2110.7
1438380 2108.3
1438390 2105.1
1438400 2105.1
1438410 2101.1
1438420 2097.7
1438430 2097.7
1438440 2095.4
1438450 2094.1
1438460 2092.4
1438470 2092.4
1438480 2089.4
1438490 2085.0
1438500 2085.0
1438510 2080.5
1438520 2075.2
1438530 2075.2
1438540 2072.7
1438550 2069.6
1438560 2069.6
1438570 2066.0
1438580 2065.2
1438590 2065.2
1438600 2065.0
1438610 2058.3
1438620 2058.3
1438630 2051.9
1438640 2049.8
1438650 2049.8
1438660 2044.4
1438670 2026.1
1438680 2026.1
1438690 2001.2
1438700 1983.5
1438710 1977.6
1438720 1977.6
1438730 1968.9
1438740 1952.6
1438750 1952.6
1438760 1940.3
1438770 1935.4
1438780 1935.4
1438790 1926.6
1438800 1915.1
1438810 1915.1
1438820 1903.9
1438830 1895.2
1438840 1895.2
1438850 1889.1
1438860 1879.4
1438870 1879.4
1438880 1865.9
1438890 1853.4
1438900 1853.4
1438910 1843.8
1438920 1834.7
1438930 1824.3
1438940 1824.3
1438950 1814.0
1438960 1795.4
1438970 1795.4
1438980 1780.8
1438990 1773.4
1439000 1773.4
1439010 1766.9
1439020 1760.6
1439030 1760.6
1439040 1752.8
1439050 1745.2
1439060 1745.2
1439070 1737.1
1439080 1729.8
1439090 1729.8
1439100 1722.4
1439110 1713.8
1439120 1713.8
1439130 1706.3
1439140 1699.5
1439150 1692.3
1439160 1692.3
1439170 1685.5
1439180 1678.2
1439190 1678.2
1439200 1670.8
1439210 1663.6
1439220 1663.6
1439230 1656.1
1439240 1649.9
1439250 1649.9
1439260 1644.2
1439270 1637.0
1439280 1637.0
1439290 1631.4
1439300 1626.7
1439310 1626.7
1439320 1623.9
1439330 1623.2
1439340 1623.2
1439350 1623.0
1439360 1622.9
1439370 1622.1
1439380 1622.1
1439390 1621.2
1439400 1620.6
1439410 1620.6
1439420 1619.4
1439430 1617.8
1439440 1617.8
1439450 1616.0
1439460 1614.1
1439470 1614.1
1439480 1612.2
1439490 1609.4
1439500 1609.4
1439510 1606.1
1439520 1602.4
1439530 1602.4
1439540 1598.2
1439550 1594.1
1439560 1594.1
1439570 1591.7
1439580 1589.8
1439590 1591.6
1439600 1591.6
1439610 1594.0
1439620 1594.1
1439630 1594.1
1439640 1594.5
1439650 1594.9
1439660 1594.9
1439670 1595.1
1439680 1595.9
1439690 1595.9
1439700 1597.6
1439710 1599.7
1439720 1599.7
1439730 1603.3
1439740 1609.0
1439750 1609.0
1439760 1614.2
1439770 1617.3
1439780 1617.3
1439790 1616.6
1439800 1622.0
1439810 1628.4
1439820 1628.4
1439830 1633.1
1439840 1635.5
1439850 1635.5
1439860 1639.0
1439870 1643.3
1439880 1643.3
1439890 1649.5
1439900 1654.1
1439910 1654.1
1439920 1657.5
1439930 1660.5
1439940 1660.5
1439950 1663.1
1439960 1666.2
1439970 1666.2
1439980 1669.4
1439990 1672.4
