1420000 2477.4
1420010 2477.4
1420020 2473.6
1420030 2469.4
1420040 2465.9
1420050 2465.9
1420060 2463.7
1420070 2462.8
1420080 2462.8
1420090 2461.6
1420100 2458.8
1420110 2458.8
1420120 2453.2
1420130 2446.9
1420140 2446.9
1420150 2442.0
1420160 2436.6
1420170 2436.6
1420180 2431.0
1420190 2425.4
1420200 2425.4
1420210 2419.8
1420220 2415.0
1420230 2415.0
1420240 2410.1
1420250 2405.1
1420260 2400.3
1420270 2400.3
1420280 2396.1
1420290 2391.8
1420300 2391.8
1420310 2387.3
1420320 2383.6
1420330 2383.6
1420340 2377.6
1420350 2371.7
1420360 2371.7
1420370 2368.0
1420380 2364.1
1420390 2364.1
1420400 2359.1
1420410 2353.6
1420420 2353.6
1420430 2348.2
1420440 2342.1
1420450 2342.1
1420460 2335.4
1420470 2329.6
1420480 2323.1
1420490 2323.1
1420500 2315.7
1420510 2308.6
1420520 2308.6
1420530 2303.8
1420540 2299.5
1420550 2299.5
1420560 2294.8
1420570 2291.7
1420580 2291.7
1420590 2289.1
1420600 2284.6
1420610 2284.6
1420620 2278.7
1420630 2272.4
1420640 2272.4
1420650 2268.9
1420660 2267.8
1420670 2267.8
1420680 2265.9
1420690 2263.2
1420700 2262.1
1420710 2262.1
1420720 2261.0
1420730 2259.3
1420740 2259.3
1420750 2259.6
1420760 2259.1
1420770 2259.1
1420780 2256.7
1420790 2253.7
1420800 2253.7
1420810 2250.1
1420820 2245.6
1420830 2245.6
1420840 2240.3
1420850 2233.6
1420860 2233.6
1420870 2227.6
1420880 2222.9
1420890 2222.9
1420900 2216.7
1420910 2209.8
1420920 2209.8
1420930 2204.2
1420940 2197.4
1420950 2188.0
1420960 2188.0
1420970 2179.7
1420980 2174.6
1420990 2174.6
1421000 2168.8
1421010 2163.4
1421020 2163.4
1421030 2157.4
1421040 2149.9
1421050 2149.9
1421060 2142.1
1421070 2133.1
1421080 2133.1
1421090 2100.1
1421100 2065.8
1421110 2065.8
1421120 2029.4
1421130 2003.2
1421140 2003.2
1421150 1991.3
1421160 1985.1
1421170 1972.3
1421180 1972.3
1421190 1962.1
1421200 1951.3
1421210 1951.3
1421220 1942.1
1421230 1933.2
1421240 1933.2
1421250 1924.9
1421260 1916.9
1421270 1916.9
1421280 1911.0
1421290 1904.4
1421300 1904.4
1421310 1897.0
1421320 1889.6
1421330 1889.6
1421340 1882.3
1421350 1875.2
1421360 1875.2
1421370 1869.4
1421380 1870.9
1421390 1876.5
1421400 1876.5
1421410 1878.9
1421420 1882.6
1421430 1882.6
1421440 1858.8
1421450 1828.6
1421460 1828.6
1421470 1816.4
1421480 1810.6
1421490 1810.6
1421500 1807.3
1421510 1803.1
1421520 1803.1
1421530 1799.2
1421540 1798.5
1421550 1798.5
1421560 1798.9
1421570 1797.0
1421580 1797.0
1421590 1792.8
1421600 1786.4
1421610 1778.5
1421620 1778.5
1421630 1771.3
1421640 1765.2
1421650 1765.2
1421660 1759.1
1421670 1752.9
1421680 1752.9
1421690 1747.1
1421700 1741.5
1421710 1741.5
1421720 1735.7
1421730 1729.9
1421740 1729.9
1421750 1724.3
1421760 1718.8
1421770 1718.8
1421780 1713.7
1421790 1708.5
1421800 1708.5
1421810 1702.8
1421820 1697.0
1421830 1697.0
1421840 1691.8
1421850 1686.6
1421860 1681.0
1421870 1681.0
1421880 1675.8
1421890 1670.7
1421900 1670.7
1421910 1665.4
1421920 1660.2
1421930 1660.2
1421940 1655.6
1421950 1651.3
1421960 1651.3
1421970 1647.5
1421980 1644.6
1421990 1644.6
1422000 1641.7
1422010 1637.4
1422020 1637.4
1422030 1634.2
1422040 1630.8
1422050 1630.8
1422060 1627.9
1422070 1625.3
1422080 1622.4
1422090 1622.4
1422100 1619.0
1422110 1614.8
1422120 1614.8
1422130 1611.3
1422140 1608.3
1422150 1608.3
1422160 1604.9
1422170 1600.9
1422180 1600.9
1422190 1597.4
1422200 1593.8
1422210 1593.8
1422220 1590.8
1422230 1589.0
1422240 1589.0
1422250 1587.3
1422260 1585.2
1422270 1585.2
1422280 1582.9
1422290 1580.0
1422300 1577.0
1422310 1577.0
1422320 1574.0
1422330 1571.6
1422340 1571.6
1422350 1569.8
1422360 1567.5
1422370 1567.5
1422380 1564.9
1422390 1562.6
1422400 1562.6
1422410 1560.5
1422420 1558.6
1422430 1558.6
1422440 1556.1
1422450 1553.8
1422460 1553.8
1422470 1551.5
1422480 1549.2
1422490 1549.2
1422500 1547.3
1422510 1545.6
1422520 1545.6
1422530 1544.0
1422540 1542.7
1422550 1540.9
1422560 1540.9
1422570 1540.5
1422580 1538.9
1422590 1538.9
1422600 1535.7
1422610 1533.9
1422620 1533.9
1422630 1535.0
1422640 1535.0
1422650 1535.0
1422660 1534.5
1422670 1532.9
1422680 1532.9
1422690 1530.3
1422700 1528.6
1422710 1528.6
1422720 1526.8
1422730 1525.0
1422740 1525.0
1422750 1524.1
1422760 1521.7
1422770 1522.1
1422780 1522.1
1422790 1520.9
1422800 1519.5
1422810 1519.5
1422820 1518.1
1422830 1516.6
1422840 1516.6
1422850 1514.0
1422860 1510.1
1422870 1510.1
1422880 1505.7
1422890 1502.2
1422900 1502.2
1422910 1497.7
1422920 1492.8
1422930 1492.8
1422940 1488.4
1422950 1485.6
1422960 1485.6
1422970 1483.4
1422980 1480.7
1422990 1477.9
1423000 1477.9
1423010 1475.6
1423020 1472.2
1423030 1472.2
1423040 1469.7
1423050 1467.8
1423060 1467.8
1423070 1465.5
1423080 1462.6
1423090 1462.6
1423100 1460.7
1423110 1459.1
1423120 1459.1
1423130 1453.0
1423140 1450.2
1423150 1450.2
1423160 1447.6
1423170 1444.4
1423180 1444.4
1423190 1441.3
1423200 1438.7
1423210 1436.2
1423220 1436.2
1423230 1433.4
1423240 1430.1
1423250 1430.1
1423260 1426.3
1423270 1422.2
1423280 1422.2
1423290 1417.8
1423300 1413.0
1423310 1413.0
1423320 1408.6
1423330 1403.8
1423340 1403.8
1423350 1399.4
1423360 1393.6
1423370 1393.6
1423380 1387.7
1423390 1382.4
1423400 1382.4
1423410 1377.6
1423420 1371.4
1423430 1371.4
1423440 1366.4
1423450 1359.8
1423460 1352.5
1423470 1352.5
1423480 1345.8
1423490 1339.4
1423500 1339.4
1423510 1332.8
1423520 1324.5
1423530 1324.5
1423540 1316.1
1423550 1308.2
1423560 1308.2
1423570 1301.5
1423580 1297.6
1423590 1297.6
1423600 1294.3
1423610 1288.4
1423620 1288.4
1423630 1284.4
1423640 1283.3
1423650 1283.3
1423660 1282.8
1423670 1282.4
1423680 1281.8
1423690 1281.8
1423700 1281.6
1423710 1281.4
1423720 1281.4
1423730 1281.1
1423740 1280.5
1423750 1280.5
1423760 1280.1
1423770 1279.3
1423780 1279.3
1423790 1280.0
1423800 1279.9
1423810 1279.9
1423820 1279.4
1423830 1279.2
1423840 1279.2
1423850 1278.9
1423860 1278.7
1423870 1278.7
1423880 1278.5
1423890 1278.3
1423900 1278.0
1423910 1278.0
1423920 1277.7
1423930 1277.1
1423940 1277.1
1423950 1277.4
1423960 1277.3
1423970 1277.3
1423980 1276.8
1423990 1276.6
1424000 1276.6
1424010 1276.3
1424020 1276.1
1424030 1276.1
1424040 1275.9
1424050 1275.7
1424060 1275.7
1424070 1275.3
1424080 1275.8
1424090 1275.8
1424100 1275.5
1424110 1275.2
1424120 1275.1
1424130 1275.1
1424140 1274.9
1424150 1274.8
1424160 1274.8
1424170 1274.7
1424180 1274.6
1424190 1274.6
1424200 1274.5
1424210 1274.3
1424220 1274.3
1424230 1274.1
1424240 1274.1
1424250 1274.1
1424260 1273.6
1424270 1272.6
1424280 1272.6
1424290 1273.8
1424300 1274.7
1424310 1274.7
1424320 1275.7
1424330 1276.8
1424340 1276.8
1424350 1277.9
1424360 1279.4
1424370 1280.9
1424380 1280.9
1424390 1282.3
1424400 1284.5
1424410 1284.5
1424420 1286.5
1424430 1288.4
1424440 1288.4
1424450 1289.9
1424460 1291.0
1424470 1291.0
1424480 1292.3
1424490 1293.1
1424500 1293.1
1424510 1294.6
1424520 1297.0
1424530 1297.0
1424540 1299.5
1424550 1306.3
1424560 1306.3
1424570 1314.9
1424580 1322.5
1424590 1329.5
1424600 1329.5
1424610 1336.2
1424620 1342.2
1424630 1342.2
1424640 1348.1
1424650 1354.9
1424660 1354.9
1424670 1362.8
1424680 1369.9
1424690 1369.9
1424700 1377.7
1424710 1386.8
1424720 1386.8
1424730 1396.9
1424740 1405.3
1424750 1405.3
1424760 1412.0
1424770 1417.4
1424780 1417.4
1424790 1422.6
1424800 1428.9
1424810 1435.6
1424820 1435.6
1424830 1442.3
1424840 1448.9
1424850 1448.9
1424860 1454.3
1424870 1459.4
1424880 1459.4
1424890 1464.1
1424900 1469.4
1424910 1469.4
1424920 1475.4
1424930 1481.6
1424940 1481.6
1424950 1487.4
1424960 1493.2
1424970 1493.2
1424980 1499.7
1424990 1506.2
1425000 1506.2
1425010 1512.8
1425020 1519.1
1425030 1525.6
1425040 1525.6
1425050 1532.9
1425060 1540.4
1425070 1540.4
1425080 1547.8
1425090 1553.6
1425100 1553.6
1425110 1560.3
1425120 1567.0
1425130 1567.0
1425140 1573.8
1425150 1580.6
1425160 1580.6
1425170 1586.7
1425180 1593.5
1425190 1593.5
1425200 1600.6
1425210 1607.0
1425220 1607.0
1425230 1612.1
1425240 1615.5
1425250 1615.5
1425260 1618.6
1425270 1621.5
1425280 1624.6
1425290 1624.6
1425300 1628.5
1425310 1633.6
1425320 1633.6
1425330 1640.3
1425340 1644.3
1425350 1644.3
1425360 1648.7
1425370 1653.0
1425380 1653.0
1425390 1657.5
1425400 1661.8
1425410 1661.8
1425420 1666.5
1425430 1672.4
1425440 1672.4
1425450 1678.8
1425460 1683.2
1425470 1683.2
1425480 1686.3
1425490 1688.3
1425500 1690.1
1425510 1690.1
1425520 1694.4
1425530 1701.3
1425540 1701.3
1425550 1707.2
1425560 1711.1
1425570 1711.1
1425580 1715.9
1425590 1721.4
1425600 1721.4
1425610 1728.0
1425620 1733.6
1425630 1733.6
1425640 1738.1
1425650 1743.0
1425660 1743.0
1425670 1748.6
1425680 1754.0
1425690 1754.0
1425700 1758.6
1425710 1763.6
1425720 1765.0
1425730 1765.0
1425740 1767.0
1425750 1770.0
1425760 1770.0
1425770 1772.4
1425780 1773.9
1425790 1773.9
1425800 1779.4
1425810 1784.0
1425820 1784.0
1425830 1788.0
1425840 1792.5
1425850 1792.5
1425860 1797.2
1425870 1801.3
1425880 1801.3
1425890 1804.1
1425900 1808.0
1425910 1808.0
1425920 1812.2
1425930 1817.0
1425940 1817.0
1425950 1821.9
1425960 1827.2
1425970 1832.7
1425980 1832.7
1425990 1837.2
1426000 1842.2
1426010 1842.2
1426020 1847.8
1426030 1852.7
1426040 1852.7
1426050 1857.8
1426060 1864.0
1426070 1864.0
1426080 1870.6
1426090 1877.5
1426100 1877.5
1426110 1882.7
1426120 1888.4
1426130 1888.4
1426140 1895.6
1426150 1903.7
1426160 1903.7
1426170 1912.9
1426180 1921.7
1426190 1930.2
1426200 1930.2
1426210 1939.0
1426220 1947.8
1426230 1947.8
1426240 1957.0
1426250 1965.8
1426260 1965.8
1426270 1972.8
1426280 1978.5
1426290 1978.5
1426300 1983.1
1426310 1988.0
1426320 1988.0
1426330 1993.7
1426340 1999.3
1426350 1999.3
1426360 2004.5
1426370 2010.1
1426380 2010.1
1426390 2015.3
1426400 2020.3
1426410 2025.9
1426420 2025.9
1426430 2031.4
1426440 2036.5
1426450 2036.5
1426460 2041.6
1426470 2047.3
1426480 2047.3
1426490 2053.4
1426500 2059.1
1426510 2059.1
1426520 2064.8
1426530 2069.9
1426540 2069.9
1426550 2075.1
1426560 2080.2
1426570 2080.2
1426580 2085.4
1426590 2090.3
1426600 2090.3
1426610 2095.0
1426620 2100.1
1426630 2105.4
1426640 2105.4
1426650 2109.5
1426660 2114.2
1426670 2114.2
1426680 2119.3
1426690 2123.8
1426700 2123.8
1426710 2129.1
1426720 2134.2
1426730 2134.2
1426740 2138.9
1426750 2143.1
1426760 2143.1
1426770 2147.8
1426780 2152.4
1426790 2152.4
1426800 2157.5
1426810 2161.7
1426820 2161.7
1426830 2167.1
1426840 2169.6
1426850 2169.6
1426860 2164.9
1426870 2160.4
1426880 2155.8
1426890 2155.8
1426900 2150.3
1426910 2145.7
1426920 2145.7
1426930 2141.7
1426940 2137.4
1426950 2137.4
1426960 2133.5
1426970 2128.1
1426980 2128.1
1426990 2126.4
1427000 2129.7
1427010 2129.7
1427020 2133.2
1427030 2133.9
1427040 2133.9
1427050 2132.7
1427060 2127.9
1427070 2127.9
1427080 2120.3
1427090 2115.1
1427100 2121.4
1427110 2121.4
1427120 2126.7
1427130 2126.3
1427140 2126.3
1427150 2128.1
1427160 2131.6
1427170 2131.6
1427180 2134.0
1427190 2135.2
1427200 2135.2
1427210 2139.9
1427220 2145.8
1427230 2145.8
1427240 2152.1
1427250 2157.4
1427260 2157.4
1427270 2161.4
1427280 2163.9
1427290 2163.9
1427300 2164.7
1427310 2163.9
1427320 2162.4
1427330 2162.4
1427340 2162.4
1427350 2162.9
1427360 2162.9
1427370 2164.2
1427380 2164.4
1427390 2164.4
1427400 2163.4
1427410 2163.3
1427420 2165.7
1427430 2167.3
1427440 2168.8
1427450 2168.8
1427460 2170.5
1427470 2173.7
1427480 2173.7
1427490 2175.2
1427500 2177.9
1427510 2177.9
1427520 2179.7
1427530 2180.4
1427540 2182.9
1427550 2182.9
1427560 2186.7
1427570 2192.8
1427580 2192.8
1427590 2200.2
1427600 2207.0
1427610 2207.0
1427620 2215.5
1427630 2221.5
1427640 2221.5
1427650 2224.7
1427660 2228.9
1427670 2228.9
1427680 2233.3
1427690 2236.2
1427700 2236.2
1427710 2237.4
1427720 2233.8
1427730 2233.8
1427740 2229.8
1427750 2225.0
1427760 2225.0
1427770 2217.7
1427780 2210.6
1427790 2205.8
1427800 2205.8
1427810 2201.7
1427820 2198.2
1427830 2198.2
1427840 2193.2
1427850 2189.1
1427860 2189.1
1427870 2189.2
1427880 2189.8
1427890 2189.8
1427900 2189.8
1427910 2189.3
1427920 2189.3
1427930 2189.1
1427940 2193.5
1427950 2193.5
1427960 2198.7
1427970 2204.7
1427980 2204.7
1427990 2210.3
1428000 2215.3
1428010 2221.1
1428020 2221.1
1428030 2226.2
1428040 2228.1
1428050 2228.1
1428060 2230.8
1428070 2235.8
1428080 2235.8
1428090 2240.7
1428100 2246.7
1428110 2246.7
1428120 2252.1
1428130 2256.8
1428140 2256.8
1428150 2261.3
1428160 2260.7
1428170 2260.7
1428180 2262.4
1428190 2267.7
1428200 2267.7
1428210 2275.0
1428220 2282.5
1428230 2286.8
1428240 2286.8
1428250 2287.2
1428260 2289.2
1428270 2289.2
1428280 2294.4
1428290 2296.3
1428300 2296.3
1428310 2296.2
1428320 2294.9
1428330 2294.9
1428340 2291.5
1428350 2286.5
1428360 2286.5
1428370 2279.8
1428380 2272.4
1428390 2272.4
1428400 2266.4
1428410 2262.9
1428420 2262.9
1428430 2260.0
1428440 2259.1
1428450 2259.1
1428460 2259.0
1428470 2259.3
1428480 2259.3
1428490 2259.3
1428500 2259.3
1428510 2259.1
1428520 2259.1
1428530 2259.0
1428540 2261.8
1428550 2261.8
1428560 2266.7
1428570 2275.1
1428580 2275.1
1428590 2278.1
1428600 2280.4
1428610 2280.4
1428620 2279.5
1428630 2282.1
1428640 2282.1
1428650 2284.3
1428660 2285.1
1428670 2285.1
1428680 2285.7
1428690 2287.0
1428700 2289.3
1428710 2289.3
1428720 2296.6
1428730 2303.6
1428740 2303.6
1428750 2310.3
1428760 2318.1
1428770 2318.1
1428780 2322.2
1428790 2322.1
1428800 2322.1
1428810 2321.6
1428820 2322.8
1428830 2322.8
1428840 2325.4
1428850 2331.4
1428860 2331.4
1428870 2337.9
1428880 2344.8
1428890 2344.8
1428900 2352.2
1428910 2359.9
1428920 2367.5
1428930 2367.5
1428940 2375.6
1428950 2406.7
1428960 2406.7
1428970 2427.1
1428980 2444.3
1428990 2444.3
1429000 2457.4
1429010 2463.1
1429020 2463.1
1429030 2471.2
1429040 2478.5
1429050 2478.5
1429060 2483.9
1429070 2488.7
1429080 2488.7
1429090 2487.8
1429100 2484.3
1429110 2484.3
1429120 2482.3
1429130 2481.6
1429140 2480.4
1429150 2480.4
1429160 2478.1
1429170 2477.5
1429180 2477.5
1429190 2477.1
1429200 2477.8
1429210 2477.8
1429220 2479.0
1429230 2479.4
1429240 2479.4
1429250 2478.2
1429260 2477.3
1429270 2477.3
1429280 2479.6
1429290 2480.8
1429300 2480.8
1429310 2482.2
1429320 2483.6
1429330 2483.6
1429340 2485.1
1429350 2485.9
1429360 2485.9
1429370 2486.5
1429380 2488.9
1429390 2491.5
1429400 2491.5
1429410 2493.1
1429420 2494.1
1429430 2494.1
1429440 2495.0
1429450 2495.8
1429460 2495.8
1429470 2496.8
1429480 2498.2
1429490 2498.2
1429500 2499.1
1429510 2497.9
1429520 2497.9
1429530 2497.2
1429540 2497.8
1429550 2497.8
1429560 2498.8
1429570 2500.6
1429580 2500.6
1429590 2500.4
1429600 2501.0
1429610 2503.3
1429620 2503.3
1429630 2505.0
1429640 2505.4
1429650 2505.4
1429660 2505.5
1429670 2500.9
1429680 2500.9
1429690 2496.4
1429700 2492.1
1429710 2492.1
1429720 2487.3
1429730 2483.1
1429740 2483.1
1429750 2479.4
1429760 2476.4
1429770 2476.4
1429780 2474.6
1429790 2473.0
1429800 2473.0
1429810 2470.0
1429820 2467.2
1429830 2465.1
1429840 2465.1
1429850 2463.6
1429860 2463.2
1429870 2463.2
1429880 2462.8
1429890 2461.1
1429900 2461.1
1429910 2459.1
1429920 2458.0
1429930 2458.0
1429940 2458.0
1429950 2459.1
1429960 2459.1
1429970 2459.1
1429980 2457.4
1429990 2457.4
1430000 2453.7
1430010 2450.4
1430020 2450.4
1430030 2448.7
1430040 2448.0
1430050 2449.7
1430060 2449.7
1430070 2451.4
1430080 2452.5
1430090 2452.5
1430100 2453.7
1430110 2455.3
1430120 2455.3
1430130 2455.6
1430140 2455.1
1430150 2455.1
1430160 2452.3
1430170 2450.5
1430180 2450.5
1430190 2449.1
1430200 2446.2
1430210 2446.2
1430220 2444.3
1430230 2444.7
1430240 2444.7
1430250 2444.4
1430260 2444.8
1430270 2444.8
1430280 2445.5
1430290 2445.9
1430300 2446.3
1430310 2446.3
1430320 2444.2
1430330 2440.3
1430340 2440.3
1430350 2435.6
1430360 2432.7
1430370 2432.7
1430380 2431.5
1430390 2432.7
1430400 2432.7
1430410 2434.0
1430420 2433.7
1430430 2433.7
1430440 2432.3
1430450 2430.0
1430460 2430.0
1430470 2427.9
1430480 2425.7
1430490 2425.7
1430500 2425.1
1430510 2423.2
1430520 2414.4
1430530 2414.4
1430540 2394.9
1430550 2387.9
1430560 2387.9
1430570 2380.7
1430580 2376.4
1430590 2376.4
1430600 2372.9
1430610 2370.5
1430620 2370.5
1430630 2369.3
1430640 2369.7
1430650 2369.7
1430660 2368.8
1430670 2365.7
1430680 2365.7
1430690 2367.9
1430700 2368.8
1430710 2368.8
1430720 2369.5
1430730 2366.8
1430740 2358.3
1430750 2358.3
1430760 2351.0
1430770 2346.9
1430780 2346.9
1430790 2345.0
1430800 2346.4
1430810 2346.4
1430820 2344.6
1430830 2341.3
1430840 2341.3
1430850 2337.6
1430860 2334.6
1430870 2334.6
1430880 2331.8
1430890 2330.0
1430900 2330.0
1430910 2326.3
1430920 2321.8
1430930 2321.8
1430940 2318.5
1430950 2317.6
1430960 2318.9
1430970 2318.9
1430980 2316.4
1430990 2309.8
1431000 2309.8
1431010 2305.0
1431020 2300.5
1431030 2300.5
1431040 2297.9
1431050 2296.0
1431060 2296.0
1431070 2299.5
1431080 2302.0
1431090 2302.0
1431100 2300.5
1431110 2297.1
1431120 2297.1
1431130 2298.6
1431140 2299.3
1431150 2299.3
1431160 2298.5
1431170 2298.9
1431180 2298.9
1431190 2299.2
1431200 2299.7
1431210 2299.7
1431220 2299.7
1431230 2298.9
1431240 2298.3
1431250 2298.3
1431260 2299.8
1431270 2299.4
1431280 2299.4
1431290 2297.6
1431300 2299.8
1431310 2299.8
1431320 2301.5
1431330 2303.7
1431340 2303.7
1431350 2306.9
1431360 2311.0
1431370 2311.0
1431380 2316.0
1431390 2322.3
1431400 2322.3
1431410 2330.2
1431420 2339.0
1431430 2346.6
1431440 2346.6
1431450 2354.5
1431460 2362.8
1431470 2362.8
1431480 2370.5
1431490 2378.2
1431500 2378.2
1431510 2385.8
1431520 2393.3
1431530 2393.3
1431540 2401.7
1431550 2409.8
1431560 2409.8
1431570 2415.9
1431580 2410.9
1431590 2410.9
1431600 2400.5
1431610 2391.1
1431620 2391.1
1431630 2378.1
1431640 2368.8
1431650 2362.7
1431660 2362.7
1431670 2356.5
1431680 2349.4
1431690 2349.4
1431700 2343.4
1431710 2339.8
1431720 2339.8
1431730 2337.8
1431740 2337.2
1431750 2337.2
1431760 2335.7
1431770 2332.3
1431780 2332.3
1431790 2328.6
1431800 2322.0
1431810 2322.0
1431820 2315.6
1431830 2308.4
1431840 2308.4
1431850 2304.6
1431860 2299.6
1431870 2299.6
1431880 2297.6
1431890 2301.9
1431900 2305.5
1431910 2305.5
1431920 2305.3
1431930 2301.5
1431940 2301.5
1431950 2297.0
1431960 2292.8
1431970 2292.8
1431980 2286.3
1431990 2268.3
1432000 2268.3
1432010 2257.1
1432020 2251.3
1432030 2251.3
1432040 2246.1
1432050 2249.0
1432060 2249.0
1432070 2246.7
1432080 2245.9
1432090 2245.9
1432100 2243.6
1432110 2239.7
1432120 2235.2
1432130 2235.2
1432140 2230.8
1432150 2226.1
1432160 2226.1
1432170 2221.6
1432180 2218.1
1432190 2218.1
1432200 2215.2
1432210 2212.2
1432220 2212.2
1432230 2209.3
1432240 2205.0
1432250 2205.0
1432260 2199.4
1432270 2193.1
1432280 2193.1
1432290 2185.9
1432300 2179.1
1432310 2179.1
1432320 2173.2
1432330 2167.2
1432340 2160.7
1432350 2160.7
1432360 2155.1
1432370 2147.8
1432380 2147.8
1432390 2139.3
1432400 2130.8
1432410 2130.8
1432420 2123.1
1432430 2110.6
1432440 2110.6
1432450 2099.1
1432460 2090.1
1432470 2090.1
1432480 2083.7
1432490 2079.9
1432500 2079.9
1432510 2075.4
1432520 2071.5
1432530 2071.5
1432540 2066.0
1432550 2060.4
1432560 2054.5
1432570 2054.5
1432580 2048.1
1432590 2042.2
1432600 2042.2
1432610 2034.5
1432620 2025.9
1432630 2025.9
1432640 2020.6
1432650 2016.3
1432660 2016.3
1432670 2013.0
1432680 2009.9
1432690 2009.9
1432700 2005.1
1432710 2000.2
1432720 2000.2
1432730 1995.6
1432740 1991.9
1432750 1991.9
1432760 1989.7
1432770 1983.7
1432780 1983.7
1432790 1978.6
1432800 1973.8
1432810 1966.5
1432820 1966.5
1432830 1958.6
1432840 1952.5
1432850 1952.5
1432860 1947.0
1432870 1940.9
1432880 1940.9
1432890 1935.3
1432900 1930.5
1432910 1930.5
1432920 1926.6
1432930 1923.2
1432940 1923.2
1432950 1917.7
1432960 1910.8
1432970 1910.8
1432980 1905.0
1432990 1900.6
1433000 1900.6
1433010 1896.8
1433020 1890.7
1433030 1883.2
1433040 1883.2
1433050 1876.4
1433060 1870.4
1433070 1870.4
1433080 1865.7
1433090 1860.8
1433100 1860.8
1433110 1857.7
1433120 1852.9
1433130 1852.9
1433140 1849.9
1433150 1847.4
1433160 1847.4
1433170 1844.6
1433180 1841.2
1433190 1841.2
1433200 1834.8
1433210 1828.1
1433220 1828.1
1433230 1821.3
1433240 1816.2
1433250 1813.5
1433260 1813.5
1433270 1809.3
1433280 1805.2
1433290 1805.2
1433300 1799.2
1433310 1794.0
1433320 1794.0
1433330 1789.1
1433340 1784.0
1433350 1784.0
1433360 1779.4
1433370 1773.7
1433380 1773.7
1433390 1767.2
1433400 1760.1
1433410 1760.1
1433420 1754.5
1433430 1749.8
1433440 1749.8
1433450 1742.7
1433460 1736.4
1433470 1732.3
1433480 1732.3
1433490 1729.9
1433500 1727.5
1433510 1727.5
1433520 1723.5
1433530 1710.1
1433540 1710.1
1433550 1702.1
1433560 1697.0
1433570 1697.0
1433580 1693.7
1433590 1686.8
1433600 1686.8
1433610 1680.9
1433620 1675.5
1433630 1675.5
1433640 1669.6
1433650 1661.8
1433660 1661.8
1433670 1655.7
1433680 1651.7
1433690 1651.7
1433700 1648.2
1433710 1644.7
1433720 1640.7
1433730 1640.7
1433740 1635.5
1433750 1630.6
1433760 1630.6
1433770 1625.2
1433780 1618.8
1433790 1618.8
1433800 1611.4
1433810 1603.8
1433820 1603.8
1433830 1596.8
1433840 1590.0
1433850 1590.0
1433860 1583.2
1433870 1575.6
1433880 1575.6
1433890 1569.0
1433900 1563.6
1433910 1563.6
1433920 1557.8
1433930 1552.4
1433940 1547.7
1433950 1547.7
1433960 1543.5
1433970 1537.9
1433980 1537.9
1433990 1532.6
1434000 1527.6
1434010 1527.6
1434020 1522.6
1434030 1517.8
1434040 1517.8
1434050 1512.0
1434060 1505.8
1434070 1505.8
1434080 1497.7
1434090 1490.1
1434100 1490.1
1434110 1483.6
1434120 1475.8
1434130 1475.8
1434140 1468.3
1434150 1461.0
1434160 1453.8
1434170 1453.8
1434180 1446.9
1434190 1440.7
1434200 1440.7
1434210 1434.8
1434220 1428.7
1434230 1428.7
1434240 1422.4
1434250 1414.6
1434260 1414.6
1434270 1407.3
1434280 1400.9
1434290 1400.9
1434300 1395.9
1434310 1392.8
1434320 1392.8
1434330 1389.6
1434340 1386.9
1434350 1386.9
1434360 1384.1
1434370 1381.2
1434380 1377.8
1434390 1377.8
1434400 1376.5
1434410 1375.5
1434420 1375.5
1434430 1373.6
1434440 1373.0
1434450 1373.0
1434460 1374.7
1434470 1374.7
1434480 1374.7
1434490 1376.2
1434500 1378.4
1434510 1378.4
1434520 1379.8
1434530 1382.3
1434540 1382.3
1434550 1383.2
1434560 1384.6
1434570 1384.6
1434580 1388.5
1434590 1392.9
1434600 1392.9
1434610 1395.9
1434620 1400.5
1434630 1404.7
1434640 1404.7
1434650 1409.1
1434660 1413.4
1434670 1413.4
1434680 1417.6
1434690 1422.4
1434700 1422.4
1434710 1427.6
1434720 1432.4
1434730 1432.4
1434740 1438.1
1434750 1444.5
1434760 1444.5
1434770 1451.5
1434780 1457.5
1434790 1457.5
1434800 1463.0
1434810 1468.7
1434820 1468.7
1434830 1474.2
1434840 1479.7
1434850 1485.9
1434860 1485.9
1434870 1492.7
1434880 1499.5
1434890 1499.5
1434900 1506.0
1434910 1512.6
1434920 1512.6
1434930 1519.1
1434940 1526.0
1434950 1526.0
1434960 1532.1
1434970 1538.3
1434980 1538.3
1434990 1546.0
1435000 1553.9
1435010 1553.9
1435020 1561.6
1435030 1570.5
1435040 1570.5
1435050 1581.3
1435060 1589.9
1435070 1596.6
1435080 1596.6
1435090 1603.7
1435100 1611.2
1435110 1611.2
1435120 1622.8
1435130 1633.6
1435140 1633.6
1435150 1650.3
1435160 1668.5
1435170 1668.5
1435180 1678.3
1435190 1685.9
1435200 1685.9
1435210 1697.7
1435220 1707.8
1435230 1707.8
1435240 1716.0
1435250 1722.5
1435260 1722.5
1435270 1730.0
1435280 1728.5
1435290 1728.5
1435300 1724.4
1435310 1724.9
1435320 1731.1
1435330 1731.1
1435340 1741.7
1435350 1752.7
1435360 1752.7
1435370 1761.5
1435380 1770.4
1435390 1770.4
1435400 1780.4
1435410 1791.2
1435420 1791.2
1435430 1804.1
1435440 1820.6
1435450 1820.6
1435460 1840.0
1435470 1862.8
1435480 1862.8
1435490 1872.9
1435500 1876.2
1435510 1876.2
1435520 1885.3
1435530 1887.6
1435540 1892.4
1435550 1892.4
1435560 1886.8
1435570 1900.0
1435580 1900.0
1435590 1912.7
1435600 1925.7
1435610 1925.7
1435620 1939.2
1435630 1952.4
1435640 1952.4
1435650 1971.4
1435660 1987.8
1435670 1987.8
1435680 2004.7
1435690 2017.1
1435700 2017.1
1435710 2026.7
1435720 2034.3
1435730 2034.3
1435740 2041.8
1435750 2048.6
1435760 2054.8
1435770 2054.8
1435780 2061.5
1435790 2068.2
1435800 2068.2
1435810 2075.0
1435820 2080.2
1435830 2080.2
1435840 2085.7
1435850 2091.7
1435860 2091.7
1435870 2097.4
1435880 2102.5
1435890 2102.5
1435900 2107.5
1435910 2112.0
1435920 2112.0
1435930 2117.6
1435940 2125.3
1435950 2125.3
1435960 2131.7
1435970 2137.9
1435980 2144.0
1435990 2144.0
1436000 2150.8
1436010 2155.9
1436020 2155.9
1436030 2160.2
1436040 2164.1
1436050 2164.1
1436060 2169.0
1436070 2175.0
1436080 2175.0
1436090 2181.4
1436100 2188.3
1436110 2188.3
1436120 2193.4
1436130 2196.3
1436140 2196.3
1436150 2197.9
1436160 2201.1
1436170 2201.1
1436180 2205.1
1436190 2210.7
1436200 2210.7
1436210 2217.1
1436220 2222.4
1436230 2227.8
1436240 2227.8
1436250 2235.4
1436260 2242.2
1436270 2242.2
1436280 2249.1
1436290 2254.1
1436300 2254.1
1436310 2258.4
1436320 2264.0
1436330 2264.0
1436340 2270.1
1436350 2275.2
1436360 2275.2
1436370 2280.8
1436380 2288.2
1436390 2288.2
1436400 2295.9
1436410 2302.5
1436420 2302.5
1436430 2310.5
1436440 2318.7
1436450 2326.8
1436460 2326.8
1436470 2335.5
1436480 2343.2
1436490 2343.2
1436500 2350.2
1436510 2360.6
1436520 2360.6
1436530 2374.0
1436540 2382.7
1436550 2382.7
1436560 2384.7
1436570 2389.4
1436580 2389.4
1436590 2394.4
1436600 2401.0
1436610 2401.0
1436620 2407.2
1436630 2411.1
1436640 2411.1
1436650 2414.4
1436660 2418.3
1436670 2423.3
1436680 2423.3
1436690 2425.2
1436700 2426.9
1436710 2426.9
1436720 2429.3
1436730 2432.0
1436740 2432.0
1436750 2434.4
1436760 2435.5
1436770 2435.5
1436780 2436.9
1436790 2439.0
1436800 2439.0
1436810 2442.2
1436820 2445.9
1436830 2445.9
1436840 2449.6
1436850 2453.4
1436860 2453.4
1436870 2455.9
1436880 2460.0
1436890 2465.8
1436900 2465.8
1436910 2471.9
1436920 2477.6
1436930 2477.6
1436940 2483.9
1436950 2491.7
1436960 2491.7
1436970 2499.4
1436980 2506.6
1436990 2506.6
1437000 2512.7
1437010 2517.8
1437020 2517.8
1437030 2522.9
1437040 2529.2
1437050 2529.2
1437060 2535.9
1437070 2541.9
1437080 2541.9
1437090 2547.5
1437100 2554.0
1437110 2554.0
1437120 2560.0
1437130 2565.9
1437140 2570.5
1437150 2570.5
1437160 2577.1
1437170 2584.3
1437180 2584.3
1437190 2591.8
1437200 2599.2
1437210 2599.2
1437220 2607.0
1437230 2614.8
1437240 2614.8
1437250 2622.1
1437260 2628.8
1437270 2628.8
1437280 2635.4
1437290 2639.3
1437300 2639.3
1437310 2640.9
1437320 2644.9
1437330 2644.9
1437340 2644.8
1437350 2647.3
1437360 2651.5
1437370 2651.5
1437380 2654.4
1437390 2652.7
1437400 2652.7
1437410 2651.1
1437420 2651.7
1437430 2651.7
1437440 2650.7
1437450 2645.3
1437460 2645.3
1437470 2638.9
1437480 2631.6
1437490 2631.6
1437500 2622.7
1437510 2615.3
1437520 2615.3
1437530 2609.5
1437540 2603.1
1437550 2603.1
1437560 2596.8
1437570 2590.9
1437580 2586.3
1437590 2586.3
1437600 2583.2
1437610 2581.3
1437620 2581.3
1437630 2580.5
1437640 2579.5
1437650 2579.5
1437660 2577.9
1437670 2574.9
1437680 2574.9
1437690 2571.6
1437700 2573.8
1437710 2573.8
1437720 2575.8
1437730 2577.6
1437740 2577.6
1437750 2579.5
1437760 2581.6
1437770 2581.6
1437780 2584.7
1437790 2587.3
1437800 2590.4
1437810 2590.4
1437820 2593.8
1437830 2596.9
1437840 2596.9
1437850 2598.7
1437860 2599.8
1437870 2599.8
1437880 2603.2
1437890 2606.4
1437900 2606.4
1437910 2609.1
1437920 2612.8
1437930 2612.8
1437940 2616.6
1437950 2619.6
1437960 2619.6
1437970 2624.4
1437980 2630.6
1437990 2630.6
1438000 2636.5
1438010 2643.1
1438020 2643.1
1438030 2650.0
1438040 2658.5
1438050 2667.4
1438060 2667.4
1438070 2676.5
1438080 2685.8
1438090 2685.8
1438100 2697.4
1438110 2709.8
1438120 2709.8
1438130 2727.4
1438140 2744.3
1438150 2744.3
1438160 2757.9
1438170 2759.1
1438180 2759.1
1438190 2755.5
1438200 2751.3
1438210 2751.3
1438220 2745.9
1438230 2740.2
1438240 2740.2
1438250 2730.6
1438260 2712.8
1438270 2704.7
1438280 2704.7
1438290 2698.3
1438300 2692.2
1438310 2692.2
1438320 2686.9
1438330 2682.2
1438340 2682.2
1438350 2677.9
1438360 2675.3
1438370 2675.3
1438380 2674.9
1438390 2673.8
1438400 2673.8
1438410 2672.6
1438420 2672.6
1438430 2672.6
1438440 2671.3
1438450 2670.6
1438460 2670.6
1438470 2673.0
1438480 2675.6
1438490 2673.1
1438500 2673.1
1438510 2665.4
1438520 2659.0
1438530 2659.0
1438540 2654.4
1438550 2653.2
1438560 2653.2
1438570 2653.8
1438580 2652.7
1438590 2652.7
1438600 2648.9
1438610 2644.0
1438620 2644.0
1438630 2642.5
1438640 2640.5
1438650 2640.5
1438660 2639.0
1438670 2642.2
1438680 2642.2
1438690 2644.8
1438700 2651.5
1438710 2651.5
1438720 2661.2
1438730 2669.5
1438740 2674.3
1438750 2674.3
1438760 2676.7
1438770 2679.5
1438780 2679.5
1438790 2683.4
1438800 2686.4
1438810 2686.4
1438820 2688.3
1438830 2689.8
1438840 2689.8
1438850 2690.3
1438860 2691.2
1438870 2691.2
1438880 2692.9
1438890 2693.9
1438900 2693.9
1438910 2696.2
1438920 2701.3
1438930 2701.3
1438940 2707.5
1438950 2713.6
1438960 2719.2
1438970 2719.2
1438980 2725.3
1438990 2730.5
1439000 2730.5
1439010 2721.9
1439020 2710.7
1439030 2710.7
1439040 2700.4
1439050 2692.1
1439060 2692.1
1439070 2685.6
1439080 2679.9
1439090 2679.9
1439100 2675.0
1439110 2672.1
1439120 2672.1
1439130 2670.7
1439140 2668.8
1439150 2668.8
1439160 2663.6
1439170 2657.1
1439180 2647.8
1439190 2647.8
1439200 2638.1
1439210 2631.0
1439220 2631.0
1439230 2622.9
1439240 2614.5
1439250 2614.5
1439260 2607.9
1439270 2601.9
1439280 2601.9
1439290 2598.3
1439300 2596.6
1439310 2596.6
1439320 2591.9
1439330 2586.2
1439340 2586.2
1439350 2580.4
1439360 2571.6
1439370 2571.6
1439380 2559.0
1439390 2552.1
1439400 2545.5
1439410 2545.5
1439420 2538.0
1439430 2534.2
1439440 2534.2
1439450 2533.6
1439460 2532.9
1439470 2532.9
1439480 2530.8
1439490 2526.3
1439500 2526.3
1439510 2521.0
1439520 2518.4
1439530 2518.4
1439540 2518.7
1439550 2518.1
1439560 2518.1
1439570 2516.3
1439580 2510.5
1439590 2510.5
1439600 2506.8
1439610 2507.5
1439620 2507.5
1439630 2509.0
1439640 2508.9
1439650 2507.3
1439660 2507.3
1439670 2506.8
1439680 2510.6
1439690 2510.6
1439700 2512.8
1439710 2514.0
1439720 2514.0
1439730 2515.0
1439740 2514.5
1439750 2514.5
1439760 2509.1
1439770 2514.2
1439780 2514.2
1439790 2520.4
1439800 2521.8
1439810 2521.8
1439820 2528.0
1439830 2525.0
1439840 2525.0
1439850 2518.0
1439860 2513.9
1439870 2506.0
1439880 2506.0
1439890 2501.0
1439900 2499.8
1439910 2499.8
1439920 2503.2
1439930 2499.4
1439940 2499.4
1439950 2502.7
1439960 2507.9
1439970 2507.9
1439980 2504.0
1439990 2499.4
