1420000 2501.7
1420010 2497.9
1420020 2497.9
1420030 2494.7
1420040 2491.1
1420050 2491.1
1420060 2484.5
1420070 2477.6
1420080 2477.6
1420090 2472.4
1420100 2468.1
1420110 2468.1
1420120 2464.2
1420130 2460.1
1420140 2460.1
1420150 2455.8
1420160 2451.1
1420170 2451.1
1420180 2445.5
1420190 2438.8
1420200 2431.0
1420210 2431.0
1420220 2425.5
1420230 2420.2
1420240 2420.2
1420250 2413.9
1420260 2408.1
1420270 2408.1
1420280 2405.5
1420290 2404.0
1420300 2404.0
1420310 2401.5
1420320 2398.0
1420330 2398.0
1420340 2394.3
1420350 2389.9
1420360 2389.9
1420370 2385.4
1420380 2383.5
1420390 2383.5
1420400 2381.3
1420410 2378.5
1420420 2375.4
1420430 2375.4
1420440 2372.4
1420450 2369.3
1420460 2369.3
1420470 2365.8
1420480 2362.2
1420490 2362.2
1420500 2358.4
1420510 2354.3
1420520 2354.3
1420530 2350.3
1420540 2346.5
1420550 2346.5
1420560 2343.1
1420570 2338.9
1420580 2338.9
1420590 2333.3
1420600 2327.3
1420610 2327.3
1420620 2322.3
1420630 2318.4
1420640 2313.4
1420650 2313.4
1420660 2308.8
1420670 2304.7
1420680 2304.7
1420690 2300.4
1420700 2296.9
1420710 2296.9
1420720 2291.5
1420730 2284.7
1420740 2284.7
1420750 2281.4
1420760 2279.6
1420770 2279.6
1420780 2275.7
1420790 2271.9
1420800 2271.9
1420810 2268.4
1420820 2267.4
1420830 2267.4
1420840 2267.3
1420850 2266.7
1420860 2263.2
1420870 2263.2
1420880 2260.3
1420890 2262.3
1420900 2262.3
1420910 2261.3
1420920 2257.9
1420930 2257.9
1420940 2248.0
1420950 2237.1
1420960 2237.1
1420970 2229.6
1420980 2223.3
1420990 2223.3
1421000 2217.2
1421010 2210.9
1421020 2210.9
1421030 2204.7
1421040 2199.5
1421050 2199.5
1421060 2194.7
1421070 2190.8
1421080 2190.8
1421090 2186.9
1421100 2183.0
1421110 2178.8
1421120 2178.8
1421130 2175.0
1421140 2170.3
1421150 2170.3
1421160 2152.1
1421170 2140.6
1421180 2140.6
1421190 2132.4
1421200 2124.0
1421210 2124.0
1421220 2115.7
1421230 2107.6
1421240 2107.6
1421250 2099.4
1421260 2085.7
1421270 2085.7
1421280 2071.4
1421290 2052.1
1421300 2052.1
1421310 2035.8
1421320 2021.4
1421330 2011.5
1421340 2011.5
1421350 2001.6
1421360 1992.3
1421370 1992.3
1421380 1983.2
1421390 1976.2
1421400 1976.2
1421410 1970.4
1421420 1964.0
1421430 1964.0
1421440 1956.7
1421450 1947.2
1421460 1947.2
1421470 1938.4
1421480 1926.8
1421490 1926.8
1421500 1908.4
1421510 1880.6
1421520 1880.6
1421530 1863.5
1421540 1854.6
1421550 1846.9
1421560 1846.9
1421570 1839.4
1421580 1831.6
1421590 1831.6
1421600 1824.5
1421610 1816.8
1421620 1816.8
1421630 1808.9
1421640 1801.6
1421650 1801.6
1421660 1794.5
1421670 1788.9
1421680 1788.9
1421690 1782.8
1421700 1776.9
1421710 1776.9
1421720 1770.7
1421730 1764.7
1421740 1764.7
1421750 1758.6
1421760 1753.5
1421770 1748.5
1421780 1748.5
1421790 1743.5
1421800 1737.9
1421810 1737.9
1421820 1732.3
1421830 1728.0
1421840 1728.0
1421850 1719.4
1421860 1711.1
1421870 1711.1
1421880 1706.7
1421890 1706.1
1421900 1706.1
1421910 1702.9
1421920 1696.4
1421930 1696.4
1421940 1689.8
1421950 1683.7
1421960 1683.7
1421970 1678.2
1421980 1673.0
1421990 1673.0
1422000 1666.7
1422010 1661.0
1422020 1654.8
1422030 1654.8
1422040 1650.1
1422050 1646.2
1422060 1646.2
1422070 1641.1
1422080 1636.1
1422090 1636.1
1422100 1630.3
1422110 1625.5
1422120 1625.5
1422130 1620.5
1422140 1615.7
1422150 1615.7
1422160 1611.3
1422170 1607.4
1422180 1607.4
1422190 1603.5
1422200 1600.7
1422210 1600.7
1422220 1597.6
1422230 1594.8
1422240 1591.8
1422250 1591.8
1422260 1589.1
1422270 1586.3
1422280 1586.3
1422290 1583.7
1422300 1581.3
1422310 1581.3
1422320 1578.7
1422330 1577.4
1422340 1577.4
1422350 1576.0
1422360 1574.4
1422370 1574.4
1422380 1573.8
1422390 1573.5
1422400 1573.5
1422410 1572.9
1422420 1571.8
1422430 1571.8
1422440 1571.4
1422450 1571.2
1422460 1570.6
1422470 1570.6
1422480 1569.9
1422490 1569.5
1422500 1569.5
1422510 1569.4
1422520 1569.2
1422530 1569.2
1422540 1569.4
1422550 1569.4
1422560 1569.4
1422570 1568.9
1422580 1568.5
1422590 1568.5
1422600 1568.2
1422610 1566.3
1422620 1566.3
1422630 1564.9
1422640 1564.6
1422650 1564.6
1422660 1564.8
1422670 1565.2
1422680 1565.2
1422690 1564.4
1422700 1559.6
1422710 1562.2
1422720 1562.2
1422730 1566.2
1422740 1565.4
1422750 1565.4
1422760 1564.3
1422770 1563.6
1422780 1563.6
1422790 1562.5
1422800 1560.8
1422810 1560.8
1422820 1559.5
1422830 1558.0
1422840 1558.0
1422850 1556.8
1422860 1555.4
1422870 1555.4
1422880 1555.5
1422890 1553.8
1422900 1553.8
1422910 1549.0
1422920 1545.1
1422930 1547.7
1422940 1547.7
1422950 1549.5
1422960 1549.0
1422970 1549.0
1422980 1547.9
1422990 1546.5
1423000 1546.5
1423010 1544.7
1423020 1542.7
1423030 1542.7
1423040 1540.4
1423050 1536.6
1423060 1536.6
1423070 1533.6
1423080 1527.8
1423090 1527.8
1423100 1521.2
1423110 1516.0
1423120 1516.0
1423130 1510.8
1423140 1505.9
1423150 1500.7
1423160 1500.7
1423170 1494.8
1423180 1489.8
1423190 1489.8
1423200 1484.5
1423210 1479.0
1423220 1479.0
1423230 1474.2
1423240 1468.1
1423250 1468.1
1423260 1461.4
1423270 1456.3
1423280 1456.3
1423290 1451.9
1423300 1448.3
1423310 1448.3
1423320 1444.5
1423330 1441.4
1423340 1441.4
1423350 1437.8
1423360 1433.0
1423370 1427.7
1423380 1427.7
1423390 1422.6
1423400 1415.3
1423410 1415.3
1423420 1410.3
1423430 1404.5
1423440 1404.5
1423450 1398.0
1423460 1391.3
1423470 1391.3
1423480 1383.3
1423490 1372.9
1423500 1372.9
1423510 1364.2
1423520 1356.0
1423530 1356.0
1423540 1348.7
1423550 1343.4
1423560 1343.4
1423570 1337.8
1423580 1331.5
1423590 1331.5
1423600 1323.8
1423610 1316.2
1423620 1307.6
1423630 1307.6
1423640 1299.5
1423650 1293.4
1423660 1293.4
1423670 1287.2
1423680 1282.7
1423690 1282.7
1423700 1280.3
1423710 1279.5
1423720 1279.5
1423730 1278.7
1423740 1278.1
1423750 1278.1
1423760 1278.2
1423770 1278.1
1423780 1278.1
1423790 1278.0
1423800 1277.9
1423810 1277.9
1423820 1277.7
1423830 1277.5
1423840 1277.2
1423850 1277.2
1423860 1276.9
1423870 1276.6
1423880 1276.6
1423890 1276.4
1423900 1275.8
1423910 1275.8
1423920 1275.6
1423930 1275.6
1423940 1275.6
1423950 1275.6
1423960 1275.4
1423970 1275.4
1423980 1275.3
1423990 1275.2
1424000 1275.2
1424010 1275.2
1424020 1275.0
1424030 1275.0
1424040 1274.6
1424050 1274.8
1424060 1274.7
1424070 1274.7
1424080 1274.4
1424090 1274.2
1424100 1274.2
1424110 1273.9
1424120 1273.9
1424130 1273.9
1424140 1273.5
1424150 1273.5
1424160 1273.5
1424170 1273.2
1424180 1273.2
1424190 1273.2
1424200 1273.0
1424210 1272.7
1424220 1272.7
1424230 1272.7
1424240 1272.6
1424250 1272.6
1424260 1272.5
1424270 1272.4
1424280 1272.0
1424290 1272.0
1424300 1271.1
1424310 1272.0
1424320 1272.0
1424330 1272.5
1424340 1272.5
1424350 1272.7
1424360 1272.8
1424370 1272.8
1424380 1272.8
1424390 1272.7
1424400 1272.8
1424410 1272.8
1424420 1273.0
1424430 1273.3
1424440 1273.3
1424450 1273.6
1424460 1273.6
1424470 1273.6
1424480 1273.8
1424490 1273.8
1424500 1273.8
1424510 1274.0
1424520 1274.3
1424530 1274.8
1424540 1274.8
1424550 1276.8
1424560 1280.9
1424570 1280.9
1424580 1286.7
1424590 1291.9
1424600 1291.9
1424610 1297.8
1424620 1305.0
1424630 1305.0
1424640 1312.4
1424650 1321.4
1424660 1321.4
1424670 1330.0
1424680 1338.7
1424690 1338.7
1424700 1346.7
1424710 1354.6
1424720 1354.6
1424730 1362.7
1424740 1370.6
1424750 1378.5
1424760 1378.5
1424770 1387.3
1424780 1395.7
1424790 1395.7
1424800 1402.9
1424810 1409.8
1424820 1409.8
1424830 1416.6
1424840 1422.4
1424850 1422.4
1424860 1427.4
1424870 1432.4
1424880 1432.4
1424890 1436.5
1424900 1439.8
1424910 1439.8
1424920 1445.2
1424930 1451.8
1424940 1451.8
1424950 1458.4
1424960 1464.2
1424970 1469.4
1424980 1469.4
1424990 1475.0
1425000 1481.2
1425010 1481.2
1425020 1486.8
1425030 1492.7
1425040 1492.7
1425050 1499.5
1425060 1506.7
1425070 1506.7
1425080 1514.2
1425090 1521.8
1425100 1521.8
1425110 1529.7
1425120 1536.9
1425130 1536.9
1425140 1543.4
1425150 1549.8
1425160 1549.8
1425170 1556.1
1425180 1563.0
1425190 1563.0
1425200 1568.1
1425210 1572.9
1425220 1577.6
1425230 1577.6
1425240 1583.0
1425250 1588.5
1425260 1588.5
1425270 1592.0
1425280 1595.4
1425290 1595.4
1425300 1598.9
1425310 1603.4
1425320 1603.4
1425330 1609.2
1425340 1615.1
1425350 1615.1
1425360 1621.6
1425370 1627.8
1425380 1627.8
1425390 1633.2
1425400 1638.4
1425410 1638.4
1425420 1643.3
1425430 1648.4
1425440 1652.9
1425450 1652.9
1425460 1656.1
1425470 1659.5
1425480 1659.5
1425490 1664.6
1425500 1671.4
1425510 1671.4
1425520 1676.3
1425530 1680.8
1425540 1680.8
1425550 1686.7
1425560 1692.1
1425570 1692.1
1425580 1697.5
1425590 1702.4
1425600 1702.4
1425610 1708.1
1425620 1713.2
1425630 1713.2
1425640 1717.5
1425650 1723.5
1425660 1730.0
1425670 1730.0
1425680 1734.4
1425690 1738.2
1425700 1738.2
1425710 1741.4
1425720 1744.4
1425730 1744.4
1425740 1749.2
1425750 1751.0
1425760 1751.0
1425770 1753.3
1425780 1755.4
1425790 1755.4
1425800 1758.3
1425810 1761.0
1425820 1761.0
1425830 1763.8
1425840 1768.4
1425850 1768.4
1425860 1775.2
1425870 1779.9
1425880 1784.1
1425890 1784.1
1425900 1786.7
1425910 1787.1
1425920 1787.1
1425930 1787.7
1425940 1790.4
1425950 1790.4
1425960 1792.8
1425970 1795.1
1425980 1795.1
1425990 1798.9
1426000 1805.1
1426010 1805.1
1426020 1813.1
1426030 1820.5
1426040 1820.5
1426050 1826.9
1426060 1832.5
1426070 1832.5
1426080 1838.7
1426090 1845.1
1426100 1845.1
1426110 1851.1
1426120 1858.0
1426130 1865.3
1426140 1865.3
1426150 1872.0
1426160 1879.2
1426170 1879.2
1426180 1886.1
1426190 1894.2
1426200 1894.2
1426210 1906.4
1426220 1915.3
1426230 1915.3
1426240 1922.3
1426250 1929.5
1426260 1929.5
1426270 1935.5
1426280 1942.7
1426290 1942.7
1426300 1953.1
1426310 1961.7
1426320 1961.7
1426330 1968.4
1426340 1973.9
1426350 1979.0
1426360 1979.0
1426370 1984.3
1426380 1989.4
1426390 1989.4
1426400 1995.0
1426410 2001.7
1426420 2001.7
1426430 2008.5
1426440 2014.0
1426450 2014.0
1426460 2019.5
1426470 2024.4
1426480 2024.4
1426490 2029.4
1426500 2036.7
1426510 2036.7
1426520 2042.1
1426530 2047.4
1426540 2047.4
1426550 2052.9
1426560 2059.0
1426570 2064.6
1426580 2064.6
1426590 2070.1
1426600 2076.3
1426610 2076.3
1426620 2082.7
1426630 2087.2
1426640 2087.2
1426650 2091.8
1426660 2096.5
1426670 2096.5
1426680 2101.9
1426690 2107.5
1426700 2107.5
1426710 2112.8
1426720 2117.3
1426730 2117.3
1426740 2122.1
1426750 2126.4
1426760 2126.4
1426770 2127.3
1426780 2122.3
1426790 2122.3
1426800 2118.3
1426810 2116.5
1426820 2114.8
1426830 2114.8
1426840 2113.5
1426850 2110.6
1426860 2110.6
1426870 2107.4
1426880 2105.3
1426890 2105.3
1426900 2101.6
1426910 2097.4
1426920 2097.4
1426930 2093.8
1426940 2089.9
1426950 2089.9
1426960 2085.7
1426970 2082.2
1426980 2082.2
1426990 2077.6
1427000 2073.8
1427010 2073.8
1427020 2071.7
1427030 2078.4
1427040 2086.4
1427050 2086.4
1427060 2095.0
1427070 2101.7
1427080 2101.7
1427090 2106.6
1427100 2115.0
1427110 2115.0
1427120 2119.9
1427130 2121.1
1427140 2121.1
1427150 2120.4
1427160 2118.7
1427170 2118.7
1427180 2118.4
1427190 2119.3
1427200 2119.3
1427210 2123.4
1427220 2130.4
1427230 2130.4
1427240 2139.8
1427250 2146.3
1427260 2148.4
1427270 2148.4
1427280 2146.9
1427290 2146.1
1427300 2146.1
1427310 2145.3
1427320 2144.9
1427330 2144.9
1427340 2147.1
1427350 2149.1
1427360 2149.1
1427370 2147.6
1427380 2147.2
1427390 2147.2
1427400 2147.6
1427410 2150.0
1427420 2150.0
1427430 2154.0
1427440 2157.1
1427450 2157.1
1427460 2159.4
1427470 2160.8
1427480 2162.9
1427490 2162.9
1427500 2166.5
1427510 2168.6
1427520 2168.6
1427530 2169.8
1427540 2168.9
1427550 2168.9
1427560 2168.7
1427570 2169.8
1427580 2169.8
1427590 2172.3
1427600 2175.9
1427610 2175.9
1427620 2181.1
1427630 2191.5
1427640 2191.5
1427650 2196.7
1427660 2186.9
1427670 2186.9
1427680 2184.5
1427690 2183.4
1427700 2183.4
1427710 2182.4
1427720 2182.1
1427730 2182.0
1427740 2182.0
1427750 2180.5
1427760 2179.6
1427770 2179.6
1427780 2180.4
1427790 2180.6
1427800 2180.6
1427810 2180.7
1427820 2180.1
1427830 2180.1
1427840 2176.6
1427850 2179.6
1427860 2179.6
1427870 2182.6
1427880 2184.8
1427890 2184.8
1427900 2190.3
1427910 2191.3
1427920 2191.3
1427930 2191.1
1427940 2190.3
1427950 2192.5
1427960 2192.5
1427970 2192.8
1427980 2191.7
1427990 2191.7
1428000 2191.7
1428010 2194.6
1428020 2194.6
1428030 2195.4
1428040 2194.2
1428050 2194.2
1428060 2196.3
1428070 2200.8
1428080 2200.8
1428090 2204.7
1428100 2208.6
1428110 2208.6
1428120 2213.6
1428130 2218.5
1428140 2218.5
1428150 2224.1
1428160 2231.4
1428170 2238.6
1428180 2238.6
1428190 2242.3
1428200 2246.3
1428210 2246.3
1428220 2250.4
1428230 2255.2
1428240 2255.2
1428250 2259.0
1428260 2261.8
1428270 2261.8
1428280 2265.2
1428290 2266.6
1428300 2266.6
1428310 2264.1
1428320 2260.5
1428330 2260.5
1428340 2258.8
1428350 2256.3
1428360 2256.3
1428370 2255.8
1428380 2255.7
1428390 2255.8
1428400 2255.8
1428410 2256.0
1428420 2256.0
1428430 2256.0
1428440 2256.1
1428450 2256.1
1428460 2256.1
1428470 2256.2
1428480 2256.4
1428490 2256.4
1428500 2256.6
1428510 2257.0
1428520 2257.0
1428530 2257.5
1428540 2258.1
1428550 2258.1
1428560 2258.6
1428570 2259.2
1428580 2259.2
1428590 2258.9
1428600 2259.8
1428610 2259.8
1428620 2261.0
1428630 2262.8
1428640 2263.6
1428650 2263.6
1428660 2265.2
1428670 2266.0
1428680 2266.0
1428690 2266.8
1428700 2269.4
1428710 2269.4
1428720 2272.1
1428730 2277.4
1428740 2277.4
1428750 2282.7
1428760 2288.3
1428770 2288.3
1428780 2295.5
1428790 2304.3
1428800 2304.3
1428810 2311.5
1428820 2316.8
1428830 2316.8
1428840 2321.7
1428850 2324.3
1428860 2327.9
1428870 2327.9
1428880 2332.8
1428890 2339.8
1428900 2339.8
1428910 2346.8
1428920 2354.0
1428930 2354.0
1428940 2359.9
1428950 2366.2
1428960 2366.2
1428970 2372.9
1428980 2379.6
1428990 2379.6
1429000 2385.9
1429010 2392.1
1429020 2392.1
1429030 2398.3
1429040 2405.0
1429050 2405.0
1429060 2411.7
1429070 2416.2
1429080 2418.7
1429090 2418.7
1429100 2419.9
1429110 2420.3
1429120 2420.3
1429130 2421.3
1429140 2423.2
1429150 2423.2
1429160 2425.0
1429170 2427.7
1429180 2427.7
1429190 2428.4
1429200 2428.7
1429210 2428.7
1429220 2428.8
1429230 2427.2
1429240 2427.2
1429250 2426.9
1429260 2428.3
1429270 2428.3
1429280 2428.5
1429290 2428.6
1429300 2428.6
1429310 2429.5
1429320 2429.8
1429330 2429.5
1429340 2429.5
1429350 2430.3
1429360 2432.6
1429370 2432.6
1429380 2434.4
1429390 2437.0
1429400 2437.0
1429410 2440.1
1429420 2443.8
1429430 2443.8
1429440 2448.9
1429450 2453.3
1429460 2453.3
1429470 2456.1
1429480 2455.2
1429490 2455.2
1429500 2451.9
1429510 2448.0
1429520 2448.0
1429530 2447.8
1429540 2448.6
1429550 2450.5
1429560 2450.5
1429570 2451.7
1429580 2452.8
1429590 2452.8
1429600 2453.9
1429610 2454.7
1429620 2454.7
1429630 2455.4
1429640 2455.0
1429650 2455.0
1429660 2456.0
1429670 2458.9
1429680 2458.9
1429690 2462.4
1429700 2466.6
1429710 2466.6
1429720 2470.0
1429730 2473.7
1429740 2473.7
1429750 2474.4
1429760 2477.1
1429770 2479.9
1429780 2479.9
1429790 2479.1
1429800 2473.5
1429810 2473.5
1429820 2469.6
1429830 2466.2
1429840 2466.2
1429850 2464.0
1429860 2464.9
1429870 2464.9
1429880 2464.1
1429890 2462.8
1429900 2462.8
1429910 2460.9
1429920 2458.6
1429930 2458.6
1429940 2458.1
1429950 2458.6
1429960 2458.6
1429970 2458.5
1429980 2458.2
1429990 2457.5
1430000 2457.5
1430010 2456.4
1430020 2455.1
1430030 2455.1
1430040 2453.8
1430050 2452.2
1430060 2452.2
1430070 2449.1
1430080 2443.1
1430090 2443.1
1430100 2439.0
1430110 2434.7
1430120 2434.7
1430130 2432.0
1430140 2431.5
1430150 2431.5
1430160 2431.6
1430170 2432.7
1430180 2432.7
1430190 2433.3
1430200 2432.6
1430210 2432.6
1430220 2432.6
1430230 2431.5
1430240 2431.1
1430250 2431.1
1430260 2429.5
1430270 2427.2
1430280 2427.2
1430290 2426.4
1430300 2426.7
1430310 2426.7
1430320 2427.7
1430330 2428.5
1430340 2428.5
1430350 2430.3
1430360 2432.4
1430370 2432.4
1430380 2433.8
1430390 2432.5
1430400 2432.5
1430410 2426.9
1430420 2419.5
1430430 2419.5
1430440 2411.3
1430450 2403.7
1430460 2396.1
1430470 2396.1
1430480 2389.3
1430490 2385.1
1430500 2385.1
1430510 2383.0
1430520 2380.7
1430530 2380.7
1430540 2379.8
1430550 2378.8
1430560 2378.8
1430570 2377.8
1430580 2376.9
1430590 2376.9
1430600 2377.7
1430610 2378.8
1430620 2378.8
1430630 2379.9
1430640 2381.8
1430650 2381.8
1430660 2383.6
1430670 2386.2
1430680 2389.3
1430690 2389.3
1430700 2391.3
1430710 2390.3
1430720 2390.3
1430730 2387.2
1430740 2382.3
1430750 2382.3
1430760 2377.1
1430770 2369.2
1430780 2369.2
1430790 2360.5
1430800 2354.1
1430810 2354.1
1430820 2348.8
1430830 2344.7
1430840 2344.7
1430850 2342.6
1430860 2339.6
1430870 2339.6
1430880 2332.9
1430890 2326.0
1430900 2326.0
1430910 2320.9
1430920 2318.3
1430930 2315.2
1430940 2315.2
1430950 2312.8
1430960 2313.9
1430970 2313.9
1430980 2317.2
1430990 2318.1
1431000 2318.1
1431010 2315.5
1431020 2306.5
1431030 2306.5
1431040 2301.9
1431050 2297.8
1431060 2297.8
1431070 2298.3
1431080 2299.0
1431090 2299.0
1431100 2297.2
1431110 2295.6
1431120 2295.6
1431130 2294.9
1431140 2297.1
1431150 2300.4
1431160 2300.4
1431170 2301.1
1431180 2303.0
1431190 2303.0
1431200 2303.7
1431210 2305.4
1431220 2305.4
1431230 2303.0
1431240 2298.7
1431250 2298.7
1431260 2301.5
1431270 2301.4
1431280 2301.4
1431290 2302.9
1431300 2307.2
1431310 2307.2
1431320 2312.2
1431330 2315.9
1431340 2315.9
1431350 2320.6
1431360 2326.2
1431370 2333.2
1431380 2333.2
1431390 2341.2
1431400 2349.6
1431410 2349.6
1431420 2357.8
1431430 2365.6
1431440 2365.6
1431450 2373.2
1431460 2382.7
1431470 2382.7
1431480 2393.4
1431490 2404.2
1431500 2404.2
1431510 2411.5
1431520 2409.8
1431530 2409.8
1431540 2400.1
1431550 2391.3
1431560 2391.3
1431570 2383.1
1431580 2375.0
1431590 2366.2
1431600 2366.2
1431610 2357.2
1431620 2345.9
1431630 2345.9
1431640 2335.4
1431650 2323.2
1431660 2323.2
1431670 2312.7
1431680 2302.3
1431690 2302.3
1431700 2293.7
1431710 2282.8
1431720 2282.8
1431730 2271.1
1431740 2261.0
1431750 2261.0
1431760 2255.6
1431770 2252.0
1431780 2252.0
1431790 2247.9
1431800 2240.5
1431810 2240.5
1431820 2234.7
1431830 2237.3
1431840 2235.8
1431850 2235.8
1431860 2231.1
1431870 2224.9
1431880 2224.9
1431890 2221.8
1431900 2220.5
1431910 2220.5
1431920 2217.6
1431930 2215.9
1431940 2215.9
1431950 2215.9
1431960 2209.4
1431970 2209.4
1431980 2201.6
1431990 2196.7
1432000 2196.7
1432010 2192.2
1432020 2186.4
1432030 2186.4
1432040 2179.0
1432050 2171.5
1432060 2166.1
1432070 2166.1
1432080 2163.6
1432090 2158.8
1432100 2158.8
1432110 2153.5
1432120 2149.4
1432130 2149.4
1432140 2145.6
1432150 2141.0
1432160 2141.0
1432170 2136.8
1432180 2131.1
1432190 2131.1
1432200 2126.7
1432210 2122.8
1432220 2122.8
1432230 2113.9
1432240 2109.3
1432250 2109.3
1432260 2107.1
1432270 2103.0
1432280 2096.2
1432290 2096.2
1432300 2088.7
1432310 2081.4
1432320 2081.4
1432330 2074.6
1432340 2067.5
1432350 2067.5
1432360 2061.5
1432370 2056.2
1432380 2056.2
1432390 2051.8
1432400 2045.5
1432410 2045.5
1432420 2039.9
1432430 2035.2
1432440 2035.2
1432450 2029.3
1432460 2023.9
1432470 2023.9
1432480 2018.0
1432490 2011.3
1432500 2004.2
1432510 2004.2
1432520 1997.9
1432530 1991.7
1432540 1991.7
1432550 1986.4
1432560 1981.5
1432570 1981.5
1432580 1976.8
1432590 1971.3
1432600 1971.3
1432610 1966.0
1432620 1960.8
1432630 1960.8
1432640 1956.0
1432650 1952.1
1432660 1952.1
1432670 1948.7
1432680 1945.5
1432690 1945.5
1432700 1940.6
1432710 1935.4
1432720 1935.4
1432730 1930.3
1432740 1924.7
1432750 1919.9
1432760 1919.9
1432770 1916.5
1432780 1916.4
1432790 1916.4
1432800 1914.3
1432810 1910.6
1432820 1910.6
1432830 1906.9
1432840 1902.8
1432850 1902.8
1432860 1897.2
1432870 1891.1
1432880 1891.1
1432890 1887.3
1432900 1886.2
1432910 1886.2
1432920 1882.0
1432930 1878.2
1432940 1878.2
1432950 1873.9
1432960 1871.4
1432970 1869.2
1432980 1869.2
1432990 1867.0
1433000 1864.6
1433010 1864.6
1433020 1859.6
1433030 1856.0
1433040 1856.0
1433050 1853.1
1433060 1850.2
1433070 1850.2
1433080 1846.0
1433090 1841.2
1433100 1841.2
1433110 1834.7
1433120 1829.5
1433130 1829.5
1433140 1826.8
1433150 1824.0
1433160 1824.0
1433170 1820.4
1433180 1816.7
1433190 1813.3
1433200 1813.3
1433210 1810.2
1433220 1807.6
1433230 1807.6
1433240 1804.4
1433250 1800.3
1433260 1800.3
1433270 1797.1
1433280 1792.0
1433290 1792.0
1433300 1786.5
1433310 1781.8
1433320 1781.8
1433330 1775.6
1433340 1768.9
1433350 1768.9
1433360 1761.0
1433370 1753.0
1433380 1753.0
1433390 1745.8
1433400 1739.7
1433410 1739.7
1433420 1734.3
1433430 1728.7
1433440 1721.9
1433450 1721.9
1433460 1715.0
1433470 1707.5
1433480 1710.4
1433490 1703.1
1433500 1695.4
1433510 1695.4
1433520 1688.3
1433530 1683.0
1433540 1683.0
1433550 1679.8
1433560 1676.2
1433570 1676.2
1433580 1669.8
1433590 1662.2
1433600 1662.2
1433610 1656.6
1433620 1654.1
1433630 1654.1
1433640 1651.5
1433650 1648.8
1433660 1644.2
1433670 1644.2
1433680 1639.8
1433690 1634.0
1433700 1634.0
1433710 1627.4
1433720 1620.1
1433730 1620.1
1433740 1614.1
1433750 1609.0
1433760 1609.0
1433770 1604.5
1433780 1598.9
1433790 1598.9
1433800 1593.0
1433810 1589.0
1433820 1589.0
1433830 1584.1
1433840 1579.4
1433850 1579.4
1433860 1575.3
1433870 1569.4
1433880 1562.8
1433890 1562.8
1433900 1556.7
1433910 1552.1
1433920 1552.1
1433930 1549.0
1433940 1546.6
1433950 1546.6
1433960 1544.1
1433970 1541.4
1433980 1541.4
1433990 1537.5
1434000 1533.0
1434010 1533.0
1434020 1528.2
1434030 1523.6
1434040 1523.6
1434050 1516.6
1434060 1509.0
1434070 1509.0
1434080 1502.2
1434090 1496.6
1434100 1490.6
1434110 1490.6
1434120 1484.1
1434130 1477.7
1434140 1477.7
1434150 1472.1
1434160 1466.7
1434170 1466.7
1434180 1460.8
1434190 1455.1
1434200 1455.1
1434210 1449.5
1434220 1444.4
1434230 1444.4
1434240 1440.0
1434250 1435.7
1434260 1435.7
1434270 1430.6
1434280 1425.9
1434290 1425.9
1434300 1421.7
1434310 1417.2
1434320 1417.2
1434330 1411.9
1434340 1405.8
1434350 1400.4
1434360 1400.4
1434370 1395.3
1434380 1390.8
1434390 1390.8
1434400 1387.1
1434410 1384.0
1434420 1384.0
1434430 1378.4
1434440 1371.9
1434450 1371.9
1434460 1365.4
1434470 1366.8
1434480 1366.8
1434490 1366.4
1434500 1365.7
1434510 1365.7
1434520 1365.9
1434530 1365.2
1434540 1365.2
1434550 1365.0
1434560 1365.2
1434570 1370.1
1434580 1370.1
1434590 1378.7
1434600 1382.9
1434610 1382.9
1434620 1385.0
1434630 1389.3
1434640 1389.3
1434650 1393.0
1434660 1396.7
1434670 1396.7
1434680 1400.5
1434690 1404.2
1434700 1404.2
1434710 1409.3
1434720 1415.6
1434730 1415.6
1434740 1421.6
1434750 1427.7
1434760 1427.7
1434770 1433.0
1434780 1439.5
1434790 1445.6
1434800 1445.6
1434810 1451.8
1434820 1458.4
1434830 1458.4
1434840 1465.1
1434850 1472.0
1434860 1472.0
1434870 1479.1
1434880 1486.2
1434890 1486.2
1434900 1493.5
1434910 1500.6
1434920 1500.6
1434930 1507.5
1434940 1514.7
1434950 1514.7
1434960 1522.6
1434970 1529.8
1434980 1529.8
1434990 1536.8
1435000 1544.9
1435010 1560.5
1435020 1560.5
1435030 1578.0
1435040 1584.9
1435050 1584.9
1435060 1590.6
1435070 1596.5
1435080 1596.5
1435090 1605.8
1435100 1640.7
1435110 1640.7
1435120 1662.7
1435130 1674.4
1435140 1674.4
1435150 1685.2
1435160 1695.3
1435170 1695.3
1435180 1705.4
1435190 1715.0
1435200 1715.0
1435210 1726.9
1435220 1736.3
1435230 1736.3
1435240 1745.1
1435250 1754.7
1435260 1765.5
1435270 1765.5
1435280 1774.9
1435290 1788.3
1435300 1788.3
1435310 1799.1
1435320 1808.5
1435330 1808.5
1435340 1817.3
1435350 1841.3
1435360 1841.3
1435370 1856.8
1435380 1874.3
1435390 1874.3
1435400 1903.7
1435410 1929.0
1435420 1929.0
1435430 1951.1
1435440 1967.1
1435450 1967.1
1435460 1977.4
1435470 1988.6
1435480 1996.9
1435490 1996.9
1435500 2000.7
1435510 2005.4
1435520 2005.4
1435530 2009.5
1435540 2014.2
1435550 2014.2
1435560 2019.3
1435570 2023.5
1435580 2023.5
1435590 2027.2
1435600 2030.6
1435610 2030.6
1435620 2034.3
1435630 2038.2
1435640 2038.2
1435650 2042.4
1435660 2047.1
1435670 2047.1
1435680 2051.9
1435690 2056.8
1435700 2062.1
1435710 2062.1
1435720 2067.2
1435730 2072.5
1435740 2072.5
1435750 2078.4
1435760 2084.8
1435770 2084.8
1435780 2091.9
1435790 2099.3
1435800 2099.3
1435810 2106.1
1435820 2112.0
1435830 2112.0
1435840 2118.2
1435850 2124.9
1435860 2124.9
1435870 2132.6
1435880 2140.5
1435890 2140.5
1435900 2146.3
1435910 2150.7
1435920 2150.7
1435930 2155.7
1435940 2161.1
1435950 2166.8
1435960 2166.8
1435970 2172.5
1435980 2178.0
1435990 2178.0
1436000 2183.4
1436010 2189.5
1436020 2189.5
1436030 2195.7
1436040 2201.8
1436050 2201.8
1436060 2207.8
1436070 2213.5
1436080 2213.5
1436090 2218.8
1436100 2225.3
1436110 2225.3
1436120 2231.1
1436130 2237.3
1436140 2237.3
1436150 2243.9
1436160 2250.2
1436170 2256.3
1436180 2256.3
1436190 2262.7
1436200 2269.3
1436210 2269.3
1436220 2276.0
1436230 2282.9
1436240 2282.9
1436250 2290.2
1436260 2296.9
1436270 2296.9
1436280 2303.3
1436290 2309.6
1436300 2309.6
1436310 2315.1
1436320 2321.8
1436330 2321.8
1436340 2330.0
1436350 2338.3
1436360 2338.3
1436370 2342.7
1436380 2349.7
1436390 2357.5
1436400 2357.5
1436410 2363.9
1436420 2369.4
1436430 2369.4
1436440 2373.2
1436450 2377.6
1436460 2377.6
1436470 2384.3
1436480 2391.6
1436490 2391.6
1436500 2399.5
1436510 2407.2
1436520 2407.2
1436530 2413.4
1436540 2418.2
1436550 2418.2
1436560 2422.9
1436570 2427.8
1436580 2427.8
1436590 2431.1
1436600 2434.1
1436610 2436.0
1436620 2436.0
1436630 2438.3
1436640 2440.3
1436650 2440.3
1436660 2441.4
1436670 2441.0
1436680 2441.0
1436690 2439.5
1436700 2438.6
1436710 2438.6
1436720 2437.6
1436730 2436.4
1436740 2436.4
1436750 2434.6
1436760 2432.5
1436770 2432.5
1436780 2431.8
1436790 2432.8
1436800 2432.8
1436810 2435.2
1436820 2437.1
1436830 2437.1
1436840 2438.7
1436850 2440.8
1436860 2439.7
1436870 2439.7
1436880 2438.9
1436890 2439.8
1436900 2439.8
1436910 2441.2
1436920 2443.9
1436930 2443.9
1436940 2447.8
1436950 2451.5
1436960 2451.5
1436970 2454.2
1436980 2456.4
1436990 2456.4
1437000 2456.8
1437010 2457.4
1437020 2457.4
1437030 2457.3
1437040 2459.8
1437050 2459.8
1437060 2462.9
1437070 2463.2
1437080 2465.3
1437090 2465.3
1437100 2469.2
1437110 2472.5
1437120 2472.5
1437130 2475.9
1437140 2478.8
1437150 2478.8
1437160 2481.1
1437170 2483.8
1437180 2483.8
1437190 2486.0
1437200 2488.9
1437210 2488.9
1437220 2492.9
1437230 2496.3
1437240 2496.3
1437250 2499.4
1437260 2502.8
1437270 2502.8
1437280 2507.0
1437290 2511.7
1437300 2517.0
1437310 2517.0
1437320 2522.6
1437330 2528.0
1437340 2528.0
1437350 2532.0
1437360 2536.4
1437370 2536.4
1437380 2539.9
1437390 2543.2
1437400 2543.2
1437410 2545.7
1437420 2547.4
1437430 2547.4
1437440 2548.2
1437450 2550.4
1437460 2550.4
1437470 2553.0
1437480 2552.7
1437490 2552.7
1437500 2549.1
1437510 2542.7
1437520 2542.7
1437530 2536.2
1437540 2526.6
1437550 2521.1
1437560 2521.1
1437570 2518.7
1437580 2516.7
1437590 2516.7
1437600 2515.6
1437610 2514.9
1437620 2514.9
1437630 2512.9
1437640 2509.9
1437650 2509.9
1437660 2508.9
1437670 2508.0
1437680 2508.0
1437690 2507.6
1437700 2510.0
1437710 2510.0
1437720 2514.8
1437730 2520.2
1437740 2520.2
1437750 2524.4
1437760 2527.5
1437770 2529.2
1437780 2529.2
1437790 2531.0
1437800 2533.6
1437810 2533.6
1437820 2537.5
1437830 2541.5
1437840 2541.5
1437850 2549.5
1437860 2555.8
1437870 2555.8
1437880 2560.7
1437890 2566.8
1437900 2566.8
1437910 2572.4
1437920 2576.7
1437930 2576.7
1437940 2583.1
1437950 2591.1
1437960 2591.1
1437970 2596.8
1437980 2602.1
1437990 2608.2
1438000 2608.2
1438010 2613.5
1438020 2619.0
1438030 2619.0
1438040 2625.0
1438050 2631.1
1438060 2631.1
1438070 2637.5
1438080 2644.7
1438090 2644.7
1438100 2652.7
1438110 2664.8
1438120 2664.8
1438130 2677.1
1438140 2689.6
1438150 2689.6
1438160 2702.5
1438170 2711.6
1438180 2711.6
1438190 2720.0
1438200 2730.1
1438210 2742.1
1438220 2742.1
1438230 2755.6
1438240 2764.5
1438250 2764.5
1438260 2758.0
1438270 2747.6
1438280 2747.6
1438290 2740.6
1438300 2734.4
1438310 2734.4
1438320 2728.3
1438330 2723.8
1438340 2723.8
1438350 2720.3
1438360 2717.4
1438370 2717.4
1438380 2714.0
1438390 2708.9
1438400 2708.9
1438410 2702.2
1438420 2697.0
1438430 2697.0
1438440 2695.1
1438450 2695.5
1438460 2696.7
1438470 2696.7
1438480 2700.2
1438490 2700.9
1438500 2700.9
1438510 2702.0
1438520 2704.1
1438530 2704.1
1438540 2708.1
1438550 2712.3
1438560 2712.3
1438570 2716.7
1438580 2720.8
1438590 2720.8
1438600 2725.4
1438610 2730.2
1438620 2730.2
1438630 2735.3
1438640 2740.6
1438650 2740.6
1438660 2746.4
1438670 2751.8
1438680 2756.0
1438690 2756.0
1438700 2758.5
1438710 2760.8
1438720 2760.8
1438730 2757.5
1438740 2760.2
1438750 2760.2
1438760 2763.9
1438770 2767.8
1438780 2767.8
1438790 2771.4
1438800 2773.2
1438810 2773.2
1438820 2779.2
1438830 2786.2
1438840 2786.2
1438850 2791.7
1438860 2798.0
1438870 2798.0
1438880 2805.4
1438890 2813.5
1438900 2820.2
1438910 2820.2
1438920 2824.8
1438930 2823.9
1438940 2823.9
1438950 2818.9
1438960 2810.2
1438970 2810.2
1438980 2797.5
1438990 2784.9
1439000 2784.9
1439010 2776.7
1439020 2767.0
1439030 2767.0
1439040 2759.2
1439050 2752.8
1439060 2752.8
1439070 2747.0
1439080 2743.0
1439090 2743.0
1439100 2739.3
1439110 2736.3
1439120 2733.3
1439130 2733.3
1439140 2731.4
1439150 2727.9
1439160 2727.9
1439170 2723.4
1439180 2720.3
1439190 2720.3
1439200 2718.0
1439210 2719.8
1439220 2719.8
1439230 2719.4
1439240 2717.9
1439250 2717.9
1439260 2718.6
1439270 2717.8
1439280 2717.8
1439290 2699.6
1439300 2679.0
1439310 2679.0
1439320 2667.7
1439330 2663.2
1439340 2663.2
1439350 2656.0
1439360 2647.2
1439370 2649.1
1439380 2649.1
1439390 2651.0
1439400 2645.4
1439410 2645.4
1439420 2638.5
1439430 2627.2
1439440 2627.2
1439450 2620.3
1439460 2620.4
1439470 2620.4
1439480 2625.2
1439490 2632.0
1439500 2632.0
1439510 2633.6
1439520 2627.1
1439530 2627.1
1439540 2615.3
1439550 2614.1
1439560 2614.1
1439570 2618.1
1439580 2623.7
1439590 2622.2
1439600 2622.2
1439610 2622.4
1439620 2627.0
1439630 2627.0
1439640 2630.8
1439650 2629.7
1439660 2629.7
1439670 2624.4
1439680 2624.5
1439690 2624.5
1439700 2633.2
1439710 2635.8
1439720 2635.8
1439730 2632.6
1439740 2631.8
1439750 2631.8
1439760 2632.3
1439770 2634.1
1439780 2634.1
1439790 2635.6
1439800 2636.2
1439810 2635.3
1439820 2635.3
1439830 2632.5
1439840 2628.4
1439850 2628.4
1439860 2626.2
1439870 2624.1
1439880 2624.1
1439890 2622.3
1439900 2620.2
1439910 2620.2
1439920 2619.4
1439930 2619.0
1439940 2619.0
1439950 2618.1
1439960 2616.3
1439970 2616.3
1439980 2617.9
1439990 2619.7
