1420000 2989.7
1420010 2983.2
1420020 2983.2
1420030 2977.4
1420040 2970.8
1420050 2970.8
1420060 2963.8
1420070 2954.2
1420080 2954.2
1420090 2943.4
1420100 2937.8
1420110 2937.8
1420120 2930.9
1420130 2922.8
1420140 2915.6
1420150 2915.6
1420160 2913.1
1420170 2899.3
1420180 2899.3
1420190 2896.0
1420200 2894.7
1420210 2894.7
1420220 2890.2
1420230 2885.5
1420240 2885.5
1420250 2879.5
1420260 2873.3
1420270 2873.3
1420280 2866.5
1420290 2861.7
1420300 2861.7
1420310 2854.4
1420320 2844.1
1420330 2844.1
1420340 2835.9
1420350 2827.7
1420360 2819.8
1420370 2819.8
1420380 2814.1
1420390 2810.9
1420400 2810.9
1420410 2809.5
1420420 2808.4
1420430 2808.4
1420440 2806.7
1420450 2804.2
1420460 2804.2
1420470 2801.9
1420480 2796.0
1420490 2796.0
1420500 2788.9
1420510 2779.3
1420520 2779.3
1420530 2764.4
1420540 2749.1
1420550 2749.1
1420560 2736.3
1420570 2726.9
1420580 2726.9
1420590 2709.8
1420600 2696.5
1420610 2687.9
1420620 2687.9
1420630 2676.8
1420640 2670.0
1420650 2670.0
1420660 2662.5
1420670 2652.1
1420680 2652.1
1420690 2644.7
1420700 2635.7
1420710 2635.7
1420720 2626.5
1420730 2619.3
1420740 2619.3
1420750 2608.8
1420760 2588.0
1420770 2588.0
1420780 2557.0
1420790 2541.3
1420800 2541.3
1420810 2525.5
1420820 2513.1
1420830 2505.6
1420840 2505.6
1420850 2499.1
1420860 2492.1
1420870 2492.1
1420880 2478.8
1420890 2464.9
1420900 2464.9
1420910 2450.9
1420920 2439.8
1420930 2439.8
1420940 2426.0
1420950 2412.2
1420960 2412.2
1420970 2401.3
1420980 2395.5
1420990 2395.5
1421000 2389.2
1421010 2378.9
1421020 2378.9
1421030 2373.0
1421040 2367.1
1421050 2367.1
1421060 2360.6
1421070 2353.5
1421080 2345.3
1421090 2345.3
1421100 2338.6
1421110 2335.7
1421120 2335.7
1421130 2330.3
1421140 2324.6
1421150 2324.6
1421160 2321.3
1421170 2315.1
1421180 2315.1
1421190 2303.3
1421200 2295.6
1421210 2295.6
1421220 2287.8
1421230 2273.8
1421240 2273.8
1421250 2255.9
1421260 2248.6
1421270 2248.6
1421280 2242.1
1421290 2235.4
1421300 2229.5
1421310 2229.5
1421320 2222.2
1421330 2211.8
1421340 2211.8
1421350 2207.0
1421360 2203.8
1421370 2203.8
1421380 2200.2
1421390 2194.9
1421400 2194.9
1421410 2187.8
1421420 2182.1
1421430 2182.1
1421440 2176.8
1421450 2171.9
1421460 2171.9
1421470 2166.2
1421480 2161.4
1421490 2161.4
1421500 2154.4
1421510 2147.7
1421520 2141.3
1421530 2141.3
1421540 2135.9
1421550 2131.6
1421560 2131.6
1421570 2127.8
1421580 2120.1
1421590 2120.1
1421600 2114.5
1421610 2107.8
1421620 2107.8
1421630 2102.2
1421640 2096.2
1421650 2096.2
1421660 2087.4
1421670 2079.4
1421680 2079.4
1421690 2071.4
1421700 2063.9
1421710 2063.9
1421720 2056.1
1421730 2048.4
1421740 2048.4
1421750 2040.6
1421760 2032.9
1421770 2027.0
1421780 2027.0
1421790 2022.6
1421800 2018.2
1421810 2018.2
1421820 2013.8
1421830 2008.4
1421840 2008.4
1421850 2002.7
1421860 1997.2
1421870 1997.2
1421880 1992.2
1421890 1987.5
1421900 1987.5
1421910 1983.0
1421920 1978.4
1421930 1978.4
1421940 1973.8
1421950 1968.7
1421960 1968.7
1421970 1963.6
1421980 1958.9
1421990 1953.8
1422000 1953.8
1422010 1948.6
1422020 1943.7
1422030 1943.7
1422040 1938.7
1422050 1933.7
1422060 1933.7
1422070 1929.1
1422080 1924.7
1422090 1924.7
1422100 1919.7
1422110 1914.3
1422120 1914.3
1422130 1909.3
1422140 1905.1
1422150 1905.1
1422160 1901.3
1422170 1897.1
1422180 1897.1
1422190 1892.5
1422200 1888.5
1422210 1884.5
1422220 1884.5
1422230 1880.3
1422240 1876.4
1422250 1876.4
1422260 1872.9
1422270 1869.4
1422280 1869.4
1422290 1865.7
1422300 1861.8
1422310 1861.8
1422320 1858.3
1422330 1855.1
1422340 1855.1
1422350 1851.9
1422360 1848.7
1422370 1848.7
1422380 1845.7
1422390 1842.6
1422400 1842.6
1422410 1839.5
1422420 1836.1
1422430 1836.1
1422440 1833.2
1422450 1831.3
1422460 1828.6
1422470 1828.6
1422480 1825.3
1422490 1822.9
1422500 1822.9
1422510 1819.6
1422520 1815.9
1422530 1815.9
1422540 1813.0
1422550 1810.7
1422560 1810.7
1422570 1808.6
1422580 1806.7
1422590 1806.7
1422600 1804.5
1422610 1802.0
1422620 1802.0
1422630 1798.8
1422640 1795.6
1422650 1795.6
1422660 1792.4
1422670 1788.8
1422680 1785.1
1422690 1785.1
1422700 1780.6
1422710 1775.9
1422720 1775.9
1422730 1771.0
1422740 1766.1
1422750 1766.1
1422760 1759.9
1422770 1754.7
1422780 1754.7
1422790 1751.1
1422800 1747.2
1422810 1747.2
1422820 1742.7
1422830 1738.2
1422840 1738.2
1422850 1733.6
1422860 1729.0
1422870 1729.0
1422880 1724.7
1422890 1721.1
1422900 1717.5
1422910 1717.5
1422920 1713.4
1422930 1709.0
1422940 1709.0
1422950 1705.6
1422960 1702.2
1422970 1702.2
1422980 1698.5
1422990 1695.7
1423000 1695.7
1423010 1692.7
1423020 1688.8
1423030 1688.8
1423040 1684.0
1423050 1679.1
1423060 1679.1
1423070 1676.2
1423080 1673.3
1423090 1673.3
1423100 1668.1
1423110 1663.4
1423120 1663.4
1423130 1659.5
1423140 1656.0
1423150 1652.5
1423160 1652.5
1423170 1649.2
1423180 1645.6
1423190 1645.6
1423200 1641.9
1423210 1638.4
1423220 1638.4
1423230 1635.1
1423240 1631.7
1423250 1631.7
1423260 1628.2
1423270 1624.6
1423280 1624.6
1423290 1621.4
1423300 1618.0
1423310 1618.0
1423320 1615.0
1423330 1611.9
1423340 1611.9
1423350 1608.8
1423360 1605.4
1423370 1602.1
1423380 1602.1
1423390 1599.0
1423400 1596.0
1423410 1596.0
1423420 1593.0
1423430 1590.1
1423440 1590.1
1423450 1587.1
1423460 1583.4
1423470 1583.4
1423480 1580.0
1423490 1577.1
1423500 1577.1
1423510 1574.0
1423520 1571.5
1423530 1571.5
1423540 1569.1
1423550 1566.0
1423560 1566.0
1423570 1563.0
1423580 1560.4
1423590 1560.4
1423600 1556.7
1423610 1553.1
1423620 1549.3
1423630 1549.3
1423640 1545.0
1423650 1540.9
1423660 1540.9
1423670 1537.3
1423680 1534.3
1423690 1534.3
1423700 1531.4
1423710 1528.2
1423720 1528.2
1423730 1525.1
1423740 1522.0
1423750 1522.0
1423760 1518.0
1423770 1514.7
1423780 1514.7
1423790 1511.6
1423800 1508.0
1423810 1508.0
1423820 1504.5
1423830 1500.7
1423840 1496.8
1423850 1496.8
1423860 1493.0
1423870 1489.1
1423880 1489.1
1423890 1484.9
1423900 1480.3
1423910 1480.3
1423920 1476.1
1423930 1472.4
1423940 1472.4
1423950 1469.2
1423960 1465.5
1423970 1465.5
1423980 1462.6
1423990 1459.9
1424000 1459.9
1424010 1457.1
1424020 1454.2
1424030 1454.2
1424040 1451.2
1424050 1449.4
1424060 1447.5
1424070 1447.5
1424080 1444.5
1424090 1440.8
1424100 1440.8
1424110 1438.3
1424120 1435.8
1424130 1435.8
1424140 1433.2
1424150 1430.9
1424160 1430.9
1424170 1428.1
1424180 1426.3
1424190 1426.3
1424200 1424.2
1424210 1421.2
1424220 1421.2
1424230 1418.2
1424240 1415.3
1424250 1415.3
1424260 1412.6
1424270 1408.3
1424280 1408.3
1424290 1404.9
1424300 1402.5
1424310 1399.5
1424320 1399.5
1424330 1396.1
1424340 1392.5
1424350 1392.5
1424360 1390.0
1424370 1386.7
1424380 1386.7
1424390 1383.3
1424400 1380.3
1424410 1380.3
1424420 1377.5
1424430 1375.2
1424440 1375.2
1424450 1374.0
1424460 1370.9
1424470 1370.9
1424480 1367.9
1424490 1365.1
1424500 1365.1
1424510 1362.7
1424520 1360.8
1424530 1358.6
1424540 1358.6
1424550 1355.8
1424560 1353.7
1424570 1353.7
1424580 1351.7
1424590 1348.8
1424600 1348.8
1424610 1345.9
1424620 1343.1
1424630 1343.1
1424640 1340.8
1424650 1338.8
1424660 1338.8
1424670 1336.9
1424680 1334.6
1424690 1334.6
1424700 1331.7
1424710 1329.3
1424720 1329.3
1424730 1326.9
1424740 1324.9
1424750 1323.2
1424760 1323.2
1424770 1321.5
1424780 1319.3
1424790 1319.3
1424800 1317.2
1424810 1314.9
1424820 1314.9
1424830 1312.1
1424840 1308.9
1424850 1308.9
1424860 1305.6
1424870 1303.1
1424880 1303.1
1424890 1301.3
1424900 1299.0
1424910 1299.0
1424920 1297.0
1424930 1294.8
1424940 1294.8
1424950 1292.2
1424960 1289.9
1424970 1289.9
1424980 1287.7
1424990 1286.0
1425000 1284.0
1425010 1284.0
1425020 1281.7
1425030 1279.9
1425040 1279.9
1425050 1277.9
1425060 1276.6
1425070 1276.6
1425080 1274.9
1425090 1273.4
1425100 1273.4
1425110 1271.7
1425120 1269.9
1425130 1269.9
1425140 1268.0
1425150 1266.3
1425160 1266.3
1425170 1264.5
1425180 1262.5
1425190 1262.5
1425200 1260.7
1425210 1259.3
1425220 1258.2
1425230 1258.2
1425240 1257.3
1425250 1256.1
1425260 1256.1
1425270 1254.4
1425280 1253.0
1425290 1253.0
1425300 1251.4
1425310 1249.6
1425320 1249.6
1425330 1248.0
1425340 1244.6
1425350 1244.6
1425360 1241.7
1425370 1237.9
1425380 1237.9
1425390 1237.6
1425400 1239.7
1425410 1239.7
1425420 1239.6
1425430 1240.3
1425440 1242.9
1425450 1242.9
1425460 1246.8
1425470 1248.4
1425480 1248.4
1425490 1250.0
1425500 1256.3
1425510 1256.3
1425520 1260.1
1425530 1264.9
1425540 1264.9
1425550 1270.8
1425560 1276.5
1425570 1276.5
1425580 1281.4
1425590 1288.9
1425600 1288.9
1425610 1296.0
1425620 1302.7
1425630 1302.7
1425640 1311.0
1425650 1315.9
1425660 1315.9
1425670 1320.9
1425680 1326.5
1425690 1332.2
1425700 1332.2
1425710 1338.4
1425720 1344.9
1425730 1344.9
1425740 1351.4
1425750 1358.7
1425760 1358.7
1425770 1364.7
1425780 1369.5
1425790 1369.5
1425800 1375.4
1425810 1382.2
1425820 1382.2
1425830 1387.6
1425840 1392.3
1425850 1392.3
1425860 1397.1
1425870 1402.3
1425880 1402.3
1425890 1407.3
1425900 1413.3
1425910 1420.0
1425920 1420.0
1425930 1424.8
1425940 1428.4
1425950 1428.4
1425960 1432.0
1425970 1434.3
1425980 1434.3
1425990 1437.2
1426000 1440.2
1426010 1440.2
1426020 1446.3
1426030 1454.1
1426040 1454.1
1426050 1460.2
1426060 1464.4
1426070 1464.4
1426080 1468.7
1426090 1473.3
1426100 1473.3
1426110 1478.5
1426120 1483.1
1426130 1483.1
1426140 1488.9
1426150 1494.7
1426160 1501.1
1426170 1501.1
1426180 1507.0
1426190 1513.3
1426200 1513.3
1426210 1520.9
1426220 1528.0
1426230 1528.0
1426240 1533.6
1426250 1540.5
1426260 1540.5
1426270 1547.6
1426280 1553.5
1426290 1553.5
1426300 1557.1
1426310 1559.8
1426320 1559.8
1426330 1563.7
1426340 1568.8
1426350 1568.8
1426360 1573.5
1426370 1578.3
1426380 1582.3
1426390 1582.3
1426400 1584.0
1426410 1585.5
1426420 1585.5
1426430 1586.9
1426440 1590.3
1426450 1590.3
1426460 1592.7
1426470 1595.0
1426480 1595.0
1426490 1597.3
1426500 1597.9
1426510 1597.9
1426520 1598.3
1426530 1598.7
1426540 1598.7
1426550 1600.1
1426560 1602.2
1426570 1602.2
1426580 1604.7
1426590 1605.5
1426600 1604.6
1426610 1604.6
1426620 1605.0
1426630 1606.1
1426640 1606.1
1426650 1607.8
1426660 1609.2
1426670 1609.2
1426680 1612.8
1426690 1615.9
1426700 1615.9
1426710 1619.5
1426720 1624.0
1426730 1624.0
1426740 1628.9
1426750 1635.3
1426760 1635.3
1426770 1640.6
1426780 1641.8
1426790 1641.8
1426800 1645.2
1426810 1649.5
1426820 1649.5
1426830 1654.7
1426840 1659.1
1426850 1662.3
1426860 1662.3
1426870 1667.6
1426880 1672.1
1426890 1672.1
1426900 1676.6
1426910 1682.8
1426920 1682.8
1426930 1687.5
1426940 1693.0
1426950 1693.0
1426960 1700.0
1426970 1706.1
1426980 1706.1
1426990 1712.2
1427000 1718.0
1427010 1718.0
1427020 1724.0
1427030 1729.5
1427040 1729.5
1427050 1734.7
1427060 1739.0
1427070 1743.3
1427080 1743.3
1427090 1748.1
1427100 1752.9
1427110 1752.9
1427120 1756.8
1427130 1759.3
1427140 1759.3
1427150 1764.3
1427160 1770.2
1427170 1770.2
1427180 1778.2
1427190 1786.4
1427200 1786.4
1427210 1792.5
1427220 1796.7
1427230 1796.7
1427240 1801.2
1427250 1807.1
1427260 1807.1
1427270 1814.5
1427280 1820.8
1427290 1827.5
1427300 1827.5
1427310 1832.1
1427320 1835.8
1427330 1835.8
1427340 1841.2
1427350 1846.2
1427360 1846.2
1427370 1851.6
1427380 1859.3
1427390 1859.3
1427400 1865.7
1427410 1870.2
1427420 1870.2
1427430 1878.1
1427440 1884.0
1427450 1884.0
1427460 1888.7
1427470 1893.7
1427480 1893.7
1427490 1902.6
1427500 1911.6
1427510 1911.6
1427520 1919.8
1427530 1924.2
1427540 1926.1
1427550 1926.1
1427560 1928.4
1427570 1932.2
1427580 1932.2
1427590 1937.3
1427600 1940.7
1427610 1940.7
1427620 1946.1
1427630 1952.5
1427640 1952.5
1427650 1958.0
1427660 1963.6
1427670 1963.6
1427680 1968.5
1427690 1972.5
1427700 1972.5
1427710 1980.4
1427720 1986.3
1427730 1986.3
1427740 1993.3
1427750 2002.4
1427760 2008.5
1427770 2008.5
1427780 2013.1
1427790 2016.6
1427800 2016.6
1427810 2016.9
1427820 2021.7
1427830 2021.7
1427840 2026.3
1427850 2029.6
1427860 2029.6
1427870 2033.8
1427880 2035.5
1427890 2035.5
1427900 2036.5
1427910 2038.9
1427920 2038.9
1427930 2042.3
1427940 2049.4
1427950 2049.4
1427960 2056.4
1427970 2067.6
1427980 2078.2
1427990 2078.2
1428000 2085.4
1428010 2088.4
1428020 2088.4
1428030 2086.6
1428040 2084.6
1428050 2084.6
1428060 2082.4
1428070 2082.2
1428080 2082.2
1428090 2081.1
1428100 2079.7
1428110 2079.7
1428120 2078.4
1428130 2077.9
1428140 2077.9
1428150 2077.4
1428160 2077.2
1428170 2077.2
1428180 2077.4
1428190 2079.5
1428200 2079.5
1428210 2081.0
1428220 2081.4
1428230 2082.5
1428240 2082.5
1428250 2083.5
1428260 2084.0
1428270 2084.0
1428280 2084.7
1428290 2085.8
1428300 2085.8
1428310 2087.4
1428320 2088.1
1428330 2088.1
1428340 2088.3
1428350 2089.5
1428360 2089.5
1428370 2091.4
1428380 2093.4
1428390 2093.4
1428400 2096.4
1428410 2097.9
1428420 2097.9
1428430 2101.1
1428440 2103.8
1428450 2106.0
1428460 2106.0
1428470 2109.5
1428480 2111.4
1428490 2111.4
1428500 2115.2
1428510 2121.4
1428520 2121.4
1428530 2121.0
1428540 2119.7
1428550 2119.7
1428560 2118.5
1428570 2118.5
1428580 2118.5
1428590 2120.2
1428600 2122.6
1428610 2122.6
1428620 2124.9
1428630 2129.2
1428640 2129.2
1428650 2132.4
1428660 2137.5
1428670 2137.5
1428680 2142.8
1428690 2147.5
1428700 2152.6
1428710 2152.6
1428720 2156.2
1428730 2159.1
1428740 2159.1
1428750 2160.3
1428760 2158.1
1428770 2158.1
1428780 2158.7
1428790 2160.1
1428800 2160.1
1428810 2159.7
1428820 2159.5
1428830 2159.5
1428840 2160.8
1428850 2164.2
1428860 2164.2
1428870 2165.3
1428880 2168.7
1428890 2168.7
1428900 2172.7
1428910 2178.5
1428920 2184.7
1428930 2184.7
1428940 2191.5
1428950 2197.9
1428960 2197.9
1428970 2204.0
1428980 2207.2
1428990 2207.2
1429000 2208.7
1429010 2206.8
1429020 2206.8
1429030 2206.4
1429040 2206.8
1429050 2206.8
1429060 2209.5
1429070 2210.3
1429080 2210.3
1429090 2211.5
1429100 2212.4
1429110 2212.4
1429120 2213.2
1429130 2214.5
1429140 2216.2
1429150 2216.2
1429160 2215.2
1429170 2216.4
1429180 2216.4
1429190 2218.9
1429200 2221.0
1429210 2221.0
1429220 2222.6
1429230 2225.1
1429240 2225.1
1429250 2230.0
1429260 2235.2
1429270 2235.2
1429280 2238.6
1429290 2243.1
1429300 2243.1
1429310 2248.9
1429320 2254.1
1429330 2254.1
1429340 2259.0
1429350 2260.8
1429360 2260.8
1429370 2261.5
1429380 2262.9
1429390 2263.1
1429400 2263.1
1429410 2264.0
1429420 2264.5
1429430 2264.5
1429440 2263.9
1429450 2263.6
1429460 2263.6
1429470 2264.6
1429480 2266.3
1429490 2266.3
1429500 2267.2
1429510 2267.7
1429520 2267.7
1429530 2267.5
1429540 2265.5
1429550 2265.5
1429560 2267.2
1429570 2271.5
1429580 2271.5
1429590 2275.0
1429600 2276.5
1429610 2276.2
1429620 2276.2
1429630 2277.0
1429640 2277.8
1429650 2277.8
1429660 2278.4
1429670 2278.6
1429680 2278.6
1429690 2277.5
1429700 2277.2
1429710 2277.2
1429720 2275.7
1429730 2275.3
1429740 2275.3
1429750 2274.6
1429760 2275.2
1429770 2275.2
1429780 2275.4
1429790 2274.9
1429800 2274.9
1429810 2273.9
1429820 2272.8
1429830 2273.2
1429840 2273.2
1429850 2277.0
1429860 2279.6
1429870 2279.6
1429880 2282.1
1429890 2284.0
1429900 2284.0
1429910 2286.7
1429920 2289.7
1429930 2289.7
1429940 2293.6
1429950 2297.2
1429960 2297.2
1429970 2300.1
1429980 2303.7
1429990 2303.7
1430000 2308.1
1430010 2311.2
1430020 2311.2
1430030 2315.0
1430040 2319.9
1430050 2319.9
1430060 2324.6
1430070 2329.3
1430080 2334.0
1430090 2334.0
1430100 2338.9
1430110 2343.6
1430120 2348.3
1430130 2353.3
1430140 2359.1
1430150 2359.1
1430160 2364.5
1430170 2370.3
1430180 2370.3
1430190 2376.7
1430200 2381.8
1430210 2381.8
1430220 2384.3
1430230 2385.4
1430240 2385.4
1430250 2386.2
1430260 2386.1
1430270 2386.1
1430280 2384.3
1430290 2382.6
1430300 2381.0
1430310 2381.0
1430320 2379.8
1430330 2378.6
1430340 2378.6
1430350 2376.3
1430360 2375.2
1430370 2375.2
1430380 2377.6
1430390 2379.9
1430400 2379.9
1430410 2380.9
1430420 2382.1
1430430 2382.1
1430440 2383.5
1430450 2385.1
1430460 2385.1
1430470 2387.5
1430480 2389.7
1430490 2389.7
1430500 2391.1
1430510 2393.5
1430520 2394.5
1430530 2394.5
1430540 2396.1
1430550 2398.4
1430560 2398.4
1430570 2401.1
1430580 2403.1
1430590 2403.1
1430600 2403.7
1430610 2403.6
1430620 2403.6
1430630 2403.9
1430640 2406.1
1430650 2406.1
1430660 2408.0
1430670 2409.6
1430680 2409.6
1430690 2410.7
1430700 2410.6
1430710 2410.6
1430720 2412.0
1430730 2415.0
1430740 2415.0
1430750 2417.6
1430760 2419.8
1430770 2417.9
1430780 2417.9
1430790 2408.4
1430800 2399.0
1430810 2399.0
1430820 2390.2
1430830 2381.8
1430840 2381.8
1430850 2374.5
1430860 2367.2
1430870 2367.2
1430880 2360.3
1430890 2354.4
1430900 2354.4
1430910 2349.8
1430920 2347.6
1430930 2347.6
1430940 2346.3
1430950 2347.3
1430960 2347.3
1430970 2346.9
1430980 2345.7
1430990 2345.6
1431000 2345.6
1431010 2345.2
1431020 2346.5
1431030 2346.5
1431040 2345.8
1431050 2341.1
1431060 2341.1
1431070 2337.0
1431080 2335.5
1431090 2335.5
1431100 2333.8
1431110 2331.1
1431120 2331.1
1431130 2329.0
1431140 2326.8
1431150 2326.8
1431160 2325.1
1431170 2324.5
1431180 2324.5
1431190 2323.7
1431200 2321.1
1431210 2321.1
1431220 2317.3
1431230 2313.7
1431240 2310.8
1431250 2310.8
1431260 2310.1
1431270 2310.1
1431280 2310.1
1431290 2308.9
1431300 2307.8
1431310 2307.8
1431320 2306.9
1431330 2305.8
1431340 2305.8
1431350 2302.3
1431360 2296.5
1431370 2296.5
1431380 2285.9
1431390 2277.7
1431400 2277.7
1431410 2271.8
1431420 2266.9
1431430 2266.9
1431440 2262.7
1431450 2259.1
1431460 2255.7
1431470 2255.7
1431480 2251.8
1431490 2247.9
1431500 2247.9
1431510 2243.3
1431520 2239.8
1431530 2239.8
1431540 2237.5
1431550 2233.3
1431560 2233.3
1431570 2225.8
1431580 2214.0
1431590 2214.0
1431600 2205.5
1431610 2195.5
1431620 2195.5
1431630 2188.1
1431640 2183.3
1431650 2183.3
1431660 2181.3
1431670 2180.3
1431680 2179.9
1431690 2179.9
1431700 2180.3
1431710 2182.1
1431720 2182.1
1431730 2182.7
1431740 2182.3
1431750 2182.3
1431760 2179.7
1431770 2177.9
1431780 2177.9
1431790 2176.1
1431800 2175.1
1431810 2175.1
1431820 2174.4
1431830 2172.8
1431840 2172.8
1431850 2170.2
1431860 2165.9
1431870 2165.9
1431880 2161.5
1431890 2157.5
1431900 2157.5
1431910 2153.8
1431920 2150.2
1431930 2146.8
1431940 2146.8
1431950 2143.0
1431960 2138.6
1431970 2138.6
1431980 2133.6
1431990 2127.8
1432000 2127.8
1432010 2122.6
1432020 2122.3
1432030 2122.3
1432040 2123.1
1432050 2124.7
1432060 2124.7
1432070 2124.8
1432080 2121.4
1432090 2121.4
1432100 2116.1
1432110 2110.4
1432120 2110.4
1432130 2104.7
1432140 2099.9
1432150 2096.5
1432160 2096.5
1432170 2093.2
1432180 2090.6
1432190 2090.6
1432200 2083.0
1432210 2076.9
1432220 2076.9
1432230 2071.0
1432240 2069.6
1432250 2069.6
1432260 2067.8
1432270 2061.2
1432280 2061.2
1432290 2055.4
1432300 2053.2
1432310 2053.2
1432320 2048.2
1432330 2043.2
1432340 2043.2
1432350 2038.8
1432360 2038.0
1432370 2038.8
1432380 2038.8
1432390 2038.4
1432400 2037.0
1432410 2037.0
1432420 2034.8
1432430 2030.8
1432440 2030.8
1432450 2029.0
1432460 2028.2
1432470 2028.2
1432480 2028.1
1432490 2028.6
1432500 2028.6
1432510 2020.6
1432520 2020.2
1432530 2020.2
1432540 2018.5
1432550 2017.7
1432560 2017.7
1432570 2016.2
1432580 2014.9
1432590 2014.9
1432600 2012.9
1432610 2011.7
1432620 2010.1
1432630 2010.1
1432640 2009.0
1432650 2009.0
1432660 2009.0
1432670 2009.0
1432680 2010.4
1432690 2010.4
1432700 2012.5
1432710 2013.6
1432720 2013.6
1432730 2015.2
1432740 2014.1
1432750 2014.1
1432760 2010.8
1432770 2005.7
1432780 2005.7
1432790 2000.7
1432800 1996.6
1432810 1996.6
1432820 1992.5
1432830 1987.9
1432840 1984.6
1432850 1984.6
1432860 1983.2
1432870 1981.8
1432880 1981.8
1432890 1978.6
1432900 1975.9
1432910 1975.9
1432920 1972.7
1432930 1969.3
1432940 1969.3
1432950 1965.8
1432960 1962.4
1432970 1962.4
1432980 1959.0
1432990 1953.4
1433000 1953.4
1433010 1945.7
1433020 1938.2
1433030 1938.2
1433040 1928.6
1433050 1919.4
1433060 1912.2
1433070 1912.2
1433080 1906.1
1433090 1901.0
1433100 1901.0
1433110 1896.9
1433120 1893.5
1433130 1893.5
1433140 1889.3
1433150 1883.5
1433160 1883.5
1433170 1877.0
1433180 1871.0
1433190 1871.0
1433200 1865.6
1433210 1858.4
1433220 1858.4
1433230 1851.4
1433240 1843.4
1433250 1843.4
1433260 1835.7
1433270 1829.1
1433280 1829.1
1433290 1824.0
1433300 1817.6
1433310 1809.4
1433320 1809.4
1433330 1796.6
1433340 1779.9
1433350 1779.9
1433360 1764.0
1433370 1747.3
1433380 1747.3
1433390 1734.3
1433400 1722.8
1433410 1722.8
1433420 1711.5
1433430 1702.9
1433440 1702.9
1433450 1693.0
1433460 1684.1
1433470 1684.1
1433480 1674.4
1433490 1665.1
1433500 1665.1
1433510 1656.5
1433520 1648.7
1433530 1640.7
1433540 1640.7
1433550 1632.2
1433560 1624.4
1433570 1624.4
1433580 1617.1
1433590 1609.3
1433600 1609.3
1433610 1599.3
1433620 1590.7
1433630 1590.7
1433640 1582.0
1433650 1573.7
1433660 1573.7
1433670 1565.5
1433680 1557.2
1433690 1557.2
1433700 1549.6
1433710 1543.2
1433720 1543.2
1433730 1537.6
1433740 1529.3
1433750 1513.5
1433760 1513.5
1433770 1501.0
1433780 1493.8
1433790 1493.8
1433800 1487.1
1433810 1480.5
1433820 1480.5
1433830 1473.9
1433840 1467.3
1433850 1467.3
1433860 1460.9
1433870 1454.9
1433880 1454.9
1433890 1449.3
1433900 1443.7
1433910 1443.7
1433920 1437.9
1433930 1432.0
1433940 1432.0
1433950 1426.3
1433960 1420.5
1433970 1420.5
1433980 1415.5
1433990 1410.7
1434000 1405.7
1434010 1405.7
1434020 1400.5
1434030 1395.4
1434040 1395.4
1434050 1390.3
1434060 1384.0
1434070 1384.0
1434080 1377.7
1434090 1372.0
1434100 1372.0
1434110 1366.6
1434120 1361.7
1434130 1361.7
1434140 1356.9
1434150 1351.1
1434160 1351.1
1434170 1345.2
1434180 1341.3
1434190 1341.3
1434200 1338.0
1434210 1334.7
1434220 1331.4
1434230 1331.4
1434240 1327.9
1434250 1325.2
1434260 1325.2
1434270 1322.8
1434280 1321.1
1434290 1321.1
1434300 1318.9
1434310 1317.9
1434320 1317.9
1434330 1317.0
1434340 1316.0
1434350 1316.0
1434360 1313.9
1434370 1311.5
1434380 1311.5
1434390 1309.1
1434400 1308.5
1434410 1308.5
1434420 1307.5
1434430 1306.7
1434440 1306.7
1434450 1305.9
1434460 1305.5
1434470 1305.2
1434480 1305.2
1434490 1305.1
1434500 1305.2
1434510 1305.2
1434520 1305.2
1434530 1305.2
1434540 1305.2
1434550 1305.3
1434560 1305.1
1434570 1305.1
1434580 1305.1
1434590 1305.1
1434600 1305.1
1434610 1305.1
1434620 1305.0
1434630 1305.0
1434640 1305.1
1434650 1304.3
1434660 1304.3
1434670 1303.9
1434680 1304.8
1434690 1304.4
1434700 1304.4
1434710 1304.2
1434720 1305.3
1434730 1305.3
1434740 1310.0
1434750 1316.3
1434760 1316.3
1434770 1322.3
1434780 1328.5
1434790 1328.5
1434800 1335.0
1434810 1342.0
1434820 1342.0
1434830 1348.8
1434840 1354.1
1434850 1354.1
1434860 1360.3
1434870 1368.5
1434880 1368.5
1434890 1375.1
1434900 1379.0
1434910 1384.1
1434920 1384.1
1434930 1389.7
1434940 1395.0
1434950 1395.0
1434960 1400.3
1434970 1406.8
1434980 1406.8
1434990 1411.7
1435000 1416.3
1435010 1418.2
1435020 1424.6
1435030 1430.3
1435040 1430.3
1435050 1435.7
1435060 1440.8
1435070 1440.8
1435080 1445.8
1435090 1451.4
1435100 1451.4
1435110 1457.7
1435120 1463.6
1435130 1463.6
1435140 1469.0
1435150 1474.6
1435160 1479.7
1435170 1479.7
1435180 1485.5
1435190 1491.9
1435200 1491.9
1435210 1497.9
1435220 1502.7
1435230 1502.7
1435240 1508.1
1435250 1514.7
1435260 1514.7
1435270 1519.5
1435280 1525.0
1435290 1525.0
1435300 1529.6
1435310 1533.7
1435320 1533.7
1435330 1538.5
1435340 1544.0
1435350 1544.0
1435360 1547.6
1435370 1550.4
1435380 1554.0
1435390 1554.0
1435400 1557.4
1435410 1561.2
1435420 1561.2
1435430 1566.0
1435440 1571.4
1435450 1571.4
1435460 1576.7
1435470 1582.2
1435480 1582.2
1435490 1588.3
1435500 1594.1
1435510 1594.1
1435520 1600.6
1435530 1605.8
1435540 1605.8
1435550 1609.6
1435560 1613.7
1435570 1613.7
1435580 1618.3
1435590 1623.6
1435600 1629.7
1435610 1629.7
1435620 1635.6
1435630 1642.2
1435640 1642.2
1435650 1647.8
1435660 1653.1
1435670 1653.1
1435680 1660.2
1435690 1667.8
1435700 1667.8
1435710 1676.1
1435720 1684.2
1435730 1684.2
1435740 1691.7
1435750 1698.7
1435760 1698.7
1435770 1705.8
1435780 1712.4
1435790 1712.4
1435800 1718.5
1435810 1724.6
1435820 1724.6
1435830 1730.9
1435840 1737.4
1435850 1743.7
1435860 1743.7
1435870 1750.5
1435880 1757.4
1435890 1757.4
1435900 1765.0
1435910 1773.3
1435920 1773.3
1435930 1781.7
1435940 1789.7
1435950 1789.7
1435960 1797.3
1435970 1804.6
1435980 1804.6
1435990 1812.4
1436000 1820.5
1436010 1820.5
1436020 1830.7
1436030 1841.8
1436040 1841.8
1436050 1851.7
1436060 1862.5
1436070 1871.2
1436080 1871.2
1436090 1879.4
1436100 1887.2
1436110 1887.2
1436120 1894.4
1436130 1900.6
1436140 1900.6
1436150 1907.3
1436160 1913.6
1436170 1913.6
1436180 1920.0
1436190 1926.7
1436200 1926.7
1436210 1934.3
1436220 1941.6
1436230 1941.6
1436240 1949.1
1436250 1956.7
1436260 1956.7
1436270 1964.5
1436280 1972.5
1436290 1979.3
1436300 1979.3
1436310 1986.6
1436320 1993.6
1436330 1993.6
1436340 2000.4
1436350 2006.8
1436360 2006.8
1436370 2013.9
1436380 2022.0
1436390 2022.0
1436400 2032.9
1436410 2041.8
1436420 2041.8
1436430 2050.3
1436440 2060.0
1436450 2060.0
1436460 2069.7
1436470 2078.0
1436480 2078.0
1436490 2084.5
1436500 2082.7
1436510 2082.7
1436520 2078.3
1436530 2074.3
1436540 2069.4
1436550 2069.4
1436560 2064.1
1436570 2059.0
1436580 2059.0
1436590 2054.8
1436600 2051.1
1436610 2051.1
1436620 2048.2
1436630 2048.0
1436640 2048.0
1436650 2049.4
1436660 2051.6
1436670 2051.6
1436680 2054.4
1436690 2057.2
1436700 2057.2
1436710 2058.2
1436720 2059.8
1436730 2059.8
1436740 2064.3
1436750 2068.2
1436760 2070.5
1436770 2070.5
1436780 2073.5
1436790 2075.9
1436800 2075.9
1436810 2075.9
1436820 2081.4
1436830 2081.4
1436840 2086.1
1436850 2091.2
1436860 2091.2
1436870 2097.5
1436880 2104.0
1436890 2104.0
1436900 2112.8
1436910 2124.8
1436920 2124.8
1436930 2134.3
1436940 2142.4
1436950 2142.4
1436960 2149.9
1436970 2156.6
1436980 2156.6
1436990 2162.9
1437000 2168.7
1437010 2174.3
1437020 2174.3
1437030 2180.6
1437040 2187.7
1437050 2187.7
1437060 2194.5
1437070 2201.3
1437080 2201.3
1437090 2208.4
1437100 2215.2
1437110 2215.2
1437120 2222.4
1437130 2231.5
1437140 2231.5
1437150 2242.5
1437160 2257.2
1437170 2257.2
1437180 2266.7
1437190 2271.7
1437200 2271.7
1437210 2276.4
1437220 2281.6
1437230 2286.7
1437240 2286.7
1437250 2292.1
1437260 2297.9
1437270 2297.9
1437280 2304.0
1437290 2309.8
1437300 2309.8
1437310 2315.5
1437320 2320.6
1437330 2320.6
1437340 2325.1
1437350 2328.1
1437360 2328.1
1437370 2328.9
1437380 2330.3
1437390 2330.3
1437400 2333.2
1437410 2333.4
1437420 2333.4
1437430 2334.0
1437440 2335.7
1437450 2338.4
1437460 2338.4
1437470 2341.5
1437480 2344.3
1437490 2344.3
1437500 2347.8
1437510 2351.4
1437520 2351.4
1437530 2355.4
1437540 2359.5
1437550 2359.5
1437560 2363.5
1437570 2367.9
1437580 2367.9
1437590 2372.8
1437600 2378.1
1437610 2378.1
1437620 2383.4
1437630 2388.8
1437640 2388.8
1437650 2398.3
1437660 2404.0
1437670 2404.0
1437680 2412.1
1437690 2420.4
1437700 2428.5
1437710 2428.5
1437720 2433.7
1437730 2446.1
1437740 2446.1
1437750 2458.7
1437760 2469.5
1437770 2469.5
1437780 2475.1
1437790 2480.9
1437800 2480.9
1437810 2487.8
1437820 2494.7
1437830 2494.7
1437840 2505.8
1437850 2522.5
1437860 2522.5
1437870 2527.6
1437880 2533.3
1437890 2533.3
1437900 2540.1
1437910 2546.9
1437920 2553.3
1437930 2553.3
1437940 2560.1
1437950 2568.3
1437960 2568.3
1437970 2577.2
1437980 2588.5
1437990 2588.5
1438000 2604.9
1438010 2615.7
1438020 2615.7
1438030 2625.2
1438040 2633.4
1438050 2633.4
1438060 2640.5
1438070 2647.2
1438080 2647.2
1438090 2653.2
1438100 2660.3
1438110 2660.3
1438120 2667.2
1438130 2673.3
1438140 2679.9
1438150 2679.9
1438160 2686.7
1438170 2693.0
1438180 2693.0
1438190 2699.8
1438200 2706.4
1438210 2706.4
1438220 2712.8
1438230 2719.6
1438240 2719.6
1438250 2726.0
1438260 2732.3
1438270 2732.3
1438280 2738.5
1438290 2744.6
1438300 2744.6
1438310 2748.6
1438320 2739.6
1438330 2739.6
1438340 2730.5
1438350 2722.3
1438360 2722.3
1438370 2711.5
1438380 2700.5
1438390 2691.4
1438400 2691.4
1438410 2685.4
1438420 2676.0
1438430 2676.0
1438440 2664.2
1438450 2654.0
1438460 2654.0
1438470 2639.4
1438480 2626.6
1438490 2626.6
1438500 2614.7
1438510 2603.6
1438520 2603.6
1438530 2597.1
1438540 2590.5
1438550 2590.5
1438560 2583.6
1438570 2576.2
1438580 2576.2
1438590 2568.7
1438600 2561.8
1438610 2556.1
1438620 2556.1
1438630 2550.3
1438640 2543.2
1438650 2543.2
1438660 2536.4
1438670 2528.9
1438680 2528.9
1438690 2521.2
1438700 2514.2
1438710 2514.2
1438720 2508.0
1438730 2502.3
1438740 2502.3
1438750 2496.8
1438760 2491.4
1438770 2491.4
1438780 2486.3
1438790 2481.2
1438800 2481.2
1438810 2476.0
1438820 2471.3
1438830 2466.5
1438840 2466.5
1438850 2462.0
1438860 2457.6
1438870 2457.6
1438880 2453.8
1438890 2450.1
1438900 2450.1
1438910 2447.9
1438920 2444.8
1438930 2444.8
1438940 2443.2
1438950 2442.4
1438960 2442.4
1438970 2441.6
1438980 2440.1
1438990 2440.1
1439000 2438.5
1439010 2436.0
1439020 2436.0
1439030 2434.8
1439040 2435.4
1439050 2435.4
1439060 2435.4
1439070 2437.2
1439080 2438.3
1439090 2438.3
1439100 2439.6
1439110 2442.9
1439120 2442.9
1439130 2444.1
1439140 2444.9
1439150 2444.9
1439160 2448.0
1439170 2448.7
1439180 2448.7
1439190 2448.5
1439200 2451.2
1439210 2451.2
1439220 2454.4
1439230 2458.4
1439240 2458.4
1439250 2464.4
1439260 2469.9
1439270 2469.9
1439280 2472.5
1439290 2471.3
1439300 2468.7
1439310 2468.7
1439320 2464.3
1439330 2462.7
1439340 2462.7
1439350 2463.4
1439360 2464.7
1439370 2464.7
1439380 2467.0
1439390 2467.2
1439400 2467.2
1439410 2466.9
1439420 2466.1
1439430 2466.1
1439440 2463.1
1439450 2460.9
1439460 2460.9
1439470 2461.0
1439480 2462.2
1439490 2462.2
1439500 2465.3
1439510 2468.1
1439520 2468.1
1439530 2468.5
1439540 2467.6
1439550 2466.0
1439560 2466.0
1439570 2464.1
1439580 2460.8
1439590 2460.8
1439600 2456.4
1439610 2451.5
1439620 2451.5
1439630 2446.9
1439640 2444.4
1439650 2444.4
1439660 2443.2
1439670 2441.3
1439680 2441.3
1439690 2437.6
1439700 2433.9
1439710 2433.9
1439720 2431.8
1439730 2427.2
1439740 2427.2
1439750 2424.0
1439760 2423.0
1439770 2421.4
1439780 2421.4
1439790 2420.0
1439800 2420.3
1439810 2420.3
1439820 2417.5
1439830 2411.7
1439840 2411.7
1439850 2404.0
1439860 2398.6
1439870 2398.6
1439880 2394.3
1439890 2391.1
1439900 2391.1
1439910 2388.4
1439920 2387.0
1439930 2387.0
1439940 2385.6
1439950 2383.2
1439960 2383.2
1439970 2380.4
1439980 2377.9
1439990 2370.5
