1420000 3224.0
1420010 3224.0
1420020 3216.5
1420030 3208.5
1420040 3208.5
1420050 3200.4
1420060 3191.2
1420070 3191.2
1420080 3183.1
1420090 3174.6
1420100 3174.6
1420110 3165.3
1420120 3157.1
1420130 3157.1
1420140 3148.4
1420150 3141.2
1420160 3141.2
1420170 3137.3
1420180 3140.0
1420190 3151.0
1420200 3151.0
1420210 3168.2
1420220 3187.2
1420230 3187.2
1420240 3185.7
1420250 3175.9
1420260 3175.9
1420270 3168.6
1420280 3160.8
1420290 3160.8
1420300 3152.4
1420310 3144.8
1420320 3144.8
1420330 3136.4
1420340 3125.4
1420350 3125.4
1420360 3112.7
1420370 3098.8
1420380 3098.8
1420390 3084.8
1420400 3074.1
1420410 3074.1
1420420 3063.7
1420430 3052.8
1420440 3039.6
1420450 3039.6
1420460 3027.7
1420470 3015.1
1420480 3015.1
1420490 2999.8
1420500 2988.4
1420510 2988.4
1420520 2978.9
1420530 2969.5
1420540 2969.5
1420550 2960.7
1420560 2953.6
1420570 2953.6
1420580 2947.1
1420590 2938.6
1420600 2938.6
1420610 2926.6
1420620 2914.6
1420630 2914.6
1420640 2901.1
1420650 2889.6
1420660 2879.5
1420670 2879.5
1420680 2869.2
1420690 2856.4
1420700 2856.4
1420710 2843.7
1420720 2835.2
1420730 2835.2
1420740 2840.1
1420750 2833.5
1420760 2833.5
1420770 2823.6
1420780 2812.5
1420790 2812.5
1420800 2802.2
1420810 2794.2
1420820 2794.2
1420830 2789.0
1420840 2785.8
1420850 2785.8
1420860 2789.8
1420870 2800.9
1420880 2800.9
1420890 2806.1
1420900 2803.1
1420910 2801.6
1420920 2801.6
1420930 2799.9
1420940 2797.8
1420950 2797.8
1420960 2796.9
1420970 2794.5
1420980 2794.5
1420990 2787.4
1421000 2778.6
1421010 2778.6
1421020 2767.6
1421030 2756.6
1421040 2756.6
1421050 2746.6
1421060 2736.1
1421070 2736.1
1421080 2726.0
1421090 2715.9
1421100 2715.9
1421110 2704.9
1421120 2691.8
1421130 2680.4
1421140 2680.4
1421150 2669.2
1421160 2658.5
1421170 2658.5
1421180 2649.5
1421190 2639.7
1421200 2639.7
1421210 2630.7
1421220 2623.2
1421230 2623.2
1421240 2615.9
1421250 2610.0
1421260 2610.0
1421270 2603.5
1421280 2597.1
1421290 2597.1
1421300 2592.6
1421310 2590.0
1421320 2590.0
1421330 2590.4
1421340 2592.1
1421350 2593.7
1421360 2593.7
1421370 2591.2
1421380 2583.2
1421390 2583.2
1421400 2575.0
1421410 2570.7
1421420 2570.7
1421430 2567.7
1421440 2564.0
1421450 2564.0
1421460 2564.2
1421470 2561.4
1421480 2561.4
1421490 2556.6
1421500 2555.1
1421510 2555.1
1421520 2555.7
1421530 2558.9
1421540 2558.9
1421550 2562.1
1421560 2556.0
1421570 2556.0
1421580 2546.0
1421590 2535.9
1421600 2526.1
1421610 2526.1
1421620 2516.5
1421630 2507.4
1421640 2508.7
1421650 2499.5
1421660 2489.5
1421670 2489.5
1421680 2480.2
1421690 2471.2
1421700 2471.2
1421710 2462.2
1421720 2454.9
1421730 2454.9
1421740 2447.9
1421750 2440.8
1421760 2440.8
1421770 2433.4
1421780 2426.6
1421790 2426.6
1421800 2420.5
1421810 2414.3
1421820 2406.5
1421830 2406.5
1421840 2401.8
1421850 2397.3
1421860 2397.3
1421870 2391.7
1421880 2386.4
1421890 2386.4
1421900 2379.8
1421910 2372.4
1421920 2372.4
1421930 2365.9
1421940 2359.8
1421950 2359.8
1421960 2352.5
1421970 2344.2
1421980 2344.2
1421990 2333.9
1422000 2324.8
1422010 2324.8
1422020 2316.0
1422030 2309.5
1422040 2309.5
1422050 2302.6
1422060 2292.0
1422070 2284.5
1422080 2284.5
1422090 2277.0
1422100 2270.5
1422110 2270.5
1422120 2263.2
1422130 2256.2
1422140 2256.2
1422150 2249.6
1422160 2242.3
1422170 2242.3
1422180 2234.9
1422190 2229.8
1422200 2229.8
1422210 2221.8
1422220 2213.8
1422230 2213.8
1422240 2206.7
1422250 2200.4
1422260 2200.4
1422270 2195.0
1422280 2189.2
1422290 2182.0
1422300 2182.0
1422310 2176.1
1422320 2168.4
1422330 2168.4
1422340 2161.0
1422350 2161.6
1422360 2161.6
1422370 2165.2
1422380 2164.2
1422390 2164.2
1422400 2159.6
1422410 2154.6
1422420 2154.6
1422430 2147.3
1422440 2138.6
1422450 2138.6
1422460 2126.1
1422470 2108.7
1422480 2108.7
1422490 2095.0
1422500 2082.6
1422510 2076.0
1422520 2076.0
1422530 2069.8
1422540 2059.3
1422550 2059.3
1422560 2057.3
1422570 2055.9
1422580 2055.9
1422590 2052.0
1422600 2044.8
1422610 2044.8
1422620 2041.6
1422630 2039.8
1422640 2039.8
1422650 2038.4
1422660 2037.0
1422670 2037.0
1422680 2034.5
1422690 2029.2
1422700 2029.2
1422710 2026.8
1422720 2025.3
1422730 2025.3
1422740 2022.9
1422750 2022.3
1422760 2021.0
1422770 2021.0
1422780 2018.9
1422790 2015.4
1422800 2015.4
1422810 2012.1
1422820 2009.5
1422830 2009.5
1422840 2005.3
1422850 1995.0
1422860 1995.0
1422870 1982.3
1422880 1970.9
1422890 1970.9
1422900 1964.4
1422910 1947.9
1422920 1947.9
1422930 1936.3
1422940 1924.4
1422950 1924.4
1422960 1914.1
1422970 1910.0
1422980 1904.2
1422990 1904.2
1423000 1898.4
1423010 1897.6
1423020 1897.6
1423030 1898.2
1423040 1897.6
1423050 1897.6
1423060 1897.0
1423070 1896.0
1423080 1896.0
1423090 1895.8
1423100 1894.9
1423110 1894.9
1423120 1892.5
1423130 1890.9
1423140 1890.9
1423150 1897.7
1423160 1917.1
1423170 1917.1
1423180 1918.9
1423190 1917.5
1423200 1917.5
1423210 1916.1
1423220 1914.3
1423230 1912.6
1423240 1912.6
1423250 1910.0
1423260 1906.9
1423270 1906.9
1423280 1903.4
1423290 1899.3
1423300 1899.3
1423310 1895.8
1423320 1893.2
1423330 1893.2
1423340 1891.1
1423350 1889.0
1423360 1889.0
1423370 1886.8
1423380 1885.4
1423390 1885.4
1423400 1883.8
1423410 1881.7
1423420 1881.7
1423430 1879.9
1423440 1878.4
1423450 1877.4
1423460 1877.4
1423470 1876.8
1423480 1876.3
1423490 1876.3
1423500 1878.4
1423510 1882.0
1423520 1882.0
1423530 1883.3
1423540 1881.9
1423550 1881.9
1423560 1882.3
1423570 1880.3
1423580 1880.3
1423590 1878.2
1423600 1876.7
1423610 1876.7
1423620 1874.8
1423630 1876.4
1423640 1876.4
1423650 1878.4
1423660 1878.7
1423670 1878.7
1423680 1877.7
1423690 1871.6
1423700 1870.2
1423710 1870.2
1423720 1867.7
1423730 1865.0
1423740 1865.0
1423750 1861.4
1423760 1858.7
1423770 1858.7
1423780 1857.3
1423790 1855.5
1423800 1855.5
1423810 1850.7
1423820 1844.9
1423830 1844.9
1423840 1839.1
1423850 1833.7
1423860 1833.7
1423870 1828.1
1423880 1823.4
1423890 1823.4
1423900 1819.3
1423910 1815.8
1423920 1812.8
1423930 1812.8
1423940 1809.9
1423950 1808.2
1423960 1808.2
1423970 1806.9
1423980 1804.8
1423990 1804.8
1424000 1801.7
1424010 1797.1
1424020 1797.1
1424030 1789.2
1424040 1782.3
1424050 1782.3
1424060 1771.0
1424070 1760.2
1424080 1760.2
1424090 1748.5
1424100 1737.8
1424110 1737.8
1424120 1728.6
1424130 1719.6
1424140 1711.7
1424150 1711.7
1424160 1704.8
1424170 1697.8
1424180 1697.8
1424190 1687.2
1424200 1680.6
1424210 1680.6
1424220 1674.7
1424230 1668.2
1424240 1668.2
1424250 1661.6
1424260 1654.6
1424270 1654.6
1424280 1647.9
1424290 1641.5
1424300 1641.5
1424310 1635.1
1424320 1628.6
1424330 1628.6
1424340 1620.4
1424350 1612.2
1424360 1612.2
1424370 1606.3
1424380 1600.2
1424390 1593.0
1424400 1593.0
1424410 1583.9
1424420 1575.6
1424430 1575.6
1424440 1569.2
1424450 1562.1
1424460 1562.1
1424470 1555.9
1424480 1550.1
1424490 1550.1
1424500 1543.7
1424510 1536.1
1424520 1536.1
1424530 1528.6
1424540 1520.7
1424550 1520.7
1424560 1513.2
1424570 1506.3
1424580 1506.3
1424590 1500.0
1424600 1493.6
1424610 1487.4
1424620 1487.4
1424630 1481.8
1424640 1477.6
1424650 1477.6
1424660 1471.5
1424670 1466.6
1424680 1466.6
1424690 1461.7
1424700 1456.1
1424710 1456.1
1424720 1450.1
1424730 1443.7
1424740 1443.7
1424750 1437.5
1424760 1430.8
1424770 1430.8
1424780 1424.4
1424790 1418.2
1424800 1418.2
1424810 1412.4
1424820 1406.6
1424830 1406.6
1424840 1398.5
1424850 1389.1
1424860 1381.8
1424870 1381.8
1424880 1374.8
1424890 1366.9
1424900 1366.9
1424910 1353.6
1424920 1340.6
1424930 1340.6
1424940 1326.9
1424950 1316.8
1424960 1316.8
1424970 1310.9
1424980 1303.2
1424990 1303.2
1425000 1294.8
1425010 1287.7
1425020 1287.7
1425030 1281.1
1425040 1274.9
1425050 1274.9
1425060 1268.5
1425070 1262.2
1425080 1257.3
1425090 1257.3
1425100 1251.5
1425110 1246.0
1425120 1246.0
1425130 1240.8
1425140 1235.3
1425150 1235.3
1425160 1230.3
1425170 1228.3
1425180 1228.3
1425190 1226.6
1425200 1224.8
1425210 1224.8
1425220 1223.0
1425230 1220.9
1425240 1220.9
1425250 1218.5
1425260 1216.1
1425270 1216.1
1425280 1213.9
1425290 1212.2
1425300 1211.2
1425310 1211.2
1425320 1209.2
1425330 1207.9
1425340 1207.9
1425350 1206.7
1425360 1205.5
1425370 1205.5
1425380 1204.4
1425390 1203.7
1425400 1203.7
1425410 1202.9
1425420 1201.8
1425430 1201.8
1425440 1200.7
1425450 1199.5
1425460 1199.5
1425470 1198.4
1425480 1197.7
1425490 1197.7
1425500 1197.2
1425510 1196.7
1425520 1196.7
1425530 1196.1
1425540 1195.5
1425550 1194.6
1425560 1194.6
1425570 1194.0
1425580 1193.4
1425590 1193.4
1425600 1192.7
1425610 1191.6
1425620 1191.6
1425630 1191.0
1425640 1190.5
1425650 1190.5
1425660 1189.8
1425670 1188.5
1425680 1188.5
1425690 1187.8
1425700 1189.4
1425710 1189.4
1425720 1190.5
1425730 1190.9
1425740 1190.9
1425750 1191.5
1425760 1192.1
1425770 1192.8
1425780 1192.8
1425790 1193.7
1425800 1194.6
1425810 1194.4
1425820 1195.0
1425830 1195.6
1425840 1195.6
1425850 1196.8
1425860 1198.0
1425870 1198.0
1425880 1201.7
1425890 1206.3
1425900 1206.3
1425910 1211.0
1425920 1215.6
1425930 1215.6
1425940 1220.5
1425950 1227.5
1425960 1227.5
1425970 1234.7
1425980 1242.1
1425990 1242.1
1426000 1249.3
1426010 1256.7
1426020 1263.3
1426030 1263.3
1426040 1269.9
1426050 1275.0
1426060 1275.0
1426070 1280.2
1426080 1285.9
1426090 1285.9
1426100 1292.2
1426110 1297.0
1426120 1297.0
1426130 1301.2
1426140 1305.7
1426150 1305.7
1426160 1310.4
1426170 1314.0
1426180 1314.0
1426190 1317.9
1426200 1317.9
1426210 1317.9
1426220 1319.9
1426230 1324.5
1426240 1328.0
1426250 1328.0
1426260 1329.6
1426270 1336.3
1426280 1336.3
1426290 1342.9
1426300 1348.4
1426310 1348.4
1426320 1355.3
1426330 1362.1
1426340 1362.1
1426350 1367.4
1426360 1372.2
1426370 1372.2
1426380 1377.4
1426390 1381.5
1426400 1381.5
1426410 1385.8
1426420 1388.2
1426430 1388.2
1426440 1386.8
1426450 1382.9
1426460 1378.6
1426470 1378.6
1426480 1378.3
1426490 1379.4
1426500 1379.4
1426510 1380.1
1426520 1380.6
1426530 1380.6
1426540 1381.1
1426550 1383.1
1426560 1383.1
1426570 1381.5
1426580 1381.0
1426590 1381.0
1426600 1383.3
1426610 1386.2
1426620 1386.2
1426630 1390.1
1426640 1390.9
1426650 1390.9
1426660 1390.1
1426670 1392.6
1426680 1392.6
1426690 1395.7
1426700 1396.7
1426710 1400.5
1426720 1400.5
1426730 1406.8
1426740 1415.7
1426750 1415.7
1426760 1427.2
1426770 1438.6
1426780 1438.6
1426790 1446.9
1426800 1452.9
1426810 1452.9
1426820 1458.9
1426830 1465.1
1426840 1465.1
1426850 1472.9
1426860 1480.5
1426870 1480.5
1426880 1487.3
1426890 1493.8
1426900 1493.8
1426910 1500.5
1426920 1508.6
1426930 1516.2
1426940 1516.2
1426950 1519.5
1426960 1522.5
1426970 1522.5
1426980 1526.0
1426990 1529.9
1427000 1529.9
1427010 1534.5
1427020 1540.4
1427030 1540.4
1427040 1547.5
1427050 1555.7
1427060 1555.7
1427070 1562.9
1427080 1567.5
1427090 1567.5
1427100 1575.0
1427110 1580.5
1427120 1580.5
1427130 1585.0
1427140 1589.4
1427150 1589.4
1427160 1594.8
1427170 1601.1
1427180 1606.4
1427190 1606.4
1427200 1613.7
1427210 1622.5
1427220 1622.5
1427230 1631.6
1427240 1639.9
1427250 1639.9
1427260 1646.6
1427270 1652.9
1427280 1652.9
1427290 1659.7
1427300 1666.3
1427310 1666.3
1427320 1675.0
1427330 1684.2
1427340 1684.2
1427350 1691.6
1427360 1699.1
1427370 1699.1
1427380 1708.2
1427390 1716.9
1427400 1726.2
1427410 1726.2
1427420 1735.4
1427430 1744.1
1427440 1744.1
1427450 1753.0
1427460 1760.7
1427470 1760.7
1427480 1768.8
1427490 1775.8
1427500 1775.8
1427510 1782.7
1427520 1789.0
1427530 1789.0
1427540 1795.8
1427550 1803.1
1427560 1803.1
1427570 1811.3
1427580 1818.4
1427590 1818.4
1427600 1825.7
1427610 1833.1
1427620 1833.1
1427630 1840.9
1427640 1849.6
1427650 1878.1
1427660 1878.1
1427670 1895.7
1427680 1905.6
1427690 1905.6
1427700 1914.3
1427710 1922.1
1427720 1922.1
1427730 1929.9
1427740 1938.7
1427750 1938.7
1427760 1955.6
1427770 1980.4
1427780 1980.4
1427790 1988.3
1427800 1993.8
1427810 1993.8
1427820 1998.9
1427830 2004.4
1427840 2004.4
1427850 2009.6
1427860 2015.4
1427870 2022.0
1427880 2022.0
1427890 2027.3
1427900 2031.1
1427910 2031.1
1427920 2034.4
1427930 2040.9
1427940 2040.9
1427950 2046.8
1427960 2052.5
1427970 2052.5
1427980 2057.5
1427990 2061.5
1428000 2061.5
1428010 2064.1
1428020 2066.6
1428030 2066.6
1428040 2073.1
1428050 2079.0
1428060 2079.0
1428070 2084.3
1428080 2089.0
1428090 2094.5
1428100 2094.5
1428110 2103.6
1428120 2111.4
1428130 2111.4
1428140 2119.1
1428150 2126.3
1428160 2126.3
1428170 2133.2
1428180 2138.7
1428190 2138.7
1428200 2136.0
1428210 2131.7
1428220 2131.7
1428230 2125.2
1428240 2119.9
1428250 2119.9
1428260 2114.9
1428270 2110.0
1428280 2110.0
1428290 2105.9
1428300 2103.8
1428310 2103.8
1428320 2102.7
1428330 2104.5
1428340 2108.5
1428350 2108.5
1428360 2111.8
1428370 2112.7
1428380 2112.7
1428390 2113.6
1428400 2114.9
1428410 2114.9
1428420 2116.2
1428430 2117.1
1428440 2117.1
1428450 2118.0
1428460 2118.7
1428470 2118.7
1428480 2119.5
1428490 2120.1
1428500 2120.1
1428510 2120.5
1428520 2120.9
1428530 2120.9
1428540 2121.3
1428550 2122.5
1428560 2123.8
1428570 2123.8
1428580 2124.7
1428590 2125.8
1428600 2125.8
1428610 2126.6
1428620 2128.4
1428630 2128.4
1428640 2131.6
1428650 2135.0
1428660 2135.0
1428670 2138.9
1428680 2141.7
1428690 2141.7
1428700 2142.2
1428710 2143.4
1428720 2143.4
1428730 2145.1
1428740 2146.8
1428750 2146.8
1428760 2145.8
1428770 2140.0
1428780 2140.0
1428790 2135.2
1428800 2130.8
1428810 2126.2
1428820 2126.2
1428830 2121.7
1428840 2116.7
1428850 2116.7
1428860 2111.8
1428870 2106.6
1428880 2106.6
1428890 2103.0
1428900 2102.2
1428910 2102.2
1428920 2101.8
1428930 2101.6
1428940 2101.6
1428950 2101.4
1428960 2100.9
1428970 2100.9
1428980 2099.0
1428990 2098.1
1429000 2098.1
1429010 2097.1
1429020 2095.3
1429030 2093.4
1429040 2093.4
1429050 2092.1
1429060 2091.4
1429070 2091.4
1429080 2091.2
1429090 2090.1
1429100 2090.1
1429110 2088.7
1429120 2087.8
1429130 2087.8
1429140 2087.5
1429150 2087.5
1429160 2087.5
1429170 2087.4
1429180 2087.4
1429190 2087.4
1429200 2087.4
1429210 2088.0
1429220 2088.0
1429230 2090.5
1429240 2091.8
1429250 2093.1
1429260 2093.1
1429270 2096.2
1429280 2101.0
1429290 2101.0
1429300 2107.5
1429310 2113.2
1429320 2113.2
1429330 2118.1
1429340 2123.9
1429350 2123.9
1429360 2130.0
1429370 2136.2
1429380 2136.2
1429390 2143.5
1429400 2154.6
1429410 2154.6
1429420 2163.1
1429430 2170.1
1429440 2170.1
1429450 2176.7
1429460 2181.6
1429470 2181.6
1429480 2188.3
1429490 2194.1
1429500 2197.3
1429510 2197.3
1429520 2199.7
1429530 2202.1
1429540 2202.1
1429550 2203.1
1429560 2204.3
1429570 2204.3
1429580 2205.2
1429590 2207.8
1429600 2207.8
1429610 2209.6
1429620 2211.2
1429630 2211.2
1429640 2213.0
1429650 2214.9
1429660 2214.9
1429670 2217.7
1429680 2220.7
1429690 2220.7
1429700 2223.4
1429710 2226.4
1429720 2230.9
1429730 2230.9
1429740 2236.3
1429750 2241.0
1429760 2241.0
1429770 2246.0
1429780 2251.5
1429790 2251.5
1429800 2257.1
1429810 2262.2
1429820 2262.2
1429830 2266.9
1429840 2271.4
1429850 2271.4
1429860 2276.1
1429870 2281.6
1429880 2281.6
1429890 2287.0
1429900 2292.0
1429910 2292.0
1429920 2299.1
1429930 2305.5
1429940 2305.5
1429950 2313.0
1429960 2323.0
1429970 2329.9
1429980 2329.9
1429990 2335.6
1430000 2340.0
1430010 2340.0
1430020 2344.0
1430030 2347.7
1430040 2347.7
1430050 2351.4
1430060 2354.2
1430070 2354.2
1430080 2356.7
1430090 2358.5
1430100 2358.5
1430110 2360.1
1430120 2362.2
1430130 2362.2
1430140 2363.6
1430150 2364.9
1430160 2364.9
1430170 2368.2
1430180 2372.6
1430190 2377.6
1430200 2377.6
1430210 2382.6
1430220 2386.5
1430230 2386.5
1430240 2389.6
1430250 2392.2
1430260 2392.2
1430270 2393.8
1430280 2395.4
1430290 2395.4
1430300 2398.1
1430310 2396.1
1430320 2396.1
1430330 2399.8
1430340 2402.8
1430350 2402.8
1430360 2406.7
1430370 2412.1
1430380 2412.1
1430390 2416.7
1430400 2421.1
1430410 2425.4
1430420 2425.4
1430430 2429.7
1430440 2435.5
1430450 2435.5
1430460 2441.2
1430470 2447.0
1430480 2447.0
1430490 2452.9
1430500 2458.2
1430510 2458.2
1430520 2463.5
1430530 2468.3
1430540 2468.3
1430550 2473.2
1430560 2478.5
1430570 2478.5
1430580 2483.8
1430590 2489.6
1430600 2489.6
1430610 2495.5
1430620 2501.5
1430630 2501.5
1430640 2507.5
1430650 2513.3
1430660 2519.8
1430670 2519.8
1430680 2526.3
1430690 2531.8
1430700 2531.8
1430710 2536.8
1430720 2542.0
1430730 2542.0
1430740 2547.5
1430750 2553.0
1430760 2553.0
1430770 2558.8
1430780 2564.8
1430790 2564.8
1430800 2571.2
1430810 2576.7
1430820 2576.7
1430830 2582.6
1430840 2583.0
1430850 2583.0
1430860 2571.9
1430870 2560.2
1430880 2545.4
1430890 2545.4
1430900 2534.5
1430910 2520.8
1430920 2520.8
1430930 2510.5
1430940 2496.3
1430950 2496.3
1430960 2483.0
1430970 2474.3
1430980 2474.3
1430990 2459.8
1431000 2443.0
1431010 2443.0
1431020 2437.5
1431030 2432.1
1431040 2432.1
1431050 2426.5
1431060 2420.7
1431070 2420.7
1431080 2415.4
1431090 2410.3
1431100 2410.3
1431110 2405.4
1431120 2400.5
1431130 2396.2
1431140 2396.2
1431150 2392.2
1431160 2388.8
1431170 2388.8
1431180 2385.6
1431190 2384.7
1431200 2384.7
1431210 2385.4
1431220 2386.9
1431230 2386.9
1431240 2388.9
1431250 2390.3
1431260 2390.3
1431270 2391.8
1431280 2393.8
1431290 2393.8
1431300 2394.4
1431310 2393.6
1431320 2393.6
1431330 2392.4
1431340 2392.0
1431350 2391.1
1431360 2391.1
1431370 2388.6
1431380 2386.4
1431390 2386.4
1431400 2385.8
1431410 2383.1
1431420 2383.1
1431430 2378.3
1431440 2372.0
1431450 2372.0
1431460 2366.1
1431470 2359.2
1431480 2359.2
1431490 2352.4
1431500 2346.9
1431510 2346.9
1431520 2342.3
1431530 2338.2
1431540 2338.2
1431550 2333.2
1431560 2327.5
1431570 2327.5
1431580 2321.3
1431590 2317.0
1431600 2317.0
1431610 2317.0
1431620 2314.8
1431630 2313.2
1431640 2313.2
1431650 2311.5
1431660 2310.2
1431670 2310.2
1431680 2308.0
1431690 2304.1
1431700 2304.1
1431710 2299.4
1431720 2296.0
1431730 2296.0
1431740 2293.5
1431750 2292.0
1431760 2292.0
1431770 2291.2
1431780 2289.2
1431790 2289.2
1431800 2286.2
1431810 2282.1
1431820 2278.0
1431830 2278.0
1431840 2276.2
1431850 2277.0
1431860 2277.0
1431870 2276.0
1431880 2270.6
1431890 2270.6
1431900 2265.5
1431910 2261.3
1431920 2261.3
1431930 2256.4
1431940 2251.0
1431950 2251.0
1431960 2246.4
1431970 2244.6
1431980 2244.6
1431990 2245.1
1432000 2244.4
1432010 2244.4
1432020 2246.2
1432030 2248.6
1432040 2252.6
1432050 2252.6
1432060 2257.8
1432070 2254.1
1432080 2254.1
1432090 2246.5
1432100 2239.5
1432110 2239.5
1432120 2233.8
1432130 2228.3
1432140 2228.3
1432150 2226.2
1432160 2238.5
1432170 2238.5
1432180 2233.4
1432190 2225.4
1432200 2225.4
1432210 2220.6
1432220 2217.0
1432230 2217.0
1432240 2211.3
1432250 2202.2
1432260 2202.2
1432270 2193.6
1432280 2188.0
1432290 2183.0
1432300 2183.0
1432310 2179.1
1432320 2175.8
1432330 2175.8
1432340 2169.7
1432350 2161.4
1432360 2161.4
1432370 2151.3
1432380 2145.6
1432390 2145.6
1432400 2141.0
1432410 2136.9
1432420 2136.9
1432430 2132.6
1432440 2129.2
1432450 2129.2
1432460 2125.8
1432470 2121.9
1432480 2121.9
1432490 2119.1
1432500 2116.6
1432510 2112.3
1432520 2112.3
1432530 2108.5
1432540 2105.6
1432550 2105.6
1432560 2102.3
1432570 2099.4
1432580 2099.4
1432590 2096.7
1432600 2095.1
1432610 2095.1
1432620 2094.3
1432630 2093.5
1432640 2093.5
1432650 2092.5
1432660 2092.6
1432670 2092.6
1432680 2093.0
1432690 2092.3
1432700 2092.3
1432710 2091.6
1432720 2088.8
1432730 2088.8
1432740 2085.8
1432750 2082.2
1432760 2078.1
1432770 2078.1
1432780 2073.6
1432790 2069.6
1432800 2069.6
1432810 2066.2
1432820 2065.8
1432830 2065.8
1432840 2066.1
1432850 2067.3
1432860 2067.3
1432870 2066.9
1432880 2064.2
1432890 2064.2
1432900 2061.8
1432910 2059.6
1432920 2059.6
1432930 2058.2
1432940 2058.1
1432950 2058.1
1432960 2058.2
1432970 2057.8
1432980 2056.0
1432990 2056.0
1433000 2053.6
1433010 2052.1
1433020 2052.1
1433030 2051.4
1433040 2048.5
1433050 2048.5
1433060 2040.0
1433070 2029.8
1433080 2029.8
1433090 2023.6
1433100 2019.1
1433110 2019.1
1433120 2016.9
1433130 2012.9
1433140 2012.9
1433150 2009.0
1433160 2007.7
1433170 2007.7
1433180 2010.4
1433190 2013.9
1433200 2011.5
1433210 2011.5
1433220 2012.5
1433230 2016.9
1433240 2016.9
1433250 2024.0
1433260 2025.3
1433270 2025.3
1433280 2023.8
1433290 2023.1
1433300 2023.1
1433310 2024.2
1433320 2025.1
1433330 2025.1
1433340 2022.3
1433350 2016.4
1433360 2016.4
1433370 2010.3
1433380 2004.0
1433390 2004.0
1433400 1998.6
1433410 1991.3
1433420 1991.3
1433430 1983.9
1433440 1975.7
1433450 1967.6
1433460 1967.6
1433470 1959.8
1433480 1950.8
1433490 1950.8
1433500 1943.4
1433510 1935.2
1433520 1935.2
1433530 1927.2
1433540 1920.5
1433550 1920.5
1433560 1913.8
1433570 1903.6
1433580 1903.6
1433590 1893.0
1433600 1883.2
1433610 1883.2
1433620 1873.7
1433630 1864.2
1433640 1864.2
1433650 1855.4
1433660 1847.1
1433670 1838.8
1433680 1838.8
1433690 1830.7
1433700 1822.5
1433710 1822.5
1433720 1813.0
1433730 1803.6
1433740 1803.6
1433750 1794.1
1433760 1784.6
1433770 1784.6
1433780 1775.5
1433790 1767.7
1433800 1767.7
1433810 1760.0
1433820 1753.2
1433830 1753.2
1433840 1746.0
1433850 1738.9
1433860 1738.9
1433870 1730.8
1433880 1723.1
1433890 1723.1
1433900 1715.8
1433910 1707.4
1433920 1692.9
1433930 1692.9
1433940 1680.6
1433950 1667.1
1433960 1667.1
1433970 1650.2
1433980 1634.2
1433990 1634.2
1434000 1619.7
1434010 1606.9
1434020 1606.9
1434030 1598.5
1434040 1590.3
1434050 1590.3
1434060 1581.4
1434070 1572.4
1434080 1572.4
1434090 1564.4
1434100 1557.2
1434110 1557.2
1434120 1550.1
1434130 1541.8
1434140 1533.9
1434150 1533.9
1434160 1526.7
1434170 1520.0
1434180 1520.0
1434190 1513.6
1434200 1507.3
1434210 1507.3
1434220 1501.0
1434230 1493.3
1434240 1493.3
1434250 1485.5
1434260 1478.0
1434270 1478.0
1434280 1470.8
1434290 1463.5
1434300 1463.5
1434310 1456.2
1434320 1448.9
1434330 1448.9
1434340 1441.1
1434350 1433.1
1434360 1425.2
1434370 1425.2
1434380 1417.8
1434390 1411.1
1434400 1411.1
1434410 1404.7
1434420 1398.0
1434430 1398.0
1434440 1391.7
1434450 1385.5
1434460 1385.5
1434470 1379.1
1434480 1372.7
1434490 1372.7
1434500 1366.1
1434510 1359.3
1434520 1359.3
1434530 1353.3
1434540 1347.8
1434550 1347.8
1434560 1342.9
1434570 1340.1
1434580 1340.1
1434590 1336.0
1434600 1330.4
1434610 1325.2
1434620 1325.2
1434630 1320.7
1434640 1317.1
1434650 1317.1
1434660 1313.6
1434670 1309.8
1434680 1309.8
1434690 1305.9
1434700 1301.8
1434710 1301.8
1434720 1298.0
1434730 1295.5
1434740 1295.5
1434750 1293.0
1434760 1291.6
1434770 1291.6
1434780 1290.4
1434790 1289.8
1434800 1289.8
1434810 1289.5
1434820 1289.5
1434830 1289.5
1434840 1289.5
1434850 1289.4
1434860 1289.3
1434870 1289.3
1434880 1289.3
1434890 1289.2
1434900 1289.2
1434910 1288.9
1434920 1288.6
1434930 1288.6
1434940 1288.0
1434950 1288.1
1434960 1288.1
1434970 1288.7
1434980 1288.6
1434990 1288.6
1435000 1288.6
1435010 1288.6
1435020 1288.6
1435030 1288.7
1435040 1288.7
1435050 1288.7
1435060 1288.6
1435070 1288.5
1435080 1288.4
1435090 1288.4
1435100 1288.1
1435110 1287.6
1435120 1287.6
1435130 1288.4
1435140 1288.1
1435150 1288.1
1435160 1288.3
1435170 1288.1
1435180 1288.1
1435190 1288.1
1435200 1288.3
1435210 1288.3
1435220 1288.6
1435230 1289.1
1435240 1289.1
1435250 1289.7
1435260 1290.6
1435270 1290.6
1435280 1291.6
1435290 1292.8
1435300 1295.0
1435310 1295.0
1435320 1297.5
1435330 1300.8
1435340 1300.8
1435350 1304.3
1435360 1308.8
1435370 1308.8
1435380 1312.7
1435390 1318.4
1435400 1318.4
1435410 1324.9
1435420 1330.5
1435430 1330.5
1435440 1336.0
1435450 1340.7
1435460 1340.7
1435470 1345.0
1435480 1349.9
1435490 1349.9
1435500 1355.1
1435510 1359.8
1435520 1359.8
1435530 1365.1
1435540 1371.6
1435550 1377.6
1435560 1377.6
1435570 1383.8
1435580 1389.1
1435590 1389.1
1435600 1393.6
1435610 1399.2
1435620 1399.2
1435630 1405.8
1435640 1414.2
1435650 1414.2
1435660 1421.5
1435670 1431.7
1435680 1431.7
1435690 1446.1
1435700 1460.4
1435710 1460.4
1435720 1477.2
1435730 1486.5
1435740 1486.5
1435750 1492.9
1435760 1500.9
1435770 1516.0
1435780 1516.0
1435790 1533.7
1435800 1551.0
1435810 1551.0
1435820 1567.4
1435830 1581.9
1435840 1581.9
1435850 1595.3
1435860 1609.2
1435870 1609.2
1435880 1627.7
1435890 1655.1
1435900 1655.1
1435910 1668.1
1435920 1677.2
1435930 1677.2
1435940 1685.7
1435950 1693.9
1435960 1693.9
1435970 1702.9
1435980 1712.2
1435990 1722.0
1436000 1722.0
1436010 1730.3
1436020 1738.0
1436030 1738.0
1436040 1746.0
1436050 1747.6
1436060 1747.6
1436070 1737.1
1436080 1729.6
1436090 1729.6
1436100 1737.5
1436110 1752.7
1436120 1752.7
1436130 1775.3
1436140 1797.4
1436150 1797.4
1436160 1815.1
1436170 1815.1
1436180 1815.1
1436190 1796.8
1436200 1786.8
1436210 1786.8
1436220 1809.7
1436230 1831.2
1436240 1843.8
1436250 1843.8
1436260 1847.5
1436270 1852.1
1436280 1852.1
1436290 1856.5
1436300 1860.3
1436310 1860.3
1436320 1864.8
1436330 1869.1
1436340 1869.1
1436350 1874.9
1436360 1879.6
1436370 1879.6
1436380 1885.4
1436390 1890.5
1436400 1890.5
1436410 1893.3
1436420 1895.3
1436430 1895.3
1436440 1902.1
1436450 1914.2
1436460 1924.6
1436470 1924.6
1436480 1934.1
1436490 1942.7
1436500 1942.7
1436510 1952.0
1436520 1961.5
1436530 1961.5
1436540 1972.9
1436550 1982.6
1436560 1982.6
1436570 1993.2
1436580 2002.0
1436590 2002.0
1436600 2012.8
1436610 2023.1
1436620 2023.1
1436630 2033.4
1436640 2043.8
1436650 2043.8
1436660 2050.7
1436670 2057.8
1436680 2057.8
1436690 2065.3
1436700 2077.0
1436710 2084.9
1436720 2084.9
1436730 2092.8
1436740 2104.2
1436750 2104.2
1436760 2113.5
1436770 2119.9
1436780 2119.9
1436790 2124.7
1436800 2132.6
1436810 2132.6
1436820 2138.0
1436830 2144.4
1436840 2144.4
1436850 2149.9
1436860 2156.6
1436870 2156.6
1436880 2163.3
1436890 2171.1
1436900 2171.1
1436910 2178.6
1436920 2186.5
1436930 2201.5
1436940 2201.5
1436950 2219.5
1436960 2229.7
1436970 2229.7
1436980 2238.9
1436990 2247.6
1437000 2247.6
1437010 2255.5
1437020 2262.3
1437030 2262.3
1437040 2268.0
1437050 2273.5
1437060 2273.5
1437070 2278.7
1437080 2282.0
1437090 2282.0
1437100 2283.9
1437110 2284.9
1437120 2284.9
1437130 2283.6
1437140 2283.8
1437150 2283.7
1437160 2283.7
1437170 2283.0
1437180 2281.6
1437190 2281.6
1437200 2279.6
1437210 2279.5
1437220 2279.5
1437230 2279.0
1437240 2276.2
1437250 2276.2
1437260 2272.0
1437270 2266.8
1437280 2266.8
1437290 2262.4
1437300 2257.4
1437310 2257.4
1437320 2251.0
1437330 2244.5
1437340 2244.5
1437350 2239.0
1437360 2230.7
1437370 2230.7
1437380 2221.0
1437390 2212.5
1437400 2203.9
1437410 2203.9
1437420 2194.2
1437430 2185.8
1437440 2185.8
1437450 2179.0
1437460 2172.9
1437470 2172.9
1437480 2168.4
1437490 2163.3
1437500 2163.3
1437510 2158.4
1437520 2154.1
1437530 2154.1
1437540 2151.1
1437550 2149.5
1437560 2149.5
1437570 2148.7
1437580 2148.3
1437590 2148.3
1437600 2146.9
1437610 2147.0
1437620 2146.4
1437630 2146.4
1437640 2145.1
1437650 2145.1
1437660 2145.1
1437670 2143.4
1437680 2141.3
1437690 2141.3
1437700 2138.5
1437710 2134.7
1437720 2134.7
1437730 2132.4
1437740 2130.8
1437750 2130.8
1437760 2129.5
1437770 2129.2
1437780 2129.2
1437790 2128.3
1437800 2125.8
1437810 2125.8
1437820 2125.3
1437830 2126.4
1437840 2126.4
1437850 2126.4
1437860 2126.6
1437870 2124.7
1437880 2124.7
1437890 2124.0
1437900 2122.6
1437910 2122.6
1437920 2121.6
1437930 2121.3
1437940 2121.3
1437950 2120.8
1437960 2118.7
1437970 2118.7
1437980 2116.7
1437990 2113.9
1438000 2113.9
1438010 2109.6
1438020 2103.9
1438030 2103.9
1438040 2096.6
1438050 2090.9
1438060 2090.9
1438070 2088.1
1438080 2088.4
1438090 2088.6
1438100 2088.6
1438110 2087.9
1438120 2090.6
1438130 2090.6
1438140 2088.9
1438150 2089.2
1438160 2089.2
1438170 2089.7
1438180 2089.8
1438190 2089.8
1438200 2089.9
1438210 2090.7
1438220 2090.7
1438230 2092.1
1438240 2092.9
1438250 2092.9
1438260 2093.2
1438270 2093.9
1438280 2093.9
1438290 2095.5
1438300 2096.2
1438310 2096.8
1438320 2096.8
1438330 2097.0
1438340 2098.1
1438350 2098.1
1438360 2101.6
1438370 2106.4
1438380 2106.4
1438390 2111.1
1438400 2119.7
1438410 2119.7
1438420 2126.7
1438430 2128.3
1438440 2128.3
1438450 2126.0
1438460 2123.2
1438470 2123.2
1438480 2121.6
1438490 2121.4
1438500 2121.4
1438510 2122.2
1438520 2122.6
1438530 2122.6
1438540 2124.0
1438550 2125.7
1438560 2125.2
1438570 2125.2
1438580 2125.1
1438590 2126.0
1438600 2126.0
1438610 2125.1
1438620 2121.3
1438630 2121.3
1438640 2121.2
1438650 2122.8
1438660 2122.8
1438670 2123.8
1438680 2123.8
1438690 2123.8
1438700 2124.3
1438710 2126.3
1438720 2126.3
1438730 2130.3
1438740 2136.9
1438750 2136.9
1438760 2142.7
1438770 2143.6
1438780 2142.5
1438790 2142.5
1438800 2148.5
1438810 2156.8
1438820 2156.8
1438830 2163.8
1438840 2158.1
1438850 2158.1
1438860 2156.2
1438870 2162.6
1438880 2162.6
1438890 2156.8
1438900 2153.1
1438910 2153.1
1438920 2151.1
1438930 2155.3
1438940 2155.3
1438950 2162.0
1438960 2170.6
1438970 2170.6
1438980 2183.3
1438990 2196.9
1439000 2196.9
1439010 2227.5
1439020 2250.4
1439030 2274.5
1439040 2274.5
1439050 2290.9
1439060 2306.4
1439070 2306.4
1439080 2315.7
1439090 2326.0
1439100 2326.0
1439110 2331.0
1439120 2339.3
1439130 2339.3
1439140 2361.4
1439150 2385.0
1439160 2385.0
1439170 2398.1
1439180 2406.6
1439190 2406.6
1439200 2413.7
1439210 2423.2
1439220 2423.2
1439230 2440.8
1439240 2465.2
1439250 2496.9
1439260 2496.9
1439270 2522.7
1439280 2532.5
1439290 2532.5
1439300 2539.0
1439310 2531.3
1439320 2531.3
1439330 2523.3
1439340 2515.7
1439350 2515.7
1439360 2508.5
1439370 2498.3
1439380 2498.3
1439390 2487.4
1439400 2476.2
1439410 2476.2
1439420 2466.1
1439430 2458.1
1439440 2458.1
1439450 2452.9
1439460 2448.1
1439470 2443.3
1439480 2443.3
1439490 2439.9
1439500 2437.8
1439510 2437.8
1439520 2434.4
1439530 2430.2
1439540 2430.2
1439550 2428.0
1439560 2425.9
1439570 2425.9
1439580 2423.9
1439590 2422.2
1439600 2422.2
1439610 2419.5
1439620 2416.9
1439630 2416.9
1439640 2415.1
1439650 2414.0
1439660 2414.0
1439670 2414.1
1439680 2415.7
1439690 2415.7
1439700 2415.6
1439710 2416.7
1439720 2418.4
1439730 2418.4
1439740 2419.5
1439750 2420.5
1439760 2420.5
1439770 2421.5
1439780 2423.6
1439790 2423.6
1439800 2424.5
1439810 2426.5
1439820 2426.5
1439830 2426.6
1439840 2427.3
1439850 2427.3
1439860 2427.5
1439870 2428.2
1439880 2428.2
1439890 2430.1
1439900 2433.3
1439910 2433.3
1439920 2435.2
1439930 2437.4
1439940 2439.8
1439950 2439.8
1439960 2442.9
1439970 2445.9
1439980 2445.9
1439990 2449.2
