1420000 2884.8
1420010 2884.8
1420020 2897.9
1420030 2911.0
1420040 2911.0
1420050 2922.7
1420060 2933.1
1420070 2933.1
1420080 2943.4
1420090 2954.1
1420100 2954.1
1420110 2975.3
1420120 2998.3
1420130 2998.3
1420140 3008.9
1420150 3017.7
1420160 3017.7
1420170 3026.3
1420180 3034.0
1420190 3042.3
1420200 3042.3
1420210 3052.0
1420220 3060.4
1420230 3060.4
1420240 3069.2
1420250 3078.5
1420260 3078.5
1420270 3088.3
1420280 3097.5
1420290 3097.5
1420300 3107.3
1420310 3117.8
1420320 3117.8
1420330 3127.9
1420340 3138.0
1420350 3138.0
1420360 3148.1
1420370 3157.7
1420380 3157.7
1420390 3168.4
1420400 3179.8
1420410 3190.4
1420420 3190.4
1420430 3202.7
1420440 3213.9
1420450 3213.9
1420460 3227.3
1420470 3240.5
1420480 3240.5
1420490 3242.0
1420500 3236.3
1420510 3236.3
1420520 3229.2
1420530 3222.3
1420540 3222.3
1420550 3216.4
1420560 3210.4
1420570 3210.4
1420580 3203.6
1420590 3195.8
1420600 3205.9
1420610 3197.1
1420620 3189.0
1420630 3189.0
1420640 3182.0
1420650 3177.0
1420660 3172.3
1420670 3172.3
1420680 3168.3
1420690 3164.1
1420700 3164.1
1420710 3158.3
1420720 3153.0
1420730 3153.0
1420740 3148.8
1420750 3145.2
1420760 3145.2
1420770 3142.0
1420780 3139.2
1420790 3139.2
1420800 3137.0
1420810 3136.1
1420820 3136.1
1420830 3136.0
1420840 3134.8
1420850 3134.8
1420860 3133.7
1420870 3133.8
1420880 3135.7
1420890 3135.7
1420900 3136.5
1420910 3134.0
1420920 3134.0
1420930 3129.8
1420940 3127.3
1420950 3127.3
1420960 3119.4
1420970 3111.0
1420980 3111.0
1420990 3102.7
1421000 3093.4
1421010 3093.4
1421020 3084.3
1421030 3074.7
1421040 3074.7
1421050 3065.4
1421060 3056.1
1421070 3056.1
1421080 3046.3
1421090 3037.2
1421100 3037.2
1421110 3029.1
1421120 3020.8
1421130 3012.9
1421140 3012.9
1421150 3005.1
1421160 2997.8
1421170 2997.8
1421180 2991.2
1421190 2985.1
1421200 2985.1
1421210 2979.2
1421220 2973.4
1421230 2973.4
1421240 2967.5
1421250 2962.2
1421260 2962.2
1421270 2957.0
1421280 2950.9
1421290 2950.9
1421300 2944.8
1421310 2938.5
1421320 2938.5
1421330 2930.8
1421340 2925.2
1421350 2924.5
1421360 2924.5
1421370 2921.0
1421380 2916.0
1421390 2916.0
1421400 2911.2
1421410 2906.1
1421420 2906.1
1421430 2900.2
1421440 2894.9
1421450 2894.9
1421460 2890.9
1421470 2887.5
1421480 2887.5
1421490 2885.3
1421500 2884.4
1421510 2884.4
1421520 2883.3
1421530 2880.7
1421540 2880.7
1421550 2876.8
1421560 2873.3
1421570 2873.3
1421580 2869.5
1421590 2863.6
1421600 2853.6
1421610 2853.6
1421620 2844.5
1421630 2836.4
1421640 2836.4
1421650 2829.9
1421660 2823.6
1421670 2823.6
1421680 2817.4
1421690 2809.9
1421700 2809.9
1421710 2799.0
1421720 2790.7
1421730 2790.7
1421740 2784.2
1421750 2778.6
1421760 2778.6
1421770 2771.8
1421780 2768.0
1421790 2768.0
1421800 2770.2
1421810 2770.9
1421820 2767.5
1421830 2767.5
1421840 2765.0
1421850 2763.1
1421860 2763.1
1421870 2759.3
1421880 2754.2
1421890 2754.2
1421900 2749.1
1421910 2744.4
1421920 2744.4
1421930 2737.9
1421940 2729.6
1421950 2729.6
1421960 2722.0
1421970 2711.6
1421980 2711.6
1421990 2695.2
1422000 2680.3
1422010 2680.3
1422020 2665.0
1422030 2653.0
1422040 2653.0
1422050 2641.5
1422060 2629.8
1422070 2618.8
1422080 2618.8
1422090 2608.2
1422100 2596.8
1422110 2596.8
1422120 2585.5
1422130 2574.5
1422140 2574.5
1422150 2563.8
1422160 2554.1
1422170 2554.1
1422180 2544.8
1422190 2535.9
1422200 2535.9
1422210 2526.8
1422220 2518.2
1422230 2518.2
1422240 2509.4
1422250 2500.5
1422260 2500.5
1422270 2491.4
1422280 2482.1
1422290 2472.2
1422300 2472.2
1422310 2459.7
1422320 2443.0
1422330 2443.0
1422340 2428.6
1422350 2418.1
1422360 2418.1
1422370 2410.8
1422380 2404.4
1422390 2404.4
1422400 2398.6
1422410 2393.1
1422420 2393.1
1422430 2387.7
1422440 2382.8
1422450 2382.8
1422460 2378.7
1422470 2375.4
1422480 2375.4
1422490 2372.5
1422500 2368.8
1422510 2368.8
1422520 2365.7
1422530 2363.8
1422540 2361.8
1422550 2361.8
1422560 2363.6
1422570 2367.0
1422580 2367.0
1422590 2371.3
1422600 2373.7
1422610 2373.7
1422620 2386.6
1422630 2386.8
1422640 2386.8
1422650 2384.5
1422660 2381.9
1422670 2381.9
1422680 2378.7
1422690 2371.8
1422700 2371.8
1422710 2364.5
1422720 2358.1
1422730 2358.1
1422740 2350.5
1422750 2341.1
1422760 2333.4
1422770 2333.4
1422780 2336.3
1422790 2336.9
1422800 2336.9
1422810 2335.5
1422820 2332.9
1422830 2332.9
1422840 2326.6
1422850 2316.6
1422860 2316.6
1422870 2305.4
1422880 2297.9
1422890 2297.9
1422900 2297.0
1422910 2302.6
1422920 2302.6
1422930 2298.0
1422940 2287.5
1422950 2287.5
1422960 2294.1
1422970 2296.0
1422980 2296.0
1422990 2288.7
1423000 2280.6
1423010 2275.3
1423020 2275.3
1423030 2277.6
1423040 2280.7
1423050 2280.7
1423060 2274.6
1423070 2271.5
1423080 2271.5
1423090 2268.0
1423100 2266.5
1423110 2266.5
1423120 2271.2
1423130 2274.5
1423140 2274.5
1423150 2271.7
1423160 2268.6
1423170 2268.6
1423180 2266.1
1423190 2263.1
1423200 2263.1
1423210 2264.9
1423220 2263.7
1423230 2261.5
1423240 2261.5
1423250 2258.5
1423260 2257.3
1423270 2257.3
1423280 2258.0
1423290 2255.8
1423300 2255.8
1423310 2250.1
1423320 2245.7
1423330 2245.7
1423340 2243.4
1423350 2240.4
1423360 2240.4
1423370 2237.0
1423380 2234.9
1423390 2234.9
1423400 2230.9
1423410 2226.2
1423420 2226.2
1423430 2220.9
1423440 2216.3
1423450 2216.3
1423460 2212.2
1423470 2207.5
1423480 2203.5
1423490 2203.5
1423500 2199.2
1423510 2193.3
1423520 2193.3
1423530 2188.6
1423540 2187.3
1423550 2187.3
1423560 2186.3
1423570 2184.5
1423580 2184.5
1423590 2178.4
1423600 2165.9
1423610 2165.9
1423620 2141.6
1423630 2123.3
1423640 2123.3
1423650 2112.9
1423660 2105.5
1423670 2105.5
1423680 2096.3
1423690 2087.2
1423700 2078.7
1423710 2078.7
1423720 2071.8
1423730 2065.8
1423740 2065.8
1423750 2060.2
1423760 2055.2
1423770 2055.2
1423780 2051.8
1423790 2048.0
1423800 2048.0
1423810 2043.4
1423820 2039.4
1423830 2039.4
1423840 2035.1
1423850 2031.4
1423860 2031.4
1423870 2029.4
1423880 2029.6
1423890 2029.6
1423900 2027.3
1423910 2023.0
1423920 2023.0
1423930 2017.2
1423940 2011.2
1423950 2006.1
1423960 2006.1
1423970 2001.3
1423980 1996.8
1423990 1996.8
1424000 1993.2
1424010 1989.3
1424020 1989.3
1424030 1985.8
1424040 1982.1
1424050 1982.1
1424060 1978.6
1424070 1976.4
1424080 1976.4
1424090 1974.3
1424100 1972.1
1424110 1972.1
1424120 1970.3
1424130 1968.6
1424140 1968.6
1424150 1966.1
1424160 1963.1
1424170 1961.6
1424180 1961.6
1424190 1960.3
1424200 1957.9
1424210 1957.9
1424220 1955.8
1424230 1954.8
1424240 1954.8
1424250 1954.9
1424260 1954.3
1424270 1954.3
1424280 1952.2
1424290 1950.7
1424300 1950.7
1424310 1948.7
1424320 1945.9
1424330 1945.9
1424340 1943.0
1424350 1940.8
1424360 1940.8
1424370 1939.1
1424380 1938.0
1424390 1938.0
1424400 1936.9
1424410 1935.8
1424420 1935.2
1424430 1935.2
1424440 1936.0
1424450 1936.7
1424460 1936.7
1424470 1937.2
1424480 1936.5
1424490 1936.5
1424500 1935.2
1424510 1931.9
1424520 1931.9
1424530 1928.7
1424540 1926.2
1424550 1926.2
1424560 1923.8
1424570 1919.8
1424580 1919.8
1424590 1914.2
1424600 1910.1
1424610 1910.1
1424620 1905.8
1424630 1901.1
1424640 1895.9
1424650 1895.9
1424660 1890.9
1424670 1886.4
1424680 1886.4
1424690 1882.3
1424700 1872.8
1424710 1872.8
1424720 1868.4
1424730 1864.1
1424740 1864.1
1424750 1860.4
1424760 1856.8
1424770 1856.8
1424780 1853.3
1424790 1848.9
1424800 1848.9
1424810 1843.6
1424820 1837.9
1424830 1837.9
1424840 1830.4
1424850 1823.9
1424860 1823.9
1424870 1818.5
1424880 1813.0
1424890 1807.3
1424900 1807.3
1424910 1803.0
1424920 1799.1
1424930 1799.1
1424940 1794.2
1424950 1788.9
1424960 1788.9
1424970 1783.6
1424980 1778.6
1424990 1778.6
1425000 1775.6
1425010 1773.2
1425020 1773.2
1425030 1772.3
1425040 1771.9
1425050 1771.9
1425060 1771.1
1425070 1769.3
1425080 1769.3
1425090 1766.0
1425100 1760.9
1425110 1753.8
1425120 1753.8
1425130 1744.0
1425140 1720.9
1425150 1720.9
1425160 1697.7
1425170 1679.9
1425180 1679.9
1425190 1668.1
1425200 1659.1
1425210 1659.1
1425220 1652.1
1425230 1644.9
1425240 1644.9
1425250 1636.7
1425260 1627.3
1425270 1627.3
1425280 1617.0
1425290 1604.9
1425300 1604.9
1425310 1589.8
1425320 1574.9
1425330 1574.9
1425340 1562.9
1425350 1551.9
1425360 1540.3
1425370 1540.3
1425380 1527.9
1425390 1516.0
1425400 1516.0
1425410 1505.1
1425420 1494.9
1425430 1494.9
1425440 1484.9
1425450 1476.0
1425460 1476.0
1425470 1466.8
1425480 1458.2
1425490 1458.2
1425500 1451.1
1425510 1441.0
1425520 1441.0
1425530 1430.4
1425540 1424.5
1425550 1424.5
1425560 1419.5
1425570 1412.7
1425580 1394.6
1425590 1394.6
1425600 1385.1
1425610 1374.0
1425620 1374.0
1425630 1352.5
1425640 1325.1
1425650 1325.1
1425660 1312.8
1425670 1306.8
1425680 1306.8
1425690 1300.3
1425700 1294.0
1425710 1294.0
1425720 1287.4
1425730 1280.4
1425740 1280.4
1425750 1272.7
1425760 1264.4
1425770 1264.4
1425780 1256.3
1425790 1248.5
1425800 1248.5
1425810 1241.0
1425820 1234.3
1425830 1227.8
1425840 1227.8
1425850 1221.9
1425860 1216.4
1425870 1216.4
1425880 1211.0
1425890 1205.9
1425900 1205.9
1425910 1198.1
1425920 1190.2
1425930 1190.2
1425940 1181.8
1425950 1174.5
1425960 1174.5
1425970 1167.6
1425980 1160.2
1425990 1160.2
1426000 1153.7
1426010 1151.4
1426020 1151.4
1426030 1151.0
1426040 1150.8
1426050 1150.7
1426060 1150.7
1426070 1151.5
1426080 1151.1
1426090 1151.1
1426100 1150.9
1426110 1150.8
1426120 1150.8
1426130 1149.7
1426140 1149.9
1426150 1149.9
1426160 1150.7
1426170 1150.4
1426180 1150.4
1426190 1150.0
1426200 1151.3
1426210 1151.3
1426220 1151.6
1426230 1151.8
1426240 1151.8
1426250 1151.9
1426260 1152.3
1426270 1152.3
1426280 1152.6
1426290 1152.5
1426300 1152.3
1426310 1152.3
1426320 1152.2
1426330 1152.2
1426340 1152.2
1426350 1152.0
1426360 1152.1
1426370 1152.1
1426380 1152.3
1426390 1152.4
1426400 1152.4
1426410 1152.5
1426420 1152.7
1426430 1152.7
1426440 1152.7
1426450 1152.6
1426460 1152.6
1426470 1153.0
1426480 1154.0
1426490 1154.0
1426500 1154.4
1426510 1153.2
1426520 1153.1
1426530 1153.1
1426540 1155.2
1426550 1157.8
1426560 1157.8
1426570 1162.8
1426580 1169.0
1426590 1169.0
1426600 1174.3
1426610 1179.7
1426620 1179.7
1426630 1185.8
1426640 1192.2
1426650 1192.2
1426660 1199.0
1426670 1205.9
1426680 1205.9
1426690 1213.0
1426700 1220.1
1426710 1220.1
1426720 1227.7
1426730 1235.3
1426740 1235.3
1426750 1242.4
1426760 1248.2
1426770 1253.8
1426780 1253.8
1426790 1259.6
1426800 1265.6
1426810 1265.6
1426820 1272.3
1426830 1278.5
1426840 1278.5
1426850 1285.2
1426860 1295.0
1426870 1295.0
1426880 1296.9
1426890 1297.5
1426900 1297.5
1426910 1299.4
1426920 1303.1
1426930 1303.1
1426940 1306.3
1426950 1309.7
1426960 1309.7
1426970 1313.0
1426980 1317.0
1426990 1321.6
1427000 1321.6
1427010 1325.3
1427020 1328.7
1427030 1328.7
1427040 1334.3
1427050 1340.8
1427060 1340.8
1427070 1346.2
1427080 1352.4
1427090 1352.4
1427100 1359.3
1427110 1365.0
1427120 1365.0
1427130 1369.7
1427140 1375.9
1427150 1375.9
1427160 1381.9
1427170 1387.6
1427180 1387.6
1427190 1393.3
1427200 1398.7
1427210 1398.7
1427220 1404.7
1427230 1410.0
1427240 1415.8
1427250 1415.8
1427260 1421.3
1427270 1427.7
1427280 1427.7
1427290 1433.5
1427300 1439.5
1427310 1439.5
1427320 1445.7
1427330 1451.4
1427340 1451.4
1427350 1456.7
1427360 1463.3
1427370 1463.3
1427380 1470.1
1427390 1476.7
1427400 1476.7
1427410 1481.5
1427420 1486.2
1427430 1486.2
1427440 1490.6
1427450 1496.8
1427460 1504.2
1427470 1504.2
1427480 1511.5
1427490 1518.7
1427500 1518.7
1427510 1525.3
1427520 1532.2
1427530 1532.2
1427540 1539.3
1427550 1546.2
1427560 1546.2
1427570 1553.5
1427580 1560.5
1427590 1560.5
1427600 1568.8
1427610 1577.7
1427620 1577.7
1427630 1586.0
1427640 1594.5
1427650 1594.5
1427660 1602.7
1427670 1610.5
1427680 1610.5
1427690 1618.9
1427700 1627.5
1427710 1635.0
1427720 1635.0
1427730 1642.3
1427740 1661.1
1427750 1661.1
1427760 1682.5
1427770 1698.5
1427780 1698.5
1427790 1711.0
1427800 1732.0
1427810 1732.0
1427820 1749.2
1427830 1755.1
1427840 1755.1
1427850 1760.3
1427860 1765.2
1427870 1765.2
1427880 1770.1
1427890 1776.0
1427900 1776.0
1427910 1782.2
1427920 1787.9
1427930 1793.3
1427940 1793.3
1427950 1798.9
1427960 1805.6
1427970 1805.6
1427980 1814.7
1427990 1823.8
1428000 1823.8
1428010 1825.6
1428020 1827.1
1428030 1827.1
1428040 1830.9
1428050 1835.3
1428060 1835.3
1428070 1839.2
1428080 1843.3
1428090 1843.3
1428100 1847.7
1428110 1852.7
1428120 1852.7
1428130 1857.2
1428140 1861.5
1428150 1861.5
1428160 1866.1
1428170 1869.9
1428180 1874.1
1428190 1874.1
1428200 1878.7
1428210 1882.8
1428220 1882.8
1428230 1887.1
1428240 1891.8
1428250 1891.8
1428260 1897.2
1428270 1902.9
1428280 1902.9
1428290 1908.3
1428300 1913.9
1428310 1913.9
1428320 1920.3
1428330 1925.4
1428340 1925.4
1428350 1930.0
1428360 1934.7
1428370 1934.7
1428380 1938.9
1428390 1943.1
1428400 1948.0
1428410 1948.0
1428420 1952.1
1428430 1956.6
1428440 1956.6
1428450 1961.2
1428460 1966.3
1428470 1966.3
1428480 1971.1
1428490 1976.6
1428500 1976.6
1428510 1982.1
1428520 1985.9
1428530 1985.9
1428540 1990.3
1428550 1996.8
1428560 1996.8
1428570 2002.8
1428580 2008.1
1428590 2008.1
1428600 2012.1
1428610 2014.9
1428620 2014.9
1428630 2017.9
1428640 2021.1
1428650 2024.3
1428660 2024.3
1428670 2026.8
1428680 2028.2
1428690 2028.2
1428700 2030.7
1428710 2032.6
1428720 2032.6
1428730 2034.9
1428740 2037.2
1428750 2037.2
1428760 2039.1
1428770 2040.1
1428780 2040.1
1428790 2041.4
1428800 2042.1
1428810 2042.1
1428820 2044.8
1428830 2047.5
1428840 2047.5
1428850 2049.5
1428860 2050.2
1428870 2049.1
1428880 2049.1
1428890 2048.9
1428900 2051.0
1428910 2051.0
1428920 2053.8
1428930 2053.4
1428940 2053.4
1428950 2057.2
1428960 2060.8
1428970 2060.8
1428980 2063.8
1428990 2068.5
1429000 2068.5
1429010 2066.1
1429020 2063.0
1429030 2063.0
1429040 2064.1
1429050 2065.7
1429060 2065.7
1429070 2066.3
1429080 2052.8
1429090 2052.8
1429100 2050.1
1429110 2048.1
1429120 2046.6
1429130 2046.6
1429140 2043.6
1429150 2036.4
1429160 2036.4
1429170 2030.8
1429180 2032.7
1429190 2032.7
1429200 2037.2
1429210 2042.7
1429220 2042.7
1429230 2045.0
1429240 2047.3
1429250 2047.3
1429260 2050.5
1429270 2055.4
1429280 2055.4
1429290 2059.4
1429300 2061.7
1429310 2061.7
1429320 2063.7
1429330 2067.1
1429340 2070.4
1429350 2070.4
1429360 2072.9
1429370 2075.2
1429380 2075.2
1429390 2078.3
1429400 2081.9
1429410 2081.9
1429420 2085.9
1429430 2089.2
1429440 2089.2
1429450 2093.0
1429460 2097.1
1429470 2097.1
1429480 2100.9
1429490 2103.9
1429500 2103.9
1429510 2107.0
1429520 2110.4
1429530 2110.4
1429540 2115.9
1429550 2119.8
1429560 2119.8
1429570 2122.2
1429580 2125.1
1429590 2127.1
1429600 2127.1
1429610 2128.1
1429620 2129.2
1429630 2129.2
1429640 2131.2
1429650 2135.9
1429660 2135.9
1429670 2140.1
1429680 2143.8
1429690 2143.8
1429700 2149.7
1429710 2156.1
1429720 2156.1
1429730 2163.6
1429740 2170.7
1429750 2170.7
1429760 2178.1
1429770 2185.2
1429780 2185.2
1429790 2193.6
1429800 2202.6
1429810 2207.0
1429820 2207.0
1429830 2201.5
1429840 2186.6
1429850 2186.6
1429860 2181.3
1429870 2175.3
1429880 2175.3
1429890 2159.9
1429900 2159.2
1429910 2159.2
1429920 2158.9
1429930 2157.8
1429940 2157.8
1429950 2156.1
1429960 2155.3
1429970 2155.3
1429980 2154.2
1429990 2152.3
1430000 2152.3
1430010 2152.9
1430020 2154.3
1430030 2154.3
1430040 2154.3
1430050 2155.1
1430060 2157.0
1430070 2157.0
1430080 2158.4
1430090 2161.2
1430100 2161.2
1430110 2165.9
1430120 2171.7
1430130 2171.7
1430140 2176.7
1430150 2177.6
1430160 2177.6
1430170 2176.1
1430180 2178.8
1430190 2178.8
1430200 2181.9
1430210 2185.3
1430220 2185.3
1430230 2189.5
1430240 2195.8
1430250 2195.8
1430260 2202.9
1430270 2206.1
1430280 2208.1
1430290 2208.1
1430300 2209.9
1430310 2209.7
1430320 2209.7
1430330 2207.9
1430340 2207.6
1430350 2207.6
1430360 2211.3
1430370 2213.1
1430380 2213.1
1430390 2214.7
1430400 2217.6
1430410 2217.6
1430420 2222.4
1430430 2227.9
1430440 2227.9
1430450 2232.0
1430460 2235.1
1430470 2235.1
1430480 2237.8
1430490 2239.7
1430500 2239.7
1430510 2239.9
1430520 2240.0
1430530 2241.1
1430540 2241.1
1430550 2243.9
1430560 2246.6
1430570 2246.6
1430580 2249.7
1430590 2253.3
1430600 2253.3
1430610 2256.9
1430620 2260.6
1430630 2260.6
1430640 2265.5
1430650 2270.8
1430660 2270.8
1430670 2275.9
1430680 2280.6
1430690 2280.6
1430700 2285.4
1430710 2290.5
1430720 2290.5
1430730 2296.2
1430740 2303.0
1430750 2310.3
1430760 2310.3
1430770 2316.8
1430780 2322.9
1430790 2322.9
1430800 2329.2
1430810 2335.7
1430820 2335.7
1430830 2343.6
1430840 2358.6
1430850 2358.6
1430860 2375.6
1430870 2383.8
1430880 2383.8
1430890 2394.4
1430900 2406.6
1430910 2406.6
1430920 2412.8
1430930 2419.1
1430940 2419.1
1430950 2424.7
1430960 2431.4
1430970 2431.4
1430980 2439.1
1430990 2447.0
1431000 2454.7
1431010 2454.7
1431020 2461.3
1431030 2467.6
1431040 2467.6
1431050 2474.6
1431060 2481.6
1431070 2481.6
1431080 2488.9
1431090 2497.1
1431100 2497.1
1431110 2505.2
1431120 2513.9
1431130 2513.9
1431140 2522.1
1431150 2530.4
1431160 2530.4
1431170 2539.2
1431180 2547.9
1431190 2547.9
1431200 2556.2
1431210 2564.6
1431220 2572.8
1431230 2572.8
1431240 2579.1
1431250 2586.2
1431260 2586.2
1431270 2593.6
1431280 2605.1
1431290 2605.1
1431300 2613.8
1431310 2620.7
1431320 2620.7
1431330 2628.3
1431340 2637.0
1431350 2637.0
1431360 2646.7
1431370 2656.0
1431380 2656.0
1431390 2667.8
1431400 2681.4
1431410 2681.4
1431420 2691.6
1431430 2696.9
1431440 2696.9
1431450 2703.2
1431460 2705.0
1431470 2705.7
1431480 2705.7
1431490 2705.7
1431500 2706.4
1431510 2706.4
1431520 2707.9
1431530 2709.4
1431540 2709.4
1431550 2711.2
1431560 2713.3
1431570 2713.3
1431580 2715.3
1431590 2718.1
1431600 2718.1
1431610 2720.9
1431620 2725.9
1431630 2725.9
1431640 2730.6
1431650 2733.0
1431660 2733.0
1431670 2734.0
1431680 2734.5
1431690 2734.1
1431700 2734.1
1431710 2734.5
1431720 2735.0
1431730 2735.0
1431740 2735.0
1431750 2735.0
1431760 2735.0
1431770 2732.7
1431780 2729.1
1431790 2729.1
1431800 2724.6
1431810 2718.2
1431820 2718.2
1431830 2711.5
1431840 2705.0
1431850 2705.0
1431860 2698.3
1431870 2690.7
1431880 2690.7
1431890 2685.9
1431900 2682.7
1431910 2682.7
1431920 2677.6
1431930 2670.2
1431940 2663.6
1431950 2663.6
1431960 2658.2
1431970 2655.4
1431980 2655.4
1431990 2649.7
1432000 2643.4
1432010 2643.4
1432020 2638.9
1432030 2632.1
1432040 2632.1
1432050 2627.7
1432060 2622.0
1432070 2622.0
1432080 2617.0
1432090 2612.5
1432100 2612.5
1432110 2606.1
1432120 2599.8
1432130 2599.8
1432140 2592.9
1432150 2585.7
1432160 2579.1
1432170 2579.1
1432180 2571.0
1432190 2563.1
1432200 2563.1
1432210 2556.6
1432220 2550.0
1432230 2550.0
1432240 2543.7
1432250 2535.2
1432260 2535.2
1432270 2524.7
1432280 2516.1
1432290 2516.1
1432300 2506.8
1432310 2496.9
1432320 2496.9
1432330 2487.0
1432340 2477.6
1432350 2477.6
1432360 2470.2
1432370 2461.6
1432380 2461.6
1432390 2453.5
1432400 2446.4
1432410 2440.1
1432420 2440.1
1432430 2433.1
1432440 2425.5
1432450 2425.5
1432460 2417.3
1432470 2405.6
1432480 2405.6
1432490 2397.7
1432500 2393.2
1432510 2393.2
1432520 2385.2
1432530 2371.3
1432540 2371.3
1432550 2361.3
1432560 2354.2
1432570 2354.2
1432580 2349.8
1432590 2345.4
1432600 2345.4
1432610 2342.2
1432620 2338.7
1432630 2336.2
1432640 2336.2
1432650 2333.4
1432660 2331.4
1432670 2331.4
1432680 2328.9
1432690 2325.1
1432700 2325.1
1432710 2319.1
1432720 2314.4
1432730 2314.4
1432740 2314.9
1432750 2314.5
1432760 2314.5
1432770 2314.2
1432780 2317.7
1432790 2317.7
1432800 2323.8
1432810 2329.8
1432820 2329.8
1432830 2328.5
1432840 2325.3
1432850 2325.3
1432860 2321.2
1432870 2316.7
1432880 2310.8
1432890 2310.8
1432900 2305.3
1432910 2300.4
1432920 2300.4
1432930 2294.7
1432940 2287.3
1432950 2287.3
1432960 2280.8
1432970 2276.4
1432980 2276.4
1432990 2270.9
1433000 2265.3
1433010 2265.3
1433020 2267.6
1433030 2276.8
1433040 2276.8
1433050 2285.3
1433060 2280.8
1433070 2280.8
1433080 2275.0
1433090 2268.7
1433100 2263.6
1433110 2263.6
1433120 2261.1
1433130 2259.1
1433140 2259.1
1433150 2257.3
1433160 2254.3
1433170 2254.3
1433180 2253.5
1433190 2245.1
1433200 2245.1
1433210 2238.6
1433220 2238.0
1433230 2238.0
1433240 2237.8
1433250 2234.6
1433260 2234.6
1433270 2236.8
1433280 2236.7
1433290 2236.7
1433300 2233.2
1433310 2227.8
1433320 2227.8
1433330 2224.5
1433340 2224.7
1433350 2230.7
1433360 2230.7
1433370 2234.6
1433380 2233.0
1433390 2233.0
1433400 2232.8
1433410 2235.7
1433420 2235.7
1433430 2237.9
1433440 2233.5
1433450 2233.5
1433460 2231.4
1433470 2236.9
1433480 2236.9
1433490 2242.5
1433500 2247.4
1433510 2247.4
1433520 2252.9
1433530 2258.7
1433540 2258.7
1433550 2254.0
1433560 2244.4
1433570 2235.2
1433580 2235.2
1433590 2227.4
1433600 2219.5
1433610 2219.5
1433620 2215.5
1433630 2212.6
1433640 2212.6
1433650 2207.1
1433660 2203.9
1433670 2203.9
1433680 2204.7
1433690 2200.3
1433700 2200.3
1433710 2192.9
1433720 2185.5
1433730 2185.5
1433740 2177.9
1433750 2169.5
1433760 2169.5
1433770 2162.0
1433780 2155.9
1433790 2155.9
1433800 2149.8
1433810 2143.5
1433820 2137.3
1433830 2137.3
1433840 2132.1
1433850 2126.2
1433860 2126.2
1433870 2119.1
1433880 2111.8
1433890 2108.4
1433900 2101.7
1433910 2095.3
1433920 2095.3
1433930 2088.7
1433940 2082.9
1433950 2082.9
1433960 2077.6
1433970 2072.1
1433980 2072.1
1433990 2066.8
1434000 2061.1
1434010 2061.1
1434020 2055.6
1434030 2050.3
1434040 2045.3
1434050 2045.3
1434060 2040.1
1434070 2033.6
1434080 2033.6
1434090 2025.2
1434100 2016.6
1434110 2016.6
1434120 2008.4
1434130 2001.8
1434140 2001.8
1434150 1996.8
1434160 1991.6
1434170 1991.6
1434180 1985.8
1434190 1979.8
1434200 1979.8
1434210 1973.7
1434220 1968.1
1434230 1968.1
1434240 1962.7
1434250 1957.6
1434260 1957.6
1434270 1952.0
1434280 1947.4
1434290 1942.7
1434300 1942.7
1434310 1936.4
1434320 1932.4
1434330 1932.4
1434340 1930.2
1434350 1928.3
1434360 1928.3
1434370 1924.9
1434380 1921.2
1434390 1921.2
1434400 1917.3
1434410 1913.1
1434420 1913.1
1434430 1909.3
1434440 1905.0
1434450 1905.0
1434460 1899.7
1434470 1893.8
1434480 1893.8
1434490 1888.2
1434500 1883.1
1434510 1876.0
1434520 1876.0
1434530 1870.1
1434540 1869.6
1434550 1869.6
1434560 1867.1
1434570 1861.0
1434580 1861.0
1434590 1855.9
1434600 1853.3
1434610 1853.3
1434620 1852.9
1434630 1854.9
1434640 1854.9
1434650 1857.6
1434660 1859.3
1434670 1859.3
1434680 1857.0
1434690 1851.8
1434700 1851.8
1434710 1844.4
1434720 1839.4
1434730 1839.4
1434740 1835.2
1434750 1830.6
1434760 1825.1
1434770 1825.1
1434780 1819.6
1434790 1814.2
1434800 1814.2
1434810 1808.6
1434820 1802.3
1434830 1802.3
1434840 1784.1
1434850 1767.4
1434860 1767.4
1434870 1760.0
1434880 1762.7
1434890 1762.7
1434900 1772.1
1434910 1784.2
1434920 1784.2
1434930 1792.2
1434940 1794.2
1434950 1794.2
1434960 1797.8
1434970 1801.9
1434980 1805.3
1434990 1805.3
1435000 1808.2
1435010 1812.4
1435020 1812.4
1435030 1816.8
1435040 1820.2
1435050 1820.2
1435060 1819.4
1435070 1816.6
1435080 1816.6
1435090 1814.0
1435100 1812.1
1435110 1812.1
1435120 1810.9
1435130 1810.9
1435140 1810.9
1435150 1808.4
1435160 1805.7
1435170 1805.7
1435180 1803.2
1435190 1800.4
1435200 1800.4
1435210 1797.6
1435220 1794.3
1435230 1796.8
1435240 1796.8
1435250 1800.5
1435260 1803.5
1435270 1803.5
1435280 1806.3
1435290 1806.3
1435300 1806.3
1435310 1803.5
1435320 1802.7
1435330 1802.7
1435340 1801.5
1435350 1799.5
1435360 1799.5
1435370 1798.1
1435380 1797.1
1435390 1797.1
1435400 1796.7
1435410 1796.5
1435420 1796.5
1435430 1796.7
1435440 1798.6
1435450 1801.1
1435460 1801.1
1435470 1802.6
1435480 1798.5
1435490 1798.5
1435500 1790.4
1435510 1783.0
1435520 1783.0
1435530 1776.4
1435540 1768.6
1435550 1768.6
1435560 1760.1
1435570 1751.8
1435580 1751.8
1435590 1743.4
1435600 1734.9
1435610 1734.9
1435620 1726.6
1435630 1718.5
1435640 1718.5
1435650 1711.2
1435660 1704.7
1435670 1704.7
1435680 1698.4
1435690 1691.8
1435700 1685.3
1435710 1685.3
1435720 1678.2
1435730 1670.7
1435740 1670.7
1435750 1662.4
1435760 1652.9
1435770 1652.9
1435780 1643.9
1435790 1633.2
1435800 1633.2
1435810 1619.4
1435820 1609.6
1435830 1609.6
1435840 1602.8
1435850 1597.6
1435860 1597.6
1435870 1597.4
1435880 1590.2
1435890 1590.2
1435900 1592.4
1435910 1595.2
1435920 1595.8
1435930 1595.8
1435940 1597.2
1435950 1600.4
1435960 1600.4
1435970 1604.1
1435980 1608.9
1435990 1608.9
1436000 1612.7
1436010 1613.3
1436020 1613.3
1436030 1609.6
1436040 1600.0
1436050 1600.0
1436060 1591.7
1436070 1584.2
1436080 1584.2
1436090 1578.0
1436100 1573.1
1436110 1573.1
1436120 1569.3
1436130 1564.1
1436140 1564.1
1436150 1558.9
1436160 1554.2
1436170 1546.2
1436180 1546.2
1436190 1533.8
1436200 1522.9
1436210 1522.9
1436220 1519.2
1436230 1517.5
1436240 1517.5
1436250 1512.7
1436260 1508.3
1436270 1508.3
1436280 1502.6
1436290 1498.6
1436300 1498.6
1436310 1494.8
1436320 1490.6
1436330 1490.6
1436340 1487.6
1436350 1485.0
1436360 1485.0
1436370 1479.8
1436380 1472.9
1436390 1464.0
1436400 1464.0
1436410 1454.7
1436420 1445.3
1436430 1445.3
1436440 1438.2
1436450 1430.8
1436460 1430.8
1436470 1405.2
1436480 1395.3
1436490 1395.3
1436500 1383.9
1436510 1370.9
1436520 1370.9
1436530 1360.0
1436540 1350.0
1436550 1350.0
1436560 1341.3
1436570 1338.1
1436580 1338.1
1436590 1338.1
1436600 1336.2
1436610 1336.2
1436620 1332.9
1436630 1328.1
1436640 1323.3
1436650 1323.3
1436660 1318.2
1436670 1312.4
1436680 1312.4
1436690 1303.3
1436700 1295.1
1436710 1295.1
1436720 1291.0
1436730 1285.1
1436740 1285.1
1436750 1276.8
1436760 1269.8
1436770 1269.8
1436780 1267.2
1436790 1262.7
1436800 1262.7
1436810 1256.5
1436820 1251.6
1436830 1251.6
1436840 1243.7
1436850 1234.4
1436860 1228.9
1436870 1228.9
1436880 1225.0
1436890 1220.4
1436900 1220.4
1436910 1216.0
1436920 1211.0
1436930 1211.0
1436940 1206.4
1436950 1203.4
1436960 1203.4
1436970 1200.8
1436980 1194.7
1436990 1194.7
1437000 1188.7
1437010 1183.6
1437020 1183.6
1437030 1181.4
1437040 1178.6
1437050 1178.6
1437060 1173.8
1437070 1168.3
1437080 1168.3
1437090 1162.5
1437100 1160.9
1437110 1159.3
1437120 1159.3
1437130 1158.4
1437140 1157.5
1437150 1157.5
1437160 1156.7
1437170 1156.0
1437180 1156.0
1437190 1155.3
1437200 1154.7
1437210 1154.7
1437220 1154.5
1437230 1153.0
1437240 1153.0
1437250 1149.9
1437260 1147.9
1437270 1147.9
1437280 1145.4
1437290 1144.2
1437300 1144.2
1437310 1143.5
1437320 1143.0
1437330 1142.8
1437340 1142.8
1437350 1143.3
1437360 1144.8
1437370 1144.8
1437380 1146.1
1437390 1146.7
1437400 1146.7
1437410 1146.8
1437420 1147.8
1437430 1147.8
1437440 1149.2
1437450 1150.3
1437460 1150.3
1437470 1151.2
1437480 1152.6
1437490 1152.6
1437500 1154.7
1437510 1156.2
1437520 1156.2
1437530 1157.0
1437540 1157.3
1437550 1157.3
1437560 1156.0
1437570 1153.3
1437580 1155.7
1437590 1155.7
1437600 1158.2
1437610 1163.0
1437620 1163.0
1437630 1165.5
1437640 1167.4
1437650 1167.4
1437660 1169.5
1437670 1171.1
1437680 1171.1
1437690 1172.6
1437700 1176.7
1437710 1176.7
1437720 1179.8
1437730 1181.6
1437740 1181.6
1437750 1183.6
1437760 1185.7
1437770 1185.7
1437780 1188.0
1437790 1191.3
1437800 1196.2
1437810 1196.2
1437820 1202.8
1437830 1210.8
1437840 1210.8
1437850 1220.7
1437860 1240.8
1437870 1240.8
1437880 1271.1
1437890 1285.0
1437900 1285.0
1437910 1282.3
1437920 1281.9
1437930 1281.9
1437940 1288.2
1437950 1298.3
1437960 1298.3
1437970 1309.3
1437980 1321.3
1437990 1321.3
1438000 1332.4
1438010 1342.1
1438020 1351.7
1438030 1351.7
1438040 1361.1
1438050 1369.3
1438060 1369.3
1438070 1377.1
1438080 1384.6
1438090 1384.6
1438100 1387.3
1438110 1386.6
1438120 1386.6
1438130 1388.8
1438140 1391.7
1438150 1391.7
1438160 1395.6
1438170 1399.4
1438180 1399.4
1438190 1403.5
1438200 1408.1
1438210 1408.1
1438220 1410.7
1438230 1412.5
1438240 1412.5
1438250 1412.8
1438260 1412.8
1438270 1413.5
1438280 1413.5
1438290 1414.6
1438300 1416.5
1438310 1416.5
1438320 1418.0
1438330 1423.8
1438340 1423.8
1438350 1427.8
1438360 1429.5
1438370 1429.5
1438380 1431.2
1438390 1429.0
1438400 1429.0
1438410 1428.4
1438420 1435.0
1438430 1435.0
1438440 1440.0
1438450 1442.0
1438460 1442.0
1438470 1443.2
1438480 1452.7
1438490 1460.6
1438500 1460.6
1438510 1464.2
1438520 1468.3
1438530 1468.3
1438540 1469.6
1438550 1469.1
1438560 1469.1
1438570 1467.2
1438580 1464.4
1438590 1464.4
1438600 1459.7
1438610 1453.1
1438620 1453.1
1438630 1448.8
1438640 1447.6
1438650 1447.6
1438660 1440.6
1438670 1432.8
1438680 1432.8
1438690 1433.1
1438700 1439.7
1438710 1439.7
1438720 1443.1
1438730 1444.1
1438740 1452.2
1438750 1452.2
1438760 1467.4
1438770 1480.3
1438780 1480.3
1438790 1491.0
1438800 1501.4
1438810 1501.4
1438820 1503.3
1438830 1499.5
1438840 1499.5
1438850 1494.9
1438860 1491.7
1438870 1491.7
1438880 1488.7
1438890 1487.5
1438900 1487.5
1438910 1491.7
1438920 1500.7
1438930 1500.7
1438940 1518.4
1438950 1534.8
1438960 1549.4
1438970 1549.4
1438980 1572.3
1438990 1590.3
1439000 1590.3
1439010 1598.1
1439020 1605.2
1439030 1605.2
1439040 1612.3
1439050 1618.1
1439060 1618.1
1439070 1622.7
1439080 1630.0
1439090 1630.0
1439100 1638.7
1439110 1645.2
1439120 1645.2
1439130 1653.0
1439140 1661.8
1439150 1661.8
1439160 1674.5
1439170 1687.0
1439180 1687.0
1439190 1691.4
1439200 1685.7
1439210 1680.8
1439220 1680.8
1439230 1677.0
1439240 1673.8
1439250 1673.8
1439260 1670.9
1439270 1668.7
1439280 1668.7
1439290 1667.7
1439300 1664.7
1439310 1664.7
1439320 1661.6
1439330 1658.9
1439340 1658.9
1439350 1657.5
1439360 1656.6
1439370 1656.6
1439380 1655.3
1439390 1653.5
1439400 1653.5
1439410 1649.4
1439420 1646.0
1439430 1647.0
1439440 1647.0
1439450 1650.0
1439460 1652.6
1439470 1652.6
1439480 1653.4
1439490 1657.1
1439500 1657.1
1439510 1662.2
1439520 1666.2
1439530 1666.2
1439540 1671.2
1439550 1678.6
1439560 1678.6
1439570 1685.2
1439580 1691.8
1439590 1691.8
1439600 1698.1
1439610 1704.4
1439620 1704.4
1439630 1711.1
1439640 1718.4
1439650 1718.4
1439660 1726.2
1439670 1734.1
1439680 1741.6
1439690 1741.6
1439700 1750.7
1439710 1760.7
1439720 1760.7
1439730 1769.2
1439740 1779.2
1439750 1779.2
1439760 1794.9
1439770 1825.6
1439780 1825.6
1439790 1856.2
1439800 1875.6
1439810 1875.6
1439820 1894.3
1439830 1907.3
1439840 1907.3
1439850 1916.6
1439860 1925.1
1439870 1925.1
1439880 1933.3
1439890 1941.6
1439900 1949.8
1439910 1949.8
1439920 1959.4
1439930 1968.4
1439940 1968.4
1439950 1975.2
1439960 1983.6
1439970 1983.6
1439980 1992.9
1439990 2001.1
