1420000 3052.8
1420010 3060.8
1420020 3069.2
1420030 3069.2
1420040 3077.5
1420050 3085.9
1420060 3085.9
1420070 3093.4
1420080 3101.8
1420090 3109.8
1420100 3109.8
1420110 3116.5
1420120 3123.4
1420130 3123.4
1420140 3130.8
1420150 3139.1
1420160 3139.1
1420170 3148.0
1420180 3157.1
1420190 3157.1
1420200 3166.8
1420210 3176.6
1420220 3176.6
1420230 3186.2
1420240 3195.8
1420250 3195.8
1420260 3205.3
1420270 3215.8
1420280 3215.8
1420290 3226.7
1420300 3237.7
1420310 3236.4
1420320 3236.4
1420330 3224.3
1420340 3215.4
1420350 3215.4
1420360 3208.1
1420370 3200.3
1420380 3200.3
1420390 3190.4
1420400 3181.0
1420410 3181.0
1420420 3171.3
1420430 3161.3
1420440 3161.3
1420450 3150.1
1420460 3139.9
1420470 3139.9
1420480 3129.8
1420490 3120.0
1420500 3120.0
1420510 3109.4
1420520 3099.2
1420530 3099.2
1420540 3089.1
1420550 3078.9
1420560 3069.0
1420570 3069.0
1420580 3058.1
1420590 3047.1
1420600 3047.1
1420610 3036.7
1420620 3026.1
1420630 3026.1
1420640 3016.1
1420650 3006.5
1420660 3006.5
1420670 2996.1
1420680 2985.0
1420690 2985.0
1420700 2973.1
1420710 2961.7
1420720 2961.7
1420730 2950.1
1420740 2938.6
1420750 2938.6
1420760 2926.0
1420770 2914.1
1420780 2902.2
1420790 2902.2
1420800 2890.0
1420810 2879.1
1420820 2879.1
1420830 2869.0
1420840 2858.9
1420850 2858.9
1420860 2848.1
1420870 2836.6
1420880 2836.6
1420890 2820.6
1420900 2804.8
1420910 2804.8
1420920 2790.8
1420930 2778.9
1420940 2778.9
1420950 2767.5
1420960 2751.8
1420970 2751.8
1420980 2732.6
1420990 2718.5
1421000 2718.5
1421010 2708.5
1421020 2696.0
1421030 2676.9
1421040 2676.9
1421050 2663.6
1421060 2650.1
1421070 2650.1
1421080 2645.0
1421090 2640.6
1421100 2640.6
1421110 2634.9
1421120 2628.7
1421130 2628.7
1421140 2623.6
1421150 2619.4
1421160 2619.4
1421170 2615.5
1421180 2609.9
1421190 2609.9
1421200 2606.8
1421210 2601.7
1421220 2601.7
1421230 2595.6
1421240 2588.5
1421250 2581.5
1421260 2581.5
1421270 2575.4
1421280 2568.6
1421290 2568.6
1421300 2561.6
1421310 2554.8
1421320 2554.8
1421330 2546.0
1421340 2540.5
1421350 2540.5
1421360 2532.5
1421370 2525.1
1421380 2525.1
1421390 2518.6
1421400 2513.0
1421410 2513.0
1421420 2508.1
1421430 2503.9
1421440 2503.9
1421450 2500.2
1421460 2496.7
1421470 2496.7
1421480 2493.6
1421490 2490.6
1421500 2488.1
1421510 2488.1
1421520 2486.3
1421530 2484.6
1421540 2484.6
1421550 2482.4
1421560 2480.1
1421570 2480.1
1421580 2478.1
1421590 2474.8
1421600 2474.8
1421610 2473.7
1421620 2472.2
1421630 2472.2
1421640 2467.7
1421650 2466.0
1421660 2466.0
1421670 2462.6
1421680 2456.7
1421690 2456.7
1421700 2452.6
1421710 2450.4
1421720 2450.4
1421730 2447.9
1421740 2443.9
1421750 2438.6
1421760 2438.6
1421770 2436.1
1421780 2428.2
1421790 2428.2
1421800 2423.1
1421810 2416.6
1421820 2416.6
1421830 2408.6
1421840 2400.6
1421850 2400.6
1421860 2392.7
1421870 2386.3
1421880 2386.3
1421890 2379.9
1421900 2373.5
1421910 2373.5
1421920 2370.8
1421930 2368.4
1421940 2368.4
1421950 2366.2
1421960 2364.3
1421970 2360.2
1421980 2360.2
1421990 2359.1
1422000 2353.5
1422010 2353.5
1422020 2340.9
1422030 2328.8
1422040 2328.8
1422050 2312.6
1422060 2299.9
1422070 2299.9
1422080 2293.0
1422090 2286.9
1422100 2286.9
1422110 2281.0
1422120 2276.6
1422130 2276.6
1422140 2270.8
1422150 2262.5
1422160 2262.5
1422170 2258.7
1422180 2256.5
1422190 2256.5
1422200 2250.8
1422210 2246.3
1422220 2240.4
1422230 2240.4
1422240 2233.6
1422250 2219.5
1422260 2219.5
1422270 2213.4
1422280 2208.6
1422290 2208.6
1422300 2203.8
1422310 2199.7
1422320 2199.7
1422330 2195.9
1422340 2190.5
1422350 2190.5
1422360 2183.3
1422370 2178.4
1422380 2178.4
1422390 2175.0
1422400 2169.7
1422410 2169.7
1422420 2157.7
1422430 2149.1
1422440 2143.3
1422450 2143.3
1422460 2138.2
1422470 2133.4
1422480 2133.4
1422490 2128.9
1422500 2125.0
1422510 2125.0
1422520 2121.3
1422530 2117.4
1422540 2117.4
1422550 2112.8
1422560 2108.2
1422570 2108.2
1422580 2105.0
1422590 2103.0
1422600 2103.0
1422610 2099.3
1422620 2094.1
1422630 2094.1
1422640 2088.5
1422650 2081.2
1422660 2081.2
1422670 2071.3
1422680 2063.8
1422690 2067.0
1422700 2067.0
1422710 2067.5
1422720 2067.1
1422730 2067.1
1422740 2063.5
1422750 2059.8
1422760 2059.8
1422770 2058.9
1422780 2058.6
1422790 2058.6
1422800 2058.8
1422810 2058.5
1422820 2058.5
1422830 2055.7
1422840 2045.9
1422850 2045.9
1422860 2037.0
1422870 2027.4
1422880 2027.4
1422890 2017.9
1422900 2006.6
1422910 1998.8
1422920 1998.8
1422930 1991.3
1422940 1983.3
1422950 1983.3
1422960 1978.1
1422970 1975.1
1422980 1975.1
1422990 1956.9
1423000 1941.4
1423010 1941.4
1423020 1934.5
1423030 1932.3
1423040 1932.3
1423050 1930.2
1423060 1927.7
1423070 1927.7
1423080 1923.9
1423090 1922.4
1423100 1922.4
1423110 1921.7
1423120 1920.1
1423130 1920.1
1423140 1918.4
1423150 1917.6
1423160 1917.7
1423170 1917.7
1423180 1917.8
1423190 1917.8
1423200 1917.8
1423210 1918.7
1423220 1917.4
1423230 1917.4
1423240 1916.8
1423250 1917.4
1423260 1917.4
1423270 1918.9
1423280 1921.3
1423290 1921.3
1423300 1922.0
1423310 1922.5
1423320 1922.5
1423330 1923.5
1423340 1924.9
1423350 1924.9
1423360 1926.3
1423370 1925.5
1423380 1925.5
1423390 1927.1
1423400 1930.3
1423410 1933.3
1423420 1933.3
1423430 1935.5
1423440 1938.7
1423450 1938.7
1423460 1943.7
1423470 1949.4
1423480 1949.4
1423490 1957.5
1423500 1967.3
1423510 1967.3
1423520 1979.1
1423530 1984.9
1423540 1984.9
1423550 1983.8
1423560 1984.3
1423570 1984.3
1423580 1984.0
1423590 1983.6
1423600 1983.6
1423610 1984.8
1423620 1986.1
1423630 1985.9
1423640 1985.9
1423650 1984.4
1423660 1982.0
1423670 1982.0
1423680 1979.4
1423690 1977.6
1423700 1977.6
1423710 1976.4
1423720 1975.3
1423730 1975.3
1423740 1975.0
1423750 1974.7
1423760 1974.7
1423770 1975.9
1423780 1974.7
1423790 1974.7
1423800 1971.4
1423810 1970.7
1423820 1970.7
1423830 1968.9
1423840 1961.7
1423850 1961.7
1423860 1956.6
1423870 1954.0
1423880 1950.7
1423890 1950.7
1423900 1945.1
1423910 1938.9
1423920 1938.9
1423930 1934.6
1423940 1934.8
1423950 1934.8
1423960 1937.2
1423970 1940.8
1423980 1940.8
1423990 1941.1
1424000 1938.8
1424010 1938.8
1424020 1940.1
1424030 1939.6
1424040 1939.6
1424050 1937.7
1424060 1939.2
1424070 1939.2
1424080 1941.4
1424090 1940.0
1424100 1939.1
1424110 1939.1
1424120 1939.0
1424130 1938.1
1424140 1938.1
1424150 1936.8
1424160 1934.9
1424170 1934.9
1424180 1933.1
1424190 1930.7
1424200 1930.7
1424210 1928.7
1424220 1926.4
1424230 1926.4
1424240 1924.2
1424250 1921.2
1424260 1921.2
1424270 1919.2
1424280 1916.7
1424290 1916.7
1424300 1912.0
1424310 1907.9
1424320 1907.9
1424330 1905.2
1424340 1901.8
1424350 1897.7
1424360 1897.7
1424370 1892.2
1424380 1886.6
1424390 1886.6
1424400 1885.5
1424410 1882.6
1424420 1882.6
1424430 1878.7
1424440 1874.9
1424450 1874.9
1424460 1872.3
1424470 1869.0
1424480 1869.0
1424490 1864.8
1424500 1860.4
1424510 1860.4
1424520 1858.3
1424530 1857.6
1424540 1857.6
1424550 1854.8
1424560 1852.0
1424570 1850.2
1424580 1850.2
1424590 1848.2
1424600 1842.6
1424610 1842.6
1424620 1838.2
1424630 1840.7
1424640 1840.7
1424650 1840.8
1424660 1836.4
1424670 1836.4
1424680 1835.1
1424690 1833.9
1424700 1833.9
1424710 1831.6
1424720 1827.4
1424730 1827.4
1424740 1824.4
1424750 1823.8
1424760 1823.8
1424770 1823.4
1424780 1822.9
1424790 1822.9
1424800 1822.2
1424810 1818.8
1424820 1820.6
1424830 1820.6
1424840 1819.1
1424850 1818.1
1424860 1818.1
1424870 1817.4
1424880 1817.4
1424890 1817.4
1424900 1816.8
1424910 1813.5
1424920 1813.5
1424930 1806.6
1424940 1805.2
1424950 1805.2
1424960 1806.6
1424970 1815.7
1424980 1815.7
1424990 1820.5
1425000 1818.1
1425010 1818.1
1425020 1810.2
1425030 1806.5
1425040 1806.5
1425050 1800.8
1425060 1792.9
1425070 1784.0
1425080 1784.0
1425090 1773.3
1425100 1765.3
1425110 1765.3
1425120 1759.9
1425130 1755.4
1425140 1755.4
1425150 1751.6
1425160 1751.6
1425170 1751.6
1425180 1751.1
1425190 1750.0
1425200 1750.0
1425210 1749.8
1425220 1750.5
1425230 1750.5
1425240 1751.1
1425250 1750.8
1425260 1750.8
1425270 1747.9
1425280 1742.0
1425290 1734.0
1425300 1734.0
1425310 1726.3
1425320 1719.6
1425330 1719.6
1425340 1712.8
1425350 1705.1
1425360 1705.1
1425370 1697.9
1425380 1691.5
1425390 1691.5
1425400 1684.2
1425410 1676.8
1425420 1676.8
1425430 1671.4
1425440 1666.6
1425450 1666.6
1425460 1661.6
1425470 1655.7
1425480 1655.7
1425490 1649.4
1425500 1642.7
1425510 1642.7
1425520 1635.1
1425530 1627.2
1425540 1619.0
1425550 1619.0
1425560 1611.3
1425570 1605.1
1425580 1605.1
1425590 1598.7
1425600 1592.7
1425610 1592.7
1425620 1586.7
1425630 1578.7
1425640 1578.7
1425650 1567.9
1425660 1559.2
1425670 1559.2
1425680 1556.5
1425690 1554.5
1425700 1554.5
1425710 1555.5
1425720 1552.6
1425730 1552.6
1425740 1547.4
1425750 1542.3
1425760 1536.9
1425770 1536.9
1425780 1531.5
1425790 1526.0
1425800 1526.0
1425810 1520.4
1425820 1514.3
1425830 1514.3
1425840 1508.1
1425850 1502.0
1425860 1502.0
1425870 1495.5
1425880 1488.6
1425890 1488.6
1425900 1481.2
1425910 1473.7
1425920 1473.7
1425930 1467.4
1425940 1461.8
1425950 1461.8
1425960 1455.4
1425970 1443.1
1425980 1443.1
1425990 1433.3
1426000 1423.5
1426010 1414.6
1426020 1414.6
1426030 1407.2
1426040 1399.5
1426050 1399.5
1426060 1390.9
1426070 1380.7
1426080 1380.7
1426090 1373.8
1426100 1364.2
1426110 1364.2
1426120 1357.5
1426130 1350.8
1426140 1350.8
1426150 1343.1
1426160 1336.7
1426170 1336.7
1426180 1330.3
1426190 1323.7
1426200 1323.7
1426210 1316.5
1426220 1309.2
1426230 1301.2
1426240 1301.2
1426250 1295.1
1426260 1297.1
1426270 1297.1
1426280 1304.4
1426290 1301.6
1426300 1301.6
1426310 1297.1
1426320 1292.3
1426330 1292.3
1426340 1287.8
1426350 1283.6
1426360 1283.6
1426370 1279.9
1426380 1276.3
1426390 1276.3
1426400 1274.2
1426410 1272.3
1426420 1272.3
1426430 1269.9
1426440 1266.9
1426450 1266.9
1426460 1263.3
1426470 1259.4
1426480 1256.0
1426490 1256.0
1426500 1253.0
1426510 1249.5
1426520 1249.5
1426530 1246.3
1426540 1242.9
1426550 1242.9
1426560 1238.7
1426570 1235.1
1426580 1235.1
1426590 1231.7
1426600 1227.7
1426610 1227.7
1426620 1224.8
1426630 1220.9
1426640 1220.9
1426650 1216.4
1426660 1213.0
1426670 1213.0
1426680 1211.8
1426690 1214.8
1426700 1214.8
1426710 1218.6
1426720 1223.2
1426730 1227.5
1426740 1227.5
1426750 1230.8
1426760 1229.3
1426770 1229.3
1426780 1219.1
1426790 1208.1
1426800 1208.1
1426810 1197.4
1426820 1189.3
1426830 1189.3
1426840 1181.5
1426850 1174.6
1426860 1174.6
1426870 1167.5
1426880 1160.3
1426890 1160.3
1426900 1154.0
1426910 1146.9
1426920 1146.9
1426930 1139.8
1426940 1131.0
1426950 1123.2
1426960 1123.2
1426970 1116.3
1426980 1114.6
1426990 1114.6
1427000 1120.6
1427010 1127.3
1427020 1127.3
1427030 1133.1
1427040 1143.6
1427050 1143.6
1427060 1149.8
1427070 1152.3
1427080 1152.3
1427090 1154.6
1427100 1158.4
1427110 1158.4
1427120 1163.7
1427130 1167.9
1427140 1167.9
1427150 1172.4
1427160 1177.0
1427170 1177.0
1427180 1180.3
1427190 1185.0
1427200 1190.8
1427210 1190.8
1427220 1197.2
1427230 1204.3
1427240 1204.3
1427250 1212.7
1427260 1220.9
1427270 1220.9
1427280 1229.4
1427290 1235.9
1427300 1235.9
1427310 1241.4
1427320 1246.2
1427330 1246.2
1427340 1248.8
1427350 1248.3
1427360 1248.3
1427370 1247.7
1427380 1247.9
1427390 1247.9
1427400 1249.5
1427410 1251.7
1427420 1254.6
1427430 1254.6
1427440 1252.8
1427450 1254.8
1427460 1254.8
1427470 1260.5
1427480 1264.3
1427490 1264.3
1427500 1267.5
1427510 1272.1
1427520 1272.1
1427530 1277.6
1427540 1283.2
1427550 1283.2
1427560 1288.4
1427570 1293.0
1427580 1293.0
1427590 1296.9
1427600 1301.7
1427610 1301.7
1427620 1306.4
1427630 1311.2
1427640 1311.2
1427650 1316.3
1427660 1320.1
1427670 1323.8
1427680 1323.8
1427690 1329.2
1427700 1335.9
1427710 1335.9
1427720 1342.4
1427730 1346.7
1427740 1346.7
1427750 1341.2
1427760 1340.7
1427770 1340.7
1427780 1346.4
1427790 1352.0
1427800 1352.0
1427810 1357.1
1427820 1361.3
1427830 1361.3
1427840 1366.6
1427850 1371.4
1427860 1371.4
1427870 1378.1
1427880 1383.5
1427890 1386.6
1427900 1386.6
1427910 1390.8
1427920 1389.8
1427930 1389.8
1427940 1394.7
1427950 1403.2
1427960 1403.2
1427970 1404.7
1427980 1405.1
1427990 1405.1
1428000 1406.5
1428010 1403.4
1428020 1403.4
1428030 1395.2
1428040 1392.0
1428050 1392.0
1428060 1391.5
1428070 1388.8
1428080 1388.8
1428090 1385.6
1428100 1384.3
1428110 1384.3
1428120 1387.7
1428130 1398.0
1428140 1411.2
1428150 1411.2
1428160 1423.1
1428170 1433.9
1428180 1435.1
1428190 1443.3
1428200 1450.2
1428210 1450.2
1428220 1457.3
1428230 1464.5
1428240 1464.5
1428250 1470.0
1428260 1476.2
1428270 1476.2
1428280 1483.8
1428290 1491.9
1428300 1491.9
1428310 1500.0
1428320 1508.0
1428330 1508.0
1428340 1515.8
1428350 1523.5
1428360 1523.5
1428370 1529.9
1428380 1537.0
1428390 1544.1
1428400 1544.1
1428410 1551.1
1428420 1558.1
1428430 1558.1
1428440 1564.5
1428450 1571.3
1428460 1571.3
1428470 1579.7
1428480 1585.5
1428490 1585.5
1428500 1591.3
1428510 1598.3
1428520 1598.3
1428530 1605.7
1428540 1612.4
1428550 1612.4
1428560 1620.0
1428570 1627.4
1428580 1627.4
1428590 1633.7
1428600 1639.3
1428610 1644.8
1428620 1644.8
1428630 1649.2
1428640 1653.2
1428650 1653.2
1428660 1658.1
1428670 1663.3
1428680 1663.3
1428690 1668.0
1428700 1669.7
1428710 1669.7
1428720 1674.3
1428730 1679.1
1428740 1679.1
1428750 1687.1
1428760 1696.0
1428770 1696.0
1428780 1703.7
1428790 1711.2
1428800 1711.2
1428810 1719.5
1428820 1725.8
1428830 1725.8
1428840 1732.9
1428850 1741.0
1428860 1747.4
1428870 1747.4
1428880 1754.1
1428890 1762.7
1428900 1762.7
1428910 1770.9
1428920 1776.7
1428930 1776.7
1428940 1785.7
1428950 1794.6
1428960 1794.6
1428970 1799.4
1428980 1803.9
1428990 1803.9
1429000 1811.4
1429010 1819.0
1429020 1819.0
1429030 1827.1
1429040 1835.3
1429050 1835.3
1429060 1844.1
1429070 1853.1
1429080 1861.8
1429090 1861.8
1429100 1870.1
1429110 1878.4
1429120 1878.4
1429130 1886.6
1429140 1893.6
1429150 1893.6
1429160 1900.9
1429170 1908.3
1429180 1908.3
1429190 1915.8
1429200 1921.8
1429210 1921.8
1429220 1927.8
1429230 1935.0
1429240 1935.0
1429250 1943.2
1429260 1952.8
1429270 1952.8
1429280 1962.1
1429290 1971.3
1429300 1971.3
1429310 1977.7
1429320 1984.0
1429330 1989.0
1429340 1989.0
1429350 1998.1
1429360 2005.4
1429370 2005.4
1429380 2014.7
1429390 2025.6
1429400 2025.6
1429410 2036.5
1429420 2046.2
1429430 2046.2
1429440 2053.4
1429450 2063.4
1429460 2063.4
1429470 2067.9
1429480 2077.6
1429490 2077.6
1429500 2088.2
1429510 2094.2
1429520 2094.2
1429530 2103.2
1429540 2109.3
1429550 2115.5
1429560 2115.5
1429570 2122.3
1429580 2129.7
1429590 2129.7
1429600 2137.6
1429610 2145.3
1429620 2145.3
1429630 2153.5
1429640 2161.7
1429650 2161.7
1429660 2170.4
1429670 2180.7
1429680 2180.7
1429690 2189.6
1429700 2198.7
1429710 2198.7
1429720 2208.0
1429730 2210.7
1429740 2210.7
1429750 2213.5
1429760 2219.5
1429770 2219.5
1429780 2227.8
1429790 2237.5
1429800 2247.0
1429810 2247.0
1429820 2255.5
1429830 2261.6
1429840 2261.6
1429850 2261.6
1429860 2258.8
1429870 2258.8
1429880 2257.9
1429890 2262.0
1429900 2262.0
1429910 2269.1
1429920 2276.4
1429930 2276.4
1429940 2281.3
1429950 2283.7
1429960 2283.7
1429970 2282.8
1429980 2281.4
1429990 2281.4
1430000 2281.0
1430010 2283.2
1430020 2289.6
1430030 2289.6
1430040 2293.7
1430050 2300.1
1430060 2300.1
1430070 2306.1
1430080 2309.6
1430090 2309.6
1430100 2314.7
1430110 2319.9
1430120 2319.9
1430130 2325.7
1430140 2332.9
1430150 2332.9
1430160 2341.5
1430170 2349.9
1430180 2349.9
1430190 2357.7
1430200 2365.7
1430210 2365.7
1430220 2374.6
1430230 2383.4
1430240 2383.4
1430250 2391.8
1430260 2400.0
1430270 2407.8
1430280 2407.8
1430290 2415.4
1430300 2423.5
1430310 2423.5
1430320 2431.4
1430330 2438.1
1430340 2438.1
1430350 2444.8
1430360 2452.1
1430370 2452.1
1430380 2459.2
1430390 2453.8
1430400 2453.8
1430410 2434.6
1430420 2419.3
1430430 2419.3
1430440 2411.1
1430450 2405.8
1430460 2405.8
1430470 2401.3
1430480 2403.3
1430490 2403.3
1430500 2399.6
1430510 2398.6
1430520 2398.8
1430530 2398.8
1430540 2399.0
1430550 2400.7
1430560 2400.7
1430570 2401.7
1430580 2404.4
1430590 2404.4
1430600 2405.1
1430610 2405.4
1430620 2405.4
1430630 2407.5
1430640 2409.7
1430650 2409.7
1430660 2410.5
1430670 2412.3
1430680 2412.3
1430690 2413.8
1430700 2415.9
1430710 2415.9
1430720 2419.5
1430730 2427.1
1430740 2438.0
1430750 2438.0
1430760 2442.9
1430770 2448.4
1430780 2448.4
1430790 2454.0
1430800 2463.3
1430810 2463.3
1430820 2467.4
1430830 2462.5
1430840 2462.5
1430850 2456.0
1430860 2449.1
1430870 2449.1
1430880 2442.3
1430890 2436.0
1430900 2436.0
1430910 2428.6
1430920 2422.1
1430930 2422.1
1430940 2410.9
1430950 2398.5
1430960 2398.5
1430970 2386.7
1430980 2376.1
1430990 2366.0
1431000 2366.0
1431010 2355.9
1431020 2348.0
1431030 2348.0
1431040 2341.2
1431050 2334.7
1431060 2334.7
1431070 2328.7
1431080 2322.9
1431090 2322.9
1431100 2317.6
1431110 2314.3
1431120 2314.3
1431130 2309.1
1431140 2304.1
1431150 2304.1
1431160 2300.0
1431170 2293.5
1431180 2293.5
1431190 2286.7
1431200 2283.7
1431210 2282.6
1431220 2282.6
1431230 2276.8
1431240 2270.2
1431250 2270.2
1431260 2262.5
1431270 2252.4
1431280 2252.4
1431290 2242.5
1431300 2233.7
1431310 2233.7
1431320 2224.1
1431330 2211.5
1431340 2211.5
1431350 2202.0
1431360 2195.1
1431370 2195.1
1431380 2188.8
1431390 2183.8
1431400 2183.8
1431410 2181.0
1431420 2181.3
1431430 2181.3
1431440 2181.6
1431450 2183.0
1431460 2186.6
1431470 2186.6
1431480 2189.5
1431490 2192.4
1431500 2192.4
1431510 2195.5
1431520 2198.9
1431530 2198.9
1431540 2201.8
1431550 2204.8
1431560 2204.8
1431570 2208.1
1431580 2212.5
1431590 2212.5
1431600 2217.3
1431610 2221.8
1431620 2221.8
1431630 2220.4
1431640 2220.8
1431650 2220.8
1431660 2222.2
1431670 2227.4
1431680 2230.7
1431690 2230.7
1431700 2232.6
1431710 2235.0
1431720 2235.0
1431730 2237.7
1431740 2240.4
1431750 2240.4
1431760 2242.8
1431770 2244.4
1431780 2244.4
1431790 2247.8
1431800 2250.9
1431810 2250.9
1431820 2254.1
1431830 2256.1
1431840 2256.1
1431850 2257.4
1431860 2259.5
1431870 2259.5
1431880 2263.7
1431890 2267.4
1431900 2267.4
1431910 2270.2
1431920 2273.5
1431930 2276.1
1431940 2276.1
1431950 2279.4
1431960 2283.7
1431970 2283.7
1431980 2289.0
1431990 2294.0
1432000 2294.0
1432010 2299.0
1432020 2304.2
1432030 2304.2
1432040 2310.4
1432050 2317.1
1432060 2317.1
1432070 2320.9
1432080 2326.6
1432090 2326.6
1432100 2332.8
1432110 2339.3
1432120 2339.3
1432130 2346.4
1432140 2355.3
1432150 2355.3
1432160 2363.3
1432170 2368.7
1432180 2373.0
1432190 2373.0
1432200 2376.5
1432210 2379.0
1432220 2379.0
1432230 2380.1
1432240 2378.9
1432250 2378.9
1432260 2373.7
1432270 2369.7
1432280 2369.7
1432290 2369.3
1432300 2370.5
1432310 2370.5
1432320 2370.9
1432330 2370.4
1432340 2370.4
1432350 2371.0
1432360 2372.4
1432370 2372.4
1432380 2371.9
1432390 2372.3
1432400 2372.4
1432410 2372.4
1432420 2371.3
1432430 2366.2
1432440 2366.2
1432450 2359.7
1432460 2358.1
1432470 2358.1
1432480 2354.6
1432490 2355.0
1432500 2355.0
1432510 2349.1
1432520 2342.9
1432530 2342.9
1432540 2341.9
1432550 2344.2
1432560 2344.2
1432570 2342.6
1432580 2340.7
1432590 2340.7
1432600 2346.4
1432610 2354.0
1432620 2354.0
1432630 2368.0
1432640 2390.8
1432650 2400.3
1432660 2400.3
1432670 2402.9
1432680 2398.6
1432690 2398.6
1432700 2393.2
1432710 2389.4
1432720 2389.4
1432730 2388.5
1432740 2386.9
1432750 2386.9
1432760 2388.7
1432770 2391.4
1432780 2391.4
1432790 2393.7
1432800 2398.3
1432810 2398.3
1432820 2406.5
1432830 2414.0
1432840 2414.0
1432850 2416.5
1432860 2411.8
1432870 2405.3
1432880 2405.3
1432890 2398.4
1432900 2391.7
1432910 2391.7
1432920 2383.4
1432930 2374.8
1432940 2374.8
1432950 2369.5
1432960 2368.2
1432970 2368.2
1432980 2367.2
1432990 2367.0
1433000 2367.0
1433010 2367.4
1433020 2367.9
1433030 2367.9
1433040 2368.5
1433050 2369.4
1433060 2369.4
1433070 2369.8
1433080 2370.5
1433090 2370.5
1433100 2371.3
1433110 2371.6
1433120 2371.9
1433130 2371.9
1433140 2373.5
1433150 2377.2
1433160 2377.2
1433170 2381.9
1433180 2385.4
1433190 2385.4
1433200 2392.4
1433210 2402.4
1433220 2402.4
1433230 2408.6
1433240 2424.6
1433250 2424.6
1433260 2443.5
1433270 2459.9
1433280 2459.9
1433290 2465.4
1433300 2455.5
1433310 2455.5
1433320 2447.3
1433330 2441.9
1433340 2439.9
1433350 2439.9
1433360 2437.9
1433370 2438.0
1433380 2438.0
1433390 2437.3
1433400 2436.8
1433410 2436.8
1433420 2434.4
1433430 2434.1
1433440 2434.1
1433450 2433.9
1433460 2432.4
1433470 2432.4
1433480 2430.7
1433490 2430.5
1433500 2430.5
1433510 2430.1
1433520 2425.8
1433530 2425.8
1433540 2419.9
1433550 2414.3
1433560 2414.3
1433570 2404.9
1433580 2393.2
1433590 2381.4
1433600 2381.4
1433610 2368.7
1433620 2352.7
1433630 2352.7
1433640 2340.4
1433650 2331.8
1433660 2331.8
1433670 2324.4
1433680 2317.7
1433690 2317.7
1433700 2311.9
1433710 2307.4
1433720 2307.4
1433730 2302.6
1433740 2296.6
1433750 2296.6
1433760 2291.1
1433770 2288.4
1433780 2288.4
1433790 2286.6
1433800 2286.2
1433810 2286.2
1433820 2286.3
1433830 2285.7
1433840 2284.7
1433850 2284.7
1433860 2281.5
1433870 2277.9
1433880 2277.9
1433890 2277.0
1433900 2275.9
1433910 2275.9
1433920 2274.5
1433930 2272.7
1433940 2272.7
1433950 2270.5
1433960 2268.8
1433970 2268.8
1433980 2267.5
1433990 2265.8
1434000 2265.8
1434010 2264.1
1434020 2262.6
1434030 2262.6
1434040 2260.6
1434050 2259.1
1434060 2258.2
1434070 2258.2
1434080 2256.0
1434090 2254.1
1434100 2254.1
1434110 2252.0
1434120 2249.8
1434130 2249.8
1434140 2247.5
1434150 2245.5
1434160 2245.5
1434170 2243.3
1434180 2241.0
1434190 2241.0
1434200 2239.7
1434210 2237.9
1434220 2237.9
1434230 2237.1
1434240 2236.7
1434250 2236.7
1434260 2235.3
1434270 2234.9
1434280 2234.9
1434290 2235.2
1434300 2236.7
1434310 2239.1
1434320 2239.1
1434330 2240.8
1434340 2243.4
1434350 2243.4
1434360 2247.3
1434370 2251.4
1434380 2251.4
1434390 2254.2
1434400 2256.2
1434410 2256.2
1434420 2257.5
1434430 2257.9
1434440 2257.9
1434450 2257.6
1434460 2256.9
1434470 2256.9
1434480 2257.3
1434490 2258.2
1434500 2258.2
1434510 2258.9
1434520 2258.3
1434530 2255.9
1434540 2255.9
1434550 2252.6
1434560 2252.0
1434570 2252.0
1434580 2253.3
1434590 2255.0
1434600 2255.0
1434610 2258.0
1434620 2259.3
1434630 2259.3
1434640 2270.7
1434650 2290.1
1434660 2290.1
1434670 2294.8
1434680 2285.0
1434690 2285.0
1434700 2283.1
1434710 2283.5
1434720 2283.5
1434730 2278.3
1434740 2280.6
1434750 2280.6
1434760 2284.9
1434770 2281.2
1434780 2280.6
1434790 2280.6
1434800 2285.7
1434810 2294.0
1434820 2294.0
1434830 2302.4
1434840 2318.4
1434850 2318.4
1434860 2333.5
1434870 2328.5
1434880 2328.5
1434890 2325.5
1434900 2335.4
1434910 2335.4
1434920 2352.2
1434930 2358.5
1434940 2358.5
1434950 2353.7
1434960 2345.2
1434970 2345.2
1434980 2336.2
1434990 2327.0
1435000 2317.6
1435010 2317.6
1435020 2307.9
1435030 2301.3
1435040 2301.3
1435050 2295.7
1435060 2290.1
1435070 2290.1
1435080 2284.3
1435090 2278.6
1435100 2278.6
1435110 2273.1
1435120 2268.5
1435130 2268.5
1435140 2264.5
1435150 2260.5
1435160 2260.5
1435170 2255.6
1435180 2249.1
1435190 2249.1
1435200 2241.4
1435210 2234.3
1435220 2234.3
1435230 2228.8
1435240 2224.4
1435250 2220.1
1435260 2220.1
1435270 2214.9
1435280 2209.4
1435290 2209.4
1435300 2201.5
1435310 2195.0
1435320 2195.0
1435330 2191.1
1435340 2185.9
1435350 2185.9
1435360 2178.5
1435370 2172.9
1435380 2172.9
1435390 2168.1
1435400 2163.2
1435410 2163.2
1435420 2160.5
1435430 2158.3
1435440 2158.3
1435450 2154.8
1435460 2146.2
1435470 2146.2
1435480 2138.5
1435490 2131.8
1435500 2128.3
1435510 2128.3
1435520 2128.0
1435530 2127.5
1435540 2127.5
1435550 2127.1
1435560 2126.3
1435570 2126.3
1435580 2125.5
1435590 2124.7
1435600 2124.7
1435610 2124.5
1435620 2124.8
1435630 2124.8
1435640 2126.1
1435650 2127.9
1435660 2127.9
1435670 2127.7
1435680 2126.1
1435690 2126.1
1435700 2124.3
1435710 2122.2
1435720 2119.2
1435730 2119.2
1435740 2115.4
1435750 2112.1
1435760 2112.1
1435770 2106.1
1435780 2099.2
1435790 2099.2
1435800 2094.6
1435810 2090.5
1435820 2090.5
1435830 2086.4
1435840 2082.0
1435850 2082.0
1435860 2076.5
1435870 2070.3
1435880 2070.3
1435890 2064.9
1435900 2058.7
1435910 2058.7
1435920 2053.0
1435930 2047.0
1435940 2047.0
1435950 2044.3
1435960 2043.9
1435970 2043.3
1435980 2043.3
1435990 2036.2
1436000 2031.3
1436010 2031.3
1436020 2028.7
1436030 2024.5
1436040 2024.5
1436050 2022.5
1436060 2020.4
1436070 2020.4
1436080 2020.4
1436090 2018.9
1436100 2018.9
1436110 2015.0
1436120 2012.8
1436130 2012.8
1436140 2011.9
1436150 2010.4
1436160 2010.4
1436170 2009.1
1436180 2007.5
1436190 2004.1
1436200 2004.1
1436210 2002.0
1436220 2001.8
1436230 2001.8
1436240 2000.7
1436250 2001.1
1436260 2001.1
1436270 2002.7
1436280 2001.7
1436290 2001.7
1436300 1997.8
1436310 1993.2
1436320 1993.2
1436330 1987.2
1436340 1979.4
1436350 1979.4
1436360 1973.3
1436370 1966.1
1436380 1966.1
1436390 1957.0
1436400 1947.2
1436410 1947.2
1436420 1937.8
1436430 1929.6
1436440 1920.7
1436450 1920.7
1436460 1912.6
1436470 1905.2
1436480 1905.2
1436490 1898.4
1436500 1891.8
1436510 1891.8
1436520 1884.6
1436530 1877.7
1436540 1877.7
1436550 1870.3
1436560 1864.3
1436570 1864.3
1436580 1862.4
1436590 1859.7
1436600 1859.7
1436610 1857.0
1436620 1853.5
1436630 1853.5
1436640 1849.3
1436650 1843.9
1436660 1843.5
1436670 1843.5
1436680 1844.1
1436690 1841.4
1436700 1841.4
1436710 1840.3
1436720 1841.0
1436730 1841.0
1436740 1839.6
1436750 1838.2
1436760 1838.2
1436770 1837.9
1436780 1839.2
1436790 1839.2
1436800 1839.6
1436810 1841.0
1436820 1841.0
1436830 1842.6
1436840 1840.8
1436850 1840.8
1436860 1837.7
1436870 1834.0
1436880 1834.0
1436890 1837.7
1436900 1844.2
1436910 1850.7
1436920 1850.7
1436930 1855.9
1436940 1856.7
1436950 1856.7
1436960 1856.3
1436970 1856.8
1436980 1856.8
1436990 1860.0
1437000 1866.2
1437010 1866.2
1437020 1873.2
1437030 1878.9
1437040 1878.9
1437050 1879.1
1437060 1874.5
1437070 1874.5
1437080 1868.5
1437090 1860.3
1437100 1860.3
1437110 1849.0
1437120 1844.3
1437130 1844.3
1437140 1837.1
1437150 1829.4
1437160 1823.6
1437170 1823.6
1437180 1816.2
1437190 1809.8
1437200 1809.8
1437210 1798.7
1437220 1785.2
1437230 1785.2
1437240 1774.4
1437250 1765.5
1437260 1765.5
1437270 1766.1
1437280 1770.0
1437290 1770.0
1437300 1772.6
1437310 1771.7
1437320 1771.7
1437330 1764.0
1437340 1753.4
1437350 1753.4
1437360 1744.3
1437370 1741.3
1437380 1741.6
1437390 1741.6
1437400 1737.8
1437410 1729.2
1437420 1729.2
1437430 1718.3
1437440 1706.3
1437450 1706.3
1437460 1696.9
1437470 1689.5
1437480 1689.5
1437490 1680.6
1437500 1670.7
1437510 1670.7
1437520 1658.4
1437530 1646.3
1437540 1646.3
1437550 1638.4
1437560 1629.9
1437570 1629.9
1437580 1621.8
1437590 1614.0
1437600 1614.0
1437610 1606.3
1437620 1598.5
1437630 1591.4
1437640 1591.4
1437650 1584.6
1437660 1578.2
1437670 1578.2
1437680 1571.2
1437690 1564.0
1437700 1564.0
1437710 1556.8
1437720 1549.6
1437730 1549.6
1437740 1541.8
1437750 1534.1
1437760 1534.1
1437770 1528.5
1437780 1522.0
1437790 1522.0
1437800 1514.9
1437810 1507.9
1437820 1507.9
1437830 1500.4
1437840 1492.9
1437850 1488.5
1437860 1488.5
1437870 1484.9
1437880 1480.7
1437890 1480.7
1437900 1475.2
1437910 1468.9
1437920 1468.9
1437930 1461.5
1437940 1454.3
1437950 1454.3
1437960 1446.5
1437970 1438.0
1437980 1438.0
1437990 1427.5
1438000 1418.0
1438010 1418.0
1438020 1408.5
1438030 1399.1
1438040 1399.1
1438050 1383.3
1438060 1374.6
1438070 1374.6
1438080 1367.2
1438090 1360.3
1438100 1352.3
1438110 1352.3
1438120 1342.0
1438130 1331.2
1438140 1331.2
1438150 1322.9
1438160 1314.2
1438170 1314.2
1438180 1301.2
1438190 1285.1
1438200 1285.1
1438210 1271.6
1438220 1263.0
1438230 1263.0
1438240 1250.4
1438250 1238.5
1438260 1238.5
1438270 1228.8
1438280 1216.6
1438290 1216.6
1438300 1209.5
1438310 1212.2
1438320 1217.1
1438330 1217.1
1438340 1211.7
1438350 1198.6
1438360 1198.6
1438370 1184.4
1438380 1173.7
1438390 1173.7
1438400 1167.3
1438410 1163.1
1438420 1163.1
1438430 1158.9
1438440 1153.5
1438450 1153.5
1438460 1147.9
1438470 1141.1
1438480 1141.1
1438490 1134.9
1438500 1130.9
1438510 1130.9
1438520 1127.5
1438530 1125.4
1438540 1125.4
1438550 1122.6
1438560 1119.5
1438570 1116.4
1438580 1116.4
1438590 1112.8
1438600 1108.0
1438610 1108.0
1438620 1102.5
1438630 1095.9
1438640 1095.9
1438650 1089.7
1438660 1084.6
1438670 1084.6
1438680 1078.9
1438690 1074.2
1438700 1074.2
1438710 1074.6
1438720 1073.0
1438730 1073.0
1438740 1071.2
1438750 1070.7
1438760 1070.7
1438770 1070.3
1438780 1070.0
1438790 1069.7
1438800 1069.7
1438810 1069.3
1438820 1069.0
1438830 1069.0
1438840 1068.7
1438850 1068.6
1438860 1068.6
1438870 1068.0
1438880 1067.7
1438890 1067.7
1438900 1067.4
1438910 1067.1
1438920 1067.1
1438930 1066.8
1438940 1066.5
1438950 1066.5
1438960 1066.2
1438970 1065.7
1438980 1065.7
1438990 1065.2
1439000 1064.6
1439010 1064.6
1439020 1064.0
1439030 1063.6
1439040 1063.5
1439050 1063.5
1439060 1063.9
1439070 1064.3
1439080 1064.3
1439090 1062.9
1439100 1062.3
1439110 1062.3
1439120 1062.2
1439130 1061.7
1439140 1061.7
1439150 1061.7
1439160 1062.1
1439170 1062.1
1439180 1061.7
1439190 1061.2
1439200 1061.2
1439210 1060.8
1439220 1061.1
1439230 1061.1
1439240 1061.8
1439250 1063.5
1439260 1063.5
1439270 1064.9
1439280 1064.8
1439290 1064.4
1439300 1064.4
1439310 1064.0
1439320 1063.2
1439330 1063.2
1439340 1062.6
1439350 1062.4
1439360 1062.4
1439370 1062.1
1439380 1063.6
1439390 1063.6
1439400 1067.3
1439410 1071.8
1439420 1071.8
1439430 1077.0
1439440 1083.0
1439450 1083.0
1439460 1089.1
1439470 1094.5
1439480 1094.5
1439490 1099.0
1439500 1102.9
1439510 1106.5
1439520 1106.5
1439530 1109.9
1439540 1112.8
1439550 1112.8
1439560 1116.8
1439570 1119.7
1439580 1119.7
1439590 1122.8
1439600 1128.9
1439610 1128.9
1439620 1133.0
1439630 1136.4
1439640 1136.4
1439650 1140.6
1439660 1143.8
1439670 1143.8
1439680 1146.7
1439690 1149.7
1439700 1149.7
1439710 1153.3
1439720 1157.4
1439730 1157.4
1439740 1162.2
1439750 1164.9
1439760 1166.4
1439770 1166.4
1439780 1167.6
1439790 1177.2
1439800 1177.2
1439810 1191.8
1439820 1203.1
1439830 1203.1
1439840 1209.5
1439850 1213.9
1439860 1213.9
1439870 1219.3
1439880 1235.0
1439890 1235.0
1439900 1262.5
1439910 1275.2
1439920 1275.2
1439930 1287.3
1439940 1300.6
1439950 1300.6
1439960 1317.6
1439970 1328.1
1439980 1334.4
1439990 1334.4
