1420000 2560.3
1420010 2554.0
1420020 2541.8
1420030 2541.8
1420040 2520.7
1420050 2506.9
1420060 2506.9
1420070 2495.8
1420080 2485.8
1420090 2485.8
1420100 2477.8
1420110 2472.4
1420120 2472.4
1420130 2467.4
1420140 2461.4
1420150 2461.4
1420160 2455.1
1420170 2449.4
1420180 2449.4
1420190 2444.0
1420200 2438.3
1420210 2432.8
1420220 2432.8
1420230 2427.7
1420240 2423.6
1420250 2423.6
1420260 2420.6
1420270 2415.7
1420280 2415.7
1420290 2408.5
1420300 2399.0
1420310 2399.0
1420320 2394.3
1420330 2389.1
1420340 2389.1
1420350 2384.7
1420360 2379.5
1420370 2379.5
1420380 2374.9
1420390 2370.4
1420400 2370.4
1420410 2366.6
1420420 2364.2
1420430 2364.2
1420440 2362.5
1420450 2360.1
1420460 2357.2
1420470 2357.2
1420480 2354.5
1420490 2352.2
1420500 2352.2
1420510 2348.8
1420520 2344.9
1420530 2344.9
1420540 2340.2
1420550 2335.6
1420560 2335.6
1420570 2332.4
1420580 2329.6
1420590 2329.6
1420600 2328.0
1420610 2324.7
1420620 2324.7
1420630 2319.8
1420640 2316.7
1420650 2316.7
1420660 2313.7
1420670 2311.1
1420680 2311.1
1420690 2309.3
1420700 2307.9
1420710 2306.3
1420720 2306.3
1420730 2305.0
1420740 2302.8
1420750 2302.8
1420760 2300.4
1420770 2297.2
1420780 2297.2
1420790 2292.8
1420800 2289.0
1420810 2289.5
1420820 2287.4
1420830 2283.8
1420840 2283.8
1420850 2279.9
1420860 2276.0
1420870 2276.0
1420880 2271.9
1420890 2267.3
1420900 2267.3
1420910 2262.7
1420920 2258.6
1420930 2258.6
1420940 2255.4
1420950 2252.6
1420960 2250.3
1420970 2250.3
1420980 2248.7
1420990 2247.1
1421000 2247.1
1421010 2245.7
1421020 2244.1
1421030 2244.1
1421040 2241.5
1421050 2237.3
1421060 2237.3
1421070 2233.2
1421080 2230.8
1421090 2230.8
1421100 2229.4
1421110 2228.7
1421120 2228.7
1421130 2228.8
1421140 2227.2
1421150 2227.2
1421160 2224.2
1421170 2219.5
1421180 2219.5
1421190 2213.5
1421200 2207.7
1421210 2202.6
1421220 2202.6
1421230 2198.1
1421240 2193.1
1421250 2193.1
1421260 2188.9
1421270 2185.5
1421280 2185.5
1421290 2182.7
1421300 2180.7
1421310 2180.7
1421320 2180.0
1421330 2178.8
1421340 2178.8
1421350 2176.3
1421360 2172.6
1421370 2172.6
1421380 2168.6
1421390 2163.6
1421400 2163.6
1421410 2157.7
1421420 2151.9
1421430 2145.9
1421440 2145.9
1421450 2139.6
1421460 2131.9
1421470 2131.9
1421480 2122.5
1421490 2111.9
1421500 2111.9
1421510 2102.5
1421520 2093.9
1421530 2093.9
1421540 2084.9
1421550 2076.0
1421560 2076.0
1421570 2066.6
1421580 2055.5
1421590 2055.5
1421600 2041.7
1421610 2021.6
1421620 2021.6
1421630 2007.2
1421640 1998.0
1421650 1998.0
1421660 1989.2
1421670 1981.3
1421680 1973.5
1421690 1973.5
1421700 1965.7
1421710 1959.7
1421720 1959.7
1421730 1955.1
1421740 1948.0
1421750 1948.0
1421760 1941.2
1421770 1935.1
1421780 1935.1
1421790 1927.0
1421800 1917.6
1421810 1917.6
1421820 1906.8
1421830 1894.3
1421840 1894.3
1421850 1883.6
1421860 1874.8
1421870 1874.8
1421880 1864.3
1421890 1852.0
1421900 1852.0
1421910 1842.5
1421920 1835.3
1421930 1828.5
1421940 1828.5
1421950 1821.8
1421960 1815.2
1421970 1815.2
1421980 1809.5
1421990 1804.4
1422000 1804.4
1422010 1799.5
1422020 1794.7
1422030 1794.7
1422040 1790.9
1422050 1787.7
1422060 1787.7
1422070 1785.5
1422080 1784.0
1422090 1784.0
1422100 1782.8
1422110 1781.8
1422120 1781.8
1422130 1781.1
1422140 1781.4
1422150 1781.4
1422160 1781.4
1422170 1781.5
1422180 1781.3
1422190 1781.3
1422200 1780.7
1422210 1779.7
1422220 1779.7
1422230 1779.1
1422240 1779.4
1422250 1779.4
1422260 1780.0
1422270 1780.0
1422280 1780.0
1422290 1779.7
1422300 1779.5
1422310 1779.5
1422320 1779.7
1422330 1781.0
1422340 1781.0
1422350 1782.5
1422360 1782.9
1422370 1782.9
1422380 1783.7
1422390 1785.7
1422400 1785.7
1422410 1788.5
1422420 1792.6
1422430 1796.3
1422440 1796.3
1422450 1798.9
1422460 1804.2
1422470 1804.2
1422480 1809.3
1422490 1813.2
1422500 1813.2
1422510 1818.2
1422520 1823.6
1422530 1823.6
1422540 1828.9
1422550 1835.2
1422560 1835.2
1422570 1841.9
1422580 1846.5
1422590 1846.5
1422600 1848.3
1422610 1854.1
1422620 1854.1
1422630 1864.0
1422640 1881.8
1422650 1899.4
1422660 1899.4
1422670 1910.4
1422680 1913.9
1422690 1913.9
1422700 1920.8
1422710 1925.9
1422720 1925.9
1422730 1933.9
1422740 1951.1
1422750 1951.1
1422760 1961.2
1422770 1969.0
1422780 1969.0
1422790 1975.6
1422800 1980.8
1422810 1980.8
1422820 1985.0
1422830 1993.8
1422840 1993.8
1422850 1998.7
1422860 2004.8
1422870 2004.8
1422880 2011.3
1422890 2019.7
1422900 2030.3
1422910 2030.3
1422920 2044.4
1422930 2056.5
1422940 2056.5
1422950 2067.0
1422960 2073.1
1422970 2073.1
1422980 2081.8
1422990 2089.9
1423000 2089.9
1423010 2096.7
1423020 2103.0
1423030 2103.0
1423040 2108.8
1423050 2115.0
1423060 2115.0
1423070 2121.0
1423080 2127.1
1423090 2127.1
1423100 2133.5
1423110 2140.0
1423120 2140.0
1423130 2146.1
1423140 2152.3
1423150 2158.7
1423160 2158.7
1423170 2165.3
1423180 2172.1
1423190 2172.1
1423200 2177.8
1423210 2183.6
1423220 2183.6
1423230 2189.6
1423240 2196.3
1423250 2196.3
1423260 2202.5
1423270 2207.5
1423280 2207.5
1423290 2210.8
1423300 2216.1
1423310 2216.1
1423320 2222.7
1423330 2228.2
1423340 2228.2
1423350 2231.5
1423360 2219.1
1423370 2219.1
1423380 2199.6
1423390 2187.2
1423400 2172.3
1423410 2172.3
1423420 2163.1
1423430 2155.9
1423440 2155.9
1423450 2148.8
1423460 2142.3
1423470 2142.3
1423480 2136.5
1423490 2131.5
1423500 2131.5
1423510 2128.3
1423520 2125.8
1423530 2125.8
1423540 2123.6
1423550 2121.3
1423560 2121.3
1423570 2120.2
1423580 2119.3
1423590 2119.3
1423600 2118.2
1423610 2118.2
1423620 2118.2
1423630 2117.6
1423640 2117.4
1423650 2117.5
1423660 2117.5
1423670 2117.2
1423680 2116.7
1423690 2116.7
1423700 2115.7
1423710 2113.6
1423720 2113.6
1423730 2111.5
1423740 2108.5
1423750 2108.5
1423760 2104.4
1423770 2100.4
1423780 2100.4
1423790 2096.8
1423800 2093.5
1423810 2093.5
1423820 2090.4
1423830 2088.0
1423840 2088.0
1423850 2083.7
1423860 2079.1
1423870 2079.1
1423880 2073.6
1423890 2067.8
1423900 2063.0
1423910 2063.0
1423920 2059.0
1423930 2056.1
1423940 2056.1
1423950 2052.5
1423960 2048.3
1423970 2048.3
1423980 2044.5
1423990 2041.6
1424000 2041.6
1424010 2038.7
1424020 2036.8
1424030 2036.8
1424040 2035.2
1424050 2034.3
1424060 2034.3
1424070 2033.4
1424080 2032.5
1424090 2032.5
1424100 2031.4
1424110 2029.7
1424120 2027.1
1424130 2027.1
1424140 2021.8
1424150 2016.3
1424160 2016.3
1424170 2010.7
1424180 2006.6
1424190 2006.6
1424200 2004.1
1424210 2000.5
1424220 2000.5
1424230 1996.3
1424240 1990.8
1424250 1990.8
1424260 1986.2
1424270 1982.5
1424280 1982.5
1424290 1978.4
1424300 1974.1
1424310 1974.1
1424320 1970.1
1424330 1966.4
1424340 1966.4
1424350 1963.6
1424360 1960.5
1424370 1958.1
1424380 1958.1
1424390 1956.9
1424400 1955.6
1424410 1955.6
1424420 1955.0
1424430 1953.5
1424440 1953.5
1424450 1951.4
1424460 1950.2
1424470 1950.2
1424480 1951.3
1424490 1952.8
1424500 1952.8
1424510 1953.2
1424520 1952.7
1424530 1952.7
1424540 1953.4
1424550 1955.7
1424560 1955.7
1424570 1956.6
1424580 1955.0
1424590 1955.0
1424600 1953.1
1424610 1950.7
1424620 1948.0
1424630 1948.0
1424640 1948.0
1424650 1949.2
1424660 1949.2
1424670 1948.3
1424680 1946.3
1424690 1946.3
1424700 1944.5
1424710 1942.4
1424720 1942.4
1424730 1939.0
1424740 1936.3
1424750 1936.3
1424760 1934.5
1424770 1933.6
1424780 1933.6
1424790 1932.4
1424800 1933.2
1424810 1933.2
1424820 1934.8
1424830 1934.9
1424840 1934.9
1424850 1935.7
1424860 1934.1
1424870 1933.3
1424880 1933.3
1424890 1932.1
1424900 1930.8
1424910 1930.8
1424920 1931.4
1424930 1938.0
1424940 1938.0
1424950 1937.8
1424960 1936.9
1424970 1936.9
1424980 1932.6
1424990 1930.2
1425000 1930.2
1425010 1929.6
1425020 1930.1
1425030 1930.1
1425040 1930.6
1425050 1930.6
1425060 1930.6
1425070 1929.6
1425080 1929.5
1425090 1929.5
1425100 1930.2
1425110 1930.8
1425120 1934.0
1425130 1934.0
1425140 1935.5
1425150 1937.7
1425160 1937.7
1425170 1938.9
1425180 1939.4
1425190 1939.4
1425200 1943.3
1425210 1949.0
1425220 1949.0
1425230 1957.8
1425240 1967.1
1425250 1967.1
1425260 1971.2
1425270 1968.7
1425280 1968.7
1425290 1962.2
1425300 1954.2
1425310 1954.2
1425320 1946.3
1425330 1938.8
1425340 1938.8
1425350 1931.0
1425360 1922.5
1425370 1914.2
1425380 1914.2
1425390 1906.6
1425400 1899.0
1425410 1899.0
1425420 1892.5
1425430 1885.6
1425440 1885.6
1425450 1878.0
1425460 1870.4
1425470 1870.4
1425480 1862.8
1425490 1856.1
1425500 1856.1
1425510 1850.4
1425520 1844.5
1425530 1844.5
1425540 1837.8
1425550 1830.0
1425560 1830.0
1425570 1822.4
1425580 1818.5
1425590 1813.8
1425600 1813.8
1425610 1808.2
1425620 1801.8
1425630 1801.8
1425640 1794.6
1425650 1785.7
1425660 1785.7
1425670 1778.6
1425680 1776.9
1425690 1776.9
1425700 1774.4
1425710 1769.3
1425720 1769.3
1425730 1763.1
1425740 1758.2
1425750 1758.2
1425760 1755.4
1425770 1751.9
1425780 1751.9
1425790 1747.5
1425800 1742.0
1425810 1742.0
1425820 1736.3
1425830 1731.4
1425840 1726.2
1425850 1726.2
1425860 1720.3
1425870 1714.6
1425880 1714.6
1425890 1708.0
1425900 1701.8
1425910 1701.8
1425920 1695.8
1425930 1689.4
1425940 1689.4
1425950 1683.0
1425960 1676.7
1425970 1676.7
1425980 1670.5
1425990 1664.1
1426000 1664.1
1426010 1658.1
1426020 1652.0
1426030 1652.0
1426040 1646.4
1426050 1640.2
1426060 1640.2
1426070 1634.1
1426080 1628.1
1426090 1622.0
1426100 1622.0
1426110 1616.1
1426120 1609.8
1426130 1609.8
1426140 1603.7
1426150 1597.8
1426160 1597.8
1426170 1592.1
1426180 1586.1
1426190 1586.1
1426200 1580.8
1426210 1575.1
1426220 1575.1
1426230 1569.6
1426240 1564.2
1426250 1564.2
1426260 1558.6
1426270 1552.8
1426280 1552.8
1426290 1545.2
1426300 1536.7
1426310 1536.7
1426320 1527.7
1426330 1518.8
1426340 1508.8
1426350 1508.8
1426360 1498.6
1426370 1489.3
1426380 1489.3
1426390 1479.9
1426400 1470.6
1426410 1470.6
1426420 1462.2
1426430 1454.0
1426440 1454.0
1426450 1445.8
1426460 1437.9
1426470 1437.9
1426480 1430.4
1426490 1422.2
1426500 1422.2
1426510 1413.8
1426520 1405.6
1426530 1405.6
1426540 1397.2
1426550 1389.1
1426560 1389.1
1426570 1378.8
1426580 1367.8
1426590 1362.6
1426600 1362.6
1426610 1359.6
1426620 1358.6
1426630 1358.6
1426640 1355.3
1426650 1348.9
1426660 1348.9
1426670 1343.0
1426680 1337.3
1426690 1337.3
1426700 1332.7
1426710 1328.9
1426720 1328.9
1426730 1324.2
1426740 1317.0
1426750 1317.0
1426760 1309.5
1426770 1300.1
1426780 1300.1
1426790 1289.8
1426800 1284.6
1426810 1284.6
1426820 1282.5
1426830 1278.6
1426840 1276.2
1426850 1276.2
1426860 1273.0
1426870 1268.6
1426880 1268.6
1426890 1263.7
1426900 1259.1
1426910 1259.1
1426920 1253.5
1426930 1246.2
1426940 1246.2
1426950 1240.2
1426960 1234.2
1426970 1234.2
1426980 1226.9
1426990 1224.7
1427000 1224.7
1427010 1225.7
1427020 1222.0
1427030 1222.0
1427040 1216.8
1427050 1211.3
1427060 1206.9
1427070 1206.9
1427080 1204.6
1427090 1204.9
1427100 1198.3
1427110 1196.0
1427120 1193.1
1427130 1193.1
1427140 1190.3
1427150 1187.5
1427160 1187.5
1427170 1185.4
1427180 1182.9
1427190 1182.9
1427200 1179.9
1427210 1177.5
1427220 1177.5
1427230 1174.3
1427240 1171.6
1427250 1171.6
1427260 1169.3
1427270 1166.8
1427280 1166.8
1427290 1164.5
1427300 1162.2
1427310 1159.8
1427320 1159.8
1427330 1155.8
1427340 1151.2
1427350 1151.2
1427360 1146.1
1427370 1137.5
1427380 1137.5
1427390 1125.1
1427400 1110.8
1427410 1110.8
1427420 1100.2
1427430 1088.8
1427440 1088.8
1427450 1078.5
1427460 1070.1
1427470 1070.1
1427480 1061.8
1427490 1052.8
1427500 1052.8
1427510 1042.6
1427520 1030.9
1427530 1030.9
1427540 1024.8
1427550 1019.3
1427560 1014.8
1427570 1014.8
1427580 1008.5
1427590 1002.6
1427600 1002.6
1427610 996.7
1427620 990.7
1427630 990.7
1427640 985.1
1427650 979.7
1427660 979.7
1427670 974.0
1427680 968.6
1427690 968.6
1427700 963.4
1427710 957.0
1427720 957.0
1427730 949.2
1427740 943.7
1427750 943.7
1427760 941.3
1427770 940.6
1427780 940.6
1427790 935.2
1427800 928.4
1427810 921.9
1427820 921.9
1427830 915.3
1427840 909.2
1427850 909.2
1427860 903.6
1427870 899.5
1427880 899.5
1427890 895.3
1427900 888.7
1427910 888.7
1427920 883.4
1427930 878.8
1427940 878.8
1427950 873.9
1427960 869.9
1427970 869.9
1427980 866.2
1427990 863.2
1428000 863.2
1428010 861.5
1428020 861.1
1428030 861.1
1428040 860.8
1428050 859.2
1428060 859.0
1428070 859.0
1428080 859.7
1428090 858.9
1428100 858.9
1428110 858.2
1428120 857.1
1428130 857.1
1428140 855.4
1428150 853.8
1428160 853.8
1428170 852.3
1428180 851.1
1428190 851.1
1428200 850.0
1428210 848.8
1428220 848.8
1428230 847.7
1428240 846.9
1428250 846.9
1428260 846.4
1428270 845.6
1428280 844.1
1428290 844.1
1428300 842.5
1428310 841.4
1428320 841.4
1428330 840.4
1428340 839.5
1428350 839.5
1428360 838.5
1428370 836.9
1428380 836.9
1428390 835.9
1428400 836.1
1428410 836.1
1428420 834.0
1428430 834.0
1428440 834.0
1428450 835.2
1428460 835.3
1428470 835.3
1428480 835.7
1428490 836.3
1428500 836.3
1428510 837.0
1428520 837.7
1428530 838.7
1428540 838.7
1428550 840.0
1428560 842.0
1428570 842.0
1428580 844.3
1428590 846.9
1428600 846.9
1428610 849.4
1428620 853.9
1428630 853.9
1428640 858.3
1428650 862.5
1428660 862.5
1428670 868.8
1428680 876.6
1428690 876.6
1428700 884.0
1428710 892.1
1428720 892.1
1428730 899.2
1428740 906.1
1428750 906.1
1428760 911.3
1428770 913.3
1428780 916.5
1428790 916.5
1428800 922.5
1428810 928.4
1428820 928.4
1428830 935.0
1428840 942.5
1428850 942.5
1428860 948.9
1428870 955.8
1428880 955.8
1428890 962.4
1428900 969.6
1428910 969.6
1428920 975.4
1428930 982.8
1428940 982.8
1428950 990.0
1428960 997.7
1428970 997.7
1428980 1005.8
1428990 1012.9
1429000 1012.9
1429010 1017.5
1429020 1022.8
1429030 1028.3
1429040 1028.3
1429050 1033.5
1429060 1038.0
1429070 1038.0
1429080 1041.7
1429090 1046.2
1429100 1046.2
1429110 1052.5
1429120 1055.1
1429130 1055.1
1429140 1058.6
1429150 1063.9
1429160 1063.9
1429170 1068.1
1429180 1072.7
1429190 1072.7
1429200 1077.8
1429210 1082.9
1429220 1082.9
1429230 1087.9
1429240 1092.4
1429250 1092.4
1429260 1096.9
1429270 1102.3
1429280 1107.0
1429290 1107.0
1429300 1111.1
1429310 1116.3
1429320 1116.3
1429330 1123.5
1429340 1130.7
1429350 1131.9
1429360 1138.7
1429370 1145.4
1429380 1145.4
1429390 1151.5
1429400 1158.6
1429410 1158.6
1429420 1164.8
1429430 1171.1
1429440 1171.1
1429450 1177.5
1429460 1183.1
1429470 1183.1
1429480 1189.1
1429490 1195.1
1429500 1195.1
1429510 1201.3
1429520 1206.0
1429530 1210.5
1429540 1210.5
1429550 1214.7
1429560 1217.8
1429570 1217.8
1429580 1220.6
1429590 1222.6
1429600 1222.6
1429610 1226.0
1429620 1229.8
1429630 1229.8
1429640 1233.8
1429650 1237.7
1429660 1237.7
1429670 1242.0
1429680 1245.7
1429690 1245.7
1429700 1249.2
1429710 1252.0
1429720 1252.0
1429730 1255.3
1429740 1262.1
1429750 1270.4
1429760 1270.4
1429770 1278.5
1429780 1282.6
1429790 1282.6
1429800 1286.3
1429810 1290.5
1429820 1290.5
1429830 1295.3
1429840 1298.3
1429850 1298.3
1429860 1301.5
1429870 1305.1
1429880 1305.1
1429890 1309.9
1429900 1314.4
1429910 1314.4
1429920 1318.0
1429930 1319.5
1429940 1319.5
1429950 1322.2
1429960 1325.6
1429970 1325.6
1429980 1331.3
1429990 1338.4
1430000 1345.2
1430010 1345.2
1430020 1353.1
1430030 1360.3
1430040 1360.3
1430050 1366.7
1430060 1373.6
1430070 1373.6
1430080 1379.3
1430090 1383.5
1430100 1383.5
1430110 1386.9
1430120 1389.7
1430130 1389.7
1430140 1392.3
1430150 1395.9
1430160 1395.9
1430170 1399.2
1430180 1403.3
1430190 1403.3
1430200 1407.3
1430210 1411.2
1430220 1411.2
1430230 1415.3
1430240 1419.5
1430250 1424.1
1430260 1424.1
1430270 1427.9
1430280 1431.3
1430290 1431.3
1430300 1435.0
1430310 1438.2
1430320 1438.2
1430330 1442.6
1430340 1447.9
1430350 1447.9
1430360 1452.8
1430370 1457.2
1430380 1457.2
1430390 1460.4
1430400 1462.3
1430410 1462.3
1430420 1464.4
1430430 1466.8
1430440 1466.8
1430450 1469.2
1430460 1473.7
1430470 1473.7
1430480 1478.5
1430490 1482.9
1430500 1488.3
1430510 1488.3
1430520 1492.9
1430530 1496.9
1430540 1496.9
1430550 1501.1
1430560 1503.2
1430570 1503.2
1430580 1505.3
1430590 1507.9
1430600 1507.9
1430610 1509.2
1430620 1510.2
1430630 1510.2
1430640 1511.5
1430650 1513.7
1430660 1513.7
1430670 1516.9
1430680 1519.9
1430690 1519.9
1430700 1523.1
1430710 1526.9
1430720 1526.9
1430730 1531.7
1430740 1536.3
1430750 1541.5
1430760 1541.5
1430770 1547.1
1430780 1552.6
1430790 1552.6
1430800 1557.3
1430810 1562.3
1430820 1562.3
1430830 1567.1
1430840 1571.8
1430850 1571.8
1430860 1577.4
1430870 1582.8
1430880 1582.8
1430890 1588.5
1430900 1594.2
1430910 1594.2
1430920 1599.6
1430930 1605.4
1430940 1605.4
1430950 1611.4
1430960 1616.6
1430970 1622.1
1430980 1622.1
1430990 1627.0
1431000 1632.1
1431010 1632.1
1431020 1637.4
1431030 1642.7
1431040 1642.7
1431050 1648.5
1431060 1654.3
1431070 1654.3
1431080 1660.5
1431090 1666.6
1431100 1666.6
1431110 1672.6
1431120 1678.8
1431130 1678.8
1431140 1684.8
1431150 1691.0
1431160 1691.0
1431170 1697.1
1431180 1703.5
1431190 1703.5
1431200 1709.7
1431210 1715.7
1431220 1721.8
1431230 1721.8
1431240 1728.7
1431250 1735.7
1431260 1735.7
1431270 1741.9
1431280 1748.0
1431290 1748.0
1431300 1753.6
1431310 1758.9
1431320 1758.9
1431330 1763.6
1431340 1768.1
1431350 1768.1
1431360 1771.5
1431370 1773.6
1431380 1773.6
1431390 1773.4
1431400 1766.5
1431410 1766.5
1431420 1762.6
1431430 1761.1
1431440 1761.1
1431450 1758.1
1431460 1757.9
1431470 1759.4
1431480 1759.4
1431490 1762.3
1431500 1760.8
1431510 1760.8
1431520 1757.9
1431530 1760.5
1431540 1760.5
1431550 1767.3
1431560 1773.0
1431570 1773.0
1431580 1778.3
1431590 1783.0
1431600 1783.0
1431610 1787.7
1431620 1792.6
1431630 1792.6
1431640 1798.5
1431650 1805.2
1431660 1805.2
1431670 1811.0
1431680 1816.1
1431690 1816.1
1431700 1817.1
1431710 1821.2
1431720 1824.0
1431730 1824.0
1431740 1825.7
1431750 1820.2
1431760 1820.2
1431770 1811.7
1431780 1805.8
1431790 1805.8
1431800 1806.8
1431810 1810.8
1431820 1810.8
1431830 1812.2
1431840 1812.9
1431850 1812.9
1431860 1813.4
1431870 1814.1
1431880 1814.1
1431890 1813.0
1431900 1812.1
1431910 1812.1
1431920 1817.3
1431930 1818.0
1431940 1818.0
1431950 1818.6
1431960 1822.4
1431970 1828.3
1431980 1828.3
1431990 1836.8
1432000 1845.4
1432010 1845.4
1432020 1853.0
1432030 1859.4
1432040 1859.4
1432050 1865.3
1432060 1871.6
1432070 1871.6
1432080 1877.6
1432090 1883.6
1432100 1883.6
1432110 1889.5
1432120 1896.2
1432130 1896.2
1432140 1902.7
1432150 1909.1
1432160 1909.1
1432170 1915.1
1432180 1921.8
1432190 1921.8
1432200 1928.4
1432210 1934.9
1432220 1941.0
1432230 1941.0
1432240 1947.1
1432250 1953.0
1432260 1953.0
1432270 1958.3
1432280 1962.1
1432290 1962.1
1432300 1962.7
1432310 1959.4
1432320 1959.4
1432330 1955.5
1432340 1950.8
1432350 1950.8
1432360 1945.5
1432370 1939.9
1432380 1939.9
1432390 1935.2
1432400 1938.4
1432410 1938.4
1432420 1941.4
1432430 1943.4
1432440 1945.5
1432450 1945.5
1432460 1947.5
1432470 1948.8
1432480 1948.8
1432490 1950.2
1432500 1951.4
1432510 1951.4
1432520 1952.3
1432530 1953.4
1432540 1953.4
1432550 1954.6
1432560 1955.6
1432570 1955.6
1432580 1956.8
1432590 1957.3
1432600 1957.3
1432610 1960.2
1432620 1965.4
1432630 1965.4
1432640 1970.6
1432650 1975.2
1432660 1975.2
1432670 1979.6
1432680 1984.3
1432690 1988.6
1432700 1988.6
1432710 1993.1
1432720 1997.9
1432730 1997.9
1432740 2002.8
1432750 2007.6
1432760 2007.6
1432770 2012.6
1432780 2017.7
1432790 2017.7
1432800 2022.6
1432810 2027.5
1432820 2027.5
1432830 2032.2
1432840 2037.2
1432850 2037.2
1432860 2042.1
1432870 2047.0
1432880 2047.0
1432890 2051.8
1432900 2056.7
1432910 2056.7
1432920 2061.6
1432930 2066.4
1432940 2071.1
1432950 2071.1
1432960 2075.9
1432970 2081.0
1432980 2081.0
1432990 2085.9
1433000 2090.8
1433010 2090.8
1433020 2095.6
1433030 2100.4
1433040 2100.4
1433050 2105.2
1433060 2110.0
1433070 2110.0
1433080 2114.7
1433090 2119.1
1433100 2119.1
1433110 2123.6
1433120 2127.9
1433130 2127.9
1433140 2131.9
1433150 2135.5
1433160 2135.5
1433170 2139.2
1433180 2142.7
1433190 2146.1
1433200 2146.1
1433210 2149.9
1433220 2153.8
1433230 2153.8
1433240 2157.4
1433250 2160.5
1433260 2160.5
1433270 2162.0
1433280 2159.0
1433290 2159.0
1433300 2153.9
1433310 2149.8
1433320 2149.8
1433330 2146.9
1433340 2144.9
1433350 2144.9
1433360 2145.0
1433370 2144.5
1433380 2144.5
1433390 2144.0
1433400 2144.4
1433410 2144.4
1433420 2143.7
1433430 2143.4
1433440 2143.9
1433450 2143.9
1433460 2145.1
1433470 2145.5
1433480 2145.5
1433490 2146.2
1433500 2147.2
1433510 2147.2
1433520 2148.2
1433530 2150.5
1433540 2150.5
1433550 2152.3
1433560 2155.1
1433570 2155.1
1433580 2159.0
1433590 2162.9
1433600 2162.9
1433610 2167.5
1433620 2171.7
1433630 2171.7
1433640 2176.2
1433650 2180.3
1433660 2184.2
1433670 2184.2
1433680 2188.1
1433690 2192.0
1433700 2192.0
1433710 2196.1
1433720 2200.3
1433730 2200.3
1433740 2204.4
1433750 2208.5
1433760 2208.5
1433770 2213.0
1433780 2217.5
1433790 2217.5
1433800 2221.8
1433810 2226.1
1433820 2226.1
1433830 2230.5
1433840 2234.7
1433850 2234.7
1433860 2238.8
1433870 2242.2
1433880 2242.2
1433890 2246.0
1433900 2249.7
1433910 2249.4
1433920 2249.4
1433930 2244.3
1433940 2238.6
1433950 2238.6
1433960 2232.6
1433970 2225.9
1433980 2225.9
1433990 2218.2
1434000 2211.2
1434010 2211.2
1434020 2204.5
1434030 2198.0
1434040 2198.0
1434050 2191.7
1434060 2185.9
1434070 2185.9
1434080 2181.7
1434090 2178.6
1434100 2178.6
1434110 2174.7
1434120 2170.7
1434130 2170.7
1434140 2166.5
1434150 2164.7
1434160 2159.0
1434170 2159.0
1434180 2153.5
1434190 2149.2
1434200 2149.2
1434210 2144.5
1434220 2139.4
1434230 2139.4
1434240 2133.9
1434250 2128.6
1434260 2128.6
1434270 2123.7
1434280 2119.0
1434290 2119.0
1434300 2113.9
1434310 2108.2
1434320 2108.2
1434330 2102.8
1434340 2098.1
1434350 2098.1
1434360 2094.4
1434370 2091.1
1434380 2091.1
1434390 2087.3
1434400 2083.7
1434410 2080.3
1434420 2080.3
1434430 2078.7
1434440 2077.2
1434450 2077.2
1434460 2075.1
1434470 2072.2
1434480 2072.2
1434490 2069.6
1434500 2067.4
1434510 2067.4
1434520 2064.9
1434530 2063.3
1434540 2063.3
1434550 2062.0
1434560 2060.1
1434570 2060.1
1434580 2058.0
1434590 2056.2
1434600 2056.2
1434610 2054.8
1434620 2054.5
1434630 2054.5
1434640 2053.8
1434650 2051.9
1434660 2050.1
1434670 2050.1
1434680 2048.0
1434690 2045.9
1434700 2045.9
1434710 2043.4
1434720 2040.5
1434730 2040.5
1434740 2038.2
1434750 2037.7
1434760 2037.7
1434770 2037.9
1434780 2037.7
1434790 2037.7
1434800 2037.0
1434810 2037.0
1434820 2037.0
1434830 2036.9
1434840 2034.6
1434850 2034.6
1434860 2033.3
1434870 2031.0
1434880 2031.0
1434890 2028.0
1434900 2024.4
1434910 2020.2
1434920 2020.2
1434930 2022.6
1434940 2027.9
1434950 2027.9
1434960 2030.2
1434970 2030.3
1434980 2030.3
1434990 2023.8
1435000 2017.3
1435010 2017.3
1435020 2019.4
1435030 2023.0
1435040 2023.0
1435050 2028.1
1435060 2032.7
1435070 2032.7
1435080 2038.7
1435090 2044.8
1435100 2044.8
1435110 2051.0
1435120 2056.3
1435130 2059.9
1435140 2059.9
1435150 2062.6
1435160 2066.6
1435170 2066.6
1435180 2071.0
1435190 2076.0
1435200 2076.0
1435210 2081.6
1435220 2087.9
1435230 2087.9
1435240 2095.0
1435250 2102.6
1435260 2102.6
1435270 2110.4
1435280 2118.2
1435290 2118.2
1435300 2125.9
1435310 2133.5
1435320 2133.5
1435330 2141.9
1435340 2150.4
1435350 2150.4
1435360 2159.5
1435370 2168.1
1435380 2176.5
1435390 2176.5
1435400 2185.4
1435410 2197.2
1435420 2197.2
1435430 2218.4
1435440 2230.0
1435450 2230.0
1435460 2229.6
1435470 2227.8
1435480 2227.8
1435490 2217.2
1435500 2198.2
1435510 2198.2
1435520 2182.0
1435530 2166.4
1435540 2166.4
1435550 2152.2
1435560 2142.3
1435570 2142.3
1435580 2132.3
1435590 2124.9
1435600 2124.9
1435610 2118.0
1435620 2110.1
1435630 2103.5
1435640 2103.5
1435650 2098.3
1435660 2094.6
1435670 2094.6
1435680 2090.6
1435690 2086.2
1435700 2086.2
1435710 2082.0
1435720 2078.0
1435730 2078.0
1435740 2075.6
1435750 2071.9
1435760 2071.9
1435770 2069.7
1435780 2065.1
1435790 2065.1
1435800 2058.3
1435810 2050.6
1435820 2050.6
1435830 2043.7
1435840 2037.9
1435850 2037.9
1435860 2031.7
1435870 2025.0
1435880 2018.8
1435890 2018.8
1435900 2015.3
1435910 2013.7
1435920 2013.7
1435930 2011.7
1435940 2010.2
1435950 2010.2
1435960 2007.5
1435970 2007.9
1435980 2007.9
1435990 2008.3
1436000 2008.0
1436010 2008.0
1436020 2005.6
1436030 2002.8
1436040 2002.8
1436050 2002.0
1436060 2002.1
1436070 2002.1
1436080 2000.5
1436090 1995.1
1436100 1995.1
1436110 1991.7
1436120 1988.2
1436130 1981.8
1436140 1981.8
1436150 1974.1
1436160 1968.7
1436170 1968.7
1436180 1966.8
1436190 1967.3
1436200 1967.3
1436210 1966.5
1436220 1964.5
1436230 1964.5
1436240 1959.6
1436250 1954.2
1436260 1954.2
1436270 1950.0
1436280 1947.2
1436290 1947.2
1436300 1941.6
1436310 1935.8
1436320 1935.8
1436330 1934.2
1436340 1934.3
1436350 1926.9
1436360 1926.9
1436370 1919.4
1436380 1913.3
1436390 1913.3
1436400 1907.5
1436410 1901.7
1436420 1901.7
1436430 1895.8
1436440 1890.2
1436450 1890.2
1436460 1883.7
1436470 1879.8
1436480 1879.8
1436490 1878.4
1436500 1876.5
1436510 1876.5
1436520 1873.7
1436530 1871.1
1436540 1871.1
1436550 1866.7
1436560 1864.3
1436570 1864.3
1436580 1862.4
1436590 1860.1
1436600 1852.1
1436610 1852.1
1436620 1845.0
1436630 1839.4
1436640 1839.4
1436650 1836.6
1436660 1833.8
1436670 1833.8
1436680 1832.1
1436690 1831.7
1436700 1831.7
1436710 1828.9
1436720 1824.5
1436730 1824.5
1436740 1823.2
1436750 1823.8
1436760 1823.8
1436770 1823.2
1436780 1820.5
1436790 1820.5
1436800 1817.4
1436810 1813.4
1436820 1813.4
1436830 1808.0
1436840 1804.9
1436850 1801.8
1436860 1801.8
1436870 1798.3
1436880 1793.6
1436890 1793.6
1436900 1788.5
1436910 1782.3
1436920 1782.3
1436930 1778.0
1436940 1774.7
1436950 1774.7
1436960 1771.1
1436970 1768.1
1436980 1768.1
1436990 1766.4
1437000 1765.1
1437010 1765.1
1437020 1763.9
1437030 1760.5
1437040 1760.5
1437050 1755.8
1437060 1752.8
1437070 1752.8
1437080 1749.0
1437090 1744.5
1437100 1743.5
1437110 1743.5
1437120 1744.1
1437130 1742.0
1437140 1742.0
1437150 1735.5
1437160 1731.2
1437170 1731.2
1437180 1735.2
1437190 1732.7
1437200 1732.7
1437210 1727.7
1437220 1724.3
1437230 1724.3
1437240 1724.2
1437250 1723.7
1437260 1723.7
1437270 1721.2
1437280 1718.2
1437290 1718.2
1437300 1713.8
1437310 1709.9
1437320 1709.9
1437330 1706.4
1437340 1702.4
1437350 1699.1
1437360 1699.1
1437370 1696.2
1437380 1691.9
1437390 1691.9
1437400 1685.6
1437410 1680.9
1437420 1680.9
1437430 1676.9
1437440 1671.7
1437450 1671.7
1437460 1667.0
1437470 1663.5
1437480 1663.5
1437490 1661.2
1437500 1660.3
1437510 1660.3
1437520 1661.4
1437530 1663.3
1437540 1663.3
1437550 1663.4
1437560 1662.8
1437570 1662.8
1437580 1661.0
1437590 1657.9
1437600 1656.5
1437610 1656.5
1437620 1653.8
1437630 1650.1
1437640 1650.1
1437650 1645.0
1437660 1638.4
1437670 1638.4
1437680 1635.6
1437690 1645.4
1437700 1645.4
1437710 1651.4
1437720 1651.6
1437730 1651.6
1437740 1651.8
1437750 1656.1
1437760 1656.1
1437770 1657.8
1437780 1660.4
1437790 1660.4
1437800 1664.8
1437810 1669.9
1437820 1675.4
1437830 1675.4
1437840 1681.4
1437850 1685.4
1437860 1685.4
1437870 1686.6
1437880 1687.7
1437890 1687.7
1437900 1687.8
1437910 1687.2
1437920 1687.2
1437930 1687.9
1437940 1689.9
1437950 1689.9
1437960 1689.0
1437970 1688.3
1437980 1688.3
1437990 1689.7
1438000 1691.8
1438010 1691.8
1438020 1694.5
1438030 1698.3
1438040 1698.3
1438050 1701.5
1438060 1704.6
1438070 1707.7
1438080 1707.7
1438090 1710.9
1438100 1714.0
1438110 1714.0
1438120 1716.2
1438130 1716.8
1438140 1716.8
1438150 1715.9
1438160 1714.7
1438170 1714.7
1438180 1714.6
1438190 1715.4
1438200 1715.4
1438210 1716.4
1438220 1717.1
1438230 1717.1
1438240 1719.5
1438250 1722.4
1438260 1722.4
1438270 1727.7
1438280 1730.5
1438290 1730.5
1438300 1731.5
1438310 1733.5
1438320 1733.5
1438330 1733.5
1438340 1733.6
1438350 1733.8
1438360 1733.8
1438370 1735.3
1438380 1736.3
1438390 1736.3
1438400 1739.9
1438410 1745.3
1438420 1745.3
1438430 1752.0
1438440 1759.9
1438450 1759.9
1438460 1767.9
1438470 1776.3
1438480 1776.3
1438490 1784.7
1438500 1792.2
1438510 1792.2
1438520 1796.8
1438530 1799.3
1438540 1799.3
1438550 1798.3
1438560 1796.0
1438570 1797.4
1438580 1797.4
1438590 1800.8
1438600 1805.9
1438610 1805.9
1438620 1807.7
1438630 1808.3
1438640 1808.3
1438650 1812.2
1438660 1815.9
1438670 1815.9
1438680 1818.7
1438690 1825.8
1438700 1825.8
1438710 1832.4
1438720 1837.3
1438730 1837.3
1438740 1843.4
1438750 1848.3
1438760 1848.3
1438770 1852.0
1438780 1855.9
1438790 1855.9
1438800 1861.4
1438810 1867.8
1438820 1874.0
1438830 1874.0
1438840 1880.0
1438850 1885.2
1438860 1885.2
1438870 1890.8
1438880 1897.7
1438890 1897.7
1438900 1905.1
1438910 1913.1
1438920 1913.1
1438930 1920.7
1438940 1927.4
1438950 1927.4
1438960 1934.3
1438970 1942.3
1438980 1942.3
1438990 1951.3
1439000 1958.4
1439010 1958.4
1439020 1959.1
1439030 1957.9
1439040 1962.3
1439050 1962.3
1439060 1970.7
1439070 1977.2
1439080 1977.2
1439090 1981.1
1439100 1984.5
1439110 1984.5
1439120 1987.8
1439130 1991.7
1439140 1991.7
1439150 1997.0
1439160 2009.5
1439170 2009.5
1439180 2046.1
1439190 2061.5
1439200 2061.5
1439210 2064.1
1439220 2064.9
1439230 2064.9
1439240 2063.8
1439250 2063.4
1439260 2063.4
1439270 2064.2
1439280 2065.5
1439290 2066.7
1439300 2066.7
1439310 2072.1
1439320 2075.0
1439330 2075.0
1439340 2074.3
1439350 2073.2
1439360 2073.2
1439370 2072.2
1439380 2072.4
1439390 2072.4
1439400 2071.5
1439410 2066.0
1439420 2066.0
1439430 2063.0
1439440 2063.4
1439450 2063.4
1439460 2062.6
1439470 2060.4
1439480 2069.6
1439490 2071.8
1439500 2074.0
1439510 2074.0
1439520 2075.6
1439530 2077.5
1439540 2079.4
1439550 2079.4
1439560 2080.3
1439570 2081.2
1439580 2081.2
1439590 2082.1
1439600 2085.9
1439610 2085.9
1439620 2098.9
1439630 2105.7
1439640 2105.7
1439650 2107.3
1439660 2112.7
1439670 2112.7
1439680 2117.5
1439690 2123.4
1439700 2123.4
1439710 2132.9
1439720 2142.0
1439730 2142.0
1439740 2144.0
1439750 2149.3
1439760 2149.3
1439770 2152.4
1439780 2148.8
1439790 2147.7
1439800 2147.7
1439810 2148.3
1439820 2146.6
1439830 2146.6
1439840 2149.7
1439850 2150.5
1439860 2150.5
1439870 2149.3
1439880 2154.5
1439890 2154.5
1439900 2159.2
1439910 2163.1
1439920 2163.1
1439930 2168.0
1439940 2173.9
1439950 2173.9
1439960 2179.8
1439970 2184.8
1439980 2184.8
1439990 2188.2
