1420000 2434.1
1420010 2431.5
1420020 2429.7
1420030 2429.7
1420040 2429.3
1420050 2430.8
1420060 2430.8
1420070 2435.5
1420080 2440.8
1420090 2440.8
1420100 2437.9
1420110 2434.3
1420120 2436.2
1420130 2436.2
1420140 2436.8
1420150 2440.4
1420160 2440.4
1420170 2455.7
1420180 2475.2
1420190 2475.2
1420200 2472.2
1420210 2465.4
1420220 2465.4
1420230 2460.0
1420240 2456.3
1420250 2456.3
1420260 2454.3
1420270 2452.6
1420280 2452.6
1420290 2450.4
1420300 2451.2
1420310 2451.2
1420320 2450.4
1420330 2448.7
1420340 2448.7
1420350 2448.9
1420360 2450.2
1420370 2453.7
1420380 2453.7
1420390 2458.3
1420400 2462.5
1420410 2462.5
1420420 2465.8
1420430 2468.2
1420440 2468.2
1420450 2471.7
1420460 2478.0
1420470 2478.0
1420480 2484.8
1420490 2486.7
1420500 2486.7
1420510 2475.5
1420520 2466.0
1420530 2466.0
1420540 2455.6
1420550 2445.7
1420560 2445.7
1420570 2438.3
1420580 2432.1
1420590 2432.1
1420600 2425.8
1420610 2419.9
1420620 2415.0
1420630 2415.0
1420640 2410.5
1420650 2406.4
1420660 2406.4
1420670 2402.1
1420680 2397.8
1420690 2397.8
1420700 2393.4
1420710 2389.4
1420720 2383.4
1420730 2380.1
1420740 2376.6
1420750 2376.6
1420760 2374.2
1420770 2372.3
1420780 2372.3
1420790 2371.3
1420800 2369.7
1420810 2369.7
1420820 2368.3
1420830 2366.8
1420840 2366.8
1420850 2364.2
1420860 2361.1
1420870 2358.5
1420880 2358.5
1420890 2358.6
1420900 2359.4
1420910 2359.4
1420920 2359.6
1420930 2360.5
1420940 2360.5
1420950 2363.2
1420960 2367.2
1420970 2367.2
1420980 2365.2
1420990 2358.2
1421000 2358.2
1421010 2355.0
1421020 2349.1
1421030 2349.1
1421040 2339.8
1421050 2337.8
1421060 2337.8
1421070 2339.0
1421080 2339.0
1421090 2337.5
1421100 2337.5
1421110 2336.4
1421120 2336.0
1421130 2336.0
1421140 2334.2
1421150 2332.1
1421160 2332.1
1421170 2329.2
1421180 2324.5
1421190 2324.5
1421200 2318.6
1421210 2312.0
1421220 2312.0
1421230 2305.6
1421240 2298.4
1421250 2298.4
1421260 2291.1
1421270 2284.4
1421280 2284.4
1421290 2277.7
1421300 2271.1
1421310 2271.1
1421320 2264.6
1421330 2257.7
1421340 2250.5
1421350 2250.5
1421360 2242.3
1421370 2233.2
1421380 2233.2
1421390 2224.7
1421400 2218.1
1421410 2218.1
1421420 2211.6
1421430 2204.5
1421440 2204.5
1421450 2197.1
1421460 2189.3
1421470 2189.3
1421480 2181.7
1421490 2171.3
1421500 2171.3
1421510 2162.6
1421520 2155.2
1421530 2155.2
1421540 2147.4
1421550 2138.8
1421560 2138.8
1421570 2131.8
1421580 2123.1
1421590 2112.6
1421600 2112.6
1421610 2103.4
1421620 2094.3
1421630 2094.3
1421640 2084.9
1421650 2076.3
1421660 2076.3
1421670 2067.8
1421680 2061.2
1421690 2061.2
1421700 2055.0
1421710 2049.0
1421720 2049.0
1421730 2042.4
1421740 2032.3
1421750 2032.3
1421760 2021.3
1421770 2009.6
1421780 2009.6
1421790 1997.2
1421800 1984.1
1421810 1984.1
1421820 1972.6
1421830 1967.3
1421840 1949.4
1421850 1949.4
1421860 1925.4
1421870 1907.4
1421880 1907.4
1421890 1896.7
1421900 1891.1
1421910 1891.1
1421920 1888.1
1421930 1883.6
1421940 1883.6
1421950 1876.5
1421960 1869.3
1421970 1869.3
1421980 1862.1
1421990 1855.1
1422000 1855.1
1422010 1847.8
1422020 1840.2
1422030 1840.2
1422040 1832.9
1422050 1826.5
1422060 1826.5
1422070 1820.6
1422080 1814.7
1422090 1809.4
1422100 1809.4
1422110 1804.8
1422120 1800.2
1422130 1800.2
1422140 1795.5
1422150 1790.9
1422160 1790.9
1422170 1787.7
1422180 1784.9
1422190 1784.9
1422200 1781.6
1422210 1777.8
1422220 1777.8
1422230 1774.5
1422240 1772.2
1422250 1772.2
1422260 1770.6
1422270 1769.1
1422280 1769.1
1422290 1767.4
1422300 1766.2
1422310 1766.2
1422320 1765.6
1422330 1764.7
1422340 1763.6
1422350 1763.6
1422360 1762.3
1422370 1762.3
1422380 1762.3
1422390 1762.1
1422400 1762.0
1422410 1762.0
1422420 1762.0
1422430 1762.6
1422440 1762.6
1422450 1763.5
1422460 1764.4
1422470 1764.4
1422480 1765.4
1422490 1766.5
1422500 1766.5
1422510 1767.8
1422520 1770.8
1422530 1770.8
1422540 1773.4
1422550 1775.4
1422560 1775.4
1422570 1777.9
1422580 1781.2
1422590 1785.0
1422600 1785.0
1422610 1789.5
1422620 1794.7
1422630 1794.7
1422640 1799.9
1422650 1805.8
1422660 1805.8
1422670 1811.5
1422680 1817.1
1422690 1817.1
1422700 1823.0
1422710 1829.4
1422720 1829.4
1422730 1836.4
1422740 1843.8
1422750 1843.8
1422760 1850.4
1422770 1857.2
1422780 1857.2
1422790 1863.5
1422800 1869.6
1422810 1875.0
1422820 1875.0
1422830 1879.0
1422840 1881.5
1422850 1881.5
1422860 1886.9
1422870 1895.3
1422880 1895.3
1422890 1906.6
1422900 1915.4
1422910 1915.4
1422920 1923.6
1422930 1930.6
1422940 1930.6
1422950 1938.5
1422960 1945.8
1422970 1945.8
1422980 1955.2
1422990 1958.5
1423000 1958.5
1423010 1963.1
1423020 1971.6
1423030 1971.6
1423040 1977.1
1423050 1982.3
1423060 1984.9
1423070 1984.9
1423080 1989.3
1423090 1994.6
1423100 1994.6
1423110 2000.5
1423120 2006.7
1423130 2006.7
1423140 2012.1
1423150 2017.5
1423160 2017.5
1423170 2023.5
1423180 2030.3
1423190 2030.3
1423200 2038.0
1423210 2047.1
1423220 2047.1
1423230 2057.7
1423240 2068.4
1423250 2068.4
1423260 2079.7
1423270 2090.0
1423280 2090.0
1423290 2099.9
1423300 2107.6
1423310 2113.3
1423320 2113.3
1423330 2118.5
1423340 2123.5
1423350 2123.5
1423360 2128.5
1423370 2133.1
1423380 2133.1
1423390 2137.8
1423400 2142.5
1423410 2142.5
1423420 2147.4
1423430 2151.9
1423440 2151.9
1423450 2155.5
1423460 2156.1
1423470 2156.1
1423480 2147.1
1423490 2131.2
1423500 2131.2
1423510 2116.4
1423520 2103.3
1423530 2103.3
1423540 2094.2
1423550 2086.2
1423560 2080.3
1423570 2080.3
1423580 2073.5
1423590 2069.4
1423600 2069.4
1423610 2069.5
1423620 2064.2
1423630 2064.2
1423640 2055.6
1423650 2048.0
1423660 2048.0
1423670 2042.9
1423680 2038.7
1423690 2038.7
1423700 2034.6
1423710 2031.0
1423720 2031.0
1423730 2028.6
1423740 2027.8
1423750 2027.8
1423760 2028.2
1423770 2029.3
1423780 2029.3
1423790 2031.0
1423800 2032.3
1423810 2030.8
1423820 2030.8
1423830 2025.4
1423840 2018.6
1423850 2018.6
1423860 2015.3
1423870 2014.9
1423880 2014.9
1423890 2014.8
1423900 2014.5
1423910 2014.5
1423920 2013.8
1423930 2013.6
1423940 2013.6
1423950 2012.9
1423960 2011.3
1423970 2011.3
1423980 2008.0
1423990 2005.6
1424000 2005.6
1424010 2002.0
1424020 1997.1
1424030 1997.1
1424040 1993.6
1424050 1990.7
1424060 1988.3
1424070 1988.3
1424080 1987.8
1424090 1986.5
1424100 1986.5
1424110 1983.7
1424120 1982.3
1424130 1982.3
1424140 1981.4
1424150 1978.9
1424160 1978.9
1424170 1965.4
1424180 1952.8
1424190 1952.8
1424200 1951.4
1424210 1949.0
1424220 1949.0
1424230 1936.6
1424240 1922.0
1424250 1922.0
1424260 1911.7
1424270 1905.9
1424280 1902.2
1424290 1902.2
1424300 1899.9
1424310 1895.1
1424320 1895.1
1424330 1891.2
1424340 1886.9
1424350 1886.9
1424360 1881.6
1424370 1877.1
1424380 1877.1
1424390 1874.6
1424400 1871.9
1424410 1871.9
1424420 1868.4
1424430 1867.4
1424440 1867.4
1424450 1866.3
1424460 1865.9
1424470 1865.9
1424480 1865.0
1424490 1864.5
1424500 1864.5
1424510 1865.6
1424520 1866.7
1424530 1867.3
1424540 1867.3
1424550 1867.9
1424560 1867.4
1424570 1867.4
1424580 1866.0
1424590 1865.3
1424600 1865.3
1424610 1866.6
1424620 1872.0
1424630 1872.0
1424640 1877.0
1424650 1879.7
1424660 1879.7
1424670 1879.2
1424680 1878.4
1424690 1878.4
1424700 1876.0
1424710 1872.4
1424720 1872.4
1424730 1868.6
1424740 1865.2
1424750 1865.2
1424760 1862.5
1424770 1860.1
1424780 1858.4
1424790 1858.4
1424800 1855.6
1424810 1854.4
1424820 1854.4
1424830 1855.7
1424840 1856.2
1424850 1856.2
1424860 1855.8
1424870 1856.2
1424880 1856.2
1424890 1858.0
1424900 1859.9
1424910 1859.9
1424920 1861.0
1424930 1859.7
1424940 1859.7
1424950 1855.5
1424960 1851.6
1424970 1851.6
1424980 1850.6
1424990 1851.3
1425000 1851.3
1425010 1851.8
1425020 1851.5
1425030 1850.3
1425040 1850.3
1425050 1849.2
1425060 1850.0
1425070 1850.0
1425080 1851.2
1425090 1851.0
1425100 1851.0
1425110 1849.7
1425120 1852.4
1425130 1852.4
1425140 1856.4
1425150 1859.1
1425160 1859.1
1425170 1859.7
1425180 1856.1
1425190 1856.1
1425200 1855.8
1425210 1860.8
1425220 1860.8
1425230 1865.7
1425240 1871.0
1425250 1871.0
1425260 1877.1
1425270 1883.8
1425280 1889.5
1425290 1889.5
1425300 1896.5
1425310 1905.6
1425320 1905.6
1425330 1916.7
1425340 1928.3
1425350 1928.3
1425360 1933.8
1425370 1939.4
1425380 1939.4
1425390 1946.7
1425400 1944.1
1425410 1944.1
1425420 1939.8
1425430 1935.1
1425440 1935.1
1425450 1929.6
1425460 1924.1
1425470 1924.1
1425480 1917.7
1425490 1909.9
1425500 1909.9
1425510 1902.7
1425520 1895.8
1425530 1888.7
1425540 1888.7
1425550 1882.1
1425560 1875.4
1425570 1875.4
1425580 1868.9
1425590 1861.3
1425600 1861.3
1425610 1853.3
1425620 1846.0
1425630 1846.0
1425640 1839.3
1425650 1833.2
1425660 1833.2
1425670 1827.4
1425680 1821.5
1425690 1821.5
1425700 1815.5
1425710 1809.1
1425720 1809.1
1425730 1802.8
1425740 1796.7
1425750 1790.3
1425760 1790.3
1425770 1783.6
1425780 1778.1
1425790 1778.1
1425800 1773.0
1425810 1767.5
1425820 1767.5
1425830 1761.8
1425840 1755.7
1425850 1755.7
1425860 1749.2
1425870 1743.1
1425880 1743.1
1425890 1735.2
1425900 1726.1
1425910 1726.1
1425920 1717.2
1425930 1708.6
1425940 1708.6
1425950 1700.0
1425960 1692.0
1425970 1692.0
1425980 1683.6
1425990 1675.3
1426000 1667.6
1426010 1667.6
1426020 1662.4
1426030 1657.0
1426040 1657.0
1426050 1649.0
1426060 1640.3
1426070 1640.3
1426080 1631.4
1426090 1622.8
1426100 1622.8
1426110 1614.7
1426120 1606.3
1426130 1606.3
1426140 1596.9
1426150 1588.5
1426160 1588.5
1426170 1581.5
1426180 1574.9
1426190 1574.9
1426200 1567.4
1426210 1559.6
1426220 1559.6
1426230 1550.9
1426240 1539.6
1426250 1529.1
1426260 1529.1
1426270 1515.4
1426280 1504.6
1426290 1504.6
1426300 1497.3
1426310 1492.3
1426320 1492.3
1426330 1488.1
1426340 1485.3
1426350 1485.3
1426360 1479.1
1426370 1473.2
1426380 1473.2
1426390 1463.2
1426400 1451.8
1426410 1451.8
1426420 1443.0
1426430 1436.2
1426440 1436.2
1426450 1427.6
1426460 1418.9
1426470 1418.9
1426480 1411.6
1426490 1406.7
1426500 1404.4
1426510 1404.4
1426520 1402.9
1426530 1402.3
1426540 1402.3
1426550 1402.0
1426560 1400.3
1426570 1400.3
1426580 1398.8
1426590 1397.7
1426600 1397.7
1426610 1396.5
1426620 1396.5
1426630 1396.5
1426640 1396.8
1426650 1398.7
1426660 1398.7
1426670 1400.5
1426680 1398.7
1426690 1398.7
1426700 1399.9
1426710 1401.6
1426720 1401.6
1426730 1402.9
1426740 1400.7
1426750 1398.3
1426760 1398.3
1426770 1397.0
1426780 1394.6
1426790 1394.6
1426800 1391.3
1426810 1388.5
1426820 1388.5
1426830 1386.5
1426840 1384.3
1426850 1384.3
1426860 1382.2
1426870 1382.0
1426880 1382.0
1426890 1373.6
1426900 1367.8
1426910 1367.8
1426920 1364.1
1426930 1361.5
1426940 1361.5
1426950 1360.4
1426960 1358.1
1426970 1358.1
1426980 1356.8
1426990 1354.6
1427000 1344.0
1427010 1344.0
1427020 1338.1
1427030 1334.6
1427040 1334.6
1427050 1331.7
1427060 1328.0
1427070 1328.0
1427080 1323.8
1427090 1318.3
1427100 1318.3
1427110 1312.7
1427120 1305.8
1427130 1305.8
1427140 1302.8
1427150 1296.1
1427160 1296.1
1427170 1291.4
1427180 1286.5
1427190 1286.5
1427200 1280.6
1427210 1274.5
1427220 1268.6
1427230 1268.6
1427240 1261.1
1427250 1253.0
1427260 1253.0
1427270 1243.7
1427280 1232.9
1427290 1232.9
1427300 1221.7
1427310 1211.8
1427320 1211.8
1427330 1202.9
1427340 1194.4
1427350 1194.4
1427360 1186.6
1427370 1179.1
1427380 1179.1
1427390 1171.7
1427400 1164.4
1427410 1164.4
1427420 1156.6
1427430 1149.5
1427440 1149.5
1427450 1142.3
1427460 1134.3
1427470 1125.5
1427480 1125.5
1427490 1117.1
1427500 1107.1
1427510 1107.1
1427520 1081.2
1427530 1064.3
1427540 1064.3
1427550 1037.7
1427560 1017.2
1427570 1017.2
1427580 1004.5
1427590 995.0
1427600 995.0
1427610 986.3
1427620 977.6
1427630 977.6
1427640 969.4
1427650 962.1
1427660 962.1
1427670 956.0
1427680 951.2
1427690 951.2
1427700 945.0
1427710 939.2
1427720 934.4
1427730 934.4
1427740 929.0
1427750 923.2
1427760 923.2
1427770 916.9
1427780 909.2
1427790 909.2
1427800 903.2
1427810 897.4
1427820 897.4
1427830 891.0
1427840 886.2
1427850 886.2
1427860 885.7
1427870 886.6
1427880 886.6
1427890 883.5
1427900 876.5
1427910 876.5
1427920 868.6
1427930 860.6
1427940 860.6
1427950 853.4
1427960 846.3
1427970 841.0
1427980 841.0
1427990 840.0
1428000 840.1
1428010 840.1
1428020 840.3
1428030 840.5
1428040 840.5
1428050 840.4
1428060 840.4
1428070 840.4
1428080 840.4
1428090 840.0
1428100 840.0
1428110 839.6
1428120 839.1
1428130 839.1
1428140 838.7
1428150 838.1
1428160 838.1
1428170 837.8
1428180 837.8
1428190 837.8
1428200 837.7
1428210 836.4
1428220 835.8
1428230 835.8
1428240 835.0
1428250 834.1
1428260 834.1
1428270 832.9
1428280 833.0
1428290 833.0
1428300 831.3
1428310 830.5
1428320 830.5
1428330 831.9
1428340 831.8
1428350 831.8
1428360 831.4
1428370 831.5
1428380 831.5
1428390 831.8
1428400 831.7
1428410 831.7
1428420 831.6
1428430 831.8
1428440 831.8
1428450 832.1
1428460 832.3
1428470 832.5
1428480 832.5
1428490 832.7
1428500 832.8
1428510 832.8
1428520 832.9
1428530 835.0
1428540 835.0
1428550 841.4
1428560 848.1
1428570 848.1
1428580 854.7
1428590 861.5
1428600 861.5
1428610 868.8
1428620 875.9
1428630 875.9
1428640 883.7
1428650 891.1
1428660 891.1
1428670 898.6
1428680 906.1
1428690 912.6
1428700 912.6
1428710 916.7
1428720 918.4
1428730 918.4
1428740 920.9
1428750 923.8
1428760 923.8
1428770 928.0
1428780 934.6
1428790 934.6
1428800 940.5
1428810 945.9
1428820 945.9
1428830 952.5
1428840 958.4
1428850 958.4
1428860 966.2
1428870 974.2
1428880 974.2
1428890 981.6
1428900 988.0
1428910 988.0
1428920 994.3
1428930 1001.1
1428940 1005.9
1428950 1005.9
1428960 1011.0
1428970 1015.2
1428980 1015.2
1428990 1019.4
1429000 1023.9
1429010 1023.9
1429020 1028.7
1429030 1032.8
1429040 1032.8
1429050 1037.6
1429060 1042.4
1429070 1042.4
1429080 1047.0
1429090 1051.6
1429100 1051.6
1429110 1056.0
1429120 1059.2
1429130 1059.2
1429140 1063.6
1429150 1068.3
1429160 1068.3
1429170 1072.6
1429180 1077.5
1429190 1082.7
1429200 1082.7
1429210 1087.1
1429220 1091.0
1429230 1091.0
1429240 1095.6
1429250 1098.4
1429260 1098.4
1429270 1102.9
1429280 1107.6
1429290 1107.6
1429300 1112.0
1429310 1116.3
1429320 1116.3
1429330 1120.9
1429340 1126.4
1429350 1126.4
1429360 1131.4
1429370 1137.1
1429380 1137.1
1429390 1143.3
1429400 1147.2
1429410 1147.2
1429420 1151.3
1429430 1156.5
1429440 1159.1
1429450 1159.1
1429460 1163.3
1429470 1165.5
1429480 1165.5
1429490 1168.7
1429500 1171.3
1429510 1171.3
1429520 1174.0
1429530 1178.0
1429540 1178.0
1429550 1184.2
1429560 1189.1
1429570 1189.1
1429580 1193.5
1429590 1198.5
1429600 1198.5
1429610 1202.0
1429620 1203.5
1429630 1203.5
1429640 1208.5
1429650 1211.5
1429660 1211.5
1429670 1216.7
1429680 1221.1
1429690 1225.1
1429700 1225.1
1429710 1230.7
1429720 1234.7
1429730 1234.7
1429740 1237.9
1429750 1241.4
1429760 1241.4
1429770 1245.0
1429780 1247.9
1429790 1247.9
1429800 1255.9
1429810 1262.6
1429820 1262.6
1429830 1268.8
1429840 1274.5
1429850 1274.5
1429860 1278.2
1429870 1284.0
1429880 1284.0
1429890 1290.6
1429900 1295.0
1429910 1295.0
1429920 1298.6
1429930 1302.4
1429940 1305.4
1429950 1305.4
1429960 1309.2
1429970 1313.6
1429980 1313.6
1429990 1318.9
1430000 1324.6
1430010 1324.6
1430020 1330.2
1430030 1336.6
1430040 1336.6
1430050 1343.5
1430060 1349.9
1430070 1349.9
1430080 1356.0
1430090 1361.0
1430100 1361.0
1430110 1365.1
1430120 1371.4
1430130 1371.4
1430140 1380.7
1430150 1391.6
1430160 1396.2
1430170 1396.2
1430180 1399.3
1430190 1402.3
1430200 1402.3
1430210 1405.2
1430220 1408.3
1430230 1408.3
1430240 1410.9
1430250 1413.0
1430260 1413.0
1430270 1415.2
1430280 1417.3
1430290 1417.3
1430300 1420.0
1430310 1421.2
1430320 1421.2
1430330 1422.4
1430340 1423.3
1430350 1423.3
1430360 1423.8
1430370 1424.5
1430380 1424.5
1430390 1425.6
1430400 1427.7
1430410 1430.6
1430420 1430.6
1430430 1432.8
1430440 1435.8
1430450 1435.8
1430460 1439.2
1430470 1442.5
1430480 1442.5
1430490 1445.5
1430500 1447.6
1430510 1447.6
1430520 1448.5
1430530 1451.2
1430540 1451.2
1430550 1454.2
1430560 1456.6
1430570 1456.6
1430580 1458.1
1430590 1461.9
1430600 1461.9
1430610 1466.2
1430620 1470.5
1430630 1470.5
1430640 1474.0
1430650 1477.8
1430660 1481.9
1430670 1481.9
1430680 1486.8
1430690 1491.0
1430700 1491.0
1430710 1493.6
1430720 1495.6
1430730 1495.6
1430740 1499.5
1430750 1504.4
1430760 1504.4
1430770 1509.5
1430780 1513.9
1430790 1513.9
1430800 1519.5
1430810 1525.4
1430820 1525.4
1430830 1530.4
1430840 1535.9
1430850 1535.9
1430860 1542.5
1430870 1549.7
1430880 1549.7
1430890 1556.4
1430900 1563.0
1430910 1570.6
1430920 1570.6
1430930 1577.7
1430940 1585.1
1430950 1585.1
1430960 1593.1
1430970 1600.7
1430980 1600.7
1430990 1607.2
1431000 1613.5
1431010 1613.5
1431020 1619.3
1431030 1624.9
1431040 1624.9
1431050 1631.9
1431060 1637.9
1431070 1637.9
1431080 1643.7
1431090 1649.7
1431100 1649.7
1431110 1656.7
1431120 1664.4
1431130 1664.4
1431140 1672.3
1431150 1679.2
1431160 1685.3
1431170 1685.3
1431180 1690.5
1431190 1694.1
1431200 1694.1
1431210 1696.8
1431220 1699.7
1431230 1699.7
1431240 1702.7
1431250 1706.1
1431260 1706.1
1431270 1709.6
1431280 1713.5
1431290 1713.5
1431300 1718.1
1431310 1721.0
1431320 1721.0
1431330 1721.9
1431340 1722.2
1431350 1722.2
1431360 1724.5
1431370 1725.7
1431380 1725.7
1431390 1726.7
1431400 1726.9
1431410 1725.5
1431420 1725.5
1431430 1725.1
1431440 1726.2
1431450 1726.2
1431460 1725.3
1431470 1727.8
1431480 1727.8
1431490 1733.1
1431500 1734.3
1431510 1734.3
1431520 1735.4
1431530 1738.0
1431540 1738.0
1431550 1741.0
1431560 1743.9
1431570 1743.9
1431580 1747.2
1431590 1755.6
1431600 1755.6
1431610 1762.2
1431620 1770.0
1431630 1778.9
1431640 1778.9
1431650 1784.7
1431660 1788.9
1431670 1788.9
1431680 1792.8
1431690 1797.5
1431700 1797.5
1431710 1801.8
1431720 1809.2
1431730 1809.2
1431740 1818.3
1431750 1824.1
1431760 1824.1
1431770 1831.2
1431780 1838.7
1431790 1838.7
1431800 1844.2
1431810 1851.5
1431820 1851.5
1431830 1860.0
1431840 1870.7
1431850 1870.7
1431860 1880.1
1431870 1885.4
1431880 1890.6
1431890 1890.6
1431900 1898.5
1431910 1915.0
1431920 1915.0
1431930 1923.8
1431940 1930.6
1431950 1930.6
1431960 1936.0
1431970 1940.7
1431980 1940.7
1431990 1945.4
1432000 1949.5
1432010 1949.5
1432020 1953.7
1432030 1958.5
1432040 1958.5
1432050 1963.5
1432060 1968.7
1432070 1968.7
1432080 1972.7
1432090 1975.3
1432100 1975.3
1432110 1978.4
1432120 1981.9
1432130 1985.6
1432140 1985.6
1432150 1988.9
1432160 1992.5
1432170 1992.5
1432180 1996.6
1432190 2001.1
1432200 2001.1
1432210 2006.2
1432220 2011.6
1432230 2011.6
1432240 2017.2
1432250 2023.0
1432260 2023.0
1432270 2028.9
1432280 2031.5
1432290 2031.5
1432300 2029.3
1432310 2026.7
1432320 2026.7
1432330 2024.8
1432340 2023.8
1432350 2023.8
1432360 2023.9
1432370 2024.0
1432380 2023.7
1432390 2023.7
1432400 2025.3
1432410 2026.8
1432420 2026.8
1432430 2029.5
1432440 2031.7
1432450 2031.7
1432460 2033.8
1432470 2035.7
1432480 2035.7
1432490 2037.8
1432500 2039.8
1432510 2039.8
1432520 2041.4
1432530 2043.1
1432540 2043.1
1432550 2044.8
1432560 2046.5
1432570 2046.5
1432580 2048.2
1432590 2049.7
1432600 2049.7
1432610 2051.1
1432620 2052.1
1432630 2052.8
1432640 2052.8
1432650 2053.1
1432660 2053.3
1432670 2053.3
1432680 2053.4
1432690 2053.8
1432700 2053.8
1432710 2054.2
1432720 2054.9
1432730 2054.9
1432740 2055.7
1432750 2056.4
1432760 2056.4
1432770 2056.6
1432780 2057.3
1432790 2057.3
1432800 2059.5
1432810 2061.9
1432820 2061.9
1432830 2063.6
1432840 2065.9
1432850 2067.5
1432860 2067.5
1432870 2069.7
1432880 2074.2
1432890 2074.2
1432900 2078.1
1432910 2082.0
1432920 2082.0
1432930 2086.5
1432940 2091.8
1432950 2091.8
1432960 2096.6
1432970 2100.7
1432980 2100.7
1432990 2105.2
1433000 2110.7
1433010 2110.7
1433020 2115.9
1433030 2121.4
1433040 2121.4
1433050 2126.6
1433060 2131.7
1433070 2131.7
1433080 2136.2
1433090 2140.6
1433100 2144.9
1433110 2144.9
1433120 2149.2
1433130 2153.6
1433140 2153.6
1433150 2158.0
1433160 2162.5
1433170 2162.5
1433180 2166.8
1433190 2171.0
1433200 2171.0
1433210 2175.3
1433220 2179.7
1433230 2179.7
1433240 2183.9
1433250 2188.1
1433260 2188.1
1433270 2192.2
1433280 2195.8
1433290 2195.8
1433300 2199.4
1433310 2197.9
1433320 2197.9
1433330 2186.5
1433340 2179.8
1433350 2174.9
1433360 2174.9
1433370 2170.9
1433380 2165.9
1433390 2165.9
1433400 2161.8
1433410 2157.8
1433420 2157.8
1433430 2154.1
1433440 2152.2
1433450 2152.2
1433460 2150.0
1433470 2146.8
1433480 2146.8
1433490 2145.1
1433500 2144.0
1433510 2144.0
1433520 2142.9
1433530 2143.2
1433540 2143.2
1433550 2144.4
1433560 2146.1
1433570 2146.1
1433580 2148.2
1433590 2151.6
1433600 2154.8
1433610 2154.8
1433620 2158.4
1433630 2163.0
1433640 2163.0
1433650 2165.1
1433660 2167.7
1433670 2167.7
1433680 2169.9
1433690 2173.7
1433700 2173.7
1433710 2178.5
1433720 2185.2
1433730 2185.2
1433740 2191.2
1433750 2197.4
1433760 2197.4
1433770 2201.3
1433780 2204.6
1433790 2204.6
1433800 2212.5
1433810 2221.7
1433820 2221.7
1433830 2227.8
1433840 2239.4
1433850 2236.0
1433860 2236.0
1433870 2220.8
1433880 2206.8
1433890 2206.8
1433900 2195.7
1433910 2186.6
1433920 2186.6
1433930 2178.3
1433940 2173.7
1433950 2173.7
1433960 2170.0
1433970 2165.9
1433980 2165.9
1433990 2160.4
1434000 2153.2
1434010 2153.2
1434020 2146.1
1434030 2139.9
1434040 2144.6
1434050 2138.4
1434060 2132.8
1434070 2132.8
1434080 2127.3
1434090 2122.1
1434100 2116.4
1434110 2116.4
1434120 2110.8
1434130 2105.1
1434140 2105.1
1434150 2098.9
1434160 2092.2
1434170 2092.2
1434180 2085.7
1434190 2081.0
1434200 2081.0
1434210 2077.4
1434220 2073.0
1434230 2073.0
1434240 2069.8
1434250 2067.0
1434260 2067.0
1434270 2064.0
1434280 2059.5
1434290 2059.5
1434300 2054.2
1434310 2048.0
1434320 2042.4
1434330 2042.4
1434340 2038.7
1434350 2035.8
1434360 2035.8
1434370 2030.7
1434380 2025.3
1434390 2025.3
1434400 2019.3
1434410 2014.5
1434420 2014.5
1434430 2010.8
1434440 2005.2
1434450 2005.2
1434460 2000.7
1434470 1997.3
1434480 1997.3
1434490 1994.9
1434500 1993.3
1434510 1993.3
1434520 1992.2
1434530 1990.9
1434540 1990.9
1434550 1988.0
1434560 1989.7
1434570 1989.9
1434580 1989.9
1434590 1988.6
1434600 1986.8
1434610 1986.8
1434620 1985.1
1434630 1983.2
1434640 1983.2
1434650 1981.7
1434660 1981.0
1434670 1981.0
1434680 1980.9
1434690 1980.6
1434700 1980.6
1434710 1977.9
1434720 1974.8
1434730 1974.8
1434740 1973.7
1434750 1977.3
1434760 1977.3
1434770 1980.6
1434780 1984.4
1434790 1984.4
1434800 1986.6
1434810 1987.0
1434820 1986.0
1434830 1986.0
1434840 1984.6
1434850 1983.0
1434860 1983.0
1434870 1982.3
1434880 1983.5
1434890 1983.5
1434900 1984.0
1434910 1983.9
1434920 1983.9
1434930 1981.7
1434940 1977.6
1434950 1977.6
1434960 1972.8
1434970 1976.1
1434980 1976.1
1434990 1982.0
1435000 1987.0
1435010 1987.0
1435020 1992.6
1435030 1997.9
1435040 1997.9
1435050 2003.4
1435060 2009.4
1435070 2016.4
1435080 2016.4
1435090 2024.6
1435100 2034.0
1435110 2034.0
1435120 2042.3
1435130 2048.4
1435140 2048.4
1435150 2056.1
1435160 2064.7
1435170 2064.7
1435180 2073.3
1435190 2081.4
1435200 2081.4
1435210 2090.6
1435220 2116.8
1435230 2116.8
1435240 2153.3
1435250 2156.9
1435260 2156.9
1435270 2159.8
1435280 2163.2
1435290 2163.2
1435300 2170.7
1435310 2177.4
1435320 2180.5
1435330 2180.5
1435340 2183.5
1435350 2185.3
1435360 2185.3
1435370 2188.0
1435380 2190.0
1435390 2190.0
1435400 2192.4
1435410 2194.9
1435420 2194.9
1435430 2197.0
1435440 2198.3
1435450 2198.3
1435460 2199.2
1435470 2200.5
1435480 2200.5
1435490 2202.0
1435500 2202.5
1435510 2202.5
1435520 2199.2
1435530 2195.0
1435540 2195.0
1435550 2190.3
1435560 2187.6
1435570 2182.9
1435580 2182.9
1435590 2173.7
1435600 2160.5
1435610 2160.5
1435620 2151.5
1435630 2141.2
1435640 2141.2
1435650 2130.3
1435660 2122.5
1435670 2122.5
1435680 2116.2
1435690 2113.0
1435700 2113.0
1435710 2114.0
1435720 2115.2
1435730 2115.2
1435740 2118.0
1435750 2122.7
1435760 2122.7
1435770 2128.7
1435780 2134.5
1435790 2138.9
1435800 2138.9
1435810 2133.0
1435820 2123.1
1435830 2123.1
1435840 2113.2
1435850 2105.2
1435860 2105.2
1435870 2098.8
1435880 2094.6
1435890 2094.6
1435900 2092.6
1435910 2087.5
1435920 2087.5
1435930 2076.7
1435940 2069.9
1435950 2069.9
1435960 2065.7
1435970 2061.0
1435980 2061.0
1435990 2056.5
1436000 2053.0
1436010 2053.0
1436020 2049.7
1436030 2046.2
1436040 2046.2
1436050 2046.2
1436060 2048.5
1436070 2040.2
1436080 2040.2
1436090 2031.1
1436100 2020.2
1436110 2020.2
1436120 2007.0
1436130 1997.0
1436140 1997.0
1436150 1992.2
1436160 1986.6
1436170 1986.6
1436180 1980.9
1436190 1974.0
1436200 1974.0
1436210 1966.8
1436220 1959.3
1436230 1959.3
1436240 1952.2
1436250 1944.9
1436260 1944.9
1436270 1937.0
1436280 1928.0
1436290 1921.5
1436300 1921.5
1436310 1914.8
1436320 1909.2
1436330 1909.2
1436340 1904.6
1436350 1900.3
1436360 1900.3
1436370 1895.9
1436380 1891.8
1436390 1891.8
1436400 1888.7
1436410 1886.5
1436420 1886.5
1436430 1884.0
1436440 1881.1
1436450 1881.1
1436460 1878.5
1436470 1875.2
1436480 1875.2
1436490 1871.2
1436500 1867.6
1436510 1867.6
1436520 1865.2
1436530 1862.5
1436540 1858.0
1436550 1858.0
1436560 1853.5
1436570 1850.3
1436580 1850.3
1436590 1846.9
1436600 1843.9
1436610 1843.9
1436620 1841.0
1436630 1833.3
1436640 1833.3
1436650 1829.2
1436660 1825.6
1436670 1825.6
1436680 1821.7
1436690 1815.7
1436700 1815.7
1436710 1810.2
1436720 1806.1
1436730 1806.1
1436740 1801.3
1436750 1797.9
1436760 1797.9
1436770 1795.0
1436780 1791.8
1436790 1788.5
1436800 1788.5
1436810 1784.1
1436820 1778.0
1436830 1778.0
1436840 1771.2
1436850 1765.2
1436860 1765.2
1436870 1761.4
1436880 1757.8
1436890 1757.8
1436900 1754.5
1436910 1750.1
1436920 1750.1
1436930 1745.3
1436940 1741.1
1436950 1741.1
1436960 1739.3
1436970 1737.6
1436980 1737.6
1436990 1735.2
1437000 1735.5
1437010 1735.5
1437020 1736.6
1437030 1734.3
1437040 1731.4
1437050 1731.4
1437060 1729.9
1437070 1729.5
1437080 1729.5
1437090 1728.6
1437100 1726.1
1437110 1726.1
1437120 1723.3
1437130 1720.0
1437140 1720.0
1437150 1718.6
1437160 1717.6
1437170 1717.6
1437180 1718.6
1437190 1718.6
1437200 1718.6
1437210 1716.0
1437220 1710.6
1437230 1710.6
1437240 1707.6
1437250 1704.2
1437260 1700.6
1437270 1700.6
1437280 1696.6
1437290 1692.2
1437300 1692.2
1437310 1687.4
1437320 1682.8
1437330 1682.8
1437340 1679.6
1437350 1675.5
1437360 1675.5
1437370 1671.2
1437380 1667.3
1437390 1667.3
1437400 1661.8
1437410 1656.5
1437420 1656.5
1437430 1652.0
1437440 1647.7
1437450 1647.7
1437460 1643.5
1437470 1640.2
1437480 1640.2
1437490 1637.8
1437500 1635.2
1437510 1632.3
1437520 1632.3
1437530 1629.9
1437540 1628.4
1437550 1628.4
1437560 1625.1
1437570 1622.5
1437580 1622.5
1437590 1622.9
1437600 1622.5
1437610 1622.5
1437620 1620.6
1437630 1618.0
1437640 1618.0
1437650 1614.8
1437660 1611.1
1437670 1611.1
1437680 1608.2
1437690 1613.1
1437700 1613.1
1437710 1620.1
1437720 1626.4
1437730 1626.4
1437740 1630.7
1437750 1634.5
1437760 1635.9
1437770 1635.9
1437780 1637.8
1437790 1638.8
1437800 1638.8
1437810 1639.7
1437820 1641.1
1437830 1641.1
1437840 1643.2
1437850 1645.7
1437860 1645.7
1437870 1647.1
1437880 1647.9
1437890 1647.9
1437900 1648.8
1437910 1650.6
1437920 1650.6
1437930 1651.9
1437940 1652.3
1437950 1652.3
1437960 1653.6
1437970 1655.0
1437980 1655.0
1437990 1655.1
1438000 1654.1
1438010 1653.5
1438020 1653.5
1438030 1654.8
1438040 1656.2
1438050 1656.2
1438060 1657.7
1438070 1661.0
1438080 1661.0
1438090 1665.5
1438100 1667.8
1438110 1667.8
1438120 1668.1
1438130 1666.6
1438140 1666.6
1438150 1665.9
1438160 1667.5
1438170 1667.5
1438180 1667.7
1438190 1666.4
1438200 1666.4
1438210 1665.3
1438220 1666.0
1438230 1666.0
1438240 1667.1
1438250 1669.1
1438260 1673.4
1438270 1673.4
1438280 1679.6
1438290 1686.2
1438300 1686.2
1438310 1692.5
1438320 1699.4
1438330 1699.4
1438340 1706.9
1438350 1715.6
1438360 1715.6
1438370 1720.0
1438380 1724.6
1438390 1724.6
1438400 1728.8
1438410 1734.7
1438420 1734.7
1438430 1741.9
1438440 1748.1
1438450 1748.1
1438460 1748.2
1438470 1745.5
1438480 1745.5
1438490 1745.1
1438500 1744.7
1438510 1746.0
1438520 1746.0
1438530 1746.6
1438540 1746.3
1438550 1746.3
1438560 1746.3
1438570 1747.3
1438580 1747.3
1438590 1749.4
1438600 1753.0
1438610 1753.0
1438620 1756.8
1438630 1759.4
1438640 1759.4
1438650 1761.9
1438660 1764.9
1438670 1764.9
1438680 1768.6
1438690 1772.6
1438700 1772.6
1438710 1777.5
1438720 1784.4
1438730 1792.6
1438740 1792.6
1438750 1801.3
1438760 1810.5
1438770 1810.5
1438780 1816.2
1438790 1820.8
1438800 1820.8
1438810 1825.2
1438820 1829.6
1438830 1829.6
1438840 1834.6
1438850 1841.6
1438860 1841.6
1438870 1848.3
1438880 1854.6
1438890 1854.6
1438900 1860.4
1438910 1867.2
1438920 1867.2
1438930 1875.1
1438940 1887.6
1438950 1887.6
1438960 1897.0
1438970 1902.6
1438980 1902.5
1438990 1902.5
1439000 1903.3
1439010 1907.4
1439020 1907.4
1439030 1911.4
1439040 1914.7
1439050 1914.7
1439060 1917.8
1439070 1920.2
1439080 1920.2
1439090 1922.0
1439100 1923.8
1439110 1923.8
1439120 1926.0
1439130 1928.7
1439140 1928.7
1439150 1931.7
1439160 1934.4
1439170 1934.4
1439180 1937.3
1439190 1940.6
1439200 1940.6
1439210 1943.1
1439220 1945.7
1439230 1947.7
1439240 1947.7
1439250 1950.1
1439260 1955.4
1439270 1955.4
1439280 1962.3
1439290 1965.3
1439300 1965.3
1439310 1962.7
1439320 1961.7
1439330 1961.7
1439340 1961.5
1439350 1965.4
1439360 1969.1
1439370 1971.6
1439380 1972.7
1439390 1972.7
1439400 1974.1
1439410 1975.3
1439420 1975.3
1439430 1976.8
1439440 1978.2
1439450 1978.2
1439460 1979.8
1439470 1981.6
1439480 1984.7
1439490 1984.7
1439500 1989.1
1439510 1994.1
1439520 1994.1
1439530 1998.9
1439540 2002.8
1439550 2002.8
1439560 2005.9
1439570 2009.2
1439580 2009.2
1439590 2013.0
1439600 2016.6
1439610 2016.6
1439620 2020.1
1439630 2023.9
1439640 2023.9
1439650 2028.5
1439660 2033.0
1439670 2033.0
1439680 2038.1
1439690 2043.9
1439700 2043.9
1439710 2049.6
1439720 2055.5
1439730 2061.0
1439740 2061.0
1439750 2065.8
1439760 2071.3
1439770 2071.3
1439780 2077.7
1439790 2085.2
1439800 2085.2
1439810 2093.5
1439820 2098.0
1439830 2098.0
1439840 2101.4
1439850 2104.2
1439860 2104.2
1439870 2105.8
1439880 2108.9
1439890 2108.9
1439900 2113.7
1439910 2121.0
1439920 2121.0
1439930 2129.0
1439940 2136.8
1439950 2136.8
1439960 2145.5
1439970 2154.8
1439980 2163.9
1439990 2163.9
