1420000 2220.1
1420010 2220.1
1420020 2221.8
1420030 2220.9
1420040 2220.9
1420050 2228.1
1420060 2242.2
1420070 2242.2
1420080 2252.8
1420090 2266.6
1420100 2266.6
1420110 2280.9
1420120 2296.2
1420130 2296.2
1420140 2312.7
1420150 2319.8
1420160 2319.8
1420170 2334.0
1420180 2346.8
1420190 2346.8
1420200 2358.6
1420210 2367.2
1420220 2374.5
1420230 2374.5
1420240 2386.9
1420250 2395.2
1420260 2395.2
1420270 2381.7
1420280 2371.7
1420290 2371.7
1420300 2363.8
1420310 2358.3
1420320 2358.3
1420330 2354.0
1420340 2349.4
1420350 2349.4
1420360 2345.1
1420370 2342.1
1420380 2342.1
1420390 2338.8
1420400 2337.0
1420410 2337.0
1420420 2333.1
1420430 2331.0
1420440 2329.0
1420450 2329.0
1420460 2328.5
1420470 2331.9
1420480 2331.9
1420490 2336.4
1420500 2339.8
1420510 2339.8
1420520 2340.0
1420530 2338.1
1420540 2338.1
1420550 2338.2
1420560 2341.3
1420570 2341.3
1420580 2344.5
1420590 2347.7
1420600 2347.7
1420610 2348.3
1420620 2348.1
1420630 2348.1
1420640 2348.5
1420650 2349.5
1420660 2349.5
1420670 2349.4
1420680 2348.9
1420690 2348.7
1420700 2348.7
1420710 2348.1
1420720 2347.8
1420730 2347.8
1420740 2346.4
1420750 2344.4
1420760 2344.4
1420770 2343.9
1420780 2344.5
1420790 2344.5
1420800 2347.0
1420810 2350.0
1420820 2350.0
1420830 2352.3
1420840 2353.2
1420850 2353.2
1420860 2353.6
1420870 2354.3
1420880 2354.3
1420890 2355.8
1420900 2356.6
1420910 2356.6
1420920 2355.6
1420930 2352.6
1420940 2347.9
1420950 2347.9
1420960 2343.3
1420970 2339.9
1420980 2339.9
1420990 2336.8
1421000 2333.1
1421010 2333.1
1421020 2329.6
1421030 2325.7
1421040 2325.7
1421050 2321.3
1421060 2317.6
1421070 2317.6
1421080 2313.6
1421090 2309.7
1421100 2309.7
1421110 2305.2
1421120 2299.6
1421130 2299.6
1421140 2293.8
1421150 2288.8
1421160 2288.8
1421170 2283.7
1421180 2278.1
1421190 2272.1
1421200 2272.1
1421210 2267.5
1421220 2263.4
1421230 2263.4
1421240 2259.4
1421250 2255.1
1421260 2255.1
1421270 2249.9
1421280 2244.2
1421290 2244.2
1421300 2238.7
1421310 2233.6
1421320 2233.6
1421330 2228.8
1421340 2224.4
1421350 2224.4
1421360 2220.2
1421370 2216.0
1421380 2216.0
1421390 2210.2
1421400 2204.1
1421410 2204.1
1421420 2199.8
1421430 2195.9
1421440 2192.2
1421450 2192.2
1421460 2187.5
1421470 2182.7
1421480 2182.7
1421490 2177.4
1421500 2172.7
1421510 2172.7
1421520 2169.3
1421530 2165.4
1421540 2165.4
1421550 2160.6
1421560 2156.0
1421570 2156.0
1421580 2152.5
1421590 2149.2
1421600 2149.2
1421610 2145.7
1421620 2141.8
1421630 2141.8
1421640 2137.7
1421650 2133.4
1421660 2133.4
1421670 2129.5
1421680 2125.9
1421690 2121.7
1421700 2121.7
1421710 2117.0
1421720 2111.5
1421730 2111.5
1421740 2105.2
1421750 2099.2
1421760 2099.2
1421770 2093.6
1421780 2086.5
1421790 2086.5
1421800 2079.0
1421810 2072.0
1421820 2072.0
1421830 2064.0
1421840 2056.7
1421850 2056.7
1421860 2049.6
1421870 2043.8
1421880 2043.8
1421890 2033.0
1421900 2020.1
1421910 2020.1
1421920 2005.3
1421930 1987.8
1421940 1974.7
1421950 1974.7
1421960 1964.6
1421970 1957.0
1421980 1957.0
1421990 1950.3
1422000 1942.5
1422010 1942.5
1422020 1935.9
1422030 1931.8
1422040 1931.8
1422050 1930.7
1422060 1931.2
1422070 1931.2
1422080 1936.9
1422090 1935.4
1422100 1935.4
1422110 1933.0
1422120 1928.6
1422130 1928.6
1422140 1914.1
1422150 1896.8
1422160 1884.3
1422170 1884.3
1422180 1877.3
1422190 1871.5
1422200 1871.5
1422210 1861.6
1422220 1854.3
1422230 1854.3
1422240 1850.6
1422250 1848.0
1422260 1848.0
1422270 1841.7
1422280 1831.9
1422290 1831.9
1422300 1821.4
1422310 1811.6
1422320 1811.6
1422330 1804.4
1422340 1800.6
1422350 1800.6
1422360 1795.4
1422370 1789.7
1422380 1789.7
1422390 1784.9
1422400 1780.0
1422410 1776.4
1422420 1776.4
1422430 1772.5
1422440 1768.1
1422450 1768.1
1422460 1763.2
1422470 1756.8
1422480 1756.8
1422490 1751.2
1422500 1747.7
1422510 1747.7
1422520 1745.2
1422530 1743.8
1422540 1743.8
1422550 1743.7
1422560 1743.8
1422570 1743.8
1422580 1744.3
1422590 1745.9
1422600 1745.9
1422610 1747.2
1422620 1748.3
1422630 1748.3
1422640 1749.0
1422650 1750.2
1422660 1751.8
1422670 1751.8
1422680 1753.5
1422690 1755.0
1422700 1755.0
1422710 1757.9
1422720 1761.4
1422730 1761.4
1422740 1765.9
1422750 1771.4
1422760 1771.4
1422770 1778.0
1422780 1785.1
1422790 1785.1
1422800 1793.2
1422810 1803.5
1422820 1803.5
1422830 1809.6
1422840 1817.7
1422850 1817.7
1422860 1826.6
1422870 1832.6
1422880 1832.6
1422890 1836.8
1422900 1839.4
1422910 1840.8
1422920 1840.8
1422930 1843.5
1422940 1848.1
1422950 1848.1
1422960 1851.7
1422970 1854.9
1422980 1854.9
1422990 1859.5
1423000 1860.3
1423010 1860.3
1423020 1860.5
1423030 1863.3
1423040 1863.3
1423050 1863.8
1423060 1865.8
1423070 1865.8
1423080 1867.5
1423090 1868.5
1423100 1868.5
1423110 1869.1
1423120 1868.8
1423130 1868.8
1423140 1867.5
1423150 1866.3
1423160 1862.0
1423170 1862.0
1423180 1856.4
1423190 1850.7
1423200 1850.7
1423210 1849.5
1423220 1851.2
1423230 1851.2
1423240 1854.0
1423250 1857.4
1423260 1857.4
1423270 1861.1
1423280 1860.7
1423290 1860.7
1423300 1861.4
1423310 1866.9
1423320 1866.9
1423330 1871.2
1423340 1872.6
1423350 1872.6
1423360 1875.1
1423370 1877.4
1423380 1877.4
1423390 1884.6
1423400 1892.4
1423410 1897.5
1423420 1897.5
1423430 1896.2
1423440 1895.7
1423450 1895.7
1423460 1896.5
1423470 1899.8
1423480 1899.8
1423490 1906.3
1423500 1909.5
1423510 1909.5
1423520 1911.1
1423530 1911.0
1423540 1911.0
1423550 1908.1
1423560 1906.1
1423570 1906.1
1423580 1908.4
1423590 1909.6
1423600 1909.6
1423610 1908.2
1423620 1908.6
1423630 1908.6
1423640 1909.1
1423650 1908.0
1423660 1906.8
1423670 1906.8
1423680 1905.9
1423690 1905.9
1423700 1905.9
1423710 1905.6
1423720 1905.6
1423730 1905.6
1423740 1907.8
1423750 1908.9
1423760 1908.9
1423770 1909.1
1423780 1909.5
1423790 1909.5
1423800 1910.9
1423810 1912.4
1423820 1912.4
1423830 1914.4
1423840 1916.9
1423850 1916.9
1423860 1919.1
1423870 1919.7
1423880 1918.5
1423890 1918.5
1423900 1917.3
1423910 1914.8
1423920 1914.8
1423930 1911.3
1423940 1907.1
1423950 1907.1
1423960 1901.4
1423970 1895.0
1423980 1895.0
1423990 1889.3
1424000 1883.2
1424010 1883.2
1424020 1878.4
1424030 1873.9
1424040 1873.9
1424050 1868.7
1424060 1864.3
1424070 1864.3
1424080 1860.7
1424090 1857.3
1424100 1857.3
1424110 1853.8
1424120 1850.7
1424130 1847.0
1424140 1847.0
1424150 1843.7
1424160 1840.8
1424170 1840.8
1424180 1837.6
1424190 1834.4
1424200 1834.4
1424210 1831.1
1424220 1828.2
1424230 1828.2
1424240 1825.7
1424250 1822.6
1424260 1822.6
1424270 1819.0
1424280 1816.1
1424290 1816.1
1424300 1814.4
1424310 1812.9
1424320 1812.9
1424330 1811.8
1424340 1810.7
1424350 1810.7
1424360 1809.5
1424370 1807.6
1424380 1807.4
1424390 1807.4
1424400 1808.1
1424410 1808.4
1424420 1808.4
1424430 1808.3
1424440 1808.4
1424450 1808.4
1424460 1808.7
1424470 1808.2
1424480 1808.2
1424490 1808.2
1424500 1810.7
1424510 1810.7
1424520 1814.2
1424530 1818.5
1424540 1818.5
1424550 1820.9
1424560 1823.3
1424570 1823.3
1424580 1825.0
1424590 1826.2
1424600 1826.2
1424610 1825.2
1424620 1822.9
1424630 1820.5
1424640 1820.5
1424650 1818.4
1424660 1816.3
1424670 1816.3
1424680 1815.9
1424690 1815.6
1424700 1815.6
1424710 1813.4
1424720 1810.3
1424730 1810.3
1424740 1807.4
1424750 1804.2
1424760 1804.2
1424770 1800.5
1424780 1796.5
1424790 1796.5
1424800 1790.4
1424810 1783.1
1424820 1783.1
1424830 1775.7
1424840 1768.5
1424850 1768.5
1424860 1761.2
1424870 1753.8
1424880 1745.8
1424890 1745.8
1424900 1739.8
1424910 1734.0
1424920 1734.0
1424930 1728.5
1424940 1725.6
1424950 1725.6
1424960 1723.1
1424970 1720.5
1424980 1720.5
1424990 1719.9
1425000 1720.3
1425010 1720.3
1425020 1720.1
1425030 1720.1
1425040 1720.1
1425050 1720.2
1425060 1721.0
1425070 1721.0
1425080 1721.8
1425090 1721.7
1425100 1721.7
1425110 1722.6
1425120 1723.5
1425130 1725.6
1425140 1725.6
1425150 1727.4
1425160 1729.3
1425170 1729.3
1425180 1732.4
1425190 1736.9
1425200 1736.9
1425210 1741.7
1425220 1745.8
1425230 1745.8
1425240 1750.4
1425250 1753.9
1425260 1753.9
1425270 1755.9
1425280 1760.1
1425290 1760.1
1425300 1764.6
1425310 1769.1
1425320 1769.1
1425330 1774.3
1425340 1778.4
1425350 1778.4
1425360 1784.4
1425370 1791.6
1425380 1799.4
1425390 1799.4
1425400 1808.2
1425410 1816.9
1425420 1816.9
1425430 1824.2
1425440 1830.4
1425450 1830.4
1425460 1838.5
1425470 1851.2
1425480 1851.2
1425490 1864.1
1425500 1875.4
1425510 1875.4
1425520 1882.1
1425530 1883.5
1425540 1883.5
1425550 1882.4
1425560 1881.3
1425570 1881.3
1425580 1880.3
1425590 1877.9
1425600 1874.9
1425610 1874.9
1425620 1871.2
1425630 1865.9
1425640 1865.9
1425650 1858.8
1425660 1852.3
1425670 1852.3
1425680 1845.6
1425690 1837.9
1425700 1837.9
1425710 1829.7
1425720 1821.6
1425730 1821.6
1425740 1815.7
1425750 1811.1
1425760 1811.1
1425770 1807.4
1425780 1804.3
1425790 1804.3
1425800 1801.2
1425810 1798.2
1425820 1798.2
1425830 1795.3
1425840 1791.9
1425850 1787.5
1425860 1787.5
1425870 1780.9
1425880 1771.9
1425890 1771.9
1425900 1765.1
1425910 1759.3
1425920 1759.3
1425930 1753.7
1425940 1748.1
1425950 1748.1
1425960 1742.9
1425970 1739.1
1425980 1739.1
1425990 1735.6
1426000 1731.3
1426010 1731.3
1426020 1727.4
1426030 1724.1
1426040 1724.1
1426050 1719.4
1426060 1713.3
1426070 1713.3
1426080 1709.2
1426090 1702.7
1426100 1695.1
1426110 1695.1
1426120 1689.1
1426130 1683.4
1426140 1683.4
1426150 1676.4
1426160 1668.5
1426170 1668.5
1426180 1661.1
1426190 1654.3
1426200 1654.3
1426210 1647.3
1426220 1639.8
1426230 1639.8
1426240 1630.7
1426250 1622.0
1426260 1622.0
1426270 1614.5
1426280 1606.3
1426290 1606.3
1426300 1597.8
1426310 1590.2
1426320 1590.2
1426330 1582.7
1426340 1575.6
1426350 1568.4
1426360 1568.4
1426370 1561.6
1426380 1554.3
1426390 1554.3
1426400 1547.3
1426410 1540.8
1426420 1540.8
1426430 1534.0
1426440 1526.3
1426450 1526.3
1426460 1518.8
1426470 1511.9
1426480 1511.9
1426490 1505.1
1426500 1498.7
1426510 1498.7
1426520 1492.0
1426530 1480.1
1426540 1480.1
1426550 1464.6
1426560 1453.4
1426570 1453.4
1426580 1443.3
1426590 1437.6
1426600 1430.5
1426610 1430.5
1426620 1424.2
1426630 1421.7
1426640 1421.7
1426650 1431.6
1426660 1427.9
1426670 1427.9
1426680 1425.4
1426690 1423.8
1426700 1423.8
1426710 1421.0
1426720 1415.7
1426730 1415.7
1426740 1411.4
1426750 1409.4
1426760 1409.4
1426770 1406.1
1426780 1402.7
1426790 1402.7
1426800 1398.6
1426810 1393.6
1426820 1393.6
1426830 1387.8
1426840 1381.6
1426850 1374.8
1426860 1374.8
1426870 1366.1
1426880 1356.7
1426890 1356.7
1426900 1350.7
1426910 1342.1
1426920 1342.1
1426930 1329.3
1426940 1321.3
1426950 1321.3
1426960 1316.0
1426970 1312.1
1426980 1312.1
1426990 1307.0
1427000 1299.5
1427010 1299.5
1427020 1292.1
1427030 1285.7
1427040 1285.7
1427050 1279.1
1427060 1272.4
1427070 1272.4
1427080 1265.3
1427090 1258.0
1427100 1251.2
1427110 1251.2
1427120 1245.3
1427130 1240.2
1427140 1240.2
1427150 1234.5
1427160 1228.5
1427170 1228.5
1427180 1222.2
1427190 1214.8
1427200 1214.8
1427210 1206.8
1427220 1199.0
1427230 1199.0
1427240 1191.8
1427250 1185.2
1427260 1185.2
1427270 1180.0
1427280 1174.3
1427290 1174.3
1427300 1168.5
1427310 1161.6
1427320 1148.0
1427330 1148.0
1427340 1130.2
1427350 1122.3
1427360 1122.3
1427370 1109.3
1427380 1099.0
1427390 1099.0
1427400 1088.7
1427410 1077.7
1427420 1077.7
1427430 1064.0
1427440 1046.0
1427450 1046.0
1427460 1032.3
1427470 1021.2
1427480 1021.2
1427490 1011.1
1427500 1003.3
1427510 1003.3
1427520 996.9
1427530 990.1
1427540 990.1
1427550 982.7
1427560 975.2
1427570 967.1
1427580 967.1
1427590 959.2
1427600 951.1
1427610 951.1
1427620 943.9
1427630 937.4
1427640 937.4
1427650 931.4
1427660 924.7
1427670 924.7
1427680 918.7
1427690 911.3
1427700 911.3
1427710 903.1
1427720 895.1
1427730 895.1
1427740 888.0
1427750 880.6
1427760 880.6
1427770 873.6
1427780 867.9
1427790 867.9
1427800 864.1
1427810 861.0
1427820 856.9
1427830 856.9
1427840 854.4
1427850 851.3
1427860 851.3
1427870 847.3
1427880 843.4
1427890 843.4
1427900 838.7
1427910 833.2
1427920 833.2
1427930 828.3
1427940 826.1
1427950 826.1
1427960 825.4
1427970 825.5
1427980 825.5
1427990 825.7
1428000 826.0
1428010 826.0
1428020 826.2
1428030 826.2
1428040 826.2
1428050 825.7
1428060 824.6
1428070 825.9
1428080 825.9
1428090 828.5
1428100 829.8
1428110 829.8
1428120 830.8
1428130 831.7
1428140 831.7
1428150 832.7
1428160 833.8
1428170 833.8
1428180 835.0
1428190 836.2
1428200 836.2
1428210 837.4
1428220 838.4
1428230 838.4
1428240 839.5
1428250 840.8
1428260 840.8
1428270 842.3
1428280 843.7
1428290 843.7
1428300 845.2
1428310 846.5
1428320 847.7
1428330 847.7
1428340 848.9
1428350 850.1
1428360 850.1
1428370 851.3
1428380 852.7
1428390 852.7
1428400 854.1
1428410 855.1
1428420 855.1
1428430 855.2
1428440 854.2
1428450 854.2
1428460 857.4
1428470 862.5
1428480 862.5
1428490 869.5
1428500 876.0
1428510 876.0
1428520 880.9
1428530 885.0
1428540 885.0
1428550 881.4
1428560 869.6
1428570 874.3
1428580 874.3
1428590 879.5
1428600 880.4
1428610 880.4
1428620 882.5
1428630 889.2
1428640 889.2
1428650 897.3
1428660 904.6
1428670 904.6
1428680 910.1
1428690 914.9
1428700 914.9
1428710 920.2
1428720 926.4
1428730 926.4
1428740 932.0
1428750 937.3
1428760 937.3
1428770 943.1
1428780 949.1
1428790 949.1
1428800 954.6
1428810 960.8
1428820 967.4
1428830 967.4
1428840 975.0
1428850 983.1
1428860 983.1
1428870 992.8
1428880 996.4
1428890 996.4
1428900 1006.5
1428910 1012.8
1428920 1012.8
1428930 1019.0
1428940 1024.0
1428950 1024.0
1428960 1027.6
1428970 1031.6
1428980 1031.6
1428990 1035.9
1429000 1040.0
1429010 1040.0
1429020 1044.5
1429030 1048.6
1429040 1053.7
1429050 1053.7
1429060 1060.1
1429070 1065.0
1429080 1065.0
1429090 1067.6
1429100 1068.8
1429110 1068.8
1429120 1072.8
1429130 1078.7
1429140 1078.7
1429150 1085.6
1429160 1091.5
1429170 1091.5
1429180 1096.7
1429190 1101.9
1429200 1101.9
1429210 1106.8
1429220 1110.3
1429230 1110.3
1429240 1112.5
1429250 1114.6
1429260 1114.6
1429270 1116.4
1429280 1118.0
1429290 1120.3
1429300 1120.3
1429310 1122.5
1429320 1124.8
1429330 1124.8
1429340 1127.7
1429350 1130.8
1429360 1130.8
1429370 1133.8
1429380 1136.9
1429390 1136.9
1429400 1140.0
1429410 1144.1
1429420 1144.1
1429430 1148.1
1429440 1151.0
1429450 1151.0
1429460 1153.6
1429470 1155.5
1429480 1155.5
1429490 1159.0
1429500 1162.6
1429510 1162.6
1429520 1165.8
1429530 1169.6
1429540 1174.5
1429550 1174.5
1429560 1178.4
1429570 1182.6
1429580 1182.6
1429590 1188.2
1429600 1192.9
1429610 1192.9
1429620 1197.6
1429630 1201.2
1429640 1201.2
1429650 1202.9
1429660 1205.1
1429670 1205.1
1429680 1206.3
1429690 1207.9
1429700 1207.9
1429710 1209.9
1429720 1212.0
1429730 1212.0
1429740 1213.6
1429750 1215.8
1429760 1215.8
1429770 1219.1
1429780 1223.7
1429790 1227.6
1429800 1227.6
1429810 1231.0
1429820 1234.8
1429830 1234.8
1429840 1237.2
1429850 1238.7
1429860 1238.7
1429870 1240.6
1429880 1243.1
1429890 1243.1
1429900 1246.1
1429910 1248.1
1429920 1248.1
1429930 1250.3
1429940 1252.1
1429950 1252.1
1429960 1254.3
1429970 1257.9
1429980 1257.9
1429990 1262.3
1430000 1268.5
1430010 1268.5
1430020 1275.8
1430030 1281.3
1430040 1286.1
1430050 1286.1
1430060 1290.4
1430070 1295.8
1430080 1295.8
1430090 1300.9
1430100 1305.4
1430110 1305.4
1430120 1308.9
1430130 1311.3
1430140 1311.3
1430150 1314.9
1430160 1318.3
1430170 1318.3
1430180 1321.5
1430190 1325.3
1430200 1325.3
1430210 1330.1
1430220 1334.6
1430230 1334.6
1430240 1338.4
1430250 1343.0
1430260 1343.0
1430270 1347.6
1430280 1351.7
1430290 1355.6
1430300 1355.6
1430310 1358.4
1430320 1360.4
1430330 1360.4
1430340 1363.2
1430350 1367.9
1430360 1367.9
1430370 1373.1
1430380 1378.8
1430390 1378.8
1430400 1383.3
1430410 1385.4
1430420 1385.4
1430430 1388.4
1430440 1393.3
1430450 1393.3
1430460 1397.9
1430470 1400.2
1430480 1400.2
1430490 1401.7
1430500 1404.2
1430510 1407.4
1430520 1407.4
1430530 1410.5
1430540 1412.0
1430550 1412.0
1430560 1413.9
1430570 1417.5
1430580 1417.5
1430590 1421.0
1430600 1424.0
1430610 1424.0
1430620 1426.5
1430630 1429.1
1430640 1429.1
1430650 1429.2
1430660 1430.1
1430670 1430.1
1430680 1436.5
1430690 1444.2
1430700 1444.2
1430710 1448.6
1430720 1453.2
1430730 1453.2
1430740 1455.8
1430750 1459.2
1430760 1461.9
1430770 1461.9
1430780 1465.1
1430790 1469.2
1430800 1469.2
1430810 1473.9
1430820 1476.9
1430830 1476.9
1430840 1479.9
1430850 1482.7
1430860 1482.7
1430870 1486.1
1430880 1490.0
1430890 1490.0
1430900 1494.6
1430910 1499.6
1430920 1499.6
1430930 1503.8
1430940 1508.3
1430950 1508.3
1430960 1512.7
1430970 1517.3
1430980 1517.3
1430990 1521.6
1431000 1525.7
1431010 1531.1
1431020 1531.1
1431030 1535.9
1431040 1540.4
1431050 1540.4
1431060 1544.8
1431070 1549.1
1431080 1549.1
1431090 1552.9
1431100 1557.2
1431110 1557.2
1431120 1561.7
1431130 1568.7
1431140 1568.7
1431150 1573.8
1431160 1575.6
1431170 1575.6
1431180 1575.9
1431190 1576.2
1431200 1577.6
1431210 1578.4
1431220 1580.7
1431230 1580.7
1431240 1583.8
1431250 1587.4
1431260 1591.3
1431270 1591.3
1431280 1594.0
1431290 1598.5
1431300 1598.5
1431310 1603.6
1431320 1606.9
1431330 1606.9
1431340 1610.3
1431350 1614.2
1431360 1614.2
1431370 1616.7
1431380 1619.2
1431390 1619.2
1431400 1621.4
1431410 1622.5
1431420 1622.5
1431430 1623.4
1431440 1631.6
1431450 1631.6
1431460 1642.0
1431470 1649.1
1431480 1649.1
1431490 1655.0
1431500 1660.3
1431510 1666.6
1431520 1666.6
1431530 1671.4
1431540 1675.1
1431550 1675.1
1431560 1680.1
1431570 1685.8
1431580 1685.8
1431590 1692.6
1431600 1699.9
1431610 1699.9
1431620 1707.0
1431630 1713.7
1431640 1713.7
1431650 1719.3
1431660 1725.4
1431670 1725.4
1431680 1731.4
1431690 1739.2
1431700 1739.2
1431710 1745.6
1431720 1751.3
1431730 1751.3
1431740 1757.6
1431750 1762.8
1431760 1764.6
1431770 1764.6
1431780 1771.3
1431790 1778.3
1431800 1778.3
1431810 1785.7
1431820 1791.7
1431830 1791.7
1431840 1796.0
1431850 1802.3
1431860 1802.3
1431870 1810.1
1431880 1819.0
1431890 1819.0
1431900 1827.0
1431910 1832.4
1431920 1832.4
1431930 1835.6
1431940 1840.4
1431950 1840.4
1431960 1847.1
1431970 1852.5
1431980 1852.5
1431990 1859.1
1432000 1866.3
1432010 1872.3
1432020 1872.3
1432030 1878.3
1432040 1884.8
1432050 1884.8
1432060 1890.9
1432070 1897.7
1432080 1897.7
1432090 1905.5
1432100 1913.5
1432110 1913.5
1432120 1922.1
1432130 1930.6
1432140 1930.6
1432150 1938.7
1432160 1946.6
1432170 1946.6
1432180 1954.4
1432190 1962.2
1432200 1962.2
1432210 1970.4
1432220 1978.9
1432230 1987.2
1432240 1987.2
1432250 1995.1
1432260 2003.2
1432270 2003.2
1432280 2011.9
1432290 2020.1
1432300 2020.1
1432310 2027.9
1432320 2033.2
1432330 2033.2
1432340 2037.1
1432350 2041.7
1432360 2041.7
1432370 2039.0
1432380 2034.0
1432390 2034.0
1432400 2030.4
1432410 2027.6
1432420 2027.6
1432430 2025.1
1432440 2023.2
1432450 2023.2
1432460 2021.3
1432470 2019.7
1432480 2018.3
1432490 2018.3
1432500 2016.9
1432510 2017.4
1432520 2017.4
1432530 2017.0
1432540 2016.0
1432550 2016.0
1432560 2016.0
1432570 2015.3
1432580 2015.3
1432590 2013.4
1432600 2011.6
1432610 2011.6
1432620 2010.1
1432630 2007.5
1432640 2007.5
1432650 2004.8
1432660 2001.4
1432670 2001.4
1432680 1998.2
1432690 1996.8
1432700 1996.8
1432710 1995.6
1432720 1994.1
1432730 1994.8
1432740 1994.8
1432750 1993.5
1432760 1993.5
1432770 1993.5
1432780 1994.2
1432790 1996.2
1432800 1996.2
1432810 2000.7
1432820 2003.2
1432830 2003.2
1432840 2002.1
1432850 2001.9
1432860 2001.9
1432870 2002.0
1432880 2002.0
1432890 2002.0
1432900 2001.8
1432910 2001.7
1432920 2001.7
1432930 2001.9
1432940 1996.1
1432950 1996.1
1432960 1991.6
1432970 1994.2
1432980 1995.5
1432990 1995.5
1433000 1996.8
1433010 2000.2
1433020 2000.2
1433030 2002.8
1433040 2004.7
1433050 2004.7
1433060 2005.5
1433070 2008.5
1433080 2008.5
1433090 2013.9
1433100 2018.7
1433110 2018.7
1433120 2022.6
1433130 2026.2
1433140 2026.2
1433150 2030.1
1433160 2035.2
1433170 2035.2
1433180 2041.9
1433190 2053.2
1433200 2053.2
1433210 2062.7
1433220 2064.2
1433230 2061.1
1433240 2061.1
1433250 2055.3
1433260 2049.3
1433270 2049.3
1433280 2043.8
1433290 2042.0
1433300 2042.0
1433310 2039.7
1433320 2037.2
1433330 2037.2
1433340 2036.2
1433350 2034.3
1433360 2034.3
1433370 2033.2
1433380 2032.4
1433390 2032.4
1433400 2032.4
1433410 2031.7
1433420 2031.7
1433430 2031.7
1433440 2032.0
1433450 2032.0
1433460 2032.1
1433470 2032.6
1433480 2033.4
1433490 2033.4
1433500 2034.9
1433510 2036.3
1433520 2036.3
1433530 2039.0
1433540 2041.2
1433550 2041.2
1433560 2042.0
1433570 2042.8
1433580 2042.8
1433590 2044.8
1433600 2045.6
1433610 2045.6
1433620 2045.5
1433630 2047.6
1433640 2050.9
1433650 2052.8
1433660 2053.7
1433670 2053.7
1433680 2056.1
1433690 2059.7
1433700 2059.7
1433710 2063.0
1433720 2065.8
1433730 2068.5
1433740 2068.5
1433750 2073.6
1433760 2078.1
1433770 2078.1
1433780 2082.2
1433790 2087.3
1433800 2087.3
1433810 2091.9
1433820 2098.3
1433830 2098.3
1433840 2104.3
1433850 2109.5
1433860 2109.5
1433870 2114.2
1433880 2119.5
1433890 2119.5
1433900 2133.0
1433910 2153.0
1433920 2153.0
1433930 2156.1
1433940 2153.5
1433950 2152.0
1433960 2152.0
1433970 2153.2
1433980 2150.8
1433990 2150.8
1434000 2142.4
1434010 2137.8
1434020 2137.8
1434030 2137.0
1434040 2136.2
1434050 2136.2
1434060 2130.9
1434070 2121.1
1434080 2121.1
1434090 2108.7
1434100 2097.1
1434110 2097.1
1434120 2086.6
1434130 2078.3
1434140 2078.3
1434150 2070.3
1434160 2062.8
1434170 2062.8
1434180 2055.4
1434190 2048.3
1434200 2041.3
1434210 2041.3
1434220 2034.1
1434230 2027.4
1434240 2027.4
1434250 2020.5
1434260 2012.2
1434270 2012.2
1434280 2003.0
1434290 1994.5
1434300 1994.5
1434310 1987.1
1434320 1981.0
1434330 1981.0
1434340 1977.7
1434350 1973.8
1434360 1973.8
1434370 1968.7
1434380 1962.7
1434390 1962.7
1434400 1956.2
1434410 1949.4
1434420 1949.4
1434430 1943.7
1434440 1939.4
1434450 1933.8
1434460 1933.8
1434470 1924.3
1434480 1905.4
1434490 1905.4
1434500 1898.5
1434510 1894.5
1434520 1894.5
1434530 1891.7
1434540 1888.8
1434550 1888.8
1434560 1886.1
1434570 1887.1
1434580 1887.1
1434590 1886.5
1434600 1880.4
1434610 1880.4
1434620 1871.4
1434630 1866.4
1434640 1866.4
1434650 1861.7
1434660 1856.3
1434670 1856.3
1434680 1851.4
1434690 1852.7
1434700 1855.7
1434710 1855.7
1434720 1854.8
1434730 1852.8
1434740 1852.8
1434750 1849.8
1434760 1846.3
1434770 1846.3
1434780 1843.8
1434790 1839.7
1434800 1839.7
1434810 1841.0
1434820 1841.2
1434830 1841.2
1434840 1844.1
1434850 1846.1
1434860 1846.1
1434870 1848.3
1434880 1851.1
1434890 1851.1
1434900 1853.7
1434910 1857.0
1434920 1857.0
1434930 1860.1
1434940 1861.3
1434950 1862.4
1434960 1862.4
1434970 1865.4
1434980 1869.1
1434990 1869.1
1435000 1873.3
1435010 1877.8
1435020 1877.8
1435030 1880.4
1435040 1884.7
1435050 1884.7
1435060 1890.0
1435070 1895.3
1435080 1895.3
1435090 1900.8
1435100 1906.9
1435110 1906.9
1435120 1913.0
1435130 1918.6
1435140 1918.6
1435150 1927.7
1435160 1943.1
1435170 1943.1
1435180 1957.7
1435190 1970.6
1435200 1977.3
1435210 1977.3
1435220 1982.6
1435230 1980.9
1435240 1980.9
1435250 1981.6
1435260 1981.5
1435270 1981.5
1435280 1979.1
1435290 1976.0
1435300 1976.0
1435310 1974.4
1435320 1973.4
1435330 1973.4
1435340 1971.2
1435350 1971.5
1435360 1971.5
1435370 1973.7
1435380 1975.0
1435390 1975.0
1435400 1976.5
1435410 1983.3
1435420 1989.7
1435430 1989.7
1435440 1989.9
1435450 1985.7
1435460 1985.7
1435470 1980.4
1435480 1976.7
1435490 1976.7
1435500 1972.7
1435510 1971.1
1435520 1971.1
1435530 1970.6
1435540 1970.9
1435550 1970.9
1435560 1972.5
1435570 1973.2
1435580 1973.2
1435590 1973.0
1435600 1970.5
1435610 1970.5
1435620 1968.6
1435630 1968.1
1435640 1968.1
1435650 1969.7
1435660 1972.6
1435670 1974.4
1435680 1974.4
1435690 1977.5
1435700 1980.4
1435710 1980.4
1435720 1982.4
1435730 1985.4
1435740 1985.4
1435750 1989.3
1435760 1992.9
1435770 1992.9
1435780 1996.5
1435790 1996.2
1435800 1996.2
1435810 1994.1
1435820 1993.4
1435830 1993.4
1435840 1995.0
1435850 1999.5
1435860 1999.5
1435870 2005.4
1435880 2012.6
1435890 2012.6
1435900 2020.6
1435910 2028.0
1435920 2035.4
1435930 2035.4
1435940 2042.6
1435950 2050.7
1435960 2050.7
1435970 2059.7
1435980 2060.1
1435990 2060.1
1436000 2054.8
1436010 2049.5
1436020 2049.5
1436030 2042.2
1436040 2032.7
1436050 2032.7
1436060 2024.2
1436070 2016.8
1436080 2016.8
1436090 2009.9
1436100 2003.7
1436110 2003.7
1436120 1998.3
1436130 1994.0
1436140 1994.0
1436150 1990.0
1436160 1987.3
1436170 1984.5
1436180 1984.5
1436190 1981.0
1436200 1980.6
1436210 1980.6
1436220 1977.1
1436230 1974.7
1436240 1974.7
1436250 1973.7
1436260 1971.7
1436270 1971.7
1436280 1968.7
1436290 1963.9
1436300 1963.9
1436310 1959.3
1436320 1957.4
1436330 1957.4
1436340 1955.3
1436350 1952.0
1436360 1952.0
1436370 1949.8
1436380 1945.7
1436390 1945.7
1436400 1936.2
1436410 1927.9
1436420 1921.4
1436430 1921.4
1436440 1915.9
1436450 1911.7
1436460 1911.7
1436470 1907.1
1436480 1903.4
1436490 1903.4
1436500 1900.3
1436510 1895.6
1436520 1895.6
1436530 1889.9
1436540 1885.0
1436550 1885.0
1436560 1880.2
1436570 1876.0
1436580 1876.0
1436590 1871.9
1436600 1867.3
1436610 1867.3
1436620 1862.7
1436630 1858.8
1436640 1858.8
1436650 1854.6
1436660 1849.3
1436670 1843.4
1436680 1843.4
1436690 1837.2
1436700 1832.7
1436710 1832.7
1436720 1828.6
1436730 1823.4
1436740 1823.4
1436750 1819.4
1436760 1815.5
1436770 1815.5
1436780 1809.8
1436790 1804.1
1436800 1804.1
1436810 1799.4
1436820 1796.1
1436830 1796.1
1436840 1793.4
1436850 1790.3
1436860 1790.3
1436870 1787.5
1436880 1785.7
1436890 1785.7
1436900 1784.0
1436910 1782.1
1436920 1780.5
1436930 1780.5
1436940 1778.5
1436950 1776.1
1436960 1776.1
1436970 1774.1
1436980 1772.5
1436990 1772.5
1437000 1770.4
1437010 1767.7
1437020 1767.7
1437030 1764.0
1437040 1760.2
1437050 1760.2
1437060 1755.3
1437070 1750.4
1437080 1750.4
1437090 1746.0
1437100 1739.2
1437110 1739.2
1437120 1731.6
1437130 1724.7
1437140 1716.7
1437150 1716.7
1437160 1707.8
1437170 1700.7
1437180 1700.7
1437190 1694.7
1437200 1688.2
1437210 1688.2
1437220 1680.1
1437230 1673.6
1437240 1673.6
1437250 1668.8
1437260 1661.9
1437270 1661.9
1437280 1654.0
1437290 1644.9
1437300 1644.9
1437310 1636.5
1437320 1628.7
1437330 1628.7
1437340 1621.6
1437350 1614.3
1437360 1614.3
1437370 1605.8
1437380 1596.7
1437390 1589.2
1437400 1589.2
1437410 1583.9
1437420 1580.5
1437430 1580.5
1437440 1577.3
1437450 1573.8
1437460 1573.8
1437470 1570.2
1437480 1565.9
1437490 1565.9
1437500 1562.3
1437510 1560.6
1437520 1560.6
1437530 1556.5
1437540 1555.7
1437550 1555.7
1437560 1560.3
1437570 1561.9
1437580 1561.9
1437590 1563.9
1437600 1563.7
1437610 1563.7
1437620 1561.6
1437630 1557.3
1437640 1552.8
1437650 1552.8
1437660 1546.3
1437670 1539.1
1437680 1539.1
1437690 1535.9
1437700 1544.2
1437710 1544.2
1437720 1558.7
1437730 1568.8
1437740 1568.8
1437750 1571.0
1437760 1573.6
1437770 1573.6
1437780 1578.4
1437790 1582.1
1437800 1582.1
1437810 1585.1
1437820 1587.2
1437830 1587.2
1437840 1587.6
1437850 1588.5
1437860 1588.5
1437870 1588.6
1437880 1589.1
1437890 1589.9
1437900 1589.9
1437910 1590.9
1437920 1592.1
1437930 1592.1
1437940 1593.1
1437950 1593.5
1437960 1593.5
1437970 1592.8
1437980 1592.5
1437990 1592.5
1438000 1593.0
1438010 1595.0
1438020 1595.0
1438030 1597.9
1438040 1601.5
1438050 1601.5
1438060 1605.4
1438070 1610.3
1438080 1610.3
1438090 1616.5
1438100 1623.8
1438110 1623.8
1438120 1632.2
1438130 1641.9
1438140 1651.3
1438150 1651.3
1438160 1657.7
1438170 1657.6
1438180 1657.6
1438190 1656.7
1438200 1657.9
1438210 1657.9
1438220 1657.4
1438230 1654.7
1438240 1654.7
1438250 1653.3
1438260 1651.6
1438270 1651.6
1438280 1650.3
1438290 1646.4
1438300 1646.4
1438310 1645.3
1438320 1646.5
1438330 1646.5
1438340 1647.4
1438350 1647.7
1438360 1647.7
1438370 1648.3
1438380 1649.0
1438390 1651.8
1438400 1651.8
1438410 1657.7
1438420 1663.6
1438430 1663.6
1438440 1671.3
1438450 1679.8
1438460 1679.8
1438470 1689.2
1438480 1695.8
1438490 1695.8
1438500 1706.8
1438510 1716.5
1438520 1716.5
1438530 1721.7
1438540 1727.4
1438550 1727.4
1438560 1731.9
1438570 1736.4
1438580 1736.4
1438590 1740.3
1438600 1744.0
1438610 1744.0
1438620 1747.7
1438630 1751.6
1438640 1756.0
1438650 1756.0
1438660 1760.0
1438670 1764.1
1438680 1764.1
1438690 1768.4
1438700 1772.7
1438710 1772.7
1438720 1777.1
1438730 1781.5
1438740 1781.5
1438750 1786.8
1438760 1792.4
1438770 1792.4
1438780 1797.4
1438790 1802.4
1438800 1802.4
1438810 1806.4
1438820 1810.1
1438830 1810.1
1438840 1813.5
1438850 1817.4
1438860 1821.5
1438870 1821.5
1438880 1825.0
1438890 1828.2
1438900 1828.4
1438910 1831.7
1438920 1834.3
1438930 1834.3
1438940 1836.4
1438950 1838.2
1438960 1838.2
1438970 1840.1
1438980 1841.5
1438990 1841.5
1439000 1842.7
1439010 1843.1
1439020 1843.1
1439030 1845.0
1439040 1849.1
1439050 1849.1
1439060 1853.5
1439070 1856.9
1439080 1856.9
1439090 1860.1
1439100 1863.2
1439110 1866.5
1439120 1866.5
1439130 1869.8
1439140 1873.0
1439150 1873.0
1439160 1876.4
1439170 1879.7
1439180 1879.7
1439190 1883.0
1439200 1886.4
1439210 1886.4
1439220 1890.1
1439230 1894.1
1439240 1894.1
1439250 1898.4
1439260 1904.0
1439270 1904.0
1439280 1910.3
1439290 1917.5
1439300 1917.5
1439310 1924.1
1439320 1930.1
1439330 1930.1
1439340 1935.6
1439350 1940.6
1439360 1946.2
1439370 1946.2
1439380 1952.4
1439390 1958.2
1439400 1958.2
1439410 1963.1
1439420 1969.0
1439430 1969.0
1439440 1979.8
1439450 1998.2
1439460 1998.2
1439470 2015.9
1439480 2027.3
1439490 2027.3
1439500 2038.0
1439510 2049.3
1439520 2049.3
1439530 2062.9
1439540 2083.3
1439550 2083.3
1439560 2101.5
1439570 2106.5
1439580 2106.5
1439590 2104.5
1439600 2102.6
1439610 2097.6
1439620 2097.6
1439630 2092.7
1439640 2088.3
1439650 2088.3
1439660 2085.7
1439670 2083.0
1439680 2083.0
1439690 2081.0
1439700 2077.1
1439710 2077.1
1439720 2071.2
1439730 2065.7
1439740 2065.7
1439750 2063.1
1439760 2057.3
1439770 2057.3
1439780 2051.8
1439790 2048.8
1439800 2048.8
1439810 2048.6
1439820 2048.5
1439830 2048.5
1439840 2050.1
1439850 2052.5
1439860 2054.9
1439870 2054.9
1439880 2057.7
1439890 2060.4
1439900 2060.4
1439910 2063.4
1439920 2065.2
1439930 2065.2
1439940 2069.3
1439950 2074.3
1439960 2074.3
1439970 2077.9
1439980 2081.8
1439990 2081.8
