1420000 1985.2
1420010 1991.7
1420020 1991.7
1420030 1998.5
1420040 2005.9
1420050 2005.9
1420060 2013.7
1420070 2021.0
1420080 2021.0
1420090 2028.0
1420100 2033.8
1420110 2033.8
1420120 2038.6
1420130 2040.8
1420140 2040.8
1420150 2043.6
1420160 2046.2
1420170 2046.2
1420180 2048.5
1420190 2048.0
1420200 2048.0
1420210 2048.5
1420220 2048.9
1420230 2049.4
1420240 2049.4
1420250 2050.5
1420260 2050.5
1420270 2050.5
1420280 2050.9
1420290 2052.7
1420300 2052.7
1420310 2052.9
1420320 2051.8
1420330 2051.8
1420340 2050.4
1420350 2054.4
1420360 2054.4
1420370 2056.4
1420380 2058.9
1420390 2058.9
1420400 2060.3
1420410 2061.3
1420420 2061.3
1420430 2063.0
1420440 2065.3
1420450 2065.3
1420460 2066.8
1420470 2068.8
1420480 2072.2
1420490 2072.2
1420500 2077.3
1420510 2078.9
1420520 2078.9
1420530 2077.3
1420540 2077.4
1420550 2077.4
1420560 2077.9
1420570 2079.0
1420580 2079.0
1420590 2080.4
1420600 2081.8
1420610 2081.8
1420620 2083.3
1420630 2084.8
1420640 2084.8
1420650 2085.4
1420660 2087.3
1420670 2087.3
1420680 2089.0
1420690 2091.3
1420700 2091.3
1420710 2094.6
1420720 2097.6
1420730 2100.5
1420740 2100.5
1420750 2103.5
1420760 2106.7
1420770 2106.7
1420780 2108.9
1420790 2112.9
1420800 2112.9
1420810 2119.3
1420820 2124.3
1420830 2124.3
1420840 2127.9
1420850 2133.4
1420860 2133.4
1420870 2141.6
1420880 2150.9
1420890 2150.9
1420900 2161.3
1420910 2171.6
1420920 2171.6
1420930 2181.7
1420940 2190.8
1420950 2190.8
1420960 2199.2
1420970 2214.0
1420980 2223.5
1420990 2223.5
1421000 2231.4
1421010 2240.0
1421020 2240.0
1421030 2249.1
1421040 2258.0
1421050 2258.0
1421060 2265.8
1421070 2273.3
1421080 2273.3
1421090 2280.4
1421100 2286.5
1421110 2286.5
1421120 2293.1
1421130 2302.6
1421140 2302.6
1421150 2313.2
1421160 2320.2
1421170 2320.2
1421180 2324.9
1421190 2329.4
1421200 2329.4
1421210 2334.0
1421220 2338.8
1421230 2344.9
1421240 2344.9
1421250 2350.3
1421260 2355.2
1421270 2355.2
1421280 2357.8
1421290 2358.5
1421300 2358.5
1421310 2359.1
1421320 2359.4
1421330 2359.4
1421340 2362.0
1421350 2367.5
1421360 2367.5
1421370 2373.9
1421380 2380.7
1421390 2380.7
1421400 2388.0
1421410 2393.2
1421420 2393.2
1421430 2393.7
1421440 2395.0
1421450 2395.0
1421460 2398.2
1421470 2401.8
1421480 2405.4
1421490 2405.4
1421500 2409.3
1421510 2407.8
1421520 2407.8
1421530 2400.7
1421540 2393.2
1421550 2393.2
1421560 2385.8
1421570 2379.9
1421580 2379.9
1421590 2376.6
1421600 2374.1
1421610 2374.1
1421620 2369.9
1421630 2364.4
1421640 2364.4
1421650 2360.1
1421660 2356.8
1421670 2356.8
1421680 2354.1
1421690 2351.8
1421700 2351.8
1421710 2349.8
1421720 2349.3
1421730 2348.1
1421740 2348.1
1421750 2346.2
1421760 2344.1
1421770 2344.1
1421780 2342.0
1421790 2340.0
1421800 2340.0
1421810 2337.1
1421820 2332.1
1421830 2332.1
1421840 2326.5
1421850 2321.6
1421860 2321.6
1421870 2316.5
1421880 2310.2
1421890 2310.2
1421900 2306.4
1421910 2302.9
1421920 2302.9
1421930 2298.7
1421940 2294.8
1421950 2294.8
1421960 2291.1
1421970 2286.9
1421980 2282.8
1421990 2282.8
1422000 2278.1
1422010 2274.0
1422020 2274.0
1422030 2270.3
1422040 2266.1
1422050 2266.1
1422060 2261.3
1422070 2257.4
1422080 2257.4
1422090 2253.6
1422100 2249.0
1422110 2249.0
1422120 2244.6
1422130 2240.8
1422140 2240.8
1422150 2237.1
1422160 2232.9
1422170 2232.9
1422180 2228.4
1422190 2223.7
1422200 2223.7
1422210 2219.3
1422220 2215.0
1422230 2210.0
1422240 2210.0
1422250 2204.7
1422260 2198.9
1422270 2198.9
1422280 2193.7
1422290 2189.3
1422300 2189.3
1422310 2183.9
1422320 2178.2
1422330 2178.2
1422340 2171.5
1422350 2165.9
1422360 2165.9
1422370 2161.5
1422380 2156.9
1422390 2156.9
1422400 2150.7
1422410 2144.4
1422420 2144.4
1422430 2139.3
1422440 2133.9
1422450 2133.9
1422460 2127.3
1422470 2120.9
1422480 2117.6
1422490 2117.6
1422500 2113.9
1422510 2108.7
1422520 2108.7
1422530 2105.3
1422540 2101.5
1422550 2101.5
1422560 2099.0
1422570 2096.4
1422580 2096.4
1422590 2093.1
1422600 2089.1
1422610 2089.1
1422620 2089.1
1422630 2087.5
1422640 2087.5
1422650 2084.8
1422660 2082.1
1422670 2082.1
1422680 2078.7
1422690 2074.9
1422700 2074.9
1422710 2071.1
1422720 2067.5
1422730 2063.6
1422740 2063.6
1422750 2059.5
1422760 2055.2
1422770 2055.2
1422780 2051.8
1422790 2048.0
1422800 2048.0
1422810 2044.2
1422820 2042.2
1422830 2042.2
1422840 2039.9
1422850 2038.9
1422860 2038.9
1422870 2039.1
1422880 2039.8
1422890 2039.8
1422900 2039.2
1422910 2039.3
1422920 2039.3
1422930 2039.7
1422940 2040.4
1422950 2040.4
1422960 2041.2
1422970 2041.7
1422980 2042.0
1422990 2042.0
1423000 2039.1
1423010 2040.4
1423020 2040.4
1423030 2043.4
1423040 2046.3
1423050 2046.3
1423060 2049.0
1423070 2051.5
1423080 2051.5
1423090 2054.3
1423100 2057.3
1423110 2057.3
1423120 2060.7
1423130 2063.7
1423140 2063.7
1423150 2067.2
1423160 2071.2
1423170 2071.2
1423180 2075.2
1423190 2078.4
1423200 2078.4
1423210 2081.5
1423220 2084.9
1423230 2088.6
1423240 2088.6
1423250 2092.3
1423260 2096.0
1423270 2096.0
1423280 2099.9
1423290 2103.7
1423300 2103.7
1423310 2107.7
1423320 2111.9
1423330 2111.9
1423340 2115.7
1423350 2119.0
1423360 2119.0
1423370 2121.7
1423380 2123.8
1423390 2123.8
1423400 2125.4
1423410 2126.7
1423420 2126.7
1423430 2127.4
1423440 2128.9
1423450 2128.9
1423460 2130.0
1423470 2131.1
1423480 2131.9
1423490 2131.9
1423500 2132.4
1423510 2132.7
1423520 2132.7
1423530 2132.8
1423540 2130.6
1423550 2130.6
1423560 2121.7
1423570 2116.9
1423580 2116.9
1423590 2114.0
1423600 2108.2
1423610 2108.2
1423620 2102.2
1423630 2094.2
1423640 2094.2
1423650 2081.4
1423660 2074.5
1423670 2074.5
1423680 2068.5
1423690 2063.8
1423700 2063.8
1423710 2058.8
1423720 2055.1
1423730 2051.8
1423740 2051.8
1423750 2048.3
1423760 2044.6
1423770 2044.6
1423780 2042.2
1423790 2041.2
1423800 2041.2
1423810 2040.7
1423820 2040.4
1423830 2040.4
1423840 2040.4
1423850 2041.6
1423860 2041.6
1423870 2044.4
1423880 2047.8
1423890 2047.8
1423900 2050.5
1423910 2052.0
1423920 2052.0
1423930 2053.9
1423940 2056.2
1423950 2056.2
1423960 2059.4
1423970 2063.4
1423980 2066.1
1423990 2066.1
1424000 2069.6
1424010 2074.0
1424020 2074.0
1424030 2075.4
1424040 2077.0
1424050 2077.0
1424060 2080.7
1424070 2081.7
1424080 2081.7
1424090 2082.2
1424100 2081.3
1424110 2081.3
1424120 2077.1
1424130 2077.9
1424140 2077.9
1424150 2075.7
1424160 2072.8
1424170 2072.8
1424180 2070.0
1424190 2067.0
1424200 2064.5
1424210 2064.5
1424220 2062.2
1424230 2059.5
1424240 2059.5
1424250 2056.2
1424260 2053.2
1424270 2053.2
1424280 2050.9
1424290 2048.0
1424300 2048.0
1424310 2044.9
1424320 2041.8
1424330 2041.8
1424340 2038.1
1424350 2034.1
1424360 2034.1
1424370 2029.8
1424380 2024.5
1424390 2024.5
1424400 2017.5
1424410 2010.4
1424420 2010.4
1424430 2004.2
1424440 1996.9
1424450 1988.8
1424460 1988.8
1424470 1982.2
1424480 1975.5
1424490 1975.5
1424500 1968.7
1424510 1961.7
1424520 1961.7
1424530 1954.5
1424540 1947.4
1424550 1947.4
1424560 1939.9
1424570 1932.6
1424580 1932.6
1424590 1925.6
1424600 1919.3
1424610 1919.3
1424620 1914.0
1424630 1906.4
1424640 1906.4
1424650 1898.5
1424660 1891.3
1424670 1891.3
1424680 1884.3
1424690 1878.1
1424700 1872.0
1424710 1872.0
1424720 1866.9
1424730 1860.6
1424740 1860.6
1424750 1853.3
1424760 1847.5
1424770 1847.5
1424780 1841.6
1424790 1835.4
1424800 1835.4
1424810 1828.3
1424820 1822.4
1424830 1822.4
1424840 1818.0
1424850 1813.6
1424860 1813.6
1424870 1809.4
1424880 1805.4
1424890 1805.4
1424900 1802.6
1424910 1798.2
1424920 1798.2
1424930 1793.5
1424940 1789.2
1424950 1786.4
1424960 1786.4
1424970 1784.4
1424980 1782.2
1424990 1782.2
1425000 1779.9
1425010 1778.2
1425020 1778.2
1425030 1775.7
1425040 1773.7
1425050 1773.7
1425060 1772.0
1425070 1770.8
1425080 1770.8
1425090 1769.6
1425100 1768.8
1425110 1775.4
1425120 1774.9
1425130 1773.7
1425140 1773.7
1425150 1771.4
1425160 1766.1
1425170 1766.1
1425180 1764.6
1425190 1762.5
1425200 1759.4
1425210 1759.4
1425220 1755.3
1425230 1751.1
1425240 1751.1
1425250 1745.9
1425260 1739.8
1425270 1739.8
1425280 1733.0
1425290 1726.2
1425300 1726.2
1425310 1720.0
1425320 1713.7
1425330 1713.7
1425340 1707.9
1425350 1702.4
1425360 1702.4
1425370 1696.5
1425380 1690.6
1425390 1690.6
1425400 1683.6
1425410 1677.7
1425420 1677.7
1425430 1671.9
1425440 1666.0
1425450 1659.9
1425460 1659.9
1425470 1654.2
1425480 1645.5
1425490 1645.5
1425500 1630.1
1425510 1620.0
1425520 1620.0
1425530 1614.5
1425540 1609.4
1425550 1609.4
1425560 1605.3
1425570 1602.1
1425580 1602.1
1425590 1597.0
1425600 1593.6
1425610 1593.6
1425620 1592.4
1425630 1593.0
1425640 1593.0
1425650 1592.6
1425660 1591.2
1425670 1591.2
1425680 1587.6
1425690 1583.2
1425700 1578.3
1425710 1578.3
1425720 1573.8
1425730 1570.3
1425740 1570.3
1425750 1567.7
1425760 1565.7
1425770 1565.7
1425780 1563.0
1425790 1561.5
1425800 1561.5
1425810 1559.6
1425820 1558.6
1425830 1558.6
1425840 1557.4
1425850 1555.6
1425860 1555.6
1425870 1552.1
1425880 1548.5
1425890 1548.5
1425900 1546.1
1425910 1544.3
1425920 1544.3
1425930 1542.0
1425940 1538.4
1425950 1532.7
1425960 1532.7
1425970 1525.4
1425980 1516.9
1425990 1516.9
1426000 1509.7
1426010 1502.5
1426020 1502.5
1426030 1495.5
1426040 1487.8
1426050 1487.8
1426060 1480.7
1426070 1472.6
1426080 1472.6
1426090 1467.1
1426100 1461.5
1426110 1461.5
1426120 1457.3
1426130 1451.0
1426140 1451.0
1426150 1445.4
1426160 1441.7
1426170 1441.7
1426180 1435.5
1426190 1427.5
1426200 1419.1
1426210 1419.1
1426220 1410.6
1426230 1400.9
1426240 1400.9
1426250 1392.8
1426260 1384.6
1426270 1384.6
1426280 1377.4
1426290 1370.2
1426300 1370.2
1426310 1363.5
1426320 1356.0
1426330 1356.0
1426340 1347.9
1426350 1339.6
1426360 1339.6
1426370 1331.0
1426380 1322.7
1426390 1322.7
1426400 1313.6
1426410 1304.3
1426420 1304.3
1426430 1296.1
1426440 1286.7
1426450 1278.3
1426460 1278.3
1426470 1269.7
1426480 1261.5
1426490 1261.5
1426500 1254.1
1426510 1246.1
1426520 1246.1
1426530 1238.1
1426540 1230.7
1426550 1230.7
1426560 1223.6
1426570 1215.3
1426580 1215.3
1426590 1206.9
1426600 1198.6
1426610 1198.6
1426620 1189.7
1426630 1180.9
1426640 1180.9
1426650 1172.4
1426660 1164.0
1426670 1164.0
1426680 1155.6
1426690 1147.7
1426700 1138.9
1426710 1138.9
1426720 1129.1
1426730 1117.8
1426740 1117.8
1426750 1106.9
1426760 1094.4
1426770 1094.4
1426780 1086.2
1426790 1078.7
1426800 1078.7
1426810 1069.9
1426820 1060.3
1426830 1060.3
1426840 1052.0
1426850 1043.6
1426860 1043.6
1426870 1033.0
1426880 1020.5
1426890 1020.5
1426900 1007.5
1426910 995.2
1426920 995.2
1426930 982.8
1426940 972.2
1426950 962.9
1426960 962.9
1426970 954.0
1426980 946.4
1426990 946.4
1427000 939.3
1427010 931.9
1427020 931.9
1427030 925.2
1427040 919.1
1427050 919.1
1427060 913.0
1427070 907.3
1427080 907.3
1427090 901.3
1427100 893.5
1427110 893.5
1427120 886.4
1427130 880.7
1427140 880.7
1427150 872.9
1427160 865.0
1427170 865.0
1427180 859.1
1427190 854.4
1427200 850.6
1427210 850.6
1427220 846.7
1427230 842.9
1427240 842.9
1427250 839.7
1427260 836.4
1427270 836.4
1427280 833.7
1427290 830.5
1427300 830.5
1427310 827.5
1427320 824.6
1427330 824.6
1427340 821.5
1427350 819.0
1427360 819.0
1427370 816.8
1427380 814.8
1427390 814.8
1427400 813.0
1427410 811.5
1427420 811.5
1427430 810.1
1427440 809.0
1427450 808.4
1427460 808.4
1427470 808.1
1427480 807.6
1427490 807.6
1427500 807.0
1427510 806.7
1427520 806.7
1427530 806.8
1427540 807.1
1427550 807.1
1427560 807.0
1427570 806.8
1427580 806.8
1427590 807.0
1427600 807.1
1427610 807.1
1427620 807.2
1427630 807.5
1427640 807.5
1427650 807.8
1427660 808.3
1427670 808.3
1427680 808.5
1427690 808.7
1427700 808.7
1427710 808.7
1427720 808.8
1427730 808.9
1427740 808.9
1427750 809.1
1427760 809.2
1427770 809.2
1427780 809.1
1427790 807.4
1427800 807.4
1427810 808.7
1427820 810.1
1427830 810.1
1427840 810.3
1427850 810.5
1427860 810.5
1427870 810.8
1427880 811.2
1427890 811.2
1427900 812.2
1427910 813.5
1427920 813.5
1427930 815.0
1427940 816.3
1427950 818.8
1427960 818.8
1427970 820.9
1427980 822.6
1427990 822.6
1428000 824.4
1428010 825.9
1428020 825.9
1428030 827.7
1428040 830.0
1428050 830.0
1428060 832.8
1428070 835.5
1428080 835.5
1428090 837.8
1428100 840.3
1428110 840.3
1428120 843.0
1428130 844.9
1428140 844.9
1428150 847.8
1428160 850.9
1428170 850.9
1428180 853.6
1428190 855.2
1428200 856.1
1428210 856.1
1428220 859.6
1428230 863.4
1428240 863.4
1428250 866.8
1428260 870.9
1428270 870.9
1428280 875.8
1428290 879.6
1428300 879.6
1428310 883.2
1428320 889.9
1428330 889.9
1428340 898.7
1428350 907.0
1428360 907.0
1428370 916.0
1428380 922.9
1428390 922.9
1428400 928.1
1428410 933.3
1428420 933.3
1428430 940.3
1428440 949.2
1428450 957.7
1428460 957.7
1428470 965.5
1428480 972.3
1428490 972.3
1428500 978.5
1428510 983.4
1428520 983.4
1428530 990.1
1428540 998.1
1428550 998.1
1428560 1005.5
1428570 1013.5
1428580 1013.5
1428590 1021.1
1428600 1028.2
1428610 1028.2
1428620 1029.4
1428630 1027.3
1428640 1027.3
1428650 1030.1
1428660 1040.9
1428670 1040.9
1428680 1046.9
1428690 1049.8
1428700 1059.7
1428710 1059.7
1428720 1071.9
1428730 1083.7
1428740 1083.7
1428750 1095.1
1428760 1107.7
1428770 1107.7
1428780 1122.8
1428790 1136.2
1428800 1136.2
1428810 1145.2
1428820 1154.6
1428830 1154.6
1428840 1163.7
1428850 1172.6
1428860 1172.6
1428870 1181.4
1428880 1190.4
1428890 1190.4
1428900 1198.6
1428910 1205.5
1428920 1205.5
1428930 1212.1
1428940 1219.8
1428950 1227.9
1428960 1227.9
1428970 1237.2
1428980 1246.7
1428990 1246.7
1429000 1256.3
1429010 1267.6
1429020 1267.6
1429030 1278.6
1429040 1287.9
1429050 1287.9
1429060 1297.4
1429070 1306.8
1429080 1306.8
1429090 1321.1
1429100 1328.0
1429110 1328.0
1429120 1335.6
1429130 1346.6
1429140 1346.6
1429150 1360.4
1429160 1369.5
1429170 1369.5
1429180 1375.1
1429190 1379.3
1429200 1383.8
1429210 1383.8
1429220 1388.8
1429230 1393.5
1429240 1393.5
1429250 1398.2
1429260 1401.6
1429270 1401.6
1429280 1404.3
1429290 1407.1
1429300 1407.1
1429310 1409.8
1429320 1413.9
1429330 1413.9
1429340 1417.6
1429350 1419.4
1429360 1419.4
1429370 1420.5
1429380 1422.9
1429390 1422.9
1429400 1427.1
1429410 1429.0
1429420 1429.0
1429430 1429.9
1429440 1430.4
1429450 1429.9
1429460 1429.9
1429470 1428.0
1429480 1425.9
1429490 1425.9
1429500 1423.7
1429510 1422.6
1429520 1422.6
1429530 1421.1
1429540 1419.4
1429550 1427.0
1429560 1425.1
1429570 1423.0
1429580 1423.0
1429590 1421.5
1429600 1419.4
1429610 1419.4
1429620 1417.0
1429630 1414.2
1429640 1414.2
1429650 1410.6
1429660 1407.1
1429670 1407.1
1429680 1405.1
1429690 1401.5
1429700 1397.5
1429710 1397.5
1429720 1395.1
1429730 1394.6
1429740 1394.6
1429750 1394.8
1429760 1395.4
1429770 1395.4
1429780 1397.0
1429790 1399.0
1429800 1399.0
1429810 1401.2
1429820 1401.9
1429830 1401.9
1429840 1403.9
1429850 1404.8
1429860 1404.8
1429870 1408.5
1429880 1411.4
1429890 1411.4
1429900 1413.4
1429910 1416.2
1429920 1416.2
1429930 1419.1
1429940 1421.7
1429950 1424.0
1429960 1424.0
1429970 1425.2
1429980 1427.7
1429990 1427.7
1430000 1430.6
1430010 1434.8
1430020 1434.8
1430030 1440.3
1430040 1444.7
1430050 1444.7
1430060 1446.5
1430070 1447.0
1430080 1447.0
1430090 1446.2
1430100 1445.1
1430110 1445.1
1430120 1444.7
1430130 1445.1
1430140 1445.1
1430150 1444.7
1430160 1444.9
1430170 1444.9
1430180 1445.8
1430190 1446.8
1430200 1444.9
1430210 1444.9
1430220 1435.3
1430230 1428.0
1430240 1428.0
1430250 1425.2
1430260 1425.5
1430270 1425.5
1430280 1425.5
1430290 1423.9
1430300 1423.9
1430310 1422.2
1430320 1419.5
1430330 1419.5
1430340 1418.0
1430350 1417.3
1430360 1417.3
1430370 1416.9
1430380 1417.0
1430390 1417.0
1430400 1417.2
1430410 1417.9
1430420 1417.9
1430430 1417.9
1430440 1417.4
1430450 1416.1
1430460 1416.1
1430470 1413.4
1430480 1409.9
1430490 1409.9
1430500 1405.5
1430510 1400.2
1430520 1400.2
1430530 1396.8
1430540 1394.8
1430550 1394.8
1430560 1389.3
1430570 1385.2
1430580 1385.2
1430590 1388.3
1430600 1391.3
1430610 1391.3
1430620 1395.7
1430630 1394.4
1430640 1394.4
1430650 1391.4
1430660 1388.2
1430670 1388.2
1430680 1382.2
1430690 1376.2
1430700 1370.8
1430710 1370.8
1430720 1367.0
1430730 1362.0
1430740 1362.0
1430750 1361.2
1430760 1363.6
1430770 1363.6
1430780 1365.4
1430790 1365.8
1430800 1365.8
1430810 1365.3
1430820 1363.8
1430830 1363.8
1430840 1362.8
1430850 1361.0
1430860 1361.0
1430870 1361.1
1430880 1364.1
1430890 1364.1
1430900 1366.8
1430910 1366.9
1430920 1366.9
1430930 1367.2
1430940 1369.4
1430950 1369.0
1430960 1369.0
1430970 1368.2
1430980 1365.2
1430990 1365.2
1431000 1365.5
1431010 1367.3
1431020 1367.3
1431030 1369.2
1431040 1371.2
1431050 1371.2
1431060 1372.7
1431070 1373.5
1431080 1373.5
1431090 1373.5
1431100 1372.9
1431110 1372.9
1431120 1371.2
1431130 1366.5
1431140 1366.5
1431150 1361.1
1431160 1360.0
1431170 1360.0
1431180 1358.7
1431190 1353.8
1431200 1349.8
1431210 1349.8
1431220 1346.6
1431230 1343.4
1431240 1343.4
1431250 1343.8
1431260 1341.5
1431270 1341.5
1431280 1343.3
1431290 1346.9
1431300 1346.9
1431310 1344.4
1431320 1339.2
1431330 1339.2
1431340 1342.2
1431350 1343.9
1431360 1343.9
1431370 1345.2
1431380 1347.0
1431390 1347.0
1431400 1349.0
1431410 1354.2
1431420 1354.2
1431430 1357.4
1431440 1359.5
1431450 1360.4
1431460 1360.4
1431470 1360.9
1431480 1361.2
1431490 1361.2
1431500 1361.7
1431510 1361.3
1431520 1361.3
1431530 1360.1
1431540 1358.4
1431550 1358.4
1431560 1356.4
1431570 1354.0
1431580 1354.0
1431590 1351.9
1431600 1347.2
1431610 1347.2
1431620 1340.0
1431630 1334.9
1431640 1334.9
1431650 1332.9
1431660 1331.0
1431670 1331.0
1431680 1329.9
1431690 1328.4
1431700 1329.9
1431710 1329.9
1431720 1329.4
1431730 1330.1
1431740 1330.1
1431750 1328.9
1431760 1326.6
1431770 1326.6
1431780 1320.1
1431790 1321.7
1431800 1321.7
1431810 1321.9
1431820 1321.4
1431830 1321.4
1431840 1319.1
1431850 1324.3
1431860 1324.3
1431870 1325.1
1431880 1321.6
1431890 1321.6
1431900 1319.7
1431910 1329.4
1431920 1329.4
1431930 1327.5
1431940 1324.8
1431950 1321.2
1431960 1321.2
1431970 1318.3
1431980 1315.3
1431990 1315.3
1432000 1315.4
1432010 1318.2
1432020 1318.2
1432030 1320.3
1432040 1321.0
1432050 1321.0
1432060 1322.9
1432070 1325.0
1432080 1325.0
1432090 1329.9
1432100 1333.4
1432110 1333.4
1432120 1337.3
1432130 1341.8
1432140 1341.8
1432150 1347.2
1432160 1351.6
1432170 1351.6
1432180 1352.4
1432190 1350.5
1432200 1350.4
1432210 1350.4
1432220 1349.9
1432230 1349.8
1432240 1349.8
1432250 1350.5
1432260 1352.2
1432270 1352.2
1432280 1354.6
1432290 1357.0
1432300 1357.0
1432310 1358.6
1432320 1360.2
1432330 1360.2
1432340 1360.9
1432350 1361.4
1432360 1361.4
1432370 1362.0
1432380 1363.4
1432390 1363.4
1432400 1364.6
1432410 1365.7
1432420 1365.7
1432430 1366.8
1432440 1368.5
1432450 1369.5
1432460 1369.5
1432470 1370.6
1432480 1370.9
1432490 1370.9
1432500 1371.4
1432510 1372.4
1432520 1372.4
1432530 1373.9
1432540 1374.2
1432550 1374.2
1432560 1376.0
1432570 1379.6
1432580 1379.6
1432590 1383.1
1432600 1386.0
1432610 1386.0
1432620 1388.2
1432630 1389.3
1432640 1389.3
1432650 1390.4
1432660 1393.2
1432670 1393.2
1432680 1396.8
1432690 1399.9
1432700 1402.5
1432710 1402.5
1432720 1404.1
1432730 1405.9
1432740 1405.9
1432750 1407.8
1432760 1409.1
1432770 1409.1
1432780 1410.5
1432790 1411.5
1432800 1411.5
1432810 1412.5
1432820 1413.4
1432830 1413.4
1432840 1414.6
1432850 1414.9
1432860 1414.9
1432870 1415.3
1432880 1415.4
1432890 1415.4
1432900 1415.4
1432910 1415.3
1432920 1415.3
1432930 1415.1
1432940 1415.0
1432950 1414.0
1432960 1414.0
1432970 1412.6
1432980 1410.8
1432990 1410.8
1433000 1409.1
1433010 1407.4
1433020 1407.4
1433030 1407.3
1433040 1406.7
1433050 1406.7
1433060 1406.1
1433070 1406.4
1433080 1406.4
1433090 1405.8
1433100 1404.4
1433110 1404.4
1433120 1402.9
1433130 1401.8
1433140 1401.8
1433150 1401.1
1433160 1401.7
1433170 1401.7
1433180 1403.2
1433190 1405.0
1433200 1406.7
1433210 1406.7
1433220 1408.0
1433230 1409.4
1433240 1409.4
1433250 1410.5
1433260 1411.4
1433270 1411.4
1433280 1411.7
1433290 1414.5
1433300 1414.5
1433310 1416.0
1433320 1415.8
1433330 1415.8
1433340 1414.8
1433350 1416.0
1433360 1416.0
1433370 1416.0
1433380 1415.8
1433390 1415.8
1433400 1414.8
1433410 1413.8
1433420 1413.8
1433430 1413.9
1433440 1414.2
1433450 1414.3
1433460 1414.3
1433470 1414.5
1433480 1415.1
1433490 1415.1
1433500 1416.8
1433510 1418.6
1433520 1418.6
1433530 1421.2
1433540 1424.5
1433550 1424.5
1433560 1430.3
1433570 1434.5
1433580 1434.5
1433590 1437.0
1433600 1438.8
1433610 1438.8
1433620 1441.1
1433630 1444.2
1433640 1444.2
1433650 1446.6
1433660 1448.3
1433670 1448.3
1433680 1448.9
1433690 1449.4
1433700 1449.8
1433710 1449.8
1433720 1451.0
1433730 1454.1
1433740 1454.1
1433750 1457.0
1433760 1459.2
1433770 1459.2
1433780 1461.0
1433790 1461.2
1433800 1461.2
1433810 1463.3
1433820 1466.0
1433830 1466.0
1433840 1468.4
1433850 1470.5
1433860 1470.5
1433870 1472.2
1433880 1474.0
1433890 1474.0
1433900 1477.1
1433910 1480.5
1433920 1480.5
1433930 1482.4
1433940 1483.0
1433950 1482.3
1433960 1482.3
1433970 1485.3
1433980 1490.1
1433990 1490.1
1434000 1493.2
1434010 1494.9
1434020 1494.9
1434030 1494.7
1434040 1495.3
1434050 1495.3
1434060 1495.5
1434070 1495.0
1434080 1495.0
1434090 1496.4
1434100 1490.3
1434110 1490.3
1434120 1476.8
1434130 1479.8
1434140 1479.8
1434150 1486.9
1434160 1493.1
1434170 1493.1
1434180 1506.6
1434190 1521.0
1434200 1533.4
1434210 1533.4
1434220 1540.5
1434230 1547.1
1434240 1547.1
1434250 1557.2
1434260 1565.1
1434270 1565.1
1434280 1570.0
1434290 1574.5
1434300 1574.5
1434310 1577.4
1434320 1577.0
1434330 1577.0
1434340 1570.2
1434350 1567.8
1434360 1567.8
1434370 1575.0
1434380 1585.2
1434390 1585.2
1434400 1592.3
1434410 1599.1
1434420 1599.1
1434430 1605.8
1434440 1612.5
1434450 1619.6
1434460 1619.6
1434470 1626.9
1434480 1633.9
1434490 1633.9
1434500 1641.4
1434510 1648.0
1434520 1648.0
1434530 1654.8
1434540 1662.4
1434550 1662.4
1434560 1669.8
1434570 1676.7
1434580 1676.7
1434590 1685.0
1434600 1692.9
1434610 1692.9
1434620 1699.2
1434630 1707.1
1434640 1707.1
1434650 1714.5
1434660 1721.9
1434670 1721.9
1434680 1728.9
1434690 1736.2
1434700 1743.9
1434710 1743.9
1434720 1751.1
1434730 1758.0
1434740 1758.0
1434750 1764.9
1434760 1771.9
1434770 1771.9
1434780 1778.6
1434790 1785.8
1434800 1785.8
1434810 1793.7
1434820 1801.7
1434830 1801.7
1434840 1808.8
1434850 1816.5
1434860 1816.5
1434870 1824.8
1434880 1833.2
1434890 1833.2
1434900 1841.0
1434910 1848.6
1434920 1848.6
1434930 1856.8
1434940 1864.6
1434950 1872.4
1434960 1872.4
1434970 1877.6
1434980 1880.7
1434990 1880.7
1435000 1883.6
1435010 1886.8
1435020 1886.8
1435030 1892.2
1435040 1899.2
1435050 1899.2
1435060 1897.8
1435070 1899.6
1435080 1899.6
1435090 1904.5
1435100 1906.9
1435110 1906.9
1435120 1905.9
1435130 1904.8
1435140 1904.8
1435150 1903.9
1435160 1903.6
1435170 1903.6
1435180 1904.8
1435190 1908.2
1435200 1910.3
1435210 1910.3
1435220 1914.8
1435230 1920.1
1435240 1920.1
1435250 1923.8
1435260 1927.6
1435270 1927.6
1435280 1931.2
1435290 1934.8
1435300 1934.8
1435310 1939.0
1435320 1943.5
1435330 1943.5
1435340 1948.3
1435350 1953.2
1435360 1953.2
1435370 1957.5
1435380 1962.0
1435390 1962.0
1435400 1967.2
1435410 1971.3
1435420 1973.9
1435430 1973.9
1435440 1977.3
1435450 1981.7
1435460 1981.7
1435470 1986.6
1435480 1990.8
1435490 1990.8
1435500 1995.7
1435510 2001.1
1435520 2001.1
1435530 2006.3
1435540 2011.6
1435550 2011.6
1435560 2016.0
1435570 2020.5
1435580 2020.5
1435590 2025.0
1435600 2030.6
1435610 2030.6
1435620 2035.7
1435630 2040.5
1435640 2040.5
1435650 2045.2
1435660 2049.3
1435670 2052.2
1435680 2052.2
1435690 2056.4
1435700 2062.2
1435710 2062.2
1435720 2068.8
1435730 2075.8
1435740 2075.8
1435750 2082.4
1435760 2088.8
1435770 2088.8
1435780 2091.1
1435790 2091.5
1435800 2091.5
1435810 2096.6
1435820 2100.3
1435830 2100.3
1435840 2103.1
1435850 2105.9
1435860 2105.9
1435870 2105.7
1435880 2100.3
1435890 2100.3
1435900 2089.7
1435910 2080.1
1435920 2063.5
1435930 2063.5
1435940 2050.8
1435950 2044.8
1435960 2044.8
1435970 2045.1
1435980 2037.7
1435990 2037.7
1436000 2031.9
1436010 2024.1
1436020 2024.1
1436030 2013.8
1436040 2003.5
1436050 2003.5
1436060 1991.5
1436070 1984.4
1436080 1984.4
1436090 1979.2
1436100 1975.2
1436110 1975.2
1436120 1970.8
1436130 1964.6
1436140 1964.6
1436150 1962.0
1436160 1956.4
1436170 1950.7
1436180 1950.7
1436190 1942.7
1436200 1933.9
1436210 1933.9
1436220 1924.7
1436230 1910.4
1436240 1910.4
1436250 1896.9
1436260 1886.1
1436270 1886.1
1436280 1879.3
1436290 1873.9
1436300 1873.9
1436310 1868.0
1436320 1861.2
1436330 1861.2
1436340 1854.4
1436350 1846.9
1436360 1846.9
1436370 1839.6
1436380 1833.0
1436390 1833.0
1436400 1825.6
1436410 1818.9
1436420 1811.9
1436430 1811.9
1436440 1805.3
1436450 1799.3
1436460 1799.3
1436470 1794.2
1436480 1789.2
1436490 1789.2
1436500 1784.6
1436510 1780.3
1436520 1780.3
1436530 1776.7
1436540 1773.4
1436550 1773.4
1436560 1767.8
1436570 1761.6
1436580 1761.6
1436590 1755.8
1436600 1750.6
1436610 1750.6
1436620 1744.6
1436630 1738.0
1436640 1738.0
1436650 1732.2
1436660 1726.5
1436670 1721.7
1436680 1721.7
1436690 1716.7
1436700 1712.5
1436710 1712.5
1436720 1709.9
1436730 1708.3
1436740 1708.3
1436750 1704.8
1436760 1700.6
1436770 1700.6
1436780 1696.4
1436790 1691.8
1436800 1691.8
1436810 1688.2
1436820 1684.6
1436830 1684.6
1436840 1681.6
1436850 1678.1
1436860 1678.1
1436870 1673.4
1436880 1668.3
1436890 1668.3
1436900 1661.4
1436910 1655.3
1436920 1651.7
1436930 1651.7
1436940 1646.0
1436950 1639.3
1436960 1639.3
1436970 1628.6
1436980 1621.9
1436990 1621.9
1437000 1616.1
1437010 1611.9
1437020 1611.9
1437030 1606.3
1437040 1600.2
1437050 1600.2
1437060 1594.3
1437070 1588.8
1437080 1588.8
1437090 1584.0
1437100 1577.0
1437110 1577.0
1437120 1570.8
1437130 1564.8
1437140 1564.8
1437150 1558.1
1437160 1552.1
1437170 1544.7
1437180 1544.7
1437190 1539.5
1437200 1533.8
1437210 1533.8
1437220 1526.0
1437230 1518.3
1437240 1518.3
1437250 1510.5
1437260 1503.7
1437270 1503.7
1437280 1497.0
1437290 1491.3
1437300 1491.3
1437310 1484.9
1437320 1476.2
1437330 1476.2
1437340 1468.4
1437350 1461.7
1437360 1461.7
1437370 1455.6
1437380 1449.5
1437390 1449.5
1437400 1443.3
1437410 1437.3
1437420 1432.4
1437430 1432.4
1437440 1428.6
1437450 1426.7
1437460 1426.7
1437470 1425.5
1437480 1423.3
1437490 1423.3
1437500 1419.8
1437510 1416.7
1437520 1416.7
1437530 1414.6
1437540 1412.3
1437550 1412.3
1437560 1409.6
1437570 1406.7
1437580 1406.7
1437590 1403.5
1437600 1399.2
1437610 1399.2
1437620 1394.1
1437630 1388.4
1437640 1388.4
1437650 1382.3
1437660 1376.2
1437670 1369.9
1437680 1369.9
1437690 1365.1
1437700 1364.1
1437710 1364.1
1437720 1362.9
1437730 1362.1
1437740 1362.1
1437750 1361.4
1437760 1360.7
1437770 1360.7
1437780 1360.1
1437790 1359.6
1437800 1359.6
1437810 1359.4
1437820 1359.2
1437830 1359.2
1437840 1359.0
1437850 1358.9
1437860 1358.9
1437870 1358.8
1437880 1358.8
1437890 1358.8
1437900 1358.7
1437910 1358.6
1437920 1358.2
1437930 1358.2
1437940 1356.7
1437950 1355.9
1437960 1355.9
1437970 1356.3
1437980 1356.1
1437990 1356.1
1438000 1355.9
1438010 1356.4
1438020 1356.4
1438030 1357.6
1438040 1358.0
1438050 1358.0
1438060 1358.1
1438070 1358.1
1438080 1358.1
1438090 1358.2
1438100 1358.4
1438110 1358.4
1438120 1358.5
1438130 1358.6
1438140 1358.6
1438150 1358.7
1438160 1358.8
1438170 1358.8
1438180 1358.8
1438190 1358.9
1438200 1359.2
1438210 1359.2
1438220 1359.4
1438230 1359.6
1438240 1359.6
1438250 1359.9
1438260 1360.1
1438270 1360.1
1438280 1360.4
1438290 1360.7
1438300 1360.7
1438310 1361.2
1438320 1364.2
1438330 1364.2
1438340 1371.0
1438350 1377.4
1438360 1377.4
1438370 1384.1
1438380 1390.2
1438390 1390.2
1438400 1396.4
1438410 1402.9
1438420 1409.6
1438430 1409.6
1438440 1415.8
1438450 1421.9
1438460 1421.9
1438470 1428.9
1438480 1435.4
1438490 1435.4
1438500 1441.7
1438510 1447.8
1438520 1447.8
1438530 1454.0
1438540 1461.3
1438550 1461.3
1438560 1467.9
1438570 1474.2
1438580 1474.2
1438590 1480.0
1438600 1486.0
1438610 1486.0
1438620 1492.0
1438630 1497.7
1438640 1497.7
1438650 1503.0
1438660 1508.4
1438670 1513.8
1438680 1513.8
1438690 1519.6
1438700 1525.5
1438710 1525.5
1438720 1530.8
1438730 1535.6
1438740 1535.6
1438750 1540.5
1438760 1545.6
1438770 1545.6
1438780 1550.9
1438790 1556.3
1438800 1556.3
1438810 1561.6
1438820 1565.8
1438830 1565.8
1438840 1568.7
1438850 1571.3
1438860 1571.3
1438870 1573.6
1438880 1575.3
1438890 1575.3
1438900 1578.9
1438910 1583.3
1438920 1587.1
1438930 1587.1
1438940 1589.9
1438950 1592.4
1438960 1592.4
1438970 1594.4
1438980 1596.9
1438990 1596.9
1439000 1599.5
1439010 1601.8
1439020 1601.8
1439030 1603.6
1439040 1606.4
1439050 1606.4
1439060 1611.4
1439070 1617.8
1439080 1617.8
1439090 1623.7
1439100 1627.8
1439110 1627.8
1439120 1631.5
1439130 1634.5
1439140 1634.5
1439150 1637.2
1439160 1641.3
1439170 1644.1
1439180 1644.1
1439190 1644.2
1439200 1645.6
1439210 1645.6
1439220 1647.3
1439230 1651.0
1439240 1651.0
1439250 1654.6
1439260 1658.3
1439270 1658.3
1439280 1662.3
1439290 1666.0
1439300 1666.0
1439310 1670.6
1439320 1676.0
1439330 1676.0
1439340 1681.2
1439350 1684.3
1439360 1684.3
1439370 1687.0
1439380 1690.5
1439390 1690.5
1439400 1695.8
1439410 1702.5
1439420 1707.0
1439430 1707.0
1439440 1712.2
1439450 1719.0
1439460 1719.0
1439470 1722.4
1439480 1727.3
1439490 1727.3
1439500 1731.9
1439510 1735.1
1439520 1735.1
1439530 1737.6
1439540 1738.8
1439550 1738.8
1439560 1739.9
1439570 1741.6
1439580 1741.6
1439590 1744.5
1439600 1748.4
1439610 1748.4
1439620 1751.7
1439630 1754.3
1439640 1754.3
1439650 1756.1
1439660 1757.9
1439670 1760.4
1439680 1760.4
1439690 1761.4
1439700 1759.5
1439710 1759.5
1439720 1766.6
1439730 1767.7
1439740 1767.7
1439750 1768.2
1439760 1768.9
1439770 1768.9
1439780 1771.3
1439790 1774.4
1439800 1774.4
1439810 1778.3
1439820 1781.8
1439830 1781.8
1439840 1785.5
1439850 1788.3
1439860 1788.3
1439870 1790.4
1439880 1792.3
1439890 1792.3
1439900 1794.3
1439910 1797.3
1439920 1799.7
1439930 1799.7
1439940 1802.9
1439950 1804.6
1439960 1804.6
1439970 1806.6
1439980 1809.9
1439990 1809.9
