1420000 1989.4
1420010 1996.2
1420020 1996.2
1420030 2003.3
1420040 2010.5
1420050 2010.5
1420060 2018.3
1420070 2026.0
1420080 2026.0
1420090 2031.3
1420100 2034.9
1420110 2034.9
1420120 2038.1
1420130 2040.4
1420140 2040.4
1420150 2042.2
1420160 2043.8
1420170 2043.8
1420180 2045.0
1420190 2043.6
1420200 2043.6
1420210 2043.3
1420220 2043.2
1420230 2044.6
1420240 2044.6
1420250 2046.9
1420260 2047.2
1420270 2047.2
1420280 2047.4
1420290 2047.5
1420300 2047.5
1420310 2048.3
1420320 2046.6
1420330 2051.8
1420340 2050.4
1420350 2054.4
1420360 2054.4
1420370 2056.4
1420380 2058.9
1420390 2058.9
1420400 2060.3
1420410 2061.3
1420420 2061.3
1420430 2063.0
1420440 2065.3
1420450 2065.3
1420460 2066.8
1420470 2068.8
1420480 2072.2
1420490 2072.2
1420500 2077.3
1420510 2078.9
1420520 2078.9
1420530 2077.3
1420540 2077.4
1420550 2077.4
1420560 2077.9
1420570 2079.0
1420580 2079.0
1420590 2080.4
1420600 2081.8
1420610 2081.8
1420620 2083.3
1420630 2084.8
1420640 2084.8
1420650 2085.4
1420660 2087.3
1420670 2087.3
1420680 2089.0
1420690 2091.3
1420700 2091.3
1420710 2094.6
1420720 2097.6
1420730 2100.5
1420740 2100.5
1420750 2103.5
1420760 2106.7
1420770 2106.7
1420780 2108.9
1420790 2112.9
1420800 2112.9
1420810 2119.3
1420820 2124.3
1420830 2124.3
1420840 2127.9
1420850 2133.4
1420860 2133.4
1420870 2141.6
1420880 2150.9
1420890 2150.9
1420900 2161.3
1420910 2171.6
1420920 2171.6
1420930 2181.7
1420940 2190.8
1420950 2190.8
1420960 2199.2
1420970 2206.1
1420980 2215.1
1420990 2215.1
1421000 2228.1
1421010 2245.1
1421020 2245.1
1421030 2256.1
1421040 2260.4
1421050 2260.4
1421060 2266.3
1421070 2271.0
1421080 2271.0
1421090 2275.1
1421100 2280.8
1421110 2280.8
1421120 2292.1
1421130 2304.0
1421140 2304.0
1421150 2309.4
1421160 2314.1
1421170 2314.1
1421180 2318.6
1421190 2323.4
1421200 2323.4
1421210 2328.5
1421220 2335.0
1421230 2341.9
1421240 2341.9
1421250 2347.2
1421260 2350.8
1421270 2350.8
1421280 2352.1
1421290 2351.5
1421300 2351.5
1421310 2352.0
1421320 2352.8
1421330 2352.8
1421340 2356.7
1421350 2363.8
1421360 2363.8
1421370 2370.0
1421380 2375.9
1421390 2375.9
1421400 2383.0
1421410 2386.0
1421420 2386.0
1421430 2386.8
1421440 2389.2
1421450 2392.9
1421460 2392.9
1421470 2397.0
1421480 2402.3
1421490 2402.3
1421500 2407.8
1421510 2411.4
1421520 2411.4
1421530 2407.3
1421540 2400.7
1421550 2400.7
1421560 2396.0
1421570 2389.2
1421580 2389.2
1421590 2385.8
1421600 2381.2
1421610 2381.2
1421620 2376.1
1421630 2370.8
1421640 2370.8
1421650 2367.1
1421660 2363.7
1421670 2363.7
1421680 2361.6
1421690 2359.4
1421700 2356.9
1421710 2356.9
1421720 2355.4
1421730 2354.5
1421740 2354.5
1421750 2352.8
1421760 2350.3
1421770 2350.3
1421780 2347.8
1421790 2345.8
1421800 2345.8
1421810 2341.6
1421820 2335.8
1421830 2335.8
1421840 2331.1
1421850 2326.4
1421860 2326.4
1421870 2320.9
1421880 2315.7
1421890 2315.7
1421900 2311.7
1421910 2307.8
1421920 2307.8
1421930 2303.9
1421940 2299.9
1421950 2295.5
1421960 2295.5
1421970 2290.6
1421980 2286.1
1421990 2286.1
1422000 2281.7
1422010 2277.9
1422020 2277.9
1422030 2273.7
1422040 2269.1
1422050 2269.1
1422060 2264.6
1422070 2260.8
1422080 2260.8
1422090 2256.3
1422100 2251.2
1422110 2251.2
1422120 2246.9
1422130 2242.7
1422140 2242.7
1422150 2238.7
1422160 2234.6
1422170 2234.6
1422180 2230.1
1422190 2225.6
1422200 2221.1
1422210 2221.1
1422220 2216.0
1422230 2211.0
1422240 2211.0
1422250 2206.0
1422260 2200.1
1422270 2200.1
1422280 2196.4
1422290 2192.1
1422300 2192.1
1422310 2186.9
1422320 2181.3
1422330 2181.3
1422340 2171.5
1422350 2165.9
1422360 2165.9
1422370 2161.5
1422380 2156.9
1422390 2156.9
1422400 2150.7
1422410 2144.4
1422420 2144.4
1422430 2139.3
1422440 2133.9
1422450 2127.3
1422460 2127.3
1422470 2120.9
1422480 2117.6
1422490 2117.6
1422500 2113.9
1422510 2108.7
1422520 2108.7
1422530 2105.3
1422540 2101.5
1422550 2101.5
1422560 2099.0
1422570 2096.4
1422580 2096.4
1422590 2093.1
1422600 2089.1
1422610 2089.1
1422620 2089.1
1422630 2087.5
1422640 2087.5
1422650 2084.8
1422660 2082.1
1422670 2082.1
1422680 2078.7
1422690 2074.9
1422700 2071.1
1422710 2071.1
1422720 2067.5
1422730 2063.6
1422740 2063.6
1422750 2059.5
1422760 2055.2
1422770 2055.2
1422780 2051.8
1422790 2048.0
1422800 2048.0
1422810 2044.2
1422820 2042.2
1422830 2042.2
1422840 2039.9
1422850 2038.9
1422860 2038.9
1422870 2039.1
1422880 2039.8
1422890 2039.8
1422900 2039.2
1422910 2039.3
1422920 2039.3
1422930 2039.7
1422940 2040.4
1422950 2041.2
1422960 2041.2
1422970 2041.7
1422980 2042.0
1422990 2042.0
1423000 2043.3
1423010 2044.6
1423020 2044.6
1423030 2047.0
1423040 2050.2
1423050 2050.2
1423060 2053.0
1423070 2055.5
1423080 2055.5
1423090 2058.3
1423100 2061.0
1423110 2061.0
1423120 2063.7
1423130 2066.2
1423140 2066.2
1423150 2069.3
1423160 2073.4
1423170 2073.4
1423180 2077.6
1423190 2081.3
1423200 2085.0
1423210 2085.0
1423220 2088.8
1423230 2092.8
1423240 2092.8
1423250 2096.7
1423260 2100.4
1423270 2100.4
1423280 2104.4
1423290 2108.3
1423300 2108.3
1423310 2112.5
1423320 2116.6
1423330 2116.6
1423340 2120.2
1423350 2123.0
1423360 2123.0
1423370 2125.3
1423380 2127.4
1423390 2127.4
1423400 2128.9
1423410 2130.5
1423420 2130.5
1423430 2131.4
1423440 2132.7
1423450 2133.9
1423460 2133.9
1423470 2134.9
1423480 2135.4
1423490 2135.4
1423500 2135.7
1423510 2135.6
1423520 2135.6
1423530 2133.6
1423540 2126.9
1423550 2126.9
1423560 2115.8
1423570 2108.4
1423580 2108.4
1423590 2104.6
1423600 2100.0
1423610 2100.0
1423620 2095.9
1423630 2090.0
1423640 2090.0
1423650 2077.4
1423660 2069.2
1423670 2069.2
1423680 2063.8
1423690 2058.9
1423700 2054.4
1423710 2054.4
1423720 2049.7
1423730 2046.4
1423740 2046.4
1423750 2042.8
1423760 2039.2
1423770 2039.2
1423780 2036.3
1423790 2035.4
1423800 2035.4
1423810 2034.9
1423820 2034.5
1423830 2034.5
1423840 2034.5
1423850 2035.3
1423860 2035.3
1423870 2038.0
1423880 2041.0
1423890 2041.0
1423900 2044.6
1423910 2046.2
1423920 2046.2
1423930 2047.9
1423940 2049.5
1423950 2051.5
1423960 2051.5
1423970 2055.2
1423980 2058.8
1423990 2058.8
1424000 2063.0
1424010 2065.4
1424020 2065.4
1424030 2065.1
1424040 2068.4
1424050 2068.4
1424060 2075.8
1424070 2075.2
1424080 2075.2
1424090 2075.0
1424100 2076.2
1424110 2076.2
1424120 2077.4
1424130 2080.9
1424140 2080.9
1424150 2079.7
1424160 2077.1
1424170 2077.1
1424180 2074.2
1424190 2071.2
1424200 2068.5
1424210 2068.5
1424220 2065.9
1424230 2063.0
1424240 2063.0
1424250 2059.4
1424260 2056.4
1424270 2056.4
1424280 2053.4
1424290 2050.2
1424300 2050.2
1424310 2046.7
1424320 2043.1
1424330 2043.1
1424340 2039.0
1424350 2034.5
1424360 2034.5
1424370 2029.1
1424380 2023.2
1424390 2023.2
1424400 2016.2
1424410 2008.4
1424420 2010.4
1424430 2004.2
1424440 1996.9
1424450 1988.8
1424460 1988.8
1424470 1982.2
1424480 1975.5
1424490 1975.5
1424500 1968.7
1424510 1961.7
1424520 1961.7
1424530 1954.5
1424540 1947.4
1424550 1947.4
1424560 1939.9
1424570 1932.6
1424580 1932.6
1424590 1925.6
1424600 1919.3
1424610 1919.3
1424620 1914.0
1424630 1906.4
1424640 1906.4
1424650 1898.5
1424660 1891.3
1424670 1891.3
1424680 1884.3
1424690 1878.1
1424700 1872.0
1424710 1872.0
1424720 1866.9
1424730 1860.6
1424740 1860.6
1424750 1853.3
1424760 1847.5
1424770 1847.5
1424780 1841.6
1424790 1835.4
1424800 1835.4
1424810 1828.3
1424820 1822.4
1424830 1822.4
1424840 1818.0
1424850 1813.6
1424860 1813.6
1424870 1809.4
1424880 1805.4
1424890 1805.4
1424900 1802.6
1424910 1798.2
1424920 1798.2
1424930 1793.5
1424940 1789.2
1424950 1786.4
1424960 1786.4
1424970 1784.4
1424980 1782.2
1424990 1782.2
1425000 1779.9
1425010 1778.2
1425020 1778.2
1425030 1775.7
1425040 1773.7
1425050 1773.7
1425060 1772.0
1425070 1770.8
1425080 1770.8
1425090 1769.6
1425100 1768.8
1425110 1768.8
1425120 1768.5
1425130 1767.6
1425140 1767.6
1425150 1765.2
1425160 1759.4
1425170 1759.4
1425180 1757.8
1425190 1756.1
1425200 1753.6
1425210 1753.6
1425220 1750.5
1425230 1746.7
1425240 1746.7
1425250 1740.9
1425260 1735.2
1425270 1735.2
1425280 1728.8
1425290 1722.2
1425300 1722.2
1425310 1716.3
1425320 1710.4
1425330 1710.4
1425340 1704.4
1425350 1698.3
1425360 1698.3
1425370 1692.3
1425380 1686.8
1425390 1686.8
1425400 1681.3
1425410 1676.8
1425420 1676.8
1425430 1669.1
1425440 1661.4
1425450 1653.9
1425460 1653.9
1425470 1647.4
1425480 1639.8
1425490 1639.8
1425500 1628.8
1425510 1615.7
1425520 1615.7
1425530 1608.8
1425540 1603.0
1425550 1603.0
1425560 1598.5
1425570 1595.6
1425580 1595.6
1425590 1591.9
1425600 1589.4
1425610 1589.4
1425620 1587.6
1425630 1587.4
1425640 1587.4
1425650 1587.6
1425660 1587.0
1425670 1587.0
1425680 1584.0
1425690 1579.4
1425700 1574.6
1425710 1574.6
1425720 1570.6
1425730 1566.1
1425740 1566.1
1425750 1563.1
1425760 1560.6
1425770 1560.6
1425780 1557.9
1425790 1555.9
1425800 1555.9
1425810 1554.6
1425820 1553.8
1425830 1553.8
1425840 1552.5
1425850 1550.8
1425860 1550.8
1425870 1547.5
1425880 1543.4
1425890 1543.4
1425900 1541.4
1425910 1539.8
1425920 1539.8
1425930 1537.3
1425940 1533.4
1425950 1527.6
1425960 1527.6
1425970 1521.0
1425980 1513.8
1425990 1513.8
1426000 1506.9
1426010 1500.4
1426020 1500.4
1426030 1493.8
1426040 1486.8
1426050 1486.8
1426060 1479.8
1426070 1473.3
1426080 1473.3
1426090 1468.0
1426100 1463.0
1426110 1463.0
1426120 1458.5
1426130 1454.6
1426140 1454.6
1426150 1449.1
1426160 1443.5
1426170 1443.5
1426180 1438.5
1426190 1431.1
1426200 1423.4
1426210 1423.4
1426220 1415.0
1426230 1406.5
1426240 1406.5
1426250 1397.9
1426260 1389.8
1426270 1389.8
1426280 1381.7
1426290 1374.0
1426300 1374.0
1426310 1366.2
1426320 1358.5
1426330 1358.5
1426340 1349.8
1426350 1340.9
1426360 1340.9
1426370 1332.3
1426380 1323.7
1426390 1323.7
1426400 1314.5
1426410 1304.8
1426420 1304.8
1426430 1296.3
1426440 1287.0
1426450 1278.5
1426460 1278.5
1426470 1269.9
1426480 1261.5
1426490 1261.5
1426500 1254.2
1426510 1245.9
1426520 1245.9
1426530 1237.5
1426540 1229.6
1426550 1229.6
1426560 1222.3
1426570 1215.3
1426580 1215.3
1426590 1206.9
1426600 1198.6
1426610 1198.6
1426620 1189.7
1426630 1180.9
1426640 1180.9
1426650 1172.4
1426660 1164.0
1426670 1164.0
1426680 1155.6
1426690 1147.7
1426700 1138.9
1426710 1138.9
1426720 1129.1
1426730 1117.8
1426740 1117.8
1426750 1106.9
1426760 1094.4
1426770 1094.4
1426780 1086.2
1426790 1078.7
1426800 1078.7
1426810 1069.9
1426820 1060.3
1426830 1060.3
1426840 1052.0
1426850 1043.6
1426860 1043.6
1426870 1033.0
1426880 1020.5
1426890 1020.5
1426900 1007.5
1426910 995.2
1426920 995.2
1426930 982.8
1426940 972.2
1426950 962.9
1426960 962.9
1426970 954.0
1426980 946.4
1426990 946.4
1427000 939.3
1427010 931.9
1427020 931.9
1427030 925.2
1427040 919.1
1427050 919.1
1427060 913.0
1427070 907.3
1427080 907.3
1427090 901.3
1427100 893.5
1427110 893.5
1427120 886.4
1427130 880.7
1427140 880.7
1427150 872.9
1427160 865.0
1427170 865.0
1427180 859.1
1427190 854.4
1427200 850.6
1427210 850.6
1427220 846.7
1427230 842.9
1427240 842.9
1427250 839.7
1427260 836.4
1427270 836.4
1427280 833.2
1427290 830.1
1427300 830.1
1427310 827.0
1427320 824.1
1427330 824.1
1427340 821.3
1427350 818.9
1427360 818.9
1427370 816.8
1427380 814.7
1427390 814.7
1427400 812.7
1427410 811.1
1427420 811.1
1427430 809.9
1427440 809.1
1427450 808.6
1427460 808.6
1427470 808.1
1427480 807.7
1427490 807.7
1427500 807.0
1427510 806.9
1427520 806.9
1427530 806.7
1427540 806.9
1427550 806.9
1427560 806.8
1427570 807.1
1427580 807.1
1427590 807.1
1427600 807.1
1427610 807.1
1427620 807.2
1427630 807.2
1427640 807.2
1427650 807.3
1427660 807.5
1427670 807.5
1427680 807.7
1427690 808.3
1427700 808.7
1427710 808.7
1427720 809.0
1427730 809.0
1427740 809.0
1427750 809.1
1427760 809.1
1427770 809.1
1427780 808.7
1427790 807.2
1427800 807.2
1427810 809.8
1427820 810.3
1427830 810.3
1427840 810.4
1427850 810.7
1427860 810.7
1427870 811.1
1427880 811.9
1427890 811.9
1427900 813.4
1427910 815.2
1427920 815.2
1427930 817.1
1427940 818.5
1427950 820.3
1427960 820.3
1427970 821.8
1427980 823.6
1427990 823.6
1428000 825.2
1428010 826.9
1428020 826.9
1428030 828.6
1428040 830.9
1428050 830.9
1428060 832.9
1428070 835.1
1428080 835.1
1428090 837.1
1428100 839.5
1428110 839.5
1428120 841.7
1428130 844.5
1428140 844.5
1428150 847.6
1428160 850.7
1428170 850.7
1428180 853.9
1428190 856.9
1428200 858.4
1428210 858.4
1428220 861.8
1428230 865.8
1428240 865.8
1428250 869.3
1428260 873.3
1428270 873.3
1428280 877.7
1428290 881.5
1428300 881.5
1428310 885.6
1428320 890.8
1428330 890.8
1428340 897.4
1428350 906.4
1428360 906.4
1428370 913.1
1428380 919.7
1428390 919.7
1428400 925.0
1428410 931.4
1428420 931.4
1428430 939.3
1428440 948.2
1428450 955.7
1428460 955.7
1428470 962.7
1428480 968.7
1428490 968.7
1428500 974.6
1428510 980.6
1428520 980.6
1428530 988.1
1428540 995.3
1428550 995.3
1428560 1002.5
1428570 1009.5
1428580 1009.5
1428590 1017.0
1428600 1020.0
1428610 1020.0
1428620 1018.7
1428630 1019.3
1428640 1019.3
1428650 1028.3
1428660 1035.4
1428670 1035.4
1428680 1039.9
1428690 1050.7
1428700 1063.7
1428710 1063.7
1428720 1073.7
1428730 1085.6
1428740 1085.6
1428750 1097.0
1428760 1109.4
1428770 1109.4
1428780 1121.0
1428790 1132.3
1428800 1132.3
1428810 1145.2
1428820 1154.6
1428830 1154.6
1428840 1163.7
1428850 1172.6
1428860 1172.6
1428870 1181.4
1428880 1190.4
1428890 1190.4
1428900 1198.6
1428910 1205.5
1428920 1205.5
1428930 1212.1
1428940 1219.8
1428950 1227.9
1428960 1227.9
1428970 1237.2
1428980 1246.7
1428990 1246.7
1429000 1256.3
1429010 1267.6
1429020 1267.6
1429030 1278.6
1429040 1287.9
1429050 1287.9
1429060 1297.4
1429070 1306.8
1429080 1306.8
1429090 1321.1
1429100 1328.0
1429110 1328.0
1429120 1335.6
1429130 1346.6
1429140 1346.6
1429150 1360.4
1429160 1369.5
1429170 1369.5
1429180 1375.1
1429190 1379.3
1429200 1383.8
1429210 1383.8
1429220 1388.8
1429230 1393.5
1429240 1393.5
1429250 1398.2
1429260 1401.6
1429270 1401.6
1429280 1404.3
1429290 1407.1
1429300 1407.1
1429310 1409.8
1429320 1413.9
1429330 1413.9
1429340 1417.6
1429350 1419.4
1429360 1419.4
1429370 1420.5
1429380 1422.9
1429390 1422.9
1429400 1427.1
1429410 1429.0
1429420 1429.0
1429430 1429.9
1429440 1430.4
1429450 1429.9
1429460 1429.9
1429470 1428.0
1429480 1425.9
1429490 1425.9
1429500 1423.7
1429510 1422.6
1429520 1422.6
1429530 1421.1
1429540 1419.4
1429550 1419.4
1429560 1417.9
1429570 1416.6
1429580 1416.6
1429590 1415.2
1429600 1413.4
1429610 1413.4
1429620 1411.1
1429630 1408.4
1429640 1408.4
1429650 1404.5
1429660 1401.4
1429670 1401.4
1429680 1399.0
1429690 1395.1
1429700 1391.3
1429710 1391.3
1429720 1389.3
1429730 1388.3
1429740 1388.3
1429750 1387.6
1429760 1387.3
1429770 1387.3
1429780 1387.6
1429790 1390.3
1429800 1390.3
1429810 1392.9
1429820 1394.6
1429830 1394.6
1429840 1398.6
1429850 1399.5
1429860 1399.5
1429870 1404.1
1429880 1407.0
1429890 1407.0
1429900 1408.8
1429910 1411.4
1429920 1411.4
1429930 1414.5
1429940 1417.3
1429950 1419.8
1429960 1419.8
1429970 1421.9
1429980 1423.3
1429990 1423.3
1430000 1425.6
1430010 1430.5
1430020 1430.5
1430030 1436.5
1430040 1439.9
1430050 1439.9
1430060 1441.1
1430070 1441.0
1430080 1441.0
1430090 1440.6
1430100 1440.0
1430110 1440.0
1430120 1439.7
1430130 1439.3
1430140 1439.3
1430150 1438.9
1430160 1439.1
1430170 1439.1
1430180 1440.0
1430190 1441.8
1430200 1439.6
1430210 1439.6
1430220 1431.6
1430230 1424.3
1430240 1424.3
1430250 1420.8
1430260 1420.8
1430270 1420.8
1430280 1420.5
1430290 1419.3
1430300 1419.3
1430310 1417.9
1430320 1414.7
1430330 1414.7
1430340 1412.9
1430350 1412.3
1430360 1412.3
1430370 1412.0
1430380 1412.1
1430390 1412.1
1430400 1411.9
1430410 1412.5
1430420 1412.5
1430430 1412.6
1430440 1411.8
1430450 1410.7
1430460 1410.7
1430470 1408.1
1430480 1405.2
1430490 1405.2
1430500 1400.4
1430510 1395.4
1430520 1395.4
1430530 1391.4
1430540 1387.8
1430550 1387.8
1430560 1383.6
1430570 1380.0
1430580 1380.0
1430590 1381.8
1430600 1385.0
1430610 1385.0
1430620 1389.4
1430630 1390.4
1430640 1390.4
1430650 1386.8
1430660 1383.6
1430670 1383.6
1430680 1378.9
1430690 1374.0
1430700 1368.0
1430710 1368.0
1430720 1363.8
1430730 1359.5
1430740 1359.5
1430750 1357.6
1430760 1360.8
1430770 1360.8
1430780 1362.4
1430790 1362.4
1430800 1362.4
1430810 1361.6
1430820 1361.0
1430830 1361.0
1430840 1360.3
1430850 1359.6
1430860 1359.6
1430870 1359.9
1430880 1362.3
1430890 1362.3
1430900 1365.0
1430910 1365.4
1430920 1365.4
1430930 1365.1
1430940 1366.2
1430950 1365.4
1430960 1365.4
1430970 1364.0
1430980 1361.0
1430990 1361.0
1431000 1361.3
1431010 1362.9
1431020 1362.9
1431030 1364.3
1431040 1365.8
1431050 1365.8
1431060 1367.2
1431070 1367.6
1431080 1367.6
1431090 1368.2
1431100 1367.7
1431110 1367.7
1431120 1366.1
1431130 1361.3
1431140 1366.5
1431150 1361.1
1431160 1360.0
1431170 1360.0
1431180 1358.7
1431190 1353.8
1431200 1349.8
1431210 1349.8
1431220 1346.6
1431230 1343.4
1431240 1343.4
1431250 1343.8
1431260 1341.5
1431270 1341.5
1431280 1343.3
1431290 1346.9
1431300 1346.9
1431310 1344.4
1431320 1339.2
1431330 1339.2
1431340 1342.2
1431350 1343.9
1431360 1343.9
1431370 1345.2
1431380 1347.0
1431390 1347.0
1431400 1349.0
1431410 1354.2
1431420 1354.2
1431430 1357.4
1431440 1359.5
1431450 1360.4
1431460 1360.4
1431470 1360.9
1431480 1361.2
1431490 1361.2
1431500 1361.7
1431510 1361.3
1431520 1361.3
1431530 1360.1
1431540 1358.4
1431550 1358.4
1431560 1356.4
1431570 1354.0
1431580 1354.0
1431590 1351.9
1431600 1347.2
1431610 1347.2
1431620 1340.0
1431630 1334.9
1431640 1334.9
1431650 1332.9
1431660 1331.0
1431670 1331.0
1431680 1329.9
1431690 1328.4
1431700 1329.9
1431710 1329.9
1431720 1329.4
1431730 1330.1
1431740 1330.1
1431750 1328.9
1431760 1326.6
1431770 1326.6
1431780 1320.1
1431790 1321.7
1431800 1321.7
1431810 1321.9
1431820 1321.4
1431830 1321.4
1431840 1319.1
1431850 1324.3
1431860 1324.3
1431870 1325.1
1431880 1321.6
1431890 1321.6
1431900 1319.7
1431910 1318.7
1431920 1318.7
1431930 1315.3
1431940 1312.5
1431950 1312.0
1431960 1312.0
1431970 1313.2
1431980 1315.5
1431990 1315.5
1432000 1318.0
1432010 1320.9
1432020 1320.9
1432030 1323.3
1432040 1326.0
1432050 1326.0
1432060 1329.6
1432070 1332.6
1432080 1332.6
1432090 1336.7
1432100 1341.7
1432110 1341.7
1432120 1345.1
1432130 1349.7
1432140 1349.7
1432150 1354.3
1432160 1355.0
1432170 1355.0
1432180 1354.3
1432190 1353.8
1432200 1353.6
1432210 1353.6
1432220 1354.1
1432230 1354.8
1432240 1354.8
1432250 1356.3
1432260 1357.0
1432270 1357.0
1432280 1358.4
1432290 1360.0
1432300 1360.0
1432310 1361.6
1432320 1362.7
1432330 1362.7
1432340 1363.6
1432350 1364.5
1432360 1364.5
1432370 1365.2
1432380 1365.8
1432390 1365.8
1432400 1367.2
1432410 1368.2
1432420 1368.2
1432430 1369.3
1432440 1370.9
1432450 1372.2
1432460 1372.2
1432470 1374.1
1432480 1375.8
1432490 1375.8
1432500 1376.5
1432510 1377.1
1432520 1377.1
1432530 1377.8
1432540 1378.9
1432550 1378.9
1432560 1380.9
1432570 1383.2
1432580 1383.2
1432590 1386.2
1432600 1389.1
1432610 1389.1
1432620 1391.3
1432630 1392.5
1432640 1392.5
1432650 1393.6
1432660 1397.2
1432670 1397.2
1432680 1401.0
1432690 1403.8
1432700 1405.0
1432710 1405.0
1432720 1407.1
1432730 1408.8
1432740 1408.8
1432750 1410.5
1432760 1412.3
1432770 1412.3
1432780 1413.6
1432790 1415.3
1432800 1415.3
1432810 1416.2
1432820 1417.4
1432830 1417.4
1432840 1418.7
1432850 1419.5
1432860 1419.5
1432870 1419.7
1432880 1419.5
1432890 1419.5
1432900 1419.9
1432910 1419.9
1432920 1419.9
1432930 1419.8
1432940 1420.4
1432950 1420.1
1432960 1420.1
1432970 1419.2
1432980 1417.3
1432990 1417.3
1433000 1415.4
1433010 1413.2
1433020 1413.2
1433030 1412.6
1433040 1412.2
1433050 1412.2
1433060 1411.1
1433070 1409.7
1433080 1409.7
1433090 1407.6
1433100 1405.7
1433110 1405.7
1433120 1404.1
1433130 1403.0
1433140 1403.0
1433150 1402.5
1433160 1403.6
1433170 1403.6
1433180 1405.3
1433190 1407.1
1433200 1408.9
1433210 1408.9
1433220 1410.0
1433230 1411.1
1433240 1411.1
1433250 1412.6
1433260 1414.2
1433270 1414.2
1433280 1414.7
1433290 1414.9
1433300 1414.9
1433310 1417.8
1433320 1418.0
1433330 1418.0
1433340 1418.3
1433350 1418.8
1433360 1418.8
1433370 1418.5
1433380 1418.6
1433390 1418.6
1433400 1417.5
1433410 1417.7
1433420 1417.7
1433430 1418.3
1433440 1418.9
1433450 1419.3
1433460 1419.3
1433470 1419.5
1433480 1419.9
1433490 1419.9
1433500 1421.2
1433510 1423.6
1433520 1423.6
1433530 1426.5
1433540 1429.6
1433550 1429.6
1433560 1430.3
1433570 1434.5
1433580 1434.5
1433590 1437.0
1433600 1438.8
1433610 1438.8
1433620 1441.1
1433630 1444.2
1433640 1444.2
1433650 1446.6
1433660 1448.3
1433670 1448.3
1433680 1448.9
1433690 1449.4
1433700 1449.8
1433710 1449.8
1433720 1451.0
1433730 1454.1
1433740 1454.1
1433750 1457.0
1433760 1459.2
1433770 1459.2
1433780 1461.0
1433790 1461.2
1433800 1461.2
1433810 1463.3
1433820 1466.0
1433830 1466.0
1433840 1468.4
1433850 1470.5
1433860 1470.5
1433870 1472.2
1433880 1474.0
1433890 1474.0
1433900 1477.1
1433910 1480.5
1433920 1482.4
1433930 1482.4
1433940 1483.0
1433950 1482.3
1433960 1482.3
1433970 1485.3
1433980 1490.1
1433990 1490.1
1434000 1493.2
1434010 1494.9
1434020 1494.9
1434030 1494.7
1434040 1495.3
1434050 1495.3
1434060 1495.5
1434070 1495.0
1434080 1495.0
1434090 1496.4
1434100 1490.3
1434110 1490.3
1434120 1476.8
1434130 1479.8
1434140 1479.8
1434150 1486.9
1434160 1493.1
1434170 1506.6
1434180 1506.6
1434190 1521.0
1434200 1533.4
1434210 1533.4
1434220 1540.5
1434230 1547.1
1434240 1547.1
1434250 1557.2
1434260 1565.1
1434270 1565.1
1434280 1570.0
1434290 1574.5
1434300 1574.5
1434310 1577.4
1434320 1577.0
1434330 1577.0
1434340 1570.2
1434350 1567.8
1434360 1567.8
1434370 1579.3
1434380 1588.8
1434390 1588.8
1434400 1595.1
1434410 1601.8
1434420 1608.0
1434430 1608.0
1434440 1615.2
1434450 1622.4
1434460 1622.4
1434470 1629.5
1434480 1636.5
1434490 1636.5
1434500 1643.6
1434510 1650.4
1434520 1650.4
1434530 1657.8
1434540 1665.6
1434550 1665.6
1434560 1673.3
1434570 1680.7
1434580 1680.7
1434590 1688.5
1434600 1696.2
1434610 1696.2
1434620 1703.0
1434630 1710.5
1434640 1710.5
1434650 1718.8
1434660 1727.2
1434670 1735.2
1434680 1735.2
1434690 1743.3
1434700 1750.2
1434710 1750.2
1434720 1757.2
1434730 1763.9
1434740 1763.9
1434750 1770.5
1434760 1777.2
1434770 1777.2
1434780 1783.8
1434790 1790.6
1434800 1790.6
1434810 1797.7
1434820 1805.4
1434830 1805.4
1434840 1812.4
1434850 1820.6
1434860 1820.6
1434870 1828.5
1434880 1836.3
1434890 1836.3
1434900 1843.9
1434910 1851.0
1434920 1857.3
1434930 1857.3
1434940 1863.3
1434950 1868.6
1434960 1868.6
1434970 1870.7
1434980 1872.5
1434990 1872.5
1435000 1875.8
1435010 1878.9
1435020 1878.9
1435030 1882.4
1435040 1885.8
1435050 1885.8
1435060 1886.8
1435070 1891.0
1435080 1891.0
1435090 1895.9
1435100 1896.2
1435110 1896.2
1435120 1897.5
1435130 1897.8
1435140 1897.8
1435150 1897.5
1435160 1897.5
1435170 1899.0
1435180 1899.0
1435190 1901.9
1435200 1905.5
1435210 1905.5
1435220 1910.2
1435230 1914.4
1435240 1914.4
1435250 1918.1
1435260 1922.2
1435270 1922.2
1435280 1925.9
1435290 1929.7
1435300 1929.7
1435310 1934.5
1435320 1939.6
1435330 1939.6
1435340 1944.4
1435350 1948.7
1435360 1948.7
1435370 1953.3
1435380 1958.3
1435390 1958.3
1435400 1963.4
1435410 1967.0
1435420 1968.7
1435430 1968.7
1435440 1972.3
1435450 1977.5
1435460 1977.5
1435470 1982.9
1435480 1987.7
1435490 1987.7
1435500 1992.7
1435510 1998.1
1435520 1998.1
1435530 2003.9
1435540 2008.9
1435550 2008.9
1435560 2012.5
1435570 2015.6
1435580 2015.6
1435590 2019.6
1435600 2025.3
1435610 2025.3
1435620 2030.5
1435630 2035.4
1435640 2035.4
1435650 2039.5
1435660 2043.2
1435670 2047.0
1435680 2047.0
1435690 2052.3
1435700 2058.7
1435710 2058.7
1435720 2066.0
1435730 2073.1
1435740 2073.1
1435750 2079.4
1435760 2085.0
1435770 2085.0
1435780 2088.6
1435790 2090.5
1435800 2090.5
1435810 2095.8
1435820 2099.5
1435830 2099.5
1435840 2102.2
1435850 2104.9
1435860 2104.9
1435870 2104.6
1435880 2097.0
1435890 2097.0
1435900 2086.7
1435910 2074.6
1435920 2064.3
1435930 2064.3
1435940 2056.8
1435950 2057.1
1435960 2057.1
1435970 2057.4
1435980 2050.1
1435990 2050.1
1436000 2041.8
1436010 2031.5
1436020 2031.5
1436030 2023.0
1436040 2009.0
1436050 2009.0
1436060 1999.8
1436070 1996.4
1436080 1996.4
1436090 1991.7
1436100 1986.1
1436110 1986.1
1436120 1970.8
1436130 1964.6
1436140 1964.6
1436150 1962.0
1436160 1956.4
1436170 1950.7
1436180 1950.7
1436190 1942.7
1436200 1933.9
1436210 1933.9
1436220 1924.7
1436230 1910.4
1436240 1910.4
1436250 1896.9
1436260 1886.1
1436270 1886.1
1436280 1879.3
1436290 1873.9
1436300 1873.9
1436310 1868.0
1436320 1861.2
1436330 1861.2
1436340 1854.4
1436350 1846.9
1436360 1846.9
1436370 1839.6
1436380 1833.0
1436390 1833.0
1436400 1825.6
1436410 1818.9
1436420 1811.9
1436430 1811.9
1436440 1805.3
1436450 1799.3
1436460 1799.3
1436470 1794.2
1436480 1789.2
1436490 1789.2
1436500 1784.6
1436510 1780.3
1436520 1780.3
1436530 1776.7
1436540 1773.4
1436550 1773.4
1436560 1767.8
1436570 1761.6
1436580 1761.6
1436590 1755.8
1436600 1750.6
1436610 1750.6
1436620 1744.6
1436630 1738.0
1436640 1738.0
1436650 1732.2
1436660 1726.5
1436670 1721.7
1436680 1721.7
1436690 1716.7
1436700 1712.5
1436710 1712.5
1436720 1709.9
1436730 1708.3
1436740 1708.3
1436750 1704.8
1436760 1700.6
1436770 1700.6
1436780 1696.4
1436790 1691.8
1436800 1691.8
1436810 1688.2
1436820 1684.6
1436830 1684.6
1436840 1681.6
1436850 1678.1
1436860 1678.1
1436870 1673.4
1436880 1668.3
1436890 1668.3
1436900 1661.4
1436910 1655.3
1436920 1651.7
1436930 1651.7
1436940 1646.0
1436950 1639.3
1436960 1639.3
1436970 1632.5
1436980 1625.9
1436990 1625.9
1437000 1619.2
1437010 1613.9
1437020 1613.9
1437030 1610.1
1437040 1604.7
1437050 1604.7
1437060 1597.8
1437070 1591.6
1437080 1591.6
1437090 1585.9
1437100 1580.1
1437110 1580.1
1437120 1573.4
1437130 1566.8
1437140 1566.8
1437150 1560.1
1437160 1553.3
1437170 1546.4
1437180 1546.4
1437190 1539.9
1437200 1533.9
1437210 1533.9
1437220 1527.3
1437230 1520.3
1437240 1520.3
1437250 1513.3
1437260 1507.1
1437270 1507.1
1437280 1501.0
1437290 1494.7
1437300 1494.7
1437310 1488.2
1437320 1481.1
1437330 1481.1
1437340 1473.8
1437350 1466.6
1437360 1466.6
1437370 1460.3
1437380 1455.5
1437390 1455.5
1437400 1449.0
1437410 1442.1
1437420 1435.0
1437430 1435.0
1437440 1429.3
1437450 1424.5
1437460 1424.5
1437470 1422.1
1437480 1419.1
1437490 1419.1
1437500 1412.8
1437510 1409.8
1437520 1409.8
1437530 1408.2
1437540 1406.4
1437550 1406.4
1437560 1405.0
1437570 1403.1
1437580 1403.1
1437590 1401.0
1437600 1397.5
1437610 1397.5
1437620 1393.1
1437630 1387.4
1437640 1387.4
1437650 1381.3
1437660 1375.0
1437670 1368.6
1437680 1368.6
1437690 1365.0
1437700 1364.3
1437710 1364.3
1437720 1363.1
1437730 1362.3
1437740 1362.3
1437750 1361.4
1437760 1360.8
1437770 1360.8
1437780 1360.0
1437790 1359.5
1437800 1359.5
1437810 1359.3
1437820 1359.0
1437830 1359.0
1437840 1358.8
1437850 1358.6
1437860 1358.6
1437870 1358.5
1437880 1358.5
1437890 1358.5
1437900 1358.5
1437910 1358.4
1437920 1358.0
1437930 1358.0
1437940 1356.5
1437950 1355.8
1437960 1355.8
1437970 1355.8
1437980 1355.9
1437990 1355.9
1438000 1356.1
1438010 1356.5
1438020 1356.5
1438030 1357.5
1438040 1357.8
1438050 1357.8
1438060 1357.9
1438070 1358.1
1438080 1358.1
1438090 1358.3
1438100 1358.4
1438110 1358.4
1438120 1358.5
1438130 1358.6
1438140 1358.6
1438150 1358.7
1438160 1358.8
1438170 1358.9
1438180 1358.9
1438190 1359.0
1438200 1359.2
1438210 1359.2
1438220 1359.4
1438230 1359.6
1438240 1359.6
1438250 1359.8
1438260 1360.2
1438270 1360.2
1438280 1360.4
1438290 1360.7
1438300 1360.7
1438310 1361.3
1438320 1364.5
1438330 1364.5
1438340 1370.6
1438350 1376.9
1438360 1376.9
1438370 1383.3
1438380 1389.6
1438390 1389.6
1438400 1396.3
1438410 1403.0
1438420 1409.3
1438430 1409.3
1438440 1416.1
1438450 1422.8
1438460 1422.8
1438470 1428.8
1438480 1435.2
1438490 1435.2
1438500 1441.6
1438510 1447.9
1438520 1447.9
1438530 1454.4
1438540 1460.7
1438550 1460.7
1438560 1467.3
1438570 1473.6
1438580 1473.6
1438590 1479.9
1438600 1485.6
1438610 1485.6
1438620 1491.4
1438630 1496.8
1438640 1496.8
1438650 1501.9
1438660 1507.1
1438670 1512.4
1438680 1512.4
1438690 1517.7
1438700 1523.8
1438710 1523.8
1438720 1529.1
1438730 1534.4
1438740 1534.4
1438750 1538.9
1438760 1544.0
1438770 1544.0
1438780 1549.6
1438790 1555.6
1438800 1555.6
1438810 1561.6
1438820 1565.8
1438830 1565.8
1438840 1568.7
1438850 1571.3
1438860 1571.3
1438870 1573.6
1438880 1575.3
1438890 1575.3
1438900 1578.9
1438910 1583.3
1438920 1587.1
1438930 1587.1
1438940 1589.9
1438950 1592.4
1438960 1592.4
1438970 1594.4
1438980 1596.9
1438990 1596.9
1439000 1599.5
1439010 1601.8
1439020 1601.8
1439030 1603.6
1439040 1606.4
1439050 1606.4
1439060 1611.4
1439070 1617.8
1439080 1617.8
1439090 1623.7
1439100 1627.8
1439110 1627.8
1439120 1631.5
1439130 1634.5
1439140 1634.5
1439150 1637.2
1439160 1641.3
1439170 1644.1
1439180 1644.1
1439190 1644.2
1439200 1645.6
1439210 1645.6
1439220 1647.3
1439230 1651.0
1439240 1651.0
1439250 1654.6
1439260 1658.3
1439270 1658.3
1439280 1662.3
1439290 1666.0
1439300 1666.0
1439310 1670.6
1439320 1676.0
1439330 1676.0
1439340 1681.2
1439350 1684.3
1439360 1684.3
1439370 1687.0
1439380 1690.5
1439390 1690.5
1439400 1695.8
1439410 1702.5
1439420 1707.0
1439430 1707.0
1439440 1712.2
1439450 1719.0
1439460 1719.0
1439470 1722.4
1439480 1727.3
1439490 1727.3
1439500 1731.9
1439510 1735.1
1439520 1735.1
1439530 1737.6
1439540 1738.8
1439550 1738.8
1439560 1739.9
1439570 1741.6
1439580 1741.6
1439590 1744.5
1439600 1748.4
1439610 1748.4
1439620 1751.7
1439630 1754.3
1439640 1754.3
1439650 1756.1
1439660 1757.9
1439670 1760.4
1439680 1760.4
1439690 1761.4
1439700 1759.5
1439710 1759.5
1439720 1759.1
1439730 1760.8
1439740 1760.8
1439750 1763.4
1439760 1764.1
1439770 1764.1
1439780 1766.3
1439790 1769.3
1439800 1769.3
1439810 1773.1
1439820 1776.9
1439830 1776.9
1439840 1780.9
1439850 1784.2
1439860 1784.2
1439870 1786.1
1439880 1788.2
1439890 1788.2
1439900 1790.5
1439910 1792.8
1439920 1795.3
1439930 1795.3
1439940 1799.5
1439950 1801.9
1439960 1801.9
1439970 1803.1
1439980 1806.5
1439990 1806.5
