1420000 1623.6
1420010 1623.6
1420020 1622.6
1420030 1627.2
1420040 1627.2
1420050 1625.6
1420060 1623.1
1420070 1623.1
1420080 1619.5
1420090 1616.0
1420100 1620.5
1420110 1620.5
1420120 1625.7
1420130 1630.4
1420140 1630.4
1420150 1634.9
1420160 1641.3
1420170 1641.3
1420180 1649.9
1420190 1657.9
1420200 1657.9
1420210 1665.3
1420220 1673.9
1420230 1673.9
1420240 1680.8
1420250 1688.1
1420260 1688.1
1420270 1696.4
1420280 1704.4
1420290 1704.4
1420300 1711.9
1420310 1720.1
1420320 1720.1
1420330 1726.9
1420340 1732.4
1420350 1737.6
1420360 1737.6
1420370 1744.2
1420380 1751.8
1420390 1751.8
1420400 1759.0
1420410 1766.1
1420420 1766.1
1420430 1773.6
1420440 1781.1
1420450 1781.1
1420460 1788.4
1420470 1795.6
1420480 1795.6
1420490 1802.5
1420500 1809.5
1420510 1809.5
1420520 1817.7
1420530 1825.8
1420540 1825.8
1420550 1830.5
1420560 1835.2
1420570 1835.2
1420580 1840.1
1420590 1845.2
1420600 1850.7
1420610 1850.7
1420620 1856.3
1420630 1861.2
1420640 1861.2
1420650 1866.2
1420660 1873.0
1420670 1873.0
1420680 1879.3
1420690 1884.5
1420700 1884.5
1420710 1889.8
1420720 1895.7
1420730 1895.7
1420740 1901.6
1420750 1907.2
1420760 1907.2
1420770 1912.7
1420780 1918.5
1420790 1918.5
1420800 1924.6
1420810 1930.3
1420820 1930.3
1420830 1935.8
1420840 1941.5
1420850 1947.6
1420860 1947.6
1420870 1953.8
1420880 1959.6
1420890 1959.6
1420900 1965.2
1420910 1970.8
1420920 1970.8
1420930 1976.2
1420940 1981.0
1420950 1981.0
1420960 1985.3
1420970 1988.5
1420980 1988.5
1420990 1990.6
1421000 1992.1
1421010 1992.1
1421020 1993.7
1421030 1995.1
1421040 1995.1
1421050 1995.8
1421060 1995.2
1421070 1995.2
1421080 1994.6
1421090 1993.9
1421100 1992.2
1421110 1992.2
1421120 1990.0
1421130 1987.4
1421140 1987.4
1421150 1984.6
1421160 1981.0
1421170 1981.0
1421180 1975.6
1421190 1969.8
1421200 1969.8
1421210 1963.6
1421220 1956.9
1421230 1956.9
1421240 1950.1
1421250 1942.9
1421260 1942.9
1421270 1937.3
1421280 1931.8
1421290 1931.8
1421300 1922.8
1421310 1910.1
1421320 1910.1
1421330 1897.7
1421340 1884.9
1421350 1873.2
1421360 1873.2
1421370 1863.0
1421380 1854.2
1421390 1854.2
1421400 1846.1
1421410 1838.9
1421420 1838.9
1421430 1832.3
1421440 1826.5
1421450 1826.5
1421460 1821.1
1421470 1816.6
1421480 1816.6
1421490 1811.8
1421500 1807.4
1421510 1807.4
1421520 1802.1
1421530 1795.3
1421540 1795.3
1421550 1788.7
1421560 1784.0
1421570 1784.0
1421580 1779.5
1421590 1775.2
1421600 1770.8
1421610 1770.8
1421620 1767.6
1421630 1764.0
1421640 1764.0
1421650 1760.7
1421660 1756.9
1421670 1756.9
1421680 1754.1
1421690 1752.8
1421700 1752.8
1421710 1752.3
1421720 1751.0
1421730 1751.0
1421740 1749.3
1421750 1748.9
1421760 1748.9
1421770 1748.3
1421780 1745.0
1421790 1745.0
1421800 1741.3
1421810 1740.6
1421820 1740.6
1421830 1745.5
1421840 1750.8
1421850 1754.2
1421860 1754.2
1421870 1756.1
1421880 1759.4
1421890 1759.4
1421900 1765.5
1421910 1772.2
1421920 1772.2
1421930 1778.1
1421940 1779.7
1421950 1779.7
1421960 1780.0
1421970 1781.3
1421980 1781.3
1421990 1783.5
1422000 1784.2
1422010 1784.2
1422020 1782.8
1422030 1789.5
1422040 1789.5
1422050 1791.4
1422060 1793.7
1422070 1793.7
1422080 1797.5
1422090 1802.2
1422100 1806.4
1422110 1806.4
1422120 1809.7
1422130 1813.7
1422140 1813.7
1422150 1818.4
1422160 1824.5
1422170 1824.5
1422180 1834.9
1422190 1850.0
1422200 1850.0
1422210 1858.1
1422220 1861.5
1422230 1861.5
1422240 1866.3
1422250 1873.0
1422260 1873.0
1422270 1880.9
1422280 1887.2
1422290 1887.2
1422300 1893.2
1422310 1901.3
1422320 1901.3
1422330 1906.1
1422340 1904.2
1422350 1903.3
1422360 1903.3
1422370 1903.9
1422380 1902.6
1422390 1902.6
1422400 1906.5
1422410 1909.3
1422420 1909.3
1422430 1913.8
1422440 1916.9
1422450 1916.9
1422460 1922.0
1422470 1923.4
1422480 1923.4
1422490 1926.0
1422500 1931.6
1422510 1931.6
1422520 1936.6
1422530 1943.0
1422540 1943.0
1422550 1952.7
1422560 1961.9
1422570 1961.9
1422580 1969.6
1422590 1978.3
1422600 1988.4
1422610 1988.4
1422620 1997.3
1422630 2005.9
1422640 2005.9
1422650 2013.1
1422660 2019.3
1422670 2019.3
1422680 2021.8
1422690 2019.8
1422700 2019.8
1422710 2018.3
1422720 2017.9
1422730 2017.9
1422740 2017.5
1422750 2015.4
1422760 2015.4
1422770 2008.6
1422780 1999.0
1422790 1999.0
1422800 1989.4
1422810 1984.6
1422820 1984.6
1422830 1985.1
1422840 1980.9
1422850 1970.9
1422860 1970.9
1422870 1961.4
1422880 1952.7
1422890 1952.7
1422900 1944.9
1422910 1936.7
1422920 1936.7
1422930 1931.2
1422940 1926.0
1422950 1926.0
1422960 1918.8
1422970 1910.5
1422980 1910.5
1422990 1901.0
1423000 1890.2
1423010 1890.2
1423020 1878.6
1423030 1869.4
1423040 1869.4
1423050 1860.5
1423060 1854.8
1423070 1854.8
1423080 1849.2
1423090 1846.4
1423100 1846.4
1423110 1844.6
1423120 1841.7
1423130 1830.9
1423140 1830.9
1423150 1818.3
1423160 1808.7
1423170 1808.7
1423180 1800.4
1423190 1793.3
1423200 1793.3
1423210 1788.1
1423220 1783.6
1423230 1783.6
1423240 1777.9
1423250 1771.6
1423260 1771.6
1423270 1764.9
1423280 1757.9
1423290 1757.9
1423300 1751.5
1423310 1745.9
1423320 1745.9
1423330 1741.5
1423340 1736.2
1423350 1736.2
1423360 1731.3
1423370 1728.2
1423380 1724.9
1423390 1724.9
1423400 1721.6
1423410 1718.1
1423420 1718.1
1423430 1715.3
1423440 1713.1
1423450 1713.1
1423460 1710.8
1423470 1708.5
1423480 1708.5
1423490 1706.5
1423500 1705.2
1423510 1705.2
1423520 1704.1
1423530 1704.2
1423540 1704.2
1423550 1705.2
1423560 1705.1
1423570 1705.1
1423580 1704.6
1423590 1704.2
1423600 1704.2
1423610 1703.8
1423620 1701.3
1423630 1697.2
1423640 1697.2
1423650 1692.2
1423660 1687.0
1423670 1687.0
1423680 1681.6
1423690 1676.6
1423700 1676.6
1423710 1671.7
1423720 1666.9
1423730 1666.9
1423740 1662.2
1423750 1658.2
1423760 1658.2
1423770 1652.3
1423780 1643.4
1423790 1643.4
1423800 1634.8
1423810 1627.2
1423820 1627.2
1423830 1619.9
1423840 1613.2
1423850 1613.2
1423860 1611.1
1423870 1612.2
1423880 1615.8
1423890 1615.8
1423900 1620.3
1423910 1624.4
1423920 1624.4
1423930 1629.1
1423940 1628.2
1423950 1628.2
1423960 1626.2
1423970 1624.9
1423980 1624.9
1423990 1618.4
1424000 1608.9
1424010 1608.9
1424020 1603.3
1424030 1609.0
1424040 1609.0
1424050 1614.8
1424060 1618.7
1424070 1618.7
1424080 1622.8
1424090 1624.8
1424100 1630.0
1424110 1630.0
1424120 1629.8
1424130 1629.1
1424140 1629.1
1424150 1628.4
1424160 1628.8
1424170 1628.8
1424180 1629.3
1424190 1628.4
1424200 1628.4
1424210 1628.2
1424220 1627.0
1424230 1627.0
1424240 1625.7
1424250 1624.7
1424260 1624.7
1424270 1622.9
1424280 1621.1
1424290 1621.1
1424300 1616.8
1424310 1611.9
1424320 1611.9
1424330 1608.5
1424340 1606.4
1424350 1606.4
1424360 1603.2
1424370 1600.6
1424380 1598.5
1424390 1598.5
1424400 1596.9
1424410 1593.7
1424420 1593.7
1424430 1592.1
1424440 1590.3
1424450 1590.3
1424460 1588.5
1424470 1585.6
1424480 1585.6
1424490 1582.8
1424500 1579.7
1424510 1579.7
1424520 1577.8
1424530 1577.0
1424540 1577.0
1424550 1575.5
1424560 1573.0
1424570 1573.0
1424580 1570.9
1424590 1567.8
1424600 1567.8
1424610 1564.5
1424620 1563.5
1424630 1562.0
1424640 1562.0
1424650 1562.0
1424660 1562.4
1424670 1562.4
1424680 1562.2
1424690 1560.7
1424700 1560.7
1424710 1558.8
1424720 1558.1
1424730 1558.1
1424740 1557.2
1424750 1555.6
1424760 1555.6
1424770 1553.0
1424780 1549.7
1424790 1549.7
1424800 1547.3
1424810 1546.0
1424820 1546.0
1424830 1542.6
1424840 1540.0
1424850 1540.0
1424860 1538.2
1424870 1534.9
1424880 1531.6
1424890 1531.6
1424900 1529.0
1424910 1526.5
1424920 1526.5
1424930 1524.9
1424940 1523.2
1424950 1523.2
1424960 1521.1
1424970 1518.7
1424980 1518.7
1424990 1516.8
1425000 1514.1
1425010 1514.1
1425020 1510.6
1425030 1508.1
1425040 1508.1
1425050 1505.7
1425060 1503.4
1425070 1503.4
1425080 1501.3
1425090 1499.3
1425100 1499.3
1425110 1497.1
1425120 1493.9
1425130 1491.1
1425140 1491.1
1425150 1488.4
1425160 1485.0
1425170 1485.0
1425180 1483.1
1425190 1480.2
1425200 1480.2
1425210 1476.2
1425220 1472.3
1425230 1472.3
1425240 1468.4
1425250 1464.3
1425260 1464.3
1425270 1460.8
1425280 1458.2
1425290 1458.2
1425300 1456.5
1425310 1453.5
1425320 1453.5
1425330 1449.0
1425340 1443.6
1425350 1443.6
1425360 1438.3
1425370 1433.9
1425380 1428.9
1425390 1428.9
1425400 1424.5
1425410 1421.5
1425420 1421.5
1425430 1419.9
1425440 1418.0
1425450 1418.0
1425460 1416.3
1425470 1414.4
1425480 1414.4
1425490 1411.7
1425500 1408.5
1425510 1408.5
1425520 1405.9
1425530 1403.9
1425540 1403.9
1425550 1401.2
1425560 1398.1
1425570 1398.1
1425580 1394.6
1425590 1390.9
1425600 1390.9
1425610 1387.0
1425620 1383.3
1425630 1379.5
1425640 1379.5
1425650 1374.6
1425660 1370.6
1425670 1370.6
1425680 1368.2
1425690 1364.1
1425700 1364.1
1425710 1360.2
1425720 1356.1
1425730 1356.1
1425740 1352.5
1425750 1349.8
1425760 1349.8
1425770 1347.4
1425780 1344.1
1425790 1344.1
1425800 1337.9
1425810 1329.2
1425820 1329.2
1425830 1323.0
1425840 1317.9
1425850 1317.9
1425860 1313.7
1425870 1312.1
1425880 1309.6
1425890 1309.6
1425900 1304.3
1425910 1300.1
1425920 1300.1
1425930 1294.9
1425940 1289.6
1425950 1289.6
1425960 1284.5
1425970 1279.2
1425980 1279.2
1425990 1273.5
1426000 1267.3
1426010 1267.3
1426020 1260.5
1426030 1255.8
1426040 1255.8
1426050 1252.6
1426060 1249.3
1426070 1249.3
1426080 1247.5
1426090 1245.3
1426100 1245.3
1426110 1242.3
1426120 1238.9
1426130 1235.8
1426140 1235.8
1426150 1232.1
1426160 1228.5
1426170 1228.5
1426180 1223.8
1426190 1217.9
1426200 1217.9
1426210 1212.0
1426220 1206.9
1426230 1206.9
1426240 1198.0
1426250 1192.4
1426260 1192.4
1426270 1186.5
1426280 1181.9
1426290 1181.9
1426300 1175.8
1426310 1171.4
1426320 1171.4
1426330 1167.9
1426340 1164.3
1426350 1164.3
1426360 1160.5
1426370 1156.5
1426380 1151.6
1426390 1151.6
1426400 1146.6
1426410 1142.0
1426420 1142.0
1426430 1137.4
1426440 1133.8
1426450 1133.8
1426460 1130.2
1426470 1124.5
1426480 1124.5
1426490 1118.0
1426500 1112.7
1426510 1112.7
1426520 1107.8
1426530 1102.6
1426540 1102.6
1426550 1097.9
1426560 1093.0
1426570 1093.0
1426580 1089.0
1426590 1085.8
1426600 1085.8
1426610 1082.6
1426620 1079.8
1426630 1073.3
1426640 1073.3
1426650 1064.8
1426660 1056.4
1426670 1056.4
1426680 1047.2
1426690 1038.1
1426700 1038.1
1426710 1028.2
1426720 1020.8
1426730 1020.8
1426740 1015.3
1426750 1009.9
1426760 1009.9
1426770 1004.0
1426780 1000.6
1426790 1000.6
1426800 998.2
1426810 994.9
1426820 994.9
1426830 990.2
1426840 986.4
1426850 986.4
1426860 981.8
1426870 976.9
1426880 976.9
1426890 972.2
1426900 967.6
1426910 963.1
1426920 963.1
1426930 956.3
1426940 950.1
1426950 950.1
1426960 945.5
1426970 940.9
1426980 940.9
1426990 935.5
1427000 932.7
1427010 932.7
1427020 929.7
1427030 925.7
1427040 925.7
1427050 921.6
1427060 916.2
1427070 916.2
1427080 908.7
1427090 903.9
1427100 903.9
1427110 900.1
1427120 896.2
1427130 896.2
1427140 892.8
1427150 889.0
1427160 885.2
1427170 885.2
1427180 880.4
1427190 875.7
1427200 875.7
1427210 871.6
1427220 868.0
1427230 868.0
1427240 863.2
1427250 857.2
1427260 857.2
1427270 852.2
1427280 846.9
1427290 846.9
1427300 842.5
1427310 839.7
1427320 839.7
1427330 836.0
1427340 830.9
1427350 830.9
1427360 827.2
1427370 823.7
1427380 823.7
1427390 819.6
1427400 816.6
1427410 812.3
1427420 812.3
1427430 808.1
1427440 805.2
1427450 805.2
1427460 802.9
1427470 802.2
1427480 802.2
1427490 802.0
1427500 801.0
1427510 801.0
1427520 800.1
1427530 799.9
1427540 799.9
1427550 800.0
1427560 800.0
1427570 800.0
1427580 800.0
1427590 800.0
1427600 800.0
1427610 800.1
1427620 800.1
1427630 800.1
1427640 800.4
1427650 799.6
1427660 799.8
1427670 799.8
1427680 799.9
1427690 800.0
1427700 800.0
1427710 800.0
1427720 800.0
1427730 800.0
1427740 799.9
1427750 799.9
1427760 799.9
1427770 799.8
1427780 800.0
1427790 800.0
1427800 800.0
1427810 800.0
1427820 800.0
1427830 800.2
1427840 800.7
1427850 800.7
1427860 799.0
1427870 801.4
1427880 801.4
1427890 801.0
1427900 800.5
1427910 800.4
1427920 800.4
1427930 800.3
1427940 800.3
1427950 800.3
1427960 800.2
1427970 800.2
1427980 800.2
1427990 800.2
1428000 800.2
1428010 800.2
1428020 800.2
1428030 800.2
1428040 800.2
1428050 800.1
1428060 800.1
1428070 800.1
1428080 800.1
1428090 800.1
1428100 800.1
1428110 800.1
1428120 800.1
1428130 800.1
1428140 800.1
1428150 800.0
1428160 800.1
1428170 800.1
1428180 800.1
1428190 800.2
1428200 800.2
1428210 800.5
1428220 800.6
1428230 800.6
1428240 802.0
1428250 803.9
1428260 803.9
1428270 805.8
1428280 808.2
1428290 808.2
1428300 811.6
1428310 815.6
1428320 815.6
1428330 819.9
1428340 824.6
1428350 824.6
1428360 830.0
1428370 836.1
1428380 836.1
1428390 841.9
1428400 847.8
1428410 854.4
1428420 854.4
1428430 860.5
1428440 867.4
1428450 867.4
1428460 874.7
1428470 881.5
1428480 881.5
1428490 888.9
1428500 896.1
1428510 896.1
1428520 903.0
1428530 909.9
1428540 909.9
1428550 917.3
1428560 925.0
1428570 925.0
1428580 932.0
1428590 939.2
1428600 939.2
1428610 946.6
1428620 953.2
1428630 953.2
1428640 959.6
1428650 966.1
1428660 973.7
1428670 973.7
1428680 981.7
1428690 989.4
1428700 989.4
1428710 997.4
1428720 1005.6
1428730 1005.6
1428740 1013.7
1428750 1022.1
1428760 1022.1
1428770 1031.8
1428780 1042.1
1428790 1042.1
1428800 1050.5
1428810 1055.3
1428820 1055.3
1428830 1058.5
1428840 1065.3
1428850 1065.3
1428860 1073.9
1428870 1083.3
1428880 1083.3
1428890 1095.4
1428900 1106.9
1428910 1116.2
1428920 1116.2
1428930 1124.0
1428940 1131.9
1428950 1131.9
1428960 1140.8
1428970 1149.2
1428980 1149.2
1428990 1158.1
1429000 1166.4
1429010 1166.4
1429020 1174.0
1429030 1181.6
1429040 1181.6
1429050 1188.2
1429060 1194.2
1429070 1194.2
1429080 1200.0
1429090 1205.4
1429100 1205.4
1429110 1211.2
1429120 1217.1
1429130 1217.1
1429140 1224.2
1429150 1231.0
1429160 1238.8
1429170 1238.8
1429180 1245.3
1429190 1251.7
1429200 1251.7
1429210 1258.0
1429220 1264.6
1429230 1264.6
1429240 1271.8
1429250 1279.1
1429260 1279.1
1429270 1287.0
1429280 1294.7
1429290 1294.7
1429300 1302.2
1429310 1310.5
1429320 1310.5
1429330 1319.3
1429340 1328.9
1429350 1328.9
1429360 1338.9
1429370 1349.4
1429380 1349.4
1429390 1356.0
1429400 1360.9
1429410 1365.3
1429420 1365.3
1429430 1369.5
1429440 1372.6
1429450 1372.6
1429460 1375.0
1429470 1376.5
1429480 1376.5
1429490 1375.8
1429500 1372.5
1429510 1372.5
1429520 1370.3
1429530 1369.7
1429540 1369.7
1429550 1367.4
1429560 1362.1
1429570 1362.1
1429580 1354.1
1429590 1346.9
1429600 1346.9
1429610 1342.5
1429620 1337.5
1429630 1337.5
1429640 1332.4
1429650 1332.1
1429660 1341.0
1429670 1341.0
1429680 1349.5
1429690 1356.6
1429700 1356.6
1429710 1363.9
1429720 1372.0
1429730 1372.0
1429740 1380.5
1429750 1389.2
1429760 1389.2
1429770 1397.6
1429780 1406.2
1429790 1406.2
1429800 1414.5
1429810 1421.9
1429820 1421.9
1429830 1429.4
1429840 1437.5
1429850 1437.5
1429860 1445.9
1429870 1454.0
1429880 1454.0
1429890 1462.4
1429900 1470.3
1429910 1477.2
1429920 1477.2
1429930 1483.2
1429940 1489.1
1429950 1489.1
1429960 1494.7
1429970 1498.8
1429980 1498.8
1429990 1500.7
1430000 1501.2
1430010 1501.2
1430020 1500.4
1430030 1498.9
1430040 1498.9
1430050 1495.3
1430060 1489.4
1430070 1489.4
1430080 1481.8
1430090 1475.0
1430100 1475.0
1430110 1468.4
1430120 1462.3
1430130 1462.3
1430140 1456.5
1430150 1450.5
1430160 1443.2
1430170 1443.2
1430180 1443.1
1430190 1450.1
1430200 1450.1
1430210 1454.7
1430220 1460.1
1430230 1460.1
1430240 1467.5
1430250 1473.7
1430260 1473.7
1430270 1480.0
1430280 1486.5
1430290 1486.5
1430300 1493.2
1430310 1499.6
1430320 1499.6
1430330 1505.9
1430340 1512.5
1430350 1512.5
1430360 1518.8
1430370 1524.9
1430380 1524.9
1430390 1531.7
1430400 1538.8
1430410 1545.5
1430420 1545.5
1430430 1552.3
1430440 1559.3
1430450 1559.3
1430460 1567.2
1430470 1573.8
1430480 1573.8
1430490 1580.8
1430500 1587.4
1430510 1587.4
1430520 1594.5
1430530 1601.2
1430540 1601.2
1430550 1607.6
1430560 1613.7
1430570 1613.7
1430580 1620.0
1430590 1626.4
1430600 1626.4
1430610 1632.5
1430620 1638.9
1430630 1638.9
1430640 1645.7
1430650 1653.0
1430660 1660.5
1430670 1660.5
1430680 1668.1
1430690 1674.9
1430700 1674.9
1430710 1679.9
1430720 1680.6
1430730 1680.6
1430740 1677.9
1430750 1672.7
1430760 1672.7
1430770 1666.6
1430780 1656.4
1430790 1656.4
1430800 1649.2
1430810 1642.9
1430820 1642.9
1430830 1636.3
1430840 1628.6
1430850 1628.6
1430860 1620.0
1430870 1616.2
1430880 1616.2
1430890 1614.6
1430900 1612.1
1430910 1609.2
1430920 1609.2
1430930 1606.6
1430940 1601.7
1430950 1601.7
1430960 1597.9
1430970 1596.0
1430980 1596.0
1430990 1594.3
1431000 1593.6
1431010 1593.6
1431020 1593.7
1431030 1595.7
1431040 1595.7
1431050 1594.8
1431060 1592.5
1431070 1592.5
1431080 1588.8
1431090 1584.3
1431100 1584.3
1431110 1579.9
1431120 1584.8
1431130 1584.8
1431140 1595.9
1431150 1604.0
1431160 1604.7
1431170 1604.7
1431180 1601.9
1431190 1596.1
1431200 1596.1
1431210 1589.5
1431220 1582.5
1431230 1582.5
1431240 1575.2
1431250 1568.1
1431260 1568.1
1431270 1561.1
1431280 1555.1
1431290 1555.1
1431300 1549.5
1431310 1544.1
1431320 1544.1
1431330 1538.8
1431340 1533.9
1431350 1533.9
1431360 1528.6
1431370 1523.8
1431380 1523.8
1431390 1518.5
1431400 1512.2
1431410 1512.2
1431420 1506.0
1431430 1499.1
1431440 1494.2
1431450 1494.2
1431460 1489.1
1431470 1482.9
1431480 1482.9
1431490 1490.6
1431500 1499.0
1431510 1499.0
1431520 1507.0
1431530 1512.0
1431540 1512.0
1431550 1515.3
1431560 1517.2
1431570 1517.2
1431580 1518.7
1431590 1519.9
1431600 1519.9
1431610 1520.6
1431620 1520.6
1431630 1520.6
1431640 1519.2
1431650 1515.5
1431660 1515.5
1431670 1516.9
1431680 1522.8
1431690 1526.6
1431700 1526.6
1431710 1528.0
1431720 1526.4
1431730 1526.4
1431740 1521.1
1431750 1521.5
1431760 1521.5
1431770 1528.5
1431780 1530.8
1431790 1530.8
1431800 1532.8
1431810 1533.4
1431820 1533.4
1431830 1536.6
1431840 1542.7
1431850 1542.7
1431860 1547.9
1431870 1554.1
1431880 1554.1
1431890 1559.3
1431900 1563.9
1431910 1563.9
1431920 1568.4
1431930 1573.6
1431940 1578.1
1431950 1578.1
1431960 1582.4
1431970 1586.1
1431980 1586.1
1431990 1590.5
1432000 1597.1
1432010 1597.1
1432020 1603.2
1432030 1608.2
1432040 1608.2
1432050 1610.5
1432060 1612.8
1432070 1612.8
1432080 1617.6
1432090 1623.7
1432100 1623.7
1432110 1629.9
1432120 1635.3
1432130 1635.3
1432140 1639.2
1432150 1643.3
1432160 1643.3
1432170 1648.3
1432180 1652.8
1432190 1656.0
1432200 1656.0
1432210 1662.9
1432220 1668.7
1432230 1668.7
1432240 1672.3
1432250 1678.0
1432260 1678.0
1432270 1684.0
1432280 1690.9
1432290 1690.9
1432300 1697.7
1432310 1704.5
1432320 1704.5
1432330 1711.3
1432340 1717.5
1432350 1717.5
1432360 1723.2
1432370 1728.8
1432380 1728.8
1432390 1734.3
1432400 1740.4
1432410 1740.4
1432420 1745.4
1432430 1749.3
1432440 1749.2
1432450 1749.2
1432460 1752.0
1432470 1757.8
1432480 1757.8
1432490 1762.2
1432500 1768.3
1432510 1768.3
1432520 1777.4
1432530 1787.4
1432540 1787.4
1432550 1794.4
1432560 1801.0
1432570 1801.0
1432580 1807.7
1432590 1814.2
1432600 1814.2
1432610 1821.1
1432620 1827.5
1432630 1827.5
1432640 1835.0
1432650 1841.7
1432660 1841.7
1432670 1848.5
1432680 1855.2
1432690 1862.2
1432700 1862.2
1432710 1869.3
1432720 1875.6
1432730 1875.6
1432740 1882.1
1432750 1888.8
1432760 1888.8
1432770 1895.8
1432780 1902.5
1432790 1902.5
1432800 1908.8
1432810 1915.0
1432820 1915.0
1432830 1921.2
1432840 1927.5
1432850 1927.5
1432860 1933.9
1432870 1940.5
1432880 1940.5
1432890 1947.4
1432900 1953.7
1432910 1953.7
1432920 1959.5
1432930 1965.1
1432940 1971.1
1432950 1971.1
1432960 1976.0
1432970 1975.9
1432980 1975.9
1432990 1970.9
1433000 1970.3
1433010 1970.3
1433020 1969.9
1433030 1970.7
1433040 1970.7
1433050 1969.4
1433060 1966.3
1433070 1966.3
1433080 1963.1
1433090 1961.6
1433100 1961.6
1433110 1961.3
1433120 1963.0
1433130 1963.0
1433140 1966.1
1433150 1968.6
1433160 1968.6
1433170 1970.3
1433180 1973.0
1433190 1971.4
1433200 1971.4
1433210 1974.8
1433220 1978.0
1433230 1978.0
1433240 1983.6
1433250 1989.7
1433260 1989.7
1433270 1994.3
1433280 1996.8
1433290 1996.8
1433300 2000.8
1433310 2008.2
1433320 2008.2
1433330 2014.7
1433340 2025.5
1433350 2025.5
1433360 2034.4
1433370 2043.9
1433380 2043.9
1433390 2053.0
1433400 2061.9
1433410 2061.9
1433420 2075.5
1433430 2084.5
1433440 2095.7
1433450 2095.7
1433460 2103.8
1433470 2112.1
1433480 2112.1
1433490 2117.8
1433500 2119.9
1433510 2119.9
1433520 2121.5
1433530 2123.5
1433540 2123.5
1433550 2125.7
1433560 2127.7
1433570 2127.7
1433580 2129.8
1433590 2131.7
1433600 2131.7
1433610 2133.4
1433620 2134.4
1433630 2134.4
1433640 2134.9
1433650 2134.6
1433660 2134.6
1433670 2134.3
1433680 2135.3
1433690 2136.8
1433700 2136.8
1433710 2138.4
1433720 2140.0
1433730 2140.0
1433740 2141.9
1433750 2144.6
1433760 2144.6
1433770 2146.6
1433780 2150.7
1433790 2150.7
1433800 2154.3
1433810 2157.7
1433820 2157.7
1433830 2160.9
1433840 2164.6
1433850 2164.6
1433860 2169.2
1433870 2174.0
1433880 2174.0
1433890 2178.5
1433900 2182.9
1433910 2182.9
1433920 2187.6
1433930 2193.1
1433940 2199.4
1433950 2199.4
1433960 2205.8
1433970 2212.2
1433980 2212.2
1433990 2218.1
1434000 2223.0
1434010 2223.0
1434020 2227.4
1434030 2224.2
1434040 2224.2
1434050 2217.5
1434060 2211.0
1434070 2211.0
1434080 2204.3
1434090 2198.1
1434100 2198.1
1434110 2191.7
1434120 2186.8
1434130 2186.8
1434140 2181.9
1434150 2176.9
1434160 2176.9
1434170 2171.8
1434180 2166.6
1434190 2161.6
1434200 2161.6
1434210 2156.5
1434220 2152.1
1434230 2152.1
1434240 2146.7
1434250 2142.4
1434260 2142.4
1434270 2138.4
1434280 2134.0
1434290 2134.0
1434300 2129.4
1434310 2123.9
1434320 2123.9
1434330 2118.4
1434340 2112.3
1434350 2112.3
1434360 2106.4
1434370 2101.2
1434380 2101.2
1434390 2095.6
1434400 2092.9
1434410 2092.9
1434420 2091.0
1434430 2088.3
1434440 2084.3
1434450 2084.3
1434460 2080.7
1434470 2080.8
1434480 2080.8
1434490 2075.1
1434500 2073.5
1434510 2073.5
1434520 2078.2
1434530 2080.3
1434540 2080.3
1434550 2081.4
1434560 2080.6
1434570 2080.6
1434580 2082.8
1434590 2084.9
1434600 2084.9
1434610 2088.4
1434620 2093.2
1434630 2093.2
1434640 2098.0
1434650 2098.2
1434660 2098.2
1434670 2095.2
1434680 2092.9
1434690 2090.1
1434700 2090.1
1434710 2091.0
1434720 2094.2
1434730 2094.2
1434740 2097.3
1434750 2100.4
1434760 2100.4
1434770 2106.1
1434780 2109.6
1434790 2109.6
1434800 2110.8
1434810 2110.9
1434820 2110.9
1434830 2112.8
1434840 2114.3
1434850 2114.3
1434860 2114.5
1434870 2115.0
1434880 2115.0
1434890 2116.8
1434900 2119.4
1434910 2119.4
1434920 2119.3
1434930 2107.7
1434940 2095.2
1434950 2095.2
1434960 2090.5
1434970 2088.5
1434980 2088.5
1434990 2078.6
1435000 2067.8
1435010 2067.8
1435020 2060.9
1435030 2055.0
1435040 2055.0
1435050 2049.0
1435060 2044.1
1435070 2044.1
1435080 2038.6
1435090 2032.8
1435100 2032.8
1435110 2028.9
1435120 2024.1
1435130 2024.1
1435140 2020.5
1435150 2016.4
1435160 2016.4
1435170 2012.7
1435180 2012.7
1435190 2011.2
1435200 2011.2
1435210 2010.6
1435220 2013.1
1435230 2013.1
1435240 2013.9
1435250 2014.1
1435260 2014.1
1435270 2016.6
1435280 2019.5
1435290 2019.5
1435300 2022.4
1435310 2024.9
1435320 2024.9
1435330 2025.7
1435340 2030.2
1435350 2030.2
1435360 2034.1
1435370 2037.1
1435380 2037.1
1435390 2042.3
1435400 2045.7
1435410 2045.7
1435420 2047.8
1435430 2056.1
1435440 2056.1
1435450 2059.7
1435460 2062.5
1435470 2066.0
1435480 2066.0
1435490 2072.4
1435500 2079.3
1435510 2079.3
1435520 2087.7
1435530 2102.3
1435540 2102.3
1435550 2111.0
1435560 2120.2
1435570 2120.2
1435580 2139.7
1435590 2152.0
1435600 2152.0
1435610 2165.7
1435620 2179.4
1435630 2179.4
1435640 2184.1
1435650 2188.2
1435660 2188.2
1435670 2191.6
1435680 2195.7
1435690 2195.7
1435700 2192.3
1435710 2184.2
1435720 2177.8
1435730 2183.9
1435740 2178.5
1435750 2172.9
1435760 2172.9
1435770 2168.4
1435780 2163.7
1435790 2163.7
1435800 2160.7
1435810 2157.6
1435820 2157.6
1435830 2154.5
1435840 2150.6
1435850 2150.6
1435860 2147.4
1435870 2144.3
1435880 2144.3
1435890 2144.1
1435900 2143.8
1435910 2143.8
1435920 2145.5
1435930 2149.8
1435940 2149.8
1435950 2153.0
1435960 2155.1
1435970 2156.2
1435980 2156.2
1435990 2156.4
1436000 2144.5
1436010 2144.5
1436020 2131.0
1436030 2117.5
1436040 2117.5
1436050 2106.4
1436060 2099.0
1436070 2099.0
1436080 2094.0
1436090 2089.7
1436100 2089.7
1436110 2082.9
1436120 2074.2
1436130 2074.2
1436140 2062.4
1436150 2053.7
1436160 2053.7
1436170 2047.9
1436180 2041.9
1436190 2041.9
1436200 2037.1
1436210 2032.5
1436220 2027.7
1436230 2027.7
1436240 2022.2
1436250 2014.0
1436260 2014.0
1436270 2001.4
1436280 1988.9
1436290 1988.9
1436300 1978.2
1436310 1971.4
1436320 1971.4
1436330 1964.9
1436340 1960.0
1436350 1960.0
1436360 1954.2
1436370 1944.5
1436380 1944.5
1436390 1934.2
1436400 1926.5
1436410 1926.5
1436420 1919.0
1436430 1911.0
1436440 1911.0
1436450 1902.3
1436460 1894.2
1436470 1889.5
1436480 1889.5
1436490 1882.3
1436500 1871.4
1436510 1871.4
1436520 1860.9
1436530 1855.9
1436540 1855.9
1436550 1855.4
1436560 1854.8
1436570 1854.8
1436580 1848.2
1436590 1841.2
1436600 1841.2
1436610 1836.4
1436620 1829.7
1436630 1829.7
1436640 1819.0
1436650 1807.9
1436660 1807.9
1436670 1799.3
1436680 1790.9
1436690 1790.9
1436700 1779.0
1436710 1767.1
1436720 1755.9
1436730 1755.9
1436740 1747.0
1436750 1743.0
1436760 1743.0
1436770 1739.2
1436780 1735.3
1436790 1735.3
1436800 1730.9
1436810 1724.9
1436820 1724.9
1436830 1718.9
1436840 1714.3
1436850 1714.3
1436860 1710.2
1436870 1705.6
1436880 1705.6
1436890 1699.5
1436900 1691.4
1436910 1691.4
1436920 1683.1
1436930 1675.8
1436940 1675.8
1436950 1671.7
1436960 1669.7
1436970 1667.8
1436980 1667.8
1436990 1662.7
1437000 1657.2
1437010 1657.2
1437020 1650.7
1437030 1645.7
1437040 1645.7
1437050 1641.6
1437060 1637.1
1437070 1637.1
1437080 1631.8
1437090 1624.5
1437100 1624.5
1437110 1616.8
1437120 1608.7
1437130 1608.7
1437140 1601.2
1437150 1591.2
1437160 1591.2
1437170 1580.5
1437180 1571.5
1437190 1571.5
1437200 1565.9
1437210 1562.7
1437220 1559.9
1437230 1559.9
1437240 1553.3
1437250 1547.1
1437260 1547.1
1437270 1543.3
1437280 1540.4
1437290 1540.4
1437300 1535.0
1437310 1530.5
1437320 1530.5
1437330 1527.6
1437340 1525.3
1437350 1525.3
1437360 1521.6
1437370 1515.4
1437380 1515.4
1437390 1509.8
1437400 1506.2
1437410 1506.2
1437420 1503.6
1437430 1501.5
1437440 1501.5
1437450 1499.0
1437460 1495.7
1437470 1492.2
1437480 1492.2
1437490 1488.4
1437500 1483.9
1437510 1483.9
1437520 1482.3
1437530 1482.8
1437540 1482.8
1437550 1480.3
1437560 1474.3
1437570 1474.3
1437580 1468.5
1437590 1465.5
1437600 1465.5
1437610 1465.4
1437620 1460.9
1437630 1460.9
1437640 1454.0
1437650 1443.7
1437660 1443.7
1437670 1432.3
1437680 1422.7
1437690 1422.7
1437700 1414.5
1437710 1407.1
1437720 1401.9
1437730 1401.9
1437740 1401.8
1437750 1401.8
1437760 1401.8
1437770 1402.6
1437780 1401.2
1437790 1401.2
1437800 1399.7
1437810 1400.1
1437820 1400.1
1437830 1400.4
1437840 1401.9
1437850 1401.9
1437860 1403.6
1437870 1402.4
1437880 1402.4
1437890 1398.7
1437900 1392.4
1437910 1392.4
1437920 1387.6
1437930 1388.2
1437940 1388.2
1437950 1392.9
1437960 1396.6
1437970 1395.4
1437980 1395.4
1437990 1390.7
1438000 1386.3
1438010 1386.3
1438020 1382.6
1438030 1378.4
1438040 1378.4
1438050 1375.0
1438060 1371.8
1438070 1371.8
1438080 1367.3
1438090 1362.5
1438100 1362.5
1438110 1358.2
1438120 1354.2
1438130 1354.2
1438140 1351.7
1438150 1349.0
1438160 1349.0
1438170 1344.5
1438180 1339.4
1438190 1339.4
1438200 1334.0
1438210 1330.1
1438220 1326.4
1438230 1326.4
1438240 1322.8
1438250 1319.7
1438260 1319.7
1438270 1317.0
1438280 1313.4
1438290 1313.4
1438300 1307.8
1438310 1298.7
1438320 1298.7
1438330 1290.5
1438340 1286.1
1438350 1286.1
1438360 1287.6
1438370 1294.3
1438380 1294.3
1438390 1304.8
1438400 1307.3
1438410 1307.3
1438420 1307.1
1438430 1307.0
1438440 1307.0
1438450 1307.3
1438460 1307.2
1438470 1307.3
1438480 1307.3
1438490 1307.3
1438500 1307.4
1438510 1307.4
1438520 1308.5
1438530 1309.4
1438540 1309.4
1438550 1311.4
1438560 1317.9
1438570 1317.9
1438580 1325.8
1438590 1333.6
1438600 1333.6
1438610 1340.3
1438620 1347.1
1438630 1347.1
1438640 1353.8
1438650 1360.1
1438660 1360.1
1438670 1366.7
1438680 1373.7
1438690 1373.7
1438700 1381.0
1438710 1388.7
1438720 1396.5
1438730 1396.5
1438740 1404.7
1438750 1411.8
1438760 1411.8
1438770 1418.6
1438780 1425.5
1438790 1425.5
1438800 1432.2
1438810 1438.7
1438820 1438.7
1438830 1445.6
1438840 1452.6
1438850 1452.6
1438860 1459.8
1438870 1467.1
1438880 1467.1
1438890 1474.5
1438900 1482.2
1438910 1482.2
1438920 1489.3
1438930 1496.6
1438940 1496.6
1438950 1504.0
1438960 1510.2
1438970 1516.3
1438980 1516.3
1438990 1520.6
1439000 1523.7
1439010 1523.7
1439020 1526.7
1439030 1531.6
1439040 1531.6
1439050 1537.4
1439060 1542.9
1439070 1542.9
1439080 1547.5
1439090 1552.2
1439100 1552.2
1439110 1557.5
1439120 1563.9
1439130 1563.9
1439140 1570.7
1439150 1578.0
1439160 1578.0
1439170 1586.5
1439180 1595.9
1439190 1595.9
1439200 1604.2
1439210 1613.4
1439220 1621.4
1439230 1621.4
1439240 1628.9
1439250 1636.5
1439260 1636.5
1439270 1644.9
1439280 1655.3
1439290 1655.3
1439300 1667.2
1439310 1676.2
1439320 1676.2
1439330 1683.6
1439340 1690.1
1439350 1690.1
1439360 1697.0
1439370 1703.3
1439380 1703.3
1439390 1709.3
1439400 1715.7
1439410 1715.7
1439420 1722.2
1439430 1728.7
1439440 1728.7
1439450 1736.1
1439460 1744.1
1439470 1752.2
1439480 1752.2
1439490 1760.2
1439500 1767.9
1439510 1767.9
1439520 1774.1
1439530 1779.8
1439540 1779.8
1439550 1785.7
1439560 1791.9
1439570 1791.9
1439580 1798.5
1439590 1805.3
1439600 1805.3
1439610 1811.9
1439620 1818.4
1439630 1818.4
1439640 1825.2
1439650 1831.8
1439660 1831.8
1439670 1838.9
1439680 1846.1
1439690 1846.1
1439700 1852.8
1439710 1860.4
1439720 1860.4
1439730 1868.5
1439740 1877.6
1439750 1888.9
1439760 1888.9
1439770 1899.9
1439780 1905.8
1439790 1905.8
1439800 1911.7
1439810 1918.0
1439820 1918.0
1439830 1923.7
1439840 1929.8
1439850 1929.8
1439860 1934.5
1439870 1939.7
1439880 1939.7
1439890 1944.4
1439900 1949.6
1439910 1949.6
1439920 1954.2
1439930 1958.3
1439940 1958.3
1439950 1963.7
1439960 1968.9
1439970 1968.9
1439980 1973.6
1439990 1978.5
