1420000 1516.1
1420010 1523.6
1420020 1531.0
1420030 1531.0
1420040 1539.2
1420050 1547.3
1420060 1547.3
1420070 1556.0
1420080 1565.8
1420090 1565.8
1420100 1577.1
1420110 1588.2
1420120 1588.2
1420130 1600.1
1420140 1607.6
1420150 1607.6
1420160 1615.6
1420170 1623.7
1420180 1623.7
1420190 1632.2
1420200 1639.5
1420210 1639.5
1420220 1640.1
1420230 1641.3
1420240 1644.7
1420250 1644.7
1420260 1649.5
1420270 1655.4
1420280 1655.4
1420290 1661.2
1420300 1667.1
1420310 1667.1
1420320 1673.5
1420330 1680.1
1420340 1680.1
1420350 1686.2
1420360 1691.2
1420370 1691.2
1420380 1697.6
1420390 1706.0
1420400 1706.0
1420410 1714.9
1420420 1723.3
1420430 1723.3
1420440 1733.1
1420450 1743.1
1420460 1743.1
1420470 1750.1
1420480 1755.9
1420490 1762.3
1420500 1762.3
1420510 1770.2
1420520 1779.9
1420530 1779.9
1420540 1790.0
1420550 1797.4
1420560 1797.4
1420570 1804.0
1420580 1810.5
1420590 1810.5
1420600 1816.7
1420610 1823.1
1420620 1823.1
1420630 1830.4
1420640 1838.1
1420650 1838.1
1420660 1845.1
1420670 1849.7
1420680 1849.7
1420690 1853.1
1420700 1857.8
1420710 1857.8
1420720 1863.6
1420730 1868.3
1420740 1868.3
1420750 1871.9
1420760 1875.7
1420770 1879.9
1420780 1879.9
1420790 1884.1
1420800 1888.7
1420810 1888.7
1420820 1890.9
1420830 1892.2
1420840 1892.2
1420850 1892.3
1420860 1892.0
1420870 1892.0
1420880 1890.8
1420890 1888.0
1420900 1888.0
1420910 1885.0
1420920 1882.6
1420930 1882.6
1420940 1879.5
1420950 1875.0
1420960 1875.0
1420970 1867.4
1420980 1859.5
1420990 1859.5
1421000 1845.9
1421010 1835.2
1421020 1828.8
1421030 1828.8
1421040 1824.8
1421050 1822.5
1421060 1822.5
1421070 1819.6
1421080 1816.2
1421090 1816.2
1421100 1812.2
1421110 1807.8
1421120 1807.8
1421130 1801.5
1421140 1792.1
1421150 1792.1
1421160 1785.3
1421170 1784.8
1421180 1784.8
1421190 1785.8
1421200 1784.1
1421210 1784.1
1421220 1781.8
1421230 1779.0
1421240 1779.0
1421250 1779.2
1421260 1777.3
1421270 1773.8
1421280 1773.8
1421290 1770.3
1421300 1766.6
1421310 1766.6
1421320 1763.1
1421330 1760.2
1421340 1760.2
1421350 1757.0
1421360 1753.5
1421370 1753.5
1421380 1758.5
1421390 1753.9
1421400 1753.9
1421410 1748.5
1421420 1743.3
1421430 1743.3
1421440 1739.0
1421450 1733.9
1421460 1733.9
1421470 1729.0
1421480 1726.4
1421490 1726.4
1421500 1725.6
1421510 1727.1
1421520 1724.4
1421530 1724.4
1421540 1719.8
1421550 1713.6
1421560 1713.6
1421570 1706.3
1421580 1698.1
1421590 1698.1
1421600 1692.0
1421610 1688.4
1421620 1688.4
1421630 1686.5
1421640 1677.9
1421650 1677.9
1421660 1670.8
1421670 1665.9
1421680 1665.9
1421690 1658.4
1421700 1651.6
1421710 1651.6
1421720 1645.7
1421730 1641.4
1421740 1641.4
1421750 1638.8
1421760 1637.0
1421770 1633.3
1421780 1633.3
1421790 1628.0
1421800 1621.0
1421810 1621.0
1421820 1611.8
1421830 1602.5
1421840 1602.5
1421850 1593.1
1421860 1588.7
1421870 1588.7
1421880 1583.5
1421890 1577.4
1421900 1577.4
1421910 1571.5
1421920 1566.4
1421930 1566.4
1421940 1562.9
1421950 1559.8
1421960 1559.8
1421970 1555.6
1421980 1550.0
1421990 1550.0
1422000 1542.6
1422010 1534.5
1422020 1525.5
1422030 1525.5
1422040 1516.6
1422050 1508.0
1422060 1508.0
1422070 1500.3
1422080 1493.0
1422090 1493.0
1422100 1486.1
1422110 1481.0
1422120 1481.0
1422130 1480.9
1422140 1485.5
1422150 1485.5
1422160 1492.4
1422170 1499.6
1422180 1499.6
1422190 1507.2
1422200 1515.6
1422210 1515.6
1422220 1523.5
1422230 1531.7
1422240 1531.7
1422250 1540.1
1422260 1547.3
1422270 1549.6
1422280 1549.6
1422290 1544.6
1422300 1538.5
1422310 1538.5
1422320 1537.8
1422330 1541.6
1422340 1541.6
1422350 1548.3
1422360 1553.9
1422370 1553.9
1422380 1559.2
1422390 1564.5
1422400 1564.5
1422410 1569.8
1422420 1575.2
1422430 1575.2
1422440 1581.1
1422450 1586.0
1422460 1586.0
1422470 1590.8
1422480 1597.5
1422490 1597.5
1422500 1603.6
1422510 1608.1
1422520 1610.4
1422530 1610.4
1422540 1614.8
1422550 1619.8
1422560 1619.8
1422570 1623.5
1422580 1625.6
1422590 1625.6
1422600 1626.8
1422610 1627.6
1422620 1627.6
1422630 1628.9
1422640 1629.6
1422650 1629.6
1422660 1630.2
1422670 1631.0
1422680 1631.0
1422690 1632.7
1422700 1634.6
1422710 1634.6
1422720 1637.0
1422730 1639.3
1422740 1639.3
1422750 1640.0
1422760 1639.6
1422770 1640.0
1422780 1640.0
1422790 1643.6
1422800 1650.1
1422810 1650.1
1422820 1657.5
1422830 1665.5
1422840 1665.5
1422850 1668.9
1422860 1670.0
1422870 1670.0
1422880 1671.4
1422890 1672.9
1422900 1672.9
1422910 1675.4
1422920 1677.9
1422930 1677.9
1422940 1680.2
1422950 1682.2
1422960 1682.2
1422970 1684.0
1422980 1685.6
1422990 1685.6
1423000 1687.2
1423010 1688.7
1423020 1688.7
1423030 1690.3
1423040 1691.9
1423050 1693.9
1423060 1693.9
1423070 1696.1
1423080 1697.9
1423090 1697.9
1423100 1699.3
1423110 1701.3
1423120 1701.3
1423130 1703.6
1423140 1706.6
1423150 1706.6
1423160 1709.8
1423170 1713.0
1423180 1713.0
1423190 1716.1
1423200 1719.5
1423210 1719.5
1423220 1723.0
1423230 1726.6
1423240 1726.6
1423250 1730.1
1423260 1733.7
1423270 1733.7
1423280 1736.3
1423290 1740.2
1423300 1744.2
1423310 1744.2
1423320 1748.1
1423330 1751.6
1423340 1751.6
1423350 1755.1
1423360 1759.1
1423370 1759.1
1423380 1763.2
1423390 1767.1
1423400 1767.1
1423410 1771.0
1423420 1777.0
1423430 1777.0
1423440 1780.5
1423450 1784.4
1423460 1784.4
1423470 1788.4
1423480 1790.9
1423490 1790.9
1423500 1793.1
1423510 1794.9
1423520 1794.9
1423530 1794.5
1423540 1792.4
1423550 1788.0
1423560 1788.0
1423570 1783.1
1423580 1778.3
1423590 1778.3
1423600 1774.2
1423610 1770.1
1423620 1770.1
1423630 1765.6
1423640 1761.0
1423650 1761.0
1423660 1756.0
1423670 1750.6
1423680 1750.6
1423690 1745.4
1423700 1740.4
1423710 1740.4
1423720 1735.9
1423730 1731.7
1423740 1731.7
1423750 1727.1
1423760 1723.4
1423770 1723.4
1423780 1719.9
1423790 1716.1
1423800 1711.8
1423810 1711.8
1423820 1707.6
1423830 1703.3
1423840 1703.3
1423850 1697.7
1423860 1691.8
1423870 1691.8
1423880 1686.3
1423890 1681.7
1423900 1681.7
1423910 1677.4
1423920 1673.3
1423930 1673.3
1423940 1668.9
1423950 1665.0
1423960 1665.0
1423970 1661.3
1423980 1657.5
1423990 1657.5
1424000 1653.0
1424010 1648.9
1424020 1648.9
1424030 1644.8
1424040 1640.6
1424050 1636.3
1424060 1636.3
1424070 1632.5
1424080 1628.1
1424090 1628.1
1424100 1623.5
1424110 1619.4
1424120 1619.4
1424130 1615.4
1424140 1610.8
1424150 1610.8
1424160 1604.5
1424170 1600.0
1424180 1600.0
1424190 1596.3
1424200 1592.1
1424210 1592.1
1424220 1587.7
1424230 1584.0
1424240 1584.0
1424250 1580.7
1424260 1578.0
1424270 1578.0
1424280 1575.3
1424290 1573.2
1424300 1570.4
1424310 1570.4
1424320 1566.2
1424330 1562.7
1424340 1562.7
1424350 1559.6
1424360 1557.9
1424370 1557.9
1424380 1554.2
1424390 1549.8
1424400 1549.8
1424410 1545.2
1424420 1539.7
1424430 1539.7
1424440 1533.6
1424450 1527.9
1424460 1527.9
1424470 1523.2
1424480 1518.5
1424490 1518.5
1424500 1514.2
1424510 1510.2
1424520 1510.2
1424530 1506.5
1424540 1502.2
1424550 1497.6
1424560 1497.6
1424570 1492.5
1424580 1487.1
1424590 1487.1
1424600 1481.4
1424610 1476.2
1424620 1476.2
1424630 1472.0
1424640 1467.6
1424650 1467.6
1424660 1463.2
1424670 1458.8
1424680 1458.8
1424690 1453.6
1424700 1447.1
1424710 1447.1
1424720 1438.8
1424730 1430.8
1424740 1430.8
1424750 1425.6
1424760 1422.3
1424770 1422.3
1424780 1418.9
1424790 1416.0
1424800 1414.4
1424810 1414.4
1424820 1414.2
1424830 1410.0
1424840 1410.0
1424850 1403.8
1424860 1396.6
1424870 1396.6
1424880 1388.3
1424890 1383.3
1424900 1383.3
1424910 1382.4
1424920 1380.4
1424930 1380.4
1424940 1378.6
1424950 1375.6
1424960 1375.6
1424970 1370.3
1424980 1364.3
1424990 1364.3
1425000 1358.6
1425010 1354.6
1425020 1354.6
1425030 1351.2
1425040 1347.3
1425050 1342.7
1425060 1342.7
1425070 1338.8
1425080 1335.7
1425090 1335.7
1425100 1331.4
1425110 1327.0
1425120 1327.0
1425130 1317.8
1425140 1307.9
1425150 1307.9
1425160 1304.2
1425170 1302.3
1425180 1302.3
1425190 1298.3
1425200 1294.9
1425210 1294.9
1425220 1295.0
1425230 1296.2
1425240 1296.2
1425250 1292.4
1425260 1287.8
1425270 1287.8
1425280 1283.8
1425290 1279.3
1425300 1279.3
1425310 1275.9
1425320 1273.7
1425330 1273.9
1425340 1273.9
1425350 1274.5
1425360 1275.1
1425370 1275.1
1425380 1274.5
1425390 1273.5
1425400 1273.5
1425410 1271.4
1425420 1268.8
1425430 1268.8
1425440 1267.5
1425450 1270.8
1425460 1270.8
1425470 1272.8
1425480 1271.6
1425490 1271.6
1425500 1267.6
1425510 1266.2
1425520 1266.2
1425530 1263.9
1425540 1266.7
1425550 1266.7
1425560 1264.9
1425570 1267.0
1425580 1266.2
1425590 1266.2
1425600 1263.2
1425610 1260.7
1425620 1260.7
1425630 1260.7
1425640 1262.1
1425650 1262.1
1425660 1257.4
1425670 1252.8
1425680 1252.8
1425690 1248.2
1425700 1243.7
1425710 1243.7
1425720 1235.9
1425730 1233.1
1425740 1233.1
1425750 1229.1
1425760 1223.3
1425770 1223.3
1425780 1222.1
1425790 1218.9
1425800 1218.9
1425810 1215.2
1425820 1211.9
1425830 1209.0
1425840 1209.0
1425850 1207.7
1425860 1206.3
1425870 1206.3
1425880 1201.2
1425890 1195.9
1425900 1195.9
1425910 1191.6
1425920 1188.3
1425930 1188.3
1425940 1183.3
1425950 1177.1
1425960 1177.1
1425970 1171.5
1425980 1168.7
1425990 1168.7
1426000 1157.0
1426010 1148.3
1426020 1148.3
1426030 1143.4
1426040 1140.2
1426050 1140.2
1426060 1138.6
1426070 1135.9
1426080 1131.9
1426090 1131.9
1426100 1122.5
1426110 1116.3
1426120 1116.3
1426130 1110.4
1426140 1105.0
1426150 1105.0
1426160 1099.5
1426170 1093.9
1426180 1093.9
1426190 1091.0
1426200 1085.8
1426210 1085.8
1426220 1078.7
1426230 1068.5
1426240 1068.5
1426250 1059.1
1426260 1051.7
1426270 1051.7
1426280 1043.4
1426290 1037.4
1426300 1037.4
1426310 1033.2
1426320 1028.2
1426330 1022.0
1426340 1022.0
1426350 1017.9
1426360 1016.1
1426370 1016.1
1426380 1015.8
1426390 1015.8
1426400 1015.8
1426410 1014.2
1426420 1010.6
1426430 1010.6
1426440 1006.4
1426450 1002.5
1426460 1002.5
1426470 998.8
1426480 996.3
1426490 996.3
1426500 992.3
1426510 989.2
1426520 989.2
1426530 986.0
1426540 983.4
1426550 983.4
1426560 982.1
1426570 980.0
1426580 977.8
1426590 977.8
1426600 975.8
1426610 974.3
1426620 974.3
1426630 972.3
1426640 969.8
1426650 969.8
1426660 967.0
1426670 964.5
1426680 964.5
1426690 962.0
1426700 960.0
1426710 960.0
1426720 956.2
1426730 952.7
1426740 952.7
1426750 950.1
1426760 947.5
1426770 947.5
1426780 945.0
1426790 941.7
1426800 941.7
1426810 937.1
1426820 932.1
1426830 928.2
1426840 928.2
1426850 925.0
1426860 921.1
1426870 921.1
1426880 917.3
1426890 913.8
1426900 913.8
1426910 911.5
1426920 910.1
1426930 910.1
1426940 907.8
1426950 907.4
1426960 907.4
1426970 908.3
1426980 905.7
1426990 905.7
1427000 901.7
1427010 898.0
1427020 898.0
1427030 894.5
1427040 891.0
1427050 891.0
1427060 886.5
1427070 882.4
1427080 878.2
1427090 878.2
1427100 874.8
1427110 871.3
1427120 871.3
1427130 866.6
1427140 862.4
1427150 862.4
1427160 857.6
1427170 853.3
1427180 853.3
1427190 851.1
1427200 849.9
1427210 849.9
1427220 849.0
1427230 848.0
1427240 848.0
1427250 847.5
1427260 847.1
1427270 847.1
1427280 845.8
1427290 844.7
1427300 844.7
1427310 843.5
1427320 842.5
1427330 841.4
1427340 841.4
1427350 840.3
1427360 839.2
1427370 839.2
1427380 838.1
1427390 837.1
1427400 837.1
1427410 836.3
1427420 835.6
1427430 835.6
1427440 834.8
1427450 833.8
1427460 833.8
1427470 832.8
1427480 831.7
1427490 831.7
1427500 830.3
1427510 828.6
1427520 828.6
1427530 827.0
1427540 825.9
1427550 825.9
1427560 824.9
1427570 823.7
1427580 823.7
1427590 822.5
1427600 821.4
1427610 820.3
1427620 820.3
1427630 819.3
1427640 818.3
1427650 818.3
1427660 816.5
1427670 815.1
1427680 815.1
1427690 813.9
1427700 812.6
1427710 812.6
1427720 811.4
1427730 810.1
1427740 810.1
1427750 808.9
1427760 808.1
1427770 808.1
1427780 807.3
1427790 806.4
1427800 806.4
1427810 805.7
1427820 805.1
1427830 805.1
1427840 804.4
1427850 803.6
1427860 802.8
1427870 802.8
1427880 802.2
1427890 801.6
1427900 801.6
1427910 801.0
1427920 800.6
1427930 800.6
1427940 799.6
1427950 799.4
1427960 799.4
1427970 798.6
1427980 795.8
1427990 795.8
1428000 798.4
1428010 803.7
1428020 803.7
1428030 805.9
1428040 807.8
1428050 807.8
1428060 810.0
1428070 812.3
1428080 812.3
1428090 814.6
1428100 816.9
1428110 819.2
1428120 819.2
1428130 822.0
1428140 824.1
1428150 824.1
1428160 826.8
1428170 829.0
1428180 829.0
1428190 831.2
1428200 833.7
1428210 833.7
1428220 836.3
1428230 838.6
1428240 838.6
1428250 841.4
1428260 844.1
1428270 844.1
1428280 846.2
1428290 848.2
1428300 848.2
1428310 851.0
1428320 853.1
1428330 853.1
1428340 855.7
1428350 857.2
1428360 861.1
1428370 861.1
1428380 867.3
1428390 873.4
1428400 873.4
1428410 879.1
1428420 886.4
1428430 886.4
1428440 894.3
1428450 902.7
1428460 902.7
1428470 911.8
1428480 922.3
1428490 922.3
1428500 933.8
1428510 943.5
1428520 943.5
1428530 953.1
1428540 961.9
1428550 961.9
1428560 970.2
1428570 978.5
1428580 978.5
1428590 986.7
1428600 995.6
1428610 1004.3
1428620 1004.3
1428630 1013.0
1428640 1020.3
1428650 1020.3
1428660 1026.3
1428670 1029.1
1428680 1029.1
1428690 1029.4
1428700 1023.5
1428710 1023.5
1428720 1017.0
1428730 1014.8
1428740 1014.8
1428750 1018.8
1428760 1029.3
1428770 1029.3
1428780 1035.4
1428790 1043.6
1428800 1043.6
1428810 1056.1
1428820 1073.1
1428830 1073.1
1428840 1082.8
1428850 1089.5
1428860 1101.1
1428870 1101.1
1428880 1117.7
1428890 1126.5
1428900 1126.5
1428910 1134.2
1428920 1143.5
1428930 1143.5
1428940 1152.4
1428950 1160.5
1428960 1160.5
1428970 1168.7
1428980 1176.7
1428990 1176.7
1429000 1184.9
1429010 1193.0
1429020 1193.0
1429030 1201.0
1429040 1208.6
1429050 1208.6
1429060 1215.9
1429070 1223.2
1429080 1223.2
1429090 1230.4
1429100 1237.7
1429110 1244.4
1429120 1244.4
1429130 1251.2
1429140 1258.0
1429150 1258.0
1429160 1264.6
1429170 1271.6
1429180 1271.6
1429190 1278.7
1429200 1285.1
1429210 1285.1
1429220 1291.7
1429230 1298.2
1429240 1298.2
1429250 1306.0
1429260 1315.4
1429270 1315.4
1429280 1324.7
1429290 1333.1
1429300 1333.1
1429310 1341.9
1429320 1349.4
1429330 1349.4
1429340 1357.5
1429350 1366.5
1429360 1369.8
1429370 1369.8
1429380 1375.2
1429390 1382.3
1429400 1382.3
1429410 1385.9
1429420 1394.2
1429430 1394.2
1429440 1404.5
1429450 1414.7
1429460 1414.7
1429470 1424.5
1429480 1433.0
1429490 1433.0
1429500 1441.7
1429510 1451.2
1429520 1451.2
1429530 1460.1
1429540 1470.6
1429550 1470.6
1429560 1482.4
1429570 1495.0
1429580 1495.0
1429590 1506.5
1429600 1513.3
1429610 1523.6
1429620 1523.6
1429630 1536.2
1429640 1544.6
1429650 1544.6
1429660 1552.5
1429670 1559.9
1429680 1559.9
1429690 1566.6
1429700 1572.5
1429710 1572.5
1429720 1576.4
1429730 1580.7
1429740 1580.7
1429750 1582.0
1429760 1582.3
1429770 1582.3
1429780 1585.0
1429790 1589.1
1429800 1589.1
1429810 1593.7
1429820 1603.0
1429830 1603.0
1429840 1612.9
1429850 1622.1
1429860 1632.4
1429870 1632.4
1429880 1639.5
1429890 1647.5
1429900 1647.5
1429910 1656.9
1429920 1669.8
1429930 1669.8
1429940 1675.8
1429950 1681.4
1429960 1681.4
1429970 1682.9
1429980 1690.1
1429990 1690.1
1430000 1701.8
1430010 1713.1
1430020 1718.1
1430030 1726.3
1430040 1734.2
1430050 1734.2
1430060 1740.9
1430070 1747.4
1430080 1747.4
1430090 1753.9
1430100 1760.1
1430110 1760.1
1430120 1766.1
1430130 1772.2
1430140 1778.6
1430150 1778.6
1430160 1784.5
1430170 1789.9
1430180 1789.9
1430190 1795.3
1430200 1800.5
1430210 1800.5
1430220 1805.1
1430230 1809.2
1430240 1809.2
1430250 1813.4
1430260 1817.1
1430270 1817.1
1430280 1820.5
1430290 1823.7
1430300 1823.7
1430310 1827.1
1430320 1830.3
1430330 1830.3
1430340 1833.3
1430350 1836.1
1430360 1836.1
1430370 1838.4
1430380 1839.6
1430390 1841.3
1430400 1841.3
1430410 1843.3
1430420 1845.9
1430430 1845.9
1430440 1848.8
1430450 1851.2
1430460 1851.2
1430470 1853.6
1430480 1855.8
1430490 1855.8
1430500 1857.7
1430510 1858.6
1430520 1858.6
1430530 1858.8
1430540 1859.4
1430550 1859.4
1430560 1860.2
1430570 1862.0
1430580 1862.0
1430590 1865.5
1430600 1869.2
1430610 1869.2
1430620 1873.1
1430630 1877.8
1430640 1882.9
1430650 1882.9
1430660 1888.3
1430670 1893.1
1430680 1893.1
1430690 1897.8
1430700 1902.5
1430710 1902.5
1430720 1907.3
1430730 1912.0
1430740 1912.0
1430750 1917.0
1430760 1922.1
1430770 1922.1
1430780 1927.3
1430790 1932.9
1430800 1932.9
1430810 1938.6
1430820 1944.0
1430830 1944.0
1430840 1949.3
1430850 1954.8
1430860 1954.8
1430870 1960.8
1430880 1966.8
1430890 1973.6
1430900 1973.6
1430910 1980.6
1430920 1989.4
1430930 1989.4
1430940 1995.1
1430950 1997.4
1430960 1997.4
1430970 1998.8
1430980 1998.5
1430990 1998.5
1431000 1996.6
1431010 1994.5
1431020 1994.5
1431030 1992.4
1431040 1989.4
1431050 1989.4
1431060 1986.2
1431070 1983.2
1431080 1983.2
1431090 1980.4
1431100 1977.4
1431110 1977.4
1431120 1974.9
1431130 1972.5
1431140 1970.1
1431150 1970.1
1431160 1967.6
1431170 1965.1
1431180 1965.1
1431190 1963.2
1431200 1961.2
1431210 1961.2
1431220 1959.4
1431230 1957.0
1431240 1957.0
1431250 1954.8
1431260 1951.9
1431270 1951.9
1431280 1950.5
1431290 1949.3
1431300 1949.3
1431310 1947.2
1431320 1947.0
1431330 1947.0
1431340 1945.7
1431350 1943.4
1431360 1943.4
1431370 1941.5
1431380 1941.5
1431390 1941.3
1431400 1941.3
1431410 1940.7
1431420 1940.5
1431430 1940.5
1431440 1940.4
1431450 1938.9
1431460 1938.9
1431470 1937.8
1431480 1937.3
1431490 1937.3
1431500 1936.7
1431510 1935.8
1431520 1935.8
1431530 1934.3
1431540 1932.8
1431550 1932.8
1431560 1930.5
1431570 1928.4
1431580 1928.4
1431590 1927.8
1431600 1926.9
1431610 1926.9
1431620 1925.6
1431630 1922.8
1431640 1920.0
1431650 1920.0
1431660 1914.7
1431670 1908.4
1431680 1908.4
1431690 1903.3
1431700 1900.7
1431710 1900.7
1431720 1899.9
1431730 1900.4
1431740 1900.4
1431750 1901.7
1431760 1903.0
1431770 1903.0
1431780 1905.0
1431790 1908.1
1431800 1908.1
1431810 1912.6
1431820 1917.8
1431830 1917.8
1431840 1924.6
1431850 1937.4
1431860 1937.4
1431870 1946.6
1431880 1949.0
1431890 1951.7
1431900 1951.7
1431910 1953.0
1431920 1954.1
1431930 1954.1
1431940 1955.6
1431950 1957.3
1431960 1957.3
1431970 1958.8
1431980 1961.1
1431990 1961.1
1432000 1964.5
1432010 1969.2
1432020 1969.2
1432030 1974.5
1432040 1979.3
1432050 1979.3
1432060 1984.7
1432070 1990.7
1432080 1990.7
1432090 1994.4
1432100 1997.7
1432110 1997.7
1432120 2001.7
1432130 2004.9
1432140 2007.5
1432150 2007.5
1432160 2010.4
1432170 2012.5
1432180 2012.5
1432190 2014.4
1432200 2016.3
1432210 2016.3
1432220 2018.3
1432230 2019.7
1432240 2019.7
1432250 2021.4
1432260 2021.8
1432270 2021.8
1432280 2021.1
1432290 2021.7
1432300 2021.7
1432310 2022.8
1432320 2025.1
1432330 2025.1
1432340 2022.3
1432350 2016.3
1432360 2016.3
1432370 2007.9
1432380 1997.6
1432390 1984.4
1432400 1989.9
1432410 1982.0
1432420 1977.7
1432430 1977.7
1432440 1973.9
1432450 1973.1
1432460 1973.1
1432470 1975.1
1432480 1977.5
1432490 1977.5
1432500 1980.1
1432510 1984.9
1432520 1984.9
1432530 1989.5
1432540 1993.1
1432550 1993.1
1432560 1998.9
1432570 2007.6
1432580 2007.6
1432590 2018.1
1432600 2046.1
1432610 2046.1
1432620 2050.8
1432630 2051.8
1432640 2051.8
1432650 2053.6
1432660 2053.4
1432670 2052.3
1432680 2052.3
1432690 2051.3
1432700 2053.9
1432710 2053.9
1432720 2056.1
1432730 2058.5
1432740 2058.5
1432750 2060.5
1432760 2060.6
1432770 2060.6
1432780 2051.7
1432790 2042.8
1432800 2042.8
1432810 2029.7
1432820 2014.7
1432830 2014.7
1432840 2005.8
1432850 2003.4
1432860 2003.4
1432870 2000.6
1432880 1996.1
1432890 1996.1
1432900 1986.4
1432910 1981.6
1432920 1980.1
1432930 1980.1
1432940 1973.0
1432950 1962.0
1432960 1962.0
1432970 1954.9
1432980 1950.7
1432990 1950.7
1433000 1946.3
1433010 1942.1
1433020 1942.1
1433030 1936.9
1433040 1931.5
1433050 1931.5
1433060 1925.0
1433070 1918.2
1433080 1918.2
1433090 1911.0
1433100 1905.0
1433110 1905.0
1433120 1899.2
1433130 1894.8
1433140 1894.8
1433150 1889.6
1433160 1884.7
1433170 1880.1
1433180 1880.1
1433190 1875.4
1433200 1870.8
1433210 1870.8
1433220 1866.8
1433230 1863.7
1433240 1863.7
1433250 1860.4
1433260 1857.4
1433270 1857.4
1433280 1854.7
1433290 1852.2
1433300 1852.2
1433310 1849.6
1433320 1848.5
1433330 1848.5
1433340 1847.5
1433350 1846.7
1433360 1846.7
1433370 1846.3
1433380 1846.2
1433390 1846.2
1433400 1847.5
1433410 1846.9
1433420 1846.3
1433430 1846.3
1433440 1846.9
1433450 1847.9
1433460 1847.9
1433470 1849.5
1433480 1852.0
1433490 1852.0
1433500 1854.4
1433510 1858.4
1433520 1858.4
1433530 1858.9
1433540 1858.3
1433550 1858.3
1433560 1865.0
1433570 1871.7
1433580 1871.7
1433590 1875.2
1433600 1871.8
1433610 1871.8
1433620 1867.2
1433630 1861.1
1433640 1861.1
1433650 1859.3
1433660 1866.4
1433670 1871.0
1433680 1871.0
1433690 1874.4
1433700 1877.5
1433710 1877.5
1433720 1885.1
1433730 1895.5
1433740 1895.5
1433750 1908.2
1433760 1919.5
1433770 1919.5
1433780 1922.9
1433790 1924.5
1433800 1924.5
1433810 1923.1
1433820 1910.7
1433830 1910.7
1433840 1901.6
1433850 1895.8
1433860 1895.8
1433870 1891.2
1433880 1888.2
1433890 1888.2
1433900 1890.1
1433910 1893.4
1433920 1894.8
1433930 1894.8
1433940 1895.2
1433950 1894.4
1433960 1894.4
1433970 1895.4
1433980 1895.7
1433990 1895.7
1434000 1894.5
1434010 1894.9
1434020 1894.9
1434030 1896.0
1434040 1898.3
1434050 1898.3
1434060 1899.4
1434070 1902.3
1434080 1902.3
1434090 1905.8
1434100 1910.2
1434110 1910.2
1434120 1916.8
1434130 1924.3
1434140 1924.3
1434150 1931.1
1434160 1938.8
1434170 1950.9
1434180 1950.9
1434190 1976.9
1434200 2006.1
1434210 2006.1
1434220 2022.5
1434230 2024.3
1434240 2024.3
1434250 2022.7
1434260 2022.9
1434270 2022.9
1434280 2023.5
1434290 2023.5
1434300 2023.5
1434310 2021.9
1434320 2019.2
1434330 2019.2
1434340 2016.6
1434350 2016.2
1434360 2016.2
1434370 2017.6
1434380 2019.6
1434390 2019.6
1434400 2001.0
1434410 1987.1
1434420 1978.6
1434430 1978.6
1434440 1972.4
1434450 1967.7
1434460 1967.7
1434470 1964.9
1434480 1966.3
1434490 1966.3
1434500 1965.4
1434510 1964.1
1434520 1964.1
1434530 1960.8
1434540 1952.8
1434550 1952.8
1434560 1942.0
1434570 1927.5
1434580 1927.5
1434590 1915.8
1434600 1907.0
1434610 1907.0
1434620 1895.6
1434630 1877.7
1434640 1877.7
1434650 1859.7
1434660 1849.2
1434670 1834.9
1434680 1834.9
1434690 1820.3
1434700 1806.6
1434710 1806.6
1434720 1799.4
1434730 1798.4
1434740 1798.4
1434750 1794.0
1434760 1788.9
1434770 1788.9
1434780 1783.5
1434790 1778.6
1434800 1778.6
1434810 1774.4
1434820 1769.2
1434830 1769.2
1434840 1764.4
1434850 1759.3
1434860 1759.3
1434870 1754.2
1434880 1750.0
1434890 1754.8
1434900 1750.3
1434910 1746.0
1434920 1746.0
1434930 1741.5
1434940 1736.8
1434950 1732.2
1434960 1732.2
1434970 1728.3
1434980 1724.3
1434990 1724.3
1435000 1719.1
1435010 1712.6
1435020 1712.6
1435030 1707.6
1435040 1706.9
1435050 1706.9
1435060 1707.1
1435070 1706.3
1435080 1706.3
1435090 1703.9
1435100 1700.7
1435110 1700.7
1435120 1698.4
1435130 1697.1
1435140 1697.1
1435150 1694.6
1435160 1692.0
1435170 1692.0
1435180 1689.7
1435190 1687.4
1435200 1682.6
1435210 1682.6
1435220 1678.0
1435230 1676.2
1435240 1676.2
1435250 1674.0
1435260 1670.8
1435270 1670.8
1435280 1668.7
1435290 1667.7
1435300 1667.7
1435310 1666.8
1435320 1666.0
1435330 1666.0
1435340 1665.0
1435350 1665.4
1435360 1665.4
1435370 1666.3
1435380 1664.4
1435390 1664.4
1435400 1665.1
1435410 1670.4
1435420 1670.4
1435430 1674.2
1435440 1677.7
1435450 1681.7
1435460 1681.7
1435470 1684.7
1435480 1687.3
1435490 1687.3
1435500 1690.2
1435510 1693.4
1435520 1693.4
1435530 1696.3
1435540 1699.6
1435550 1699.6
1435560 1702.6
1435570 1705.4
1435580 1705.4
1435590 1708.3
1435600 1711.2
1435610 1711.2
1435620 1714.6
1435630 1717.7
1435640 1717.7
1435650 1723.2
1435660 1735.9
1435670 1735.9
1435680 1742.6
1435690 1747.6
1435700 1752.9
1435710 1752.9
1435720 1759.4
1435730 1766.2
1435740 1766.2
1435750 1781.2
1435760 1795.0
1435770 1795.0
1435780 1807.3
1435790 1814.4
1435800 1814.4
1435810 1821.8
1435820 1840.2
1435830 1840.2
1435840 1850.3
1435850 1852.4
1435860 1852.4
1435870 1853.0
1435880 1848.3
1435890 1848.3
1435900 1843.8
1435910 1845.4
1435920 1845.4
1435930 1847.8
1435940 1850.3
1435950 1851.0
1435960 1851.0
1435970 1852.1
1435980 1855.3
1435990 1855.3
1436000 1859.2
1436010 1862.3
1436020 1862.3
1436030 1866.5
1436040 1869.5
1436050 1869.5
1436060 1872.5
1436070 1874.9
1436080 1874.9
1436090 1876.9
1436100 1878.9
1436110 1878.9
1436120 1882.1
1436130 1885.7
1436140 1885.7
1436150 1889.8
1436160 1894.3
1436170 1894.3
1436180 1898.9
1436190 1903.1
1436200 1908.0
1436210 1908.0
1436220 1913.4
1436230 1917.0
1436240 1917.0
1436250 1920.5
1436260 1925.3
1436270 1925.3
1436280 1936.3
1436290 1947.1
1436300 1947.1
1436310 1955.4
1436320 1968.8
1436330 1968.8
1436340 1984.3
1436350 1989.3
1436360 1989.3
1436370 1996.5
1436380 2011.1
1436390 2011.1
1436400 2025.5
1436410 2034.6
1436420 2034.6
1436430 2042.9
1436440 2049.1
1436450 2054.0
1436460 2054.0
1436470 2053.2
1436480 2047.2
1436490 2047.2
1436500 2040.6
1436510 2033.0
1436520 2033.0
1436530 2026.1
1436540 2019.9
1436550 2019.9
1436560 2012.3
1436570 2003.5
1436580 2003.5
1436590 1995.7
1436600 1988.5
1436610 1988.5
1436620 1982.7
1436630 1974.4
1436640 1974.4
1436650 1965.4
1436660 1956.3
1436670 1956.3
1436680 1948.1
1436690 1938.7
1436700 1927.9
1436710 1927.9
1436720 1915.5
1436730 1900.8
1436740 1900.8
1436750 1886.6
1436760 1878.4
1436770 1878.4
1436780 1871.1
1436790 1863.3
1436800 1863.3
1436810 1854.4
1436820 1845.8
1436830 1845.8
1436840 1837.1
1436850 1829.0
1436860 1829.0
1436870 1824.7
1436880 1821.3
1436890 1821.3
1436900 1816.3
1436910 1809.7
1436920 1809.7
1436930 1802.6
1436940 1794.1
1436950 1786.7
1436960 1786.7
1436970 1779.4
1436980 1771.9
1436990 1771.9
1437000 1764.5
1437010 1757.6
1437020 1757.6
1437030 1750.7
1437040 1744.7
1437050 1744.7
1437060 1738.3
1437070 1732.0
1437080 1732.0
1437090 1726.8
1437100 1721.7
1437110 1721.7
1437120 1716.7
1437130 1712.2
1437140 1712.2
1437150 1707.4
1437160 1702.0
1437170 1702.0
1437180 1696.4
1437190 1690.9
1437200 1690.9
1437210 1685.2
1437220 1679.5
1437230 1673.8
1437240 1673.8
1437250 1668.0
1437260 1662.2
1437270 1662.2
1437280 1656.6
1437290 1650.8
1437300 1650.8
1437310 1645.2
1437320 1639.7
1437330 1639.7
1437340 1632.5
1437350 1625.6
1437360 1625.6
1437370 1620.3
1437380 1614.8
1437390 1614.8
1437400 1609.6
1437410 1607.3
1437420 1607.3
1437430 1606.6
1437440 1607.8
1437450 1607.8
1437460 1605.4
1437470 1599.5
1437480 1592.9
1437490 1592.9
1437500 1586.4
1437510 1580.0
1437520 1584.8
1437530 1579.6
1437540 1574.9
1437550 1574.9
1437560 1569.1
1437570 1563.5
1437580 1563.5
1437590 1558.5
1437600 1552.2
1437610 1552.2
1437620 1545.3
1437630 1540.5
1437640 1540.5
1437650 1535.1
1437660 1527.2
1437670 1527.2
1437680 1517.0
1437690 1503.4
1437700 1503.4
1437710 1495.7
1437720 1492.5
1437730 1486.2
1437740 1486.2
1437750 1479.2
1437760 1471.7
1437770 1471.7
1437780 1462.4
1437790 1450.3
1437800 1450.3
1437810 1439.6
1437820 1427.7
1437830 1427.7
1437840 1413.6
1437850 1400.4
1437860 1400.4
1437870 1386.2
1437880 1375.8
1437890 1375.8
1437900 1367.5
1437910 1360.2
1437920 1360.2
1437930 1352.9
1437940 1345.3
1437950 1345.3
1437960 1338.7
1437970 1331.6
1437980 1324.9
1437990 1324.9
1438000 1318.2
1438010 1312.0
1438020 1312.0
1438030 1306.1
1438040 1300.6
1438050 1300.6
1438060 1295.4
1438070 1290.3
1438080 1290.3
1438090 1285.2
1438100 1280.6
1438110 1280.6
1438120 1275.8
1438130 1271.1
1438140 1271.1
1438150 1266.8
1438160 1263.1
1438170 1263.1
1438180 1259.4
1438190 1256.0
1438200 1256.0
1438210 1252.0
1438220 1248.8
1438230 1246.3
1438240 1246.3
1438250 1244.4
1438260 1242.3
1438270 1242.3
1438280 1239.8
1438290 1236.8
1438300 1236.8
1438310 1234.3
1438320 1231.7
1438330 1231.7
1438340 1231.1
1438350 1232.0
1438360 1232.0
1438370 1232.1
1438380 1232.1
1438390 1232.1
1438400 1231.8
1438410 1231.2
1438420 1231.2
1438430 1230.5
1438440 1229.7
1438450 1229.7
1438460 1228.9
1438470 1228.4
1438480 1227.7
1438490 1227.7
1438500 1227.7
1438510 1227.1
1438520 1227.1
1438530 1230.1
1438540 1235.9
1438550 1235.9
1438560 1241.1
1438570 1248.5
1438580 1248.5
1438590 1255.7
1438600 1260.8
1438610 1260.8
1438620 1265.1
1438630 1269.4
1438640 1269.4
1438650 1274.7
1438660 1280.4
1438670 1280.4
1438680 1286.0
1438690 1291.6
1438700 1291.6
1438710 1297.7
1438720 1303.5
1438730 1307.2
1438740 1307.2
1438750 1311.5
1438760 1317.6
1438770 1317.6
1438780 1323.7
1438790 1327.9
1438800 1327.9
1438810 1331.8
1438820 1338.5
1438830 1338.5
1438840 1344.2
1438850 1349.1
1438860 1349.1
1438870 1353.5
1438880 1358.9
1438890 1358.9
1438900 1365.3
1438910 1372.4
1438920 1372.4
1438930 1377.8
1438940 1383.1
1438950 1383.1
1438960 1386.4
1438970 1392.2
1438980 1398.5
1438990 1398.5
1439000 1405.8
1439010 1413.1
1439020 1413.1
1439030 1419.5
1439040 1424.8
1439050 1424.8
1439060 1430.7
1439070 1435.3
1439080 1435.3
1439090 1440.6
1439100 1447.9
1439110 1447.9
1439120 1456.4
1439130 1462.6
1439140 1462.6
1439150 1465.8
1439160 1468.2
1439170 1468.2
1439180 1471.4
1439190 1474.5
1439200 1474.5
1439210 1477.3
1439220 1480.4
1439230 1484.2
1439240 1484.2
1439250 1488.3
1439260 1491.3
1439270 1491.3
1439280 1494.6
1439290 1496.4
1439300 1496.4
1439310 1498.9
1439320 1501.1
1439330 1501.1
1439340 1502.8
1439350 1505.0
1439360 1505.0
1439370 1507.4
1439380 1509.5
1439390 1509.5
1439400 1510.5
1439410 1510.6
1439420 1510.6
1439430 1512.4
1439440 1515.9
1439450 1515.9
1439460 1519.1
1439470 1521.5
1439480 1523.8
1439490 1523.8
1439500 1527.2
1439510 1531.3
1439520 1531.3
1439530 1534.8
1439540 1537.9
1439550 1537.9
1439560 1541.6
1439570 1546.0
1439580 1546.0
1439590 1551.3
1439600 1559.5
1439610 1559.5
1439620 1566.2
1439630 1572.7
1439640 1572.7
1439650 1576.9
1439660 1581.7
1439670 1581.7
1439680 1589.1
1439690 1598.0
1439700 1598.0
1439710 1606.6
1439720 1615.5
1439730 1615.5
1439740 1622.2
1439750 1628.7
1439760 1636.1
1439770 1636.1
1439780 1644.6
1439790 1651.7
1439800 1651.7
1439810 1658.7
1439820 1665.9
1439830 1665.9
1439840 1673.8
1439850 1681.5
1439860 1681.5
1439870 1689.9
1439880 1698.7
1439890 1698.7
1439900 1707.1
1439910 1715.1
1439920 1715.1
1439930 1722.7
1439940 1729.7
1439950 1729.7
1439960 1736.2
1439970 1743.3
1439980 1743.3
1439990 1751.6
