1420000 1532.6
1420010 1542.4
1420020 1550.4
1420030 1550.4
1420040 1552.6
1420050 1557.9
1420060 1557.9
1420070 1566.2
1420080 1574.9
1420090 1574.9
1420100 1582.7
1420110 1591.4
1420120 1591.4
1420130 1600.5
1420140 1610.5
1420150 1610.5
1420160 1621.9
1420170 1632.9
1420180 1641.9
1420190 1641.9
1420200 1650.0
1420210 1658.5
1420220 1658.5
1420230 1666.1
1420240 1674.0
1420250 1674.0
1420260 1682.3
1420270 1690.6
1420280 1690.6
1420290 1698.4
1420300 1706.6
1420310 1706.6
1420320 1714.3
1420330 1722.1
1420340 1722.1
1420350 1729.2
1420360 1736.1
1420370 1736.1
1420380 1742.8
1420390 1751.9
1420400 1751.9
1420410 1761.4
1420420 1764.6
1420430 1772.9
1420440 1772.9
1420450 1779.9
1420460 1787.2
1420470 1787.2
1420480 1792.9
1420490 1796.5
1420500 1796.5
1420510 1798.6
1420520 1801.1
1420530 1801.1
1420540 1803.3
1420550 1805.2
1420560 1805.2
1420570 1807.2
1420580 1809.0
1420590 1809.0
1420600 1810.5
1420610 1812.4
1420620 1812.4
1420630 1814.2
1420640 1814.2
1420650 1814.2
1420660 1811.9
1420670 1807.4
1420680 1807.0
1420690 1807.0
1420700 1808.8
1420710 1807.9
1420720 1807.9
1420730 1806.8
1420740 1805.9
1420750 1805.9
1420760 1805.4
1420770 1805.2
1420780 1805.2
1420790 1804.6
1420800 1803.8
1420810 1803.8
1420820 1802.4
1420830 1802.0
1420840 1802.0
1420850 1800.9
1420860 1799.1
1420870 1799.1
1420880 1797.4
1420890 1796.0
1420900 1796.0
1420910 1794.2
1420920 1792.1
1420930 1790.2
1420940 1790.2
1420950 1788.2
1420960 1784.8
1420970 1784.8
1420980 1779.4
1420990 1773.6
1421000 1773.6
1421010 1768.8
1421020 1763.8
1421030 1763.8
1421040 1758.3
1421050 1752.6
1421060 1752.6
1421070 1747.2
1421080 1742.0
1421090 1742.0
1421100 1737.5
1421110 1732.7
1421120 1732.7
1421130 1727.5
1421140 1722.1
1421150 1722.1
1421160 1716.3
1421170 1709.9
1421180 1709.9
1421190 1703.2
1421200 1698.4
1421210 1694.4
1421220 1694.4
1421230 1689.7
1421240 1688.0
1421250 1688.0
1421260 1687.0
1421270 1683.0
1421280 1683.0
1421290 1680.6
1421300 1678.4
1421310 1678.4
1421320 1675.4
1421330 1672.4
1421340 1672.4
1421350 1670.7
1421360 1668.8
1421370 1668.8
1421380 1666.3
1421390 1662.7
1421400 1662.7
1421410 1658.8
1421420 1653.7
1421430 1653.7
1421440 1648.0
1421450 1642.0
1421460 1632.3
1421470 1632.3
1421480 1624.0
1421490 1619.4
1421500 1619.4
1421510 1613.0
1421520 1604.8
1421530 1604.8
1421540 1599.6
1421550 1597.7
1421560 1597.7
1421570 1595.7
1421580 1592.7
1421590 1592.7
1421600 1587.8
1421610 1582.5
1421620 1582.5
1421630 1578.2
1421640 1574.2
1421650 1574.2
1421660 1570.4
1421670 1565.4
1421680 1565.4
1421690 1561.5
1421700 1559.7
1421710 1558.1
1421720 1558.1
1421730 1555.4
1421740 1551.8
1421750 1551.8
1421760 1548.4
1421770 1545.4
1421780 1545.4
1421790 1542.9
1421800 1540.0
1421810 1540.0
1421820 1537.0
1421830 1534.3
1421840 1534.3
1421850 1531.7
1421860 1528.2
1421870 1528.2
1421880 1524.1
1421890 1520.6
1421900 1520.6
1421910 1517.5
1421920 1514.5
1421930 1514.5
1421940 1511.9
1421950 1508.9
1421960 1504.9
1421970 1504.9
1421980 1499.2
1421990 1495.3
1422000 1495.3
1422010 1492.6
1422020 1488.9
1422030 1488.9
1422040 1484.9
1422050 1481.9
1422060 1481.9
1422070 1479.1
1422080 1475.0
1422090 1475.0
1422100 1470.4
1422110 1465.9
1422120 1465.9
1422130 1460.5
1422140 1452.6
1422150 1452.6
1422160 1451.4
1422170 1458.8
1422180 1458.8
1422190 1467.4
1422200 1474.1
1422210 1480.2
1422220 1480.2
1422230 1485.6
1422240 1488.3
1422250 1488.3
1422260 1490.7
1422270 1495.7
1422280 1495.7
1422290 1497.9
1422300 1499.5
1422310 1499.5
1422320 1500.7
1422330 1503.3
1422340 1503.3
1422350 1507.8
1422360 1513.5
1422370 1513.5
1422380 1519.2
1422390 1525.4
1422400 1525.4
1422410 1532.0
1422420 1538.9
1422430 1542.3
1422440 1549.6
1422450 1555.7
1422460 1562.6
1422470 1562.6
1422480 1569.8
1422490 1577.8
1422500 1577.8
1422510 1583.2
1422520 1585.3
1422530 1585.3
1422540 1586.3
1422550 1588.0
1422560 1588.0
1422570 1589.7
1422580 1591.3
1422590 1591.3
1422600 1592.0
1422610 1592.5
1422620 1592.5
1422630 1591.8
1422640 1591.3
1422650 1591.3
1422660 1591.2
1422670 1593.1
1422680 1593.1
1422690 1594.4
1422700 1592.9
1422710 1592.5
1422720 1592.5
1422730 1592.2
1422740 1591.4
1422750 1591.4
1422760 1589.3
1422770 1587.0
1422780 1587.0
1422790 1588.7
1422800 1593.0
1422810 1593.0
1422820 1599.0
1422830 1605.2
1422840 1605.2
1422850 1612.2
1422860 1618.3
1422870 1618.3
1422880 1620.8
1422890 1623.3
1422900 1623.3
1422910 1626.3
1422920 1628.2
1422930 1628.2
1422940 1629.9
1422950 1631.2
1422960 1632.4
1422970 1632.4
1422980 1634.2
1422990 1635.4
1423000 1635.4
1423010 1637.7
1423020 1640.3
1423030 1640.3
1423040 1643.2
1423050 1646.2
1423060 1646.2
1423070 1649.5
1423080 1653.2
1423090 1653.2
1423100 1657.0
1423110 1660.8
1423120 1660.8
1423130 1664.5
1423140 1668.5
1423150 1668.5
1423160 1672.4
1423170 1676.6
1423180 1676.6
1423190 1680.7
1423200 1684.2
1423210 1684.2
1423220 1688.3
1423230 1692.3
1423240 1696.4
1423250 1696.4
1423260 1700.2
1423270 1703.4
1423280 1703.4
1423290 1708.2
1423300 1713.4
1423310 1713.4
1423320 1718.6
1423330 1723.7
1423340 1723.7
1423350 1729.1
1423360 1734.9
1423370 1734.9
1423380 1740.7
1423390 1745.6
1423400 1745.6
1423410 1749.6
1423420 1754.0
1423430 1754.0
1423440 1759.2
1423450 1765.5
1423460 1765.5
1423470 1769.7
1423480 1773.5
1423490 1778.2
1423500 1778.2
1423510 1784.4
1423520 1789.3
1423530 1789.3
1423540 1794.9
1423550 1799.0
1423560 1799.0
1423570 1800.2
1423580 1801.6
1423590 1801.6
1423600 1805.6
1423610 1813.3
1423620 1813.3
1423630 1818.3
1423640 1819.2
1423650 1819.2
1423660 1818.8
1423670 1817.9
1423680 1817.9
1423690 1816.8
1423700 1815.5
1423710 1815.5
1423720 1814.5
1423730 1813.4
1423740 1811.7
1423750 1811.7
1423760 1808.6
1423770 1805.1
1423780 1805.1
1423790 1801.3
1423800 1798.0
1423810 1798.0
1423820 1794.7
1423830 1793.7
1423840 1793.7
1423850 1789.7
1423860 1782.5
1423870 1782.5
1423880 1776.5
1423890 1771.5
1423900 1771.5
1423910 1765.7
1423920 1759.4
1423930 1759.4
1423940 1753.4
1423950 1748.2
1423960 1748.2
1423970 1743.6
1423980 1740.6
1423990 1739.7
1424000 1739.7
1424010 1736.4
1424020 1730.3
1424030 1730.3
1424040 1723.9
1424050 1717.6
1424060 1717.6
1424070 1711.8
1424080 1705.6
1424090 1705.6
1424100 1699.5
1424110 1693.5
1424120 1693.5
1424130 1688.0
1424140 1682.6
1424150 1682.6
1424160 1677.2
1424170 1672.0
1424180 1672.0
1424190 1667.3
1424200 1661.9
1424210 1661.9
1424220 1656.4
1424230 1651.7
1424240 1647.6
1424250 1647.6
1424260 1643.5
1424270 1638.7
1424280 1638.7
1424290 1633.8
1424300 1629.0
1424310 1629.0
1424320 1624.6
1424330 1619.5
1424340 1619.5
1424350 1614.2
1424360 1609.0
1424370 1609.0
1424380 1604.2
1424390 1599.1
1424400 1599.1
1424410 1593.7
1424420 1588.4
1424430 1588.4
1424440 1583.1
1424450 1578.1
1424460 1578.1
1424470 1573.3
1424480 1568.6
1424490 1563.9
1424500 1563.9
1424510 1558.8
1424520 1550.2
1424530 1550.2
1424540 1544.8
1424550 1539.3
1424560 1539.3
1424570 1533.5
1424580 1527.3
1424590 1527.3
1424600 1519.7
1424610 1512.6
1424620 1512.6
1424630 1506.3
1424640 1502.8
1424650 1502.8
1424660 1500.2
1424670 1496.0
1424680 1496.0
1424690 1491.0
1424700 1485.4
1424710 1485.4
1424720 1479.4
1424730 1472.4
1424740 1464.8
1424750 1464.8
1424760 1456.5
1424770 1448.8
1424780 1448.8
1424790 1444.6
1424800 1442.5
1424810 1442.5
1424820 1440.8
1424830 1438.9
1424840 1438.9
1424850 1436.5
1424860 1433.8
1424870 1433.8
1424880 1432.5
1424890 1431.1
1424900 1431.1
1424910 1429.4
1424920 1427.7
1424930 1427.7
1424940 1424.9
1424950 1421.8
1424960 1421.8
1424970 1419.0
1424980 1415.6
1424990 1412.5
1425000 1412.5
1425010 1411.6
1425020 1411.4
1425030 1411.4
1425040 1410.6
1425050 1409.3
1425060 1409.3
1425070 1407.5
1425080 1405.2
1425090 1405.2
1425100 1402.3
1425110 1398.7
1425120 1398.7
1425130 1395.7
1425140 1393.0
1425150 1393.0
1425160 1389.5
1425170 1385.2
1425180 1385.2
1425190 1381.5
1425200 1378.1
1425210 1378.1
1425220 1374.8
1425230 1371.4
1425240 1371.4
1425250 1367.5
1425260 1363.9
1425270 1360.8
1425280 1360.8
1425290 1358.6
1425300 1356.0
1425310 1356.0
1425320 1352.8
1425330 1349.3
1425340 1349.3
1425350 1345.9
1425360 1343.0
1425370 1343.0
1425380 1340.2
1425390 1337.4
1425400 1337.4
1425410 1335.5
1425420 1333.7
1425430 1333.7
1425440 1332.0
1425450 1329.4
1425460 1329.4
1425470 1327.2
1425480 1325.1
1425490 1325.1
1425500 1322.5
1425510 1319.6
1425520 1316.5
1425530 1316.5
1425540 1310.1
1425550 1300.3
1425560 1300.3
1425570 1293.5
1425580 1290.6
1425590 1290.6
1425600 1291.2
1425610 1293.6
1425620 1293.6
1425630 1289.3
1425640 1284.2
1425650 1284.2
1425660 1281.7
1425670 1280.4
1425680 1280.4
1425690 1277.8
1425700 1274.0
1425710 1274.0
1425720 1268.7
1425730 1266.8
1425740 1266.8
1425750 1264.8
1425760 1265.5
1425770 1263.3
1425780 1263.3
1425790 1260.8
1425800 1257.4
1425810 1257.4
1425820 1253.8
1425830 1251.6
1425840 1251.6
1425850 1252.4
1425860 1250.6
1425870 1250.6
1425880 1250.5
1425890 1250.4
1425900 1250.4
1425910 1248.8
1425920 1245.5
1425930 1245.5
1425940 1239.6
1425950 1231.6
1425960 1231.6
1425970 1224.3
1425980 1220.2
1425990 1220.2
1426000 1218.9
1426010 1219.0
1426020 1216.7
1426030 1216.7
1426040 1213.8
1426050 1207.4
1426060 1207.4
1426070 1200.4
1426080 1192.1
1426090 1192.1
1426100 1184.5
1426110 1178.6
1426120 1178.6
1426130 1174.5
1426140 1167.9
1426150 1167.9
1426160 1161.2
1426170 1154.2
1426180 1154.2
1426190 1148.7
1426200 1144.3
1426210 1144.3
1426220 1139.8
1426230 1134.8
1426240 1134.8
1426250 1129.5
1426260 1124.8
1426270 1118.2
1426280 1118.2
1426290 1110.8
1426300 1102.2
1426310 1102.2
1426320 1093.8
1426330 1087.4
1426340 1087.4
1426350 1083.7
1426360 1080.1
1426370 1080.1
1426380 1076.1
1426390 1067.5
1426400 1067.5
1426410 1057.5
1426420 1051.3
1426430 1051.3
1426440 1045.3
1426450 1037.6
1426460 1037.6
1426470 1030.1
1426480 1023.6
1426490 1023.6
1426500 1016.7
1426510 1008.2
1426520 999.2
1426530 999.2
1426540 992.1
1426550 987.8
1426560 987.8
1426570 984.4
1426580 979.8
1426590 979.8
1426600 976.0
1426610 971.3
1426620 971.3
1426630 965.5
1426640 960.6
1426650 960.6
1426660 956.7
1426670 942.2
1426680 942.2
1426690 938.2
1426700 936.9
1426710 936.9
1426720 936.0
1426730 935.6
1426740 935.6
1426750 933.0
1426760 934.2
1426770 943.4
1426780 943.4
1426790 945.2
1426800 948.6
1426810 948.6
1426820 948.4
1426830 948.2
1426840 948.2
1426850 944.3
1426860 941.3
1426870 941.3
1426880 938.2
1426890 935.7
1426900 935.7
1426910 930.6
1426920 927.3
1426930 927.3
1426940 923.4
1426950 917.6
1426960 917.6
1426970 912.5
1426980 908.1
1426990 908.1
1427000 902.9
1427010 896.7
1427020 892.3
1427030 892.3
1427040 889.4
1427050 885.1
1427060 885.1
1427070 879.9
1427080 877.2
1427090 877.2
1427100 873.6
1427110 869.3
1427120 869.3
1427130 866.4
1427140 863.6
1427150 863.6
1427160 861.1
1427170 858.7
1427180 858.7
1427190 856.6
1427200 854.9
1427210 854.9
1427220 852.6
1427230 850.4
1427240 850.4
1427250 848.6
1427260 846.5
1427270 846.5
1427280 844.3
1427290 843.0
1427300 841.5
1427310 841.5
1427320 839.8
1427330 838.2
1427340 838.2
1427350 836.7
1427360 831.9
1427370 831.9
1427380 833.2
1427390 833.3
1427400 833.3
1427410 832.8
1427420 831.5
1427430 831.5
1427440 830.4
1427450 829.8
1427460 829.8
1427470 829.0
1427480 827.9
1427490 827.9
1427500 827.0
1427510 826.2
1427520 826.2
1427530 826.0
1427540 826.0
1427550 826.3
1427560 826.3
1427570 825.6
1427580 824.1
1427590 824.1
1427600 822.3
1427610 821.2
1427620 821.2
1427630 820.4
1427640 819.7
1427650 819.7
1427660 818.7
1427670 817.5
1427680 817.5
1427690 816.4
1427700 815.5
1427710 815.5
1427720 814.6
1427730 813.6
1427740 813.6
1427750 812.8
1427760 811.9
1427770 811.9
1427780 810.8
1427790 809.9
1427800 808.9
1427810 808.9
1427820 808.0
1427830 807.1
1427840 807.1
1427850 806.2
1427860 805.2
1427870 805.2
1427880 804.2
1427890 803.2
1427900 803.2
1427910 802.4
1427920 801.5
1427930 801.5
1427940 800.7
1427950 799.9
1427960 799.9
1427970 799.4
1427980 798.9
1427990 798.9
1428000 797.8
1428010 796.7
1428020 796.7
1428030 794.6
1428040 797.7
1428050 800.5
1428060 800.5
1428070 802.1
1428080 803.8
1428090 803.8
1428100 805.5
1428110 807.8
1428120 807.8
1428130 811.1
1428140 813.9
1428150 813.9
1428160 816.4
1428170 819.7
1428180 819.7
1428190 822.7
1428200 826.3
1428210 826.3
1428220 830.6
1428230 835.7
1428240 835.7
1428250 839.6
1428260 843.9
1428270 843.9
1428280 849.7
1428290 855.4
1428300 860.1
1428310 860.1
1428320 864.1
1428330 869.2
1428340 869.2
1428350 875.8
1428360 883.0
1428370 883.0
1428380 888.8
1428390 892.8
1428400 892.8
1428410 897.3
1428420 902.8
1428430 902.8
1428440 909.8
1428450 916.6
1428460 916.6
1428470 922.5
1428480 930.3
1428490 930.3
1428500 937.7
1428510 946.5
1428520 946.5
1428530 957.7
1428540 968.0
1428550 977.2
1428560 977.2
1428570 989.7
1428580 1000.4
1428590 1000.4
1428600 1005.7
1428610 1010.1
1428620 1010.1
1428630 1015.5
1428640 1022.5
1428650 1022.5
1428660 1032.1
1428670 1042.0
1428680 1042.0
1428690 1051.1
1428700 1062.0
1428710 1062.0
1428720 1073.3
1428730 1084.9
1428740 1084.9
1428750 1094.4
1428760 1103.6
1428770 1103.6
1428780 1113.3
1428790 1121.5
1428800 1130.6
1428810 1130.6
1428820 1138.4
1428830 1147.1
1428840 1147.1
1428850 1154.2
1428860 1161.1
1428870 1161.1
1428880 1166.5
1428890 1169.0
1428900 1169.0
1428910 1160.3
1428920 1166.5
1428930 1166.5
1428940 1167.3
1428950 1169.6
1428960 1169.6
1428970 1175.8
1428980 1180.3
1428990 1180.3
1429000 1178.2
1429010 1176.8
1429020 1176.8
1429030 1183.1
1429040 1189.6
1429050 1190.4
1429060 1190.4
1429070 1190.6
1429080 1195.1
1429090 1195.1
1429100 1201.2
1429110 1210.9
1429120 1210.9
1429130 1222.2
1429140 1239.4
1429150 1239.4
1429160 1246.9
1429170 1258.4
1429180 1258.4
1429190 1274.8
1429200 1288.4
1429210 1288.4
1429220 1297.3
1429230 1304.5
1429240 1304.5
1429250 1311.6
1429260 1315.9
1429270 1315.9
1429280 1323.1
1429290 1327.0
1429300 1329.9
1429310 1329.9
1429320 1334.7
1429330 1338.1
1429340 1338.1
1429350 1346.3
1429360 1351.4
1429370 1351.4
1429380 1358.3
1429390 1365.9
1429400 1365.9
1429410 1368.7
1429420 1374.6
1429430 1374.6
1429440 1379.5
1429450 1384.4
1429460 1384.4
1429470 1392.2
1429480 1401.0
1429490 1401.0
1429500 1411.6
1429510 1420.7
1429520 1420.7
1429530 1429.0
1429540 1439.0
1429550 1439.0
1429560 1448.4
1429570 1457.6
1429580 1466.9
1429590 1466.9
1429600 1475.9
1429610 1484.6
1429620 1484.6
1429630 1493.0
1429640 1501.0
1429650 1501.0
1429660 1509.2
1429670 1517.9
1429680 1517.9
1429690 1528.3
1429700 1538.7
1429710 1538.7
1429720 1547.4
1429730 1556.4
1429740 1556.4
1429750 1567.7
1429760 1577.5
1429770 1577.5
1429780 1586.0
1429790 1593.1
1429800 1593.1
1429810 1602.4
1429820 1611.4
1429830 1619.5
1429840 1619.5
1429850 1626.8
1429860 1634.8
1429870 1634.8
1429880 1647.0
1429890 1657.3
1429900 1657.3
1429910 1665.1
1429920 1672.7
1429930 1672.7
1429940 1679.6
1429950 1686.2
1429960 1686.2
1429970 1692.8
1429980 1699.1
1429990 1699.1
1430000 1705.4
1430010 1711.8
1430020 1711.8
1430030 1718.2
1430040 1724.7
1430050 1724.7
1430060 1731.7
1430070 1739.0
1430080 1747.2
1430090 1747.2
1430100 1756.9
1430110 1766.5
1430120 1766.5
1430130 1774.2
1430140 1781.8
1430150 1781.8
1430160 1789.5
1430170 1797.1
1430180 1797.1
1430190 1804.9
1430200 1813.0
1430210 1813.0
1430220 1819.8
1430230 1825.9
1430240 1825.9
1430250 1832.7
1430260 1839.7
1430270 1839.7
1430280 1845.7
1430290 1851.0
1430300 1851.0
1430310 1856.8
1430320 1863.4
1430330 1868.3
1430340 1868.3
1430350 1873.0
1430360 1876.7
1430370 1876.7
1430380 1880.2
1430390 1884.9
1430400 1884.9
1430410 1890.0
1430420 1894.9
1430430 1894.9
1430440 1900.6
1430450 1907.7
1430460 1907.7
1430470 1913.7
1430480 1920.9
1430490 1920.9
1430500 1929.0
1430510 1935.2
1430520 1935.2
1430530 1939.2
1430540 1943.4
1430550 1943.4
1430560 1947.6
1430570 1953.6
1430580 1955.4
1430590 1955.4
1430600 1958.0
1430610 1961.2
1430620 1961.2
1430630 1964.3
1430640 1967.0
1430650 1967.0
1430660 1969.4
1430670 1972.8
1430680 1972.8
1430690 1977.6
1430700 1981.8
1430710 1981.8
1430720 1985.2
1430730 1989.1
1430740 1989.1
1430750 1991.1
1430760 1990.3
1430770 1990.3
1430780 1989.1
1430790 1987.7
1430800 1987.7
1430810 1984.9
1430820 1978.4
1430830 1970.6
1430840 1970.6
1430850 1965.1
1430860 1962.9
1430870 1962.9
1430880 1960.8
1430890 1957.7
1430900 1957.7
1430910 1955.2
1430920 1947.8
1430930 1947.8
1430940 1942.5
1430950 1938.9
1430960 1938.9
1430970 1936.2
1430980 1932.0
1430990 1932.0
1431000 1929.1
1431010 1927.5
1431020 1927.5
1431030 1924.9
1431040 1922.6
1431050 1922.6
1431060 1921.4
1431070 1919.7
1431080 1918.4
1431090 1918.4
1431100 1917.5
1431110 1916.4
1431120 1916.4
1431130 1915.3
1431140 1913.6
1431150 1913.6
1431160 1914.2
1431170 1913.9
1431180 1913.9
1431190 1912.2
1431200 1910.0
1431210 1910.0
1431220 1907.7
1431230 1906.5
1431240 1906.5
1431250 1910.2
1431260 1907.8
1431270 1907.8
1431280 1904.7
1431290 1900.3
1431300 1900.3
1431310 1895.7
1431320 1890.2
1431330 1885.1
1431340 1885.1
1431350 1880.4
1431360 1876.9
1431370 1876.9
1431380 1873.7
1431390 1870.4
1431400 1870.4
1431410 1868.9
1431420 1866.5
1431430 1866.5
1431440 1865.5
1431450 1864.3
1431460 1864.3
1431470 1862.6
1431480 1862.8
1431490 1862.8
1431500 1860.9
1431510 1859.9
1431520 1859.9
1431530 1858.3
1431540 1856.8
1431550 1856.8
1431560 1854.7
1431570 1852.6
1431580 1850.5
1431590 1850.5
1431600 1848.3
1431610 1844.4
1431620 1844.4
1431630 1839.8
1431640 1837.4
1431650 1837.4
1431660 1835.7
1431670 1834.1
1431680 1834.1
1431690 1832.5
1431700 1830.7
1431710 1830.7
1431720 1829.2
1431730 1829.3
1431740 1829.3
1431750 1831.0
1431760 1835.6
1431770 1835.6
1431780 1840.6
1431790 1845.3
1431800 1845.3
1431810 1849.4
1431820 1853.8
1431830 1861.3
1431840 1861.3
1431850 1870.2
1431860 1880.0
1431870 1880.0
1431880 1894.2
1431890 1900.3
1431900 1900.3
1431910 1901.7
1431920 1903.6
1431930 1903.6
1431940 1905.6
1431950 1907.8
1431960 1907.8
1431970 1911.4
1431980 1914.3
1431990 1914.3
1432000 1916.6
1432010 1917.4
1432020 1917.4
1432030 1918.3
1432040 1922.8
1432050 1922.8
1432060 1927.4
1432070 1931.0
1432080 1931.0
1432090 1929.1
1432100 1924.5
1432110 1915.1
1432120 1915.1
1432130 1911.1
1432140 1909.3
1432150 1909.3
1432160 1907.9
1432170 1906.8
1432180 1906.8
1432190 1906.6
1432200 1906.2
1432210 1906.2
1432220 1906.2
1432230 1908.4
1432240 1908.4
1432250 1911.6
1432260 1916.4
1432270 1916.4
1432280 1922.9
1432290 1934.3
1432300 1934.3
1432310 1940.5
1432320 1944.3
1432330 1944.3
1432340 1944.9
1432350 1942.9
1432360 1940.4
1432370 1940.4
1432380 1937.3
1432390 1934.9
1432400 1934.9
1432410 1927.1
1432420 1919.0
1432430 1919.0
1432440 1914.0
1432450 1910.7
1432460 1910.7
1432470 1909.3
1432480 1907.9
1432490 1907.9
1432500 1906.7
1432510 1906.8
1432520 1906.8
1432530 1909.5
1432540 1912.9
1432550 1912.9
1432560 1915.1
1432570 1917.8
1432580 1917.8
1432590 1920.1
1432600 1931.6
1432610 1943.7
1432620 1943.7
1432630 1946.4
1432640 1949.2
1432650 1949.2
1432660 1952.8
1432670 1956.2
1432680 1956.2
1432690 1954.8
1432700 1947.8
1432710 1947.8
1432720 1942.1
1432730 1942.1
1432740 1942.1
1432750 1945.1
1432760 1951.1
1432770 1951.1
1432780 1960.0
1432790 1972.0
1432800 1972.0
1432810 1981.3
1432820 1987.4
1432830 1987.4
1432840 1981.4
1432850 1973.1
1432860 1966.3
1432870 1966.3
1432880 1954.6
1432890 1937.9
1432900 1937.9
1432910 1920.4
1432920 1909.7
1432930 1909.7
1432940 1900.4
1432950 1895.0
1432960 1895.0
1432970 1891.3
1432980 1888.4
1432990 1888.4
1433000 1884.7
1433010 1880.5
1433020 1880.5
1433030 1876.2
1433040 1871.5
1433050 1871.5
1433060 1867.2
1433070 1863.6
1433080 1863.6
1433090 1861.1
1433100 1858.5
1433110 1856.1
1433120 1856.1
1433130 1853.9
1433140 1851.2
1433150 1851.2
1433160 1848.1
1433170 1844.7
1433180 1844.7
1433190 1841.1
1433200 1837.5
1433210 1837.5
1433220 1834.1
1433230 1830.9
1433240 1830.9
1433250 1827.4
1433260 1823.6
1433270 1823.6
1433280 1819.7
1433290 1816.1
1433300 1816.1
1433310 1812.8
1433320 1810.3
1433330 1810.3
1433340 1808.1
1433350 1807.3
1433360 1807.1
1433370 1807.1
1433380 1807.1
1433390 1806.9
1433400 1806.9
1433410 1806.5
1433420 1806.2
1433430 1806.2
1433440 1805.6
1433450 1804.8
1433460 1804.8
1433470 1804.4
1433480 1803.4
1433490 1803.4
1433500 1801.9
1433510 1800.2
1433520 1800.2
1433530 1799.0
1433540 1798.5
1433550 1798.5
1433560 1798.3
1433570 1796.9
1433580 1796.9
1433590 1796.5
1433600 1797.9
1433610 1798.3
1433620 1798.3
1433630 1796.8
1433640 1797.5
1433650 1797.5
1433660 1795.6
1433670 1795.4
1433680 1800.1
1433690 1802.4
1433700 1804.9
1433710 1804.9
1433720 1807.6
1433730 1810.0
1433740 1810.0
1433750 1812.9
1433760 1816.4
1433770 1816.4
1433780 1819.5
1433790 1823.9
1433800 1823.9
1433810 1827.3
1433820 1830.3
1433830 1830.3
1433840 1830.3
1433850 1834.5
1433860 1836.7
1433870 1836.7
1433880 1838.5
1433890 1843.0
1433900 1843.0
1433910 1847.4
1433920 1850.0
1433930 1850.0
1433940 1854.2
1433950 1855.7
1433960 1855.7
1433970 1856.6
1433980 1858.5
1433990 1858.5
1434000 1856.2
1434010 1857.8
1434020 1857.8
1434030 1859.3
1434040 1860.3
1434050 1860.3
1434060 1864.1
1434070 1869.5
1434080 1869.5
1434090 1878.2
1434100 1901.6
1434110 1901.6
1434120 1919.6
1434130 1926.1
1434140 1935.1
1434150 1935.1
1434160 1944.2
1434170 1947.8
1434180 1947.8
1434190 1938.0
1434200 1931.4
1434210 1931.4
1434220 1926.5
1434230 1922.5
1434240 1922.5
1434250 1919.4
1434260 1916.4
1434270 1916.4
1434280 1912.6
1434290 1908.7
1434300 1908.7
1434310 1904.9
1434320 1901.5
1434330 1901.5
1434340 1899.0
1434350 1897.5
1434360 1897.5
1434370 1897.0
1434380 1896.3
1434390 1895.7
1434400 1895.7
1434410 1894.5
1434420 1892.7
1434430 1892.7
1434440 1890.6
1434450 1887.7
1434460 1887.7
1434470 1882.5
1434480 1877.2
1434490 1877.2
1434500 1871.9
1434510 1866.0
1434520 1866.0
1434530 1857.3
1434540 1855.0
1434550 1855.0
1434560 1853.8
1434570 1851.3
1434580 1851.3
1434590 1846.2
1434600 1833.3
1434610 1833.3
1434620 1814.7
1434630 1802.6
1434640 1791.6
1434650 1791.6
1434660 1785.2
1434670 1771.6
1434680 1771.6
1434690 1761.2
1434700 1754.9
1434710 1754.9
1434720 1748.4
1434730 1743.1
1434740 1743.1
1434750 1738.4
1434760 1733.0
1434770 1733.0
1434780 1727.7
1434790 1723.3
1434800 1723.3
1434810 1719.4
1434820 1715.5
1434830 1715.5
1434840 1712.3
1434850 1707.5
1434860 1707.5
1434870 1702.6
1434880 1697.9
1434890 1694.2
1434900 1694.2
1434910 1690.5
1434920 1686.5
1434930 1686.5
1434940 1682.9
1434950 1679.2
1434960 1679.2
1434970 1675.9
1434980 1671.8
1434990 1671.8
1435000 1668.8
1435010 1666.0
1435020 1666.0
1435030 1663.6
1435040 1661.1
1435050 1661.1
1435060 1658.4
1435070 1655.9
1435080 1655.9
1435090 1653.5
1435100 1651.3
1435110 1651.3
1435120 1648.7
1435130 1646.3
1435140 1643.7
1435150 1643.7
1435160 1640.8
1435170 1637.8
1435180 1637.8
1435190 1635.3
1435200 1633.6
1435210 1633.6
1435220 1631.3
1435230 1629.2
1435240 1629.2
1435250 1627.3
1435260 1625.5
1435270 1625.5
1435280 1623.2
1435290 1620.8
1435300 1620.8
1435310 1618.3
1435320 1614.4
1435330 1614.4
1435340 1615.3
1435350 1620.0
1435360 1620.0
1435370 1621.2
1435380 1621.9
1435390 1622.4
1435400 1622.4
1435410 1624.0
1435420 1625.9
1435430 1625.9
1435440 1627.2
1435450 1630.9
1435460 1630.9
1435470 1632.7
1435480 1635.0
1435490 1635.0
1435500 1637.3
1435510 1640.2
1435520 1640.2
1435530 1643.3
1435540 1646.9
1435550 1646.9
1435560 1650.0
1435570 1653.2
1435580 1653.2
1435590 1657.9
1435600 1661.2
1435610 1661.2
1435620 1664.9
1435630 1669.4
1435640 1677.9
1435650 1677.9
1435660 1687.9
1435670 1696.1
1435680 1696.1
1435690 1700.9
1435700 1705.5
1435710 1705.5
1435720 1711.5
1435730 1717.6
1435740 1717.6
1435750 1721.0
1435760 1723.8
1435770 1723.8
1435780 1725.9
1435790 1731.1
1435800 1731.1
1435810 1738.0
1435820 1741.5
1435830 1741.5
1435840 1748.4
1435850 1757.2
1435860 1757.2
1435870 1766.2
1435880 1774.0
1435890 1782.7
1435900 1782.7
1435910 1792.4
1435920 1800.1
1435930 1800.1
1435940 1805.4
1435950 1808.1
1435960 1808.1
1435970 1807.5
1435980 1808.7
1435990 1808.7
1436000 1810.7
1436010 1813.4
1436020 1813.4
1436030 1819.2
1436040 1823.3
1436050 1823.3
1436060 1826.4
1436070 1828.3
1436080 1828.3
1436090 1830.8
1436100 1834.6
1436110 1834.6
1436120 1838.2
1436130 1840.0
1436140 1843.5
1436150 1843.5
1436160 1850.4
1436170 1858.5
1436180 1858.5
1436190 1866.2
1436200 1874.2
1436210 1874.2
1436220 1880.9
1436230 1887.2
1436240 1895.2
1436250 1901.4
1436260 1907.6
1436270 1907.6
1436280 1918.0
1436290 1929.1
1436300 1929.1
1436310 1940.9
1436320 1952.6
1436330 1952.6
1436340 1961.2
1436350 1969.5
1436360 1969.5
1436370 1978.5
1436380 1987.6
1436390 1987.6
1436400 1995.9
1436410 2003.7
1436420 2011.6
1436430 2011.6
1436440 2019.1
1436450 2026.8
1436460 2026.8
1436470 2035.0
1436480 2044.4
1436490 2044.4
1436500 2053.0
1436510 2057.2
1436520 2057.2
1436530 2054.7
1436540 2048.1
1436550 2048.1
1436560 2038.5
1436570 2026.8
1436580 2026.8
1436590 2016.5
1436600 2008.8
1436610 2008.8
1436620 2000.9
1436630 1993.6
1436640 1993.6
1436650 1986.6
1436660 1979.1
1436670 1972.3
1436680 1972.3
1436690 1965.6
1436700 1959.1
1436710 1959.1
1436720 1951.9
1436730 1944.7
1436740 1944.7
1436750 1937.6
1436760 1929.9
1436770 1929.9
1436780 1922.7
1436790 1914.6
1436800 1914.6
1436810 1906.1
1436820 1897.6
1436830 1897.6
1436840 1889.2
1436850 1881.4
1436860 1881.4
1436870 1874.5
1436880 1867.4
1436890 1867.4
1436900 1859.4
1436910 1851.8
1436920 1846.0
1436930 1846.0
1436940 1837.2
1436950 1821.8
1436960 1821.8
1436970 1813.7
1436980 1816.4
1436990 1816.4
1437000 1817.1
1437010 1809.7
1437020 1809.7
1437030 1800.7
1437040 1793.5
1437050 1793.5
1437060 1786.7
1437070 1781.0
1437080 1781.0
1437090 1776.4
1437100 1771.3
1437110 1771.3
1437120 1765.4
1437130 1756.1
1437140 1756.1
1437150 1746.6
1437160 1738.5
1437170 1730.0
1437180 1730.0
1437190 1721.7
1437200 1710.4
1437210 1710.4
1437220 1699.7
1437230 1691.0
1437240 1691.0
1437250 1682.8
1437260 1675.5
1437270 1675.5
1437280 1669.3
1437290 1662.4
1437300 1662.4
1437310 1655.7
1437320 1648.8
1437330 1648.8
1437340 1641.8
1437350 1635.7
1437360 1635.7
1437370 1630.1
1437380 1623.1
1437390 1623.1
1437400 1615.8
1437410 1610.1
1437420 1604.3
1437430 1604.3
1437440 1597.8
1437450 1590.9
1437460 1590.9
1437470 1584.2
1437480 1577.7
1437490 1577.7
1437500 1571.0
1437510 1563.8
1437520 1563.8
1437530 1557.2
1437540 1551.2
1437550 1551.2
1437560 1545.5
1437570 1540.0
1437580 1540.0
1437590 1533.5
1437600 1522.8
1437610 1522.8
1437620 1514.9
1437630 1508.4
1437640 1508.4
1437650 1499.2
1437660 1488.5
1437670 1480.9
1437680 1480.9
1437690 1473.7
1437700 1467.8
1437710 1467.8
1437720 1463.5
1437730 1457.5
1437740 1457.5
1437750 1446.7
1437760 1436.2
1437770 1436.2
1437780 1429.5
1437790 1417.7
1437800 1417.7
1437810 1402.4
1437820 1392.0
1437830 1392.0
1437840 1387.0
1437850 1384.9
1437860 1384.9
1437870 1385.2
1437880 1384.7
1437890 1384.7
1437900 1377.8
1437910 1369.6
1437920 1362.7
1437930 1362.7
1437940 1358.0
1437950 1351.4
1437960 1351.4
1437970 1344.6
1437980 1337.7
1437990 1337.7
1438000 1332.3
1438010 1328.6
1438020 1328.6
1438030 1325.1
1438040 1320.7
1438050 1320.7
1438060 1315.8
1438070 1311.0
1438080 1311.0
1438090 1306.2
1438100 1301.4
1438110 1301.4
1438120 1296.4
1438130 1292.2
1438140 1292.2
1438150 1288.1
1438160 1283.4
1438170 1279.6
1438180 1279.6
1438190 1275.4
1438200 1271.2
1438210 1271.2
1438220 1267.2
1438230 1262.4
1438240 1262.4
1438250 1257.2
1438260 1251.6
1438270 1251.6
1438280 1246.1
1438290 1241.8
1438300 1241.8
1438310 1239.8
1438320 1238.1
1438330 1238.1
1438340 1235.7
1438350 1233.2
1438360 1233.2
1438370 1230.5
1438380 1227.7
1438390 1227.7
1438400 1223.1
1438410 1220.3
1438420 1220.1
1438430 1220.1
1438440 1220.3
1438450 1220.0
1438460 1220.0
1438470 1219.9
1438480 1220.9
1438490 1220.9
1438500 1221.2
1438510 1222.5
1438520 1222.5
1438530 1221.3
1438540 1220.9
1438550 1220.9
1438560 1222.5
1438570 1226.9
1438580 1226.9
1438590 1231.5
1438600 1236.2
1438610 1236.2
1438620 1241.8
1438630 1247.8
1438640 1247.8
1438650 1253.6
1438660 1257.9
1438670 1257.9
1438680 1261.6
1438690 1265.4
1438700 1270.8
1438710 1270.8
1438720 1275.7
1438730 1280.5
1438740 1280.5
1438750 1284.5
1438760 1289.2
1438770 1289.2
1438780 1293.9
1438790 1298.9
1438800 1298.9
1438810 1302.9
1438820 1306.6
1438830 1306.6
1438840 1312.1
1438850 1317.2
1438860 1317.2
1438870 1323.8
1438880 1329.0
1438890 1329.0
1438900 1334.0
1438910 1338.6
1438920 1338.6
1438930 1343.3
1438940 1348.4
1438950 1357.3
1438960 1357.3
1438970 1360.8
1438980 1366.2
1438990 1366.2
1439000 1371.6
1439010 1376.6
1439020 1376.6
1439030 1381.3
1439040 1386.3
1439050 1386.3
1439060 1390.4
1439070 1395.4
1439080 1395.4
1439090 1400.5
1439100 1404.9
1439110 1404.9
1439120 1408.1
1439130 1411.1
1439140 1411.1
1439150 1413.8
1439160 1416.5
1439170 1416.5
1439180 1418.4
1439190 1420.7
1439200 1423.8
1439210 1423.8
1439220 1427.4
1439230 1430.6
1439240 1430.6
1439250 1434.3
1439260 1436.5
1439270 1436.5
1439280 1436.0
1439290 1439.3
1439300 1439.3
1439310 1444.8
1439320 1452.8
1439330 1452.8
1439340 1460.3
1439350 1466.1
1439360 1466.1
1439370 1471.7
1439380 1477.3
1439390 1477.3
1439400 1483.0
1439410 1488.3
1439420 1488.3
1439430 1492.5
1439440 1495.9
1439450 1498.7
1439460 1498.7
1439470 1502.0
1439480 1506.0
1439490 1506.0
1439500 1509.3
1439510 1512.3
1439520 1512.3
1439530 1515.0
1439540 1520.0
1439550 1520.0
1439560 1526.9
1439570 1535.1
1439580 1535.1
1439590 1543.2
1439600 1550.5
1439610 1550.5
1439620 1558.3
1439630 1565.9
1439640 1565.9
1439650 1573.9
1439660 1581.8
1439670 1581.8
1439680 1589.1
1439690 1596.7
1439700 1604.5
1439710 1604.5
1439720 1611.8
1439730 1619.7
1439740 1619.7
1439750 1627.0
1439760 1634.5
1439770 1634.5
1439780 1641.7
1439790 1648.7
1439800 1648.7
1439810 1657.1
1439820 1665.0
1439830 1665.0
1439840 1673.3
1439850 1682.9
1439860 1682.9
1439870 1692.4
1439880 1701.8
1439890 1701.8
1439900 1710.5
1439910 1719.1
1439920 1719.1
1439930 1727.8
1439940 1734.1
1439950 1737.7
1439960 1737.7
1439970 1741.9
1439980 1745.7
1439990 1745.7
