1420000 1281.2
1420010 1281.2
1420020 1280.4
1420030 1278.9
1420040 1277.5
1420050 1277.5
1420060 1276.4
1420070 1276.9
1420080 1276.9
1420090 1276.5
1420100 1273.8
1420110 1273.8
1420120 1270.2
1420130 1269.0
1420140 1269.0
1420150 1271.3
1420160 1275.1
1420170 1275.1
1420180 1277.7
1420190 1279.3
1420200 1279.3
1420210 1280.4
1420220 1281.3
1420230 1281.3
1420240 1281.9
1420250 1283.5
1420260 1283.5
1420270 1286.3
1420280 1288.9
1420290 1288.9
1420300 1290.9
1420310 1293.8
1420320 1298.6
1420330 1298.6
1420340 1303.2
1420350 1307.2
1420360 1307.2
1420370 1310.0
1420380 1313.6
1420390 1313.6
1420400 1317.5
1420410 1321.4
1420420 1321.4
1420430 1324.0
1420440 1326.2
1420450 1326.2
1420460 1328.9
1420470 1331.0
1420480 1331.0
1420490 1334.2
1420500 1335.7
1420510 1335.7
1420520 1336.3
1420530 1336.4
1420540 1336.4
1420550 1336.0
1420560 1337.7
1420570 1341.1
1420580 1341.1
1420590 1344.2
1420600 1346.3
1420610 1346.3
1420620 1348.6
1420630 1351.6
1420640 1351.6
1420650 1354.3
1420660 1356.7
1420670 1356.7
1420680 1361.5
1420690 1365.4
1420700 1365.4
1420710 1366.2
1420720 1367.6
1420730 1367.6
1420740 1369.2
1420750 1370.3
1420760 1370.3
1420770 1371.2
1420780 1373.5
1420790 1373.5
1420800 1375.4
1420810 1377.1
1420820 1378.4
1420830 1378.4
1420840 1379.8
1420850 1379.9
1420860 1379.9
1420870 1378.1
1420880 1376.2
1420890 1376.2
1420900 1375.7
1420910 1375.8
1420920 1375.8
1420930 1376.9
1420940 1376.5
1420950 1376.5
1420960 1374.9
1420970 1374.8
1420980 1374.8
1420990 1375.9
1421000 1375.8
1421010 1375.8
1421020 1376.4
1421030 1378.0
1421040 1378.0
1421050 1379.8
1421060 1381.5
1421070 1382.9
1421080 1382.9
1421090 1385.2
1421100 1387.7
1421110 1387.7
1421120 1390.0
1421130 1392.1
1421140 1392.1
1421150 1393.3
1421160 1393.2
1421170 1393.2
1421180 1391.4
1421190 1388.7
1421200 1388.7
1421210 1386.4
1421220 1386.9
1421230 1386.9
1421240 1389.3
1421250 1389.8
1421260 1389.8
1421270 1389.6
1421280 1390.3
1421290 1390.3
1421300 1390.6
1421310 1391.4
1421320 1391.8
1421330 1391.8
1421340 1392.0
1421350 1392.1
1421360 1392.1
1421370 1393.5
1421380 1396.4
1421390 1396.4
1421400 1402.0
1421410 1405.2
1421420 1405.2
1421430 1407.9
1421440 1415.8
1421450 1415.8
1421460 1424.9
1421470 1432.0
1421480 1432.0
1421490 1437.2
1421500 1437.0
1421510 1437.0
1421520 1434.3
1421530 1430.1
1421540 1430.1
1421550 1426.0
1421560 1422.2
1421570 1418.4
1421580 1418.4
1421590 1414.5
1421600 1410.6
1421610 1410.6
1421620 1406.7
1421630 1402.9
1421640 1402.9
1421650 1399.2
1421660 1394.5
1421670 1394.5
1421680 1389.5
1421690 1384.2
1421700 1384.2
1421710 1378.6
1421720 1374.7
1421730 1374.7
1421740 1369.1
1421750 1364.0
1421760 1364.0
1421770 1359.1
1421780 1354.9
1421790 1354.9
1421800 1350.2
1421810 1344.6
1421820 1344.6
1421830 1338.0
1421840 1331.5
1421850 1326.2
1421860 1326.2
1421870 1322.2
1421880 1318.7
1421890 1318.7
1421900 1316.4
1421910 1315.0
1421920 1315.0
1421930 1312.4
1421940 1308.7
1421950 1308.7
1421960 1308.1
1421970 1305.8
1421980 1305.8
1421990 1304.1
1422000 1300.5
1422010 1300.5
1422020 1296.8
1422030 1293.8
1422040 1293.8
1422050 1291.0
1422060 1288.6
1422070 1288.6
1422080 1285.4
1422090 1281.1
1422100 1276.7
1422110 1276.7
1422120 1272.2
1422130 1269.7
1422140 1269.7
1422150 1268.0
1422160 1266.6
1422170 1266.6
1422180 1263.3
1422190 1258.1
1422200 1258.1
1422210 1254.2
1422220 1256.7
1422230 1256.7
1422240 1263.3
1422250 1271.0
1422260 1271.0
1422270 1282.7
1422280 1293.1
1422290 1293.1
1422300 1300.0
1422310 1304.2
1422320 1304.2
1422330 1308.5
1422340 1316.1
1422350 1322.9
1422360 1322.9
1422370 1328.6
1422380 1334.2
1422390 1334.2
1422400 1338.6
1422410 1342.4
1422420 1342.4
1422430 1347.1
1422440 1353.0
1422450 1353.0
1422460 1357.4
1422470 1359.4
1422480 1359.4
1422490 1362.0
1422500 1364.3
1422510 1364.3
1422520 1366.0
1422530 1367.6
1422540 1367.6
1422550 1368.8
1422560 1369.1
1422570 1369.1
1422580 1370.0
1422590 1370.7
1422600 1370.1
1422610 1370.1
1422620 1366.7
1422630 1364.3
1422640 1364.3
1422650 1369.4
1422660 1370.1
1422670 1370.1
1422680 1373.5
1422690 1375.8
1422700 1375.8
1422710 1374.6
1422720 1374.7
1422730 1374.7
1422740 1378.2
1422750 1382.9
1422760 1382.9
1422770 1388.3
1422780 1392.6
1422790 1392.6
1422800 1396.5
1422810 1399.1
1422820 1399.1
1422830 1401.7
1422840 1404.3
1422850 1407.3
1422860 1407.3
1422870 1410.3
1422880 1412.3
1422890 1412.3
1422900 1413.2
1422910 1414.6
1422920 1414.6
1422930 1418.2
1422940 1423.0
1422950 1423.0
1422960 1426.6
1422970 1431.4
1422980 1431.4
1422990 1438.4
1423000 1445.3
1423010 1445.3
1423020 1450.6
1423030 1456.6
1423040 1456.6
1423050 1461.2
1423060 1465.4
1423070 1465.4
1423080 1471.1
1423090 1480.2
1423100 1480.2
1423110 1485.8
1423120 1490.2
1423130 1494.6
1423140 1494.6
1423150 1498.2
1423160 1500.3
1423170 1500.3
1423180 1505.7
1423190 1507.0
1423200 1507.0
1423210 1507.7
1423220 1508.8
1423230 1508.8
1423240 1510.8
1423250 1513.1
1423260 1513.1
1423270 1515.9
1423280 1518.3
1423290 1518.3
1423300 1520.5
1423310 1521.9
1423320 1521.9
1423330 1523.7
1423340 1526.9
1423350 1526.9
1423360 1528.8
1423370 1529.2
1423380 1531.0
1423390 1531.0
1423400 1530.9
1423410 1532.4
1423420 1532.4
1423430 1535.5
1423440 1535.4
1423450 1535.4
1423460 1534.6
1423470 1533.8
1423480 1533.8
1423490 1535.7
1423500 1535.7
1423510 1535.7
1423520 1533.0
1423530 1530.1
1423540 1530.1
1423550 1531.2
1423560 1533.7
1423570 1533.7
1423580 1537.0
1423590 1541.6
1423600 1541.6
1423610 1546.3
1423620 1551.3
1423630 1554.5
1423640 1554.5
1423650 1557.2
1423660 1562.7
1423670 1562.7
1423680 1570.4
1423690 1578.0
1423700 1578.0
1423710 1585.1
1423720 1592.0
1423730 1592.0
1423740 1599.8
1423750 1607.8
1423760 1607.8
1423770 1616.5
1423780 1624.6
1423790 1624.6
1423800 1631.9
1423810 1638.1
1423820 1638.1
1423830 1643.7
1423840 1649.4
1423850 1649.4
1423860 1655.7
1423870 1661.9
1423880 1667.4
1423890 1667.4
1423900 1672.8
1423910 1678.0
1423920 1678.0
1423930 1682.8
1423940 1687.0
1423950 1687.0
1423960 1689.2
1423970 1689.1
1423980 1689.1
1423990 1688.4
1424000 1688.1
1424010 1688.1
1424020 1688.7
1424030 1694.6
1424040 1694.6
1424050 1697.4
1424060 1700.5
1424070 1700.5
1424080 1703.5
1424090 1706.9
1424100 1706.9
1424110 1711.1
1424120 1713.5
1424130 1712.8
1424140 1712.8
1424150 1712.0
1424160 1709.9
1424170 1709.9
1424180 1712.1
1424190 1713.7
1424200 1713.7
1424210 1714.4
1424220 1714.3
1424230 1714.3
1424240 1714.8
1424250 1714.1
1424260 1714.1
1424270 1711.2
1424280 1707.4
1424290 1707.4
1424300 1703.7
1424310 1700.0
1424320 1700.0
1424330 1695.0
1424340 1692.0
1424350 1692.0
1424360 1690.4
1424370 1689.5
1424380 1688.5
1424390 1688.5
1424400 1687.1
1424410 1684.9
1424420 1684.9
1424430 1681.4
1424440 1677.6
1424450 1677.6
1424460 1674.1
1424470 1670.0
1424480 1670.0
1424490 1666.6
1424500 1663.3
1424510 1663.3
1424520 1657.9
1424530 1652.3
1424540 1652.3
1424550 1647.2
1424560 1643.2
1424570 1643.2
1424580 1639.8
1424590 1637.2
1424600 1637.2
1424610 1633.8
1424620 1629.6
1424630 1629.6
1424640 1625.4
1424650 1620.3
1424660 1614.9
1424670 1614.9
1424680 1609.1
1424690 1603.6
1424700 1603.6
1424710 1598.3
1424720 1594.8
1424730 1594.8
1424740 1589.4
1424750 1585.8
1424760 1585.8
1424770 1582.9
1424780 1579.8
1424790 1579.8
1424800 1574.1
1424810 1567.7
1424820 1567.7
1424830 1565.3
1424840 1563.2
1424850 1563.2
1424860 1557.6
1424870 1551.1
1424880 1551.1
1424890 1545.9
1424900 1541.4
1424910 1538.6
1424920 1538.6
1424930 1536.4
1424940 1534.3
1424950 1534.3
1424960 1532.1
1424970 1528.7
1424980 1528.7
1424990 1525.0
1425000 1521.6
1425010 1521.6
1425020 1518.7
1425030 1515.5
1425040 1515.5
1425050 1511.8
1425060 1507.7
1425070 1507.7
1425080 1503.3
1425090 1501.4
1425100 1501.4
1425110 1497.4
1425120 1494.4
1425130 1494.4
1425140 1491.3
1425150 1488.5
1425160 1485.6
1425170 1485.6
1425180 1481.8
1425190 1477.4
1425200 1477.4
1425210 1477.2
1425220 1475.0
1425230 1475.0
1425240 1472.0
1425250 1468.4
1425260 1468.4
1425270 1465.5
1425280 1461.7
1425290 1461.7
1425300 1459.8
1425310 1457.0
1425320 1457.0
1425330 1454.5
1425340 1451.9
1425350 1451.9
1425360 1448.1
1425370 1444.7
1425380 1444.7
1425390 1442.8
1425400 1440.9
1425410 1438.0
1425420 1438.0
1425430 1435.1
1425440 1434.3
1425450 1434.3
1425460 1433.1
1425470 1431.1
1425480 1431.1
1425490 1426.8
1425500 1425.2
1425510 1425.2
1425520 1426.8
1425530 1424.6
1425540 1424.6
1425550 1420.6
1425560 1416.9
1425570 1416.9
1425580 1414.2
1425590 1412.2
1425600 1412.2
1425610 1410.0
1425620 1407.2
1425630 1407.2
1425640 1404.6
1425650 1402.1
1425660 1399.4
1425670 1399.4
1425680 1396.7
1425690 1393.3
1425700 1393.3
1425710 1390.6
1425720 1388.1
1425730 1388.1
1425740 1384.1
1425750 1383.6
1425760 1383.6
1425770 1382.9
1425780 1381.1
1425790 1381.1
1425800 1377.2
1425810 1372.7
1425820 1372.7
1425830 1369.7
1425840 1367.4
1425850 1367.4
1425860 1364.6
1425870 1361.3
1425880 1361.3
1425890 1357.0
1425900 1351.5
1425910 1347.4
1425920 1347.4
1425930 1343.8
1425940 1331.8
1425950 1331.8
1425960 1319.1
1425970 1311.8
1425980 1311.8
1425990 1303.8
1426000 1296.5
1426010 1296.5
1426020 1288.2
1426030 1280.5
1426040 1280.5
1426050 1274.9
1426060 1269.1
1426070 1269.1
1426080 1262.8
1426090 1256.5
1426100 1256.5
1426110 1251.8
1426120 1246.4
1426130 1246.4
1426140 1239.1
1426150 1233.1
1426160 1224.6
1426170 1219.0
1426180 1211.9
1426190 1205.0
1426200 1205.0
1426210 1198.7
1426220 1195.0
1426230 1195.0
1426240 1191.6
1426250 1187.8
1426260 1187.8
1426270 1181.9
1426280 1175.8
1426290 1175.8
1426300 1170.9
1426310 1164.8
1426320 1164.8
1426330 1155.6
1426340 1148.1
1426350 1148.1
1426360 1143.4
1426370 1138.5
1426380 1138.5
1426390 1132.8
1426400 1127.2
1426410 1127.2
1426420 1121.6
1426430 1115.5
1426440 1109.9
1426450 1109.9
1426460 1103.1
1426470 1095.6
1426480 1095.6
1426490 1089.0
1426500 1082.8
1426510 1082.8
1426520 1076.6
1426530 1070.5
1426540 1070.5
1426550 1065.1
1426560 1059.8
1426570 1059.8
1426580 1053.5
1426590 1047.7
1426600 1047.7
1426610 1042.3
1426620 1037.3
1426630 1037.3
1426640 1033.4
1426650 1030.7
1426660 1030.7
1426670 1026.7
1426680 1022.2
1426690 1019.4
1426700 1019.4
1426710 1015.4
1426720 1012.4
1426730 1012.4
1426740 1010.4
1426750 1007.4
1426760 1007.4
1426770 1004.3
1426780 998.9
1426790 998.9
1426800 990.6
1426810 986.0
1426820 986.0
1426830 980.9
1426840 973.5
1426850 973.5
1426860 966.7
1426870 960.1
1426880 960.1
1426890 953.4
1426900 947.9
1426910 947.9
1426920 941.8
1426930 936.3
1426940 931.5
1426950 931.5
1426960 925.5
1426970 920.0
1426980 920.0
1426990 914.0
1427000 907.7
1427010 907.7
1427020 901.1
1427030 894.4
1427040 894.4
1427050 889.5
1427060 886.0
1427070 886.0
1427080 883.9
1427090 883.6
1427100 883.6
1427110 884.7
1427120 880.2
1427130 880.2
1427140 875.8
1427150 871.0
1427160 871.0
1427170 866.0
1427180 861.1
1427190 856.1
1427200 856.1
1427210 851.2
1427220 846.5
1427230 846.5
1427240 841.7
1427250 836.9
1427260 836.9
1427270 832.0
1427280 827.6
1427290 827.6
1427300 823.5
1427310 819.1
1427320 819.1
1427330 814.8
1427340 810.2
1427350 810.2
1427360 806.2
1427370 803.4
1427380 803.4
1427390 800.9
1427400 798.5
1427410 798.5
1427420 796.6
1427430 795.1
1427440 792.8
1427450 792.8
1427460 791.1
1427470 789.5
1427480 789.5
1427490 788.2
1427500 787.4
1427510 787.4
1427520 786.7
1427530 786.2
1427540 786.2
1427550 786.2
1427560 785.8
1427570 785.8
1427580 785.4
1427590 785.0
1427600 785.0
1427610 784.7
1427620 784.5
1427630 784.5
1427640 784.5
1427650 784.4
1427660 784.4
1427670 784.3
1427680 784.3
1427690 784.3
1427700 783.9
1427710 783.1
1427720 784.2
1427730 784.2
1427740 784.2
1427750 784.1
1427760 784.1
1427770 783.9
1427780 783.9
1427790 783.9
1427800 783.9
1427810 784.2
1427820 784.2
1427830 784.7
1427840 785.5
1427850 785.5
1427860 786.3
1427870 787.0
1427880 787.0
1427890 787.8
1427900 789.1
1427910 789.1
1427920 790.5
1427930 791.8
1427940 791.8
1427950 793.3
1427960 794.9
1427970 796.6
1427980 796.6
1427990 798.2
1428000 799.6
1428010 799.6
1428020 800.9
1428030 802.2
1428040 802.2
1428050 804.0
1428060 806.5
1428070 806.5
1428080 808.5
1428090 810.4
1428100 810.4
1428110 812.4
1428120 815.5
1428130 815.5
1428140 819.6
1428150 823.5
1428160 823.5
1428170 827.7
1428180 832.2
1428190 832.2
1428200 836.8
1428210 840.6
1428220 844.6
1428230 844.6
1428240 849.3
1428250 853.1
1428260 853.1
1428270 855.6
1428280 859.4
1428290 859.4
1428300 862.8
1428310 869.7
1428320 869.7
1428330 877.8
1428340 884.8
1428350 884.8
1428360 891.4
1428370 897.5
1428380 901.2
1428390 907.3
1428400 912.6
1428410 912.6
1428420 917.4
1428430 923.4
1428440 923.4
1428450 929.0
1428460 933.8
1428470 939.7
1428480 939.7
1428490 945.7
1428500 952.8
1428510 952.8
1428520 960.1
1428530 966.7
1428540 966.7
1428550 974.0
1428560 982.2
1428570 982.2
1428580 989.6
1428590 996.8
1428600 996.8
1428610 1006.8
1428620 1017.0
1428630 1017.0
1428640 1036.2
1428650 1047.2
1428660 1047.2
1428670 1055.1
1428680 1063.1
1428690 1063.1
1428700 1070.9
1428710 1080.0
1428720 1089.2
1428730 1089.2
1428740 1096.4
1428750 1104.3
1428760 1104.3
1428770 1116.6
1428780 1123.8
1428790 1123.8
1428800 1128.2
1428810 1132.8
1428820 1132.8
1428830 1139.0
1428840 1146.1
1428850 1146.1
1428860 1152.3
1428870 1158.4
1428880 1158.4
1428890 1164.0
1428900 1170.2
1428910 1170.2
1428920 1178.2
1428930 1185.7
1428940 1185.7
1428950 1192.7
1428960 1193.7
1428970 1192.3
1428980 1192.3
1428990 1197.1
1429000 1209.3
1429010 1209.3
1429020 1222.9
1429030 1229.7
1429040 1229.7
1429050 1235.7
1429060 1240.3
1429070 1240.3
1429080 1244.3
1429090 1247.9
1429100 1247.9
1429110 1251.6
1429120 1255.1
1429130 1255.1
1429140 1258.7
1429150 1262.2
1429160 1262.2
1429170 1266.1
1429180 1270.0
1429190 1270.0
1429200 1274.9
1429210 1280.0
1429220 1280.0
1429230 1285.0
1429240 1289.5
1429250 1294.4
1429260 1294.4
1429270 1300.0
1429280 1305.8
1429290 1305.8
1429300 1310.7
1429310 1315.8
1429320 1315.8
1429330 1321.6
1429340 1328.9
1429350 1328.9
1429360 1336.1
1429370 1342.9
1429380 1342.9
1429390 1349.8
1429400 1355.5
1429410 1355.5
1429420 1361.7
1429430 1369.5
1429440 1369.5
1429450 1378.5
1429460 1387.3
1429470 1387.3
1429480 1393.1
1429490 1399.1
1429500 1405.2
1429510 1405.2
1429520 1412.0
1429530 1418.2
1429540 1418.2
1429550 1425.0
1429560 1432.2
1429570 1432.2
1429580 1441.6
1429590 1450.3
1429600 1450.3
1429610 1458.1
1429620 1466.4
1429630 1466.4
1429640 1473.9
1429650 1478.7
1429660 1478.7
1429670 1483.3
1429680 1488.8
1429690 1488.8
1429700 1494.9
1429710 1500.3
1429720 1500.3
1429730 1507.1
1429740 1513.5
1429750 1521.2
1429760 1521.2
1429770 1528.9
1429780 1536.8
1429790 1536.8
1429800 1544.0
1429810 1551.1
1429820 1551.1
1429830 1558.7
1429840 1566.5
1429850 1566.5
1429860 1576.2
1429870 1587.2
1429880 1587.2
1429890 1602.2
1429900 1610.2
1429910 1610.2
1429920 1615.2
1429930 1617.0
1429940 1617.0
1429950 1622.6
1429960 1629.3
1429970 1629.3
1429980 1638.3
1429990 1647.8
1430000 1655.6
1430010 1655.6
1430020 1661.7
1430030 1666.9
1430040 1666.9
1430050 1672.5
1430060 1680.2
1430070 1680.2
1430080 1685.6
1430090 1690.7
1430100 1690.7
1430110 1696.4
1430120 1698.5
1430130 1698.5
1430140 1699.9
1430150 1701.6
1430160 1701.6
1430170 1707.4
1430180 1725.2
1430190 1725.2
1430200 1728.3
1430210 1731.5
1430220 1731.5
1430230 1733.7
1430240 1735.9
1430250 1737.8
1430260 1737.8
1430270 1738.8
1430280 1739.8
1430290 1739.8
1430300 1740.7
1430310 1741.9
1430320 1741.9
1430330 1743.0
1430340 1744.0
1430350 1744.0
1430360 1744.5
1430370 1744.5
1430380 1744.5
1430390 1743.8
1430400 1743.3
1430410 1743.3
1430420 1742.1
1430430 1740.8
1430440 1740.8
1430450 1740.6
1430460 1739.9
1430470 1739.9
1430480 1738.6
1430490 1737.6
1430500 1737.3
1430510 1737.3
1430520 1737.1
1430530 1737.6
1430540 1737.6
1430550 1738.6
1430560 1739.8
1430570 1739.8
1430580 1740.4
1430590 1740.2
1430600 1740.2
1430610 1739.9
1430620 1739.1
1430630 1739.1
1430640 1738.2
1430650 1738.0
1430660 1738.0
1430670 1738.0
1430680 1738.0
1430690 1742.0
1430700 1742.1
1430710 1741.9
1430720 1741.9
1430730 1740.9
1430740 1740.2
1430750 1740.2
1430760 1740.0
1430770 1740.0
1430780 1740.2
1430790 1740.2
1430800 1740.4
1430810 1740.7
1430820 1740.7
1430830 1740.5
1430840 1740.4
1430850 1740.4
1430860 1740.2
1430870 1739.2
1430880 1739.2
1430890 1735.6
1430900 1730.6
1430910 1730.6
1430920 1724.4
1430930 1719.7
1430940 1719.7
1430950 1715.3
1430960 1710.3
1430970 1710.3
1430980 1705.8
1430990 1701.8
1431000 1701.8
1431010 1697.5
1431020 1693.3
1431030 1689.4
1431040 1689.4
1431050 1686.2
1431060 1682.8
1431070 1682.8
1431080 1679.2
1431090 1676.1
1431100 1676.1
1431110 1674.1
1431120 1672.0
1431130 1672.0
1431140 1669.8
1431150 1667.3
1431160 1667.3
1431170 1664.7
1431180 1661.8
1431190 1661.8
1431200 1658.1
1431210 1653.2
1431220 1653.2
1431230 1647.1
1431240 1641.7
1431250 1641.7
1431260 1638.1
1431270 1635.9
1431280 1633.1
1431290 1633.1
1431300 1627.9
1431310 1623.1
1431320 1623.1
1431330 1617.4
1431340 1612.8
1431350 1612.8
1431360 1607.8
1431370 1602.4
1431380 1602.4
1431390 1596.8
1431400 1591.0
1431410 1591.0
1431420 1586.1
1431430 1580.7
1431440 1580.7
1431450 1574.7
1431460 1570.7
1431470 1570.7
1431480 1567.3
1431490 1564.3
1431500 1564.3
1431510 1561.5
1431520 1559.6
1431530 1558.1
1431540 1558.1
1431550 1556.9
1431560 1555.5
1431570 1555.5
1431580 1553.7
1431590 1550.5
1431600 1550.5
1431610 1548.9
1431620 1551.6
1431630 1551.6
1431640 1552.5
1431650 1552.3
1431660 1552.3
1431670 1551.1
1431680 1551.8
1431690 1551.8
1431700 1554.2
1431710 1556.6
1431720 1556.6
1431730 1561.4
1431740 1568.0
1431750 1568.0
1431760 1572.2
1431770 1576.7
1431780 1581.4
1431790 1581.4
1431800 1586.3
1431810 1591.0
1431820 1591.0
1431830 1598.1
1431840 1606.5
1431850 1606.5
1431860 1614.7
1431870 1622.4
1431880 1622.4
1431890 1628.8
1431900 1630.9
1431910 1630.9
1431920 1631.8
1431930 1633.4
1431940 1633.4
1431950 1634.5
1431960 1634.5
1431970 1634.5
1431980 1633.7
1431990 1632.3
1432000 1632.3
1432010 1632.4
1432020 1633.5
1432030 1635.8
1432040 1635.8
1432050 1638.8
1432060 1642.2
1432070 1642.2
1432080 1643.7
1432090 1646.3
1432100 1646.3
1432110 1648.4
1432120 1648.8
1432130 1648.8
1432140 1648.8
1432150 1649.2
1432160 1649.2
1432170 1650.1
1432180 1651.3
1432190 1651.3
1432200 1652.5
1432210 1653.8
1432220 1653.8
1432230 1656.0
1432240 1660.2
1432250 1660.2
1432260 1665.7
1432270 1671.6
1432280 1678.0
1432290 1678.0
1432300 1684.9
1432310 1691.9
1432320 1691.9
1432330 1698.2
1432340 1702.4
1432350 1702.4
1432360 1705.3
1432370 1707.5
1432380 1707.5
1432390 1709.0
1432400 1709.7
1432410 1709.7
1432420 1709.7
1432430 1707.9
1432440 1707.9
1432450 1702.4
1432460 1696.8
1432470 1696.8
1432480 1693.1
1432490 1691.1
1432500 1691.1
1432510 1689.4
1432520 1688.1
1432530 1688.1
1432540 1686.9
1432550 1685.5
1432560 1684.4
1432570 1684.4
1432580 1683.7
1432590 1682.2
1432600 1682.2
1432610 1679.2
1432620 1674.5
1432630 1674.5
1432640 1671.9
1432650 1670.8
1432660 1670.8
1432670 1670.4
1432680 1669.8
1432690 1669.8
1432700 1668.8
1432710 1668.0
1432720 1668.0
1432730 1666.6
1432740 1665.1
1432750 1665.1
1432760 1666.7
1432770 1665.4
1432780 1665.4
1432790 1664.0
1432800 1664.1
1432810 1664.5
1432820 1664.5
1432830 1664.4
1432840 1665.2
1432850 1665.2
1432860 1665.2
1432870 1664.4
1432880 1664.4
1432890 1663.7
1432900 1664.1
1432910 1664.1
1432920 1665.0
1432930 1666.0
1432940 1666.0
1432950 1667.4
1432960 1668.0
1432970 1668.0
1432980 1668.9
1432990 1670.5
1433000 1670.5
1433010 1672.2
1433020 1673.6
1433030 1673.6
1433040 1674.7
1433050 1674.6
1433060 1674.1
1433070 1674.1
1433080 1672.8
1433090 1668.8
1433100 1668.8
1433110 1668.8
1433120 1666.8
1433130 1666.8
1433140 1664.7
1433150 1662.6
1433160 1662.6
1433170 1661.1
1433180 1661.4
1433190 1661.4
1433200 1661.4
1433210 1661.9
1433220 1661.9
1433230 1659.2
1433240 1656.5
1433250 1656.5
1433260 1657.4
1433270 1657.4
1433280 1657.4
1433290 1656.1
1433300 1654.9
1433310 1652.0
1433320 1652.0
1433330 1649.3
1433340 1647.5
1433350 1647.5
1433360 1647.3
1433370 1648.3
1433380 1648.3
1433390 1648.8
1433400 1649.3
1433410 1649.3
1433420 1649.4
1433430 1648.7
1433440 1648.7
1433450 1648.1
1433460 1647.6
1433470 1647.6
1433480 1648.3
1433490 1650.5
1433500 1650.5
1433510 1654.3
1433520 1656.2
1433530 1656.2
1433540 1657.9
1433550 1658.2
1433560 1659.0
1433570 1659.0
1433580 1658.5
1433590 1656.4
1433600 1656.4
1433610 1655.2
1433620 1655.7
1433630 1655.7
1433640 1656.4
1433650 1655.9
1433660 1655.9
1433670 1655.5
1433680 1654.1
1433690 1654.1
1433700 1652.5
1433710 1652.8
1433720 1652.8
1433730 1653.4
1433740 1655.4
1433750 1655.4
1433760 1656.2
1433770 1656.5
1433780 1656.5
1433790 1654.0
1433800 1653.6
1433810 1653.7
1433820 1653.7
1433830 1654.4
1433840 1655.2
1433850 1655.2
1433860 1656.4
1433870 1658.3
1433880 1658.3
1433890 1659.6
1433900 1659.7
1433910 1659.7
1433920 1661.3
1433930 1664.7
1433940 1664.7
1433950 1669.2
1433960 1674.5
1433970 1674.5
1433980 1678.5
1433990 1680.9
1434000 1680.9
1434010 1682.2
1434020 1684.7
1434030 1684.7
1434040 1689.8
1434050 1696.5
1434060 1696.5
1434070 1703.7
1434080 1710.5
1434090 1714.3
1434100 1714.3
1434110 1715.4
1434120 1715.2
1434130 1715.2
1434140 1713.2
1434150 1711.0
1434160 1711.0
1434170 1708.7
1434180 1706.0
1434190 1706.0
1434200 1702.8
1434210 1698.8
1434220 1698.8
1434230 1692.3
1434240 1687.5
1434250 1687.5
1434260 1682.3
1434270 1673.9
1434280 1673.9
1434290 1666.2
1434300 1660.4
1434310 1660.4
1434320 1655.4
1434330 1652.1
1434340 1648.4
1434350 1648.4
1434360 1644.7
1434370 1641.9
1434380 1641.9
1434390 1639.0
1434400 1635.5
1434410 1635.5
1434420 1632.2
1434430 1629.2
1434440 1629.2
1434450 1625.5
1434460 1622.1
1434470 1622.1
1434480 1618.7
1434490 1615.3
1434500 1615.3
1434510 1612.6
1434520 1610.1
1434530 1610.1
1434540 1608.4
1434550 1607.4
1434560 1607.4
1434570 1606.7
1434580 1605.9
1434590 1605.0
1434600 1605.0
1434610 1603.6
1434620 1602.6
1434630 1602.6
1434640 1601.5
1434650 1600.9
1434660 1600.9
1434670 1600.1
1434680 1599.2
1434690 1599.2
1434700 1598.5
1434710 1598.9
1434720 1598.9
1434730 1601.7
1434740 1606.6
1434750 1606.6
1434760 1609.5
1434770 1607.4
1434780 1607.4
1434790 1600.1
1434800 1591.5
1434810 1591.5
1434820 1583.4
1434830 1575.6
1434840 1567.1
1434850 1567.1
1434860 1557.7
1434870 1549.8
1434880 1549.8
1434890 1542.5
1434900 1535.7
1434910 1535.7
1434920 1526.1
1434930 1515.6
1434940 1515.6
1434950 1506.7
1434960 1497.8
1434970 1497.8
1434980 1489.2
1434990 1480.6
1435000 1480.6
1435010 1472.1
1435020 1463.5
1435030 1463.5
1435040 1455.4
1435050 1451.3
1435060 1451.3
1435070 1450.4
1435080 1450.3
1435090 1450.3
1435100 1450.3
1435110 1450.4
1435120 1451.0
1435130 1451.0
1435140 1451.9
1435150 1452.4
1435160 1452.4
1435170 1452.6
1435180 1453.6
1435190 1453.6
1435200 1455.3
1435210 1456.3
1435220 1456.3
1435230 1456.6
1435240 1456.0
1435250 1456.0
1435260 1456.2
1435270 1457.2
1435280 1457.2
1435290 1457.9
1435300 1458.2
1435310 1458.2
1435320 1458.4
1435330 1458.6
1435340 1461.0
1435350 1461.0
1435360 1461.8
1435370 1464.2
1435380 1464.2
1435390 1466.1
1435400 1468.4
1435410 1468.4
1435420 1470.9
1435430 1473.4
1435440 1473.4
1435450 1479.2
1435460 1487.6
1435470 1487.6
1435480 1495.5
1435490 1503.9
1435500 1503.9
1435510 1514.4
1435520 1528.8
1435530 1528.8
1435540 1539.8
1435550 1548.0
1435560 1548.0
1435570 1558.8
1435580 1567.0
1435590 1567.0
1435600 1575.0
1435610 1583.0
1435620 1589.5
1435630 1589.5
1435640 1599.2
1435650 1603.6
1435660 1603.6
1435670 1606.8
1435680 1614.1
1435690 1614.1
1435700 1628.6
1435710 1644.5
1435720 1644.5
1435730 1656.6
1435740 1665.2
1435750 1665.2
1435760 1670.7
1435770 1675.5
1435780 1675.5
1435790 1679.9
1435800 1683.5
1435810 1683.5
1435820 1686.9
1435830 1690.0
1435840 1690.0
1435850 1693.9
1435860 1698.3
1435870 1703.6
1435880 1703.6
1435890 1708.7
1435900 1713.8
1435910 1713.8
1435920 1719.1
1435930 1723.8
1435940 1723.8
1435950 1728.4
1435960 1732.4
1435970 1732.4
1435980 1736.1
1435990 1739.6
1436000 1739.6
1436010 1743.0
1436020 1746.1
1436030 1746.1
1436040 1748.8
1436050 1751.1
1436060 1751.1
1436070 1753.8
1436080 1757.0
1436090 1757.0
1436100 1760.1
1436110 1762.7
1436120 1765.6
1436130 1765.6
1436140 1768.6
1436150 1772.1
1436160 1772.1
1436170 1775.3
1436180 1778.6
1436190 1778.6
1436200 1781.6
1436210 1785.0
1436220 1785.0
1436230 1788.7
1436240 1792.5
1436250 1792.5
1436260 1796.4
1436270 1800.6
1436280 1800.6
1436290 1804.6
1436300 1808.6
1436310 1808.6
1436320 1812.6
1436330 1816.5
1436340 1816.5
1436350 1820.6
1436360 1824.3
1436370 1827.8
1436380 1827.8
1436390 1831.7
1436400 1834.5
1436410 1834.5
1436420 1839.1
1436430 1844.2
1436440 1844.2
1436450 1848.4
1436460 1852.3
1436470 1852.3
1436480 1856.0
1436490 1859.5
1436500 1859.5
1436510 1863.1
1436520 1866.9
1436530 1866.9
1436540 1871.2
1436550 1875.2
1436560 1875.2
1436570 1878.2
1436580 1881.0
1436590 1881.0
1436600 1883.7
1436610 1884.3
1436620 1880.8
1436630 1880.8
1436640 1879.7
1436650 1872.5
1436660 1872.5
1436670 1865.2
1436680 1860.5
1436690 1860.5
1436700 1854.4
1436710 1847.3
1436720 1847.3
1436730 1840.7
1436740 1834.4
1436750 1834.4
1436760 1829.0
1436770 1822.9
1436780 1822.9
1436790 1817.0
1436800 1811.5
1436810 1811.5
1436820 1806.4
1436830 1803.3
1436840 1803.3
1436850 1800.0
1436860 1795.0
1436870 1788.1
1436880 1788.1
1436890 1783.1
1436900 1778.2
1436910 1778.2
1436920 1773.6
1436930 1768.5
1436940 1768.5
1436950 1763.4
1436960 1759.3
1436970 1759.3
1436980 1755.4
1436990 1751.1
1437000 1751.1
1437010 1746.7
1437020 1743.9
1437030 1743.9
1437040 1742.1
1437050 1740.4
1437060 1740.4
1437070 1738.6
1437080 1735.4
1437090 1735.4
1437100 1731.5
1437110 1728.6
1437120 1728.6
1437130 1726.6
1437140 1723.7
1437150 1719.9
1437160 1719.9
1437170 1715.9
1437180 1714.2
1437190 1714.2
1437200 1712.6
1437210 1706.7
1437220 1706.7
1437230 1700.9
1437240 1695.6
1437250 1695.6
1437260 1693.2
1437270 1690.8
1437280 1690.8
1437290 1685.7
1437300 1679.6
1437310 1679.6
1437320 1672.6
1437330 1666.2
1437340 1666.2
1437350 1659.0
1437360 1653.1
1437370 1653.1
1437380 1648.3
1437390 1642.4
1437400 1636.9
1437410 1636.9
1437420 1631.9
1437430 1626.3
1437440 1626.3
1437450 1619.8
1437460 1614.9
1437470 1614.9
1437480 1611.5
1437490 1608.6
1437500 1608.6
1437510 1603.8
1437520 1597.7
1437530 1597.7
1437540 1592.2
1437550 1585.5
1437560 1585.5
1437570 1583.0
1437580 1582.9
1437590 1582.9
1437600 1583.3
1437610 1583.5
1437620 1583.5
1437630 1582.9
1437640 1580.1
1437650 1579.9
1437660 1579.9
1437670 1580.6
1437680 1580.9
1437690 1580.9
1437700 1580.6
1437710 1581.5
1437720 1581.5
1437730 1583.3
1437740 1585.2
1437750 1585.2
1437760 1586.3
1437770 1586.0
1437780 1586.0
1437790 1585.7
1437800 1584.2
1437810 1584.2
1437820 1581.7
1437830 1579.8
1437840 1579.8
1437850 1577.8
1437860 1576.2
1437870 1576.2
1437880 1574.9
1437890 1574.3
1437900 1572.0
1437910 1572.0
1437920 1569.1
1437930 1566.5
1437940 1566.5
1437950 1564.1
1437960 1561.3
1437970 1561.3
1437980 1558.0
1437990 1554.7
1438000 1554.7
1438010 1551.6
1438020 1547.9
1438030 1547.9
1438040 1543.9
1438050 1539.4
1438060 1539.4
1438070 1534.0
1438080 1528.7
1438090 1528.7
1438100 1523.5
1438110 1516.4
1438120 1516.4
1438130 1508.5
1438140 1500.8
1438150 1493.6
1438160 1493.6
1438170 1486.4
1438180 1478.5
1438190 1478.5
1438200 1470.1
1438210 1461.5
1438220 1461.5
1438230 1452.8
1438240 1444.2
1438250 1444.2
1438260 1436.5
1438270 1428.3
1438280 1428.3
1438290 1419.6
1438300 1411.4
1438310 1409.1
1438320 1401.7
1438330 1394.5
1438340 1394.5
1438350 1388.9
1438360 1383.9
1438370 1383.9
1438380 1378.8
1438390 1374.0
1438400 1369.3
1438410 1369.3
1438420 1365.2
1438430 1361.7
1438440 1361.7
1438450 1357.5
1438460 1352.2
1438470 1352.2
1438480 1346.4
1438490 1340.8
1438500 1340.8
1438510 1334.8
1438520 1327.5
1438530 1327.5
1438540 1317.5
1438550 1305.8
1438560 1305.8
1438570 1296.9
1438580 1290.3
1438590 1290.3
1438600 1285.1
1438610 1277.0
1438620 1277.0
1438630 1267.9
1438640 1259.2
1438650 1259.2
1438660 1251.4
1438670 1244.2
1438680 1237.8
1438690 1237.8
1438700 1231.3
1438710 1225.0
1438720 1225.0
1438730 1218.0
1438740 1210.4
1438750 1210.4
1438760 1202.9
1438770 1195.9
1438780 1195.9
1438790 1189.2
1438800 1183.2
1438810 1183.2
1438820 1177.8
1438830 1172.9
1438840 1172.9
1438850 1171.6
1438860 1172.5
1438870 1172.5
1438880 1171.5
1438890 1172.3
1438900 1172.3
1438910 1172.9
1438920 1172.4
1438930 1172.8
1438940 1172.8
1438950 1172.9
1438960 1172.9
1438970 1172.9
1438980 1177.3
1438990 1181.7
1439000 1181.7
1439010 1184.1
1439020 1186.3
1439030 1186.3
1439040 1187.1
1439050 1189.9
1439060 1189.9
1439070 1192.5
1439080 1195.6
1439090 1195.6
1439100 1198.7
1439110 1202.0
1439120 1202.0
1439130 1205.5
1439140 1209.8
1439150 1209.8
1439160 1214.7
1439170 1220.1
1439180 1225.8
1439190 1225.8
1439200 1231.7
1439210 1237.5
1439220 1237.5
1439230 1243.5
1439240 1249.9
1439250 1249.9
1439260 1256.2
1439270 1262.1
1439280 1262.1
1439290 1267.6
1439300 1273.7
1439310 1273.7
1439320 1279.8
1439330 1285.5
1439340 1285.5
1439350 1290.2
1439360 1295.2
1439370 1295.2
1439380 1299.1
1439390 1303.0
1439400 1303.0
1439410 1308.1
1439420 1311.9
1439430 1314.2
1439440 1314.2
1439450 1313.5
1439460 1312.2
1439470 1312.2
1439480 1311.7
1439490 1314.8
1439500 1314.8
1439510 1317.1
1439520 1318.7
1439530 1318.7
1439540 1321.2
1439550 1325.4
1439560 1325.4
1439570 1331.1
1439580 1338.7
1439590 1338.7
1439600 1349.4
1439610 1361.1
1439620 1361.1
1439630 1370.4
1439640 1377.5
1439650 1377.5
1439660 1384.2
1439670 1391.2
1439680 1398.2
1439690 1398.2
1439700 1405.0
1439710 1410.7
1439720 1410.7
1439730 1417.8
1439740 1424.8
1439750 1424.8
1439760 1432.9
1439770 1441.7
1439780 1441.7
1439790 1450.6
1439800 1459.0
1439810 1459.0
1439820 1466.9
1439830 1474.4
1439840 1474.4
1439850 1482.1
1439860 1489.4
1439870 1489.4
1439880 1497.2
1439890 1504.7
1439900 1504.7
1439910 1512.7
1439920 1520.8
1439930 1527.8
1439940 1527.8
1439950 1533.7
1439960 1539.4
1439970 1539.4
1439980 1544.6
1439990 1548.1
