1420000 1500.2
1420010 1500.2
1420020 1501.3
1420030 1502.2
1420040 1502.2
1420050 1503.5
1420060 1505.1
1420070 1505.1
1420080 1507.0
1420090 1509.4
1420100 1509.4
1420110 1512.5
1420120 1515.7
1420130 1515.7
1420140 1518.6
1420150 1521.3
1420160 1521.3
1420170 1525.4
1420180 1530.7
1420190 1530.7
1420200 1536.5
1420210 1542.3
1420220 1542.3
1420230 1550.6
1420240 1564.7
1420250 1575.1
1420260 1575.1
1420270 1582.8
1420280 1587.9
1420290 1587.9
1420300 1590.5
1420310 1591.8
1420320 1591.8
1420330 1593.4
1420340 1595.9
1420350 1595.9
1420360 1598.2
1420370 1600.3
1420380 1600.3
1420390 1602.5
1420400 1602.0
1420410 1602.0
1420420 1598.7
1420430 1596.5
1420440 1596.5
1420450 1593.4
1420460 1592.4
1420470 1592.4
1420480 1591.8
1420490 1589.8
1420500 1587.7
1420510 1587.7
1420520 1583.7
1420530 1580.0
1420540 1580.0
1420550 1576.9
1420560 1574.7
1420570 1574.7
1420580 1572.5
1420590 1571.5
1420600 1571.5
1420610 1566.3
1420620 1560.0
1420630 1560.0
1420640 1555.1
1420650 1551.9
1420660 1551.9
1420670 1551.6
1420680 1551.8
1420690 1551.8
1420700 1553.3
1420710 1556.0
1420720 1556.0
1420730 1554.2
1420740 1552.3
1420750 1550.4
1420760 1550.4
1420770 1549.1
1420780 1547.8
1420790 1547.8
1420800 1547.8
1420810 1549.3
1420820 1549.3
1420830 1551.7
1420840 1553.7
1420850 1553.7
1420860 1555.8
1420870 1557.3
1420880 1557.3
1420890 1558.4
1420900 1559.4
1420910 1559.4
1420920 1560.0
1420930 1560.0
1420940 1560.0
1420950 1559.9
1420960 1560.2
1420970 1560.2
1420980 1560.1
1420990 1560.7
1421000 1560.7
1421010 1562.0
1421020 1563.2
1421030 1564.7
1421040 1564.7
1421050 1566.7
1421060 1569.4
1421070 1569.4
1421080 1570.5
1421090 1570.6
1421100 1570.6
1421110 1571.2
1421120 1571.4
1421130 1571.4
1421140 1571.2
1421150 1570.5
1421160 1570.5
1421170 1569.3
1421180 1567.7
1421190 1567.7
1421200 1566.3
1421210 1564.6
1421220 1564.6
1421230 1561.6
1421240 1559.0
1421250 1559.0
1421260 1557.4
1421270 1559.6
1421280 1563.9
1421290 1563.9
1421300 1563.5
1421310 1561.6
1421320 1561.6
1421330 1561.8
1421340 1562.5
1421350 1562.5
1421360 1562.7
1421370 1559.5
1421380 1559.5
1421390 1554.7
1421400 1551.2
1421410 1551.2
1421420 1548.0
1421430 1548.0
1421440 1548.0
1421450 1547.1
1421460 1545.4
1421470 1545.4
1421480 1544.3
1421490 1541.9
1421500 1541.9
1421510 1539.6
1421520 1536.6
1421530 1533.2
1421540 1533.2
1421550 1528.6
1421560 1523.9
1421570 1523.9
1421580 1520.5
1421590 1518.6
1421600 1518.6
1421610 1517.2
1421620 1516.0
1421630 1516.0
1421640 1514.7
1421650 1512.5
1421660 1512.5
1421670 1509.1
1421680 1505.4
1421690 1505.4
1421700 1500.1
1421710 1493.2
1421720 1493.2
1421730 1486.6
1421740 1481.7
1421750 1481.7
1421760 1478.2
1421770 1476.9
1421780 1474.6
1421790 1474.6
1421800 1474.2
1421810 1474.5
1421820 1474.5
1421830 1475.6
1421840 1475.7
1421850 1475.7
1421860 1473.6
1421870 1470.6
1421880 1470.6
1421890 1467.6
1421900 1464.7
1421910 1464.7
1421920 1461.9
1421930 1459.7
1421940 1459.7
1421950 1457.4
1421960 1454.4
1421970 1454.4
1421980 1451.7
1421990 1448.9
1422000 1448.9
1422010 1446.4
1422020 1443.9
1422030 1441.0
1422040 1441.0
1422050 1438.2
1422060 1436.2
1422070 1436.2
1422080 1435.5
1422090 1434.6
1422100 1434.6
1422110 1433.1
1422120 1430.6
1422130 1430.6
1422140 1428.4
1422150 1427.2
1422160 1427.2
1422170 1426.1
1422180 1423.5
1422190 1423.5
1422200 1418.2
1422210 1409.6
1422220 1409.6
1422230 1401.7
1422240 1397.0
1422250 1397.0
1422260 1387.2
1422270 1376.4
1422280 1368.8
1422290 1368.8
1422300 1362.7
1422310 1366.3
1422320 1366.3
1422330 1371.2
1422340 1376.8
1422350 1376.8
1422360 1390.6
1422370 1402.7
1422380 1402.7
1422390 1413.3
1422400 1423.8
1422410 1423.8
1422420 1432.6
1422430 1440.3
1422440 1440.3
1422450 1445.4
1422460 1446.8
1422470 1446.8
1422480 1448.3
1422490 1448.3
1422500 1448.3
1422510 1448.0
1422520 1447.7
1422530 1449.3
1422540 1449.3
1422550 1451.2
1422560 1453.7
1422570 1453.7
1422580 1458.0
1422590 1463.2
1422600 1463.2
1422610 1469.1
1422620 1473.5
1422630 1473.5
1422640 1477.6
1422650 1481.3
1422660 1481.3
1422670 1481.6
1422680 1481.6
1422690 1481.6
1422700 1481.4
1422710 1481.0
1422720 1481.0
1422730 1481.2
1422740 1484.1
1422750 1484.1
1422760 1485.4
1422770 1482.7
1422780 1482.7
1422790 1486.5
1422800 1488.8
1422810 1491.2
1422820 1491.2
1422830 1495.2
1422840 1498.1
1422850 1498.1
1422860 1502.0
1422870 1506.1
1422880 1506.1
1422890 1509.0
1422900 1512.7
1422910 1512.7
1422920 1518.4
1422930 1524.8
1422940 1524.8
1422950 1532.1
1422960 1539.0
1422970 1539.0
1422980 1546.4
1422990 1554.5
1423000 1554.5
1423010 1563.6
1423020 1567.3
1423030 1567.3
1423040 1569.2
1423050 1571.9
1423060 1574.4
1423070 1574.4
1423080 1576.7
1423090 1578.8
1423100 1578.8
1423110 1580.2
1423120 1580.9
1423130 1580.9
1423140 1583.0
1423150 1585.7
1423160 1585.7
1423170 1588.2
1423180 1590.6
1423190 1590.6
1423200 1592.4
1423210 1595.3
1423220 1595.3
1423230 1598.2
1423240 1600.0
1423250 1600.0
1423260 1600.4
1423270 1602.0
1423280 1602.0
1423290 1604.2
1423300 1605.1
1423310 1607.7
1423320 1607.7
1423330 1611.1
1423340 1613.7
1423350 1613.7
1423360 1617.2
1423370 1620.0
1423380 1620.0
1423390 1623.4
1423400 1627.2
1423410 1627.2
1423420 1627.9
1423430 1628.9
1423440 1628.9
1423450 1631.0
1423460 1633.4
1423470 1633.4
1423480 1637.1
1423490 1639.2
1423500 1639.2
1423510 1641.1
1423520 1644.7
1423530 1648.1
1423540 1652.8
1423550 1656.1
1423560 1661.2
1423570 1661.2
1423580 1665.5
1423590 1667.8
1423600 1667.8
1423610 1669.9
1423620 1671.4
1423630 1671.4
1423640 1672.5
1423650 1672.7
1423660 1672.7
1423670 1674.3
1423680 1679.0
1423690 1679.0
1423700 1685.0
1423710 1690.8
1423720 1690.8
1423730 1698.0
1423740 1708.2
1423750 1708.2
1423760 1718.4
1423770 1729.7
1423780 1729.7
1423790 1737.9
1423800 1745.9
1423810 1755.0
1423820 1755.0
1423830 1761.9
1423840 1764.9
1423850 1764.9
1423860 1767.6
1423870 1772.0
1423880 1772.0
1423890 1777.1
1423900 1781.1
1423910 1781.1
1423920 1784.1
1423930 1784.6
1423940 1784.6
1423950 1787.5
1423960 1792.0
1423970 1792.0
1423980 1794.4
1423990 1800.1
1424000 1800.1
1424010 1808.3
1424020 1814.2
1424030 1814.2
1424040 1813.5
1424050 1810.1
1424060 1807.4
1424070 1807.4
1424080 1808.2
1424090 1808.3
1424100 1808.3
1424110 1803.9
1424120 1796.9
1424130 1796.9
1424140 1789.4
1424150 1783.0
1424160 1783.0
1424170 1777.0
1424180 1774.6
1424190 1774.6
1424200 1772.1
1424210 1768.5
1424220 1768.5
1424230 1765.5
1424240 1762.6
1424250 1762.6
1424260 1760.0
1424270 1758.2
1424280 1758.2
1424290 1756.3
1424300 1753.6
1424310 1748.0
1424320 1748.0
1424330 1744.7
1424340 1740.5
1424350 1740.5
1424360 1736.9
1424370 1733.0
1424380 1733.0
1424390 1728.4
1424400 1722.6
1424410 1722.6
1424420 1716.2
1424430 1709.1
1424440 1709.1
1424450 1701.6
1424460 1696.1
1424470 1696.1
1424480 1690.1
1424490 1686.7
1424500 1686.7
1424510 1683.6
1424520 1681.9
1424530 1681.9
1424540 1680.7
1424550 1679.0
1424560 1679.0
1424570 1676.8
1424580 1673.9
1424590 1671.1
1424600 1671.1
1424610 1667.5
1424620 1663.2
1424630 1663.2
1424640 1658.9
1424650 1655.5
1424660 1655.5
1424670 1653.6
1424680 1651.3
1424690 1651.3
1424700 1647.1
1424710 1642.7
1424720 1642.7
1424730 1639.0
1424740 1635.2
1424750 1635.2
1424760 1630.9
1424770 1627.0
1424780 1627.0
1424790 1623.3
1424800 1619.7
1424810 1619.7
1424820 1616.6
1424830 1613.4
1424840 1609.9
1424850 1609.9
1424860 1607.6
1424870 1605.3
1424880 1605.3
1424890 1603.3
1424900 1601.3
1424910 1601.3
1424920 1599.1
1424930 1596.9
1424940 1596.9
1424950 1594.7
1424960 1591.9
1424970 1591.9
1424980 1588.4
1424990 1585.5
1425000 1585.5
1425010 1582.5
1425020 1578.1
1425030 1578.1
1425040 1573.6
1425050 1570.0
1425060 1570.0
1425070 1566.8
1425080 1563.5
1425090 1561.2
1425100 1561.2
1425110 1558.3
1425120 1554.8
1425130 1554.8
1425140 1552.7
1425150 1549.9
1425160 1549.9
1425170 1546.4
1425180 1542.4
1425190 1542.4
1425200 1538.0
1425210 1535.0
1425220 1535.0
1425230 1533.6
1425240 1532.2
1425250 1532.2
1425260 1529.2
1425270 1524.9
1425280 1524.9
1425290 1522.2
1425300 1518.0
1425310 1518.0
1425320 1514.4
1425330 1510.8
1425340 1506.3
1425350 1506.3
1425360 1502.0
1425370 1497.2
1425380 1497.2
1425390 1492.5
1425400 1488.9
1425410 1488.9
1425420 1486.4
1425430 1483.6
1425440 1483.6
1425450 1480.8
1425460 1477.0
1425470 1477.0
1425480 1474.5
1425490 1472.0
1425500 1472.0
1425510 1468.8
1425520 1466.4
1425530 1466.4
1425540 1464.5
1425550 1464.3
1425560 1464.3
1425570 1463.5
1425580 1461.9
1425590 1459.6
1425600 1459.6
1425610 1457.4
1425620 1455.2
1425630 1455.2
1425640 1452.1
1425650 1445.9
1425660 1445.9
1425670 1442.5
1425680 1438.9
1425690 1438.9
1425700 1436.4
1425710 1434.2
1425720 1434.2
1425730 1431.0
1425740 1427.2
1425750 1427.2
1425760 1420.6
1425770 1412.0
1425780 1412.0
1425790 1404.9
1425800 1397.7
1425810 1397.7
1425820 1391.4
1425830 1385.1
1425840 1378.5
1425850 1378.5
1425860 1372.6
1425870 1366.2
1425880 1366.2
1425890 1357.8
1425900 1347.8
1425910 1347.8
1425920 1339.2
1425930 1331.5
1425940 1331.5
1425950 1324.6
1425960 1318.9
1425970 1318.9
1425980 1313.7
1425990 1307.9
1426000 1307.9
1426010 1301.4
1426020 1295.3
1426030 1295.3
1426040 1290.0
1426050 1283.6
1426060 1283.6
1426070 1277.0
1426080 1270.7
1426090 1270.7
1426100 1263.0
1426110 1256.4
1426120 1250.3
1426130 1250.3
1426140 1245.3
1426150 1238.9
1426160 1238.9
1426170 1231.2
1426180 1222.9
1426190 1222.9
1426200 1214.6
1426210 1205.2
1426220 1205.2
1426230 1196.2
1426240 1189.8
1426250 1189.8
1426260 1184.9
1426270 1180.0
1426280 1180.0
1426290 1175.8
1426300 1171.4
1426310 1171.4
1426320 1167.1
1426330 1163.3
1426340 1163.3
1426350 1158.5
1426360 1153.5
1426370 1147.2
1426380 1147.2
1426390 1142.8
1426400 1138.3
1426410 1138.3
1426420 1132.4
1426430 1123.1
1426440 1123.1
1426450 1113.9
1426460 1106.8
1426470 1106.8
1426480 1098.5
1426490 1090.3
1426500 1090.3
1426510 1081.5
1426520 1072.0
1426530 1072.0
1426540 1064.5
1426550 1058.7
1426560 1058.7
1426570 1054.0
1426580 1049.8
1426590 1049.8
1426600 1046.3
1426610 1042.1
1426620 1036.9
1426630 1036.9
1426640 1032.2
1426650 1027.6
1426660 1027.6
1426670 1023.1
1426680 1019.0
1426690 1019.0
1426700 1015.0
1426710 1010.6
1426720 1010.6
1426730 1007.0
1426740 1004.1
1426750 1004.1
1426760 1001.1
1426770 998.2
1426780 998.2
1426790 995.5
1426800 992.3
1426810 992.3
1426820 988.8
1426830 985.0
1426840 985.0
1426850 980.7
1426860 974.7
1426870 970.0
1426880 970.0
1426890 964.9
1426900 959.3
1426910 959.3
1426920 953.2
1426930 947.8
1426940 947.8
1426950 942.9
1426960 939.7
1426970 939.7
1426980 935.7
1426990 932.4
1427000 932.4
1427010 929.7
1427020 926.1
1427030 926.1
1427040 921.8
1427050 917.7
1427060 917.7
1427070 913.7
1427080 910.2
1427090 910.2
1427100 907.8
1427110 906.3
1427120 902.5
1427130 902.5
1427140 899.2
1427150 895.6
1427160 895.6
1427170 892.2
1427180 888.5
1427190 888.5
1427200 884.7
1427210 883.0
1427220 883.0
1427230 880.2
1427240 877.3
1427250 877.3
1427260 874.4
1427270 871.3
1427280 871.3
1427290 868.2
1427300 864.8
1427310 864.8
1427320 861.2
1427330 859.8
1427340 859.8
1427350 858.1
1427360 856.7
1427370 854.9
1427380 854.9
1427390 852.3
1427400 849.5
1427410 849.5
1427420 846.6
1427430 844.3
1427440 844.3
1427450 842.2
1427460 840.2
1427470 840.2
1427480 837.1
1427490 833.4
1427500 833.4
1427510 829.9
1427520 826.6
1427530 826.6
1427540 823.8
1427550 820.8
1427560 820.8
1427570 817.0
1427580 811.4
1427590 811.4
1427600 805.7
1427610 800.6
1427620 797.6
1427630 797.6
1427640 794.7
1427650 791.8
1427660 791.8
1427670 791.2
1427680 790.8
1427690 790.8
1427700 790.7
1427710 792.8
1427720 792.8
1427730 793.7
1427740 793.7
1427750 793.7
1427760 793.8
1427770 793.5
1427780 793.5
1427790 792.9
1427800 792.7
1427810 792.7
1427820 792.1
1427830 790.3
1427840 790.3
1427850 791.4
1427860 789.9
1427870 789.9
1427880 789.3
1427890 790.2
1427900 791.3
1427910 791.3
1427920 792.1
1427930 792.6
1427940 792.6
1427950 793.4
1427960 794.4
1427970 794.4
1427980 795.5
1427990 796.6
1428000 796.6
1428010 797.9
1428020 799.4
1428030 799.4
1428040 801.7
1428050 803.9
1428060 803.9
1428070 805.1
1428080 805.9
1428090 805.9
1428100 807.0
1428110 808.0
1428120 808.0
1428130 809.3
1428140 810.6
1428150 812.4
1428160 812.4
1428170 814.6
1428180 815.2
1428190 815.2
1428200 816.9
1428210 818.7
1428220 818.7
1428230 823.0
1428240 828.5
1428250 828.5
1428260 833.9
1428270 838.8
1428280 838.8
1428290 844.4
1428300 848.9
1428310 848.9
1428320 853.4
1428330 858.7
1428340 858.7
1428350 864.7
1428360 870.7
1428370 870.7
1428380 876.3
1428390 882.9
1428400 890.2
1428410 890.2
1428420 898.7
1428430 907.2
1428440 907.2
1428450 914.9
1428460 922.7
1428470 922.7
1428480 930.9
1428490 939.0
1428500 939.0
1428510 947.6
1428520 955.4
1428530 955.4
1428540 971.2
1428550 995.3
1428560 995.3
1428570 1004.3
1428580 1010.1
1428590 1010.1
1428600 1027.0
1428610 1043.2
1428620 1043.2
1428630 1052.4
1428640 1060.4
1428650 1069.9
1428660 1069.9
1428670 1078.0
1428680 1085.1
1428690 1085.1
1428700 1093.3
1428710 1101.0
1428720 1101.0
1428730 1107.0
1428740 1110.5
1428750 1110.5
1428760 1117.6
1428770 1126.3
1428780 1126.3
1428790 1134.3
1428800 1139.8
1428810 1139.8
1428820 1145.4
1428830 1149.4
1428840 1149.4
1428850 1148.9
1428860 1148.8
1428870 1148.8
1428880 1155.7
1428890 1162.6
1428900 1168.9
1428910 1168.9
1428920 1172.3
1428930 1174.9
1428940 1174.9
1428950 1177.2
1428960 1178.6
1428970 1178.6
1428980 1180.9
1428990 1183.9
1429000 1183.9
1429010 1186.7
1429020 1190.7
1429030 1190.7
1429040 1196.5
1429050 1201.3
1429060 1201.3
1429070 1203.0
1429080 1202.1
1429090 1202.1
1429100 1202.2
1429110 1203.3
1429120 1203.3
1429130 1204.4
1429140 1207.9
1429150 1212.9
1429160 1212.9
1429170 1218.3
1429180 1223.0
1429190 1223.0
1429200 1228.3
1429210 1238.3
1429220 1238.3
1429230 1252.7
1429240 1257.6
1429250 1257.6
1429260 1260.2
1429270 1262.7
1429280 1262.7
1429290 1265.2
1429300 1267.0
1429310 1267.0
1429320 1270.9
1429330 1275.0
1429340 1275.0
1429350 1277.7
1429360 1282.0
1429370 1282.0
1429380 1285.9
1429390 1287.9
1429400 1293.3
1429410 1293.3
1429420 1297.5
1429430 1303.4
1429440 1303.4
1429450 1314.7
1429460 1325.9
1429470 1325.9
1429480 1336.0
1429490 1341.5
1429500 1341.5
1429510 1347.9
1429520 1355.0
1429530 1355.0
1429540 1366.5
1429550 1377.5
1429560 1377.5
1429570 1383.7
1429580 1390.6
1429590 1390.6
1429600 1398.1
1429610 1402.7
1429620 1402.7
1429630 1407.4
1429640 1411.7
1429650 1414.9
1429660 1414.9
1429670 1416.5
1429680 1416.4
1429690 1416.4
1429700 1416.2
1429710 1420.3
1429720 1420.3
1429730 1424.8
1429740 1433.1
1429750 1433.1
1429760 1442.4
1429770 1451.5
1429780 1451.5
1429790 1460.5
1429800 1469.1
1429810 1469.1
1429820 1479.4
1429830 1486.9
1429840 1486.9
1429850 1492.2
1429860 1496.2
1429870 1496.2
1429880 1499.4
1429890 1499.7
1429900 1499.7
1429910 1502.2
1429920 1506.8
1429930 1517.0
1429940 1517.0
1429950 1526.0
1429960 1533.8
1429970 1533.8
1429980 1541.2
1429990 1549.1
1430000 1549.1
1430010 1556.9
1430020 1564.4
1430030 1564.4
1430040 1571.2
1430050 1577.0
1430060 1577.0
1430070 1581.3
1430080 1584.6
1430090 1584.6
1430100 1586.8
1430110 1590.5
1430120 1590.5
1430130 1595.7
1430140 1606.1
1430150 1606.1
1430160 1612.0
1430170 1617.2
1430180 1622.3
1430190 1622.3
1430200 1628.0
1430210 1631.5
1430220 1631.5
1430230 1635.9
1430240 1640.9
1430250 1640.9
1430260 1642.4
1430270 1645.0
1430280 1645.0
1430290 1651.4
1430300 1658.3
1430310 1658.3
1430320 1665.4
1430330 1673.7
1430340 1673.7
1430350 1683.7
1430360 1693.6
1430370 1693.6
1430380 1702.1
1430390 1710.7
1430400 1710.7
1430410 1718.1
1430420 1725.0
1430430 1732.1
1430440 1732.1
1430450 1740.4
1430460 1747.7
1430470 1747.7
1430480 1753.6
1430490 1758.5
1430500 1758.5
1430510 1763.8
1430520 1769.8
1430530 1769.8
1430540 1776.1
1430550 1783.0
1430560 1783.0
1430570 1789.3
1430580 1794.5
1430590 1794.5
1430600 1798.8
1430610 1801.9
1430620 1801.9
1430630 1804.3
1430640 1806.0
1430650 1806.0
1430660 1807.0
1430670 1806.8
1430680 1804.7
1430690 1804.7
1430700 1801.6
1430710 1799.2
1430720 1799.2
1430730 1798.2
1430740 1797.2
1430750 1797.2
1430760 1795.2
1430770 1793.2
1430780 1793.2
1430790 1792.3
1430800 1791.7
1430810 1791.7
1430820 1790.8
1430830 1788.2
1430840 1788.2
1430850 1786.0
1430860 1783.7
1430870 1783.7
1430880 1781.1
1430890 1778.0
1430900 1778.0
1430910 1775.3
1430920 1772.6
1430930 1769.6
1430940 1769.6
1430950 1766.4
1430960 1763.2
1430970 1763.2
1430980 1759.7
1430990 1756.8
1431000 1756.8
1431010 1753.4
1431020 1750.0
1431030 1750.0
1431040 1747.1
1431050 1744.4
1431060 1744.4
1431070 1741.8
1431080 1740.2
1431090 1740.2
1431100 1738.5
1431110 1736.5
1431120 1736.5
1431130 1733.5
1431140 1731.3
1431150 1731.3
1431160 1726.6
1431170 1721.3
1431180 1716.5
1431190 1716.5
1431200 1713.2
1431210 1709.7
1431220 1709.7
1431230 1706.2
1431240 1702.8
1431250 1702.8
1431260 1699.6
1431270 1696.8
1431280 1696.8
1431290 1693.8
1431300 1691.0
1431310 1691.0
1431320 1688.1
1431330 1684.4
1431340 1684.4
1431350 1680.8
1431360 1676.5
1431370 1676.5
1431380 1671.9
1431390 1670.3
1431400 1670.3
1431410 1668.0
1431420 1665.6
1431430 1662.3
1431440 1662.3
1431450 1660.3
1431460 1659.9
1431470 1659.9
1431480 1659.4
1431490 1659.8
1431500 1659.8
1431510 1660.4
1431520 1661.1
1431530 1661.1
1431540 1662.5
1431550 1663.9
1431560 1663.9
1431570 1665.7
1431580 1668.0
1431590 1668.0
1431600 1668.9
1431610 1669.0
1431620 1669.0
1431630 1669.4
1431640 1669.8
1431650 1669.8
1431660 1672.4
1431670 1676.2
1431680 1678.5
1431690 1678.5
1431700 1679.0
1431710 1677.9
1431720 1677.9
1431730 1677.0
1431740 1678.0
1431750 1678.0
1431760 1679.7
1431770 1681.7
1431780 1681.7
1431790 1683.6
1431800 1685.2
1431810 1685.2
1431820 1687.1
1431830 1689.4
1431840 1689.4
1431850 1690.3
1431860 1691.3
1431870 1691.3
1431880 1693.6
1431890 1697.4
1431900 1697.4
1431910 1701.1
1431920 1704.7
1431930 1704.7
1431940 1708.7
1431950 1713.5
1431960 1716.7
1431970 1716.7
1431980 1717.5
1431990 1718.4
1432000 1718.4
1432010 1720.0
1432020 1720.7
1432030 1720.7
1432040 1719.7
1432050 1717.1
1432060 1717.1
1432070 1712.9
1432080 1708.1
1432090 1708.1
1432100 1704.2
1432110 1703.0
1432120 1703.0
1432130 1702.9
1432140 1702.7
1432150 1702.7
1432160 1702.5
1432170 1702.3
1432180 1702.3
1432190 1702.5
1432200 1703.2
1432210 1704.7
1432220 1704.7
1432230 1707.2
1432240 1709.1
1432250 1709.1
1432260 1710.5
1432270 1712.4
1432280 1712.4
1432290 1714.5
1432300 1715.4
1432310 1715.4
1432320 1716.8
1432330 1717.4
1432340 1717.4
1432350 1719.5
1432360 1721.2
1432370 1721.2
1432380 1722.8
1432390 1725.9
1432400 1725.9
1432410 1729.5
1432420 1731.5
1432430 1731.5
1432440 1732.6
1432450 1734.4
1432460 1736.8
1432470 1736.8
1432480 1740.1
1432490 1743.8
1432500 1743.8
1432510 1747.3
1432520 1750.5
1432530 1749.3
1432540 1752.8
1432550 1755.8
1432560 1755.8
1432570 1758.2
1432580 1760.4
1432590 1760.4
1432600 1762.2
1432610 1765.1
1432620 1765.1
1432630 1769.3
1432640 1772.2
1432650 1772.2
1432660 1775.0
1432670 1777.4
1432680 1777.4
1432690 1778.9
1432700 1778.4
1432710 1775.6
1432720 1775.6
1432730 1772.8
1432740 1769.2
1432750 1769.2
1432760 1765.3
1432770 1762.1
1432780 1762.1
1432790 1758.9
1432800 1755.7
1432810 1755.7
1432820 1752.9
1432830 1751.1
1432840 1751.1
1432850 1749.1
1432860 1744.9
1432870 1744.9
1432880 1741.1
1432890 1738.5
1432900 1738.5
1432910 1736.6
1432920 1734.8
1432930 1734.8
1432940 1732.6
1432950 1730.7
1432960 1728.4
1432970 1728.4
1432980 1727.7
1432990 1727.6
1433000 1727.6
1433010 1727.2
1433020 1727.9
1433030 1727.9
1433040 1727.2
1433050 1727.8
1433060 1727.8
1433070 1728.5
1433080 1729.5
1433090 1729.5
1433100 1729.7
1433110 1730.2
1433120 1730.2
1433130 1730.9
1433140 1731.1
1433150 1731.1
1433160 1730.2
1433170 1728.8
1433180 1728.8
1433190 1727.4
1433200 1725.8
1433210 1724.8
1433220 1724.8
1433230 1723.5
1433240 1722.0
1433250 1722.0
1433260 1720.0
1433270 1716.8
1433280 1716.8
1433290 1713.9
1433300 1711.3
1433310 1711.3
1433320 1709.8
1433330 1708.0
1433340 1708.0
1433350 1708.5
1433360 1709.7
1433370 1709.7
1433380 1710.3
1433390 1711.3
1433400 1711.3
1433410 1710.3
1433420 1711.3
1433430 1711.3
1433440 1713.0
1433450 1714.2
1433460 1714.5
1433470 1714.5
1433480 1714.2
1433490 1713.9
1433500 1713.9
1433510 1713.8
1433520 1715.8
1433530 1715.8
1433540 1717.4
1433550 1718.9
1433560 1718.9
1433570 1720.0
1433580 1718.4
1433590 1718.4
1433600 1716.3
1433610 1714.8
1433620 1714.8
1433630 1713.3
1433640 1711.0
1433650 1711.0
1433660 1710.1
1433670 1710.1
1433680 1710.1
1433690 1711.0
1433700 1712.4
1433710 1712.4
1433720 1716.5
1433730 1719.8
1433740 1721.4
1433750 1721.4
1433760 1722.0
1433770 1723.4
1433780 1723.4
1433790 1723.6
1433800 1724.1
1433810 1724.1
1433820 1724.1
1433830 1723.3
1433840 1723.3
1433850 1721.2
1433860 1722.1
1433870 1722.1
1433880 1725.8
1433890 1730.6
1433900 1730.6
1433910 1736.9
1433920 1744.6
1433930 1744.6
1433940 1754.2
1433950 1761.9
1433960 1761.9
1433970 1763.3
1433980 1762.7
1433990 1761.7
1434000 1761.7
1434010 1763.2
1434020 1767.5
1434030 1767.5
1434040 1772.7
1434050 1778.9
1434060 1778.9
1434070 1786.5
1434080 1809.4
1434090 1809.4
1434100 1822.0
1434110 1823.3
1434120 1823.3
1434130 1824.2
1434140 1827.2
1434150 1827.2
1434160 1831.6
1434170 1832.8
1434180 1832.8
1434190 1833.6
1434200 1826.1
1434210 1826.1
1434220 1817.1
1434230 1809.2
1434240 1801.9
1434250 1801.9
1434260 1792.5
1434270 1781.4
1434280 1781.4
1434290 1772.5
1434300 1765.9
1434310 1765.9
1434320 1760.1
1434330 1753.7
1434340 1753.7
1434350 1746.6
1434360 1740.6
1434370 1740.6
1434380 1735.9
1434390 1732.9
1434400 1732.9
1434410 1731.0
1434420 1728.9
1434430 1728.9
1434440 1726.0
1434450 1723.0
1434460 1723.0
1434470 1721.7
1434480 1721.6
1434490 1722.3
1434500 1722.3
1434510 1723.2
1434520 1723.7
1434530 1723.7
1434540 1724.7
1434550 1725.9
1434560 1725.9
1434570 1723.3
1434580 1715.4
1434590 1715.4
1434600 1705.8
1434610 1695.1
1434620 1695.1
1434630 1683.7
1434640 1672.7
1434650 1672.7
1434660 1664.9
1434670 1657.1
1434680 1657.1
1434690 1648.9
1434700 1642.3
1434710 1642.3
1434720 1638.1
1434730 1635.0
1434740 1632.3
1434750 1632.3
1434760 1628.6
1434770 1627.0
1434780 1627.0
1434790 1624.9
1434800 1622.5
1434810 1622.5
1434820 1619.6
1434830 1617.1
1434840 1617.1
1434850 1611.8
1434860 1606.9
1434870 1606.9
1434880 1602.1
1434890 1595.6
1434900 1595.6
1434910 1589.7
1434920 1584.1
1434930 1584.1
1434940 1579.1
1434950 1574.5
1434960 1574.5
1434970 1570.3
1434980 1565.6
1434990 1563.0
1435000 1563.0
1435010 1561.2
1435020 1559.6
1435030 1559.6
1435040 1555.5
1435050 1550.7
1435060 1550.7
1435070 1545.7
1435080 1540.9
1435090 1540.9
1435100 1537.6
1435110 1536.7
1435120 1536.7
1435130 1536.0
1435140 1535.6
1435150 1535.6
1435160 1535.0
1435170 1534.8
1435180 1534.8
1435190 1534.4
1435200 1533.6
1435210 1533.6
1435220 1532.6
1435230 1531.8
1435240 1530.1
1435250 1530.1
1435260 1528.9
1435270 1528.4
1435280 1528.4
1435290 1528.9
1435300 1529.9
1435310 1529.9
1435320 1527.4
1435330 1525.7
1435340 1525.7
1435350 1530.6
1435360 1531.9
1435370 1531.9
1435380 1531.7
1435390 1532.0
1435400 1532.0
1435410 1532.3
1435420 1533.4
1435430 1533.4
1435440 1534.7
1435450 1536.7
1435460 1536.7
1435470 1541.1
1435480 1545.4
1435490 1545.4
1435500 1550.4
1435510 1555.6
1435520 1560.3
1435530 1560.3
1435540 1564.2
1435550 1569.4
1435560 1569.4
1435570 1574.0
1435580 1579.8
1435590 1579.8
1435600 1586.8
1435610 1594.9
1435620 1594.9
1435630 1602.7
1435640 1610.9
1435650 1610.9
1435660 1618.5
1435670 1626.3
1435680 1626.3
1435690 1634.5
1435700 1642.0
1435710 1642.0
1435720 1649.1
1435730 1655.4
1435740 1655.4
1435750 1662.5
1435760 1669.9
1435770 1678.3
1435780 1678.3
1435790 1687.2
1435800 1697.2
1435810 1697.2
1435820 1707.9
1435830 1717.4
1435840 1717.4
1435850 1728.4
1435860 1738.3
1435870 1738.3
1435880 1748.0
1435890 1758.3
1435900 1758.3
1435910 1765.5
1435920 1771.5
1435930 1771.5
1435940 1774.9
1435950 1778.6
1435960 1778.6
1435970 1783.0
1435980 1787.8
1435990 1787.8
1436000 1792.4
1436010 1796.6
1436020 1801.1
1436030 1801.1
1436040 1807.2
1436050 1814.0
1436060 1814.0
1436070 1818.6
1436080 1821.2
1436090 1821.2
1436100 1825.7
1436110 1833.7
1436120 1833.7
1436130 1841.9
1436140 1850.0
1436150 1850.0
1436160 1857.7
1436170 1865.6
1436180 1865.6
1436190 1873.6
1436200 1881.0
1436210 1881.0
1436220 1888.4
1436230 1895.4
1436240 1895.4
1436250 1902.3
1436260 1909.3
1436270 1916.0
1436280 1916.0
1436290 1922.0
1436300 1927.0
1436310 1927.0
1436320 1930.0
1436330 1934.1
1436340 1934.1
1436350 1940.7
1436360 1948.0
1436370 1948.0
1436380 1955.6
1436390 1963.7
1436400 1963.7
1436410 1972.6
1436420 1978.4
1436430 1978.4
1436440 1982.0
1436450 1985.8
1436460 1985.8
1436470 1987.8
1436480 1982.2
1436490 1982.2
1436500 1974.1
1436510 1966.0
1436520 1957.8
1436530 1957.8
1436540 1949.2
1436550 1941.8
1436560 1941.8
1436570 1934.2
1436580 1929.4
1436590 1929.4
1436600 1926.3
1436610 1924.1
1436620 1924.1
1436630 1921.2
1436640 1918.6
1436650 1918.6
1436660 1915.2
1436670 1910.9
1436680 1910.9
1436690 1905.5
1436700 1899.2
1436710 1899.2
1436720 1892.4
1436730 1886.3
1436740 1886.3
1436750 1881.8
1436760 1877.2
1436770 1873.1
1436780 1873.1
1436790 1869.9
1436800 1866.4
1436810 1866.4
1436820 1863.0
1436830 1859.6
1436840 1859.6
1436850 1856.8
1436860 1855.6
1436870 1855.6
1436880 1856.5
1436890 1857.3
1436900 1857.3
1436910 1857.2
1436920 1854.4
1436930 1854.4
1436940 1849.9
1436950 1845.1
1436960 1845.1
1436970 1842.9
1436980 1841.2
1436990 1841.2
1437000 1838.1
1437010 1835.8
1437020 1834.8
1437030 1834.8
1437040 1833.2
1437050 1832.0
1437060 1832.0
1437070 1830.1
1437080 1827.6
1437090 1827.6
1437100 1826.1
1437110 1824.1
1437120 1824.1
1437130 1821.6
1437140 1819.4
1437150 1819.4
1437160 1816.8
1437170 1814.0
1437180 1814.0
1437190 1810.5
1437200 1806.6
1437210 1806.6
1437220 1800.8
1437230 1793.6
1437240 1793.6
1437250 1786.8
1437260 1780.4
1437270 1780.4
1437280 1773.2
1437290 1765.6
1437300 1756.2
1437310 1756.2
1437320 1747.6
1437330 1738.9
1437340 1738.9
1437350 1731.6
1437360 1724.8
1437370 1724.8
1437380 1717.7
1437390 1709.8
1437400 1709.8
1437410 1702.3
1437420 1695.1
1437430 1695.1
1437440 1687.8
1437450 1680.5
1437460 1680.5
1437470 1674.9
1437480 1669.4
1437490 1669.4
1437500 1663.4
1437510 1657.6
1437520 1657.6
1437530 1652.0
1437540 1646.0
1437550 1639.7
1437560 1639.7
1437570 1633.8
1437580 1627.8
1437590 1627.8
1437600 1621.5
1437610 1614.9
1437620 1614.9
1437630 1607.8
1437640 1600.9
1437650 1600.9
1437660 1592.2
1437670 1586.0
1437680 1586.0
1437690 1579.8
1437700 1574.4
1437710 1574.4
1437720 1568.7
1437730 1562.5
1437740 1562.5
1437750 1555.0
1437760 1546.0
1437770 1546.0
1437780 1535.4
1437790 1522.3
1437800 1509.6
1437810 1509.6
1437820 1500.5
1437830 1493.7
1437840 1493.7
1437850 1486.9
1437860 1479.9
1437870 1479.9
1437880 1472.3
1437890 1464.4
1437900 1464.4
1437910 1456.0
1437920 1448.9
1437930 1448.9
1437940 1442.6
1437950 1436.2
1437960 1436.2
1437970 1430.1
1437980 1422.5
1437990 1422.5
1438000 1413.9
1438010 1405.2
1438020 1405.2
1438030 1397.3
1438040 1389.4
1438050 1381.8
1438060 1381.8
1438070 1374.5
1438080 1367.8
1438090 1367.8
1438100 1361.3
1438110 1354.5
1438120 1354.5
1438130 1348.8
1438140 1342.6
1438150 1342.6
1438160 1334.8
1438170 1327.5
1438180 1327.5
1438190 1319.9
1438200 1312.1
1438210 1312.1
1438220 1304.7
1438230 1298.7
1438240 1298.7
1438250 1293.7
1438260 1287.0
1438270 1287.0
1438280 1280.1
1438290 1274.0
1438300 1269.4
1438310 1269.4
1438320 1267.2
1438330 1266.2
1438340 1266.2
1438350 1264.8
1438360 1264.0
1438370 1264.0
1438380 1262.0
1438390 1257.3
1438400 1257.3
1438410 1251.5
1438420 1245.4
1438430 1245.4
1438440 1239.0
1438450 1232.8
1438460 1232.8
1438470 1226.0
1438480 1218.2
1438490 1218.2
1438500 1211.0
1438510 1207.0
1438520 1207.0
1438530 1204.6
1438540 1202.9
1438550 1201.4
1438560 1201.4
1438570 1199.6
1438580 1198.3
1438590 1198.3
1438600 1199.1
1438610 1200.4
1438620 1200.4
1438630 1203.1
1438640 1205.5
1438650 1205.5
1438660 1207.2
1438670 1210.0
1438680 1210.0
1438690 1211.9
1438700 1212.8
1438710 1212.8
1438720 1213.2
1438730 1213.4
1438740 1213.4
1438750 1213.6
1438760 1214.8
1438770 1214.8
1438780 1216.0
1438790 1217.2
1438800 1218.9
1438810 1218.9
1438820 1221.6
1438830 1223.6
1438840 1223.6
1438850 1223.6
1438860 1223.0
1438870 1223.0
1438880 1226.8
1438890 1231.1
1438900 1231.1
1438910 1233.4
1438920 1236.1
1438930 1236.1
1438940 1240.5
1438950 1245.5
1438960 1245.5
1438970 1250.8
1438980 1256.2
1438990 1256.2
1439000 1260.8
1439010 1266.6
1439020 1266.6
1439030 1272.8
1439040 1278.3
1439050 1284.2
1439060 1284.2
1439070 1290.2
1439080 1295.6
1439090 1295.6
1439100 1300.8
1439110 1308.0
1439120 1308.0
1439130 1315.8
1439140 1322.8
1439150 1322.8
1439160 1329.1
1439170 1335.5
1439180 1335.5
1439190 1342.6
1439200 1349.8
1439210 1349.8
1439220 1356.8
1439230 1363.9
1439240 1363.9
1439250 1371.9
1439260 1380.4
1439270 1380.4
1439280 1388.5
1439290 1396.8
1439300 1396.8
1439310 1405.9
1439320 1415.0
1439330 1423.4
1439340 1423.4
1439350 1430.6
1439360 1437.5
1439370 1437.5
1439380 1444.0
1439390 1450.3
1439400 1450.3
1439410 1456.4
1439420 1462.8
1439430 1462.8
1439440 1468.8
1439450 1475.4
1439460 1475.4
1439470 1482.5
1439480 1489.5
1439490 1489.5
1439500 1497.0
1439510 1503.9
1439520 1503.9
1439530 1510.7
1439540 1516.5
1439550 1516.5
1439560 1522.0
1439570 1527.0
1439580 1532.5
1439590 1532.5
1439600 1539.2
1439610 1545.1
1439620 1545.1
1439630 1550.6
1439640 1554.3
1439650 1554.3
1439660 1559.7
1439670 1564.9
1439680 1564.9
1439690 1569.6
1439700 1574.1
1439710 1574.1
1439720 1578.6
1439730 1582.6
1439740 1582.6
1439750 1586.6
1439760 1590.3
1439770 1590.3
1439780 1594.4
1439790 1598.6
1439800 1598.6
1439810 1602.5
1439820 1606.0
1439830 1609.8
1439840 1609.8
1439850 1614.3
1439860 1617.7
1439870 1617.7
1439880 1621.5
1439890 1625.7
1439900 1625.7
1439910 1629.9
1439920 1633.7
1439930 1633.7
1439940 1636.3
1439950 1639.2
1439960 1639.2
1439970 1641.9
1439980 1644.1
1439990 1644.1
