1420000 1337.4
1420010 1337.4
1420020 1332.3
1420030 1336.0
1420040 1336.0
1420050 1338.0
1420060 1338.6
1420070 1338.6
1420080 1338.4
1420090 1338.2
1420100 1337.7
1420110 1337.7
1420120 1336.9
1420130 1335.2
1420140 1335.2
1420150 1333.5
1420160 1332.2
1420170 1332.2
1420180 1332.4
1420190 1333.7
1420200 1333.7
1420210 1335.6
1420220 1337.0
1420230 1337.0
1420240 1338.8
1420250 1338.9
1420260 1338.9
1420270 1339.0
1420280 1343.6
1420290 1343.6
1420300 1353.1
1420310 1352.8
1420320 1352.8
1420330 1349.0
1420340 1348.5
1420350 1357.5
1420360 1357.5
1420370 1363.2
1420380 1364.9
1420390 1364.9
1420400 1363.2
1420410 1359.9
1420420 1359.9
1420430 1357.0
1420440 1355.9
1420450 1355.9
1420460 1357.0
1420470 1362.3
1420480 1362.3
1420490 1368.2
1420500 1372.8
1420510 1372.8
1420520 1374.3
1420530 1376.2
1420540 1376.2
1420550 1377.7
1420560 1380.2
1420570 1380.2
1420580 1384.1
1420590 1389.5
1420600 1389.5
1420610 1395.4
1420620 1397.6
1420630 1400.4
1420640 1400.4
1420650 1401.7
1420660 1404.2
1420670 1404.2
1420680 1406.5
1420690 1406.7
1420700 1406.7
1420710 1408.6
1420720 1410.9
1420730 1410.9
1420740 1414.1
1420750 1417.1
1420760 1417.1
1420770 1420.4
1420780 1420.4
1420790 1420.4
1420800 1420.4
1420810 1421.4
1420820 1421.4
1420830 1421.9
1420840 1421.7
1420850 1421.7
1420860 1422.0
1420870 1423.3
1420880 1427.0
1420890 1427.0
1420900 1429.2
1420910 1430.5
1420920 1430.5
1420930 1432.5
1420940 1434.1
1420950 1434.1
1420960 1436.0
1420970 1439.7
1420980 1444.4
1420990 1446.2
1421000 1446.4
1421010 1446.4
1421020 1444.6
1421030 1444.0
1421040 1444.0
1421050 1444.3
1421060 1445.1
1421070 1445.1
1421080 1446.3
1421090 1447.5
1421100 1447.5
1421110 1450.4
1421120 1453.6
1421130 1456.4
1421140 1456.4
1421150 1458.4
1421160 1460.1
1421170 1460.1
1421180 1461.5
1421190 1462.4
1421200 1462.4
1421210 1463.7
1421220 1466.4
1421230 1466.4
1421240 1472.0
1421250 1472.3
1421260 1472.3
1421270 1471.0
1421280 1470.5
1421290 1470.5
1421300 1471.0
1421310 1472.1
1421320 1472.1
1421330 1472.0
1421340 1473.1
1421350 1473.1
1421360 1475.1
1421370 1477.4
1421380 1483.4
1421390 1483.4
1421400 1487.0
1421410 1488.6
1421420 1488.6
1421430 1488.9
1421440 1487.6
1421450 1487.6
1421460 1485.8
1421470 1484.0
1421480 1484.0
1421490 1482.3
1421500 1480.4
1421510 1480.4
1421520 1477.8
1421530 1473.9
1421540 1473.9
1421550 1469.4
1421560 1464.9
1421570 1464.9
1421580 1460.8
1421590 1456.9
1421600 1456.9
1421610 1453.0
1421620 1448.3
1421630 1443.2
1421640 1443.2
1421650 1438.3
1421660 1433.2
1421670 1433.2
1421680 1427.8
1421690 1424.1
1421700 1424.1
1421710 1420.0
1421720 1415.2
1421730 1415.2
1421740 1410.3
1421750 1404.6
1421760 1404.6
1421770 1398.6
1421780 1394.3
1421790 1394.3
1421800 1387.5
1421810 1382.4
1421820 1382.4
1421830 1379.0
1421840 1375.4
1421850 1375.4
1421860 1372.6
1421870 1371.4
1421880 1367.5
1421890 1367.5
1421900 1361.3
1421910 1358.5
1421920 1358.5
1421930 1358.3
1421940 1356.9
1421950 1356.9
1421960 1354.6
1421970 1351.7
1421980 1351.7
1421990 1348.5
1422000 1345.6
1422010 1345.6
1422020 1342.7
1422030 1341.2
1422040 1341.2
1422050 1339.5
1422060 1337.3
1422070 1337.3
1422080 1333.1
1422090 1327.3
1422100 1327.3
1422110 1321.9
1422120 1317.8
1422130 1317.8
1422140 1314.1
1422150 1311.4
1422160 1309.4
1422170 1309.4
1422180 1307.8
1422190 1307.1
1422200 1307.1
1422210 1303.0
1422220 1299.0
1422230 1299.0
1422240 1297.3
1422250 1293.4
1422260 1293.4
1422270 1292.0
1422280 1299.5
1422290 1299.5
1422300 1309.7
1422310 1318.1
1422320 1318.1
1422330 1329.9
1422340 1343.8
1422350 1343.8
1422360 1353.2
1422370 1358.4
1422380 1358.4
1422390 1362.8
1422400 1367.9
1422410 1374.2
1422420 1374.2
1422430 1379.9
1422440 1384.2
1422450 1384.2
1422460 1387.2
1422470 1390.1
1422480 1390.1
1422490 1392.8
1422500 1393.6
1422510 1393.6
1422520 1394.3
1422530 1395.4
1422540 1395.4
1422550 1396.2
1422560 1396.6
1422570 1396.6
1422580 1396.8
1422590 1396.4
1422600 1396.4
1422610 1395.4
1422620 1392.9
1422630 1392.9
1422640 1388.7
1422650 1388.0
1422660 1393.4
1422670 1393.4
1422680 1396.2
1422690 1399.8
1422700 1399.8
1422710 1403.5
1422720 1405.4
1422730 1405.4
1422740 1406.0
1422750 1407.1
1422760 1407.1
1422770 1408.4
1422780 1412.9
1422790 1412.9
1422800 1419.0
1422810 1425.7
1422820 1425.7
1422830 1431.3
1422840 1435.7
1422850 1435.7
1422860 1437.7
1422870 1439.3
1422880 1439.3
1422890 1442.4
1422900 1448.5
1422910 1455.4
1422920 1455.4
1422930 1458.3
1422940 1460.4
1422950 1460.4
1422960 1462.2
1422970 1465.0
1422980 1465.0
1422990 1470.1
1423000 1476.9
1423010 1479.9
1423020 1484.4
1423030 1489.9
1423040 1489.9
1423050 1495.4
1423060 1500.7
1423070 1500.7
1423080 1505.9
1423090 1509.2
1423100 1509.2
1423110 1511.5
1423120 1515.5
1423130 1515.5
1423140 1519.1
1423150 1521.8
1423160 1522.1
1423170 1522.1
1423180 1521.8
1423190 1523.2
1423200 1523.2
1423210 1525.1
1423220 1529.5
1423230 1529.5
1423240 1534.2
1423250 1539.0
1423260 1539.0
1423270 1543.6
1423280 1547.5
1423290 1547.5
1423300 1550.5
1423310 1553.1
1423320 1553.1
1423330 1551.5
1423340 1552.4
1423350 1552.4
1423360 1555.8
1423370 1559.8
1423380 1559.8
1423390 1564.0
1423400 1566.6
1423410 1568.2
1423420 1568.2
1423430 1570.3
1423440 1570.5
1423450 1570.5
1423460 1571.1
1423470 1571.7
1423480 1571.7
1423490 1571.5
1423500 1569.4
1423510 1569.4
1423520 1567.8
1423530 1571.7
1423540 1571.7
1423550 1577.6
1423560 1580.6
1423570 1580.6
1423580 1583.0
1423590 1586.0
1423600 1586.0
1423610 1588.5
1423620 1592.2
1423630 1592.2
1423640 1595.3
1423650 1597.8
1423660 1597.8
1423670 1600.7
1423680 1603.4
1423690 1605.0
1423700 1605.0
1423710 1607.4
1423720 1611.6
1423730 1611.6
1423740 1620.9
1423750 1628.7
1423760 1628.7
1423770 1632.7
1423780 1636.6
1423790 1636.6
1423800 1642.3
1423810 1648.6
1423820 1648.6
1423830 1653.9
1423840 1657.6
1423850 1657.6
1423860 1659.7
1423870 1661.6
1423880 1661.6
1423890 1665.3
1423900 1668.7
1423910 1668.7
1423920 1672.1
1423930 1676.7
1423940 1682.4
1423950 1682.4
1423960 1688.3
1423970 1696.4
1423980 1696.4
1423990 1703.0
1424000 1710.0
1424010 1710.0
1424020 1716.1
1424030 1722.3
1424040 1722.3
1424050 1728.2
1424060 1731.6
1424070 1731.6
1424080 1733.2
1424090 1733.0
1424100 1733.0
1424110 1732.3
1424120 1735.3
1424130 1735.3
1424140 1734.0
1424150 1733.7
1424160 1733.7
1424170 1735.4
1424180 1731.7
1424190 1728.9
1424200 1728.9
1424210 1730.0
1424220 1730.1
1424230 1730.1
1424240 1727.4
1424250 1724.8
1424260 1724.8
1424270 1721.8
1424280 1718.6
1424290 1718.6
1424300 1715.1
1424310 1710.5
1424320 1710.5
1424330 1705.2
1424340 1699.6
1424350 1699.6
1424360 1696.2
1424370 1693.6
1424380 1693.6
1424390 1691.7
1424400 1690.6
1424410 1690.6
1424420 1688.6
1424430 1685.7
1424440 1684.6
1424450 1684.6
1424460 1680.6
1424470 1677.4
1424480 1677.4
1424490 1674.5
1424500 1671.5
1424510 1671.5
1424520 1667.8
1424530 1663.9
1424540 1663.9
1424550 1659.9
1424560 1656.5
1424570 1656.5
1424580 1654.7
1424590 1649.9
1424600 1649.9
1424610 1646.2
1424620 1642.7
1424630 1642.7
1424640 1637.0
1424650 1633.1
1424660 1633.1
1424670 1630.0
1424680 1625.5
1424690 1621.7
1424700 1621.7
1424710 1617.5
1424720 1613.2
1424730 1613.2
1424740 1609.4
1424750 1604.7
1424760 1604.7
1424770 1600.5
1424780 1595.8
1424790 1595.8
1424800 1592.7
1424810 1590.5
1424820 1590.5
1424830 1587.5
1424840 1584.9
1424850 1584.9
1424860 1582.6
1424870 1580.1
1424880 1580.1
1424890 1577.8
1424900 1574.1
1424910 1574.1
1424920 1569.3
1424930 1564.8
1424940 1559.5
1424950 1559.5
1424960 1554.2
1424970 1549.5
1424980 1549.5
1424990 1543.3
1425000 1536.9
1425010 1536.9
1425020 1533.8
1425030 1530.0
1425040 1530.0
1425050 1527.8
1425060 1525.4
1425070 1525.4
1425080 1522.3
1425090 1520.6
1425100 1520.6
1425110 1521.4
1425120 1519.0
1425130 1519.0
1425140 1516.3
1425150 1514.1
1425160 1514.1
1425170 1513.4
1425180 1511.2
1425190 1511.2
1425200 1508.7
1425210 1505.5
1425220 1501.5
1425230 1501.5
1425240 1498.1
1425250 1494.1
1425260 1494.1
1425270 1489.0
1425280 1484.0
1425290 1484.0
1425300 1478.3
1425310 1471.1
1425320 1471.1
1425330 1469.4
1425340 1469.4
1425350 1469.4
1425360 1466.3
1425370 1462.0
1425380 1462.0
1425390 1458.8
1425400 1458.7
1425410 1458.7
1425420 1456.9
1425430 1455.0
1425440 1455.0
1425450 1452.6
1425460 1449.4
1425470 1448.5
1425480 1448.5
1425490 1449.0
1425500 1449.5
1425510 1449.5
1425520 1447.1
1425530 1443.0
1425540 1443.0
1425550 1440.4
1425560 1438.4
1425570 1438.4
1425580 1436.4
1425590 1433.9
1425600 1433.9
1425610 1431.4
1425620 1428.3
1425630 1428.3
1425640 1424.9
1425650 1420.9
1425660 1420.9
1425670 1417.9
1425680 1416.5
1425690 1416.5
1425700 1414.4
1425710 1411.4
1425720 1409.3
1425730 1409.3
1425740 1407.4
1425750 1404.7
1425760 1404.7
1425770 1399.1
1425780 1392.2
1425790 1392.2
1425800 1384.1
1425810 1373.6
1425820 1373.6
1425830 1363.3
1425840 1353.3
1425850 1353.3
1425860 1345.9
1425870 1338.8
1425880 1338.8
1425890 1332.6
1425900 1326.3
1425910 1326.3
1425920 1318.7
1425930 1312.8
1425940 1312.8
1425950 1309.4
1425960 1304.6
1425970 1297.3
1425980 1297.3
1425990 1290.2
1426000 1283.8
1426010 1283.8
1426020 1278.8
1426030 1274.6
1426040 1274.6
1426050 1270.9
1426060 1266.2
1426070 1266.2
1426080 1261.8
1426090 1257.6
1426100 1257.6
1426110 1253.6
1426120 1249.8
1426130 1249.8
1426140 1244.8
1426150 1243.0
1426160 1243.0
1426170 1241.0
1426180 1234.5
1426190 1234.5
1426200 1228.1
1426210 1222.7
1426220 1219.0
1426230 1219.0
1426240 1215.7
1426250 1212.8
1426260 1212.8
1426270 1207.6
1426280 1202.6
1426290 1202.6
1426300 1198.8
1426310 1195.7
1426320 1195.7
1426330 1191.7
1426340 1186.6
1426350 1186.6
1426360 1182.8
1426370 1179.4
1426380 1179.4
1426390 1175.2
1426400 1170.9
1426410 1170.9
1426420 1166.6
1426430 1162.0
1426440 1162.0
1426450 1155.6
1426460 1149.3
1426470 1144.0
1426480 1144.0
1426490 1141.1
1426500 1141.5
1426510 1141.5
1426520 1140.3
1426530 1135.0
1426540 1135.0
1426550 1130.0
1426560 1124.1
1426570 1124.1
1426580 1118.4
1426590 1112.8
1426600 1112.8
1426610 1106.5
1426620 1099.5
1426630 1099.5
1426640 1091.1
1426650 1082.9
1426660 1082.9
1426670 1074.9
1426680 1067.7
1426690 1067.7
1426700 1060.3
1426710 1053.5
1426720 1053.5
1426730 1046.7
1426740 1039.7
1426750 1032.6
1426760 1032.6
1426770 1025.7
1426780 1019.5
1426790 1019.5
1426800 1013.2
1426810 1006.6
1426820 1006.6
1426830 1000.5
1426840 994.3
1426850 994.3
1426860 988.1
1426870 981.8
1426880 981.8
1426890 975.8
1426900 969.6
1426910 969.6
1426920 963.9
1426930 958.4
1426940 958.4
1426950 953.1
1426960 947.9
1426970 947.9
1426980 942.9
1426990 936.6
1427000 930.4
1427010 930.4
1427020 924.6
1427030 917.3
1427040 917.3
1427050 910.7
1427060 903.9
1427070 903.9
1427080 898.1
1427090 893.1
1427100 893.1
1427110 887.4
1427120 881.2
1427130 881.2
1427140 874.8
1427150 869.1
1427160 869.1
1427170 864.4
1427180 860.5
1427190 860.5
1427200 857.4
1427210 854.5
1427220 854.5
1427230 850.6
1427240 846.0
1427250 842.5
1427260 842.5
1427270 839.3
1427280 835.4
1427290 838.4
1427300 834.3
1427310 830.2
1427320 830.2
1427330 824.5
1427340 821.3
1427350 821.3
1427360 818.4
1427370 814.9
1427380 814.9
1427390 811.6
1427400 809.8
1427410 809.8
1427420 807.6
1427430 805.0
1427440 805.0
1427450 802.7
1427460 799.7
1427470 799.7
1427480 797.1
1427490 794.9
1427500 793.7
1427510 793.7
1427520 792.7
1427530 790.1
1427540 790.1
1427550 787.9
1427560 787.1
1427570 787.1
1427580 786.8
1427590 787.1
1427600 787.1
1427610 785.9
1427620 785.5
1427630 785.5
1427640 785.4
1427650 785.3
1427660 785.3
1427670 785.4
1427680 783.8
1427690 783.8
1427700 785.0
1427710 785.6
1427720 785.6
1427730 786.0
1427740 786.5
1427750 787.0
1427760 787.0
1427770 787.5
1427780 788.0
1427790 788.0
1427800 788.7
1427810 789.6
1427820 789.6
1427830 790.4
1427840 791.2
1427850 791.2
1427860 792.1
1427870 793.1
1427880 793.1
1427890 794.2
1427900 795.3
1427910 795.3
1427920 796.4
1427930 797.5
1427940 797.5
1427950 798.7
1427960 799.8
1427970 799.8
1427980 801.2
1427990 802.5
1428000 803.9
1428010 803.9
1428020 805.6
1428030 807.4
1428040 807.4
1428050 809.1
1428060 810.8
1428070 810.8
1428080 813.2
1428090 815.6
1428100 815.6
1428110 818.3
1428120 820.4
1428130 820.4
1428140 822.7
1428150 825.1
1428160 825.1
1428170 827.6
1428180 830.1
1428190 830.1
1428200 833.3
1428210 836.1
1428220 836.1
1428230 838.5
1428240 840.9
1428250 840.9
1428260 843.8
1428270 847.3
1428280 852.0
1428290 852.0
1428300 856.3
1428310 860.9
1428320 860.9
1428330 866.2
1428340 872.5
1428350 872.5
1428360 881.4
1428370 890.2
1428380 890.2
1428390 902.2
1428400 912.8
1428410 912.8
1428420 921.9
1428430 931.0
1428440 931.0
1428450 940.1
1428460 947.4
1428470 947.4
1428480 953.7
1428490 960.0
1428500 960.0
1428510 967.0
1428520 974.1
1428530 980.8
1428540 980.8
1428550 987.1
1428560 993.6
1428570 993.6
1428580 999.4
1428590 1005.2
1428600 1005.2
1428610 1010.4
1428620 1016.7
1428630 1016.7
1428640 1022.3
1428650 1026.8
1428660 1026.8
1428670 1029.4
1428680 1032.7
1428690 1032.7
1428700 1038.3
1428710 1066.3
1428720 1066.3
1428730 1074.9
1428740 1082.4
1428750 1082.4
1428760 1088.5
1428770 1093.8
1428780 1098.4
1428790 1098.4
1428800 1102.7
1428810 1107.5
1428820 1107.5
1428830 1111.9
1428840 1117.1
1428850 1117.1
1428860 1121.9
1428870 1127.0
1428880 1127.0
1428890 1132.1
1428900 1137.0
1428910 1137.0
1428920 1141.7
1428930 1146.2
1428940 1146.2
1428950 1150.1
1428960 1154.1
1428970 1154.1
1428980 1159.2
1428990 1165.1
1429000 1165.1
1429010 1168.3
1429020 1171.4
1429030 1175.6
1429040 1175.6
1429050 1180.3
1429060 1185.2
1429070 1185.2
1429080 1190.4
1429090 1196.4
1429100 1196.4
1429110 1201.3
1429120 1205.3
1429130 1205.3
1429140 1209.8
1429150 1215.6
1429160 1215.6
1429170 1222.1
1429180 1228.6
1429190 1228.6
1429200 1234.2
1429210 1238.5
1429220 1238.5
1429230 1241.6
1429240 1245.5
1429250 1245.5
1429260 1251.2
1429270 1254.7
1429280 1259.9
1429290 1259.9
1429300 1265.9
1429310 1273.4
1429320 1273.4
1429330 1279.0
1429340 1285.9
1429350 1285.9
1429360 1295.0
1429370 1302.8
1429380 1302.8
1429390 1310.0
1429400 1317.1
1429410 1317.1
1429420 1324.5
1429430 1331.7
1429440 1331.7
1429450 1339.9
1429460 1346.2
1429470 1346.2
1429480 1351.3
1429490 1358.0
1429500 1358.0
1429510 1367.4
1429520 1374.0
1429530 1377.7
1429540 1377.7
1429550 1382.9
1429560 1382.4
1429570 1382.4
1429580 1386.6
1429590 1389.8
1429600 1389.8
1429610 1394.8
1429620 1400.2
1429630 1400.2
1429640 1406.3
1429650 1413.7
1429660 1413.7
1429670 1419.6
1429680 1425.9
1429690 1425.9
1429700 1433.4
1429710 1441.5
1429720 1441.5
1429730 1450.4
1429740 1459.2
1429750 1459.2
1429760 1465.4
1429770 1471.8
1429780 1479.0
1429790 1479.0
1429800 1482.5
1429810 1483.4
1429820 1483.4
1429830 1490.4
1429840 1499.7
1429850 1499.7
1429860 1508.0
1429870 1515.0
1429880 1515.0
1429890 1522.0
1429900 1529.7
1429910 1529.7
1429920 1538.2
1429930 1545.5
1429940 1545.5
1429950 1555.3
1429960 1569.4
1429970 1569.4
1429980 1578.0
1429990 1585.9
1430000 1585.9
1430010 1593.3
1430020 1600.7
1430030 1600.7
1430040 1608.3
1430050 1616.6
1430060 1623.8
1430070 1623.8
1430080 1629.6
1430090 1636.7
1430100 1636.7
1430110 1643.6
1430120 1649.5
1430130 1649.5
1430140 1653.8
1430150 1656.7
1430160 1656.7
1430170 1660.3
1430180 1663.0
1430190 1663.0
1430200 1666.3
1430210 1665.7
1430220 1665.7
1430230 1666.5
1430240 1669.4
1430250 1669.4
1430260 1673.3
1430270 1679.0
1430280 1679.0
1430290 1685.4
1430300 1692.4
1430310 1699.6
1430320 1699.6
1430330 1706.2
1430340 1712.7
1430350 1712.7
1430360 1719.1
1430370 1725.5
1430380 1725.5
1430390 1731.6
1430400 1737.3
1430410 1737.3
1430420 1742.3
1430430 1745.4
1430440 1745.4
1430450 1746.4
1430460 1746.8
1430470 1746.8
1430480 1747.2
1430490 1747.5
1430500 1747.5
1430510 1747.0
1430520 1747.9
1430530 1747.9
1430540 1749.7
1430550 1752.0
1430560 1754.4
1430570 1754.4
1430580 1757.4
1430590 1760.3
1430600 1760.3
1430610 1763.4
1430620 1765.9
1430630 1765.9
1430640 1767.5
1430650 1769.2
1430660 1769.2
1430670 1770.3
1430680 1770.8
1430690 1770.8
1430700 1771.6
1430710 1772.6
1430720 1772.6
1430730 1772.9
1430740 1772.2
1430750 1772.2
1430760 1770.9
1430770 1766.7
1430780 1766.7
1430790 1760.7
1430800 1754.9
1430810 1748.8
1430820 1748.8
1430830 1742.6
1430840 1737.2
1430850 1737.2
1430860 1732.0
1430870 1727.6
1430880 1727.6
1430890 1723.5
1430900 1717.4
1430910 1717.4
1430920 1712.8
1430930 1711.6
1430940 1711.6
1430950 1710.6
1430960 1709.7
1430970 1709.7
1430980 1707.9
1430990 1704.8
1431000 1704.8
1431010 1701.5
1431020 1697.9
1431030 1697.9
1431040 1695.2
1431050 1692.6
1431060 1689.4
1431070 1689.4
1431080 1685.8
1431090 1680.9
1431100 1680.9
1431110 1677.2
1431120 1673.1
1431130 1673.1
1431140 1669.6
1431150 1666.5
1431160 1666.5
1431170 1663.5
1431180 1660.2
1431190 1660.2
1431200 1656.6
1431210 1653.1
1431220 1653.1
1431230 1649.9
1431240 1646.7
1431250 1646.7
1431260 1643.4
1431270 1639.2
1431280 1639.2
1431290 1633.3
1431300 1628.4
1431310 1622.1
1431320 1622.1
1431330 1614.6
1431340 1608.4
1431350 1608.4
1431360 1602.9
1431370 1598.1
1431380 1598.1
1431390 1595.1
1431400 1591.9
1431410 1591.9
1431420 1588.4
1431430 1585.0
1431440 1585.0
1431450 1581.4
1431460 1578.6
1431470 1578.6
1431480 1576.5
1431490 1574.5
1431500 1574.5
1431510 1572.5
1431520 1571.3
1431530 1571.3
1431540 1569.2
1431550 1567.0
1431560 1567.2
1431570 1567.2
1431580 1567.5
1431590 1568.0
1431600 1568.0
1431610 1568.1
1431620 1569.3
1431630 1569.3
1431640 1570.1
1431650 1571.4
1431660 1571.4
1431670 1572.3
1431680 1575.1
1431690 1575.1
1431700 1581.0
1431710 1586.7
1431720 1586.7
1431730 1591.6
1431740 1596.8
1431750 1596.8
1431760 1603.2
1431770 1608.9
1431780 1608.9
1431790 1615.0
1431800 1621.5
1431810 1621.5
1431820 1627.8
1431830 1634.5
1431840 1641.9
1431850 1641.9
1431860 1647.2
1431870 1651.0
1431880 1651.0
1431890 1653.9
1431900 1655.7
1431910 1655.7
1431920 1660.0
1431930 1661.0
1431940 1661.0
1431950 1661.3
1431960 1660.9
1431970 1660.9
1431980 1660.1
1431990 1661.1
1432000 1661.1
1432010 1662.0
1432020 1662.5
1432030 1662.5
1432040 1662.6
1432050 1662.9
1432060 1662.9
1432070 1663.2
1432080 1664.3
1432090 1666.4
1432100 1666.4
1432110 1668.8
1432120 1671.1
1432130 1671.1
1432140 1672.1
1432150 1672.5
1432160 1672.5
1432170 1673.1
1432180 1673.3
1432190 1673.3
1432200 1675.2
1432210 1676.7
1432220 1676.7
1432230 1677.0
1432240 1678.2
1432250 1678.2
1432260 1679.8
1432270 1681.9
1432280 1681.9
1432290 1685.2
1432300 1689.5
1432310 1689.5
1432320 1695.6
1432330 1702.8
1432340 1710.9
1432350 1710.9
1432360 1718.9
1432370 1726.8
1432380 1726.8
1432390 1733.2
1432400 1737.4
1432410 1737.4
1432420 1740.9
1432430 1742.5
1432440 1742.5
1432450 1742.8
1432460 1739.8
1432470 1739.8
1432480 1734.6
1432490 1730.1
1432500 1730.1
1432510 1726.3
1432520 1722.8
1432530 1722.8
1432540 1719.3
1432550 1716.3
1432560 1716.3
1432570 1714.6
1432580 1713.9
1432590 1713.0
1432600 1713.0
1432610 1712.3
1432620 1711.7
1432630 1711.7
1432640 1710.9
1432650 1709.2
1432660 1709.2
1432670 1704.2
1432680 1699.3
1432690 1699.3
1432700 1696.4
1432710 1694.7
1432720 1694.7
1432730 1693.4
1432740 1693.4
1432750 1693.4
1432760 1693.2
1432770 1691.6
1432780 1691.6
1432790 1690.1
1432800 1688.4
1432810 1688.4
1432820 1686.5
1432830 1684.9
1432840 1683.4
1432850 1683.4
1432860 1683.9
1432870 1684.3
1432880 1684.3
1432890 1684.0
1432900 1684.9
1432910 1684.9
1432920 1686.6
1432930 1687.5
1432940 1687.5
1432950 1687.9
1432960 1688.6
1432970 1688.6
1432980 1689.2
1432990 1690.5
1433000 1690.5
1433010 1692.4
1433020 1693.7
1433030 1693.7
1433040 1694.4
1433050 1694.0
1433060 1694.0
1433070 1693.2
1433080 1692.2
1433090 1691.8
1433100 1691.8
1433110 1692.3
1433120 1692.1
1433130 1692.1
1433140 1690.3
1433150 1688.2
1433160 1688.2
1433170 1686.8
1433180 1687.3
1433190 1687.3
1433200 1688.4
1433210 1690.2
1433220 1690.2
1433230 1690.6
1433240 1690.3
1433250 1690.3
1433260 1688.7
1433270 1686.2
1433280 1686.2
1433290 1683.6
1433300 1679.9
1433310 1679.9
1433320 1676.3
1433330 1673.1
1433340 1673.1
1433350 1670.4
1433360 1668.6
1433370 1666.2
1433380 1666.2
1433390 1664.0
1433400 1661.6
1433410 1661.6
1433420 1659.4
1433430 1657.7
1433440 1657.7
1433450 1657.0
1433460 1655.8
1433470 1655.8
1433480 1654.6
1433490 1653.6
1433500 1653.6
1433510 1653.7
1433520 1653.6
1433530 1653.6
1433540 1653.6
1433550 1653.5
1433560 1653.5
1433570 1653.3
1433580 1653.1
1433590 1653.1
1433600 1652.8
1433610 1652.6
1433620 1652.4
1433630 1652.4
1433640 1652.3
1433650 1652.3
1433660 1652.3
1433670 1652.2
1433680 1652.2
1433690 1652.2
1433700 1652.2
1433710 1652.8
1433720 1652.8
1433730 1654.8
1433740 1656.4
1433750 1656.4
1433760 1656.5
1433770 1655.6
1433780 1655.6
1433790 1654.5
1433800 1654.4
1433810 1654.4
1433820 1655.4
1433830 1656.7
1433840 1656.7
1433850 1658.7
1433860 1660.4
1433870 1661.7
1433880 1661.7
1433890 1662.2
1433900 1663.0
1433910 1663.0
1433920 1664.9
1433930 1669.0
1433940 1669.0
1433950 1674.3
1433960 1680.0
1433970 1680.0
1433980 1685.0
1433990 1689.7
1434000 1689.7
1434010 1693.4
1434020 1698.9
1434030 1698.9
1434040 1703.7
1434050 1708.5
1434060 1708.5
1434070 1713.9
1434080 1724.1
1434090 1724.1
1434100 1734.9
1434110 1743.4
1434120 1748.8
1434130 1748.8
1434140 1752.5
1434150 1754.3
1434160 1754.3
1434170 1753.0
1434180 1747.8
1434190 1747.8
1434200 1740.0
1434210 1731.5
1434220 1731.5
1434230 1721.4
1434240 1712.7
1434250 1712.7
1434260 1705.9
1434270 1700.7
1434280 1700.7
1434290 1695.6
1434300 1692.1
1434310 1692.1
1434320 1687.7
1434330 1682.4
1434340 1682.4
1434350 1677.4
1434360 1673.1
1434370 1668.3
1434380 1668.3
1434390 1668.9
1434400 1664.9
1434410 1664.9
1434420 1660.2
1434430 1656.5
1434440 1656.5
1434450 1652.5
1434460 1649.0
1434470 1649.0
1434480 1645.7
1434490 1643.9
1434500 1643.9
1434510 1643.6
1434520 1640.5
1434530 1640.5
1434540 1638.8
1434550 1639.3
1434560 1639.3
1434570 1637.7
1434580 1635.8
1434590 1635.8
1434600 1634.3
1434610 1632.6
1434620 1630.5
1434630 1630.5
1434640 1628.9
1434650 1627.7
1434660 1627.7
1434670 1627.2
1434680 1627.7
1434690 1627.7
1434700 1629.3
1434710 1631.8
1434720 1631.8
1434730 1634.0
1434740 1634.4
1434750 1634.4
1434760 1631.3
1434770 1626.9
1434780 1626.9
1434790 1621.7
1434800 1616.1
1434810 1616.1
1434820 1611.1
1434830 1604.5
1434840 1604.5
1434850 1598.7
1434860 1592.5
1434870 1592.5
1434880 1584.9
1434890 1575.2
1434900 1564.9
1434910 1564.9
1434920 1554.9
1434930 1545.7
1434940 1545.7
1434950 1537.0
1434960 1528.2
1434970 1528.2
1434980 1519.6
1434990 1511.5
1435000 1511.5
1435010 1502.8
1435020 1494.5
1435030 1494.5
1435040 1489.7
1435050 1486.7
1435060 1486.7
1435070 1482.6
1435080 1477.2
1435090 1477.2
1435100 1471.6
1435110 1467.6
1435120 1467.6
1435130 1468.1
1435140 1468.8
1435150 1469.4
1435160 1469.4
1435170 1470.3
1435180 1471.4
1435190 1471.4
1435200 1472.0
1435210 1472.6
1435220 1472.6
1435230 1473.8
1435240 1473.3
1435250 1473.3
1435260 1475.0
1435270 1475.8
1435280 1475.8
1435290 1476.1
1435300 1475.8
1435310 1475.8
1435320 1476.7
1435330 1476.9
1435340 1476.9
1435350 1476.4
1435360 1477.0
1435370 1477.0
1435380 1478.5
1435390 1478.8
1435400 1479.4
1435410 1479.4
1435420 1482.4
1435430 1487.3
1435440 1487.3
1435450 1492.9
1435460 1498.7
1435470 1498.7
1435480 1505.2
1435490 1513.2
1435500 1513.2
1435510 1522.2
1435520 1530.5
1435530 1530.5
1435540 1539.4
1435550 1546.3
1435560 1546.3
1435570 1550.8
1435580 1557.7
1435590 1557.7
1435600 1570.4
1435610 1591.5
1435620 1591.5
1435630 1604.2
1435640 1612.0
1435650 1619.2
1435660 1619.2
1435670 1626.9
1435680 1635.7
1435690 1635.7
1435700 1645.7
1435710 1653.6
1435720 1653.6
1435730 1659.3
1435740 1664.6
1435750 1664.6
1435760 1669.8
1435770 1675.1
1435780 1675.1
1435790 1680.9
1435800 1686.4
1435810 1686.4
1435820 1691.3
1435830 1695.7
1435840 1695.7
1435850 1700.4
1435860 1705.1
1435870 1705.1
1435880 1710.3
1435890 1717.7
1435900 1726.8
1435910 1726.8
1435920 1734.2
1435930 1741.4
1435940 1741.4
1435950 1747.5
1435960 1752.7
1435970 1752.7
1435980 1757.6
1435990 1762.0
1436000 1762.0
1436010 1766.9
1436020 1771.3
1436030 1771.3
1436040 1775.8
1436050 1780.4
1436060 1780.4
1436070 1785.3
1436080 1790.0
1436090 1790.0
1436100 1794.5
1436110 1798.8
1436120 1798.8
1436130 1803.0
1436140 1807.4
1436150 1811.2
1436160 1811.2
1436170 1814.9
1436180 1818.7
1436190 1818.7
1436200 1822.4
1436210 1826.2
1436220 1826.2
1436230 1830.2
1436240 1834.4
1436250 1834.4
1436260 1838.9
1436270 1843.5
1436280 1843.5
1436290 1848.2
1436300 1852.8
1436310 1852.8
1436320 1857.5
1436330 1862.0
1436340 1862.0
1436350 1866.3
1436360 1870.6
1436370 1870.6
1436380 1874.3
1436390 1877.6
1436400 1881.5
1436410 1881.5
1436420 1885.6
1436430 1889.3
1436440 1889.3
1436450 1892.9
1436460 1896.1
1436470 1896.1
1436480 1899.1
1436490 1902.5
1436500 1902.5
1436510 1905.7
1436520 1909.3
1436530 1909.3
1436540 1912.7
1436550 1915.5
1436560 1915.5
1436570 1918.0
1436580 1918.9
1436590 1918.9
1436600 1915.7
1436610 1911.4
1436620 1911.4
1436630 1907.3
1436640 1900.6
1436650 1900.6
1436660 1890.7
1436670 1878.8
1436680 1866.7
1436690 1866.7
1436700 1856.3
1436710 1847.4
1436720 1847.4
1436730 1841.1
1436740 1835.6
1436750 1835.6
1436760 1830.3
1436770 1825.1
1436780 1825.1
1436790 1819.2
1436800 1813.3
1436810 1813.3
1436820 1809.8
1436830 1806.7
1436840 1806.7
1436850 1803.2
1436860 1798.0
1436870 1798.0
1436880 1791.7
1436890 1787.8
1436900 1787.8
1436910 1785.1
1436920 1780.8
1436930 1776.6
1436940 1776.6
1436950 1773.0
1436960 1768.9
1436970 1768.9
1436980 1765.2
1436990 1763.2
1437000 1763.2
1437010 1760.0
1437020 1757.4
1437030 1757.4
1437040 1754.5
1437050 1751.4
1437060 1751.4
1437070 1748.8
1437080 1746.8
1437090 1746.8
1437100 1744.9
1437110 1742.6
1437120 1742.6
1437130 1740.4
1437140 1737.7
1437150 1737.7
1437160 1734.8
1437170 1733.5
1437180 1731.1
1437190 1731.1
1437200 1726.6
1437210 1720.9
1437220 1720.9
1437230 1715.8
1437240 1710.2
1437250 1710.2
1437260 1704.1
1437270 1697.9
1437280 1697.9
1437290 1688.7
1437300 1679.5
1437310 1679.5
1437320 1671.7
1437330 1664.7
1437340 1664.7
1437350 1658.0
1437360 1651.5
1437370 1651.5
1437380 1645.9
1437390 1641.8
1437400 1641.8
1437410 1640.1
1437420 1640.1
1437430 1638.4
1437440 1638.4
1437450 1638.6
1437460 1641.5
1437470 1641.5
1437480 1643.4
1437490 1643.9
1437500 1643.9
1437510 1642.9
1437520 1641.6
1437530 1641.6
1437540 1640.5
1437550 1640.3
1437560 1640.3
1437570 1638.7
1437580 1635.6
1437590 1635.6
1437600 1632.2
1437610 1628.9
1437620 1628.9
1437630 1624.6
1437640 1621.1
1437650 1621.1
1437660 1617.8
1437670 1615.2
1437680 1612.6
1437690 1612.6
1437700 1607.9
1437710 1602.0
1437720 1602.0
1437730 1596.7
1437740 1591.6
1437750 1591.6
1437760 1587.2
1437770 1582.6
1437780 1582.6
1437790 1577.5
1437800 1573.8
1437810 1573.8
1437820 1570.5
1437830 1565.9
1437840 1565.9
1437850 1561.0
1437860 1556.0
1437870 1556.0
1437880 1551.3
1437890 1547.0
1437900 1547.0
1437910 1542.0
1437920 1537.0
1437930 1532.1
1437940 1532.1
1437950 1526.6
1437960 1521.0
1437970 1521.0
1437980 1515.0
1437990 1509.3
1438000 1509.3
1438010 1503.0
1438020 1496.7
1438030 1496.7
1438040 1489.6
1438050 1481.8
1438060 1481.8
1438070 1473.9
1438080 1467.8
1438090 1467.8
1438100 1463.5
1438110 1458.5
1438120 1458.5
1438130 1452.9
1438140 1447.4
1438150 1447.4
1438160 1441.9
1438170 1437.3
1438180 1437.3
1438190 1432.1
1438200 1426.7
1438210 1421.4
1438220 1421.4
1438230 1416.3
1438240 1411.1
1438250 1411.1
1438260 1407.1
1438270 1403.1
1438280 1403.1
1438290 1398.4
1438300 1393.0
1438310 1393.0
1438320 1387.9
1438330 1382.6
1438340 1382.6
1438350 1377.8
1438360 1373.1
1438370 1373.1
1438380 1368.8
1438390 1363.7
1438400 1363.7
1438410 1358.3
1438420 1352.5
1438430 1352.5
1438440 1346.7
1438450 1341.5
1438460 1336.4
1438470 1336.4
1438480 1331.3
1438490 1326.6
1438500 1326.6
1438510 1321.7
1438520 1317.7
1438530 1317.7
1438540 1314.5
1438550 1312.1
1438560 1312.1
1438570 1309.6
1438580 1307.9
1438590 1307.9
1438600 1307.4
1438610 1307.8
1438620 1307.8
1438630 1305.4
1438640 1299.7
1438650 1299.7
1438660 1292.2
1438670 1282.7
1438680 1282.7
1438690 1274.7
1438700 1267.8
1438710 1259.5
1438720 1259.5
1438730 1247.1
1438740 1236.7
1438750 1236.7
1438760 1225.8
1438770 1215.8
1438780 1215.8
1438790 1206.5
1438800 1197.9
1438810 1197.9
1438820 1189.2
1438830 1180.6
1438840 1180.6
1438850 1177.2
1438860 1177.4
1438870 1177.4
1438880 1177.7
1438890 1181.1
1438900 1181.1
1438910 1184.2
1438920 1185.6
1438930 1185.6
1438940 1187.4
1438950 1189.8
1438960 1191.9
1438970 1191.9
1438980 1195.4
1438990 1199.6
1439000 1199.6
1439010 1205.0
1439020 1210.6
1439030 1210.6
1439040 1216.3
1439050 1222.6
1439060 1222.6
1439070 1229.0
1439080 1235.5
1439090 1235.5
1439100 1242.2
1439110 1248.9
1439120 1248.9
1439130 1255.5
1439140 1261.8
1439150 1261.8
1439160 1268.9
1439170 1276.0
1439180 1276.0
1439190 1282.9
1439200 1291.0
1439210 1299.3
1439220 1299.3
1439230 1307.3
1439240 1315.2
1439250 1315.2
1439260 1323.0
1439270 1331.5
1439280 1331.5
1439290 1338.7
1439300 1344.6
1439310 1344.6
1439320 1348.2
1439330 1350.8
1439340 1350.8
1439350 1354.4
1439360 1358.6
1439370 1358.6
1439380 1363.2
1439390 1368.0
1439400 1368.0
1439410 1372.7
1439420 1378.1
1439430 1378.1
1439440 1384.6
1439450 1391.6
1439460 1397.5
1439470 1397.5
1439480 1402.7
1439490 1406.8
1439500 1406.8
1439510 1409.5
1439520 1410.7
1439530 1410.7
1439540 1411.3
1439550 1411.7
1439560 1411.7
1439570 1412.7
1439580 1413.6
1439590 1413.6
1439600 1414.2
1439610 1415.1
1439620 1415.1
1439630 1416.7
1439640 1416.9
1439650 1416.9
1439660 1417.3
1439670 1418.8
1439680 1418.8
1439690 1420.8
1439700 1423.9
1439710 1425.9
1439720 1425.9
1439730 1429.2
1439740 1437.8
1439750 1437.8
1439760 1440.4
1439770 1444.0
1439780 1444.0
1439790 1448.3
1439800 1452.7
1439810 1452.7
1439820 1454.4
1439830 1456.2
1439840 1456.2
1439850 1461.5
1439860 1467.2
1439870 1467.2
1439880 1473.6
1439890 1479.5
1439900 1479.5
1439910 1482.9
1439920 1484.3
1439930 1484.3
1439940 1486.4
1439950 1491.5
1439960 1491.5
1439970 1497.1
1439980 1503.0
1439990 1509.6
