1420000 934.7
1420010 934.7
1420020 934.7
1420030 935.3
1420040 935.3
1420050 935.3
1420060 935.1
1420070 935.1
1420080 935.3
1420090 939.8
1420100 939.8
1420110 944.6
1420120 948.8
1420130 948.8
1420140 951.1
1420150 953.3
1420160 953.3
1420170 954.6
1420180 955.1
1420190 955.1
1420200 955.4
1420210 955.8
1420220 955.8
1420230 957.1
1420240 961.4
1420250 961.4
1420260 966.1
1420270 970.2
1420280 973.3
1420290 973.3
1420300 975.4
1420310 978.1
1420320 978.1
1420330 979.2
1420340 980.9
1420350 980.9
1420360 982.4
1420370 983.7
1420380 983.7
1420390 985.3
1420400 989.6
1420410 989.6
1420420 993.0
1420430 994.1
1420440 994.1
1420450 994.2
1420460 995.3
1420470 995.3
1420480 996.6
1420490 997.8
1420500 997.8
1420510 998.0
1420520 997.6
1420530 996.3
1420540 996.3
1420550 994.5
1420560 993.3
1420570 993.3
1420580 993.1
1420590 993.6
1420600 993.6
1420610 994.8
1420620 994.8
1420630 994.8
1420640 993.4
1420650 991.0
1420660 991.0
1420670 989.5
1420680 992.5
1420690 992.5
1420700 995.6
1420710 997.8
1420720 997.8
1420730 999.3
1420740 1000.4
1420750 1000.4
1420760 1001.4
1420770 1001.5
1420780 1000.4
1420790 1000.4
1420800 1000.5
1420810 1004.9
1420820 1004.9
1420830 1003.7
1420840 1001.2
1420850 1001.2
1420860 1002.8
1420870 1007.5
1420880 1007.5
1420890 1014.0
1420900 1019.5
1420910 1019.5
1420920 1022.4
1420930 1027.7
1420940 1027.7
1420950 1034.5
1420960 1039.8
1420970 1039.8
1420980 1044.8
1420990 1052.0
1421000 1052.0
1421010 1056.9
1421020 1057.7
1421030 1058.4
1421040 1058.4
1421050 1060.2
1421060 1060.5
1421070 1060.5
1421080 1062.2
1421090 1066.0
1421100 1066.0
1421110 1069.4
1421120 1072.6
1421130 1072.6
1421140 1074.3
1421150 1073.8
1421160 1073.8
1421170 1072.2
1421180 1069.9
1421190 1069.9
1421200 1067.7
1421210 1065.2
1421220 1065.2
1421230 1063.0
1421240 1061.6
1421250 1061.6
1421260 1059.7
1421270 1057.0
1421280 1057.0
1421290 1053.1
1421300 1048.2
1421310 1043.3
1421320 1043.3
1421330 1036.4
1421340 1028.7
1421350 1028.7
1421360 1023.0
1421370 1017.1
1421380 1017.1
1421390 1010.3
1421400 1002.8
1421410 1002.8
1421420 995.9
1421430 990.5
1421440 990.5
1421450 984.2
1421460 977.0
1421470 977.0
1421480 973.8
1421490 972.4
1421500 972.4
1421510 970.9
1421520 972.8
1421530 972.8
1421540 975.7
1421550 973.0
1421560 970.2
1421570 970.2
1421580 971.9
1421590 971.8
1421600 971.8
1421610 969.4
1421620 968.3
1421630 968.3
1421640 963.4
1421650 957.5
1421660 957.5
1421670 965.7
1421680 980.0
1421690 980.0
1421700 993.2
1421710 1005.9
1421720 1005.9
1421730 1014.8
1421740 1022.3
1421750 1016.9
1421760 1023.8
1421770 1030.2
1421780 1030.2
1421790 1037.7
1421800 1045.1
1421810 1053.1
1421820 1053.1
1421830 1060.4
1421840 1067.3
1421850 1067.3
1421860 1074.6
1421870 1082.1
1421880 1082.1
1421890 1089.7
1421900 1096.8
1421910 1096.8
1421920 1103.8
1421930 1110.9
1421940 1110.9
1421950 1117.8
1421960 1123.7
1421970 1123.7
1421980 1128.7
1421990 1133.2
1422000 1133.2
1422010 1138.5
1422020 1144.2
1422030 1144.2
1422040 1148.2
1422050 1151.6
1422060 1157.7
1422070 1157.7
1422080 1163.0
1422090 1168.2
1422100 1168.2
1422110 1174.0
1422120 1179.3
1422130 1179.3
1422140 1184.1
1422150 1188.0
1422160 1188.0
1422170 1193.3
1422180 1200.0
1422190 1200.0
1422200 1204.6
1422210 1209.3
1422220 1209.3
1422230 1215.4
1422240 1220.6
1422250 1220.6
1422260 1225.7
1422270 1231.7
1422280 1231.7
1422290 1237.5
1422300 1243.2
1422310 1243.2
1422320 1248.5
1422330 1251.7
1422340 1253.0
1422350 1253.0
1422360 1252.4
1422370 1251.7
1422380 1251.7
1422390 1251.5
1422400 1255.3
1422410 1255.3
1422420 1258.1
1422430 1263.0
1422440 1263.0
1422450 1271.1
1422460 1277.8
1422470 1277.8
1422480 1282.8
1422490 1286.4
1422500 1286.4
1422510 1290.8
1422520 1293.4
1422530 1293.4
1422540 1297.5
1422550 1301.1
1422560 1301.1
1422570 1305.1
1422580 1308.5
1422590 1311.5
1422600 1311.5
1422610 1313.7
1422620 1315.8
1422630 1315.8
1422640 1316.9
1422650 1317.5
1422660 1317.5
1422670 1315.8
1422680 1313.0
1422690 1313.0
1422700 1311.4
1422710 1312.4
1422720 1312.4
1422730 1311.8
1422740 1309.6
1422750 1309.6
1422760 1308.6
1422770 1307.7
1422780 1307.7
1422790 1307.0
1422800 1307.7
1422810 1307.7
1422820 1309.8
1422830 1311.2
1422840 1312.5
1422850 1312.5
1422860 1312.5
1422870 1312.6
1422880 1312.6
1422890 1312.8
1422900 1312.7
1422910 1312.7
1422920 1313.4
1422930 1312.4
1422940 1312.4
1422950 1313.0
1422960 1314.2
1422970 1314.2
1422980 1313.3
1422990 1312.7
1423000 1312.7
1423010 1311.8
1423020 1310.2
1423030 1310.2
1423040 1308.6
1423050 1307.3
1423060 1307.3
1423070 1306.5
1423080 1306.8
1423090 1307.2
1423100 1307.2
1423110 1306.7
1423120 1307.5
1423130 1307.5
1423140 1308.2
1423150 1307.7
1423160 1307.7
1423170 1306.1
1423180 1304.1
1423190 1304.1
1423200 1305.0
1423210 1306.3
1423220 1306.3
1423230 1306.6
1423240 1307.9
1423250 1307.9
1423260 1308.0
1423270 1308.0
1423280 1308.0
1423290 1308.0
1423300 1310.1
1423310 1310.1
1423320 1311.7
1423330 1312.2
1423340 1312.2
1423350 1312.4
1423360 1314.5
1423370 1317.6
1423380 1317.6
1423390 1322.3
1423400 1328.8
1423410 1328.8
1423420 1334.0
1423430 1338.9
1423440 1338.9
1423450 1342.8
1423460 1345.4
1423470 1345.4
1423480 1347.9
1423490 1348.4
1423500 1348.4
1423510 1349.2
1423520 1352.8
1423530 1352.8
1423540 1356.5
1423550 1362.6
1423560 1362.6
1423570 1368.4
1423580 1371.2
1423590 1371.2
1423600 1374.4
1423610 1379.1
1423620 1385.5
1423630 1385.5
1423640 1393.8
1423650 1404.2
1423660 1404.2
1423670 1412.2
1423680 1414.3
1423690 1414.3
1423700 1416.2
1423710 1418.2
1423720 1418.2
1423730 1420.3
1423740 1422.3
1423750 1422.3
1423760 1424.8
1423770 1425.6
1423780 1425.6
1423790 1426.4
1423800 1430.8
1423810 1430.8
1423820 1431.3
1423830 1431.3
1423840 1431.3
1423850 1430.7
1423860 1429.6
1423870 1429.1
1423880 1429.1
1423890 1429.8
1423900 1431.2
1423910 1431.2
1423920 1432.1
1423930 1432.5
1423940 1432.5
1423950 1433.0
1423960 1433.9
1423970 1433.9
1423980 1433.1
1423990 1430.2
1424000 1430.2
1424010 1427.8
1424020 1425.8
1424030 1425.8
1424040 1423.8
1424050 1422.9
1424060 1422.9
1424070 1421.5
1424080 1421.4
1424090 1421.4
1424100 1422.5
1424110 1422.9
1424120 1423.1
1424130 1423.1
1424140 1422.5
1424150 1422.1
1424160 1422.1
1424170 1421.9
1424180 1422.1
1424190 1422.1
1424200 1422.0
1424210 1420.9
1424220 1420.9
1424230 1420.0
1424240 1418.8
1424250 1418.8
1424260 1418.8
1424270 1417.9
1424280 1417.9
1424290 1419.5
1424300 1421.8
1424310 1421.8
1424320 1424.7
1424330 1426.4
1424340 1426.4
1424350 1428.3
1424360 1430.9
1424370 1430.9
1424380 1433.4
1424390 1435.2
1424400 1436.6
1424410 1436.6
1424420 1438.3
1424430 1439.9
1424440 1439.9
1424450 1441.6
1424460 1443.4
1424470 1443.4
1424480 1445.1
1424490 1446.6
1424500 1446.6
1424510 1448.2
1424520 1449.0
1424530 1449.0
1424540 1449.4
1424550 1449.1
1424560 1449.1
1424570 1448.0
1424580 1446.9
1424590 1446.9
1424600 1445.3
1424610 1443.2
1424620 1443.2
1424630 1441.4
1424640 1439.6
1424650 1437.0
1424660 1437.0
1424670 1434.2
1424680 1431.1
1424690 1431.1
1424700 1428.3
1424710 1424.7
1424720 1424.7
1424730 1421.9
1424740 1420.7
1424750 1420.7
1424760 1417.6
1424770 1414.4
1424780 1414.4
1424790 1410.9
1424800 1407.9
1424810 1407.9
1424820 1404.7
1424830 1402.1
1424840 1402.1
1424850 1399.5
1424860 1396.8
1424870 1396.8
1424880 1395.1
1424890 1392.9
1424900 1392.1
1424910 1392.1
1424920 1389.6
1424930 1387.5
1424940 1387.5
1424950 1385.7
1424960 1384.1
1424970 1384.1
1424980 1382.4
1424990 1380.2
1425000 1380.2
1425010 1377.5
1425020 1375.4
1425030 1375.4
1425040 1373.8
1425050 1372.7
1425060 1372.7
1425070 1370.6
1425080 1368.6
1425090 1368.6
1425100 1366.8
1425110 1366.0
1425120 1366.0
1425130 1365.3
1425140 1363.7
1425150 1361.7
1425160 1361.7
1425170 1359.9
1425180 1358.8
1425190 1358.8
1425200 1357.7
1425210 1355.9
1425220 1355.9
1425230 1352.4
1425240 1348.7
1425250 1348.7
1425260 1347.1
1425270 1343.8
1425280 1343.8
1425290 1336.8
1425300 1332.6
1425310 1332.6
1425320 1329.9
1425330 1329.8
1425340 1329.8
1425350 1329.3
1425360 1328.5
1425370 1328.5
1425380 1327.7
1425390 1326.1
1425400 1326.1
1425410 1323.6
1425420 1321.1
1425430 1318.2
1425440 1318.2
1425450 1315.7
1425460 1314.2
1425470 1314.2
1425480 1311.1
1425490 1305.5
1425500 1305.5
1425510 1300.4
1425520 1296.7
1425530 1296.7
1425540 1293.5
1425550 1290.5
1425560 1290.5
1425570 1287.7
1425580 1284.7
1425590 1284.7
1425600 1283.5
1425610 1279.2
1425620 1279.2
1425630 1275.4
1425640 1272.4
1425650 1272.4
1425660 1269.6
1425670 1267.3
1425680 1265.5
1425690 1265.5
1425700 1263.9
1425710 1263.2
1425720 1263.2
1425730 1262.9
1425740 1261.7
1425750 1261.7
1425760 1257.6
1425770 1252.6
1425780 1252.6
1425790 1249.0
1425800 1245.1
1425810 1245.1
1425820 1240.8
1425830 1236.0
1425840 1236.0
1425850 1231.2
1425860 1227.1
1425870 1227.1
1425880 1223.9
1425890 1220.4
1425900 1220.4
1425910 1217.4
1425920 1213.7
1425930 1208.2
1425940 1208.2
1425950 1205.4
1425960 1201.7
1425970 1201.7
1425980 1200.9
1425990 1198.6
1426000 1198.6
1426010 1194.4
1426020 1195.1
1426030 1195.1
1426040 1195.1
1426050 1192.9
1426060 1192.9
1426070 1190.0
1426080 1189.2
1426090 1189.2
1426100 1188.1
1426110 1186.1
1426120 1186.1
1426130 1184.3
1426140 1183.0
1426150 1183.0
1426160 1181.6
1426170 1179.6
1426180 1176.5
1426190 1176.5
1426200 1172.7
1426210 1169.8
1426220 1169.8
1426230 1166.5
1426240 1164.1
1426250 1164.1
1426260 1162.3
1426270 1160.6
1426280 1160.6
1426290 1158.4
1426300 1155.6
1426310 1155.6
1426320 1153.2
1426330 1150.5
1426340 1150.5
1426350 1148.7
1426360 1147.9
1426370 1147.9
1426380 1146.3
1426390 1143.5
1426400 1143.5
1426410 1139.7
1426420 1136.4
1426430 1136.4
1426440 1132.8
1426450 1128.7
1426460 1124.7
1426470 1124.7
1426480 1119.9
1426490 1114.3
1426500 1114.3
1426510 1109.0
1426520 1103.6
1426530 1103.6
1426540 1097.2
1426550 1090.9
1426560 1090.9
1426570 1080.1
1426580 1073.0
1426590 1073.0
1426600 1066.8
1426610 1061.5
1426620 1061.5
1426630 1055.9
1426640 1048.8
1426650 1048.8
1426660 1041.8
1426670 1035.1
1426680 1035.1
1426690 1027.9
1426700 1020.9
1426710 1013.2
1426720 1013.2
1426730 1005.3
1426740 997.8
1426750 997.8
1426760 989.9
1426770 981.9
1426780 981.9
1426790 974.5
1426800 967.4
1426810 967.4
1426820 960.1
1426830 952.9
1426840 952.9
1426850 945.8
1426860 938.0
1426870 938.0
1426880 929.9
1426890 922.3
1426900 922.3
1426910 915.3
1426920 911.8
1426930 911.8
1426940 909.7
1426950 907.2
1426960 904.5
1426970 904.5
1426980 902.1
1426990 899.4
1427000 899.4
1427010 897.2
1427020 894.5
1427030 894.5
1427040 890.8
1427050 887.3
1427060 887.3
1427070 883.4
1427080 879.9
1427090 879.9
1427100 876.0
1427110 873.1
1427120 873.1
1427130 869.2
1427140 864.7
1427150 864.7
1427160 860.1
1427170 856.1
1427180 856.1
1427190 851.8
1427200 848.2
1427210 843.7
1427220 843.7
1427230 838.8
1427240 834.7
1427250 834.7
1427260 831.0
1427270 827.1
1427280 827.1
1427290 824.1
1427300 820.9
1427310 820.9
1427320 818.7
1427330 816.8
1427340 816.8
1427350 815.0
1427360 813.4
1427370 813.4
1427380 811.8
1427390 810.2
1427400 810.2
1427410 807.8
1427420 805.3
1427430 805.3
1427440 803.6
1427450 802.0
1427460 799.1
1427470 799.1
1427480 795.1
1427490 794.9
1427500 794.9
1427510 795.2
1427520 794.7
1427530 794.7
1427540 794.2
1427550 793.3
1427560 793.3
1427570 791.9
1427580 789.9
1427590 789.9
1427600 787.4
1427610 784.6
1427620 784.6
1427630 780.8
1427640 779.9
1427650 779.9
1427660 778.2
1427670 777.2
1427680 777.2
1427690 778.4
1427700 781.1
1427710 781.1
1427720 784.6
1427730 788.8
1427740 792.4
1427750 792.4
1427760 794.0
1427770 795.4
1427780 795.4
1427790 796.7
1427800 798.1
1427810 798.1
1427820 799.7
1427830 803.4
1427840 803.4
1427850 807.2
1427860 811.2
1427870 811.2
1427880 814.1
1427890 816.8
1427900 816.8
1427910 821.0
1427920 826.3
1427930 826.3
1427940 829.6
1427950 832.7
1427960 832.7
1427970 836.4
1427980 840.3
1427990 843.3
1428000 843.3
1428010 846.7
1428020 849.2
1428030 849.2
1428040 852.0
1428050 854.7
1428060 854.7
1428070 858.2
1428080 862.1
1428090 862.1
1428100 865.6
1428110 869.2
1428120 869.2
1428130 872.6
1428140 874.7
1428150 874.7
1428160 878.7
1428170 881.8
1428180 881.8
1428190 884.5
1428200 886.7
1428210 886.7
1428220 887.1
1428230 891.7
1428240 897.1
1428250 897.1
1428260 900.7
1428270 904.1
1428280 904.1
1428290 906.7
1428300 909.9
1428310 909.9
1428320 912.1
1428330 915.9
1428340 915.9
1428350 922.3
1428360 926.6
1428370 926.6
1428380 929.3
1428390 933.4
1428400 933.4
1428410 942.0
1428420 948.5
1428430 948.5
1428440 956.8
1428450 963.6
1428460 963.6
1428470 967.8
1428480 970.6
1428490 974.2
1428500 974.2
1428510 978.8
1428520 983.2
1428530 983.2
1428540 988.0
1428550 992.9
1428560 992.9
1428570 998.4
1428580 1003.6
1428590 1003.6
1428600 1011.7
1428610 1015.4
1428620 1015.4
1428630 1018.5
1428640 1021.2
1428650 1021.2
1428660 1023.1
1428670 1026.3
1428680 1026.3
1428690 1027.0
1428700 1026.5
1428710 1026.5
1428720 1029.1
1428730 1030.4
1428740 1030.4
1428750 1033.3
1428760 1038.4
1428770 1041.8
1428780 1041.8
1428790 1044.0
1428800 1047.2
1428810 1047.2
1428820 1051.6
1428830 1056.0
1428840 1056.0
1428850 1060.0
1428860 1063.0
1428870 1063.0
1428880 1065.4
1428890 1068.2
1428900 1068.2
1428910 1071.1
1428920 1075.2
1428930 1075.2
1428940 1079.3
1428950 1083.1
1428960 1083.1
1428970 1087.1
1428980 1090.2
1428990 1090.2
1429000 1092.7
1429010 1095.2
1429020 1097.7
1429030 1097.7
1429040 1101.1
1429050 1104.8
1429060 1104.8
1429070 1109.6
1429080 1116.4
1429090 1116.4
1429100 1123.4
1429110 1130.8
1429120 1130.8
1429130 1136.4
1429140 1141.6
1429150 1141.6
1429160 1145.7
1429170 1150.7
1429180 1150.7
1429190 1158.3
1429200 1164.9
1429210 1164.9
1429220 1170.5
1429230 1175.9
1429240 1175.9
1429250 1182.3
1429260 1188.4
1429270 1195.0
1429280 1195.0
1429290 1201.0
1429300 1206.1
1429310 1206.1
1429320 1208.2
1429330 1209.5
1429340 1209.5
1429350 1213.4
1429360 1214.8
1429370 1214.8
1429380 1215.8
1429390 1218.1
1429400 1218.1
1429410 1218.3
1429420 1216.6
1429430 1216.6
1429440 1218.5
1429450 1220.8
1429460 1220.8
1429470 1222.2
1429480 1224.6
1429490 1224.6
1429500 1227.2
1429510 1230.2
1429520 1233.8
1429530 1233.8
1429540 1237.2
1429550 1244.7
1429560 1244.7
1429570 1250.1
1429580 1252.4
1429590 1252.4
1429600 1254.9
1429610 1258.4
1429620 1258.4
1429630 1262.5
1429640 1266.3
1429650 1266.3
1429660 1269.7
1429670 1272.3
1429680 1272.3
1429690 1276.5
1429700 1282.3
1429710 1282.3
1429720 1287.7
1429730 1295.3
1429740 1295.3
1429750 1302.3
1429760 1308.8
1429770 1308.8
1429780 1317.2
1429790 1325.6
1429800 1329.7
1429810 1329.7
1429820 1333.6
1429830 1338.5
1429840 1338.5
1429850 1349.3
1429860 1357.6
1429870 1357.6
1429880 1360.8
1429890 1370.1
1429900 1370.1
1429910 1378.3
1429920 1382.6
1429930 1382.6
1429940 1386.5
1429950 1390.2
1429960 1390.2
1429970 1393.6
1429980 1396.8
1429990 1396.8
1430000 1399.3
1430010 1400.8
1430020 1400.8
1430030 1402.5
1430040 1404.1
1430050 1406.1
1430060 1406.1
1430070 1407.5
1430080 1410.1
1430090 1410.1
1430100 1412.3
1430110 1414.5
1430120 1414.5
1430130 1416.8
1430140 1418.5
1430150 1418.5
1430160 1420.1
1430170 1420.9
1430180 1420.9
1430190 1422.7
1430200 1424.4
1430210 1424.4
1430220 1425.0
1430230 1425.9
1430240 1425.9
1430250 1427.4
1430260 1425.9
1430270 1425.9
1430280 1425.6
1430290 1425.9
1430300 1426.5
1430310 1426.5
1430320 1427.0
1430330 1427.9
1430340 1427.9
1430350 1429.1
1430360 1429.8
1430370 1429.8
1430380 1430.5
1430390 1430.1
1430400 1430.1
1430410 1430.7
1430420 1430.6
1430430 1430.6
1430440 1435.0
1430450 1435.3
1430460 1435.3
1430470 1436.3
1430480 1437.5
1430490 1437.5
1430500 1438.1
1430510 1439.5
1430520 1439.5
1430530 1441.6
1430540 1441.8
1430550 1442.5
1430560 1442.5
1430570 1443.3
1430580 1445.3
1430590 1445.3
1430600 1447.4
1430610 1449.0
1430620 1449.0
1430630 1450.4
1430640 1451.9
1430650 1451.9
1430660 1453.5
1430670 1454.5
1430680 1454.5
1430690 1455.2
1430700 1456.3
1430710 1456.3
1430720 1457.5
1430730 1458.3
1430740 1458.3
1430750 1459.3
1430760 1461.3
1430770 1461.3
1430780 1463.3
1430790 1464.6
1430800 1464.6
1430810 1466.3
1430820 1468.3
1430830 1470.1
1430840 1470.1
1430850 1471.4
1430860 1471.9
1430870 1471.9
1430880 1471.9
1430890 1471.4
1430900 1471.4
1430910 1470.5
1430920 1469.3
1430930 1469.3
1430940 1468.1
1430950 1466.8
1430960 1466.8
1430970 1464.8
1430980 1461.8
1430990 1461.8
1431000 1459.6
1431010 1458.0
1431020 1458.0
1431030 1455.6
1431040 1451.9
1431050 1451.9
1431060 1447.9
1431070 1444.0
1431080 1439.2
1431090 1439.2
1431100 1435.2
1431110 1433.0
1431120 1433.0
1431130 1430.3
1431140 1427.6
1431150 1427.6
1431160 1425.4
1431170 1423.7
1431180 1423.7
1431190 1421.7
1431200 1419.9
1431210 1419.9
1431220 1418.1
1431230 1416.1
1431240 1416.1
1431250 1414.2
1431260 1411.6
1431270 1411.6
1431280 1408.5
1431290 1406.5
1431300 1406.5
1431310 1404.4
1431320 1401.4
1431330 1399.0
1431340 1399.0
1431350 1397.3
1431360 1394.9
1431370 1394.9
1431380 1391.9
1431390 1388.6
1431400 1388.6
1431410 1385.4
1431420 1382.8
1431430 1382.8
1431440 1383.5
1431450 1384.5
1431460 1384.5
1431470 1384.7
1431480 1385.8
1431490 1385.8
1431500 1387.1
1431510 1388.7
1431520 1388.7
1431530 1389.3
1431540 1388.3
1431550 1388.3
1431560 1386.8
1431570 1385.8
1431580 1381.9
1431590 1381.9
1431600 1378.4
1431610 1374.7
1431620 1374.7
1431630 1371.2
1431640 1365.7
1431650 1365.7
1431660 1358.3
1431670 1351.2
1431680 1351.2
1431690 1344.7
1431700 1338.8
1431710 1338.8
1431720 1333.5
1431730 1326.1
1431740 1326.1
1431750 1316.5
1431760 1307.6
1431770 1307.6
1431780 1303.2
1431790 1300.5
1431800 1300.5
1431810 1301.2
1431820 1301.5
1431830 1298.8
1431840 1298.8
1431850 1297.3
1431860 1296.7
1431870 1296.7
1431880 1296.0
1431890 1294.1
1431900 1294.1
1431910 1290.5
1431920 1286.4
1431930 1286.4
1431940 1282.2
1431950 1278.7
1431960 1278.7
1431970 1277.1
1431980 1274.2
1431990 1274.2
1432000 1267.8
1432010 1263.3
1432020 1263.3
1432030 1266.1
1432040 1273.3
1432050 1273.3
1432060 1276.5
1432070 1279.7
1432080 1279.7
1432090 1285.8
1432100 1291.9
1432110 1297.9
1432120 1297.9
1432130 1301.9
1432140 1306.2
1432150 1306.2
1432160 1310.4
1432170 1314.1
1432180 1314.1
1432190 1317.1
1432200 1318.0
1432210 1318.0
1432220 1321.9
1432230 1327.8
1432240 1327.8
1432250 1332.7
1432260 1337.6
1432270 1337.6
1432280 1343.4
1432290 1349.1
1432300 1349.1
1432310 1354.5
1432320 1360.5
1432330 1360.5
1432340 1366.1
1432350 1373.3
1432360 1377.7
1432370 1377.7
1432380 1380.8
1432390 1381.1
1432400 1381.1
1432410 1383.9
1432420 1388.8
1432430 1388.8
1432440 1392.5
1432450 1395.7
1432460 1395.7
1432470 1399.7
1432480 1404.0
1432490 1404.0
1432500 1408.2
1432510 1414.9
1432520 1414.9
1432530 1423.5
1432540 1431.6
1432550 1431.6
1432560 1438.5
1432570 1443.9
1432580 1443.9
1432590 1448.2
1432600 1452.1
1432610 1455.2
1432620 1455.2
1432630 1458.0
1432640 1461.1
1432650 1461.1
1432660 1463.9
1432670 1465.4
1432680 1465.4
1432690 1468.1
1432700 1472.0
1432710 1472.0
1432720 1476.7
1432730 1481.1
1432740 1481.1
1432750 1485.3
1432760 1489.4
1432770 1489.4
1432780 1492.4
1432790 1496.9
1432800 1496.9
1432810 1501.6
1432820 1506.0
1432830 1506.0
1432840 1515.4
1432850 1518.5
1432860 1520.0
1432870 1520.0
1432880 1525.4
1432890 1529.1
1432900 1529.1
1432910 1530.2
1432920 1530.4
1432930 1530.4
1432940 1530.1
1432950 1529.0
1432960 1529.0
1432970 1526.4
1432980 1522.8
1432990 1522.8
1433000 1516.8
1433010 1510.1
1433020 1510.1
1433030 1503.1
1433040 1496.5
1433050 1496.5
1433060 1490.9
1433070 1485.9
1433080 1485.9
1433090 1481.6
1433100 1477.2
1433110 1477.2
1433120 1472.9
1433130 1468.5
1433140 1463.9
1433150 1463.9
1433160 1459.4
1433170 1454.6
1433180 1454.6
1433190 1451.3
1433200 1449.5
1433210 1449.5
1433220 1447.2
1433230 1446.9
1433240 1446.9
1433250 1446.4
1433260 1444.3
1433270 1444.3
1433280 1442.0
1433290 1439.2
1433300 1439.2
1433310 1435.6
1433320 1435.7
1433330 1435.7
1433340 1436.1
1433350 1437.7
1433360 1437.7
1433370 1439.4
1433380 1438.9
1433390 1438.1
1433400 1438.1
1433410 1437.9
1433420 1438.5
1433430 1438.5
1433440 1436.9
1433450 1434.7
1433460 1434.7
1433470 1430.7
1433480 1430.7
1433490 1430.7
1433500 1432.2
1433510 1433.4
1433520 1433.4
1433530 1432.7
1433540 1434.1
1433550 1434.1
1433560 1435.1
1433570 1437.1
1433580 1437.1
1433590 1440.9
1433600 1446.0
1433610 1446.0
1433620 1450.6
1433630 1455.1
1433640 1459.9
1433650 1459.9
1433660 1465.5
1433670 1471.9
1433680 1471.9
1433690 1477.1
1433700 1482.1
1433710 1482.1
1433720 1487.4
1433730 1491.8
1433740 1491.8
1433750 1491.1
1433760 1490.2
1433770 1490.2
1433780 1486.3
1433790 1487.7
1433800 1487.7
1433810 1492.2
1433820 1500.8
1433830 1500.8
1433840 1509.0
1433850 1512.2
1433860 1512.2
1433870 1511.1
1433880 1506.5
1433890 1503.8
1433900 1503.8
1433910 1504.7
1433920 1505.2
1433930 1505.2
1433940 1505.4
1433950 1505.4
1433960 1505.4
1433970 1506.0
1433980 1507.8
1433990 1507.8
1434000 1511.2
1434010 1514.7
1434020 1514.7
1434030 1518.5
1434040 1523.3
1434050 1523.3
1434060 1530.0
1434070 1534.8
1434080 1534.8
1434090 1536.2
1434100 1536.9
1434110 1536.9
1434120 1537.9
1434130 1538.7
1434140 1538.7
1434150 1538.8
1434160 1538.9
1434170 1539.8
1434180 1539.8
1434190 1540.8
1434200 1541.6
1434210 1541.6
1434220 1542.3
1434230 1542.3
1434240 1542.3
1434250 1542.0
1434260 1542.2
1434270 1542.2
1434280 1542.3
1434290 1542.1
1434300 1542.1
1434310 1540.8
1434320 1539.9
1434330 1539.9
1434340 1538.6
1434350 1536.6
1434360 1536.6
1434370 1533.7
1434380 1528.3
1434390 1528.3
1434400 1523.1
1434410 1516.8
1434420 1510.6
1434430 1510.6
1434440 1504.6
1434450 1499.9
1434460 1499.9
1434470 1495.5
1434480 1491.5
1434490 1491.5
1434500 1487.4
1434510 1482.8
1434520 1482.8
1434530 1477.7
1434540 1471.5
1434550 1471.5
1434560 1464.5
1434570 1457.8
1434580 1457.8
1434590 1451.6
1434600 1446.3
1434610 1446.3
1434620 1442.5
1434630 1436.6
1434640 1436.6
1434650 1428.7
1434660 1421.9
1434670 1416.8
1434680 1416.8
1434690 1411.0
1434700 1404.6
1434710 1404.6
1434720 1397.7
1434730 1390.3
1434740 1390.3
1434750 1382.9
1434760 1375.2
1434770 1375.2
1434780 1368.3
1434790 1363.4
1434800 1363.4
1434810 1360.3
1434820 1356.6
1434830 1356.6
1434840 1354.4
1434850 1351.6
1434860 1351.6
1434870 1348.3
1434880 1344.0
1434890 1344.0
1434900 1339.5
1434910 1334.6
1434920 1329.4
1434930 1329.4
1434940 1325.3
1434950 1321.8
1434960 1321.8
1434970 1319.3
1434980 1318.4
1434990 1318.4
1435000 1317.8
1435010 1315.1
1435020 1315.1
1435030 1312.0
1435040 1308.5
1435050 1308.5
1435060 1305.0
1435070 1302.5
1435080 1302.5
1435090 1299.9
1435100 1298.0
1435110 1298.0
1435120 1297.1
1435130 1297.0
1435140 1297.0
1435150 1296.8
1435160 1291.0
1435170 1291.0
1435180 1283.3
1435190 1280.8
1435200 1284.7
1435210 1284.7
1435220 1291.0
1435230 1296.8
1435240 1296.8
1435250 1300.6
1435260 1304.9
1435270 1304.9
1435280 1310.0
1435290 1316.3
1435300 1316.3
1435310 1320.6
1435320 1323.0
1435330 1323.0
1435340 1326.6
1435350 1330.0
1435360 1334.0
1435370 1337.4
1435380 1340.7
1435390 1340.7
1435400 1344.7
1435410 1348.9
1435420 1348.9
1435430 1352.0
1435440 1356.6
1435450 1364.1
1435460 1364.1
1435470 1368.6
1435480 1372.6
1435490 1372.6
1435500 1377.0
1435510 1382.2
1435520 1382.2
1435530 1387.3
1435540 1392.3
1435550 1392.3
1435560 1396.4
1435570 1398.9
1435580 1398.9
1435590 1401.8
1435600 1406.3
1435610 1406.3
1435620 1410.2
1435630 1414.3
1435640 1414.3
1435650 1419.2
1435660 1424.2
1435670 1424.2
1435680 1429.3
1435690 1433.4
1435700 1438.1
1435710 1438.1
1435720 1442.4
1435730 1446.4
1435740 1446.4
1435750 1450.8
1435760 1455.1
1435770 1455.1
1435780 1459.8
1435790 1465.6
1435800 1465.6
1435810 1470.7
1435820 1472.6
1435830 1472.6
1435840 1474.8
1435850 1476.0
1435860 1476.0
1435870 1475.4
1435880 1472.5
1435890 1472.5
1435900 1470.2
1435910 1473.4
1435920 1473.4
1435930 1477.4
1435940 1482.2
1435950 1487.1
1435960 1487.1
1435970 1492.2
1435980 1499.6
1435990 1499.6
1436000 1508.1
1436010 1514.7
1436020 1514.7
1436030 1520.6
1436040 1526.3
1436050 1526.3
1436060 1533.2
1436070 1539.3
1436080 1539.3
1436090 1543.5
1436100 1545.3
1436110 1545.3
1436120 1546.9
1436130 1548.1
1436140 1548.1
1436150 1551.5
1436160 1557.0
1436170 1557.0
1436180 1563.4
1436190 1570.5
1436200 1577.7
1436210 1577.7
1436220 1585.1
1436230 1590.3
1436240 1590.3
1436250 1597.9
1436260 1603.7
1436270 1603.7
1436280 1609.6
1436290 1614.8
1436300 1614.8
1436310 1620.4
1436320 1627.1
1436330 1627.1
1436340 1634.0
1436350 1640.7
1436360 1640.7
1436370 1647.3
1436380 1654.2
1436390 1654.2
1436400 1660.4
1436410 1666.7
1436420 1666.7
1436430 1673.2
1436440 1679.9
1436450 1679.9
1436460 1687.1
1436470 1692.6
1436480 1698.6
1436490 1698.6
1436500 1704.8
1436510 1711.2
1436520 1711.2
1436530 1717.8
1436540 1724.9
1436550 1724.9
1436560 1733.6
1436570 1741.2
1436580 1741.2
1436590 1747.7
1436600 1753.7
1436610 1753.7
1436620 1760.6
1436630 1768.5
1436640 1768.5
1436650 1774.3
1436660 1778.2
1436670 1778.2
1436680 1780.6
1436690 1782.5
1436700 1782.5
1436710 1784.5
1436720 1786.8
1436730 1788.3
1436740 1788.3
1436750 1789.7
1436760 1791.1
1436770 1791.1
1436780 1792.3
1436790 1792.4
1436800 1792.4
1436810 1792.1
1436820 1792.2
1436830 1792.2
1436840 1793.0
1436850 1793.5
1436860 1793.5
1436870 1793.8
1436880 1794.0
1436890 1794.0
1436900 1793.6
1436910 1793.6
1436920 1793.6
1436930 1792.3
1436940 1789.2
1436950 1789.2
1436960 1785.6
1436970 1782.7
1436980 1780.6
1436990 1780.6
1437000 1779.7
1437010 1779.4
1437020 1779.4
1437030 1776.5
1437040 1770.3
1437050 1770.3
1437060 1765.5
1437070 1760.1
1437080 1760.1
1437090 1754.4
1437100 1749.2
1437110 1749.2
1437120 1744.9
1437130 1740.2
1437140 1740.2
1437150 1735.9
1437160 1728.0
1437170 1728.0
1437180 1722.1
1437190 1712.3
1437200 1712.3
1437210 1703.1
1437220 1693.3
1437230 1681.6
1437240 1681.6
1437250 1668.8
1437260 1656.0
1437270 1656.0
1437280 1647.5
1437290 1642.3
1437300 1642.3
1437310 1636.7
1437320 1629.5
1437330 1629.5
1437340 1623.6
1437350 1619.7
1437360 1619.7
1437370 1617.7
1437380 1615.1
1437390 1615.1
1437400 1611.2
1437410 1606.5
1437420 1606.5
1437430 1599.7
1437440 1591.1
1437450 1591.1
1437460 1577.3
1437470 1561.4
1437480 1561.4
1437490 1554.1
1437500 1546.9
1437510 1540.5
1437520 1540.5
1437530 1535.2
1437540 1530.7
1437550 1530.7
1437560 1526.9
1437570 1523.5
1437580 1523.5
1437590 1522.1
1437600 1517.7
1437610 1517.7
1437620 1515.1
1437630 1509.9
1437640 1509.9
1437650 1503.6
1437660 1501.1
1437670 1501.1
1437680 1499.4
1437690 1497.6
1437700 1497.6
1437710 1494.9
1437720 1492.2
1437730 1492.2
1437740 1487.9
1437750 1482.9
1437760 1477.4
1437770 1477.4
1437780 1472.7
1437790 1467.3
1437800 1467.3
1437810 1461.8
1437820 1458.3
1437830 1458.3
1437840 1456.0
1437850 1453.1
1437860 1453.1
1437870 1449.1
1437880 1446.4
1437890 1446.4
1437900 1443.8
1437910 1441.0
1437920 1441.0
1437930 1438.2
1437940 1435.3
1437950 1435.3
1437960 1432.4
1437970 1428.7
1437980 1428.7
1437990 1424.7
1438000 1418.4
1438010 1408.9
1438020 1408.6
1438030 1399.8
1438040 1391.9
1438050 1391.9
1438060 1386.9
1438070 1383.4
1438080 1383.4
1438090 1378.2
1438100 1373.0
1438110 1373.0
1438120 1368.0
1438130 1364.5
1438140 1364.5
1438150 1361.1
1438160 1358.3
1438170 1358.3
1438180 1354.4
1438190 1349.2
1438200 1349.2
1438210 1343.5
1438220 1338.0
1438230 1338.0
1438240 1332.6
1438250 1326.4
1438260 1319.2
1438270 1319.2
1438280 1312.0
1438290 1306.8
1438300 1306.8
1438310 1304.8
1438320 1303.7
1438330 1303.7
1438340 1301.4
1438350 1297.9
1438360 1297.9
1438370 1292.7
1438380 1285.8
1438390 1285.8
1438400 1280.8
1438410 1277.1
1438420 1277.1
1438430 1274.0
1438440 1272.3
1438450 1272.3
1438460 1268.9
1438470 1264.3
1438480 1264.3
1438490 1261.0
1438500 1255.0
1438510 1255.0
1438520 1249.8
1438530 1246.4
1438540 1243.4
1438550 1243.4
1438560 1240.3
1438570 1236.3
1438580 1236.3
1438590 1231.8
1438600 1228.0
1438610 1228.0
1438620 1225.0
1438630 1220.9
1438640 1220.9
1438650 1216.5
1438660 1212.3
1438670 1212.3
1438680 1208.2
1438690 1204.0
1438700 1204.0
1438710 1198.5
1438720 1193.3
1438730 1193.3
1438740 1188.6
1438750 1183.8
1438760 1183.8
1438770 1179.1
1438780 1175.2
1438790 1172.0
1438800 1172.0
1438810 1168.6
1438820 1164.6
1438830 1164.6
1438840 1160.5
1438850 1154.8
1438860 1154.8
1438870 1150.3
1438880 1147.4
1438890 1147.4
1438900 1144.3
1438910 1141.2
1438920 1141.2
1438930 1138.3
1438940 1134.5
1438950 1134.5
1438960 1131.5
1438970 1128.4
1438980 1128.4
1438990 1125.3
1439000 1122.9
1439010 1122.9
1439020 1120.8
1439030 1117.6
1439040 1114.1
1439050 1114.1
1439060 1111.2
1439070 1111.5
1439080 1111.5
1439090 1110.0
1439100 1108.4
1439110 1108.4
1439120 1106.3
1439130 1108.1
1439140 1108.1
1439150 1111.8
1439160 1115.4
1439170 1115.4
1439180 1121.0
1439190 1125.1
1439200 1125.1
1439210 1126.2
1439220 1126.4
1439230 1126.4
1439240 1126.3
1439250 1126.7
1439260 1126.7
1439270 1128.3
1439280 1132.0
1439290 1138.0
1439300 1138.0
1439310 1143.8
1439320 1147.1
1439330 1147.1
1439340 1149.1
1439350 1152.3
1439360 1152.3
1439370 1155.9
1439380 1159.7
1439390 1159.7
1439400 1163.1
1439410 1166.9
1439420 1166.9
1439430 1171.1
1439440 1175.6
1439450 1175.6
1439460 1180.6
1439470 1185.4
1439480 1185.4
1439490 1190.2
1439500 1196.2
1439510 1196.2
1439520 1200.9
1439530 1205.9
1439540 1205.9
1439550 1211.9
1439560 1218.6
1439570 1221.2
1439580 1221.2
1439590 1222.4
1439600 1225.4
1439610 1225.4
1439620 1228.7
1439630 1232.6
1439640 1232.6
1439650 1237.5
1439660 1242.5
1439670 1242.5
1439680 1247.0
1439690 1250.4
1439700 1250.4
1439710 1255.1
1439720 1260.2
1439730 1260.2
1439740 1265.0
1439750 1270.1
1439760 1270.1
1439770 1274.5
1439780 1278.2
1439790 1278.2
1439800 1283.1
1439810 1287.5
1439820 1289.3
1439830 1289.3
1439840 1290.8
1439850 1293.2
1439860 1293.2
1439870 1295.4
1439880 1299.4
1439890 1299.4
1439900 1303.1
1439910 1306.7
1439920 1306.7
1439930 1311.9
1439940 1317.8
1439950 1317.8
1439960 1325.1
1439970 1331.5
1439980 1331.5
1439990 1339.1
