1420000 872.4
1420010 872.4
1420020 876.3
1420030 879.4
1420040 879.4
1420050 881.0
1420060 882.8
1420070 882.8
1420080 884.5
1420090 885.8
1420100 885.8
1420110 886.1
1420120 887.1
1420130 888.6
1420140 890.6
1420150 893.5
1420160 893.5
1420170 895.9
1420180 898.2
1420190 901.1
1420200 901.1
1420210 904.2
1420220 906.9
1420230 906.9
1420240 908.6
1420250 910.6
1420260 910.6
1420270 912.8
1420280 913.6
1420290 913.6
1420300 914.3
1420310 916.5
1420320 916.5
1420330 919.6
1420340 921.9
1420350 921.9
1420360 923.8
1420370 926.5
1420380 926.5
1420390 932.0
1420400 938.7
1420410 938.7
1420420 946.0
1420430 948.6
1420440 949.2
1420450 949.2
1420460 950.7
1420470 952.2
1420480 952.2
1420490 952.2
1420500 951.9
1420510 951.9
1420520 952.0
1420530 951.5
1420540 951.5
1420550 950.7
1420560 950.3
1420570 950.3
1420580 949.6
1420590 949.6
1420600 949.6
1420610 950.1
1420620 950.6
1420630 950.6
1420640 950.7
1420650 952.0
1420660 952.0
1420670 953.2
1420680 953.0
1420690 953.0
1420700 951.5
1420710 948.7
1420720 943.9
1420730 943.9
1420740 939.0
1420750 935.9
1420760 935.9
1420770 938.6
1420780 940.8
1420790 940.8
1420800 940.2
1420810 938.1
1420820 938.1
1420830 936.5
1420840 936.2
1420850 936.2
1420860 935.9
1420870 935.5
1420880 935.5
1420890 939.0
1420900 943.6
1420910 943.6
1420920 947.2
1420930 951.7
1420940 951.7
1420950 955.4
1420960 959.8
1420970 964.8
1420980 964.8
1420990 967.7
1421000 971.7
1421010 971.7
1421020 976.7
1421030 982.7
1421040 982.7
1421050 989.4
1421060 995.7
1421070 995.7
1421080 998.0
1421090 998.8
1421100 998.8
1421110 999.3
1421120 999.6
1421130 999.6
1421140 1000.0
1421150 1000.5
1421160 1000.5
1421170 1000.6
1421180 1001.1
1421190 1001.1
1421200 1001.0
1421210 999.5
1421220 997.6
1421230 997.6
1421240 998.3
1421250 998.9
1421260 998.9
1421270 998.0
1421280 997.0
1421290 997.0
1421300 993.0
1421310 987.4
1421320 987.4
1421330 983.1
1421340 980.3
1421350 980.3
1421360 975.0
1421370 968.1
1421380 968.1
1421390 961.5
1421400 956.1
1421410 956.1
1421420 949.2
1421430 941.9
1421440 941.9
1421450 934.9
1421460 930.3
1421470 924.2
1421480 924.2
1421490 917.6
1421500 911.1
1421510 911.1
1421520 908.8
1421530 917.3
1421540 917.3
1421550 935.0
1421560 940.4
1421570 940.4
1421580 942.8
1421590 946.0
1421600 946.0
1421610 950.7
1421620 959.4
1421630 959.4
1421640 968.2
1421650 976.1
1421660 976.1
1421670 983.9
1421680 991.2
1421690 991.2
1421700 996.8
1421710 1004.1
1421720 1004.1
1421730 1011.4
1421740 1017.2
1421750 1021.1
1421760 1021.1
1421770 1026.4
1421780 1032.4
1421790 1032.4
1421800 1038.2
1421810 1043.0
1421820 1043.0
1421830 1046.8
1421840 1052.0
1421850 1052.0
1421860 1056.8
1421870 1060.8
1421880 1060.8
1421890 1064.3
1421900 1069.0
1421910 1069.0
1421920 1074.4
1421930 1079.2
1421940 1079.2
1421950 1084.1
1421960 1088.7
1421970 1088.7
1421980 1092.5
1421990 1097.0
1422000 1098.8
1422010 1098.8
1422020 1099.7
1422030 1104.4
1422040 1104.4
1422050 1108.5
1422060 1113.4
1422070 1113.4
1422080 1118.3
1422090 1123.3
1422100 1123.3
1422110 1127.1
1422120 1131.4
1422130 1131.4
1422140 1139.4
1422150 1142.7
1422160 1142.7
1422170 1147.6
1422180 1152.6
1422190 1152.6
1422200 1158.7
1422210 1164.6
1422220 1164.6
1422230 1170.2
1422240 1176.7
1422250 1182.8
1422260 1182.8
1422270 1188.2
1422280 1193.5
1422290 1193.5
1422300 1200.3
1422310 1206.9
1422320 1206.9
1422330 1211.3
1422340 1219.6
1422350 1219.6
1422360 1226.7
1422370 1233.3
1422380 1233.3
1422390 1240.0
1422400 1246.4
1422410 1246.4
1422420 1251.0
1422430 1254.9
1422440 1254.9
1422450 1258.2
1422460 1261.4
1422470 1261.4
1422480 1263.9
1422490 1265.8
1422500 1265.8
1422510 1267.5
1422520 1269.5
1422530 1271.3
1422540 1271.3
1422550 1273.2
1422560 1274.6
1422570 1274.6
1422580 1274.4
1422590 1273.4
1422600 1273.4
1422610 1272.9
1422620 1272.9
1422630 1272.9
1422640 1272.4
1422650 1268.4
1422660 1268.4
1422670 1265.5
1422680 1263.4
1422690 1263.4
1422700 1262.3
1422710 1261.4
1422720 1261.4
1422730 1261.2
1422740 1261.0
1422750 1261.0
1422760 1261.0
1422770 1259.5
1422780 1257.7
1422790 1257.7
1422800 1257.0
1422810 1257.3
1422820 1257.3
1422830 1257.7
1422840 1258.5
1422850 1258.5
1422860 1258.6
1422870 1258.1
1422880 1258.1
1422890 1257.0
1422900 1256.0
1422910 1256.0
1422920 1255.2
1422930 1255.5
1422940 1255.5
1422950 1256.6
1422960 1257.2
1422970 1257.2
1422980 1257.7
1422990 1259.5
1423000 1259.5
1423010 1261.0
1423020 1262.1
1423030 1262.8
1423040 1262.8
1423050 1263.0
1423060 1262.8
1423070 1262.8
1423080 1263.2
1423090 1263.9
1423100 1263.9
1423110 1264.5
1423120 1265.3
1423130 1265.3
1423140 1266.3
1423150 1266.0
1423160 1266.0
1423170 1264.2
1423180 1262.3
1423190 1262.3
1423200 1262.3
1423210 1264.8
1423220 1264.8
1423230 1266.1
1423240 1266.9
1423250 1266.9
1423260 1268.4
1423270 1270.7
1423280 1276.5
1423290 1276.5
1423300 1283.1
1423310 1286.9
1423320 1286.9
1423330 1289.5
1423340 1291.6
1423350 1291.6
1423360 1293.7
1423370 1296.5
1423380 1296.5
1423390 1300.8
1423400 1305.6
1423410 1305.6
1423420 1310.9
1423430 1315.7
1423440 1315.7
1423450 1322.2
1423460 1330.1
1423470 1330.1
1423480 1337.7
1423490 1342.5
1423500 1342.5
1423510 1345.3
1423520 1348.5
1423530 1348.5
1423540 1351.7
1423550 1354.1
1423560 1356.1
1423570 1356.1
1423580 1357.3
1423590 1358.5
1423600 1358.5
1423610 1360.8
1423620 1363.6
1423630 1363.6
1423640 1365.7
1423650 1367.9
1423660 1367.9
1423670 1370.4
1423680 1373.3
1423690 1373.3
1423700 1376.6
1423710 1378.7
1423720 1378.7
1423730 1380.4
1423740 1381.8
1423750 1381.8
1423760 1382.6
1423770 1382.5
1423780 1382.5
1423790 1382.5
1423800 1382.8
1423810 1383.0
1423820 1383.0
1423830 1382.6
1423840 1381.9
1423850 1381.9
1423860 1381.9
1423870 1382.4
1423880 1382.4
1423890 1383.1
1423900 1383.2
1423910 1383.2
1423920 1382.7
1423930 1381.9
1423940 1381.9
1423950 1381.4
1423960 1380.5
1423970 1380.5
1423980 1379.3
1423990 1378.2
1424000 1378.2
1424010 1378.0
1424020 1378.8
1424030 1378.8
1424040 1379.9
1424050 1380.1
1424060 1378.1
1424070 1378.1
1424080 1376.6
1424090 1376.3
1424100 1376.3
1424110 1376.9
1424120 1376.5
1424130 1376.5
1424140 1378.0
1424150 1377.9
1424160 1377.9
1424170 1374.9
1424180 1372.3
1424190 1372.3
1424200 1369.6
1424210 1372.3
1424220 1372.3
1424230 1376.2
1424240 1383.5
1424250 1383.5
1424260 1387.2
1424270 1388.9
1424280 1388.9
1424290 1391.5
1424300 1392.7
1424310 1393.8
1424320 1393.8
1424330 1395.6
1424340 1398.7
1424350 1398.7
1424360 1402.1
1424370 1405.0
1424380 1405.0
1424390 1407.3
1424400 1410.3
1424410 1410.3
1424420 1412.4
1424430 1413.3
1424440 1413.3
1424450 1414.4
1424460 1416.9
1424470 1416.9
1424480 1420.3
1424490 1422.2
1424500 1422.2
1424510 1424.8
1424520 1426.9
1424530 1426.9
1424540 1429.1
1424550 1430.7
1424560 1430.7
1424570 1432.1
1424580 1433.7
1424590 1434.9
1424600 1434.9
1424610 1435.2
1424620 1435.3
1424630 1435.3
1424640 1435.3
1424650 1434.8
1424660 1434.8
1424670 1433.6
1424680 1432.2
1424690 1432.2
1424700 1430.9
1424710 1428.7
1424720 1428.7
1424730 1426.8
1424740 1424.6
1424750 1424.6
1424760 1422.0
1424770 1418.7
1424780 1418.7
1424790 1415.4
1424800 1410.9
1424810 1410.9
1424820 1403.9
1424830 1401.8
1424840 1400.7
1424850 1400.7
1424860 1396.1
1424870 1392.7
1424880 1392.7
1424890 1390.9
1424900 1390.2
1424910 1390.2
1424920 1389.2
1424930 1386.0
1424940 1386.0
1424950 1384.4
1424960 1380.2
1424970 1380.2
1424980 1375.3
1424990 1370.6
1425000 1370.6
1425010 1367.8
1425020 1365.8
1425030 1365.8
1425040 1364.6
1425050 1363.1
1425060 1363.1
1425070 1360.9
1425080 1358.8
1425090 1358.0
1425100 1358.0
1425110 1356.8
1425120 1353.7
1425130 1353.7
1425140 1350.5
1425150 1347.8
1425160 1347.8
1425170 1345.2
1425180 1343.3
1425190 1343.3
1425200 1341.9
1425210 1341.1
1425220 1341.1
1425230 1340.9
1425240 1341.4
1425250 1341.4
1425260 1343.0
1425270 1345.0
1425280 1345.0
1425290 1345.6
1425300 1344.4
1425310 1344.4
1425320 1342.5
1425330 1340.1
1425340 1337.2
1425350 1337.2
1425360 1334.9
1425370 1331.3
1425380 1331.3
1425390 1328.2
1425400 1325.9
1425410 1325.9
1425420 1323.7
1425430 1321.9
1425440 1321.9
1425450 1320.5
1425460 1318.7
1425470 1318.7
1425480 1316.3
1425490 1313.3
1425500 1313.3
1425510 1309.5
1425520 1305.7
1425530 1305.7
1425540 1301.7
1425550 1297.5
1425560 1297.5
1425570 1292.9
1425580 1288.8
1425590 1288.8
1425600 1284.3
1425610 1280.4
1425620 1277.5
1425630 1277.5
1425640 1271.8
1425650 1267.4
1425660 1267.4
1425670 1263.8
1425680 1261.0
1425690 1261.0
1425700 1258.8
1425710 1256.4
1425720 1256.4
1425730 1254.0
1425740 1250.7
1425750 1250.7
1425760 1247.6
1425770 1244.3
1425780 1244.3
1425790 1241.0
1425800 1237.8
1425810 1237.8
1425820 1234.3
1425830 1229.7
1425840 1229.7
1425850 1225.6
1425860 1221.7
1425870 1217.7
1425880 1217.7
1425890 1214.3
1425900 1210.8
1425910 1210.8
1425920 1208.6
1425930 1205.1
1425940 1205.1
1425950 1202.7
1425960 1200.7
1425970 1200.7
1425980 1198.1
1425990 1195.6
1426000 1195.6
1426010 1193.4
1426020 1191.4
1426030 1191.4
1426040 1189.4
1426050 1186.8
1426060 1186.8
1426070 1183.4
1426080 1179.1
1426090 1179.1
1426100 1175.3
1426110 1171.1
1426120 1165.7
1426130 1165.7
1426140 1159.3
1426150 1154.0
1426160 1154.0
1426170 1151.0
1426180 1151.1
1426190 1151.1
1426200 1149.2
1426210 1146.0
1426220 1146.0
1426230 1143.1
1426240 1140.6
1426250 1140.6
1426260 1138.1
1426270 1134.6
1426280 1134.6
1426290 1130.6
1426300 1126.2
1426310 1126.2
1426320 1121.1
1426330 1115.3
1426340 1115.3
1426350 1111.4
1426360 1112.4
1426370 1108.8
1426380 1108.8
1426390 1107.0
1426400 1104.7
1426410 1104.7
1426420 1099.4
1426430 1090.9
1426440 1090.9
1426450 1081.3
1426460 1071.5
1426470 1071.5
1426480 1062.5
1426490 1055.6
1426500 1055.6
1426510 1051.0
1426520 1044.0
1426530 1044.0
1426540 1040.7
1426550 1034.6
1426560 1034.6
1426570 1030.5
1426580 1030.3
1426590 1030.3
1426600 1024.1
1426610 1019.3
1426620 1019.3
1426630 1017.9
1426640 1019.0
1426650 1019.8
1426660 1019.8
1426670 1022.6
1426680 1019.2
1426690 1019.2
1426700 1012.7
1426710 1005.7
1426720 1005.7
1426730 997.9
1426740 988.9
1426750 988.9
1426760 980.9
1426770 974.3
1426780 974.3
1426790 967.9
1426800 961.5
1426810 961.5
1426820 955.4
1426830 949.2
1426840 949.2
1426850 942.7
1426860 936.3
1426870 936.3
1426880 929.6
1426890 922.9
1426900 917.3
1426910 917.3
1426920 912.9
1426930 907.6
1426940 907.6
1426950 901.9
1426960 897.1
1426970 897.1
1426980 892.0
1426990 886.1
1427000 886.1
1427010 880.8
1427020 874.5
1427030 874.5
1427040 868.6
1427050 862.9
1427060 862.9
1427070 859.0
1427080 853.6
1427090 853.6
1427100 850.3
1427110 847.3
1427120 847.3
1427130 844.9
1427140 842.5
1427150 839.7
1427160 839.7
1427170 836.9
1427180 834.1
1427190 834.1
1427200 831.6
1427210 829.3
1427220 829.3
1427230 826.8
1427240 824.1
1427250 824.1
1427260 821.8
1427270 819.8
1427280 819.8
1427290 817.6
1427300 815.3
1427310 815.3
1427320 812.9
1427330 810.3
1427340 810.3
1427350 808.0
1427360 805.9
1427370 805.9
1427380 803.6
1427390 801.5
1427400 800.2
1427410 800.2
1427420 798.4
1427430 796.9
1427440 796.9
1427450 795.6
1427460 793.7
1427470 793.7
1427480 791.6
1427490 789.9
1427500 789.9
1427510 788.2
1427520 785.7
1427530 785.7
1427540 782.6
1427550 780.8
1427560 780.8
1427570 779.8
1427580 778.9
1427590 778.9
1427600 778.0
1427610 774.7
1427620 774.7
1427630 777.3
1427640 778.8
1427650 778.8
1427660 781.1
1427670 783.5
1427680 786.0
1427690 786.0
1427700 787.8
1427710 789.4
1427720 789.4
1427730 790.9
1427740 792.2
1427750 792.2
1427760 793.1
1427770 794.6
1427780 794.6
1427790 797.2
1427800 800.1
1427810 800.1
1427820 803.3
1427830 807.1
1427840 807.1
1427850 810.9
1427860 815.4
1427870 815.4
1427880 820.7
1427890 826.4
1427900 826.4
1427910 831.1
1427920 835.7
1427930 841.0
1427940 841.0
1427950 844.9
1427960 847.6
1427970 847.6
1427980 850.6
1427990 854.5
1428000 854.5
1428010 856.7
1428020 859.1
1428030 859.1
1428040 862.8
1428050 866.8
1428060 866.8
1428070 869.9
1428080 873.0
1428090 873.0
1428100 876.0
1428110 879.6
1428120 879.6
1428130 883.3
1428140 886.8
1428150 886.8
1428160 889.2
1428170 892.0
1428180 895.4
1428190 895.4
1428200 899.4
1428210 902.7
1428220 902.7
1428230 904.8
1428240 907.0
1428250 907.0
1428260 910.3
1428270 914.8
1428280 914.8
1428290 918.8
1428300 920.9
1428310 920.9
1428320 923.5
1428330 926.2
1428340 926.2
1428350 930.0
1428360 933.8
1428370 933.8
1428380 936.9
1428390 939.9
1428400 939.9
1428410 942.6
1428420 946.1
1428430 950.2
1428440 950.2
1428450 953.9
1428460 957.0
1428470 957.0
1428480 961.3
1428490 965.2
1428500 965.2
1428510 969.7
1428520 973.9
1428530 973.9
1428540 977.3
1428550 981.7
1428560 981.7
1428570 985.3
1428580 989.4
1428590 989.4
1428600 991.5
1428610 994.3
1428620 994.3
1428630 996.4
1428640 998.4
1428650 998.4
1428660 1000.7
1428670 1003.2
1428680 1003.2
1428690 1005.8
1428700 1009.0
1428710 1010.6
1428720 1010.6
1428730 1013.2
1428740 1017.2
1428750 1017.2
1428760 1020.9
1428770 1024.4
1428780 1024.4
1428790 1027.4
1428800 1028.3
1428810 1028.3
1428820 1029.2
1428830 1029.2
1428840 1029.2
1428850 1030.0
1428860 1031.7
1428870 1031.7
1428880 1033.5
1428890 1039.8
1428900 1039.8
1428910 1049.3
1428920 1057.0
1428930 1057.0
1428940 1063.8
1428950 1071.5
1428960 1079.8
1428970 1079.8
1428980 1087.5
1428990 1092.3
1429000 1092.3
1429010 1097.2
1429020 1102.4
1429030 1102.4
1429040 1107.4
1429050 1114.3
1429060 1114.3
1429070 1121.7
1429080 1128.7
1429090 1128.7
1429100 1138.1
1429110 1148.7
1429120 1148.7
1429130 1160.4
1429140 1172.4
1429150 1172.4
1429160 1183.2
1429170 1191.9
1429180 1191.9
1429190 1201.2
1429200 1208.8
1429210 1216.4
1429220 1216.4
1429230 1223.7
1429240 1229.4
1429250 1229.4
1429260 1235.1
1429270 1240.4
1429280 1240.4
1429290 1245.2
1429300 1249.6
1429310 1249.6
1429320 1254.0
1429330 1257.9
1429340 1257.9
1429350 1261.7
1429360 1266.2
1429370 1266.2
1429380 1271.1
1429390 1276.2
1429400 1276.2
1429410 1281.9
1429420 1287.1
1429430 1287.1
1429440 1292.0
1429450 1297.0
1429460 1302.7
1429470 1302.7
1429480 1308.6
1429490 1314.2
1429500 1314.2
1429510 1320.1
1429520 1326.4
1429530 1326.4
1429540 1331.5
1429550 1335.6
1429560 1335.6
1429570 1339.1
1429580 1342.4
1429590 1342.4
1429600 1343.9
1429610 1345.1
1429620 1345.1
1429630 1347.1
1429640 1347.9
1429650 1347.9
1429660 1349.2
1429670 1355.4
1429680 1355.4
1429690 1360.4
1429700 1364.0
1429710 1364.0
1429720 1369.0
1429730 1376.4
1429740 1379.9
1429750 1379.9
1429760 1381.9
1429770 1383.3
1429780 1383.3
1429790 1384.0
1429800 1386.0
1429810 1386.0
1429820 1389.0
1429830 1391.7
1429840 1391.7
1429850 1394.5
1429860 1397.7
1429870 1397.7
1429880 1400.5
1429890 1402.7
1429900 1402.7
1429910 1404.1
1429920 1405.3
1429930 1405.3
1429940 1406.0
1429950 1406.8
1429960 1406.8
1429970 1407.3
1429980 1407.5
1429990 1407.5
1430000 1407.5
1430010 1406.9
1430020 1405.3
1430030 1405.3
1430040 1403.8
1430050 1402.2
1430060 1402.2
1430070 1399.7
1430080 1397.8
1430090 1397.8
1430100 1396.3
1430110 1393.6
1430120 1393.6
1430130 1390.2
1430140 1387.7
1430150 1387.7
1430160 1388.2
1430170 1388.3
1430180 1388.3
1430190 1388.5
1430200 1388.6
1430210 1388.6
1430220 1388.7
1430230 1389.0
1430240 1389.1
1430250 1389.1
1430260 1388.6
1430270 1387.9
1430280 1387.9
1430290 1387.2
1430300 1386.9
1430310 1386.9
1430320 1385.7
1430330 1384.0
1430340 1384.0
1430350 1382.2
1430360 1381.0
1430370 1381.0
1430380 1379.7
1430390 1378.7
1430400 1378.7
1430410 1378.4
1430420 1377.8
1430430 1377.8
1430440 1377.9
1430450 1378.7
1430460 1378.7
1430470 1380.3
1430480 1382.1
1430490 1384.9
1430500 1384.9
1430510 1386.8
1430520 1387.9
1430530 1387.9
1430540 1389.8
1430550 1390.5
1430560 1390.5
1430570 1390.2
1430580 1390.3
1430590 1390.3
1430600 1390.8
1430610 1389.7
1430620 1389.7
1430630 1388.7
1430640 1387.5
1430650 1387.5
1430660 1387.1
1430670 1394.0
1430680 1394.0
1430690 1400.5
1430700 1408.3
1430710 1408.3
1430720 1415.7
1430730 1420.0
1430740 1420.0
1430750 1423.3
1430760 1425.9
1430770 1428.7
1430780 1428.7
1430790 1431.6
1430800 1434.2
1430810 1434.2
1430820 1436.1
1430830 1437.7
1430840 1437.7
1430850 1439.1
1430860 1440.4
1430870 1440.4
1430880 1441.3
1430890 1442.2
1430900 1444.6
1430910 1444.8
1430920 1445.0
1430930 1445.0
1430940 1444.4
1430950 1443.1
1430960 1443.1
1430970 1442.7
1430980 1442.3
1430990 1442.3
1431000 1441.2
1431010 1440.1
1431020 1438.1
1431030 1438.1
1431040 1435.6
1431050 1432.6
1431060 1432.6
1431070 1429.3
1431080 1426.2
1431090 1426.2
1431100 1423.1
1431110 1419.3
1431120 1419.3
1431130 1415.2
1431140 1411.6
1431150 1411.6
1431160 1408.0
1431170 1403.8
1431180 1403.8
1431190 1398.5
1431200 1394.6
1431210 1394.6
1431220 1392.2
1431230 1390.5
1431240 1390.5
1431250 1389.7
1431260 1387.8
1431270 1385.0
1431280 1385.0
1431290 1382.1
1431300 1379.5
1431310 1379.5
1431320 1377.4
1431330 1374.4
1431340 1374.4
1431350 1372.8
1431360 1370.0
1431370 1370.0
1431380 1367.5
1431390 1365.4
1431400 1365.4
1431410 1363.8
1431420 1362.4
1431430 1362.4
1431440 1361.2
1431450 1359.7
1431460 1359.7
1431470 1358.4
1431480 1356.5
1431490 1356.5
1431500 1352.3
1431510 1345.2
1431520 1339.8
1431530 1339.8
1431540 1335.0
1431550 1330.4
1431560 1330.4
1431570 1329.1
1431580 1326.5
1431590 1326.5
1431600 1323.8
1431610 1321.1
1431620 1321.1
1431630 1319.5
1431640 1320.3
1431650 1320.3
1431660 1320.5
1431670 1319.9
1431680 1319.9
1431690 1317.1
1431700 1311.7
1431710 1311.7
1431720 1306.5
1431730 1301.7
1431740 1301.7
1431750 1296.7
1431760 1291.9
1431770 1291.9
1431780 1287.4
1431790 1281.7
1431800 1275.9
1431810 1275.9
1431820 1269.7
1431830 1262.3
1431840 1262.3
1431850 1254.7
1431860 1250.4
1431870 1250.4
1431880 1250.5
1431890 1250.5
1431900 1250.5
1431910 1250.4
1431920 1249.0
1431930 1249.0
1431940 1246.3
1431950 1242.1
1431960 1242.1
1431970 1238.2
1431980 1239.1
1431990 1239.1
1432000 1242.8
1432010 1245.8
1432020 1245.8
1432030 1251.1
1432040 1255.6
1432050 1260.5
1432060 1260.5
1432070 1263.6
1432080 1264.4
1432090 1264.4
1432100 1268.1
1432110 1272.5
1432120 1272.5
1432130 1275.3
1432140 1278.3
1432150 1278.3
1432160 1281.8
1432170 1284.3
1432180 1284.3
1432190 1283.3
1432200 1284.0
1432210 1284.0
1432220 1287.4
1432230 1290.2
1432240 1290.2
1432250 1293.4
1432260 1298.8
1432270 1298.8
1432280 1305.2
1432290 1310.6
1432300 1315.0
1432310 1315.0
1432320 1318.7
1432330 1321.7
1432340 1321.7
1432350 1323.8
1432360 1326.4
1432370 1326.4
1432380 1327.9
1432390 1328.9
1432400 1328.9
1432410 1333.0
1432420 1339.9
1432430 1339.9
1432440 1347.2
1432450 1353.6
1432460 1353.6
1432470 1357.9
1432480 1362.3
1432490 1362.3
1432500 1366.5
1432510 1368.4
1432520 1368.4
1432530 1373.4
1432540 1377.3
1432550 1380.1
1432560 1380.1
1432570 1383.3
1432580 1387.3
1432590 1387.3
1432600 1392.4
1432610 1398.6
1432620 1398.6
1432630 1404.5
1432640 1409.4
1432650 1409.4
1432660 1414.1
1432670 1418.7
1432680 1418.7
1432690 1423.1
1432700 1427.5
1432710 1427.5
1432720 1431.8
1432730 1436.2
1432740 1436.2
1432750 1440.7
1432760 1445.2
1432770 1445.2
1432780 1449.6
1432790 1453.9
1432800 1453.9
1432810 1458.2
1432820 1462.7
1432830 1466.4
1432840 1466.4
1432850 1469.9
1432860 1473.9
1432870 1473.9
1432880 1477.6
1432890 1480.6
1432900 1480.6
1432910 1483.2
1432920 1485.8
1432930 1485.8
1432940 1488.3
1432950 1490.6
1432960 1490.6
1432970 1492.1
1432980 1491.9
1432990 1491.9
1433000 1489.5
1433010 1485.9
1433020 1485.9
1433030 1482.2
1433040 1478.3
1433050 1478.3
1433060 1473.8
1433070 1467.8
1433080 1461.6
1433090 1461.6
1433100 1454.6
1433110 1448.1
1433120 1448.1
1433130 1442.0
1433140 1436.1
1433150 1436.1
1433160 1431.2
1433170 1426.1
1433180 1426.1
1433190 1420.8
1433200 1416.5
1433210 1416.5
1433220 1413.7
1433230 1412.3
1433240 1412.3
1433250 1410.8
1433260 1409.7
1433270 1409.7
1433280 1407.5
1433290 1405.9
1433300 1405.9
1433310 1404.1
1433320 1402.3
1433330 1403.5
1433340 1403.5
1433350 1401.2
1433360 1398.6
1433370 1398.6
1433380 1398.2
1433390 1397.5
1433400 1397.5
1433410 1397.2
1433420 1396.2
1433430 1396.2
1433440 1393.7
1433450 1392.5
1433460 1392.5
1433470 1392.3
1433480 1388.4
1433490 1388.4
1433500 1384.9
1433510 1384.0
1433520 1384.0
1433530 1383.2
1433540 1382.0
1433550 1382.0
1433560 1381.6
1433570 1382.4
1433580 1384.1
1433590 1384.1
1433600 1386.8
1433610 1390.5
1433620 1390.5
1433630 1392.8
1433640 1394.5
1433650 1394.5
1433660 1397.7
1433670 1401.1
1433680 1401.1
1433690 1404.8
1433700 1408.2
1433710 1408.2
1433720 1409.9
1433730 1411.6
1433740 1411.6
1433750 1413.0
1433760 1414.3
1433770 1414.3
1433780 1414.4
1433790 1415.0
1433800 1415.0
1433810 1415.7
1433820 1417.7
1433830 1418.6
1433840 1418.6
1433850 1418.6
1433860 1420.6
1433870 1420.6
1433880 1424.3
1433890 1433.4
1433900 1433.4
1433910 1442.3
1433920 1451.1
1433930 1451.1
1433940 1459.5
1433950 1465.7
1433960 1465.7
1433970 1467.7
1433980 1469.8
1433990 1469.8
1434000 1476.1
1434010 1481.6
1434020 1481.6
1434030 1488.1
1434040 1494.2
1434050 1494.2
1434060 1500.1
1434070 1505.9
1434080 1505.9
1434090 1511.1
1434100 1516.2
1434110 1520.8
1434120 1520.8
1434130 1525.0
1434140 1527.6
1434150 1527.6
1434160 1528.5
1434170 1529.0
1434180 1529.0
1434190 1528.2
1434200 1527.1
1434210 1527.1
1434220 1525.9
1434230 1524.5
1434240 1524.5
1434250 1522.9
1434260 1521.1
1434270 1521.1
1434280 1518.5
1434290 1515.9
1434300 1515.9
1434310 1512.8
1434320 1509.3
1434330 1509.3
1434340 1505.3
1434350 1500.1
1434360 1493.7
1434370 1493.7
1434380 1487.7
1434390 1483.0
1434400 1483.0
1434410 1478.4
1434420 1472.9
1434430 1472.9
1434440 1467.2
1434450 1462.1
1434460 1462.1
1434470 1456.8
1434480 1451.4
1434490 1451.4
1434500 1445.2
1434510 1437.2
1434520 1437.2
1434530 1428.8
1434540 1421.6
1434550 1421.6
1434560 1415.9
1434570 1408.7
1434580 1408.7
1434590 1403.4
1434600 1399.5
1434610 1396.5
1434620 1396.5
1434630 1395.1
1434640 1391.7
1434650 1391.7
1434660 1385.7
1434670 1379.9
1434680 1379.9
1434690 1374.5
1434700 1369.0
1434710 1369.0
1434720 1362.5
1434730 1358.0
1434740 1358.0
1434750 1355.8
1434760 1351.1
1434770 1351.1
1434780 1347.9
1434790 1345.2
1434800 1345.2
1434810 1342.6
1434820 1339.2
1434830 1339.2
1434840 1336.2
1434850 1333.6
1434860 1330.7
1434870 1330.7
1434880 1328.1
1434890 1326.0
1434900 1326.0
1434910 1324.1
1434920 1321.8
1434930 1321.8
1434940 1319.1
1434950 1316.6
1434960 1316.6
1434970 1314.8
1434980 1311.8
1434990 1311.8
1435000 1307.4
1435010 1302.7
1435020 1302.7
1435030 1299.1
1435040 1296.3
1435050 1296.3
1435060 1292.4
1435070 1289.4
1435080 1289.4
1435090 1287.5
1435100 1285.5
1435110 1285.5
1435120 1283.1
1435130 1280.9
1435140 1278.1
1435150 1278.1
1435160 1273.6
1435170 1272.5
1435180 1272.5
1435190 1267.1
1435200 1260.2
1435210 1260.2
1435220 1256.5
1435230 1259.7
1435240 1259.7
1435250 1266.5
1435260 1271.1
1435270 1271.1
1435280 1273.7
1435290 1274.3
1435300 1274.3
1435310 1277.2
1435320 1282.7
1435330 1282.7
1435340 1287.6
1435350 1292.2
1435360 1292.2
1435370 1295.9
1435380 1298.9
1435390 1301.2
1435400 1301.2
1435410 1303.4
1435420 1306.1
1435430 1306.1
1435440 1310.2
1435450 1315.5
1435460 1315.5
1435470 1319.0
1435480 1321.3
1435490 1321.3
1435500 1323.0
1435510 1324.9
1435520 1324.9
1435530 1328.9
1435540 1332.5
1435550 1332.5
1435560 1333.9
1435570 1338.5
1435580 1338.5
1435590 1342.8
1435600 1345.9
1435610 1345.9
1435620 1346.8
1435630 1350.6
1435640 1356.6
1435650 1356.6
1435660 1364.4
1435670 1371.8
1435680 1371.8
1435690 1373.4
1435700 1376.1
1435710 1376.1
1435720 1377.3
1435730 1378.6
1435740 1378.6
1435750 1386.0
1435760 1394.3
1435770 1394.3
1435780 1399.0
1435790 1401.7
1435800 1401.7
1435810 1408.3
1435820 1413.1
1435830 1413.1
1435840 1420.0
1435850 1424.5
1435860 1424.5
1435870 1436.2
1435880 1443.0
1435890 1450.1
1435900 1450.1
1435910 1456.1
1435920 1461.2
1435930 1461.2
1435940 1466.1
1435950 1472.0
1435960 1472.0
1435970 1477.9
1435980 1483.6
1435990 1483.6
1436000 1489.7
1436010 1496.2
1436020 1496.2
1436030 1502.3
1436040 1508.5
1436050 1508.5
1436060 1515.5
1436070 1522.9
1436080 1522.9
1436090 1531.2
1436100 1541.1
1436110 1541.1
1436120 1550.2
1436130 1557.9
1436140 1557.9
1436150 1567.0
1436160 1575.1
1436170 1581.7
1436180 1581.7
1436190 1589.4
1436200 1597.2
1436210 1597.2
1436220 1604.0
1436230 1609.9
1436240 1609.9
1436250 1615.3
1436260 1620.6
1436270 1620.6
1436280 1626.0
1436290 1631.6
1436300 1631.6
1436310 1638.0
1436320 1645.0
1436330 1645.0
1436340 1651.8
1436350 1658.3
1436360 1658.3
1436370 1664.6
1436380 1670.9
1436390 1670.9
1436400 1677.5
1436410 1682.1
1436420 1683.9
1436430 1683.9
1436440 1686.9
1436450 1691.2
1436460 1691.2
1436470 1693.8
1436480 1694.9
1436490 1694.9
1436500 1695.4
1436510 1696.4
1436520 1696.4
1436530 1697.6
1436540 1699.2
1436550 1699.2
1436560 1700.8
1436570 1702.5
1436580 1702.5
1436590 1703.7
1436600 1705.1
1436610 1705.1
1436620 1707.9
1436630 1710.2
1436640 1710.2
1436650 1710.0
1436660 1708.8
1436670 1709.4
1436680 1709.4
1436690 1709.9
1436700 1710.0
1436710 1710.0
1436720 1710.9
1436730 1713.0
1436740 1713.0
1436750 1713.3
1436760 1715.4
1436770 1715.4
1436780 1718.5
1436790 1720.3
1436800 1720.3
1436810 1722.2
1436820 1723.1
1436830 1723.1
1436840 1722.2
1436850 1722.8
1436860 1722.8
1436870 1725.0
1436880 1727.2
1436890 1727.2
1436900 1728.8
1436910 1731.1
1436920 1734.2
1436930 1734.2
1436940 1737.8
1436950 1737.9
1436960 1737.9
1436970 1738.1
1436980 1737.4
1436990 1737.4
1437000 1734.1
1437010 1728.3
1437020 1728.3
1437030 1723.6
1437040 1721.8
1437050 1721.8
1437060 1721.9
1437070 1721.2
1437080 1721.2
1437090 1720.0
1437100 1719.1
1437110 1719.1
1437120 1718.3
1437130 1717.8
1437140 1717.8
1437150 1717.6
1437160 1716.6
1437170 1716.6
1437180 1714.8
1437190 1713.0
1437200 1711.4
1437210 1711.4
1437220 1710.2
1437230 1709.3
1437240 1709.3
1437250 1708.8
1437260 1708.7
1437270 1708.7
1437280 1708.5
1437290 1707.7
1437300 1707.7
1437310 1704.5
1437320 1698.1
1437330 1698.1
1437340 1692.2
1437350 1686.2
1437360 1686.2
1437370 1679.1
1437380 1673.3
1437390 1673.3
1437400 1670.0
1437410 1666.3
1437420 1666.3
1437430 1661.5
1437440 1656.5
1437450 1650.7
1437460 1650.7
1437470 1646.0
1437480 1642.3
1437490 1642.3
1437500 1639.7
1437510 1637.1
1437520 1637.1
1437530 1634.0
1437540 1628.1
1437550 1628.1
1437560 1620.6
1437570 1613.7
1437580 1613.7
1437590 1607.6
1437600 1606.2
1437610 1606.2
1437620 1608.3
1437630 1603.3
1437640 1603.3
1437650 1598.7
1437660 1594.2
1437670 1594.2
1437680 1588.7
1437690 1583.6
1437700 1579.0
1437710 1579.0
1437720 1574.0
1437730 1568.7
1437740 1568.7
1437750 1562.6
1437760 1555.9
1437770 1555.9
1437780 1549.5
1437790 1542.5
1437800 1542.5
1437810 1534.3
1437820 1527.0
1437830 1527.0
1437840 1519.9
1437850 1509.3
1437860 1509.3
1437870 1496.8
1437880 1489.2
1437890 1489.2
1437900 1481.8
1437910 1475.5
1437920 1475.5
1437930 1467.2
1437940 1459.7
1437950 1452.4
1437960 1452.4
1437970 1445.0
1437980 1438.5
1437990 1438.5
1438000 1432.5
1438010 1428.0
1438020 1428.0
1438030 1422.7
1438040 1417.7
1438050 1417.7
1438060 1411.9
1438070 1406.2
1438080 1406.2
1438090 1400.5
1438100 1394.0
1438110 1394.0
1438120 1388.2
1438130 1382.8
1438140 1382.8
1438150 1378.7
1438160 1375.0
1438170 1375.0
1438180 1370.6
1438190 1366.2
1438200 1366.2
1438210 1362.2
1438220 1357.6
1438230 1352.2
1438240 1352.2
1438250 1347.0
1438260 1342.4
1438270 1342.4
1438280 1338.0
1438290 1333.7
1438300 1333.7
1438310 1329.9
1438320 1326.8
1438330 1326.8
1438340 1322.9
1438350 1318.9
1438360 1318.9
1438370 1314.1
1438380 1309.5
1438390 1309.5
1438400 1303.9
1438410 1297.4
1438420 1297.4
1438430 1291.2
1438440 1285.2
1438450 1285.2
1438460 1280.3
1438470 1276.2
1438480 1272.6
1438490 1272.6
1438500 1268.5
1438510 1264.9
1438520 1264.9
1438530 1263.6
1438540 1263.9
1438550 1263.9
1438560 1266.3
1438570 1265.1
1438580 1265.1
1438590 1263.5
1438600 1261.3
1438610 1261.3
1438620 1257.5
1438630 1252.2
1438640 1252.2
1438650 1245.6
1438660 1238.7
1438670 1238.7
1438680 1231.6
1438690 1225.0
1438700 1225.0
1438710 1218.4
1438720 1211.9
1438730 1205.3
1438740 1205.3
1438750 1197.9
1438760 1190.7
1438770 1190.7
1438780 1183.3
1438790 1175.4
1438800 1175.4
1438810 1168.3
1438820 1161.8
1438830 1161.8
1438840 1155.4
1438850 1150.4
1438860 1150.4
1438870 1146.4
1438880 1142.7
1438890 1142.7
1438900 1138.3
1438910 1133.9
1438920 1133.9
1438930 1129.5
1438940 1124.0
1438950 1124.0
1438960 1117.5
1438970 1112.2
1438980 1106.0
1438990 1106.0
1439000 1101.0
1439010 1097.1
1439020 1097.1
1439030 1094.2
1439040 1089.8
1439050 1089.8
1439060 1088.9
1439070 1089.9
1439080 1089.9
1439090 1092.5
1439100 1097.0
1439110 1097.0
1439120 1100.0
1439130 1102.0
1439140 1102.0
1439150 1104.6
1439160 1107.2
1439170 1107.2
1439180 1110.1
1439190 1112.4
1439200 1112.4
1439210 1113.7
1439220 1114.5
1439230 1114.5
1439240 1117.0
1439250 1119.1
1439260 1120.7
1439270 1120.7
1439280 1124.1
1439290 1126.9
1439300 1126.9
1439310 1129.3
1439320 1132.3
1439330 1132.3
1439340 1135.3
1439350 1138.2
1439360 1138.2
1439370 1141.4
1439380 1144.3
1439390 1144.3
1439400 1148.3
1439410 1151.8
1439420 1151.8
1439430 1154.9
1439440 1157.9
1439450 1157.9
1439460 1161.5
1439470 1165.8
1439480 1165.8
1439490 1169.2
1439500 1173.1
1439510 1178.5
1439520 1178.5
1439530 1183.7
1439540 1188.7
1439550 1188.7
1439560 1194.5
1439570 1201.8
1439580 1201.8
1439590 1210.5
1439600 1219.4
1439610 1219.4
1439620 1229.3
1439630 1240.0
1439640 1240.0
1439650 1250.8
1439660 1263.2
1439670 1263.2
1439680 1277.6
1439690 1283.3
1439700 1283.3
1439710 1285.8
1439720 1288.7
1439730 1288.7
1439740 1293.2
1439750 1299.1
1439760 1303.8
1439770 1303.8
1439780 1306.8
1439790 1309.4
1439800 1309.4
1439810 1312.9
1439820 1316.5
1439830 1316.5
1439840 1319.7
1439850 1322.0
1439860 1322.0
1439870 1323.9
1439880 1326.4
1439890 1326.4
1439900 1329.2
1439910 1332.1
1439920 1332.1
1439930 1335.0
1439940 1338.6
1439950 1338.6
1439960 1342.3
1439970 1347.1
1439980 1347.1
1439990 1352.1
