1420000 873.8
1420010 873.8
1420020 877.3
1420030 879.7
1420040 879.7
1420050 881.7
1420060 883.7
1420070 883.7
1420080 885.7
1420090 886.9
1420100 886.9
1420110 887.3
1420120 888.6
1420130 888.6
1420140 890.6
1420150 893.5
1420160 893.5
1420170 895.9
1420180 898.2
1420190 901.1
1420200 901.1
1420210 904.2
1420220 906.9
1420230 906.9
1420240 908.6
1420250 910.6
1420260 910.6
1420270 912.8
1420280 913.6
1420290 913.6
1420300 914.3
1420310 916.5
1420320 916.5
1420330 919.6
1420340 921.9
1420350 921.9
1420360 923.8
1420370 926.5
1420380 926.5
1420390 932.0
1420400 938.7
1420410 938.7
1420420 946.0
1420430 948.6
1420440 948.6
1420450 949.2
1420460 950.7
1420470 952.2
1420480 952.2
1420490 952.2
1420500 951.9
1420510 951.9
1420520 952.0
1420530 951.5
1420540 951.5
1420550 950.7
1420560 950.3
1420570 950.3
1420580 949.6
1420590 949.6
1420600 949.6
1420610 950.1
1420620 950.6
1420630 950.6
1420640 950.7
1420650 952.0
1420660 952.0
1420670 953.2
1420680 953.0
1420690 953.0
1420700 951.5
1420710 948.7
1420720 943.9
1420730 943.9
1420740 939.0
1420750 935.9
1420760 935.9
1420770 938.6
1420780 944.2
1420790 944.2
1420800 943.7
1420810 943.0
1420820 943.0
1420830 942.3
1420840 941.3
1420850 941.3
1420860 940.8
1420870 941.5
1420880 941.5
1420890 945.8
1420900 950.8
1420910 950.8
1420920 955.6
1420930 960.0
1420940 960.0
1420950 963.2
1420960 966.6
1420970 971.6
1420980 971.6
1420990 975.5
1421000 979.4
1421010 979.4
1421020 984.7
1421030 989.9
1421040 989.9
1421050 995.3
1421060 1001.2
1421070 1001.2
1421080 1004.6
1421090 1007.0
1421100 1007.0
1421110 1007.8
1421120 1007.4
1421130 1007.4
1421140 1007.2
1421150 1007.6
1421160 1007.6
1421170 1007.8
1421180 1008.0
1421190 1008.0
1421200 1008.1
1421210 1007.0
1421220 1005.4
1421230 1005.4
1421240 1005.1
1421250 1004.2
1421260 1004.2
1421270 1003.1
1421280 1002.8
1421290 1002.8
1421300 998.6
1421310 992.2
1421320 992.2
1421330 987.8
1421340 984.2
1421350 984.2
1421360 978.7
1421370 971.3
1421380 971.3
1421390 965.1
1421400 958.6
1421410 958.6
1421420 950.6
1421430 943.0
1421440 943.0
1421450 936.7
1421460 932.3
1421470 932.3
1421480 925.0
1421490 917.8
1421500 911.7
1421510 911.7
1421520 910.9
1421530 923.4
1421540 923.4
1421550 937.7
1421560 946.3
1421570 946.3
1421580 953.9
1421590 957.5
1421600 957.5
1421610 960.4
1421620 965.8
1421630 965.8
1421640 969.0
1421650 976.1
1421660 976.1
1421670 985.6
1421680 993.0
1421690 993.0
1421700 998.9
1421710 1005.2
1421720 1005.2
1421730 1011.6
1421740 1017.4
1421750 1023.6
1421760 1023.6
1421770 1029.3
1421780 1034.6
1421790 1034.6
1421800 1039.2
1421810 1044.3
1421820 1044.3
1421830 1049.3
1421840 1053.1
1421850 1053.1
1421860 1057.5
1421870 1061.9
1421880 1061.9
1421890 1065.1
1421900 1068.5
1421910 1068.5
1421920 1073.4
1421930 1078.5
1421940 1078.5
1421950 1083.4
1421960 1088.6
1421970 1088.6
1421980 1093.5
1421990 1098.1
1422000 1101.9
1422010 1101.9
1422020 1105.3
1422030 1109.6
1422040 1109.6
1422050 1114.2
1422060 1118.0
1422070 1118.0
1422080 1122.3
1422090 1127.3
1422100 1127.3
1422110 1132.8
1422120 1137.2
1422130 1137.2
1422140 1139.4
1422150 1142.7
1422160 1142.7
1422170 1147.6
1422180 1152.6
1422190 1152.6
1422200 1158.7
1422210 1164.6
1422220 1164.6
1422230 1170.2
1422240 1176.7
1422250 1182.8
1422260 1182.8
1422270 1188.2
1422280 1193.5
1422290 1193.5
1422300 1200.3
1422310 1206.9
1422320 1206.9
1422330 1211.3
1422340 1219.6
1422350 1219.6
1422360 1226.7
1422370 1233.3
1422380 1233.3
1422390 1240.0
1422400 1246.4
1422410 1246.4
1422420 1251.0
1422430 1254.9
1422440 1254.9
1422450 1258.2
1422460 1261.4
1422470 1261.4
1422480 1263.9
1422490 1265.8
1422500 1265.8
1422510 1267.5
1422520 1269.5
1422530 1271.3
1422540 1271.3
1422550 1273.2
1422560 1274.6
1422570 1274.6
1422580 1274.4
1422590 1273.4
1422600 1273.4
1422610 1272.9
1422620 1272.9
1422630 1272.9
1422640 1272.4
1422650 1268.4
1422660 1268.4
1422670 1265.5
1422680 1263.4
1422690 1263.4
1422700 1262.3
1422710 1261.4
1422720 1261.4
1422730 1261.2
1422740 1261.0
1422750 1261.0
1422760 1261.0
1422770 1259.5
1422780 1257.7
1422790 1257.7
1422800 1259.3
1422810 1259.7
1422820 1259.7
1422830 1260.3
1422840 1260.6
1422850 1260.6
1422860 1259.9
1422870 1259.4
1422880 1259.4
1422890 1258.9
1422900 1258.6
1422910 1258.6
1422920 1259.0
1422930 1260.7
1422940 1260.7
1422950 1261.4
1422960 1261.4
1422970 1261.4
1422980 1262.0
1422990 1263.9
1423000 1263.9
1423010 1265.5
1423020 1266.3
1423030 1266.5
1423040 1266.5
1423050 1265.7
1423060 1265.1
1423070 1265.1
1423080 1265.6
1423090 1266.2
1423100 1266.2
1423110 1267.3
1423120 1268.0
1423130 1268.0
1423140 1268.9
1423150 1269.0
1423160 1269.0
1423170 1267.6
1423180 1266.2
1423190 1266.2
1423200 1265.4
1423210 1266.9
1423220 1266.9
1423230 1268.0
1423240 1268.5
1423250 1268.5
1423260 1269.6
1423270 1270.9
1423280 1275.2
1423290 1275.2
1423300 1282.6
1423310 1288.0
1423320 1288.0
1423330 1291.7
1423340 1295.9
1423350 1295.9
1423360 1300.0
1423370 1301.6
1423380 1301.6
1423390 1305.2
1423400 1309.8
1423410 1309.8
1423420 1313.2
1423430 1316.4
1423440 1316.4
1423450 1320.7
1423460 1326.0
1423470 1326.0
1423480 1333.8
1423490 1342.6
1423500 1342.6
1423510 1348.6
1423520 1352.8
1423530 1352.8
1423540 1356.0
1423550 1358.2
1423560 1360.6
1423570 1360.6
1423580 1362.4
1423590 1363.6
1423600 1363.6
1423610 1365.1
1423620 1367.8
1423630 1367.8
1423640 1370.0
1423650 1372.2
1423660 1372.2
1423670 1374.5
1423680 1377.2
1423690 1377.2
1423700 1381.0
1423710 1384.1
1423720 1384.1
1423730 1385.7
1423740 1387.6
1423750 1387.6
1423760 1388.5
1423770 1388.5
1423780 1388.5
1423790 1388.4
1423800 1388.4
1423810 1388.3
1423820 1388.3
1423830 1387.7
1423840 1387.1
1423850 1387.1
1423860 1386.6
1423870 1386.0
1423880 1386.0
1423890 1386.0
1423900 1386.5
1423910 1386.5
1423920 1386.6
1423930 1386.0
1423940 1386.0
1423950 1386.2
1423960 1385.4
1423970 1385.4
1423980 1384.0
1423990 1382.7
1424000 1382.7
1424010 1381.7
1424020 1381.6
1424030 1381.6
1424040 1382.4
1424050 1382.5
1424060 1381.2
1424070 1381.2
1424080 1380.1
1424090 1379.4
1424100 1379.4
1424110 1380.1
1424120 1380.2
1424130 1380.2
1424140 1380.4
1424150 1381.4
1424160 1381.4
1424170 1380.3
1424180 1378.6
1424190 1378.6
1424200 1376.2
1424210 1372.3
1424220 1372.3
1424230 1376.2
1424240 1383.5
1424250 1383.5
1424260 1387.2
1424270 1388.9
1424280 1388.9
1424290 1391.5
1424300 1392.7
1424310 1393.8
1424320 1393.8
1424330 1395.6
1424340 1398.7
1424350 1398.7
1424360 1402.1
1424370 1405.0
1424380 1405.0
1424390 1407.3
1424400 1410.3
1424410 1410.3
1424420 1412.4
1424430 1413.3
1424440 1413.3
1424450 1414.4
1424460 1416.9
1424470 1416.9
1424480 1420.3
1424490 1422.2
1424500 1422.2
1424510 1424.8
1424520 1426.9
1424530 1426.9
1424540 1429.1
1424550 1430.7
1424560 1430.7
1424570 1432.1
1424580 1433.7
1424590 1434.9
1424600 1434.9
1424610 1435.2
1424620 1435.3
1424630 1435.3
1424640 1435.3
1424650 1434.8
1424660 1434.8
1424670 1433.6
1424680 1432.2
1424690 1432.2
1424700 1430.9
1424710 1428.7
1424720 1428.7
1424730 1426.8
1424740 1424.6
1424750 1424.6
1424760 1422.0
1424770 1418.7
1424780 1418.7
1424790 1415.4
1424800 1410.9
1424810 1410.9
1424820 1403.9
1424830 1401.8
1424840 1400.7
1424850 1400.7
1424860 1396.1
1424870 1392.7
1424880 1392.7
1424890 1390.9
1424900 1393.1
1424910 1393.1
1424920 1390.9
1424930 1387.5
1424940 1387.5
1424950 1384.6
1424960 1378.8
1424970 1378.8
1424980 1373.5
1424990 1370.1
1425000 1370.1
1425010 1368.7
1425020 1367.2
1425030 1367.2
1425040 1365.5
1425050 1363.6
1425060 1363.6
1425070 1362.3
1425080 1361.6
1425090 1359.9
1425100 1359.9
1425110 1357.3
1425120 1354.1
1425130 1354.1
1425140 1351.2
1425150 1348.1
1425160 1348.1
1425170 1345.1
1425180 1343.0
1425190 1343.0
1425200 1342.0
1425210 1341.8
1425220 1341.8
1425230 1341.7
1425240 1342.4
1425250 1342.4
1425260 1345.4
1425270 1346.9
1425280 1346.9
1425290 1346.6
1425300 1345.5
1425310 1345.5
1425320 1342.8
1425330 1339.2
1425340 1339.2
1425350 1336.0
1425360 1333.4
1425370 1330.3
1425380 1330.3
1425390 1327.5
1425400 1325.4
1425410 1325.4
1425420 1323.6
1425430 1322.0
1425440 1322.0
1425450 1320.5
1425460 1318.3
1425470 1318.3
1425480 1315.9
1425490 1312.6
1425500 1312.6
1425510 1309.2
1425520 1305.2
1425530 1305.2
1425540 1301.5
1425550 1297.0
1425560 1297.0
1425570 1292.1
1425580 1287.7
1425590 1287.7
1425600 1283.5
1425610 1280.5
1425620 1277.4
1425630 1277.4
1425640 1274.0
1425650 1270.5
1425660 1270.5
1425670 1266.2
1425680 1262.9
1425690 1262.9
1425700 1261.1
1425710 1258.7
1425720 1258.7
1425730 1255.4
1425740 1252.4
1425750 1252.4
1425760 1248.8
1425770 1245.1
1425780 1245.1
1425790 1241.5
1425800 1237.7
1425810 1237.7
1425820 1233.7
1425830 1229.6
1425840 1229.6
1425850 1225.9
1425860 1222.0
1425870 1217.9
1425880 1217.9
1425890 1214.2
1425900 1211.1
1425910 1211.1
1425920 1207.3
1425930 1203.1
1425940 1203.1
1425950 1200.0
1425960 1197.4
1425970 1197.4
1425980 1195.9
1425990 1194.0
1426000 1194.0
1426010 1191.5
1426020 1189.0
1426030 1189.0
1426040 1186.2
1426050 1183.6
1426060 1183.6
1426070 1180.5
1426080 1176.0
1426090 1176.0
1426100 1171.5
1426110 1166.7
1426120 1161.7
1426130 1161.7
1426140 1159.1
1426150 1156.8
1426160 1156.8
1426170 1154.6
1426180 1153.3
1426190 1153.3
1426200 1150.3
1426210 1147.0
1426220 1147.0
1426230 1144.9
1426240 1141.9
1426250 1141.9
1426260 1139.0
1426270 1135.4
1426280 1135.4
1426290 1131.5
1426300 1127.8
1426310 1127.8
1426320 1123.6
1426330 1119.8
1426340 1119.8
1426350 1117.0
1426360 1112.4
1426370 1112.4
1426380 1108.8
1426390 1107.0
1426400 1104.7
1426410 1104.7
1426420 1099.4
1426430 1090.9
1426440 1090.9
1426450 1081.3
1426460 1071.5
1426470 1071.5
1426480 1062.5
1426490 1055.6
1426500 1055.6
1426510 1051.0
1426520 1044.0
1426530 1044.0
1426540 1040.7
1426550 1034.6
1426560 1034.6
1426570 1030.5
1426580 1030.3
1426590 1030.3
1426600 1024.1
1426610 1019.3
1426620 1019.3
1426630 1017.9
1426640 1019.0
1426650 1019.8
1426660 1019.8
1426670 1022.6
1426680 1019.2
1426690 1019.2
1426700 1012.7
1426710 1005.7
1426720 1005.7
1426730 997.9
1426740 988.9
1426750 988.9
1426760 980.9
1426770 974.3
1426780 974.3
1426790 967.9
1426800 961.5
1426810 961.5
1426820 955.4
1426830 949.2
1426840 949.2
1426850 942.7
1426860 936.3
1426870 936.3
1426880 929.6
1426890 922.9
1426900 917.3
1426910 917.3
1426920 912.9
1426930 907.6
1426940 907.6
1426950 901.9
1426960 897.1
1426970 897.1
1426980 892.0
1426990 886.1
1427000 886.1
1427010 880.8
1427020 874.5
1427030 874.5
1427040 868.6
1427050 862.9
1427060 862.9
1427070 858.1
1427080 852.8
1427090 852.8
1427100 849.9
1427110 847.9
1427120 847.9
1427130 845.5
1427140 842.9
1427150 840.1
1427160 840.1
1427170 837.4
1427180 834.6
1427190 834.6
1427200 831.9
1427210 829.3
1427220 829.3
1427230 826.5
1427240 824.4
1427250 824.4
1427260 822.3
1427270 820.0
1427280 820.0
1427290 817.8
1427300 815.5
1427310 815.5
1427320 813.2
1427330 810.7
1427340 810.7
1427350 808.5
1427360 806.3
1427370 806.3
1427380 804.2
1427390 801.8
1427400 801.8
1427410 799.7
1427420 798.6
1427430 796.9
1427440 796.9
1427450 795.7
1427460 793.7
1427470 793.7
1427480 791.5
1427490 789.8
1427500 789.8
1427510 788.1
1427520 786.3
1427530 786.3
1427540 782.9
1427550 781.4
1427560 781.4
1427570 780.0
1427580 779.1
1427590 779.1
1427600 778.5
1427610 775.2
1427620 775.2
1427630 776.2
1427640 778.4
1427650 778.4
1427660 780.4
1427670 784.2
1427680 787.1
1427690 787.1
1427700 788.8
1427710 790.1
1427720 790.1
1427730 791.5
1427740 792.6
1427750 792.6
1427760 793.4
1427770 795.1
1427780 795.1
1427790 797.0
1427800 799.0
1427810 799.0
1427820 801.4
1427830 804.7
1427840 804.7
1427850 809.5
1427860 814.4
1427870 814.4
1427880 820.1
1427890 825.6
1427900 825.6
1427910 830.0
1427920 835.4
1427930 838.8
1427940 838.8
1427950 840.7
1427960 842.8
1427970 842.8
1427980 846.0
1427990 851.1
1428000 851.1
1428010 856.0
1428020 859.8
1428030 859.8
1428040 863.2
1428050 866.4
1428060 866.4
1428070 869.8
1428080 873.2
1428090 873.2
1428100 876.3
1428110 879.8
1428120 879.8
1428130 884.0
1428140 886.7
1428150 886.7
1428160 889.1
1428170 891.7
1428180 895.3
1428190 895.3
1428200 899.1
1428210 902.3
1428220 902.3
1428230 905.0
1428240 908.0
1428250 908.0
1428260 911.5
1428270 915.0
1428280 915.0
1428290 918.8
1428300 922.0
1428310 922.0
1428320 924.5
1428330 927.0
1428340 927.0
1428350 930.7
1428360 933.6
1428370 933.6
1428380 937.1
1428390 940.0
1428400 940.0
1428410 942.9
1428420 945.8
1428430 945.8
1428440 948.7
1428450 952.2
1428460 956.2
1428470 956.2
1428480 960.3
1428490 964.6
1428500 964.6
1428510 969.5
1428520 973.5
1428530 973.5
1428540 977.5
1428550 982.6
1428560 982.6
1428570 986.7
1428580 989.4
1428590 989.4
1428600 991.5
1428610 994.3
1428620 994.3
1428630 996.4
1428640 998.4
1428650 998.4
1428660 1000.7
1428670 1003.2
1428680 1003.2
1428690 1005.8
1428700 1009.0
1428710 1010.6
1428720 1010.6
1428730 1013.2
1428740 1017.2
1428750 1017.2
1428760 1020.9
1428770 1024.4
1428780 1024.4
1428790 1027.4
1428800 1028.3
1428810 1028.3
1428820 1029.2
1428830 1029.2
1428840 1029.2
1428850 1030.0
1428860 1031.7
1428870 1031.7
1428880 1033.5
1428890 1039.8
1428900 1039.8
1428910 1049.3
1428920 1057.0
1428930 1057.0
1428940 1063.8
1428950 1071.5
1428960 1079.8
1428970 1079.8
1428980 1087.5
1428990 1092.3
1429000 1092.3
1429010 1097.2
1429020 1102.4
1429030 1102.4
1429040 1107.4
1429050 1114.3
1429060 1114.3
1429070 1121.7
1429080 1128.7
1429090 1128.7
1429100 1138.1
1429110 1148.7
1429120 1148.7
1429130 1160.4
1429140 1172.4
1429150 1172.4
1429160 1183.2
1429170 1191.9
1429180 1191.9
1429190 1201.2
1429200 1208.8
1429210 1216.4
1429220 1216.4
1429230 1223.7
1429240 1229.4
1429250 1229.4
1429260 1235.1
1429270 1240.4
1429280 1240.4
1429290 1245.2
1429300 1249.6
1429310 1249.6
1429320 1249.1
1429330 1252.9
1429340 1252.9
1429350 1257.5
1429360 1262.6
1429370 1262.6
1429380 1267.4
1429390 1272.7
1429400 1272.7
1429410 1277.7
1429420 1282.6
1429430 1282.6
1429440 1287.3
1429450 1292.9
1429460 1299.4
1429470 1299.4
1429480 1305.6
1429490 1311.5
1429500 1311.5
1429510 1317.2
1429520 1322.8
1429530 1322.8
1429540 1327.0
1429550 1328.7
1429560 1328.7
1429570 1331.4
1429580 1336.2
1429590 1336.2
1429600 1336.8
1429610 1335.7
1429620 1335.7
1429630 1337.5
1429640 1337.1
1429650 1337.1
1429660 1335.8
1429670 1341.3
1429680 1341.3
1429690 1348.5
1429700 1352.8
1429710 1352.8
1429720 1358.5
1429730 1369.3
1429740 1374.0
1429750 1374.0
1429760 1376.0
1429770 1377.4
1429780 1377.4
1429790 1379.5
1429800 1382.1
1429810 1382.1
1429820 1384.2
1429830 1387.5
1429840 1387.5
1429850 1390.6
1429860 1394.0
1429870 1394.0
1429880 1397.6
1429890 1400.8
1429900 1400.8
1429910 1403.3
1429920 1405.2
1429930 1405.2
1429940 1406.3
1429950 1406.7
1429960 1406.7
1429970 1406.8
1429980 1406.8
1429990 1406.4
1430000 1406.4
1430010 1405.3
1430020 1403.9
1430030 1403.9
1430040 1402.4
1430050 1400.8
1430060 1400.8
1430070 1399.5
1430080 1397.9
1430090 1397.9
1430100 1397.0
1430110 1396.0
1430120 1396.0
1430130 1394.4
1430140 1392.5
1430150 1392.5
1430160 1392.1
1430170 1391.6
1430180 1391.6
1430190 1391.4
1430200 1391.7
1430210 1391.7
1430220 1391.8
1430230 1391.9
1430240 1391.4
1430250 1391.4
1430260 1390.6
1430270 1389.9
1430280 1389.9
1430290 1389.6
1430300 1389.2
1430310 1389.2
1430320 1387.8
1430330 1386.8
1430340 1386.8
1430350 1385.3
1430360 1384.0
1430370 1384.0
1430380 1383.6
1430390 1383.7
1430400 1383.7
1430410 1383.9
1430420 1382.4
1430430 1382.4
1430440 1382.6
1430450 1383.2
1430460 1383.2
1430470 1384.6
1430480 1386.8
1430490 1390.2
1430500 1390.2
1430510 1392.9
1430520 1394.5
1430530 1394.5
1430540 1396.5
1430550 1397.2
1430560 1397.2
1430570 1398.3
1430580 1398.8
1430590 1398.8
1430600 1398.9
1430610 1398.4
1430620 1398.4
1430630 1397.1
1430640 1394.7
1430650 1394.7
1430660 1392.8
1430670 1399.2
1430680 1399.2
1430690 1405.4
1430700 1410.6
1430710 1410.6
1430720 1416.6
1430730 1422.7
1430740 1422.7
1430750 1426.2
1430760 1429.3
1430770 1432.2
1430780 1432.2
1430790 1435.5
1430800 1438.2
1430810 1438.2
1430820 1440.3
1430830 1441.8
1430840 1441.8
1430850 1442.9
1430860 1443.7
1430870 1443.7
1430880 1443.9
1430890 1444.6
1430900 1444.6
1430910 1444.8
1430920 1445.0
1430930 1445.0
1430940 1444.4
1430950 1443.1
1430960 1443.1
1430970 1442.7
1430980 1442.3
1430990 1442.3
1431000 1441.2
1431010 1440.1
1431020 1438.1
1431030 1438.1
1431040 1435.6
1431050 1432.6
1431060 1432.6
1431070 1429.3
1431080 1426.2
1431090 1426.2
1431100 1423.1
1431110 1419.3
1431120 1419.3
1431130 1415.2
1431140 1411.6
1431150 1411.6
1431160 1408.0
1431170 1403.8
1431180 1403.8
1431190 1398.5
1431200 1394.6
1431210 1394.6
1431220 1392.2
1431230 1390.5
1431240 1390.5
1431250 1389.7
1431260 1387.8
1431270 1385.0
1431280 1385.0
1431290 1382.1
1431300 1379.5
1431310 1379.5
1431320 1377.4
1431330 1374.4
1431340 1374.4
1431350 1372.8
1431360 1370.0
1431370 1370.0
1431380 1367.5
1431390 1365.4
1431400 1365.4
1431410 1363.8
1431420 1362.4
1431430 1362.4
1431440 1361.2
1431450 1359.7
1431460 1359.7
1431470 1358.4
1431480 1356.5
1431490 1356.5
1431500 1352.3
1431510 1345.2
1431520 1339.8
1431530 1339.8
1431540 1335.0
1431550 1330.4
1431560 1330.4
1431570 1329.1
1431580 1326.5
1431590 1326.5
1431600 1323.8
1431610 1321.1
1431620 1321.1
1431630 1319.5
1431640 1320.3
1431650 1320.3
1431660 1320.5
1431670 1323.2
1431680 1323.2
1431690 1318.8
1431700 1314.0
1431710 1314.0
1431720 1309.6
1431730 1304.8
1431740 1304.8
1431750 1299.5
1431760 1294.6
1431770 1294.6
1431780 1289.9
1431790 1284.6
1431800 1278.6
1431810 1278.6
1431820 1272.3
1431830 1265.4
1431840 1265.4
1431850 1257.6
1431860 1253.7
1431870 1253.7
1431880 1253.1
1431890 1252.5
1431900 1252.5
1431910 1251.8
1431920 1251.1
1431930 1251.1
1431940 1249.5
1431950 1245.3
1431960 1245.3
1431970 1242.3
1431980 1241.8
1431990 1241.8
1432000 1244.5
1432010 1248.0
1432020 1248.0
1432030 1253.5
1432040 1258.7
1432050 1262.8
1432060 1262.8
1432070 1265.0
1432080 1265.3
1432090 1265.3
1432100 1269.5
1432110 1274.3
1432120 1274.3
1432130 1278.0
1432140 1281.0
1432150 1281.0
1432160 1283.9
1432170 1287.1
1432180 1287.1
1432190 1287.9
1432200 1288.6
1432210 1288.6
1432220 1292.1
1432230 1296.2
1432240 1296.2
1432250 1298.7
1432260 1301.9
1432270 1301.9
1432280 1307.2
1432290 1313.0
1432300 1318.1
1432310 1318.1
1432320 1322.9
1432330 1327.2
1432340 1327.2
1432350 1330.1
1432360 1332.4
1432370 1332.4
1432380 1333.0
1432390 1334.3
1432400 1334.3
1432410 1338.7
1432420 1344.7
1432430 1344.7
1432440 1353.0
1432450 1359.6
1432460 1359.6
1432470 1364.4
1432480 1367.9
1432490 1367.9
1432500 1368.3
1432510 1372.9
1432520 1372.9
1432530 1377.9
1432540 1382.7
1432550 1386.6
1432560 1386.6
1432570 1389.9
1432580 1392.3
1432590 1392.3
1432600 1396.3
1432610 1402.5
1432620 1402.5
1432630 1407.8
1432640 1412.6
1432650 1412.6
1432660 1417.3
1432670 1421.9
1432680 1421.9
1432690 1426.4
1432700 1431.0
1432710 1431.0
1432720 1435.3
1432730 1439.4
1432740 1439.4
1432750 1443.7
1432760 1447.8
1432770 1447.8
1432780 1451.8
1432790 1456.3
1432800 1456.3
1432810 1460.6
1432820 1464.9
1432830 1469.3
1432840 1469.3
1432850 1473.5
1432860 1477.6
1432870 1477.6
1432880 1481.0
1432890 1484.1
1432900 1484.1
1432910 1486.4
1432920 1488.6
1432930 1488.6
1432940 1490.8
1432950 1493.0
1432960 1493.0
1432970 1494.3
1432980 1494.8
1432990 1494.8
1433000 1493.9
1433010 1491.0
1433020 1491.0
1433030 1487.4
1433040 1483.6
1433050 1483.6
1433060 1479.0
1433070 1472.4
1433080 1466.0
1433090 1466.0
1433100 1459.4
1433110 1451.8
1433120 1451.8
1433130 1445.4
1433140 1439.6
1433150 1439.6
1433160 1434.1
1433170 1428.3
1433180 1428.3
1433190 1423.6
1433200 1420.0
1433210 1420.0
1433220 1417.2
1433230 1414.8
1433240 1414.8
1433250 1412.8
1433260 1411.7
1433270 1411.7
1433280 1410.3
1433290 1409.1
1433300 1409.1
1433310 1407.0
1433320 1405.3
1433330 1403.5
1433340 1403.5
1433350 1401.2
1433360 1398.6
1433370 1398.6
1433380 1398.2
1433390 1397.5
1433400 1397.5
1433410 1397.2
1433420 1396.2
1433430 1396.2
1433440 1393.7
1433450 1392.5
1433460 1392.5
1433470 1392.3
1433480 1388.4
1433490 1388.4
1433500 1384.9
1433510 1384.0
1433520 1384.0
1433530 1383.2
1433540 1382.0
1433550 1382.0
1433560 1381.6
1433570 1382.4
1433580 1384.1
1433590 1384.1
1433600 1386.8
1433610 1390.5
1433620 1390.5
1433630 1392.8
1433640 1394.5
1433650 1394.5
1433660 1397.7
1433670 1401.1
1433680 1401.1
1433690 1404.8
1433700 1408.2
1433710 1408.2
1433720 1409.9
1433730 1411.6
1433740 1411.6
1433750 1413.0
1433760 1414.3
1433770 1414.3
1433780 1414.4
1433790 1415.0
1433800 1415.0
1433810 1415.7
1433820 1417.7
1433830 1417.7
1433840 1418.6
1433850 1418.6
1433860 1420.6
1433870 1420.6
1433880 1424.3
1433890 1433.4
1433900 1433.4
1433910 1442.3
1433920 1451.1
1433930 1451.1
1433940 1459.5
1433950 1465.7
1433960 1465.7
1433970 1467.7
1433980 1469.8
1433990 1469.8
1434000 1476.1
1434010 1481.6
1434020 1481.6
1434030 1488.1
1434040 1494.2
1434050 1494.2
1434060 1500.1
1434070 1505.9
1434080 1505.9
1434090 1511.1
1434100 1516.2
1434110 1520.8
1434120 1520.8
1434130 1524.4
1434140 1527.4
1434150 1527.4
1434160 1529.8
1434170 1532.4
1434180 1532.4
1434190 1532.7
1434200 1531.9
1434210 1531.9
1434220 1529.2
1434230 1526.8
1434240 1526.8
1434250 1524.8
1434260 1522.5
1434270 1522.5
1434280 1520.2
1434290 1517.7
1434300 1517.7
1434310 1515.0
1434320 1511.7
1434330 1511.7
1434340 1508.1
1434350 1502.8
1434360 1496.5
1434370 1496.5
1434380 1490.7
1434390 1485.7
1434400 1485.7
1434410 1480.7
1434420 1475.6
1434430 1475.6
1434440 1470.4
1434450 1465.8
1434460 1465.8
1434470 1459.9
1434480 1453.7
1434490 1453.7
1434500 1447.6
1434510 1440.4
1434520 1440.4
1434530 1432.5
1434540 1425.9
1434550 1425.9
1434560 1419.8
1434570 1413.5
1434580 1413.5
1434590 1408.6
1434600 1405.2
1434610 1402.7
1434620 1402.7
1434630 1399.9
1434640 1396.1
1434650 1396.1
1434660 1391.0
1434670 1385.0
1434680 1385.0
1434690 1378.7
1434700 1372.4
1434710 1372.4
1434720 1364.0
1434730 1358.3
1434740 1358.3
1434750 1356.4
1434760 1351.3
1434770 1351.3
1434780 1347.7
1434790 1344.4
1434800 1344.4
1434810 1341.6
1434820 1338.6
1434830 1338.6
1434840 1336.1
1434850 1334.2
1434860 1334.2
1434870 1332.0
1434880 1329.6
1434890 1327.4
1434900 1327.4
1434910 1325.1
1434920 1322.4
1434930 1322.4
1434940 1319.8
1434950 1317.4
1434960 1317.4
1434970 1314.7
1434980 1310.6
1434990 1310.6
1435000 1306.3
1435010 1302.9
1435020 1302.9
1435030 1300.0
1435040 1296.8
1435050 1296.8
1435060 1293.6
1435070 1291.0
1435080 1291.0
1435090 1288.5
1435100 1286.1
1435110 1286.1
1435120 1283.7
1435130 1280.8
1435140 1277.6
1435150 1277.6
1435160 1277.1
1435170 1274.5
1435180 1274.5
1435190 1267.3
1435200 1261.2
1435210 1261.2
1435220 1258.3
1435230 1261.3
1435240 1261.3
1435250 1266.5
1435260 1272.8
1435270 1272.8
1435280 1274.7
1435290 1276.8
1435300 1276.8
1435310 1279.7
1435320 1284.8
1435330 1284.8
1435340 1290.7
1435350 1295.7
1435360 1295.7
1435370 1298.8
1435380 1302.0
1435390 1304.5
1435400 1304.5
1435410 1307.6
1435420 1311.4
1435430 1311.4
1435440 1314.2
1435450 1318.4
1435460 1318.4
1435470 1322.3
1435480 1325.2
1435490 1325.2
1435500 1327.1
1435510 1329.7
1435520 1329.7
1435530 1333.8
1435540 1335.1
1435550 1335.1
1435560 1339.4
1435570 1343.4
1435580 1343.4
1435590 1347.9
1435600 1350.9
1435610 1350.9
1435620 1351.6
1435630 1353.8
1435640 1359.6
1435650 1359.6
1435660 1367.1
1435670 1377.0
1435680 1377.0
1435690 1382.2
1435700 1382.7
1435710 1382.7
1435720 1384.8
1435730 1385.3
1435740 1385.3
1435750 1388.6
1435760 1392.6
1435770 1392.6
1435780 1399.8
1435790 1405.7
1435800 1405.7
1435810 1412.1
1435820 1418.2
1435830 1418.2
1435840 1424.7
1435850 1430.8
1435860 1430.8
1435870 1436.2
1435880 1443.0
1435890 1443.0
1435900 1450.1
1435910 1456.1
1435920 1461.2
1435930 1461.2
1435940 1466.1
1435950 1472.0
1435960 1472.0
1435970 1477.9
1435980 1483.6
1435990 1483.6
1436000 1489.7
1436010 1496.2
1436020 1496.2
1436030 1502.3
1436040 1508.5
1436050 1508.5
1436060 1515.5
1436070 1522.9
1436080 1522.9
1436090 1531.2
1436100 1541.1
1436110 1541.1
1436120 1550.2
1436130 1557.9
1436140 1557.9
1436150 1567.0
1436160 1575.1
1436170 1581.7
1436180 1581.7
1436190 1589.4
1436200 1597.2
1436210 1597.2
1436220 1604.0
1436230 1609.9
1436240 1609.9
1436250 1615.3
1436260 1620.6
1436270 1620.6
1436280 1626.0
1436290 1631.6
1436300 1631.6
1436310 1638.0
1436320 1645.0
1436330 1645.0
1436340 1651.8
1436350 1658.3
1436360 1658.3
1436370 1664.6
1436380 1670.9
1436390 1670.9
1436400 1677.5
1436410 1682.1
1436420 1683.9
1436430 1683.9
1436440 1686.9
1436450 1691.2
1436460 1691.2
1436470 1693.8
1436480 1694.9
1436490 1694.9
1436500 1695.4
1436510 1696.4
1436520 1696.4
1436530 1697.6
1436540 1699.2
1436550 1699.2
1436560 1700.8
1436570 1702.5
1436580 1702.5
1436590 1703.7
1436600 1705.1
1436610 1705.1
1436620 1707.9
1436630 1710.2
1436640 1710.2
1436650 1710.0
1436660 1708.8
1436670 1709.4
1436680 1709.4
1436690 1709.9
1436700 1710.0
1436710 1710.0
1436720 1721.6
1436730 1724.2
1436740 1724.2
1436750 1724.3
1436760 1725.4
1436770 1725.4
1436780 1730.0
1436790 1734.4
1436800 1734.4
1436810 1735.5
1436820 1733.7
1436830 1733.7
1436840 1731.1
1436850 1730.4
1436860 1730.4
1436870 1733.0
1436880 1736.0
1436890 1736.0
1436900 1738.9
1436910 1739.7
1436920 1739.7
1436930 1741.6
1436940 1744.0
1436950 1745.5
1436960 1745.5
1436970 1745.1
1436980 1741.6
1436990 1741.6
1437000 1736.3
1437010 1732.1
1437020 1732.1
1437030 1729.6
1437040 1728.4
1437050 1728.4
1437060 1727.7
1437070 1726.7
1437080 1726.7
1437090 1725.1
1437100 1723.8
1437110 1723.8
1437120 1722.6
1437130 1721.0
1437140 1721.0
1437150 1720.1
1437160 1718.5
1437170 1718.5
1437180 1716.4
1437190 1714.7
1437200 1713.0
1437210 1713.0
1437220 1711.9
1437230 1711.6
1437240 1711.6
1437250 1711.4
1437260 1711.2
1437270 1711.2
1437280 1710.4
1437290 1707.8
1437300 1707.8
1437310 1701.0
1437320 1693.9
1437330 1693.9
1437340 1687.0
1437350 1681.3
1437360 1681.3
1437370 1675.5
1437380 1671.2
1437390 1671.2
1437400 1669.0
1437410 1664.5
1437420 1664.5
1437430 1658.0
1437440 1651.9
1437450 1645.6
1437460 1645.6
1437470 1638.3
1437480 1632.7
1437490 1632.7
1437500 1628.9
1437510 1624.7
1437520 1624.7
1437530 1622.3
1437540 1618.9
1437550 1618.9
1437560 1611.8
1437570 1605.8
1437580 1605.8
1437590 1598.7
1437600 1596.2
1437610 1596.2
1437620 1595.4
1437630 1588.1
1437640 1588.1
1437650 1585.3
1437660 1586.6
1437670 1586.6
1437680 1587.2
1437690 1583.0
1437700 1576.6
1437710 1576.6
1437720 1570.6
1437730 1566.7
1437740 1566.7
1437750 1561.4
1437760 1554.3
1437770 1554.3
1437780 1546.8
1437790 1538.6
1437800 1538.6
1437810 1531.1
1437820 1522.7
1437830 1522.7
1437840 1511.9
1437850 1500.4
1437860 1500.4
1437870 1493.5
1437880 1486.8
1437890 1486.8
1437900 1480.7
1437910 1473.2
1437920 1473.2
1437930 1464.3
1437940 1457.3
1437950 1457.3
1437960 1450.4
1437970 1443.6
1437980 1437.1
1437990 1437.1
1438000 1431.8
1438010 1427.5
1438020 1427.5
1438030 1422.5
1438040 1417.8
1438050 1417.8
1438060 1412.0
1438070 1405.8
1438080 1405.8
1438090 1400.4
1438100 1394.2
1438110 1394.2
1438120 1388.5
1438130 1383.2
1438140 1383.2
1438150 1378.8
1438160 1375.1
1438170 1375.1
1438180 1370.8
1438190 1366.1
1438200 1366.1
1438210 1361.6
1438220 1356.6
1438230 1351.2
1438240 1351.2
1438250 1346.2
1438260 1341.4
1438270 1341.4
1438280 1336.9
1438290 1332.9
1438300 1332.9
1438310 1329.1
1438320 1325.5
1438330 1325.5
1438340 1321.6
1438350 1317.5
1438360 1317.5
1438370 1312.5
1438380 1306.6
1438390 1306.6
1438400 1300.7
1438410 1295.4
1438420 1295.4
1438430 1289.9
1438440 1284.2
1438450 1284.2
1438460 1279.8
1438470 1275.8
1438480 1272.1
1438490 1272.1
1438500 1268.6
1438510 1266.8
1438520 1266.8
1438530 1267.0
1438540 1267.1
1438550 1267.1
1438560 1266.3
1438570 1265.1
1438580 1265.1
1438590 1263.5
1438600 1261.3
1438610 1261.3
1438620 1257.5
1438630 1252.2
1438640 1252.2
1438650 1245.6
1438660 1238.7
1438670 1238.7
1438680 1231.6
1438690 1225.0
1438700 1225.0
1438710 1218.4
1438720 1211.9
1438730 1205.3
1438740 1205.3
1438750 1197.9
1438760 1190.7
1438770 1190.7
1438780 1183.3
1438790 1175.4
1438800 1175.4
1438810 1168.3
1438820 1161.8
1438830 1161.8
1438840 1155.4
1438850 1150.4
1438860 1150.4
1438870 1146.4
1438880 1142.7
1438890 1142.7
1438900 1138.3
1438910 1133.9
1438920 1133.9
1438930 1129.5
1438940 1124.0
1438950 1124.0
1438960 1117.5
1438970 1112.2
1438980 1112.2
1438990 1106.0
1439000 1101.0
1439010 1097.1
1439020 1097.1
1439030 1094.2
1439040 1089.8
1439050 1089.8
1439060 1088.9
1439070 1089.9
1439080 1089.9
1439090 1092.5
1439100 1097.0
1439110 1097.0
1439120 1100.0
1439130 1102.0
1439140 1102.0
1439150 1104.6
1439160 1107.2
1439170 1107.2
1439180 1110.1
1439190 1112.4
1439200 1112.4
1439210 1113.7
1439220 1114.5
1439230 1114.5
1439240 1117.0
1439250 1119.1
1439260 1120.7
1439270 1120.7
1439280 1124.1
1439290 1126.9
1439300 1126.9
1439310 1129.3
1439320 1132.3
1439330 1132.3
1439340 1135.3
1439350 1138.2
1439360 1138.2
1439370 1141.4
1439380 1144.3
1439390 1144.3
1439400 1148.3
1439410 1151.8
1439420 1151.8
1439430 1154.9
1439440 1157.9
1439450 1157.9
1439460 1162.3
1439470 1165.7
1439480 1165.7
1439490 1169.8
1439500 1173.7
1439510 1178.2
1439520 1178.2
1439530 1182.6
1439540 1187.9
1439550 1187.9
1439560 1193.2
1439570 1199.1
1439580 1199.1
1439590 1207.5
1439600 1216.1
1439610 1216.1
1439620 1224.8
1439630 1234.6
1439640 1234.6
1439650 1244.2
1439660 1254.9
1439670 1254.9
1439680 1264.8
1439690 1270.5
1439700 1270.5
1439710 1276.2
1439720 1281.6
1439730 1281.6
1439740 1286.8
1439750 1292.3
1439760 1297.4
1439770 1297.4
1439780 1302.3
1439790 1306.4
1439800 1306.4
1439810 1310.3
1439820 1314.0
1439830 1314.0
1439840 1317.0
1439850 1318.7
1439860 1318.7
1439870 1319.8
1439880 1321.8
1439890 1321.8
1439900 1324.5
1439910 1327.7
1439920 1327.7
1439930 1331.2
1439940 1335.1
1439950 1335.1
1439960 1339.1
1439970 1343.5
1439980 1343.5
1439990 1348.0
