1420000 761.4
1420010 761.4
1420020 761.5
1420030 761.6
1420040 761.6
1420050 761.7
1420060 761.8
1420070 761.8
1420080 761.9
1420090 762.9
1420100 762.9
1420110 765.3
1420120 765.1
1420130 765.1
1420140 763.1
1420150 762.9
1420160 762.9
1420170 763.3
1420180 763.7
1420190 763.7
1420200 764.4
1420210 764.0
1420220 763.0
1420230 763.0
1420240 764.0
1420250 764.0
1420260 764.0
1420270 764.0
1420280 763.9
1420290 763.9
1420300 763.8
1420310 763.9
1420320 763.9
1420330 764.0
1420340 764.0
1420350 764.0
1420360 763.9
1420370 763.1
1420380 763.1
1420390 762.4
1420400 762.4
1420410 762.4
1420420 762.5
1420430 762.5
1420440 762.5
1420450 762.4
1420460 762.5
1420470 762.5
1420480 762.5
1420490 762.5
1420500 762.4
1420510 762.4
1420520 762.3
1420530 762.3
1420540 762.3
1420550 762.4
1420560 762.4
1420570 762.4
1420580 762.2
1420590 762.1
1420600 762.1
1420610 762.0
1420620 762.0
1420630 762.0
1420640 762.3
1420650 762.5
1420660 762.5
1420670 762.6
1420680 762.7
1420690 762.7
1420700 762.7
1420710 762.7
1420720 762.8
1420730 762.8
1420740 762.9
1420750 763.0
1420760 763.0
1420770 763.3
1420780 763.5
1420790 763.5
1420800 763.5
1420810 763.4
1420820 763.4
1420830 763.4
1420840 763.4
1420850 763.4
1420860 763.5
1420870 763.2
1420880 763.2
1420890 763.1
1420900 763.1
1420910 763.1
1420920 763.1
1420930 763.1
1420940 763.1
1420950 763.2
1420960 763.3
1420970 763.5
1420980 763.7
1420990 763.8
1421000 763.7
1421010 763.7
1421020 763.7
1421030 763.7
1421040 763.7
1421050 763.8
1421060 763.9
1421070 763.9
1421080 763.9
1421090 764.0
1421100 764.0
1421110 764.0
1421120 764.0
1421130 764.0
1421140 764.0
1421150 764.0
1421160 764.0
1421170 764.0
1421180 764.1
1421190 764.1
1421200 764.2
1421210 764.2
1421220 764.2
1421230 764.3
1421240 764.3
1421250 764.2
1421260 764.2
1421270 764.1
1421280 764.0
1421290 764.0
1421300 764.0
1421310 764.0
1421320 764.0
1421330 764.1
1421340 764.1
1421350 764.1
1421360 764.2
1421370 764.0
1421380 764.0
1421390 764.4
1421400 764.3
1421410 764.3
1421420 764.2
1421430 764.2
1421440 764.2
1421450 764.4
1421460 764.5
1421470 764.5
1421480 764.7
1421490 764.8
1421500 764.8
1421510 765.0
1421520 765.2
1421530 765.4
1421540 765.4
1421550 765.6
1421560 765.9
1421570 765.9
1421580 766.3
1421590 766.7
1421600 766.7
1421610 767.2
1421620 767.7
1421630 767.7
1421640 768.3
1421650 768.9
1421660 768.9
1421670 769.5
1421680 770.1
1421690 770.1
1421700 771.2
1421710 772.1
1421720 772.1
1421730 773.5
1421740 776.1
1421750 776.1
1421760 778.5
1421770 780.3
1421780 782.5
1421790 782.5
1421800 785.1
1421810 788.6
1421820 788.6
1421830 791.3
1421840 793.4
1421850 793.4
1421860 796.4
1421870 799.1
1421880 799.1
1421890 800.6
1421900 801.7
1421910 801.7
1421920 802.7
1421930 804.1
1421940 804.1
1421950 806.3
1421960 809.0
1421970 809.0
1421980 812.0
1421990 815.3
1422000 815.3
1422010 818.5
1422020 820.6
1422030 822.2
1422040 822.2
1422050 824.2
1422060 827.0
1422070 827.0
1422080 829.2
1422090 831.0
1422100 831.0
1422110 833.7
1422120 837.2
1422130 837.2
1422140 839.1
1422150 839.8
1422160 839.8
1422170 840.5
1422180 841.3
1422190 841.3
1422200 841.4
1422210 841.4
1422220 841.4
1422230 841.6
1422240 842.4
1422250 842.4
1422260 842.3
1422270 841.9
1422280 841.9
1422290 841.4
1422300 841.0
1422310 840.3
1422320 840.3
1422330 839.1
1422340 839.3
1422350 839.3
1422360 839.3
1422370 839.8
1422380 839.8
1422390 840.6
1422400 840.4
1422410 840.4
1422420 840.3
1422430 840.9
1422440 840.9
1422450 842.0
1422460 843.5
1422470 843.5
1422480 845.0
1422490 846.0
1422500 846.0
1422510 845.9
1422520 846.3
1422530 846.3
1422540 847.3
1422550 849.1
1422560 852.1
1422570 852.1
1422580 854.7
1422590 856.9
1422600 856.9
1422610 859.3
1422620 863.1
1422630 863.1
1422640 865.7
1422650 867.9
1422660 867.9
1422670 869.5
1422680 870.5
1422690 870.5
1422700 871.6
1422710 872.8
1422720 872.8
1422730 873.7
1422740 874.9
1422750 874.9
1422760 875.5
1422770 876.0
1422780 876.0
1422790 877.1
1422800 879.1
1422810 881.1
1422820 881.1
1422830 882.7
1422840 884.4
1422850 884.4
1422860 885.9
1422870 887.0
1422880 887.0
1422890 887.4
1422900 887.7
1422910 887.7
1422920 887.9
1422930 888.4
1422940 888.4
1422950 889.0
1422960 889.7
1422970 889.7
1422980 890.2
1422990 890.8
1423000 890.8
1423010 895.2
1423020 896.1
1423030 896.1
1423040 896.2
1423050 896.5
1423060 896.5
1423070 897.2
1423080 897.5
1423090 897.6
1423100 897.6
1423110 897.8
1423120 897.9
1423130 897.9
1423140 898.5
1423150 899.0
1423160 899.0
1423170 899.3
1423180 900.0
1423190 900.0
1423200 901.2
1423210 901.7
1423220 901.7
1423230 900.8
1423240 898.1
1423250 898.1
1423260 894.3
1423270 888.2
1423280 888.2
1423290 881.5
1423300 873.6
1423310 873.6
1423320 870.7
1423330 876.7
1423340 883.2
1423350 883.2
1423360 887.8
1423370 890.7
1423380 890.7
1423390 893.2
1423400 895.7
1423410 895.7
1423420 898.2
1423430 900.2
1423440 900.2
1423450 901.7
1423460 903.0
1423470 903.0
1423480 903.4
1423490 903.9
1423500 903.9
1423510 904.9
1423520 905.5
1423530 905.5
1423540 905.8
1423550 906.1
1423560 906.1
1423570 907.2
1423580 907.7
1423590 908.1
1423600 908.1
1423610 908.3
1423620 908.5
1423630 908.5
1423640 909.7
1423650 910.7
1423660 910.7
1423670 910.9
1423680 911.3
1423690 911.3
1423700 912.2
1423710 913.5
1423720 913.5
1423730 914.9
1423740 916.7
1423750 916.7
1423760 918.5
1423770 919.2
1423780 919.2
1423790 921.4
1423800 923.1
1423810 923.1
1423820 924.8
1423830 926.1
1423840 926.1
1423850 927.1
1423860 927.8
1423870 928.8
1423880 928.8
1423890 930.1
1423900 930.8
1423910 930.8
1423920 930.9
1423930 931.1
1423940 931.1
1423950 931.2
1423960 932.0
1423970 932.0
1423980 933.1
1423990 933.3
1424000 933.3
1424010 933.6
1424020 934.3
1424030 934.3
1424040 934.1
1424050 932.8
1424060 932.8
1424070 932.8
1424080 931.3
1424090 931.3
1424100 929.6
1424110 929.4
1424120 930.8
1424130 930.8
1424140 932.2
1424150 933.0
1424160 933.0
1424170 933.9
1424180 934.5
1424190 934.5
1424200 934.8
1424210 934.8
1424220 934.8
1424230 934.5
1424240 933.8
1424250 933.8
1424260 933.3
1424270 933.1
1424280 933.1
1424290 933.5
1424300 933.6
1424310 933.6
1424320 933.9
1424330 933.8
1424340 933.8
1424350 933.8
1424360 933.9
1424370 933.9
1424380 933.9
1424390 934.0
1424400 933.4
1424410 933.4
1424420 933.4
1424430 933.4
1424440 933.4
1424450 932.9
1424460 932.4
1424470 932.4
1424480 929.3
1424490 926.6
1424500 926.6
1424510 924.9
1424520 924.6
1424530 924.6
1424540 923.6
1424550 921.8
1424560 921.8
1424570 919.1
1424580 914.7
1424590 914.7
1424600 909.2
1424610 901.0
1424620 901.0
1424630 893.0
1424640 884.0
1424650 884.6
1424660 884.6
1424670 893.7
1424680 903.1
1424690 903.1
1424700 911.1
1424710 918.6
1424720 918.6
1424730 924.9
1424740 930.3
1424750 930.3
1424760 933.1
1424770 935.6
1424780 935.6
1424790 940.0
1424800 946.6
1424810 946.6
1424820 953.7
1424830 958.0
1424840 958.0
1424850 959.4
1424860 960.2
1424870 960.2
1424880 960.3
1424890 959.5
1424900 960.5
1424910 960.5
1424920 962.1
1424930 963.8
1424940 963.8
1424950 964.3
1424960 964.4
1424970 964.4
1424980 965.2
1424990 966.9
1425000 966.9
1425010 969.5
1425020 972.7
1425030 972.7
1425040 975.6
1425050 977.9
1425060 977.9
1425070 980.7
1425080 983.9
1425090 983.9
1425100 987.2
1425110 990.7
1425120 990.7
1425130 993.4
1425140 995.7
1425150 995.7
1425160 995.9
1425170 995.3
1425180 994.8
1425190 994.8
1425200 995.5
1425210 997.2
1425220 997.2
1425230 997.6
1425240 997.2
1425250 997.2
1425260 996.8
1425270 995.0
1425280 995.0
1425290 989.1
1425300 982.0
1425310 982.0
1425320 977.8
1425330 976.4
1425340 976.4
1425350 974.7
1425360 972.1
1425370 972.1
1425380 968.8
1425390 967.8
1425400 967.8
1425410 967.3
1425420 967.0
1425430 966.7
1425440 966.7
1425450 966.5
1425460 966.6
1425470 966.6
1425480 966.6
1425490 965.8
1425500 965.8
1425510 964.3
1425520 961.8
1425530 961.8
1425540 959.8
1425550 958.0
1425560 958.0
1425570 956.4
1425580 955.3
1425590 955.3
1425600 954.6
1425610 954.0
1425620 954.0
1425630 954.1
1425640 954.4
1425650 954.4
1425660 955.5
1425670 956.2
1425680 957.4
1425690 957.4
1425700 958.6
1425710 960.0
1425720 960.0
1425730 962.1
1425740 963.5
1425750 963.5
1425760 966.5
1425770 966.8
1425780 966.8
1425790 965.6
1425800 964.4
1425810 964.4
1425820 961.8
1425830 959.7
1425840 959.7
1425850 959.2
1425860 957.9
1425870 957.9
1425880 956.3
1425890 954.9
1425900 954.9
1425910 953.3
1425920 951.8
1425930 951.8
1425940 949.7
1425950 947.0
1425960 945.2
1425970 945.2
1425980 943.7
1425990 942.4
1426000 942.4
1426010 941.2
1426020 940.7
1426030 940.7
1426040 941.6
1426050 943.7
1426060 943.7
1426070 944.7
1426080 944.6
1426090 944.6
1426100 942.7
1426110 941.4
1426120 941.4
1426130 940.3
1426140 938.3
1426150 938.3
1426160 936.2
1426170 933.6
1426180 933.6
1426190 931.4
1426200 930.8
1426210 931.4
1426220 931.4
1426230 932.3
1426240 935.0
1426250 935.0
1426260 937.2
1426270 938.8
1426280 938.8
1426290 938.9
1426300 936.9
1426310 936.9
1426320 938.1
1426330 937.5
1426340 937.5
1426350 937.3
1426360 937.7
1426370 937.7
1426380 938.3
1426390 939.2
1426400 939.2
1426410 938.9
1426420 937.5
1426430 937.5
1426440 938.1
1426450 938.2
1426460 939.3
1426470 939.3
1426480 939.7
1426490 938.7
1426500 938.7
1426510 936.9
1426520 935.4
1426530 935.4
1426540 934.2
1426550 932.6
1426560 932.6
1426570 931.5
1426580 931.6
1426590 931.6
1426600 931.4
1426610 931.5
1426620 931.5
1426630 932.1
1426640 932.6
1426650 932.6
1426660 933.1
1426670 933.8
1426680 933.8
1426690 935.1
1426700 937.0
1426710 937.0
1426720 938.1
1426730 935.6
1426740 933.2
1426750 933.2
1426760 931.0
1426770 929.2
1426780 929.2
1426790 926.1
1426800 922.9
1426810 922.9
1426820 919.6
1426830 918.4
1426840 918.4
1426850 916.4
1426860 917.2
1426870 917.2
1426880 916.9
1426890 916.7
1426900 916.7
1426910 916.2
1426920 918.7
1426930 918.7
1426940 921.6
1426950 924.8
1426960 924.8
1426970 927.3
1426980 928.0
1426990 927.6
1427000 927.6
1427010 926.6
1427020 925.2
1427030 925.2
1427040 924.3
1427050 923.2
1427060 923.2
1427070 921.8
1427080 920.0
1427090 920.0
1427100 918.0
1427110 916.5
1427120 916.5
1427130 914.8
1427140 913.0
1427150 913.0
1427160 910.8
1427170 908.6
1427180 908.6
1427190 907.0
1427200 905.5
1427210 905.5
1427220 903.8
1427230 902.2
1427240 900.9
1427250 900.9
1427260 899.6
1427270 898.1
1427280 898.1
1427290 900.8
1427300 898.5
1427310 898.5
1427320 896.1
1427330 893.4
1427340 893.4
1427350 891.3
1427360 889.5
1427370 889.5
1427380 887.8
1427390 886.4
1427400 886.4
1427410 884.8
1427420 882.5
1427430 882.5
1427440 878.4
1427450 873.5
1427460 873.5
1427470 868.7
1427480 864.6
1427490 864.6
1427500 860.6
1427510 855.8
1427520 850.3
1427530 850.3
1427540 844.5
1427550 838.8
1427560 838.8
1427570 833.8
1427580 829.1
1427590 829.1
1427600 824.3
1427610 819.0
1427620 819.0
1427630 813.8
1427640 809.1
1427650 809.1
1427660 803.8
1427670 798.7
1427680 798.7
1427690 793.4
1427700 790.0
1427710 790.0
1427720 785.3
1427730 781.2
1427740 781.2
1427750 778.0
1427760 774.4
1427770 771.8
1427780 771.8
1427790 771.7
1427800 771.3
1427810 771.3
1427820 768.3
1427830 765.7
1427840 765.7
1427850 764.9
1427860 762.7
1427870 762.7
1427880 760.5
1427890 757.7
1427900 757.7
1427910 755.9
1427920 757.4
1427930 757.4
1427940 758.5
1427950 758.5
1427960 758.5
1427970 759.3
1427980 759.2
1427990 759.2
1428000 758.8
1428010 758.6
1428020 758.6
1428030 758.6
1428040 758.5
1428050 758.4
1428060 758.4
1428070 758.4
1428080 758.7
1428090 758.7
1428100 760.6
1428110 762.4
1428120 762.4
1428130 764.9
1428140 768.6
1428150 768.6
1428160 773.0
1428170 775.6
1428180 775.6
1428190 778.3
1428200 781.8
1428210 781.8
1428220 784.5
1428230 786.8
1428240 786.8
1428250 788.8
1428260 790.3
1428270 790.3
1428280 791.6
1428290 792.4
1428300 792.9
1428310 792.9
1428320 792.7
1428330 792.0
1428340 792.0
1428350 790.4
1428360 788.4
1428370 788.4
1428380 787.1
1428390 786.0
1428400 786.0
1428410 784.9
1428420 783.4
1428430 783.4
1428440 782.6
1428450 781.9
1428460 781.9
1428470 781.2
1428480 780.9
1428490 780.9
1428500 780.5
1428510 780.9
1428520 780.9
1428530 781.0
1428540 781.2
1428550 781.4
1428560 781.4
1428570 780.9
1428580 780.4
1428590 780.4
1428600 779.9
1428610 779.6
1428620 779.6
1428630 780.0
1428640 780.3
1428650 780.3
1428660 780.3
1428670 780.5
1428680 780.5
1428690 780.7
1428700 781.1
1428710 781.1
1428720 781.6
1428730 782.2
1428740 782.2
1428750 782.9
1428760 783.6
1428770 783.6
1428780 784.4
1428790 785.4
1428800 785.4
1428810 786.3
1428820 787.3
1428830 788.3
1428840 788.3
1428850 789.4
1428860 790.6
1428870 790.6
1428880 791.9
1428890 793.3
1428900 793.3
1428910 794.6
1428920 796.4
1428930 796.4
1428940 798.8
1428950 800.4
1428960 800.4
1428970 801.6
1428980 803.5
1428990 803.5
1429000 806.6
1429010 810.2
1429020 810.2
1429030 814.0
1429040 816.9
1429050 816.9
1429060 818.8
1429070 820.1
1429080 821.9
1429090 821.9
1429100 824.4
1429110 826.9
1429120 826.9
1429130 828.6
1429140 830.0
1429150 830.0
1429160 831.4
1429170 834.3
1429180 834.3
1429190 836.1
1429200 838.2
1429210 838.2
1429220 839.7
1429230 841.5
1429240 841.5
1429250 845.1
1429260 848.4
1429270 848.4
1429280 850.6
1429290 853.6
1429300 853.6
1429310 857.9
1429320 860.8
1429330 862.1
1429340 862.1
1429350 864.7
1429360 868.2
1429370 868.2
1429380 869.8
1429390 869.8
1429400 869.8
1429410 869.4
1429420 871.9
1429430 871.9
1429440 876.8
1429450 883.7
1429460 883.7
1429470 889.3
1429480 894.8
1429490 894.8
1429500 901.1
1429510 906.1
1429520 906.1
1429530 910.0
1429540 914.7
1429550 917.9
1429560 921.1
1429570 923.0
1429580 923.0
1429590 925.1
1429600 926.1
1429610 926.2
1429620 926.2
1429630 925.4
1429640 925.3
1429650 925.3
1429660 928.4
1429670 932.5
1429680 932.5
1429690 937.1
1429700 941.2
1429710 941.2
1429720 945.2
1429730 949.4
1429740 949.4
1429750 951.9
1429760 954.8
1429770 954.8
1429780 955.8
1429790 957.8
1429800 957.8
1429810 958.4
1429820 957.9
1429830 957.9
1429840 956.8
1429850 954.2
1429860 951.1
1429870 951.1
1429880 949.1
1429890 946.9
1429900 946.9
1429910 945.6
1429920 945.7
1429930 945.7
1429940 947.1
1429950 949.9
1429960 949.9
1429970 950.4
1429980 951.0
1429990 951.0
1430000 951.0
1430010 950.9
1430020 950.9
1430030 951.0
1430040 950.7
1430050 950.7
1430060 950.2
1430070 949.4
1430080 949.4
1430090 948.7
1430100 947.9
1430110 947.3
1430120 947.3
1430130 946.6
1430140 946.5
1430150 946.5
1430160 947.0
1430170 947.7
1430180 947.7
1430190 948.2
1430200 949.2
1430210 949.2
1430220 950.9
1430230 953.0
1430240 953.0
1430250 955.0
1430260 957.3
1430270 957.3
1430280 958.3
1430290 959.8
1430300 959.8
1430310 962.4
1430320 962.9
1430330 962.9
1430340 963.1
1430350 963.5
1430360 963.5
1430370 963.3
1430380 960.3
1430390 958.9
1430400 958.9
1430410 958.7
1430420 960.8
1430430 960.8
1430440 961.3
1430450 959.3
1430460 959.3
1430470 958.2
1430480 955.7
1430490 955.7
1430500 955.4
1430510 955.3
1430520 955.3
1430530 951.0
1430540 946.3
1430550 946.3
1430560 941.0
1430570 934.8
1430580 934.8
1430590 930.8
1430600 925.0
1430610 925.0
1430620 919.3
1430630 912.8
1430640 904.7
1430650 904.7
1430660 894.9
1430670 888.0
1430680 888.0
1430690 887.3
1430700 891.7
1430710 891.7
1430720 895.7
1430730 897.9
1430740 897.9
1430750 899.5
1430760 903.0
1430770 903.0
1430780 908.9
1430790 914.0
1430800 914.0
1430810 917.9
1430820 920.9
1430830 920.9
1430840 920.6
1430850 921.1
1430860 921.1
1430870 923.6
1430880 925.0
1430890 925.4
1430900 925.4
1430910 929.9
1430920 929.6
1430930 929.6
1430940 930.9
1430950 929.3
1430960 929.3
1430970 925.4
1430980 920.0
1430990 920.0
1431000 917.9
1431010 919.6
1431020 919.6
1431030 924.2
1431040 929.0
1431050 929.0
1431060 933.0
1431070 933.7
1431080 933.7
1431090 933.1
1431100 932.3
1431110 932.3
1431120 931.3
1431130 930.4
1431140 930.4
1431150 929.3
1431160 928.3
1431170 927.0
1431180 927.0
1431190 925.2
1431200 923.3
1431210 923.3
1431220 921.8
1431230 921.0
1431240 921.0
1431250 920.9
1431260 921.1
1431270 921.1
1431280 920.6
1431290 920.1
1431300 920.1
1431310 920.5
1431320 920.9
1431330 920.9
1431340 920.6
1431350 920.5
1431360 920.5
1431370 920.7
1431380 920.5
1431390 920.5
1431400 920.8
1431410 921.1
1431420 921.4
1431430 921.4
1431440 918.0
1431450 915.5
1431460 915.5
1431470 911.4
1431480 908.9
1431490 908.9
1431500 902.5
1431510 898.2
1431520 898.2
1431530 894.6
1431540 889.2
1431550 889.2
1431560 883.6
1431570 880.4
1431580 880.4
1431590 883.3
1431600 893.0
1431610 893.0
1431620 904.7
1431630 913.8
1431640 913.8
1431650 925.8
1431660 933.3
1431670 937.1
1431680 937.1
1431690 938.7
1431700 940.3
1431710 940.3
1431720 941.5
1431730 942.9
1431740 942.9
1431750 944.6
1431760 947.5
1431770 947.5
1431780 950.5
1431790 953.2
1431800 953.2
1431810 955.0
1431820 957.3
1431830 957.3
1431840 959.8
1431850 962.1
1431860 962.1
1431870 964.4
1431880 965.5
1431890 965.5
1431900 964.8
1431910 971.8
1431920 971.8
1431930 973.0
1431940 974.0
1431950 974.6
1431960 974.6
1431970 975.9
1431980 978.2
1431990 978.2
1432000 980.0
1432010 981.6
1432020 981.6
1432030 982.8
1432040 984.4
1432050 984.4
1432060 986.1
1432070 987.1
1432080 987.1
1432090 986.8
1432100 986.6
1432110 986.6
1432120 987.4
1432130 988.2
1432140 988.2
1432150 988.5
1432160 988.6
1432170 988.6
1432180 988.3
1432190 987.9
1432200 986.8
1432210 986.8
1432220 986.7
1432230 987.5
1432240 987.5
1432250 989.4
1432260 989.7
1432270 989.7
1432280 992.1
1432290 994.3
1432300 994.3
1432310 996.1
1432320 998.2
1432330 998.2
1432340 1000.3
1432350 1001.7
1432360 1001.7
1432370 1002.8
1432380 1005.8
1432390 1005.8
1432400 1006.8
1432410 1008.2
1432420 1008.2
1432430 1008.9
1432440 1008.4
1432450 1008.6
1432460 1008.6
1432470 1010.1
1432480 1008.9
1432490 1008.9
1432500 1000.4
1432510 986.3
1432520 986.3
1432530 976.3
1432540 976.1
1432550 976.1
1432560 978.7
1432570 983.6
1432580 983.6
1432590 989.8
1432600 990.3
1432610 990.3
1432620 988.7
1432630 986.7
1432640 986.7
1432650 982.6
1432660 977.4
1432670 977.4
1432680 971.5
1432690 966.7
1432700 966.7
1432710 958.9
1432720 953.5
1432730 946.7
1432740 946.7
1432750 943.4
1432760 950.1
1432770 950.1
1432780 958.6
1432790 967.0
1432800 967.0
1432810 975.6
1432820 984.5
1432830 984.5
1432840 993.8
1432850 1004.3
1432860 1004.3
1432870 1011.1
1432880 1016.7
1432890 1016.7
1432900 1019.1
1432910 1020.6
1432920 1020.6
1432930 1021.9
1432940 1022.8
1432950 1022.8
1432960 1024.1
1432970 1024.9
1432980 1024.9
1432990 1024.9
1433000 1026.7
1433010 1027.6
1433020 1027.6
1433030 1028.0
1433040 1028.4
1433050 1028.4
1433060 1028.6
1433070 1029.4
1433080 1029.4
1433090 1030.2
1433100 1030.3
1433110 1030.3
1433120 1030.6
1433130 1030.8
1433140 1030.8
1433150 1030.6
1433160 1030.1
1433170 1030.1
1433180 1030.3
1433190 1030.7
1433200 1030.7
1433210 1031.0
1433220 1031.1
1433230 1031.2
1433240 1031.2
1433250 1031.2
1433260 1031.2
1433270 1031.2
1433280 1031.2
1433290 1031.1
1433300 1031.1
1433310 1031.0
1433320 1031.3
1433330 1031.3
1433340 1031.6
1433350 1032.1
1433360 1032.1
1433370 1032.5
1433380 1032.0
1433390 1032.0
1433400 1030.9
1433410 1029.0
1433420 1029.0
1433430 1026.2
1433440 1023.7
1433450 1023.7
1433460 1021.2
1433470 1016.7
1433480 1016.7
1433490 1014.6
1433500 1015.4
1433510 1014.1
1433520 1014.1
1433530 1007.3
1433540 998.0
1433550 998.0
1433560 988.4
1433570 981.3
1433580 981.3
1433590 980.0
1433600 987.4
1433610 987.4
1433620 998.4
1433630 1006.7
1433640 1006.7
1433650 1013.1
1433660 1019.3
1433670 1019.3
1433680 1025.6
1433690 1031.2
1433700 1031.2
1433710 1035.2
1433720 1040.3
1433730 1040.3
1433740 1048.2
1433750 1056.2
1433760 1064.2
1433770 1064.2
1433780 1071.9
1433790 1075.8
1433800 1075.8
1433810 1077.7
1433820 1079.1
1433830 1079.1
1433840 1080.5
1433850 1081.9
1433860 1081.9
1433870 1082.8
1433880 1083.9
1433890 1083.9
1433900 1085.1
1433910 1086.7
1433920 1086.7
1433930 1088.6
1433940 1089.9
1433950 1089.9
1433960 1091.2
1433970 1093.3
1433980 1093.3
1433990 1095.4
1434000 1097.1
1434010 1098.8
1434020 1098.8
1434030 1100.7
1434040 1102.5
1434050 1102.5
1434060 1103.8
1434070 1105.1
1434080 1105.1
1434090 1106.7
1434100 1108.0
1434110 1108.0
1434120 1109.1
1434130 1110.2
1434140 1110.2
1434150 1111.4
1434160 1112.3
1434170 1112.3
1434180 1113.4
1434190 1114.6
1434200 1114.6
1434210 1115.7
1434220 1116.5
1434230 1116.5
1434240 1117.2
1434250 1117.4
1434260 1117.4
1434270 1117.4
1434280 1117.6
1434290 1118.8
1434300 1118.8
1434310 1120.1
1434320 1120.3
1434330 1120.3
1434340 1120.4
1434350 1121.1
1434360 1121.1
1434370 1122.0
1434380 1122.6
1434390 1126.1
1434400 1126.5
1434410 1127.5
1434420 1127.5
1434430 1128.6
1434440 1130.1
1434450 1130.1
1434460 1131.4
1434470 1132.5
1434480 1132.5
1434490 1133.4
1434500 1134.0
1434510 1134.0
1434520 1134.2
1434530 1134.6
1434540 1134.7
1434550 1134.7
1434560 1134.7
1434570 1134.8
1434580 1134.8
1434590 1135.7
1434600 1136.8
1434610 1136.8
1434620 1136.8
1434630 1137.3
1434640 1137.3
1434650 1137.5
1434660 1137.5
1434670 1137.5
1434680 1136.9
1434690 1136.4
1434700 1136.4
1434710 1136.3
1434720 1135.7
1434730 1135.7
1434740 1134.6
1434750 1134.2
1434760 1134.2
1434770 1133.2
1434780 1130.5
1434790 1130.5
1434800 1128.7
1434810 1127.7
1434820 1126.5
1434830 1126.5
1434840 1124.9
1434850 1123.9
1434860 1123.9
1434870 1123.2
1434880 1122.1
1434890 1122.1
1434900 1121.3
1434910 1120.1
1434920 1120.1
1434930 1118.7
1434940 1117.6
1434950 1117.6
1434960 1116.5
1434970 1115.0
1434980 1115.0
1434990 1113.3
1435000 1111.6
1435010 1111.6
1435020 1109.6
1435030 1107.5
1435040 1107.5
1435050 1105.0
1435060 1103.1
1435070 1101.3
1435080 1101.3
1435090 1099.6
1435100 1097.9
1435110 1097.9
1435120 1096.0
1435130 1093.1
1435140 1093.1
1435150 1090.6
1435160 1088.4
1435170 1088.4
1435180 1086.1
1435190 1083.0
1435200 1083.0
1435210 1080.1
1435220 1076.4
1435230 1076.4
1435240 1072.6
1435250 1070.4
1435260 1070.4
1435270 1065.2
1435280 1060.8
1435290 1060.8
1435300 1056.0
1435310 1053.5
1435320 1050.8
1435330 1050.8
1435340 1049.9
1435350 1049.0
1435360 1049.0
1435370 1043.6
1435380 1037.2
1435390 1037.2
1435400 1030.8
1435410 1024.6
1435420 1024.6
1435430 1019.1
1435440 1012.3
1435450 1012.3
1435460 1004.8
1435470 998.4
1435480 998.4
1435490 998.1
1435500 1007.3
1435510 1007.3
1435520 1020.8
1435530 1031.4
1435540 1031.4
1435550 1040.5
1435560 1047.5
1435570 1047.5
1435580 1055.3
1435590 1061.8
1435600 1066.2
1435610 1066.2
1435620 1070.7
1435630 1074.2
1435640 1074.2
1435650 1077.4
1435660 1080.2
1435670 1080.2
1435680 1083.0
1435690 1085.9
1435700 1085.9
1435710 1087.6
1435720 1089.1
1435730 1089.1
1435740 1090.3
1435750 1092.9
1435760 1092.9
1435770 1094.9
1435780 1096.7
1435790 1096.7
1435800 1098.1
1435810 1099.4
1435820 1099.4
1435830 1100.8
1435840 1102.4
1435850 1104.1
1435860 1104.1
1435870 1105.4
1435880 1106.4
1435890 1106.4
1435900 1107.5
1435910 1108.9
1435920 1108.9
1435930 1110.4
1435940 1111.7
1435950 1111.7
1435960 1112.9
1435970 1114.4
1435980 1114.4
1435990 1116.6
1436000 1117.8
1436010 1117.8
1436020 1118.7
1436030 1119.8
1436040 1119.8
1436050 1119.9
1436060 1120.7
1436070 1120.7
1436080 1121.6
1436090 1122.4
1436100 1123.1
1436110 1123.1
1436120 1123.5
1436130 1123.3
1436140 1123.3
1436150 1121.8
1436160 1120.9
1436170 1120.9
1436180 1121.1
1436190 1122.1
1436200 1122.1
1436210 1123.2
1436220 1123.8
1436230 1123.8
1436240 1124.1
1436250 1124.4
1436260 1124.4
1436270 1126.0
1436280 1126.7
1436290 1126.7
1436300 1126.8
1436310 1126.2
1436320 1126.2
1436330 1125.3
1436340 1126.7
1436350 1126.7
1436360 1126.7
1436370 1126.6
1436380 1126.9
1436390 1126.9
1436400 1127.5
1436410 1128.3
1436420 1128.3
1436430 1128.0
1436440 1125.4
1436450 1125.4
1436460 1120.3
1436470 1114.4
1436480 1114.4
1436490 1111.2
1436500 1111.1
1436510 1111.1
1436520 1118.3
1436530 1126.6
1436540 1126.6
1436550 1133.1
1436560 1135.7
1436570 1135.7
1436580 1136.9
1436590 1137.7
1436600 1137.7
1436610 1138.6
1436620 1139.3
1436630 1139.7
1436640 1139.7
1436650 1141.1
1436660 1141.8
1436670 1141.8
1436680 1142.2
1436690 1142.6
1436700 1142.6
1436710 1143.4
1436720 1144.5
1436730 1144.5
1436740 1144.9
1436750 1144.3
1436760 1144.3
1436770 1145.1
1436780 1145.0
1436790 1145.0
1436800 1144.9
1436810 1146.0
1436820 1146.0
1436830 1148.2
1436840 1150.0
1436850 1150.0
1436860 1152.3
1436870 1153.9
1436880 1154.6
1436890 1154.6
1436900 1155.2
1436910 1156.1
1436920 1156.1
1436930 1157.6
1436940 1159.0
1436950 1159.0
1436960 1160.0
1436970 1161.2
1436980 1161.2
1436990 1164.6
1437000 1166.4
1437010 1166.4
1437020 1167.7
1437030 1168.4
1437040 1168.4
1437050 1168.9
1437060 1169.3
1437070 1169.3
1437080 1169.9
1437090 1169.9
1437100 1169.9
1437110 1169.7
1437120 1170.3
1437130 1170.3
1437140 1171.2
1437150 1171.9
1437160 1172.4
1437170 1172.4
1437180 1172.2
1437190 1171.4
1437200 1171.4
1437210 1170.3
1437220 1169.9
1437230 1169.9
1437240 1169.8
1437250 1170.4
1437260 1170.4
1437270 1171.2
1437280 1171.9
1437290 1171.9
1437300 1172.1
1437310 1172.4
1437320 1172.4
1437330 1172.7
1437340 1173.1
1437350 1173.1
1437360 1173.5
1437370 1173.7
1437380 1173.7
1437390 1173.6
1437400 1173.4
1437410 1173.4
1437420 1173.4
1437430 1173.5
1437440 1173.1
1437450 1173.1
1437460 1172.2
1437470 1171.4
1437480 1171.4
1437490 1171.1
1437500 1171.0
1437510 1171.0
1437520 1172.2
1437530 1173.6
1437540 1173.6
1437550 1173.5
1437560 1174.1
1437570 1174.1
1437580 1174.2
1437590 1173.9
1437600 1173.9
1437610 1173.8
1437620 1174.0
1437630 1174.0
1437640 1174.1
1437650 1173.9
1437660 1173.7
1437670 1173.7
1437680 1173.9
1437690 1174.4
1437700 1174.4
1437710 1174.5
1437720 1174.2
1437730 1174.2
1437740 1174.7
1437750 1175.4
1437760 1175.4
1437770 1175.7
1437780 1175.7
1437790 1175.7
1437800 1175.5
1437810 1175.1
1437820 1175.1
1437830 1174.7
1437840 1174.2
1437850 1174.2
1437860 1173.2
1437870 1171.8
1437880 1171.8
1437890 1171.6
1437900 1171.4
1437910 1171.4
1437920 1170.4
1437930 1169.8
1437940 1169.4
1437950 1169.4
1437960 1169.1
1437970 1168.7
1437980 1168.7
1437990 1168.2
1438000 1167.4
1438010 1167.4
1438020 1166.7
1438030 1166.2
1438040 1166.2
1438050 1165.1
1438060 1163.4
1438070 1163.4
1438080 1161.4
1438090 1158.4
1438100 1158.4
1438110 1155.6
1438120 1152.9
1438130 1152.9
1438140 1149.7
1438150 1146.4
1438160 1146.4
1438170 1143.1
1438180 1138.7
1438190 1131.3
1438200 1131.3
1438210 1122.7
1438220 1115.2
1438230 1115.2
1438240 1109.0
1438250 1104.9
1438260 1104.9
1438270 1099.7
1438280 1095.9
1438290 1095.9
1438300 1092.7
1438310 1090.0
1438320 1090.0
1438330 1088.4
1438340 1087.7
1438350 1087.7
1438360 1086.1
1438370 1084.3
1438380 1084.3
1438390 1081.3
1438400 1079.0
1438410 1079.0
1438420 1075.9
1438430 1071.8
1438440 1068.8
1438450 1068.8
1438460 1065.8
1438470 1062.6
1438480 1062.6
1438490 1058.9
1438500 1055.3
1438510 1055.3
1438520 1052.4
1438530 1051.6
1438540 1051.6
1438550 1049.3
1438560 1047.4
1438570 1047.4
1438580 1044.7
1438590 1041.7
1438600 1041.7
1438610 1038.9
1438620 1035.5
1438630 1035.5
1438640 1032.5
1438650 1030.4
1438660 1030.4
1438670 1027.3
1438680 1024.4
1438690 1024.4
1438700 1020.5
1438710 1014.0
1438720 1005.7
1438730 1005.7
1438740 999.9
1438750 996.4
1438760 996.4
1438770 994.5
1438780 992.4
1438790 992.4
1438800 989.8
1438810 987.2
1438820 987.2
1438830 982.7
1438840 976.9
1438850 976.9
1438860 970.3
1438870 963.9
1438880 963.9
1438890 953.6
1438900 943.8
1438910 943.8
1438920 936.2
1438930 929.7
1438940 929.7
1438950 924.5
1438960 919.3
1438970 913.9
1438980 913.9
1438990 910.5
1439000 911.5
1439010 911.5
1439020 923.6
1439030 934.4
1439040 934.4
1439050 943.2
1439060 947.0
1439070 947.0
1439080 949.2
1439090 953.5
1439100 953.5
1439110 958.2
1439120 964.6
1439130 964.6
1439140 971.4
1439150 977.7
1439160 977.7
1439170 981.5
1439180 986.1
1439190 986.1
1439200 992.9
1439210 1002.2
1439220 1011.6
1439230 1011.6
1439240 1018.7
1439250 1018.6
1439260 1018.6
1439270 1016.0
1439280 1013.3
1439290 1013.3
1439300 1014.0
1439310 1016.7
1439320 1016.7
1439330 1020.8
1439340 1024.0
1439350 1024.0
1439360 1027.5
1439370 1031.8
1439380 1031.8
1439390 1036.3
1439400 1040.8
1439410 1040.8
1439420 1044.8
1439430 1049.7
1439440 1049.7
1439450 1054.2
1439460 1059.0
1439470 1059.0
1439480 1063.5
1439490 1066.3
1439500 1069.7
1439510 1069.7
1439520 1073.6
1439530 1076.8
1439540 1076.8
1439550 1081.1
1439560 1083.5
1439570 1083.5
1439580 1090.4
1439590 1097.5
1439600 1097.5
1439610 1102.0
1439620 1106.1
1439630 1106.1
1439640 1109.3
1439650 1112.4
1439660 1112.4
1439670 1115.0
1439680 1117.8
1439690 1117.8
1439700 1121.2
1439710 1124.2
1439720 1124.2
1439730 1127.1
1439740 1129.9
1439750 1135.0
1439760 1135.0
1439770 1137.0
1439780 1140.0
1439790 1140.0
1439800 1142.6
1439810 1145.4
1439820 1145.4
1439830 1148.9
1439840 1152.0
1439850 1152.0
1439860 1155.1
1439870 1157.5
1439880 1157.5
1439890 1157.7
1439900 1158.4
1439910 1158.4
1439920 1161.3
1439930 1163.7
1439940 1163.7
1439950 1165.8
1439960 1167.4
1439970 1167.4
1439980 1169.6
1439990 1171.1
