1420000 757.8
1420010 757.9
1420020 757.1
1420030 757.1
1420040 758.4
1420050 758.3
1420060 758.0
1420070 758.0
1420080 757.8
1420090 757.7
1420100 757.7
1420110 757.6
1420120 757.6
1420130 757.6
1420140 757.5
1420150 757.5
1420160 757.5
1420170 757.4
1420180 757.2
1420190 757.2
1420200 756.8
1420210 756.5
1420220 756.5
1420230 756.3
1420240 756.2
1420250 756.2
1420260 756.2
1420270 756.1
1420280 756.1
1420290 756.0
1420300 756.0
1420310 755.9
1420320 755.9
1420330 755.8
1420340 755.7
1420350 755.7
1420360 755.7
1420370 755.6
1420380 755.6
1420390 755.6
1420400 755.6
1420410 755.6
1420420 755.6
1420430 755.6
1420440 755.6
1420450 755.5
1420460 755.6
1420470 755.6
1420480 755.5
1420490 755.5
1420500 755.5
1420510 755.5
1420520 755.5
1420530 755.5
1420540 755.5
1420550 755.5
1420560 755.5
1420570 755.5
1420580 755.5
1420590 755.6
1420600 755.6
1420610 755.6
1420620 755.7
1420630 755.7
1420640 755.6
1420650 755.5
1420660 755.5
1420670 755.6
1420680 755.5
1420690 755.5
1420700 755.5
1420710 755.5
1420720 755.5
1420730 755.5
1420740 755.5
1420750 755.5
1420760 755.5
1420770 755.5
1420780 755.5
1420790 755.5
1420800 755.4
1420810 755.4
1420820 755.4
1420830 755.3
1420840 755.4
1420850 755.4
1420860 755.3
1420870 755.2
1420880 755.2
1420890 755.2
1420900 755.2
1420910 755.2
1420920 755.2
1420930 755.2
1420940 755.2
1420950 755.2
1420960 755.3
1420970 755.3
1420980 755.3
1420990 755.3
1421000 755.3
1421010 755.4
1421020 755.4
1421030 755.4
1421040 755.5
1421050 755.5
1421060 755.5
1421070 755.6
1421080 755.6
1421090 755.6
1421100 755.6
1421110 755.6
1421120 755.6
1421130 755.6
1421140 755.7
1421150 755.8
1421160 755.8
1421170 755.9
1421180 756.0
1421190 756.0
1421200 756.1
1421210 756.1
1421220 756.1
1421230 756.2
1421240 755.7
1421250 755.7
1421260 754.0
1421270 752.7
1421280 752.7
1421290 752.5
1421300 752.5
1421310 752.5
1421320 753.0
1421330 754.7
1421340 754.7
1421350 755.9
1421360 756.0
1421370 755.8
1421380 755.8
1421390 755.7
1421400 755.6
1421410 755.6
1421420 755.6
1421430 755.5
1421440 755.5
1421450 755.2
1421460 755.1
1421470 755.1
1421480 755.1
1421490 755.1
1421500 755.1
1421510 755.2
1421520 755.1
1421530 755.1
1421540 755.0
1421550 755.1
1421560 755.1
1421570 755.2
1421580 755.3
1421590 755.3
1421600 755.2
1421610 755.0
1421620 755.1
1421630 755.1
1421640 755.1
1421650 755.0
1421660 755.0
1421670 754.7
1421680 754.4
1421690 754.4
1421700 754.9
1421710 755.1
1421720 755.1
1421730 754.9
1421740 754.6
1421750 754.6
1421760 754.4
1421770 754.4
1421780 754.4
1421790 754.4
1421800 754.4
1421810 754.4
1421820 754.2
1421830 754.8
1421840 754.8
1421850 755.0
1421860 754.5
1421870 754.5
1421880 754.1
1421890 754.1
1421900 754.1
1421910 754.1
1421920 754.1
1421930 754.2
1421940 754.2
1421950 754.4
1421960 754.0
1421970 754.0
1421980 754.6
1421990 755.1
1422000 755.1
1422010 754.4
1422020 754.0
1422030 754.9
1422040 754.2
1422050 754.2
1422060 754.2
1422070 754.2
1422080 754.2
1422090 754.2
1422100 754.2
1422110 754.1
1422120 754.1
1422130 754.1
1422140 753.8
1422150 753.7
1422160 753.7
1422170 753.9
1422180 753.9
1422190 753.9
1422200 754.0
1422210 753.9
1422220 753.9
1422230 753.7
1422240 753.6
1422250 753.6
1422260 753.6
1422270 753.4
1422280 753.4
1422290 753.7
1422300 754.4
1422310 754.4
1422320 754.3
1422330 753.6
1422340 753.6
1422350 752.8
1422360 751.9
1422370 751.9
1422380 751.7
1422390 751.7
1422400 751.7
1422410 751.7
1422420 751.7
1422430 752.4
1422440 752.4
1422450 753.1
1422460 753.3
1422470 753.3
1422480 753.3
1422490 753.3
1422500 753.3
1422510 753.3
1422520 753.2
1422530 753.2
1422540 753.2
1422550 753.2
1422560 753.2
1422570 753.1
1422580 753.1
1422590 753.1
1422600 753.0
1422610 752.9
1422620 752.9
1422630 752.9
1422640 752.9
1422650 752.9
1422660 752.8
1422670 752.8
1422680 752.9
1422690 752.9
1422700 752.9
1422710 753.0
1422720 753.0
1422730 753.1
1422740 753.2
1422750 753.2
1422760 753.3
1422770 753.3
1422780 753.3
1422790 753.2
1422800 752.9
1422810 752.9
1422820 752.8
1422830 752.7
1422840 752.7
1422850 752.6
1422860 752.9
1422870 752.9
1422880 753.6
1422890 753.6
1422900 753.6
1422910 753.4
1422920 753.3
1422930 753.3
1422940 753.3
1422950 753.3
1422960 753.3
1422970 753.3
1422980 753.3
1422990 753.3
1423000 753.3
1423010 753.2
1423020 753.2
1423030 753.2
1423040 753.2
1423050 753.3
1423060 753.3
1423070 753.3
1423080 753.2
1423090 753.2
1423100 752.9
1423110 752.9
1423120 752.9
1423130 753.0
1423140 753.0
1423150 753.0
1423160 753.1
1423170 753.3
1423180 753.3
1423190 753.6
1423200 753.0
1423210 753.1
1423220 753.1
1423230 752.7
1423240 751.6
1423250 751.6
1423260 751.6
1423270 752.1
1423280 752.1
1423290 752.9
1423300 752.9
1423310 752.9
1423320 752.8
1423330 752.8
1423340 752.8
1423350 753.0
1423360 752.9
1423370 752.9
1423380 752.8
1423390 752.8
1423400 752.8
1423410 752.8
1423420 752.8
1423430 752.8
1423440 752.7
1423450 752.6
1423460 752.6
1423470 752.6
1423480 752.5
1423490 752.4
1423500 752.4
1423510 752.5
1423520 752.7
1423530 752.7
1423540 752.7
1423550 752.6
1423560 752.6
1423570 752.6
1423580 752.6
1423590 752.6
1423600 752.6
1423610 752.5
1423620 752.5
1423630 752.4
1423640 752.4
1423650 752.4
1423660 752.3
1423670 752.3
1423680 752.3
1423690 752.2
1423700 752.1
1423710 752.1
1423720 752.0
1423730 751.9
1423740 751.9
1423750 751.9
1423760 752.0
1423770 752.0
1423780 752.0
1423790 752.1
1423800 752.1
1423810 752.1
1423820 752.1
1423830 752.2
1423840 752.2
1423850 752.1
1423860 752.0
1423870 752.0
1423880 751.9
1423890 752.0
1423900 752.0
1423910 752.0
1423920 751.9
1423930 751.9
1423940 751.9
1423950 752.0
1423960 752.0
1423970 752.0
1423980 752.0
1423990 751.9
1424000 751.9
1424010 751.9
1424020 751.9
1424030 751.9
1424040 751.9
1424050 751.9
1424060 751.9
1424070 751.9
1424080 751.9
1424090 751.9
1424100 751.9
1424110 751.9
1424120 751.9
1424130 752.0
1424140 752.2
1424150 752.2
1424160 752.2
1424170 752.3
1424180 752.3
1424190 752.3
1424200 752.3
1424210 752.3
1424220 752.3
1424230 752.3
1424240 752.3
1424250 752.3
1424260 752.3
1424270 752.3
1424280 752.3
1424290 752.2
1424300 752.3
1424310 752.3
1424320 752.1
1424330 752.0
1424340 752.0
1424350 752.2
1424360 752.3
1424370 752.3
1424380 752.2
1424390 752.0
1424400 752.0
1424410 751.8
1424420 751.7
1424430 751.7
1424440 751.7
1424450 751.8
1424460 751.8
1424470 751.8
1424480 751.9
1424490 751.9
1424500 752.1
1424510 752.2
1424520 752.1
1424530 752.1
1424540 752.1
1424550 752.1
1424560 752.1
1424570 752.0
1424580 751.8
1424590 751.8
1424600 751.7
1424610 751.6
1424620 751.6
1424630 751.6
1424640 751.6
1424650 751.6
1424660 751.8
1424670 751.7
1424680 751.7
1424690 752.1
1424700 751.8
1424710 751.8
1424720 751.5
1424730 751.5
1424740 751.5
1424750 751.5
1424760 751.5
1424770 751.5
1424780 751.7
1424790 751.7
1424800 751.8
1424810 751.8
1424820 751.8
1424830 751.9
1424840 751.9
1424850 752.0
1424860 751.9
1424870 751.9
1424880 751.9
1424890 751.7
1424900 751.7
1424910 751.8
1424920 751.8
1424930 751.8
1424940 751.9
1424950 752.0
1424960 752.0
1424970 752.1
1424980 752.1
1424990 752.1
1425000 752.1
1425010 752.0
1425020 752.0
1425030 752.1
1425040 752.1
1425050 752.1
1425060 752.1
1425070 752.0
1425080 751.7
1425090 751.7
1425100 751.6
1425110 751.6
1425120 751.6
1425130 751.7
1425140 751.8
1425150 751.8
1425160 752.0
1425170 752.1
1425180 752.1
1425190 752.1
1425200 752.1
1425210 752.1
1425220 752.0
1425230 752.0
1425240 752.0
1425250 752.0
1425260 751.9
1425270 751.9
1425280 751.9
1425290 751.8
1425300 751.7
1425310 751.7
1425320 751.6
1425330 751.5
1425340 751.5
1425350 751.5
1425360 751.6
1425370 751.6
1425380 751.7
1425390 751.7
1425400 751.7
1425410 751.6
1425420 751.6
1425430 751.6
1425440 751.7
1425450 751.8
1425460 751.8
1425470 751.8
1425480 751.8
1425490 751.8
1425500 751.8
1425510 751.7
1425520 751.7
1425530 751.7
1425540 751.7
1425550 751.7
1425560 751.7
1425570 751.7
1425580 751.7
1425590 751.7
1425600 751.7
1425610 751.7
1425620 751.7
1425630 751.8
1425640 752.0
1425650 752.0
1425660 752.1
1425670 752.0
1425680 752.0
1425690 752.0
1425700 752.0
1425710 752.0
1425720 752.0
1425730 752.0
1425740 752.0
1425750 752.2
1425760 752.3
1425770 752.3
1425780 752.2
1425790 752.3
1425800 752.3
1425810 752.3
1425820 752.3
1425830 752.4
1425840 752.4
1425850 752.4
1425860 752.4
1425870 752.4
1425880 752.4
1425890 752.5
1425900 752.5
1425910 752.5
1425920 752.0
1425930 752.0
1425940 751.6
1425950 751.6
1425960 751.6
1425970 751.6
1425980 751.7
1425990 751.7
1426000 751.9
1426010 753.0
1426020 753.0
1426030 755.3
1426040 753.7
1426050 753.7
1426060 752.3
1426070 752.3
1426080 752.3
1426090 752.2
1426100 752.0
1426110 751.8
1426120 751.8
1426130 752.1
1426140 751.9
1426150 751.9
1426160 751.8
1426170 751.7
1426180 751.7
1426190 751.7
1426200 751.6
1426210 751.6
1426220 751.6
1426230 751.8
1426240 751.8
1426250 751.9
1426260 752.2
1426270 752.2
1426280 752.3
1426290 752.3
1426300 752.3
1426310 752.2
1426320 751.8
1426330 751.8
1426340 751.7
1426350 751.8
1426360 751.8
1426370 751.8
1426380 752.2
1426390 752.3
1426400 752.3
1426410 752.1
1426420 751.9
1426430 751.9
1426440 751.8
1426450 752.1
1426460 752.1
1426470 752.3
1426480 752.3
1426490 752.3
1426500 752.6
1426510 754.1
1426520 754.1
1426530 754.5
1426540 753.0
1426550 753.0
1426560 752.1
1426570 752.2
1426580 752.2
1426590 752.2
1426600 752.2
1426610 752.2
1426620 752.2
1426630 752.1
1426640 751.8
1426650 751.8
1426660 751.8
1426670 752.1
1426680 752.1
1426690 752.3
1426700 752.3
1426710 752.3
1426720 752.3
1426730 752.4
1426740 752.4
1426750 752.4
1426760 752.5
1426770 752.5
1426780 752.5
1426790 752.5
1426800 752.5
1426810 752.5
1426820 752.5
1426830 752.5
1426840 752.4
1426850 752.3
1426860 752.3
1426870 751.9
1426880 751.9
1426890 751.9
1426900 751.9
1426910 751.9
1426920 752.0
1426930 752.0
1426940 752.5
1426950 752.3
1426960 752.3
1426970 749.6
1426980 749.0
1426990 749.0
1427000 749.0
1427010 749.0
1427020 749.0
1427030 749.2
1427040 751.0
1427050 751.0
1427060 753.3
1427070 755.8
1427080 755.8
1427090 756.4
1427100 756.2
1427110 756.2
1427120 756.2
1427130 756.2
1427140 756.2
1427150 756.3
1427160 756.3
1427170 756.3
1427180 756.3
1427190 756.4
1427200 756.6
1427210 756.6
1427220 756.7
1427230 756.8
1427240 756.8
1427250 756.9
1427260 757.0
1427270 757.0
1427280 757.5
1427290 757.5
1427300 757.5
1427310 757.3
1427320 757.0
1427330 757.0
1427340 757.0
1427350 757.1
1427360 757.1
1427370 757.2
1427380 757.0
1427390 757.0
1427400 757.1
1427410 757.3
1427420 757.5
1427430 757.5
1427440 757.6
1427450 757.1
1427460 757.1
1427470 756.8
1427480 756.6
1427490 756.6
1427500 756.5
1427510 756.1
1427520 756.1
1427530 756.2
1427540 756.6
1427550 756.6
1427560 756.8
1427570 756.9
1427580 756.9
1427590 757.0
1427600 756.5
1427610 756.5
1427620 756.1
1427630 755.6
1427640 755.6
1427650 754.4
1427660 753.3
1427670 753.3
1427680 752.8
1427690 752.7
1427700 752.6
1427710 752.6
1427720 752.7
1427730 752.8
1427740 752.8
1427750 752.8
1427760 752.5
1427770 752.5
1427780 751.4
1427790 749.3
1427800 749.3
1427810 748.6
1427820 748.4
1427830 748.4
1427840 748.4
1427850 748.4
1427860 748.4
1427870 748.5
1427880 750.0
1427890 750.0
1427900 751.8
1427910 752.3
1427920 752.3
1427930 752.7
1427940 753.1
1427950 753.1
1427960 753.1
1427970 752.9
1427980 752.8
1427990 752.8
1428000 752.8
1428010 752.9
1428020 752.9
1428030 752.9
1428040 752.9
1428050 752.9
1428060 752.9
1428070 752.6
1428080 752.6
1428090 751.9
1428100 751.9
1428110 751.9
1428120 751.9
1428130 752.2
1428140 752.2
1428150 752.5
1428160 752.4
1428170 752.4
1428180 752.1
1428190 752.2
1428200 752.3
1428210 752.3
1428220 752.4
1428230 752.5
1428240 752.5
1428250 752.5
1428260 752.5
1428270 752.5
1428280 752.5
1428290 752.6
1428300 752.6
1428310 752.9
1428320 753.2
1428330 753.2
1428340 753.7
1428350 754.7
1428360 754.7
1428370 755.4
1428380 756.1
1428390 756.1
1428400 757.8
1428410 758.8
1428420 758.8
1428430 759.7
1428440 760.6
1428450 760.6
1428460 760.5
1428470 762.9
1428480 765.3
1428490 765.3
1428500 766.6
1428510 767.9
1428520 767.9
1428530 769.2
1428540 770.3
1428550 770.3
1428560 771.6
1428570 772.4
1428580 772.4
1428590 773.1
1428600 773.7
1428610 773.7
1428620 774.4
1428630 774.9
1428640 774.9
1428650 775.2
1428660 776.0
1428670 776.0
1428680 776.9
1428690 777.5
1428700 777.5
1428710 777.6
1428720 777.5
1428730 777.5
1428740 777.5
1428750 777.5
1428760 777.6
1428770 777.6
1428780 777.5
1428790 777.2
1428800 777.2
1428810 776.8
1428820 776.4
1428830 776.4
1428840 775.9
1428850 775.4
1428860 775.4
1428870 774.7
1428880 773.6
1428890 773.6
1428900 772.4
1428910 771.2
1428920 771.2
1428930 770.2
1428940 769.7
1428950 769.7
1428960 769.9
1428970 771.2
1428980 771.2
1428990 771.9
1429000 771.8
1429010 771.7
1429020 771.7
1429030 771.6
1429040 771.7
1429050 771.7
1429060 770.3
1429070 770.4
1429080 770.4
1429090 772.2
1429100 773.2
1429110 773.2
1429120 773.7
1429130 774.2
1429140 774.2
1429150 774.7
1429160 774.9
1429170 774.9
1429180 774.9
1429190 775.9
1429200 775.9
1429210 776.7
1429220 777.0
1429230 777.0
1429240 777.0
1429250 776.7
1429260 777.3
1429270 777.3
1429280 777.4
1429290 777.3
1429300 777.3
1429310 777.3
1429320 777.5
1429330 777.5
1429340 777.7
1429350 777.8
1429360 777.8
1429370 777.6
1429380 777.7
1429390 777.7
1429400 777.5
1429410 777.8
1429420 777.8
1429430 778.0
1429440 777.5
1429450 777.5
1429460 777.0
1429470 776.6
1429480 776.6
1429490 776.3
1429500 776.2
1429510 776.2
1429520 776.7
1429530 777.3
1429540 777.8
1429550 777.8
1429560 778.3
1429570 779.1
1429580 779.1
1429590 780.0
1429600 781.1
1429610 781.1
1429620 781.8
1429630 782.0
1429640 782.0
1429650 781.2
1429660 780.4
1429670 780.4
1429680 778.8
1429690 777.5
1429700 777.5
1429710 777.7
1429720 778.4
1429730 778.4
1429740 779.8
1429750 781.6
1429760 781.6
1429770 783.2
1429780 785.4
1429790 787.2
1429800 787.2
1429810 787.3
1429820 787.3
1429830 787.3
1429840 787.4
1429850 788.1
1429860 788.1
1429870 788.4
1429880 788.7
1429890 788.7
1429900 789.4
1429910 789.5
1429920 789.5
1429930 790.1
1429940 789.9
1429950 789.9
1429960 790.6
1429970 790.2
1429980 790.2
1429990 789.8
1430000 789.3
1430010 789.3
1430020 788.5
1430030 788.2
1430040 788.2
1430050 787.9
1430060 787.5
1430070 786.8
1430080 786.8
1430090 785.3
1430100 783.9
1430110 783.9
1430120 782.9
1430130 781.1
1430140 781.1
1430150 779.4
1430160 778.3
1430170 778.3
1430180 778.1
1430190 778.0
1430200 778.0
1430210 777.9
1430220 777.9
1430230 777.9
1430240 778.1
1430250 778.0
1430260 778.0
1430270 778.2
1430280 778.0
1430290 778.0
1430300 777.8
1430310 777.6
1430320 777.4
1430330 777.4
1430340 777.3
1430350 777.1
1430360 777.1
1430370 776.9
1430380 776.9
1430390 776.9
1430400 776.8
1430410 776.9
1430420 776.9
1430430 776.9
1430440 776.8
1430450 776.8
1430460 776.8
1430470 776.5
1430480 776.5
1430490 776.4
1430500 776.2
1430510 776.2
1430520 776.0
1430530 775.9
1430540 775.9
1430550 775.9
1430560 776.0
1430570 776.1
1430580 776.1
1430590 776.3
1430600 776.6
1430610 776.6
1430620 776.9
1430630 777.1
1430640 777.1
1430650 777.2
1430660 777.3
1430670 777.3
1430680 777.5
1430690 777.7
1430700 777.7
1430710 777.9
1430720 778.2
1430730 778.2
1430740 778.6
1430750 779.0
1430760 779.0
1430770 779.6
1430780 779.1
1430790 779.1
1430800 779.5
1430810 780.0
1430820 780.0
1430830 780.4
1430840 781.1
1430850 782.1
1430860 782.1
1430870 782.5
1430880 782.4
1430890 782.4
1430900 782.0
1430910 781.6
1430920 781.6
1430930 781.5
1430940 781.2
1430950 781.2
1430960 781.0
1430970 780.6
1430980 780.6
1430990 780.2
1431000 779.8
1431010 779.8
1431020 779.2
1431030 778.7
1431040 778.7
1431050 778.2
1431060 777.8
1431070 777.8
1431080 777.4
1431090 777.0
1431100 776.6
1431110 776.6
1431120 776.2
1431130 775.8
1431140 775.8
1431150 775.6
1431160 775.2
1431170 775.2
1431180 774.9
1431190 774.7
1431200 774.7
1431210 774.6
1431220 774.4
1431230 774.4
1431240 774.2
1431250 774.1
1431260 774.1
1431270 774.1
1431280 774.1
1431290 774.1
1431300 774.3
1431310 774.4
1431320 774.4
1431330 774.7
1431340 775.1
1431350 775.1
1431360 775.8
1431370 776.8
1431380 778.2
1431390 778.2
1431400 779.0
1431410 779.5
1431420 779.5
1431430 780.3
1431440 780.6
1431450 780.6
1431460 781.1
1431470 781.5
1431480 781.5
1431490 781.9
1431500 782.0
1431510 782.0
1431520 782.2
1431530 781.7
1431540 781.7
1431550 779.7
1431560 780.9
1431570 780.9
1431580 780.6
1431590 779.6
1431600 779.6
1431610 778.7
1431620 777.9
1431630 777.2
1431640 777.2
1431650 776.6
1431660 776.1
1431670 776.1
1431680 775.6
1431690 774.8
1431700 774.8
1431710 774.0
1431720 773.1
1431730 773.1
1431740 772.4
1431750 772.1
1431760 772.1
1431770 771.9
1431780 771.1
1431790 771.1
1431800 771.4
1431810 771.9
1431820 771.9
1431830 772.2
1431840 772.4
1431850 772.4
1431860 772.1
1431870 770.4
1431880 770.4
1431890 768.9
1431900 768.4
1431910 768.4
1431920 768.4
1431930 768.7
1431940 768.9
1431950 768.9
1431960 769.0
1431970 769.1
1431980 769.1
1431990 768.8
1432000 768.5
1432010 768.5
1432020 768.4
1432030 768.8
1432040 768.8
1432050 770.1
1432060 771.6
1432070 771.6
1432080 772.9
1432090 774.2
1432100 774.2
1432110 775.4
1432120 776.8
1432130 776.8
1432140 778.4
1432150 779.0
1432160 779.1
1432170 779.1
1432180 778.7
1432190 778.0
1432200 778.0
1432210 777.2
1432220 776.4
1432230 776.4
1432240 775.8
1432250 776.3
1432260 776.3
1432270 777.7
1432280 778.5
1432290 778.5
1432300 778.5
1432310 778.3
1432320 778.3
1432330 777.9
1432340 777.4
1432350 777.4
1432360 777.1
1432370 776.9
1432380 776.9
1432390 776.7
1432400 776.1
1432410 775.4
1432420 775.4
1432430 774.6
1432440 774.3
1432450 774.3
1432460 774.0
1432470 773.7
1432480 773.7
1432490 774.0
1432500 774.9
1432510 774.9
1432520 775.2
1432530 775.6
1432540 775.6
1432550 775.1
1432560 773.6
1432570 773.6
1432580 772.9
1432590 772.6
1432600 772.6
1432610 772.5
1432620 772.8
1432630 772.8
1432640 773.2
1432650 773.9
1432660 773.9
1432670 773.9
1432680 773.8
1432690 774.8
1432700 774.8
1432710 775.3
1432720 774.9
1432730 774.9
1432740 775.0
1432750 776.8
1432760 776.8
1432770 779.9
1432780 783.8
1432790 783.8
1432800 785.6
1432810 787.0
1432820 787.0
1432830 786.9
1432840 786.2
1432850 786.2
1432860 785.4
1432870 784.4
1432880 784.4
1432890 783.6
1432900 783.1
1432910 783.1
1432920 782.7
1432930 782.6
1432940 782.7
1432950 782.7
1432960 782.9
1432970 783.3
1432980 783.3
1432990 783.7
1433000 784.1
1433010 784.1
1433020 784.4
1433030 785.2
1433040 785.2
1433050 785.9
1433060 786.4
1433070 786.4
1433080 786.8
1433090 787.7
1433100 787.7
1433110 788.5
1433120 788.5
1433130 788.5
1433140 788.1
1433150 787.6
1433160 787.6
1433170 786.6
1433180 785.1
1433190 785.1
1433200 783.7
1433210 776.1
1433220 775.3
1433230 775.3
1433240 776.1
1433250 779.3
1433260 779.3
1433270 783.6
1433280 788.2
1433290 788.2
1433300 790.9
1433310 790.8
1433320 790.8
1433330 787.0
1433340 781.3
1433350 781.3
1433360 775.8
1433370 771.7
1433380 771.7
1433390 768.9
1433400 766.1
1433410 766.1
1433420 763.4
1433430 762.0
1433440 762.0
1433450 761.9
1433460 763.6
1433470 766.3
1433480 766.3
1433490 767.6
1433500 767.8
1433510 767.8
1433520 768.0
1433530 768.3
1433540 768.3
1433550 768.2
1433560 767.0
1433570 767.0
1433580 765.3
1433590 764.2
1433600 764.2
1433610 763.2
1433620 762.5
1433630 762.5
1433640 762.0
1433650 761.6
1433660 761.6
1433670 761.4
1433680 761.3
1433690 761.3
1433700 761.2
1433710 761.0
1433720 761.0
1433730 760.3
1433740 759.4
1433750 758.4
1433760 758.4
1433770 757.2
1433780 756.3
1433790 756.3
1433800 755.7
1433810 755.2
1433820 755.2
1433830 754.4
1433840 752.9
1433850 752.9
1433860 750.4
1433870 748.2
1433880 748.2
1433890 747.3
1433900 747.1
1433910 747.1
1433920 746.9
1433930 746.7
1433940 746.7
1433950 746.1
1433960 745.1
1433970 745.1
1433980 743.8
1433990 742.7
1434000 742.0
1434010 742.0
1434020 741.9
1434030 741.9
1434040 741.9
1434050 741.8
1434060 741.9
1434070 741.9
1434080 742.6
1434090 744.5
1434100 744.5
1434110 745.1
1434120 745.1
1434130 745.1
1434140 745.8
1434150 746.2
1434160 746.2
1434170 746.1
1434180 745.9
1434190 745.9
1434200 746.0
1434210 745.9
1434220 745.9
1434230 745.8
1434240 745.8
1434250 745.8
1434260 745.8
1434270 745.9
1434280 746.0
1434290 746.0
1434300 745.9
1434310 745.7
1434320 745.7
1434330 745.3
1434340 745.1
1434350 745.1
1434360 745.4
1434370 745.9
1434380 745.9
1434390 745.8
1434400 745.9
1434410 745.9
1434420 745.8
1434430 745.7
1434440 745.7
1434450 745.6
1434460 745.6
1434470 745.6
1434480 745.5
1434490 745.5
1434500 745.5
1434510 745.4
1434520 745.3
1434530 745.3
1434540 745.3
1434550 745.3
1434560 745.3
1434570 745.3
1434580 745.3
1434590 745.2
1434600 745.2
1434610 745.2
1434620 745.3
1434630 745.3
1434640 745.3
1434650 745.2
1434660 745.2
1434670 745.2
1434680 745.7
1434690 745.7
1434700 745.6
1434710 745.7
1434720 745.7
1434730 746.0
1434740 746.2
1434750 746.2
1434760 746.5
1434770 746.8
1434780 747.5
1434790 747.5
1434800 748.3
1434810 749.0
1434820 749.0
1434830 749.6
1434840 750.7
1434850 750.7
1434860 751.8
1434870 752.6
1434880 752.6
1434890 753.4
1434900 754.2
1434910 754.2
1434920 755.2
1434930 757.2
1434940 757.2
1434950 757.4
1434960 757.5
1434970 757.5
1434980 758.3
1434990 759.1
1435000 759.1
1435010 759.9
1435020 761.0
1435030 761.0
1435040 762.1
1435050 762.8
1435060 763.4
1435070 763.4
1435080 763.9
1435090 764.5
1435100 764.5
1435110 765.2
1435120 765.8
1435130 765.8
1435140 766.3
1435150 766.7
1435160 766.7
1435170 767.5
1435180 768.4
1435190 768.4
1435200 769.4
1435210 771.3
1435220 771.3
1435230 772.2
1435240 769.2
1435250 769.2
1435260 771.3
1435270 772.1
1435280 772.1
1435290 772.5
1435300 773.2
1435310 773.5
1435320 773.5
1435330 772.5
1435340 772.4
1435350 772.4
1435360 772.6
1435370 773.0
1435380 773.0
1435390 773.9
1435400 774.3
1435410 774.3
1435420 774.4
1435430 774.8
1435440 774.8
1435450 774.9
1435460 774.9
1435470 774.9
1435480 774.8
1435490 774.4
1435500 774.4
1435510 773.9
1435520 773.7
1435530 773.7
1435540 773.7
1435550 773.4
1435560 773.4
1435570 773.2
1435580 772.9
1435590 772.4
1435600 772.4
1435610 772.1
1435620 771.8
1435630 771.8
1435640 771.7
1435650 771.6
1435660 771.6
1435670 771.3
1435680 770.9
1435690 770.9
1435700 770.5
1435710 769.8
1435720 769.8
1435730 769.1
1435740 768.5
1435750 769.5
1435760 769.0
1435770 768.6
1435780 768.6
1435790 768.0
1435800 767.3
1435810 767.3
1435820 766.2
1435830 762.8
1435840 759.8
1435850 759.8
1435860 758.4
1435870 758.9
1435880 758.9
1435890 759.1
1435900 759.2
1435910 759.2
1435920 758.3
1435930 757.9
1435940 757.9
1435950 757.2
1435960 757.2
1435970 757.2
1435980 759.8
1435990 761.0
1436000 761.0
1436010 759.5
1436020 758.4
1436030 758.4
1436040 759.3
1436050 758.6
1436060 758.6
1436070 760.1
1436080 761.0
1436090 761.0
1436100 761.6
1436110 763.5
1436120 765.0
1436130 765.0
1436140 765.7
1436150 763.8
1436160 763.8
1436170 760.4
1436180 759.1
1436190 759.1
1436200 759.0
1436210 761.8
1436220 761.8
1436230 767.0
1436240 770.7
1436250 770.7
1436260 771.0
1436270 770.9
1436280 770.9
1436290 770.8
1436300 771.2
1436310 771.2
1436320 772.1
1436330 774.2
1436340 774.2
1436350 776.6
1436360 778.7
1436370 780.3
1436380 780.3
1436390 781.7
1436400 783.1
1436410 783.1
1436420 785.3
1436430 788.9
1436440 788.9
1436450 791.5
1436460 793.1
1436470 793.1
1436480 795.2
1436490 797.1
1436500 797.1
1436510 798.0
1436520 797.2
1436530 797.2
1436540 796.7
1436550 796.3
1436560 796.3
1436570 796.5
1436580 796.8
1436590 796.8
1436600 797.0
1436610 797.1
1436620 797.1
1436630 797.8
1436640 798.3
1436650 798.2
1436660 798.2
1436670 798.0
1436680 798.2
1436690 798.2
1436700 798.6
1436710 799.3
1436720 799.3
1436730 799.4
1436740 799.1
1436750 799.1
1436760 798.5
1436770 797.5
1436780 797.5
1436790 796.4
1436800 794.6
1436810 794.6
1436820 791.7
1436830 789.1
1436840 789.1
1436850 787.1
1436860 786.8
1436870 786.8
1436880 787.6
1436890 788.0
1436900 788.5
1436910 788.5
1436920 789.3
1436930 790.8
1436940 790.8
1436950 791.0
1436960 791.3
1436970 791.3
1436980 791.6
1436990 792.3
1437000 792.3
1437010 794.0
1437020 795.6
1437030 795.6
1437040 796.9
1437050 797.6
1437060 797.6
1437070 798.1
1437080 798.6
1437090 798.6
1437100 799.1
1437110 799.5
1437120 799.5
1437130 800.0
1437140 801.0
1437150 802.0
1437160 802.0
1437170 803.0
1437180 804.0
1437190 804.0
1437200 805.8
1437210 806.9
1437220 806.9
1437230 806.9
1437240 807.1
1437250 807.1
1437260 805.8
1437270 803.3
1437280 803.3
1437290 799.9
1437300 797.6
1437310 797.6
1437320 796.9
1437330 797.0
1437340 797.0
1437350 795.4
1437360 797.4
1437370 797.4
1437380 800.1
1437390 799.5
1437400 799.5
1437410 799.1
1437420 800.0
1437430 799.6
1437440 799.6
1437450 799.8
1437460 801.3
1437470 801.3
1437480 802.0
1437490 802.3
1437500 802.3
1437510 801.9
1437520 801.3
1437530 801.3
1437540 799.8
1437550 797.8
1437560 797.8
1437570 796.2
1437580 796.2
1437590 796.2
1437600 797.0
1437610 795.4
1437620 795.4
1437630 791.5
1437640 788.0
1437650 788.0
1437660 785.0
1437670 788.8
1437680 793.0
1437690 793.0
1437700 792.2
1437710 790.2
1437720 790.2
1437730 788.6
1437740 787.1
1437750 787.1
1437760 784.6
1437770 783.0
1437780 783.0
1437790 781.7
1437800 779.8
1437810 779.8
1437820 778.7
1437830 777.7
1437840 777.7
1437850 775.9
1437860 773.1
1437870 773.1
1437880 770.8
1437890 770.3
1437900 770.3
1437910 770.3
1437920 770.4
1437930 770.4
1437940 770.2
1437950 770.1
1437960 770.0
1437970 770.0
1437980 769.5
1437990 768.0
1438000 768.0
1438010 767.8
1438020 767.5
1438030 767.5
1438040 767.3
1438050 767.2
1438060 767.2
1438070 766.7
1438080 766.8
1438090 766.8
1438100 767.3
1438110 767.9
1438120 767.9
1438130 768.9
1438140 770.1
1438150 770.1
1438160 771.4
1438170 772.1
1438180 772.1
1438190 772.5
1438200 772.9
1438210 773.5
1438220 773.5
1438230 774.3
1438240 775.0
1438250 775.0
1438260 775.4
1438270 775.7
1438280 775.7
1438290 775.8
1438300 776.1
1438310 776.1
1438320 776.0
1438330 775.6
1438340 775.6
1438350 774.9
1438360 773.9
1438370 773.9
1438380 773.5
1438390 773.3
1438400 773.3
1438410 773.0
1438420 772.9
1438430 773.8
1438440 773.8
1438450 774.7
1438460 774.7
1438470 776.5
1438480 777.9
1438490 777.6
1438500 777.6
1438510 776.9
1438520 776.1
1438530 776.1
1438540 774.8
1438550 773.3
1438560 773.3
1438570 771.3
1438580 770.6
1438590 770.6
1438600 771.1
1438610 770.7
1438620 770.7
1438630 770.4
1438640 769.6
1438650 769.6
1438660 768.4
1438670 767.2
1438680 767.2
1438690 766.8
1438700 766.7
1438710 766.7
1438720 766.8
1438730 767.0
1438740 767.0
1438750 767.0
1438760 766.9
1438770 766.9
1438780 766.9
1438790 767.3
1438800 767.9
1438810 767.9
1438820 768.6
1438830 768.7
1438840 768.7
1438850 768.0
1438860 766.9
1438870 766.9
1438880 765.8
1438890 764.8
1438900 764.8
1438910 764.0
1438920 763.5
1438930 763.5
1438940 763.6
1438950 763.8
1438960 763.8
1438970 764.1
1438980 764.6
1438990 765.2
1439000 765.2
1439010 765.6
1439020 766.1
1439030 766.1
1439040 766.7
1439050 767.3
1439060 767.3
1439070 767.7
1439080 767.9
1439090 767.9
1439100 768.2
1439110 768.6
1439120 768.6
1439130 769.1
1439140 769.6
1439150 769.6
1439160 770.1
1439170 770.8
1439180 770.8
1439190 771.4
1439200 772.0
1439210 772.0
1439220 772.5
1439230 772.8
1439240 772.8
1439250 773.0
1439260 773.1
1439270 773.3
1439280 773.3
1439290 773.6
1439300 769.6
1439310 769.6
1439320 760.7
1439330 752.4
1439340 752.4
1439350 750.8
1439360 755.2
1439370 755.2
1439380 756.3
1439390 759.6
1439400 759.6
1439410 764.3
1439420 767.8
1439430 767.8
1439440 771.9
1439450 774.8
1439460 774.8
1439470 777.5
1439480 781.1
1439490 781.1
1439500 783.9
1439510 788.0
1439520 790.5
1439530 790.5
1439540 792.0
1439550 792.7
1439560 792.7
1439570 793.2
1439580 793.6
1439590 793.6
1439600 793.7
1439610 792.0
1439620 792.0
1439630 789.9
1439640 789.6
1439650 789.6
1439660 790.4
1439670 792.0
1439680 792.0
1439690 793.4
1439700 794.3
1439710 794.3
1439720 795.2
1439730 798.6
1439740 798.6
1439750 802.0
1439760 804.8
1439770 804.8
1439780 808.8
1439790 812.9
1439800 816.5
1439810 816.5
1439820 819.2
1439830 822.2
1439840 822.2
1439850 825.7
1439860 828.1
1439870 828.1
1439880 829.1
1439890 829.4
1439900 829.4
1439910 827.5
1439920 824.9
1439930 824.9
1439940 826.3
1439950 828.8
1439960 828.8
1439970 831.0
1439980 833.3
1439990 833.3
