1420000 756.3
1420010 756.4
1420020 756.4
1420030 756.4
1420040 756.5
1420050 756.5
1420060 756.7
1420070 756.5
1420080 756.5
1420090 756.6
1420100 756.3
1420110 756.3
1420120 756.9
1420130 756.3
1420140 756.3
1420150 755.9
1420160 755.9
1420170 755.9
1420180 755.9
1420190 755.9
1420200 755.9
1420210 755.9
1420220 755.9
1420230 755.9
1420240 755.9
1420250 755.9
1420260 755.9
1420270 755.9
1420280 755.9
1420290 755.8
1420300 755.8
1420310 755.8
1420320 755.8
1420330 755.8
1420340 755.8
1420350 755.7
1420360 755.7
1420370 755.7
1420380 755.7
1420390 755.7
1420400 755.7
1420410 755.7
1420420 755.7
1420430 755.7
1420440 755.7
1420450 755.7
1420460 755.7
1420470 755.7
1420480 755.7
1420490 755.6
1420500 755.7
1420510 755.7
1420520 755.7
1420530 755.7
1420540 755.6
1420550 755.6
1420560 755.6
1420570 755.7
1420580 755.7
1420590 755.8
1420600 755.9
1420610 755.9
1420620 755.9
1420630 755.9
1420640 755.9
1420650 755.8
1420660 755.8
1420670 755.8
1420680 756.0
1420690 756.1
1420700 756.1
1420710 756.0
1420720 755.8
1420730 755.8
1420740 755.6
1420750 755.5
1420760 755.5
1420770 755.3
1420780 755.2
1420790 755.2
1420800 755.4
1420810 755.4
1420820 755.4
1420830 755.4
1420840 755.3
1420850 755.2
1420860 755.2
1420870 755.1
1420880 755.0
1420890 755.0
1420900 755.0
1420910 754.9
1420920 754.9
1420930 754.9
1420940 754.9
1420950 754.9
1420960 754.9
1420970 754.9
1420980 754.9
1420990 754.9
1421000 754.9
1421010 754.9
1421020 754.9
1421030 754.9
1421040 754.9
1421050 755.0
1421060 754.9
1421070 754.9
1421080 754.9
1421090 754.8
1421100 754.7
1421110 754.7
1421120 754.6
1421130 754.5
1421140 754.5
1421150 754.4
1421160 754.5
1421170 754.5
1421180 754.5
1421190 754.6
1421200 754.6
1421210 754.7
1421220 754.8
1421230 754.8
1421240 754.7
1421250 754.5
1421260 754.5
1421270 755.0
1421280 755.2
1421290 755.2
1421300 755.6
1421310 755.4
1421320 755.4
1421330 755.6
1421340 755.5
1421350 755.4
1421360 755.4
1421370 755.4
1421380 755.3
1421390 755.3
1421400 754.6
1421410 754.5
1421420 754.5
1421430 754.5
1421440 754.5
1421450 754.5
1421460 754.6
1421470 754.7
1421480 754.7
1421490 754.8
1421500 754.8
1421510 754.8
1421520 754.8
1421530 754.8
1421540 754.8
1421550 754.5
1421560 754.3
1421570 754.3
1421580 754.3
1421590 754.2
1421600 754.3
1421610 754.3
1421620 754.3
1421630 754.4
1421640 754.4
1421650 754.5
1421660 754.5
1421670 754.5
1421680 754.6
1421690 754.7
1421700 754.7
1421710 754.6
1421720 754.4
1421730 754.4
1421740 754.4
1421750 754.2
1421760 754.2
1421770 754.2
1421780 754.3
1421790 754.3
1421800 754.0
1421810 753.8
1421820 753.8
1421830 754.1
1421840 754.4
1421850 754.4
1421860 754.5
1421870 754.4
1421880 754.2
1421890 754.2
1421900 754.1
1421910 754.1
1421920 754.1
1421930 753.9
1421940 753.9
1421950 753.9
1421960 753.8
1421970 753.7
1421980 753.7
1421990 753.8
1422000 753.6
1422010 753.6
1422020 752.6
1422030 752.5
1422040 752.5
1422050 753.5
1422060 754.1
1422070 754.1
1422080 753.9
1422090 753.7
1422100 753.7
1422110 753.7
1422120 753.6
1422130 753.6
1422140 753.6
1422150 753.6
1422160 753.6
1422170 753.6
1422180 753.6
1422190 753.6
1422200 753.6
1422210 753.7
1422220 753.5
1422230 753.5
1422240 753.5
1422250 753.5
1422260 753.5
1422270 753.5
1422280 753.5
1422290 753.5
1422300 753.4
1422310 753.5
1422320 753.5
1422330 753.5
1422340 753.4
1422350 753.4
1422360 753.4
1422370 753.5
1422380 753.5
1422390 753.6
1422400 753.5
1422410 753.4
1422420 753.4
1422430 753.4
1422440 753.3
1422450 753.3
1422460 753.3
1422470 753.3
1422480 753.3
1422490 753.4
1422500 753.6
1422510 753.6
1422520 753.7
1422530 753.6
1422540 753.6
1422550 753.6
1422560 753.6
1422570 753.6
1422580 753.5
1422590 753.4
1422600 753.4
1422610 753.3
1422620 753.2
1422630 753.2
1422640 753.1
1422650 753.0
1422660 752.9
1422670 752.9
1422680 752.9
1422690 752.8
1422700 752.8
1422710 752.8
1422720 752.8
1422730 752.8
1422740 752.7
1422750 752.7
1422760 752.7
1422770 752.6
1422780 752.6
1422790 752.6
1422800 752.7
1422810 752.6
1422820 752.6
1422830 752.6
1422840 752.5
1422850 752.5
1422860 752.4
1422870 752.3
1422880 752.3
1422890 752.0
1422900 751.7
1422910 752.0
1422920 752.0
1422930 752.0
1422940 752.3
1422950 752.3
1422960 752.8
1422970 753.0
1422980 753.0
1422990 753.3
1423000 753.2
1423010 753.2
1423020 753.0
1423030 753.0
1423040 753.0
1423050 752.9
1423060 752.8
1423070 752.8
1423080 752.8
1423090 752.7
1423100 752.7
1423110 752.7
1423120 752.7
1423130 752.7
1423140 752.7
1423150 752.7
1423160 752.7
1423170 752.7
1423180 752.7
1423190 752.7
1423200 752.7
1423210 752.7
1423220 752.7
1423230 752.7
1423240 752.6
1423250 753.0
1423260 753.0
1423270 753.1
1423280 752.7
1423290 752.7
1423300 752.9
1423310 753.2
1423320 753.2
1423330 753.3
1423340 753.3
1423350 753.3
1423360 753.3
1423370 753.4
1423380 753.4
1423390 753.4
1423400 753.5
1423410 753.5
1423420 753.4
1423430 753.4
1423440 753.3
1423450 753.3
1423460 753.3
1423470 753.2
1423480 753.2
1423490 753.2
1423500 753.1
1423510 753.1
1423520 753.0
1423530 752.9
1423540 752.9
1423550 752.8
1423560 752.7
1423570 752.7
1423580 752.7
1423590 752.7
1423600 752.7
1423610 752.6
1423620 752.6
1423630 752.6
1423640 752.5
1423650 752.4
1423660 752.4
1423670 752.4
1423680 752.3
1423690 752.3
1423700 752.3
1423710 752.3
1423720 752.2
1423730 752.2
1423740 752.2
1423750 752.1
1423760 752.1
1423770 752.1
1423780 752.2
1423790 752.2
1423800 752.2
1423810 752.2
1423820 752.2
1423830 752.2
1423840 752.1
1423850 752.1
1423860 752.2
1423870 752.3
1423880 752.3
1423890 752.4
1423900 752.4
1423910 752.4
1423920 752.5
1423930 752.5
1423940 752.5
1423950 752.5
1423960 752.5
1423970 752.4
1423980 752.4
1423990 752.3
1424000 752.2
1424010 752.2
1424020 752.2
1424030 752.2
1424040 752.2
1424050 752.2
1424060 752.1
1424070 752.1
1424080 752.1
1424090 752.1
1424100 752.1
1424110 752.1
1424120 752.1
1424130 752.1
1424140 752.2
1424150 752.2
1424160 752.2
1424170 752.2
1424180 752.1
1424190 752.1
1424200 752.1
1424210 752.1
1424220 752.1
1424230 752.1
1424240 752.0
1424250 752.0
1424260 752.0
1424270 752.1
1424280 752.1
1424290 752.1
1424300 752.2
1424310 752.2
1424320 752.2
1424330 752.1
1424340 752.1
1424350 752.1
1424360 752.0
1424370 752.0
1424380 752.0
1424390 751.8
1424400 751.6
1424410 751.6
1424420 751.6
1424430 751.6
1424440 751.6
1424450 751.6
1424460 751.6
1424470 751.6
1424480 751.6
1424490 751.5
1424500 751.5
1424510 751.5
1424520 751.5
1424530 751.5
1424540 751.5
1424550 751.5
1424560 751.4
1424570 751.4
1424580 751.4
1424590 751.4
1424600 751.4
1424610 751.3
1424620 751.4
1424630 751.4
1424640 751.5
1424650 751.5
1424660 751.5
1424670 751.4
1424680 751.6
1424690 751.6
1424700 751.6
1424710 751.6
1424720 751.6
1424730 751.6
1424740 751.6
1424750 751.6
1424760 751.6
1424770 751.6
1424780 751.6
1424790 751.6
1424800 751.6
1424810 751.6
1424820 751.6
1424830 751.6
1424840 751.6
1424850 751.6
1424860 751.6
1424870 751.6
1424880 751.6
1424890 751.5
1424900 751.5
1424910 751.5
1424920 751.5
1424930 751.4
1424940 751.4
1424950 750.9
1424960 750.5
1424970 750.5
1424980 750.7
1424990 751.3
1425000 751.3
1425010 751.5
1425020 751.5
1425030 751.4
1425040 751.4
1425050 751.3
1425060 751.2
1425070 751.2
1425080 751.2
1425090 751.2
1425100 751.2
1425110 751.1
1425120 751.0
1425130 751.0
1425140 751.0
1425150 751.1
1425160 751.1
1425170 751.0
1425180 751.0
1425190 751.0
1425200 751.0
1425210 751.0
1425220 751.0
1425230 751.0
1425240 751.1
1425250 751.1
1425260 751.1
1425270 751.0
1425280 751.0
1425290 751.0
1425300 751.1
1425310 751.1
1425320 751.1
1425330 751.1
1425340 751.2
1425350 751.2
1425360 751.4
1425370 751.7
1425380 751.7
1425390 752.1
1425400 752.7
1425410 752.7
1425420 752.9
1425430 752.5
1425440 752.5
1425450 752.0
1425460 752.1
1425470 752.1
1425480 752.4
1425490 752.8
1425500 752.8
1425510 753.1
1425520 752.4
1425530 752.4
1425540 752.1
1425550 751.8
1425560 751.5
1425570 751.5
1425580 751.1
1425590 750.7
1425600 750.7
1425610 751.1
1425620 751.3
1425630 751.3
1425640 751.6
1425650 752.0
1425660 752.0
1425670 752.1
1425680 752.4
1425690 752.4
1425700 752.4
1425710 752.7
1425720 752.7
1425730 752.3
1425740 751.9
1425750 751.9
1425760 751.7
1425770 751.6
1425780 751.6
1425790 751.5
1425800 751.4
1425810 751.4
1425820 751.5
1425830 751.6
1425840 751.6
1425850 751.6
1425860 751.5
1425870 751.5
1425880 751.5
1425890 751.8
1425900 751.6
1425910 751.6
1425920 751.2
1425930 749.4
1425940 749.4
1425950 749.2
1425960 751.6
1425970 751.6
1425980 752.0
1425990 751.7
1426000 751.7
1426010 751.5
1426020 751.4
1426030 751.4
1426040 751.3
1426050 751.2
1426060 751.2
1426070 751.2
1426080 751.2
1426090 751.2
1426100 751.2
1426110 751.2
1426120 751.2
1426130 751.2
1426140 751.2
1426150 751.2
1426160 751.2
1426170 751.2
1426180 751.1
1426190 751.1
1426200 751.1
1426210 751.0
1426220 751.0
1426230 751.1
1426240 751.2
1426250 751.2
1426260 751.4
1426270 751.6
1426280 751.6
1426290 751.8
1426300 751.9
1426310 751.9
1426320 752.0
1426330 752.0
1426340 752.0
1426350 752.1
1426360 752.3
1426370 752.5
1426380 752.5
1426390 753.2
1426400 755.1
1426410 755.1
1426420 755.0
1426430 753.6
1426440 753.6
1426450 753.6
1426460 753.9
1426470 753.9
1426480 754.3
1426490 755.1
1426500 755.1
1426510 755.7
1426520 756.2
1426530 756.2
1426540 756.8
1426550 757.5
1426560 757.5
1426570 758.0
1426580 759.0
1426590 759.0
1426600 762.2
1426610 767.2
1426620 770.4
1426630 770.4
1426640 771.8
1426650 772.7
1426660 772.7
1426670 773.1
1426680 773.5
1426690 773.5
1426700 773.9
1426710 774.3
1426720 774.3
1426730 774.8
1426740 775.1
1426750 775.1
1426760 775.4
1426770 775.0
1426780 775.0
1426790 775.3
1426800 775.4
1426810 775.4
1426820 776.0
1426830 777.3
1426840 777.3
1426850 779.2
1426860 781.8
1426870 781.8
1426880 783.2
1426890 784.8
1426900 787.1
1426910 787.1
1426920 789.9
1426930 793.9
1426940 793.9
1426950 798.2
1426960 801.1
1426970 801.1
1426980 803.1
1426990 804.4
1427000 804.4
1427010 804.7
1427020 804.7
1427030 804.7
1427040 804.7
1427050 805.0
1427060 805.0
1427070 805.6
1427080 806.3
1427090 806.3
1427100 807.1
1427110 807.3
1427120 807.3
1427130 808.0
1427140 809.1
1427150 810.3
1427160 810.3
1427170 811.7
1427180 813.4
1427190 813.4
1427200 815.5
1427210 819.9
1427220 819.9
1427230 827.0
1427240 832.0
1427250 832.0
1427260 837.9
1427270 845.5
1427280 845.5
1427290 851.6
1427300 855.2
1427310 855.2
1427320 857.2
1427330 860.6
1427340 860.6
1427350 864.5
1427360 866.0
1427370 866.0
1427380 868.3
1427390 871.0
1427400 871.0
1427410 875.2
1427420 879.1
1427430 883.0
1427440 883.0
1427450 886.5
1427460 889.9
1427470 889.9
1427480 893.1
1427490 896.3
1427500 896.3
1427510 899.2
1427520 902.1
1427530 902.1
1427540 904.9
1427550 907.3
1427560 907.3
1427570 908.9
1427580 906.7
1427590 906.7
1427600 903.9
1427610 901.2
1427620 901.2
1427630 896.8
1427640 894.2
1427650 894.2
1427660 894.5
1427670 895.6
1427680 896.5
1427690 896.5
1427700 897.5
1427710 897.3
1427720 897.3
1427730 897.1
1427740 897.5
1427750 897.5
1427760 898.6
1427770 900.4
1427780 900.4
1427790 901.1
1427800 900.3
1427810 900.3
1427820 899.0
1427830 898.7
1427840 898.7
1427850 899.4
1427860 900.7
1427870 900.7
1427880 902.0
1427890 903.6
1427900 903.6
1427910 905.0
1427920 907.0
1427930 907.0
1427940 909.6
1427950 911.5
1427960 912.1
1427970 912.1
1427980 911.7
1427990 912.7
1428000 912.7
1428010 916.3
1428020 920.4
1428030 920.4
1428040 922.2
1428050 923.2
1428060 923.2
1428070 924.0
1428080 924.9
1428090 924.9
1428100 926.1
1428110 927.5
1428120 927.5
1428130 928.4
1428140 931.5
1428150 931.5
1428160 936.4
1428170 942.7
1428180 942.7
1428190 953.7
1428200 960.1
1428210 960.9
1428220 960.9
1428230 961.5
1428240 961.9
1428250 961.9
1428260 962.3
1428270 962.7
1428280 962.7
1428290 963.1
1428300 963.0
1428310 963.0
1428320 963.1
1428330 962.6
1428340 962.6
1428350 962.5
1428360 962.6
1428370 962.6
1428380 962.1
1428390 961.5
1428400 961.5
1428410 960.8
1428420 960.8
1428430 960.8
1428440 960.2
1428450 960.4
1428460 960.4
1428470 959.9
1428480 958.0
1428490 956.5
1428500 956.5
1428510 955.8
1428520 955.1
1428530 955.1
1428540 954.8
1428550 953.1
1428560 953.1
1428570 950.5
1428580 950.4
1428590 950.4
1428600 952.3
1428610 954.2
1428620 954.2
1428630 954.8
1428640 954.6
1428650 954.6
1428660 951.6
1428670 948.1
1428680 948.1
1428690 951.9
1428700 955.1
1428710 955.1
1428720 951.5
1428730 952.2
1428740 954.0
1428750 954.0
1428760 955.4
1428770 955.5
1428780 955.5
1428790 956.0
1428800 957.8
1428810 957.8
1428820 958.7
1428830 959.6
1428840 959.6
1428850 960.0
1428860 960.2
1428870 960.2
1428880 959.6
1428890 959.8
1428900 959.8
1428910 959.5
1428920 958.9
1428930 958.9
1428940 959.9
1428950 961.1
1428960 961.1
1428970 961.8
1428980 961.4
1428990 961.4
1429000 960.6
1429010 960.3
1429020 959.9
1429030 959.9
1429040 960.4
1429050 960.4
1429060 960.4
1429070 959.8
1429080 958.4
1429090 958.4
1429100 956.6
1429110 955.4
1429120 955.4
1429130 954.0
1429140 953.4
1429150 953.4
1429160 953.2
1429170 951.9
1429180 951.9
1429190 949.7
1429200 948.8
1429210 948.8
1429220 947.8
1429230 946.4
1429240 946.4
1429250 944.9
1429260 943.5
1429270 941.8
1429280 941.8
1429290 939.8
1429300 937.9
1429310 937.9
1429320 936.2
1429330 934.3
1429340 934.3
1429350 932.5
1429360 930.9
1429370 930.9
1429380 929.3
1429390 928.5
1429400 928.5
1429410 927.0
1429420 925.2
1429430 925.2
1429440 924.6
1429450 924.4
1429460 924.4
1429470 923.7
1429480 922.6
1429490 922.6
1429500 921.3
1429510 920.0
1429520 920.0
1429530 918.7
1429540 917.2
1429550 915.7
1429560 915.7
1429570 914.1
1429580 912.6
1429590 912.6
1429600 911.1
1429610 909.5
1429620 909.5
1429630 907.3
1429640 905.0
1429650 905.0
1429660 904.2
1429670 902.3
1429680 902.3
1429690 898.6
1429700 894.8
1429710 894.8
1429720 890.8
1429730 885.8
1429740 885.8
1429750 880.9
1429760 875.3
1429770 875.3
1429780 870.6
1429790 866.0
1429800 858.8
1429810 858.8
1429820 849.4
1429830 837.9
1429840 837.9
1429850 837.6
1429860 845.6
1429870 845.6
1429880 853.0
1429890 858.8
1429900 858.8
1429910 865.2
1429920 870.4
1429930 870.4
1429940 875.0
1429950 881.3
1429960 881.3
1429970 887.6
1429980 893.6
1429990 893.6
1430000 896.6
1430010 899.0
1430020 899.0
1430030 900.4
1430040 901.3
1430050 901.3
1430060 903.2
1430070 905.0
1430080 906.8
1430090 906.8
1430100 908.1
1430110 908.6
1430120 908.6
1430130 908.7
1430140 908.7
1430150 908.7
1430160 909.0
1430170 909.3
1430180 909.3
1430190 909.5
1430200 909.7
1430210 909.7
1430220 909.9
1430230 909.8
1430240 909.8
1430250 909.3
1430260 908.6
1430270 908.6
1430280 908.6
1430290 908.8
1430300 908.8
1430310 909.7
1430320 911.1
1430330 912.2
1430340 912.2
1430350 913.2
1430360 914.8
1430370 914.8
1430380 916.1
1430390 916.9
1430400 916.9
1430410 917.9
1430420 918.8
1430430 918.8
1430440 919.5
1430450 919.9
1430460 919.9
1430470 920.1
1430480 920.2
1430490 920.2
1430500 920.5
1430510 921.1
1430520 921.1
1430530 921.9
1430540 923.1
1430550 923.1
1430560 923.8
1430570 923.9
1430580 923.9
1430590 923.4
1430600 922.8
1430610 922.4
1430620 922.4
1430630 922.1
1430640 921.8
1430650 921.8
1430660 921.3
1430670 920.9
1430680 920.9
1430690 920.3
1430700 919.7
1430710 919.7
1430720 918.7
1430730 917.0
1430740 917.0
1430750 915.1
1430760 913.0
1430770 913.0
1430780 909.5
1430790 904.8
1430800 904.8
1430810 901.2
1430820 900.0
1430830 900.0
1430840 898.3
1430850 892.8
1430860 887.6
1430870 887.6
1430880 897.2
1430890 905.4
1430900 905.4
1430910 909.4
1430920 911.8
1430930 911.8
1430940 914.2
1430950 916.8
1430960 916.8
1430970 918.7
1430980 919.0
1430990 919.0
1431000 919.6
1431010 920.1
1431020 920.1
1431030 920.5
1431040 920.6
1431050 917.0
1431060 917.0
1431070 916.8
1431080 916.8
1431090 917.0
1431100 917.4
1431110 917.4
1431120 917.1
1431130 917.1
1431140 917.6
1431150 917.6
1431160 917.6
1431170 917.1
1431180 917.1
1431190 917.5
1431200 917.7
1431210 917.7
1431220 916.4
1431230 913.2
1431240 913.2
1431250 909.7
1431260 907.7
1431270 907.7
1431280 906.2
1431290 904.8
1431300 904.8
1431310 904.1
1431320 904.0
1431330 904.0
1431340 904.4
1431350 904.5
1431360 904.5
1431370 903.7
1431380 901.3
1431390 899.6
1431400 899.6
1431410 895.8
1431420 890.8
1431430 890.8
1431440 883.2
1431450 874.3
1431460 874.3
1431470 865.3
1431480 853.6
1431490 853.6
1431500 849.7
1431510 844.6
1431520 844.6
1431530 842.1
1431540 845.3
1431550 845.3
1431560 853.7
1431570 865.4
1431580 865.4
1431590 875.6
1431600 885.8
1431610 885.8
1431620 894.2
1431630 898.4
1431640 898.4
1431650 904.8
1431660 909.4
1431670 915.7
1431680 915.7
1431690 922.5
1431700 926.8
1431710 926.8
1431720 927.6
1431730 928.2
1431740 928.2
1431750 928.7
1431760 929.3
1431770 929.3
1431780 929.7
1431790 929.7
1431800 929.7
1431810 929.5
1431820 929.5
1431830 929.5
1431840 929.7
1431850 930.4
1431860 930.4
1431870 932.7
1431880 935.4
1431890 935.4
1431900 936.9
1431910 937.3
1431920 936.9
1431930 936.9
1431940 936.7
1431950 936.6
1431960 936.6
1431970 936.6
1431980 936.9
1431990 936.9
1432000 937.5
1432010 937.8
1432020 937.8
1432030 937.3
1432040 936.6
1432050 936.6
1432060 937.3
1432070 936.4
1432080 936.4
1432090 935.9
1432100 934.9
1432110 934.9
1432120 933.4
1432130 931.9
1432140 931.9
1432150 931.2
1432160 930.4
1432170 927.3
1432180 927.3
1432190 924.1
1432200 922.0
1432210 922.0
1432220 920.7
1432230 918.7
1432240 918.7
1432250 916.1
1432260 913.8
1432270 913.8
1432280 912.1
1432290 910.9
1432300 910.9
1432310 908.7
1432320 907.1
1432330 907.1
1432340 906.1
1432350 905.6
1432360 905.6
1432370 905.6
1432380 905.0
1432390 905.0
1432400 904.2
1432410 903.7
1432420 903.7
1432430 903.6
1432440 903.4
1432450 904.1
1432460 904.1
1432470 904.5
1432480 903.2
1432490 903.2
1432500 904.0
1432510 904.2
1432520 904.2
1432530 902.1
1432540 900.2
1432550 900.2
1432560 899.1
1432570 898.0
1432580 898.0
1432590 896.0
1432600 893.2
1432610 893.2
1432620 890.6
1432630 888.1
1432640 888.1
1432650 885.2
1432660 883.5
1432670 883.5
1432680 881.8
1432690 878.0
1432700 875.2
1432710 875.2
1432720 872.5
1432730 870.7
1432740 870.7
1432750 868.1
1432760 866.0
1432770 866.0
1432780 864.2
1432790 862.8
1432800 862.8
1432810 861.5
1432820 860.3
1432830 860.3
1432840 859.3
1432850 853.6
1432860 853.6
1432870 844.5
1432880 839.9
1432890 839.9
1432900 838.7
1432910 848.8
1432920 848.8
1432930 862.1
1432940 863.5
1432950 863.5
1432960 863.8
1432970 864.2
1432980 864.3
1432990 864.3
1433000 864.3
1433010 864.1
1433020 864.1
1433030 863.7
1433040 863.1
1433050 863.1
1433060 862.4
1433070 861.7
1433080 861.7
1433090 861.2
1433100 860.9
1433110 860.9
1433120 860.2
1433130 860.2
1433140 860.2
1433150 861.4
1433160 861.1
1433170 861.1
1433180 861.2
1433190 861.3
1433200 861.3
1433210 861.4
1433220 861.4
1433230 861.5
1433240 861.5
1433250 861.8
1433260 862.0
1433270 862.0
1433280 862.2
1433290 862.7
1433300 862.7
1433310 863.3
1433320 864.1
1433330 864.1
1433340 864.8
1433350 865.4
1433360 865.4
1433370 866.0
1433380 866.5
1433390 866.5
1433400 866.7
1433410 866.4
1433420 866.4
1433430 866.0
1433440 866.4
1433450 866.4
1433460 866.6
1433470 862.5
1433480 862.5
1433490 853.0
1433500 841.8
1433510 835.9
1433520 835.9
1433530 844.4
1433540 851.5
1433550 851.5
1433560 858.0
1433570 859.6
1433580 859.6
1433590 860.3
1433600 861.1
1433610 861.1
1433620 861.6
1433630 862.1
1433640 862.1
1433650 862.9
1433660 864.5
1433670 864.5
1433680 865.5
1433690 864.7
1433700 864.7
1433710 859.9
1433720 857.6
1433730 857.6
1433740 858.7
1433750 861.6
1433760 862.8
1433770 862.8
1433780 860.4
1433790 857.5
1433800 857.5
1433810 858.3
1433820 862.0
1433830 862.0
1433840 860.5
1433850 852.6
1433860 852.6
1433870 846.2
1433880 842.6
1433890 842.6
1433900 838.8
1433910 834.7
1433920 834.7
1433930 830.0
1433940 828.2
1433950 828.2
1433960 828.3
1433970 827.8
1433980 827.8
1433990 827.2
1434000 818.4
1434010 818.4
1434020 805.6
1434030 807.4
1434040 822.2
1434050 822.2
1434060 828.5
1434070 832.2
1434080 832.2
1434090 835.4
1434100 837.3
1434110 837.3
1434120 838.5
1434130 839.7
1434140 839.7
1434150 842.3
1434160 845.8
1434170 845.8
1434180 849.3
1434190 851.6
1434200 851.6
1434210 852.9
1434220 852.7
1434230 852.7
1434240 851.2
1434250 849.9
1434260 849.9
1434270 848.3
1434280 850.5
1434290 856.4
1434300 856.4
1434310 859.7
1434320 859.9
1434330 859.9
1434340 855.9
1434350 848.9
1434360 848.9
1434370 841.7
1434380 835.6
1434390 835.6
1434400 829.7
1434410 824.4
1434420 824.4
1434430 818.6
1434440 815.4
1434450 815.4
1434460 812.7
1434470 808.7
1434480 808.7
1434490 802.0
1434500 795.4
1434510 795.4
1434520 797.3
1434530 801.9
1434540 801.9
1434550 803.5
1434560 803.8
1434570 802.7
1434580 802.7
1434590 801.7
1434600 801.4
1434610 801.4
1434620 801.4
1434630 801.2
1434640 801.2
1434650 800.5
1434660 799.4
1434670 799.4
1434680 798.7
1434690 798.6
1434700 798.6
1434710 799.5
1434720 799.8
1434730 799.8
1434740 800.2
1434750 800.9
1434760 800.9
1434770 800.6
1434780 800.0
1434790 800.0
1434800 799.3
1434810 799.1
1434820 799.2
1434830 799.2
1434840 797.8
1434850 794.9
1434860 794.9
1434870 788.2
1434880 778.8
1434890 778.8
1434900 770.1
1434910 766.9
1434920 766.9
1434930 768.7
1434940 768.9
1434950 768.9
1434960 768.6
1434970 768.7
1434980 768.7
1434990 769.9
1435000 772.4
1435010 772.4
1435020 777.6
1435030 783.7
1435040 783.7
1435050 788.3
1435060 789.4
1435070 789.4
1435080 789.4
1435090 789.0
1435100 787.8
1435110 787.8
1435120 786.3
1435130 784.9
1435140 784.9
1435150 784.3
1435160 784.6
1435170 784.6
1435180 784.8
1435190 784.8
1435200 784.8
1435210 785.0
1435220 785.4
1435230 785.4
1435240 786.2
1435250 786.9
1435260 786.9
1435270 788.1
1435280 789.0
1435290 789.0
1435300 789.4
1435310 789.2
1435320 789.2
1435330 787.8
1435340 785.1
1435350 781.4
1435360 781.4
1435370 781.7
1435380 784.7
1435390 784.7
1435400 786.1
1435410 785.8
1435420 785.8
1435430 785.5
1435440 785.3
1435450 785.3
1435460 783.8
1435470 784.6
1435480 784.6
1435490 783.8
1435500 782.2
1435510 782.2
1435520 779.8
1435530 777.0
1435540 777.0
1435550 776.1
1435560 776.4
1435570 776.4
1435580 776.4
1435590 774.6
1435600 774.6
1435610 774.8
1435620 774.7
1435630 769.2
1435640 769.2
1435650 773.2
1435660 774.0
1435670 774.0
1435680 773.2
1435690 772.9
1435700 772.9
1435710 772.8
1435720 771.0
1435730 771.0
1435740 769.2
1435750 767.6
1435760 767.6
1435770 766.2
1435780 765.5
1435790 765.5
1435800 764.0
1435810 762.7
1435820 762.7
1435830 762.5
1435840 761.8
1435850 761.8
1435860 761.3
1435870 761.1
1435880 760.4
1435890 760.4
1435900 761.2
1435910 760.5
1435920 760.5
1435930 758.9
1435940 758.4
1435950 758.4
1435960 758.3
1435970 757.9
1435980 757.9
1435990 757.7
1436000 757.5
1436010 757.5
1436020 757.6
1436030 758.1
1436040 758.1
1436050 752.3
1436060 751.9
1436070 751.9
1436080 751.4
1436090 751.4
1436100 751.4
1436110 751.8
1436120 751.9
1436130 751.9
1436140 751.2
1436150 751.7
1436160 752.3
1436170 752.3
1436180 752.8
1436190 753.3
1436200 753.3
1436210 754.1
1436220 755.2
1436230 755.2
1436240 756.8
1436250 760.3
1436260 760.3
1436270 763.5
1436280 765.6
1436290 765.6
1436300 767.1
1436310 768.1
1436320 768.1
1436330 769.1
1436340 769.9
1436350 769.9
1436360 770.6
1436370 771.3
1436380 771.3
1436390 771.7
1436400 771.3
1436410 769.7
1436420 769.7
1436430 767.6
1436440 764.0
1436450 764.0
1436460 760.2
1436470 759.4
1436480 759.4
1436490 761.7
1436500 764.5
1436510 764.5
1436520 766.2
1436530 766.3
1436540 766.3
1436550 766.1
1436560 766.1
1436570 766.1
1436580 765.6
1436590 764.8
1436600 764.8
1436610 763.8
1436620 762.3
1436630 762.3
1436640 760.7
1436650 759.4
1436660 759.4
1436670 758.2
1436680 756.9
1436690 756.2
1436700 756.2
1436710 756.1
1436720 756.5
1436730 756.5
1436740 756.4
1436750 755.7
1436760 755.7
1436770 755.4
1436780 755.1
1436790 755.1
1436800 754.9
1436810 754.6
1436820 754.6
1436830 753.7
1436840 751.6
1436850 751.6
1436860 748.7
1436870 746.6
1436880 746.6
1436890 745.4
1436900 744.3
1436910 744.3
1436920 743.3
1436930 742.7
1436940 742.0
1436950 742.0
1436960 741.2
1436970 740.7
1436980 740.7
1436990 740.4
1437000 740.5
1437010 740.5
1437020 740.7
1437030 740.9
1437040 740.9
1437050 741.3
1437060 742.3
1437070 742.3
1437080 744.0
1437090 745.3
1437100 745.3
1437110 746.7
1437120 748.3
1437130 748.3
1437140 750.2
1437150 752.7
1437160 752.7
1437170 755.2
1437180 757.7
1437190 757.7
1437200 761.5
1437210 763.1
1437220 764.8
1437230 764.8
1437240 766.2
1437250 767.2
1437260 767.2
1437270 768.1
1437280 768.6
1437290 768.6
1437300 768.8
1437310 768.4
1437320 768.4
1437330 768.9
1437340 769.5
1437350 769.5
1437360 770.2
1437370 770.2
1437380 770.2
1437390 769.8
1437400 769.1
1437410 769.1
1437420 768.5
1437430 768.1
1437440 768.1
1437450 767.6
1437460 767.2
1437470 766.9
1437480 766.9
1437490 766.8
1437500 767.2
1437510 767.2
1437520 767.9
1437530 768.8
1437540 768.8
1437550 770.3
1437560 771.7
1437570 771.7
1437580 772.7
1437590 773.6
1437600 773.6
1437610 774.1
1437620 772.5
1437630 772.5
1437640 773.6
1437650 775.1
1437660 775.1
1437670 777.7
1437680 779.7
1437690 779.7
1437700 781.5
1437710 783.5
1437720 783.5
1437730 784.9
1437740 788.2
1437750 788.5
1437760 788.5
1437770 780.3
1437780 774.0
1437790 774.0
1437800 779.8
1437810 791.2
1437820 791.2
1437830 795.0
1437840 795.2
1437850 795.2
1437860 801.7
1437870 807.1
1437880 807.1
1437890 808.5
1437900 809.9
1437910 809.9
1437920 811.2
1437930 812.9
1437940 812.9
1437950 814.7
1437960 814.8
1437970 814.8
1437980 815.2
1437990 815.3
1438000 815.9
1438010 815.9
1438020 816.1
1438030 816.3
1438040 816.3
1438050 816.1
1438060 816.4
1438070 816.4
1438080 817.0
1438090 818.4
1438100 818.4
1438110 818.6
1438120 817.1
1438130 817.1
1438140 815.8
1438150 815.5
1438160 815.5
1438170 815.8
1438180 816.2
1438190 816.2
1438200 816.4
1438210 816.3
1438220 816.3
1438230 816.0
1438240 815.5
1438250 815.5
1438260 815.2
1438270 815.3
1438280 815.3
1438290 815.3
1438300 815.2
1438310 815.3
1438320 815.3
1438330 815.7
1438340 816.1
1438350 816.1
1438360 816.8
1438370 817.6
1438380 817.6
1438390 818.2
1438400 819.0
1438410 819.0
1438420 819.9
1438430 820.4
1438440 820.4
1438450 820.9
1438460 821.7
1438470 821.7
1438480 822.5
1438490 823.0
1438500 823.0
1438510 823.4
1438520 823.6
1438530 823.8
1438540 823.8
1438550 823.9
1438560 824.1
1438570 824.1
1438580 824.2
1438590 824.4
1438600 824.4
1438610 824.6
1438620 825.2
1438630 825.2
1438640 825.3
1438650 825.3
1438660 825.3
1438670 825.5
1438680 825.8
1438690 825.8
1438700 826.0
1438710 826.2
1438720 826.2
1438730 826.4
1438740 824.1
1438750 824.1
1438760 824.4
1438770 824.8
1438780 824.8
1438790 825.8
1438800 826.9
1438810 827.2
1438820 827.2
1438830 826.9
1438840 825.1
1438850 825.1
1438860 822.3
1438870 820.3
1438880 820.3
1438890 818.5
1438900 816.4
1438910 816.4
1438920 814.5
1438930 812.9
1438940 812.9
1438950 811.4
1438960 810.1
1438970 810.1
1438980 809.1
1438990 808.4
1439000 808.4
1439010 807.7
1439020 806.9
1439030 806.9
1439040 806.1
1439050 805.4
1439060 804.6
1439070 804.6
1439080 803.5
1439090 802.4
1439100 802.4
1439110 801.4
1439120 800.1
1439130 800.1
1439140 798.3
1439150 796.5
1439160 796.5
1439170 795.2
1439180 793.3
1439190 793.3
1439200 792.3
1439210 791.6
1439220 791.6
1439230 790.9
1439240 790.3
1439250 790.3
1439260 789.6
1439270 788.8
1439280 788.8
1439290 786.5
1439300 783.0
1439310 782.7
1439320 782.7
1439330 783.2
1439340 783.6
1439350 783.6
1439360 784.8
1439370 786.4
1439380 786.4
1439390 787.2
1439400 786.2
1439410 786.2
1439420 784.6
1439430 782.9
1439440 782.9
1439450 778.6
1439460 771.0
1439470 771.0
1439480 763.3
1439490 759.0
1439500 759.0
1439510 758.2
1439520 757.7
1439530 757.7
1439540 757.3
1439550 756.8
1439560 756.8
1439570 756.3
1439580 755.9
1439590 755.1
1439600 755.1
1439610 754.0
1439620 753.2
1439630 753.2
1439640 752.6
1439650 752.2
1439660 752.2
1439670 751.8
1439680 751.1
1439690 751.1
1439700 750.2
1439710 748.7
1439720 748.7
1439730 747.2
1439740 745.9
1439750 745.9
1439760 744.8
1439770 743.8
1439780 743.8
1439790 743.5
1439800 742.4
1439810 742.4
1439820 741.3
1439830 740.4
1439840 739.5
1439850 739.5
1439860 738.4
1439870 737.7
1439880 737.7
1439890 736.9
1439900 735.7
1439910 735.7
1439920 734.9
1439930 733.9
1439940 733.9
1439950 733.1
1439960 733.0
1439970 733.0
1439980 732.1
1439990 731.3
