1420000 1052.7
1420010 1049.7
1420020 1046.8
1420030 1043.7
1420040 1043.7
1420050 1041.0
1420060 1036.7
1420070 1036.7
1420080 1032.4
1420090 1028.0
1420100 1028.0
1420110 1023.5
1420120 1018.8
1420130 1018.8
1420140 1014.5
1420150 1010.8
1420160 1010.8
1420170 1006.6
1420180 1002.1
1420190 1002.1
1420200 996.9
1420210 992.8
1420220 992.8
1420230 990.0
1420240 987.2
1420250 987.2
1420260 982.5
1420270 978.4
1420280 978.4
1420290 974.9
1420300 969.9
1420310 966.2
1420320 966.2
1420330 963.3
1420340 960.6
1420350 960.6
1420360 956.6
1420370 953.1
1420380 953.1
1420390 949.2
1420400 944.9
1420410 944.9
1420420 940.1
1420430 935.6
1420440 935.6
1420450 931.0
1420460 926.2
1420470 926.2
1420480 921.8
1420490 918.6
1420500 918.6
1420510 914.7
1420520 910.6
1420530 910.6
1420540 905.5
1420550 898.2
1420560 889.0
1420570 889.0
1420580 879.2
1420590 869.6
1420600 869.6
1420610 860.8
1420620 850.4
1420630 850.4
1420640 840.6
1420650 836.8
1420660 836.8
1420670 844.1
1420680 855.7
1420690 855.7
1420700 867.4
1420710 879.9
1420720 879.9
1420730 888.3
1420740 897.5
1420750 897.5
1420760 904.7
1420770 908.1
1420780 908.1
1420790 910.5
1420800 910.2
1420810 910.2
1420820 910.6
1420830 910.6
1420840 910.5
1420850 910.5
1420860 910.8
1420870 911.6
1420880 911.6
1420890 912.2
1420900 913.4
1420910 913.4
1420920 913.5
1420930 913.0
1420940 913.0
1420950 910.9
1420960 906.9
1420970 906.9
1420980 904.3
1420990 903.1
1421000 903.1
1421010 903.1
1421020 904.0
1421030 904.0
1421040 904.8
1421050 905.8
1421060 905.8
1421070 906.9
1421080 908.5
1421090 911.1
1421100 911.1
1421110 913.3
1421120 913.9
1421130 913.9
1421140 910.8
1421150 909.3
1421160 909.3
1421170 911.2
1421180 915.3
1421190 915.3
1421200 922.3
1421210 927.3
1421220 927.3
1421230 930.5
1421240 932.5
1421250 932.5
1421260 930.7
1421270 929.2
1421280 929.2
1421290 930.4
1421300 932.3
1421310 932.3
1421320 933.9
1421330 935.2
1421340 935.2
1421350 936.2
1421360 937.3
1421370 936.9
1421380 936.9
1421390 935.8
1421400 934.4
1421410 934.4
1421420 932.3
1421430 929.9
1421440 929.9
1421450 927.4
1421460 926.1
1421470 926.1
1421480 925.8
1421490 923.1
1421500 923.1
1421510 918.3
1421520 911.9
1421530 911.9
1421540 904.7
1421550 897.4
1421560 897.4
1421570 888.9
1421580 881.1
1421590 881.1
1421600 873.2
1421610 874.4
1421620 876.5
1421630 876.5
1421640 880.4
1421650 888.2
1421660 888.2
1421670 892.2
1421680 892.2
1421690 892.2
1421700 890.9
1421710 883.2
1421720 883.2
1421730 868.8
1421740 861.5
1421750 861.5
1421760 864.2
1421770 875.5
1421780 875.5
1421790 884.0
1421800 886.7
1421810 886.7
1421820 886.7
1421830 888.1
1421840 888.1
1421850 886.5
1421860 881.6
1421870 881.6
1421880 887.7
1421890 889.5
1421900 891.2
1421910 891.2
1421920 893.1
1421930 893.9
1421940 893.9
1421950 893.9
1421960 893.4
1421970 893.4
1421980 892.1
1421990 891.9
1422000 891.9
1422010 893.4
1422020 893.5
1422030 893.5
1422040 888.4
1422050 880.8
1422060 880.8
1422070 875.1
1422080 868.2
1422090 868.2
1422100 861.2
1422110 869.1
1422120 869.1
1422130 880.4
1422140 890.9
1422150 890.9
1422160 895.9
1422170 895.4
1422180 899.3
1422190 899.3
1422200 903.2
1422210 907.0
1422220 907.0
1422230 909.8
1422240 912.3
1422250 912.3
1422260 915.2
1422270 918.3
1422280 918.3
1422290 921.2
1422300 923.4
1422310 923.4
1422320 925.6
1422330 927.7
1422340 927.7
1422350 928.8
1422360 930.1
1422370 930.1
1422380 932.4
1422390 935.0
1422400 935.0
1422410 936.6
1422420 938.1
1422430 937.8
1422440 937.8
1422450 938.8
1422460 936.0
1422470 936.0
1422480 932.9
1422490 932.5
1422500 932.5
1422510 932.8
1422520 931.1
1422530 931.1
1422540 930.0
1422550 931.9
1422560 931.9
1422570 934.9
1422580 937.9
1422590 937.9
1422600 937.9
1422610 937.2
1422620 937.2
1422630 936.5
1422640 935.1
1422650 935.1
1422660 932.4
1422670 929.4
1422680 929.4
1422690 926.0
1422700 923.8
1422710 922.6
1422720 922.6
1422730 922.6
1422740 922.8
1422750 922.8
1422760 922.8
1422770 922.6
1422780 922.6
1422790 921.8
1422800 920.2
1422810 920.2
1422820 919.0
1422830 917.3
1422840 917.3
1422850 915.8
1422860 914.3
1422870 914.3
1422880 912.2
1422890 910.0
1422900 910.0
1422910 908.6
1422920 905.1
1422930 905.1
1422940 901.5
1422950 898.4
1422960 894.9
1422970 894.9
1422980 890.7
1422990 886.1
1423000 886.1
1423010 883.9
1423020 879.4
1423030 879.4
1423040 875.0
1423050 871.7
1423060 871.7
1423070 868.9
1423080 866.0
1423090 866.0
1423100 862.8
1423110 858.3
1423120 858.3
1423130 852.6
1423140 846.1
1423150 846.1
1423160 841.3
1423170 839.1
1423180 839.1
1423190 838.1
1423200 835.0
1423210 835.0
1423220 829.7
1423230 824.1
1423240 818.0
1423250 818.0
1423260 813.3
1423270 808.6
1423280 808.6
1423290 804.1
1423300 799.6
1423310 799.6
1423320 793.4
1423330 788.4
1423340 788.4
1423350 783.9
1423360 779.4
1423370 779.4
1423380 775.1
1423390 769.8
1423400 769.8
1423410 765.8
1423420 762.4
1423430 762.4
1423440 758.2
1423450 755.6
1423460 755.6
1423470 755.2
1423480 754.5
1423490 753.6
1423500 753.6
1423510 753.2
1423520 752.9
1423530 752.9
1423540 752.7
1423550 752.6
1423560 752.6
1423570 752.8
1423580 753.2
1423590 753.2
1423600 753.4
1423610 753.4
1423620 753.4
1423630 753.0
1423640 752.6
1423650 752.6
1423660 752.6
1423670 752.6
1423680 752.6
1423690 752.7
1423700 752.8
1423710 752.8
1423720 752.9
1423730 752.9
1423740 752.9
1423750 753.0
1423760 753.0
1423770 753.0
1423780 753.0
1423790 753.0
1423800 753.0
1423810 753.0
1423820 752.9
1423830 753.2
1423840 753.2
1423850 753.3
1423860 753.3
1423870 753.3
1423880 753.2
1423890 753.1
1423900 753.1
1423910 753.0
1423920 752.9
1423930 752.9
1423940 752.9
1423950 752.9
1423960 752.9
1423970 752.9
1423980 753.0
1423990 753.0
1424000 753.1
1424010 753.1
1424020 753.2
1424030 753.2
1424040 753.1
1424050 753.1
1424060 753.1
1424070 753.0
1424080 753.0
1424090 753.0
1424100 753.1
1424110 753.1
1424120 753.1
1424130 752.9
1424140 752.7
1424150 752.7
1424160 752.6
1424170 752.5
1424180 752.5
1424190 752.8
1424200 752.9
1424210 752.9
1424220 752.9
1424230 752.8
1424240 752.8
1424250 752.8
1424260 753.6
1424270 753.6
1424280 754.1
1424290 753.6
1424300 753.4
1424310 753.4
1424320 753.2
1424330 753.1
1424340 753.1
1424350 753.1
1424360 753.0
1424370 753.0
1424380 753.0
1424390 753.0
1424400 753.0
1424410 753.0
1424420 753.2
1424430 753.2
1424440 753.2
1424450 753.1
1424460 753.1
1424470 752.8
1424480 752.6
1424490 752.6
1424500 752.3
1424510 752.1
1424520 752.1
1424530 752.1
1424540 752.1
1424550 752.1
1424560 751.9
1424570 752.4
1424580 751.8
1424590 751.8
1424600 751.8
1424610 751.8
1424620 751.8
1424630 751.7
1424640 751.6
1424650 751.6
1424660 752.0
1424670 752.1
1424680 752.1
1424690 752.0
1424700 751.5
1424710 751.5
1424720 751.3
1424730 751.3
1424740 751.3
1424750 751.3
1424760 751.3
1424770 751.3
1424780 751.1
1424790 751.0
1424800 751.0
1424810 751.0
1424820 751.0
1424830 751.0
1424840 751.0
1424850 750.8
1424860 750.8
1424870 750.8
1424880 750.9
1424890 751.1
1424900 751.1
1424910 751.2
1424920 751.3
1424930 751.3
1424940 751.4
1424950 751.4
1424960 751.4
1424970 751.5
1424980 751.9
1424990 751.9
1425000 751.9
1425010 751.7
1425020 751.7
1425030 751.6
1425040 751.1
1425050 751.1
1425060 750.7
1425070 750.8
1425080 750.8
1425090 750.7
1425100 750.8
1425110 750.7
1425120 750.7
1425130 750.7
1425140 750.8
1425150 750.8
1425160 750.7
1425170 750.6
1425180 750.6
1425190 750.6
1425200 750.6
1425210 750.6
1425220 750.7
1425230 750.7
1425240 750.7
1425250 750.6
1425260 750.6
1425270 750.6
1425280 750.6
1425290 750.6
1425300 750.6
1425310 750.7
1425320 750.8
1425330 750.8
1425340 750.8
1425350 750.7
1425360 750.6
1425370 750.6
1425380 750.5
1425390 750.5
1425400 750.5
1425410 750.6
1425420 750.7
1425430 750.7
1425440 750.6
1425450 750.7
1425460 750.7
1425470 750.5
1425480 750.4
1425490 750.4
1425500 750.4
1425510 750.5
1425520 750.5
1425530 750.5
1425540 750.5
1425550 750.5
1425560 750.5
1425570 750.6
1425580 750.6
1425590 750.6
1425600 750.7
1425610 750.7
1425620 750.8
1425630 750.3
1425640 750.2
1425650 750.2
1425660 750.9
1425670 751.0
1425680 751.0
1425690 751.0
1425700 751.2
1425710 751.2
1425720 751.1
1425730 750.7
1425740 750.7
1425750 750.5
1425760 750.7
1425770 750.7
1425780 750.9
1425790 750.9
1425800 750.9
1425810 750.7
1425820 750.9
1425830 750.9
1425840 750.9
1425850 750.9
1425860 750.9
1425870 750.8
1425880 750.8
1425890 750.9
1425900 750.9
1425910 750.9
1425920 750.9
1425930 750.9
1425940 750.9
1425950 750.8
1425960 750.8
1425970 750.7
1425980 750.7
1425990 750.7
1426000 750.7
1426010 750.7
1426020 750.7
1426030 750.7
1426040 750.6
1426050 750.6
1426060 750.8
1426070 751.0
1426080 751.0
1426090 750.9
1426100 751.0
1426110 751.0
1426120 750.9
1426130 751.1
1426140 751.1
1426150 751.2
1426160 751.0
1426170 749.3
1426180 749.3
1426190 750.3
1426200 750.6
1426210 750.6
1426220 750.7
1426230 750.7
1426240 750.7
1426250 750.6
1426260 750.5
1426270 750.5
1426280 750.6
1426290 750.6
1426300 750.6
1426310 750.6
1426320 750.6
1426330 750.6
1426340 750.6
1426350 750.6
1426360 750.6
1426370 750.6
1426380 750.5
1426390 750.5
1426400 750.6
1426410 750.6
1426420 750.7
1426430 750.7
1426440 750.7
1426450 750.9
1426460 750.9
1426470 750.9
1426480 750.9
1426490 750.9
1426500 751.0
1426510 751.1
1426520 751.1
1426530 751.1
1426540 751.2
1426550 751.2
1426560 751.2
1426570 751.2
1426580 751.2
1426590 751.1
1426600 751.2
1426610 751.2
1426620 751.4
1426630 751.8
1426640 751.8
1426650 752.2
1426660 752.5
1426670 752.5
1426680 752.7
1426690 754.7
1426700 760.0
1426710 760.0
1426720 768.1
1426730 774.8
1426740 774.8
1426750 776.6
1426760 778.8
1426770 778.8
1426780 782.8
1426790 788.1
1426800 788.1
1426810 792.3
1426820 795.9
1426830 795.9
1426840 800.4
1426850 805.2
1426860 805.2
1426870 810.9
1426880 816.7
1426890 816.7
1426900 821.4
1426910 826.8
1426920 826.8
1426930 832.0
1426940 836.9
1426950 841.8
1426960 841.8
1426970 846.5
1426980 850.4
1426990 850.4
1427000 854.7
1427010 860.1
1427020 860.1
1427030 864.7
1427040 868.7
1427050 868.7
1427060 872.9
1427070 877.2
1427080 877.2
1427090 881.9
1427100 886.0
1427110 886.0
1427120 891.8
1427130 897.3
1427140 897.3
1427150 903.4
1427160 910.2
1427170 910.2
1427180 917.2
1427190 923.9
1427200 923.9
1427210 930.5
1427220 939.4
1427230 948.4
1427240 948.4
1427250 956.6
1427260 964.8
1427270 964.8
1427280 971.6
1427290 977.7
1427300 977.7
1427310 984.3
1427320 990.6
1427330 990.6
1427340 997.3
1427350 1004.4
1427360 1004.4
1427370 1011.8
1427380 1019.3
1427390 1019.3
1427400 1027.1
1427410 1034.6
1427420 1034.6
1427430 1042.7
1427440 1049.8
1427450 1049.8
1427460 1056.9
1427470 1063.7
1427480 1063.7
1427490 1071.6
1427500 1080.1
1427510 1087.8
1427520 1087.8
1427530 1094.4
1427540 1101.4
1427550 1101.4
1427560 1107.2
1427570 1113.3
1427580 1113.3
1427590 1119.0
1427600 1125.0
1427610 1125.0
1427620 1130.8
1427630 1136.4
1427640 1136.4
1427650 1142.7
1427660 1148.9
1427670 1148.9
1427680 1155.2
1427690 1160.7
1427700 1160.7
1427710 1166.0
1427720 1171.3
1427730 1171.3
1427740 1174.2
1427750 1173.6
1427760 1170.2
1427770 1170.2
1427780 1165.5
1427790 1160.8
1427800 1160.8
1427810 1156.5
1427820 1152.0
1427830 1152.0
1427840 1147.6
1427850 1143.4
1427860 1143.4
1427870 1138.9
1427880 1134.5
1427890 1134.5
1427900 1130.0
1427910 1125.6
1427920 1125.6
1427930 1121.0
1427940 1117.8
1427950 1117.8
1427960 1116.4
1427970 1111.8
1427980 1107.1
1427990 1102.7
1428000 1108.1
1428010 1108.1
1428020 1115.6
1428030 1122.2
1428040 1129.7
1428050 1129.7
1428060 1136.8
1428070 1142.9
1428080 1142.9
1428090 1148.9
1428100 1155.7
1428110 1155.7
1428120 1163.6
1428130 1171.1
1428140 1171.1
1428150 1179.3
1428160 1184.4
1428170 1184.4
1428180 1190.9
1428190 1197.1
1428200 1197.1
1428210 1203.2
1428220 1209.5
1428230 1209.5
1428240 1216.0
1428250 1222.4
1428260 1222.4
1428270 1228.5
1428280 1235.0
1428290 1241.8
1428300 1241.8
1428310 1248.6
1428320 1254.9
1428330 1254.9
1428340 1259.4
1428350 1263.9
1428360 1263.9
1428370 1268.3
1428380 1272.3
1428390 1272.3
1428400 1275.9
1428410 1279.5
1428420 1279.5
1428430 1283.4
1428440 1287.4
1428450 1287.4
1428460 1291.6
1428470 1296.0
1428480 1296.0
1428490 1300.6
1428500 1303.5
1428510 1303.5
1428520 1308.3
1428530 1312.5
1428540 1312.5
1428550 1317.1
1428560 1320.6
1428570 1323.9
1428580 1323.9
1428590 1326.7
1428600 1327.8
1428610 1327.8
1428620 1327.7
1428630 1328.8
1428640 1328.8
1428650 1330.0
1428660 1330.2
1428670 1330.2
1428680 1329.6
1428690 1329.5
1428700 1329.5
1428710 1330.2
1428720 1330.9
1428730 1330.9
1428740 1331.7
1428750 1333.1
1428760 1333.1
1428770 1335.3
1428780 1337.2
1428790 1337.2
1428800 1338.9
1428810 1340.0
1428820 1341.0
1428830 1341.0
1428840 1342.3
1428850 1343.5
1428860 1343.5
1428870 1345.0
1428880 1346.5
1428890 1346.5
1428900 1347.6
1428910 1348.6
1428920 1348.6
1428930 1349.4
1428940 1350.0
1428950 1350.0
1428960 1350.8
1428970 1351.0
1428980 1351.0
1428990 1350.8
1429000 1350.6
1429010 1350.6
1429020 1350.1
1429030 1349.0
1429040 1349.0
1429050 1347.7
1429060 1346.5
1429070 1346.5
1429080 1344.3
1429090 1339.7
1429100 1339.6
1429110 1339.6
1429120 1339.4
1429130 1338.3
1429140 1338.3
1429150 1336.4
1429160 1333.9
1429170 1333.9
1429180 1332.2
1429190 1330.4
1429200 1330.4
1429210 1328.0
1429220 1325.3
1429230 1325.3
1429240 1322.0
1429250 1317.9
1429260 1317.9
1429270 1313.7
1429280 1309.9
1429290 1309.9
1429300 1305.2
1429310 1299.9
1429320 1299.9
1429330 1294.8
1429340 1289.1
1429350 1289.1
1429360 1284.1
1429370 1278.6
1429380 1272.8
1429390 1272.8
1429400 1266.7
1429410 1261.9
1429420 1261.9
1429430 1256.9
1429440 1251.0
1429450 1251.0
1429460 1245.3
1429470 1239.9
1429480 1239.9
1429490 1234.4
1429500 1228.5
1429510 1228.5
1429520 1222.1
1429530 1215.7
1429540 1215.7
1429550 1209.6
1429560 1202.8
1429570 1202.8
1429580 1196.4
1429590 1189.0
1429600 1189.0
1429610 1182.0
1429620 1177.1
1429630 1173.1
1429640 1173.1
1429650 1167.7
1429660 1161.5
1429670 1161.5
1429680 1155.2
1429690 1150.3
1429700 1150.3
1429710 1145.7
1429720 1140.7
1429730 1140.7
1429740 1134.4
1429750 1128.5
1429760 1128.5
1429770 1121.6
1429780 1114.5
1429790 1114.5
1429800 1106.7
1429810 1099.8
1429820 1099.8
1429830 1094.3
1429840 1089.4
1429850 1089.4
1429860 1082.3
1429870 1078.9
1429880 1078.9
1429890 1072.4
1429900 1066.0
1429910 1064.5
1429920 1064.5
1429930 1072.2
1429940 1077.7
1429950 1077.7
1429960 1078.9
1429970 1076.9
1429980 1076.9
1429990 1073.3
1430000 1069.3
1430010 1069.3
1430020 1063.4
1430030 1059.4
1430040 1059.4
1430050 1055.7
1430060 1050.7
1430070 1050.7
1430080 1046.2
1430090 1041.3
1430100 1041.3
1430110 1036.2
1430120 1027.6
1430130 1027.6
1430140 1017.1
1430150 1007.6
1430160 1005.9
1430170 1005.9
1430180 1014.3
1430190 1022.6
1430200 1022.6
1430210 1030.1
1430220 1037.0
1430230 1037.0
1430240 1040.2
1430250 1046.6
1430260 1046.6
1430270 1053.1
1430280 1059.7
1430290 1059.7
1430300 1066.3
1430310 1073.2
1430320 1073.2
1430330 1078.9
1430340 1084.0
1430350 1084.0
1430360 1088.9
1430370 1094.9
1430380 1094.9
1430390 1101.2
1430400 1107.1
1430410 1107.1
1430420 1112.6
1430430 1118.4
1430440 1124.4
1430450 1124.4
1430460 1130.9
1430470 1137.4
1430480 1137.4
1430490 1144.3
1430500 1151.6
1430510 1151.6
1430520 1157.2
1430530 1164.1
1430540 1164.1
1430550 1170.9
1430560 1178.2
1430570 1178.2
1430580 1185.4
1430590 1193.4
1430600 1193.4
1430610 1201.0
1430620 1208.8
1430630 1208.8
1430640 1215.8
1430650 1223.2
1430660 1223.2
1430670 1230.7
1430680 1238.4
1430690 1246.7
1430700 1246.7
1430710 1254.3
1430720 1262.6
1430730 1262.6
1430740 1270.2
1430750 1278.3
1430760 1278.3
1430770 1285.5
1430780 1290.9
1430790 1290.9
1430800 1294.5
1430810 1294.5
1430820 1294.5
1430830 1291.6
1430840 1286.9
1430850 1286.9
1430860 1281.6
1430870 1275.6
1430880 1275.6
1430890 1269.2
1430900 1263.8
1430910 1263.8
1430920 1258.6
1430930 1253.2
1430940 1253.2
1430950 1247.2
1430960 1239.8
1430970 1232.4
1430980 1232.4
1430990 1225.4
1431000 1218.5
1431010 1218.5
1431020 1211.6
1431030 1205.2
1431040 1205.2
1431050 1198.3
1431060 1192.0
1431070 1192.0
1431080 1185.4
1431090 1179.7
1431100 1179.7
1431110 1172.0
1431120 1167.4
1431130 1167.4
1431140 1160.5
1431150 1154.0
1431160 1154.0
1431170 1147.3
1431180 1141.2
1431190 1141.2
1431200 1134.7
1431210 1128.7
1431220 1122.2
1431230 1122.2
1431240 1115.7
1431250 1109.3
1431260 1109.3
1431270 1103.1
1431280 1097.1
1431290 1097.1
1431300 1091.0
1431310 1084.5
1431320 1084.5
1431330 1077.7
1431340 1071.4
1431350 1071.4
1431360 1060.2
1431370 1049.9
1431380 1049.9
1431390 1047.7
1431400 1056.3
1431410 1056.3
1431420 1062.2
1431430 1066.8
1431440 1066.8
1431450 1067.8
1431460 1071.2
1431470 1071.2
1431480 1074.4
1431490 1076.4
1431500 1079.7
1431510 1079.7
1431520 1083.3
1431530 1086.4
1431540 1086.4
1431550 1090.3
1431560 1092.6
1431570 1092.6
1431580 1095.5
1431590 1098.2
1431600 1098.2
1431610 1100.7
1431620 1103.1
1431630 1103.1
1431640 1105.8
1431650 1108.0
1431660 1108.0
1431670 1110.3
1431680 1113.1
1431690 1113.1
1431700 1115.9
1431710 1118.3
1431720 1118.3
1431730 1120.2
1431740 1121.4
1431750 1121.9
1431760 1121.9
1431770 1123.2
1431780 1127.8
1431790 1127.8
1431800 1131.7
1431810 1134.8
1431820 1134.8
1431830 1138.5
1431840 1144.0
1431850 1144.0
1431860 1147.3
1431870 1148.6
1431880 1148.6
1431890 1149.0
1431900 1148.7
1431910 1148.7
1431920 1148.1
1431930 1146.8
1431940 1146.8
1431950 1143.7
1431960 1140.7
1431970 1140.7
1431980 1137.0
1431990 1133.3
1432000 1133.3
1432010 1129.2
1432020 1125.4
1432030 1120.6
1432040 1120.6
1432050 1116.0
1432060 1112.1
1432070 1112.1
1432080 1107.2
1432090 1102.4
1432100 1102.4
1432110 1098.2
1432120 1094.1
1432130 1094.1
1432140 1090.4
1432150 1086.0
1432160 1086.0
1432170 1081.4
1432180 1076.3
1432190 1076.3
1432200 1070.8
1432210 1064.7
1432220 1064.7
1432230 1057.6
1432240 1052.3
1432250 1052.3
1432260 1050.6
1432270 1049.0
1432280 1049.0
1432290 1045.6
1432300 1039.2
1432310 1031.2
1432320 1031.2
1432330 1024.1
1432340 1017.9
1432350 1017.9
1432360 1011.0
1432370 1010.7
1432380 1010.7
1432390 1017.1
1432400 1026.5
1432410 1026.5
1432420 1035.6
1432430 1042.9
1432440 1042.9
1432450 1039.7
1432460 1037.9
1432470 1037.9
1432480 1034.3
1432490 1031.5
1432500 1031.5
1432510 1030.9
1432520 1025.1
1432530 1025.1
1432540 1023.8
1432550 1029.2
1432560 1035.0
1432570 1035.0
1432580 1041.6
1432590 1046.3
1432600 1046.3
1432610 1051.2
1432620 1056.6
1432630 1056.6
1432640 1060.5
1432650 1065.4
1432660 1065.4
1432670 1070.9
1432680 1075.5
1432690 1075.5
1432700 1079.6
1432710 1083.8
1432720 1083.8
1432730 1089.2
1432740 1095.0
1432750 1095.0
1432760 1101.3
1432770 1105.8
1432780 1105.8
1432790 1111.8
1432800 1117.1
1432810 1117.1
1432820 1122.6
1432830 1128.3
1432840 1134.2
1432850 1134.2
1432860 1140.2
1432870 1145.6
1432880 1145.6
1432890 1150.9
1432900 1156.0
1432910 1156.0
1432920 1160.9
1432930 1165.2
1432940 1165.2
1432950 1167.9
1432960 1169.1
1432970 1169.1
1432980 1169.1
1432990 1168.8
1433000 1168.8
1433010 1168.2
1433020 1167.6
1433030 1167.6
1433040 1166.6
1433050 1165.4
1433060 1165.4
1433070 1163.9
1433080 1162.7
1433090 1161.8
1433100 1161.8
1433110 1160.7
1433120 1158.9
1433130 1158.9
1433140 1156.0
1433150 1150.7
1433160 1150.7
1433170 1148.2
1433180 1152.2
1433190 1152.2
1433200 1155.8
1433210 1158.6
1433220 1158.6
1433230 1160.4
1433240 1162.2
1433250 1162.2
1433260 1163.5
1433270 1164.3
1433280 1164.3
1433290 1165.7
1433300 1167.1
1433310 1167.1
1433320 1167.8
1433330 1168.8
1433340 1168.8
1433350 1166.7
1433360 1163.8
1433370 1161.1
1433380 1161.1
1433390 1163.1
1433400 1168.9
1433410 1168.9
1433420 1171.6
1433430 1174.1
1433440 1174.1
1433450 1176.1
1433460 1176.8
1433470 1176.8
1433480 1175.9
1433490 1174.8
1433500 1174.8
1433510 1174.0
1433520 1172.7
1433530 1172.7
1433540 1172.1
1433550 1172.0
1433560 1172.0
1433570 1170.4
1433580 1167.7
1433590 1167.7
1433600 1165.5
1433610 1162.7
1433620 1159.4
1433630 1159.4
1433640 1157.3
1433650 1154.1
1433660 1154.1
1433670 1150.1
1433680 1146.1
1433690 1146.1
1433700 1140.2
1433710 1134.4
1433720 1134.4
1433730 1128.8
1433740 1122.9
1433750 1122.9
1433760 1117.8
1433770 1112.6
1433780 1112.6
1433790 1106.6
1433800 1100.5
1433810 1100.5
1433820 1095.5
1433830 1091.7
1433840 1091.7
1433850 1088.0
1433860 1084.0
1433870 1084.0
1433880 1080.8
1433890 1077.5
1433900 1074.0
1433910 1074.0
1433920 1070.9
1433930 1067.5
1433940 1067.5
1433950 1064.5
1433960 1061.7
1433970 1061.7
1433980 1059.1
1433990 1056.2
1434000 1056.2
1434010 1053.3
1434020 1050.6
1434030 1050.6
1434040 1048.4
1434050 1046.2
1434060 1046.2
1434070 1043.3
1434080 1039.9
1434090 1039.9
1434100 1036.5
1434110 1029.9
1434120 1029.9
1434130 1023.9
1434140 1018.9
1434150 1016.9
1434160 1016.9
1434170 1018.6
1434180 1020.0
1434190 1020.0
1434200 1017.6
1434210 1014.2
1434220 1014.2
1434230 1010.7
1434240 1006.9
1434250 1006.9
1434260 1003.3
1434270 1000.7
1434280 1000.7
1434290 998.7
1434300 996.8
1434310 996.8
1434320 994.1
1434330 992.0
1434340 992.0
1434350 990.3
1434360 988.3
1434370 988.3
1434380 986.3
1434390 984.6
1434400 984.6
1434410 982.7
1434420 980.4
1434430 975.8
1434440 975.8
1434450 972.0
1434460 970.3
1434470 970.3
1434480 964.9
1434490 958.2
1434500 958.2
1434510 954.1
1434520 959.1
1434530 959.1
1434540 956.2
1434550 949.8
1434560 949.8
1434570 943.6
1434580 938.5
1434590 938.5
1434600 934.3
1434610 929.9
1434620 929.9
1434630 925.3
1434640 920.6
1434650 920.6
1434660 916.5
1434670 913.1
1434680 913.1
1434690 907.9
1434700 901.4
1434710 894.3
1434720 894.3
1434730 887.9
1434740 881.7
1434750 881.7
1434760 875.8
1434770 870.8
1434780 870.8
1434790 864.1
1434800 855.0
1434810 855.0
1434820 850.8
1434830 852.8
1434840 852.8
1434850 855.5
1434860 860.7
1434870 860.7
1434880 869.3
1434890 876.3
1434900 876.3
1434910 881.3
1434920 883.4
1434930 883.4
1434940 886.2
1434950 889.2
1434960 892.7
1434970 892.7
1434980 896.3
1434990 900.6
1435000 900.6
1435010 904.7
1435020 909.7
1435030 909.7
1435040 914.9
1435050 920.5
1435060 920.5
1435070 926.4
1435080 932.5
1435090 932.5
1435100 938.8
1435110 943.7
1435120 943.7
1435130 948.1
1435140 953.5
1435150 953.5
1435160 959.0
1435170 963.3
1435180 963.3
1435190 967.4
1435200 971.2
1435210 971.2
1435220 975.3
1435230 979.2
1435240 983.2
1435250 983.2
1435260 986.9
1435270 991.6
1435280 991.6
1435290 996.2
1435300 1001.0
1435310 1001.0
1435320 1006.3
1435330 1012.2
1435340 1012.2
1435350 1017.7
1435360 1022.3
1435370 1022.3
1435380 1026.8
1435390 1032.1
1435400 1032.1
1435410 1037.0
1435420 1042.8
1435430 1042.8
1435440 1047.2
1435450 1050.9
1435460 1050.9
1435470 1054.9
1435480 1059.1
1435490 1063.3
1435500 1063.3
1435510 1067.0
1435520 1070.5
1435530 1070.5
1435540 1073.7
1435550 1076.7
1435560 1076.7
1435570 1080.0
1435580 1082.9
1435590 1082.9
1435600 1085.7
1435610 1088.9
1435620 1088.9
1435630 1091.8
1435640 1094.8
1435650 1094.8
1435660 1098.7
1435670 1100.2
1435680 1100.2
1435690 1104.9
1435700 1107.3
1435710 1107.3
1435720 1110.0
1435730 1112.8
1435740 1112.8
1435750 1115.5
1435760 1118.0
1435770 1120.5
1435780 1120.5
1435790 1123.0
1435800 1126.1
1435810 1126.1
1435820 1127.7
1435830 1129.4
1435840 1129.4
1435850 1131.6
1435860 1133.2
1435870 1133.2
1435880 1135.6
1435890 1138.0
1435900 1138.0
1435910 1139.1
1435920 1141.0
1435930 1141.0
1435940 1142.8
1435950 1143.3
1435960 1143.3
1435970 1144.2
1435980 1146.2
1435990 1146.2
1436000 1147.8
1436010 1149.7
1436020 1152.3
1436030 1152.3
1436040 1152.9
1436050 1153.5
1436060 1153.5
1436070 1154.0
1436080 1154.8
1436090 1154.8
1436100 1155.5
1436110 1156.3
1436120 1156.3
1436130 1156.8
1436140 1156.6
1436150 1156.6
1436160 1156.5
1436170 1156.5
1436180 1156.5
1436190 1156.5
1436200 1156.4
1436210 1156.4
1436220 1156.2
1436230 1155.6
1436240 1155.6
1436250 1154.3
1436260 1152.3
1436270 1152.3
1436280 1149.2
1436290 1143.5
1436300 1140.9
1436310 1140.9
1436320 1139.4
1436330 1139.8
1436340 1139.8
1436350 1147.3
1436360 1150.7
1436370 1150.7
1436380 1152.5
1436390 1153.6
1436400 1153.6
1436410 1154.2
1436420 1155.3
1436430 1155.3
1436440 1156.2
1436450 1156.7
1436460 1156.7
1436470 1157.0
1436480 1156.9
1436490 1156.9
1436500 1156.3
1436510 1157.0
1436520 1157.0
1436530 1157.2
1436540 1157.1
1436550 1156.5
1436560 1156.5
1436570 1156.5
1436580 1156.7
1436590 1156.7
1436600 1156.6
1436610 1156.0
1436620 1156.0
1436630 1155.3
1436640 1154.8
1436650 1154.8
1436660 1154.4
1436670 1153.8
1436680 1153.8
1436690 1152.6
1436700 1151.4
1436710 1151.4
1436720 1150.9
1436730 1150.4
1436740 1150.4
1436750 1148.4
1436760 1146.7
1436770 1146.7
1436780 1145.6
1436790 1143.8
1436800 1143.8
1436810 1142.9
1436820 1141.2
1436830 1139.0
1436840 1139.0
1436850 1136.4
1436860 1133.0
1436870 1133.0
1436880 1129.6
1436890 1126.2
1436900 1126.2
1436910 1122.4
1436920 1119.0
1436930 1119.0
1436940 1115.1
1436950 1110.1
1436960 1110.1
1436970 1106.5
1436980 1103.0
1436990 1103.0
1437000 1095.4
1437010 1088.8
1437020 1088.8
1437030 1081.5
1437040 1074.3
1437050 1074.3
1437060 1068.2
1437070 1061.2
1437080 1061.2
1437090 1055.1
1437100 1048.9
1437110 1043.6
1437120 1043.6
1437130 1039.0
1437140 1033.7
1437150 1033.7
1437160 1030.5
1437170 1027.0
1437180 1027.0
1437190 1024.2
1437200 1020.7
1437210 1020.7
1437220 1020.2
1437230 1028.0
1437240 1028.0
1437250 1033.1
1437260 1038.0
1437270 1038.0
1437280 1043.4
1437290 1050.1
1437300 1050.1
1437310 1056.5
1437320 1062.7
1437330 1062.7
1437340 1067.7
1437350 1072.2
1437360 1076.3
1437370 1076.3
1437380 1080.9
1437390 1086.5
1437400 1086.5
1437410 1091.0
1437420 1093.7
1437430 1093.7
1437440 1095.7
1437450 1097.1
1437460 1097.1
1437470 1098.2
1437480 1098.8
1437490 1098.8
1437500 1099.4
1437510 1099.4
1437520 1099.4
1437530 1099.5
1437540 1099.3
1437550 1099.3
1437560 1099.1
1437570 1098.8
1437580 1098.8
1437590 1098.4
1437600 1097.6
1437610 1097.6
1437620 1096.5
1437630 1095.0
1437640 1092.6
1437650 1092.6
1437660 1088.4
1437670 1084.2
1437680 1084.2
1437690 1080.9
1437700 1077.8
1437710 1077.8
1437720 1074.8
1437730 1072.6
1437740 1072.6
1437750 1069.5
1437760 1065.0
1437770 1065.0
1437780 1059.2
1437790 1055.9
1437800 1055.9
1437810 1053.3
1437820 1049.8
1437830 1049.8
1437840 1042.9
1437850 1037.5
1437860 1037.5
1437870 1031.1
1437880 1024.1
1437890 1018.8
1437900 1018.8
1437910 1015.1
1437920 1017.0
1437930 1017.0
1437940 1024.4
1437950 1030.4
1437960 1030.4
1437970 1035.2
1437980 1042.4
1437990 1042.4
1438000 1049.7
1438010 1055.1
1438020 1055.1
1438030 1059.2
1438040 1062.8
1438050 1062.8
1438060 1067.1
1438070 1071.6
1438080 1071.6
1438090 1076.3
1438100 1081.1
1438110 1081.1
1438120 1086.3
1438130 1092.0
1438140 1092.0
1438150 1096.7
1438160 1100.3
1438170 1102.5
1438180 1102.5
1438190 1103.7
1438200 1104.8
1438210 1104.8
1438220 1106.1
1438230 1107.6
1438240 1107.6
1438250 1108.8
1438260 1108.8
1438270 1108.8
1438280 1108.5
1438290 1108.1
1438300 1108.1
1438310 1107.1
1438320 1105.5
1438330 1105.5
1438340 1103.5
1438350 1100.8
1438360 1100.8
1438370 1097.8
1438380 1094.5
1438390 1094.5
1438400 1091.4
1438410 1088.3
1438420 1085.7
1438430 1085.7
1438440 1083.0
1438450 1078.4
1438460 1078.4
1438470 1073.3
1438480 1066.5
1438490 1066.5
1438500 1060.2
1438510 1053.0
1438520 1053.0
1438530 1048.0
1438540 1042.9
1438550 1042.9
1438560 1036.0
1438570 1030.1
1438580 1030.1
1438590 1024.3
1438600 1018.9
1438610 1018.9
1438620 1013.6
1438630 1008.6
1438640 1008.6
1438650 1002.8
1438660 997.0
1438670 997.0
1438680 991.7
1438690 987.8
1438700 982.5
1438710 982.5
1438720 975.7
1438730 968.0
1438740 968.0
1438750 961.0
1438760 955.5
1438770 955.5
1438780 949.9
1438790 941.5
1438800 941.5
1438810 933.4
1438820 924.6
1438830 924.6
1438840 916.5
1438850 920.2
1438860 920.2
1438870 928.6
1438880 937.1
1438890 937.1
1438900 945.2
1438910 952.5
1438920 952.5
1438930 958.9
1438940 966.4
1438950 973.3
1438960 973.3
1438970 981.7
1438980 989.0
1438990 989.0
1439000 994.5
1439010 998.9
1439020 998.9
1439030 1001.8
1439040 1005.3
1439050 1005.3
1439060 1010.6
1439070 1016.3
1439080 1016.3
1439090 1022.1
1439100 1029.9
1439110 1029.9
1439120 1036.6
1439130 1042.5
1439140 1042.5
1439150 1045.9
1439160 1049.7
1439170 1049.7
1439180 1054.4
1439190 1061.8
1439200 1061.8
1439210 1066.5
1439220 1071.6
1439230 1076.2
1439240 1076.2
1439250 1079.5
1439260 1082.8
1439270 1082.8
1439280 1086.8
1439290 1089.6
1439300 1089.6
1439310 1090.1
1439320 1089.8
1439330 1089.8
1439340 1089.5
1439350 1089.8
1439360 1089.8
1439370 1090.9
1439380 1090.8
1439390 1090.8
1439400 1088.1
1439410 1084.8
1439420 1084.8
1439430 1081.0
1439440 1077.9
1439450 1077.9
1439460 1075.6
1439470 1073.1
1439480 1070.6
1439490 1070.6
1439500 1067.9
1439510 1065.5
1439520 1065.5
1439530 1062.3
1439540 1058.3
1439550 1058.3
1439560 1055.5
1439570 1052.8
1439580 1052.8
1439590 1049.9
1439600 1046.8
1439610 1046.8
1439620 1043.2
1439630 1040.9
1439640 1040.9
1439650 1040.6
1439660 1041.0
1439670 1041.0
1439680 1041.1
1439690 1040.5
1439700 1040.5
1439710 1040.1
1439720 1039.8
1439730 1039.8
1439740 1039.2
1439750 1038.5
1439760 1038.1
1439770 1038.1
1439780 1038.1
1439790 1038.6
1439800 1038.6
1439810 1039.2
1439820 1040.3
1439830 1040.3
1439840 1041.0
1439850 1041.6
1439860 1041.6
1439870 1041.9
1439880 1041.6
1439890 1041.6
1439900 1041.4
1439910 1041.2
1439920 1041.2
1439930 1043.1
1439940 1045.5
1439950 1045.5
1439960 1047.2
1439970 1047.6
1439980 1047.6
1439990 1048.0
