1420000 1574.9
1420010 1574.9
1420020 1573.8
1420030 1572.4
1420040 1570.5
1420050 1570.5
1420060 1567.1
1420070 1562.7
1420080 1562.7
1420090 1561.0
1420100 1560.7
1420110 1560.7
1420120 1560.7
1420130 1560.7
1420140 1560.7
1420150 1560.8
1420160 1560.9
1420170 1560.9
1420180 1560.9
1420190 1560.6
1420200 1560.6
1420210 1560.2
1420220 1560.1
1420230 1560.1
1420240 1560.0
1420250 1559.9
1420260 1559.9
1420270 1560.3
1420280 1560.5
1420290 1560.5
1420300 1560.4
1420310 1560.0
1420320 1559.3
1420330 1559.3
1420340 1557.9
1420350 1556.0
1420360 1556.0
1420370 1553.7
1420380 1551.7
1420390 1551.7
1420400 1550.8
1420410 1550.0
1420420 1550.0
1420430 1549.0
1420440 1546.5
1420450 1546.5
1420460 1545.8
1420470 1545.2
1420480 1545.2
1420490 1544.1
1420500 1543.0
1420510 1543.0
1420520 1541.7
1420530 1540.2
1420540 1540.2
1420550 1538.5
1420560 1536.7
1420570 1534.8
1420580 1534.8
1420590 1532.9
1420600 1531.4
1420610 1531.4
1420620 1529.6
1420630 1527.7
1420640 1527.7
1420650 1525.4
1420660 1522.4
1420670 1522.4
1420680 1519.0
1420690 1515.9
1420700 1515.9
1420710 1513.3
1420720 1512.3
1420730 1512.3
1420740 1511.8
1420750 1509.0
1420760 1509.0
1420770 1504.5
1420780 1499.1
1420790 1499.1
1420800 1494.0
1420810 1488.0
1420820 1488.0
1420830 1481.7
1420840 1475.1
1420850 1468.9
1420860 1468.9
1420870 1463.6
1420880 1458.8
1420890 1458.8
1420900 1454.6
1420910 1450.6
1420920 1450.6
1420930 1445.9
1420940 1440.6
1420950 1440.6
1420960 1433.4
1420970 1427.4
1420980 1427.4
1420990 1422.0
1421000 1417.5
1421010 1417.5
1421020 1411.7
1421030 1405.6
1421040 1405.6
1421050 1401.5
1421060 1397.8
1421070 1397.8
1421080 1393.1
1421090 1389.5
1421100 1389.5
1421110 1386.7
1421120 1383.1
1421130 1380.1
1421140 1380.1
1421150 1378.0
1421160 1375.8
1421170 1375.8
1421180 1372.9
1421190 1369.6
1421200 1369.6
1421210 1366.7
1421220 1363.6
1421230 1363.6
1421240 1360.8
1421250 1358.0
1421260 1358.0
1421270 1354.9
1421280 1351.5
1421290 1351.5
1421300 1348.7
1421310 1346.1
1421320 1346.1
1421330 1343.4
1421340 1340.6
1421350 1340.6
1421360 1337.5
1421370 1334.3
1421380 1334.3
1421390 1330.4
1421400 1326.1
1421410 1322.9
1421420 1322.9
1421430 1320.4
1421440 1318.5
1421450 1318.5
1421460 1315.6
1421470 1312.5
1421480 1312.5
1421490 1309.3
1421500 1306.3
1421510 1306.3
1421520 1304.1
1421530 1303.4
1421540 1303.4
1421550 1302.8
1421560 1302.0
1421570 1302.0
1421580 1301.3
1421590 1300.2
1421600 1300.2
1421610 1300.3
1421620 1300.6
1421630 1300.6
1421640 1300.3
1421650 1300.1
1421660 1302.4
1421670 1302.4
1421680 1305.2
1421690 1306.5
1421700 1306.5
1421710 1307.1
1421720 1307.8
1421730 1307.8
1421740 1308.8
1421750 1309.7
1421760 1309.7
1421770 1311.0
1421780 1312.0
1421790 1312.0
1421800 1313.0
1421810 1313.7
1421820 1313.7
1421830 1314.0
1421840 1313.6
1421850 1313.6
1421860 1313.5
1421870 1313.8
1421880 1313.8
1421890 1314.5
1421900 1315.4
1421910 1315.4
1421920 1315.8
1421930 1315.7
1421940 1315.4
1421950 1315.4
1421960 1314.8
1421970 1314.0
1421980 1314.0
1421990 1313.0
1422000 1312.3
1422010 1312.3
1422020 1311.5
1422030 1310.8
1422040 1310.8
1422050 1310.2
1422060 1309.0
1422070 1309.0
1422080 1307.8
1422090 1306.8
1422100 1306.8
1422110 1306.2
1422120 1305.6
1422130 1305.6
1422140 1305.6
1422150 1306.3
1422160 1306.3
1422170 1306.5
1422180 1306.3
1422190 1306.3
1422200 1306.1
1422210 1306.0
1422220 1305.7
1422230 1305.7
1422240 1305.0
1422250 1304.1
1422260 1304.1
1422270 1303.1
1422280 1302.2
1422290 1302.2
1422300 1301.1
1422310 1300.0
1422320 1300.0
1422330 1299.0
1422340 1297.9
1422350 1297.9
1422360 1296.7
1422370 1296.1
1422380 1296.1
1422390 1295.4
1422400 1294.5
1422410 1294.5
1422420 1293.6
1422430 1292.5
1422440 1292.5
1422450 1291.6
1422460 1290.8
1422470 1290.3
1422480 1290.3
1422490 1289.9
1422500 1289.7
1422510 1289.7
1422520 1289.8
1422530 1290.0
1422540 1290.0
1422550 1289.9
1422560 1289.7
1422570 1289.7
1422580 1289.9
1422590 1290.5
1422600 1290.5
1422610 1291.3
1422620 1292.6
1422630 1292.6
1422640 1294.0
1422650 1294.4
1422660 1294.4
1422670 1294.7
1422680 1295.2
1422690 1295.2
1422700 1295.2
1422710 1295.1
1422720 1295.1
1422730 1295.3
1422740 1295.7
1422750 1295.9
1422760 1295.9
1422770 1295.8
1422780 1295.1
1422790 1295.1
1422800 1294.0
1422810 1292.8
1422820 1292.8
1422830 1291.4
1422840 1289.7
1422850 1289.7
1422860 1288.5
1422870 1286.9
1422880 1286.9
1422890 1284.6
1422900 1282.6
1422910 1282.6
1422920 1280.4
1422930 1277.6
1422940 1277.6
1422950 1274.7
1422960 1271.5
1422970 1271.5
1422980 1268.1
1422990 1264.3
1423000 1264.3
1423010 1258.7
1423020 1252.8
1423030 1247.6
1423040 1247.6
1423050 1243.0
1423060 1238.6
1423070 1238.6
1423080 1234.2
1423090 1228.6
1423100 1228.6
1423110 1222.2
1423120 1216.2
1423130 1216.2
1423140 1209.8
1423150 1202.8
1423160 1202.8
1423170 1196.3
1423180 1190.0
1423190 1190.0
1423200 1183.3
1423210 1176.9
1423220 1176.9
1423230 1170.6
1423240 1164.9
1423250 1164.9
1423260 1158.9
1423270 1152.6
1423280 1152.6
1423290 1145.9
1423300 1139.4
1423310 1132.4
1423320 1132.4
1423330 1124.3
1423340 1120.5
1423350 1120.5
1423360 1113.2
1423370 1105.9
1423380 1105.9
1423390 1099.2
1423400 1092.7
1423410 1092.7
1423420 1086.5
1423430 1079.8
1423440 1079.8
1423450 1072.8
1423460 1066.3
1423470 1066.3
1423480 1060.1
1423490 1054.7
1423500 1054.7
1423510 1049.4
1423520 1045.0
1423530 1045.0
1423540 1041.5
1423550 1039.4
1423560 1036.4
1423570 1036.4
1423580 1034.2
1423590 1031.9
1423600 1031.9
1423610 1029.0
1423620 1025.3
1423630 1025.3
1423640 1019.0
1423650 1013.2
1423660 1013.2
1423670 1005.4
1423680 997.9
1423690 997.9
1423700 990.2
1423710 982.1
1423720 982.1
1423730 975.4
1423740 969.4
1423750 969.4
1423760 964.2
1423770 959.3
1423780 959.3
1423790 953.9
1423800 948.3
1423810 948.3
1423820 942.3
1423830 936.2
1423840 930.3
1423850 930.3
1423860 924.7
1423870 919.0
1423880 919.0
1423890 913.1
1423900 907.2
1423910 907.2
1423920 901.0
1423930 894.3
1423940 894.3
1423950 887.6
1423960 880.7
1423970 880.7
1423980 875.3
1423990 868.6
1424000 868.6
1424010 861.2
1424020 853.2
1424030 853.2
1424040 845.4
1424050 837.3
1424060 837.3
1424070 829.0
1424080 820.8
1424090 820.8
1424100 813.0
1424110 804.4
1424120 795.8
1424130 795.8
1424140 786.1
1424150 776.7
1424160 776.7
1424170 769.9
1424180 764.5
1424190 764.5
1424200 760.6
1424210 757.5
1424220 757.5
1424230 754.9
1424240 753.3
1424250 753.3
1424260 752.2
1424270 750.4
1424280 750.4
1424290 749.5
1424300 749.5
1424310 749.5
1424320 749.5
1424330 749.5
1424340 749.5
1424350 749.5
1424360 749.5
1424370 749.5
1424380 749.5
1424390 749.5
1424400 749.5
1424410 749.5
1424420 749.5
1424430 749.5
1424440 749.5
1424450 749.5
1424460 749.5
1424470 749.5
1424480 749.5
1424490 749.5
1424500 749.5
1424510 749.5
1424520 749.5
1424530 749.5
1424540 749.5
1424550 749.5
1424560 749.5
1424570 749.5
1424580 749.5
1424590 749.5
1424600 749.5
1424610 749.5
1424620 749.5
1424630 749.5
1424640 749.5
1424650 749.5
1424660 749.5
1424670 749.5
1424680 749.5
1424690 749.5
1424700 749.5
1424710 749.5
1424720 749.5
1424730 749.5
1424740 749.5
1424750 749.5
1424760 749.5
1424770 749.5
1424780 749.5
1424790 749.5
1424800 749.5
1424810 749.5
1424820 749.5
1424830 749.5
1424840 749.5
1424850 749.5
1424860 749.5
1424870 749.5
1424880 749.5
1424890 749.5
1424900 749.5
1424910 749.5
1424920 749.5
1424930 749.5
1424940 749.5
1424950 749.5
1424960 749.5
1424970 749.5
1424980 749.5
1424990 749.5
1425000 749.5
1425010 749.5
1425020 749.5
1425030 749.5
1425040 749.5
1425050 749.5
1425060 749.5
1425070 749.5
1425080 749.5
1425090 749.5
1425100 749.5
1425110 749.5
1425120 749.5
1425130 749.5
1425140 749.5
1425150 749.5
1425160 749.5
1425170 749.5
1425180 749.5
1425190 749.5
1425200 749.5
1425210 749.5
1425220 749.5
1425230 749.5
1425240 749.5
1425250 749.5
1425260 749.5
1425270 749.5
1425280 749.5
1425290 749.5
1425300 749.5
1425310 749.5
1425320 749.5
1425330 749.5
1425340 749.5
1425350 749.5
1425360 749.5
1425370 749.5
1425380 749.5
1425390 749.5
1425400 749.5
1425410 749.5
1425420 749.5
1425430 749.5
1425440 749.5
1425450 749.5
1425460 749.5
1425470 749.5
1425480 749.5
1425490 749.5
1425500 749.5
1425510 749.5
1425520 749.5
1425530 749.5
1425540 749.5
1425550 749.5
1425560 749.5
1425570 749.5
1425580 749.5
1425590 749.5
1425600 749.5
1425610 749.5
1425620 749.5
1425630 749.5
1425640 749.5
1425650 749.5
1425660 749.5
1425670 749.5
1425680 749.5
1425690 749.5
1425700 749.5
1425710 749.5
1425720 749.5
1425730 749.5
1425740 749.5
1425750 749.5
1425760 749.5
1425770 749.5
1425780 749.5
1425790 749.5
1425800 749.5
1425810 749.5
1425820 749.5
1425830 749.5
1425840 749.5
1425850 749.5
1425860 749.5
1425870 749.5
1425880 749.5
1425890 749.5
1425900 749.5
1425910 749.5
1425920 749.5
1425930 749.5
1425940 749.5
1425950 749.5
1425960 749.5
1425970 749.5
1425980 749.5
1425990 749.5
1426000 749.5
1426010 749.5
1426020 749.5
1426030 749.5
1426040 749.5
1426050 749.5
1426060 749.5
1426070 749.5
1426080 749.5
1426090 749.5
1426100 749.5
1426110 749.5
1426120 749.5
1426130 749.5
1426140 749.5
1426150 749.5
1426160 749.5
1426170 749.5
1426180 749.5
1426190 749.5
1426200 749.5
1426210 749.5
1426220 749.5
1426230 749.5
1426240 749.5
1426250 749.5
1426260 749.5
1426270 749.5
1426280 749.5
1426290 749.5
1426300 749.5
1426310 749.5
1426320 749.5
1426330 749.5
1426340 749.5
1426350 749.5
1426360 749.5
1426370 749.5
1426380 749.5
1426390 749.5
1426400 749.5
1426410 749.5
1426420 749.5
1426430 749.5
1426440 749.5
1426450 749.5
1426460 749.5
1426470 749.5
1426480 749.5
1426490 749.5
1426500 750.1
1426510 752.0
1426520 752.0
1426530 753.6
1426540 754.7
1426550 755.7
1426560 755.7
1426570 756.2
1426580 756.7
1426590 756.7
1426600 757.4
1426610 757.9
1426620 757.9
1426630 758.8
1426640 761.2
1426650 761.2
1426660 765.3
1426670 769.8
1426680 769.8
1426690 773.2
1426700 777.0
1426710 777.0
1426720 780.9
1426730 784.8
1426740 784.8
1426750 786.5
1426760 788.9
1426770 788.9
1426780 793.2
1426790 797.5
1426800 797.5
1426810 800.2
1426820 803.9
1426830 808.2
1426840 808.2
1426850 810.9
1426860 812.8
1426870 812.8
1426880 814.5
1426890 816.8
1426900 816.8
1426910 819.7
1426920 822.0
1426930 822.0
1426940 823.1
1426950 823.4
1426960 823.4
1426970 823.4
1426980 823.6
1426990 823.6
1427000 823.4
1427010 823.5
1427020 823.5
1427030 824.0
1427040 824.5
1427050 824.5
1427060 824.6
1427070 824.6
1427080 825.8
1427090 825.8
1427100 827.4
1427110 828.7
1427120 828.7
1427130 830.9
1427140 834.7
1427150 834.7
1427160 835.2
1427170 831.7
1427180 831.7
1427190 821.1
1427200 813.1
1427210 813.1
1427220 819.7
1427230 831.7
1427240 831.7
1427250 840.8
1427260 849.1
1427270 849.1
1427280 854.2
1427290 857.6
1427300 857.6
1427310 860.0
1427320 863.0
1427330 863.0
1427340 866.9
1427350 870.4
1427360 873.4
1427370 873.4
1427380 875.7
1427390 879.3
1427400 879.3
1427410 884.3
1427420 889.3
1427430 889.3
1427440 894.4
1427450 899.9
1427460 899.9
1427470 904.1
1427480 907.7
1427490 907.7
1427500 910.9
1427510 913.7
1427520 913.7
1427530 916.9
1427540 920.8
1427550 920.8
1427560 924.5
1427570 927.7
1427580 927.7
1427590 930.9
1427600 933.9
1427610 933.9
1427620 937.2
1427630 939.6
1427640 941.6
1427650 941.6
1427660 943.8
1427670 939.9
1427680 939.9
1427690 934.8
1427700 929.8
1427710 929.8
1427720 928.6
1427730 924.3
1427740 924.3
1427750 921.0
1427760 919.9
1427770 919.9
1427780 920.8
1427790 926.0
1427800 926.0
1427810 931.4
1427820 930.2
1427830 930.2
1427840 932.1
1427850 934.8
1427860 934.8
1427870 940.6
1427880 946.2
1427890 946.2
1427900 944.7
1427910 947.9
1427920 946.8
1427930 946.8
1427940 947.7
1427950 941.8
1427960 941.8
1427970 943.4
1427980 943.4
1427990 943.4
1428000 938.9
1428010 937.0
1428020 937.0
1428030 936.6
1428040 935.1
1428050 935.1
1428060 933.0
1428070 932.0
1428080 932.0
1428090 933.1
1428100 936.8
1428110 936.8
1428120 940.8
1428130 945.4
1428140 945.4
1428150 950.2
1428160 952.7
1428170 961.9
1428180 961.9
1428190 973.8
1428200 979.2
1428210 979.2
1428220 982.6
1428230 986.0
1428240 986.0
1428250 987.8
1428260 992.6
1428270 992.6
1428280 997.1
1428290 1002.2
1428300 1002.2
1428310 1006.2
1428320 1010.5
1428330 1010.5
1428340 1014.3
1428350 1018.8
1428360 1018.8
1428370 1020.6
1428380 1023.7
1428390 1023.7
1428400 1027.6
1428410 1030.9
1428420 1030.9
1428430 1034.0
1428440 1037.3
1428450 1039.2
1428460 1039.2
1428470 1043.9
1428480 1049.0
1428490 1049.0
1428500 1052.4
1428510 1053.8
1428520 1053.8
1428530 1059.3
1428540 1066.0
1428550 1066.0
1428560 1072.3
1428570 1076.7
1428580 1076.7
1428590 1081.2
1428600 1083.8
1428610 1083.8
1428620 1085.6
1428630 1090.6
1428640 1090.6
1428650 1094.5
1428660 1100.6
1428670 1100.6
1428680 1106.4
1428690 1111.9
1428700 1111.9
1428710 1116.8
1428720 1123.6
1428730 1130.3
1428740 1130.3
1428750 1136.9
1428760 1143.2
1428770 1143.2
1428780 1149.5
1428790 1156.0
1428800 1156.0
1428810 1162.3
1428820 1168.7
1428830 1168.7
1428840 1175.6
1428850 1182.0
1428860 1182.0
1428870 1188.7
1428880 1195.2
1428890 1195.2
1428900 1202.2
1428910 1209.5
1428920 1209.5
1428930 1216.6
1428940 1223.4
1428950 1223.4
1428960 1230.7
1428970 1237.3
1428980 1243.4
1428990 1243.4
1429000 1249.2
1429010 1254.6
1429020 1254.6
1429030 1261.0
1429040 1267.2
1429050 1267.2
1429060 1273.1
1429070 1279.4
1429080 1279.4
1429090 1285.7
1429100 1291.4
1429110 1291.4
1429120 1297.2
1429130 1302.9
1429140 1302.9
1429150 1308.5
1429160 1314.4
1429170 1314.4
1429180 1320.9
1429190 1327.8
1429200 1327.8
1429210 1334.5
1429220 1341.2
1429230 1341.2
1429240 1348.1
1429250 1356.6
1429260 1366.3
1429270 1366.3
1429280 1373.9
1429290 1381.4
1429300 1381.4
1429310 1387.3
1429320 1393.4
1429330 1393.4
1429340 1400.0
1429350 1406.1
1429360 1406.1
1429370 1413.5
1429380 1416.5
1429390 1416.5
1429400 1421.4
1429410 1425.9
1429420 1425.9
1429430 1431.2
1429440 1436.0
1429450 1436.0
1429460 1440.9
1429470 1445.5
1429480 1445.5
1429490 1449.6
1429500 1453.2
1429510 1453.2
1429520 1456.5
1429530 1458.9
1429540 1460.7
1429550 1465.9
1429560 1467.3
1429570 1468.0
1429580 1468.0
1429590 1468.4
1429600 1468.5
1429610 1468.5
1429620 1468.0
1429630 1467.7
1429640 1467.7
1429650 1467.2
1429660 1466.2
1429670 1466.2
1429680 1465.2
1429690 1463.9
1429700 1463.9
1429710 1462.5
1429720 1461.1
1429730 1461.1
1429740 1460.0
1429750 1460.5
1429760 1460.5
1429770 1461.1
1429780 1462.7
1429790 1464.3
1429800 1464.3
1429810 1466.2
1429820 1468.2
1429830 1468.2
1429840 1471.1
1429850 1474.5
1429860 1474.5
1429870 1477.2
1429880 1480.3
1429890 1480.3
1429900 1483.9
1429910 1486.7
1429920 1486.7
1429930 1489.4
1429940 1492.8
1429950 1492.8
1429960 1496.4
1429970 1500.3
1429980 1500.3
1429990 1504.2
1430000 1508.5
1430010 1508.5
1430020 1513.0
1430030 1518.1
1430040 1518.1
1430050 1522.3
1430060 1526.7
1430070 1530.9
1430080 1530.9
1430090 1534.1
1430100 1536.9
1430110 1536.9
1430120 1539.8
1430130 1543.0
1430140 1543.0
1430150 1546.4
1430160 1549.4
1430170 1549.4
1430180 1551.5
1430190 1554.0
1430200 1554.0
1430210 1555.9
1430220 1557.9
1430230 1557.9
1430240 1560.2
1430250 1562.1
1430260 1562.1
1430270 1564.8
1430280 1569.0
1430290 1569.0
1430300 1573.8
1430310 1578.3
1430320 1578.3
1430330 1584.3
1430340 1591.0
1430350 1598.0
1430360 1598.0
1430370 1604.8
1430380 1611.7
1430390 1611.7
1430400 1617.4
1430410 1623.2
1430420 1623.2
1430430 1629.6
1430440 1635.9
1430450 1635.9
1430460 1640.8
1430470 1646.4
1430480 1646.4
1430490 1651.9
1430500 1657.6
1430510 1657.6
1430520 1662.8
1430530 1668.0
1430540 1668.0
1430550 1673.7
1430560 1678.2
1430570 1678.2
1430580 1685.6
1430590 1693.5
1430600 1693.5
1430610 1698.3
1430620 1704.3
1430630 1710.7
1430640 1710.7
1430650 1716.0
1430660 1720.0
1430670 1720.0
1430680 1722.5
1430690 1724.3
1430700 1724.3
1430710 1726.9
1430720 1730.7
1430730 1730.7
1430740 1733.7
1430750 1735.5
1430760 1735.5
1430770 1736.9
1430780 1738.9
1430790 1738.9
1430800 1741.0
1430810 1742.9
1430820 1742.9
1430830 1744.8
1430840 1746.0
1430850 1746.0
1430860 1747.6
1430870 1748.6
1430880 1748.4
1430890 1748.4
1430900 1745.1
1430910 1744.8
1430920 1744.8
1430930 1743.7
1430940 1742.5
1430950 1742.5
1430960 1738.8
1430970 1734.6
1430980 1734.6
1430990 1730.6
1431000 1727.4
1431010 1727.4
1431020 1724.3
1431030 1722.0
1431040 1722.0
1431050 1718.8
1431060 1714.6
1431070 1714.6
1431080 1710.5
1431090 1707.6
1431100 1707.6
1431110 1706.2
1431120 1705.0
1431130 1705.0
1431140 1704.1
1431150 1703.1
1431160 1701.9
1431170 1701.9
1431180 1701.0
1431190 1700.4
1431200 1700.4
1431210 1699.5
1431220 1697.6
1431230 1697.6
1431240 1696.0
1431250 1693.7
1431260 1693.7
1431270 1690.9
1431280 1689.5
1431290 1689.5
1431300 1690.8
1431310 1691.2
1431320 1691.2
1431330 1690.8
1431340 1690.9
1431350 1690.9
1431360 1692.6
1431370 1693.0
1431380 1693.0
1431390 1692.7
1431400 1694.5
1431410 1694.5
1431420 1698.5
1431430 1701.8
1431440 1703.9
1431450 1703.9
1431460 1705.8
1431470 1707.8
1431480 1707.8
1431490 1710.3
1431500 1712.9
1431510 1712.9
1431520 1714.5
1431530 1715.3
1431540 1715.3
1431550 1717.1
1431560 1719.0
1431570 1719.0
1431580 1721.8
1431590 1725.2
1431600 1725.2
1431610 1728.7
1431620 1731.6
1431630 1731.6
1431640 1734.1
1431650 1735.3
1431660 1735.3
1431670 1737.4
1431680 1741.5
1431690 1744.7
1431700 1744.7
1431710 1748.3
1431720 1751.0
1431730 1751.0
1431740 1754.2
1431750 1757.1
1431760 1757.1
1431770 1759.5
1431780 1760.9
1431790 1760.9
1431800 1762.0
1431810 1763.2
1431820 1763.2
1431830 1764.7
1431840 1767.1
1431850 1767.1
1431860 1769.8
1431870 1772.8
1431880 1772.8
1431890 1775.6
1431900 1777.8
1431910 1777.8
1431920 1781.7
1431930 1783.1
1431940 1783.1
1431950 1784.6
1431960 1787.2
1431970 1789.9
1431980 1789.9
1431990 1792.1
1432000 1794.0
1432010 1794.0
1432020 1795.5
1432030 1797.7
1432040 1797.7
1432050 1799.9
1432060 1801.7
1432070 1801.7
1432080 1804.2
1432090 1805.2
1432100 1805.2
1432110 1804.9
1432120 1804.3
1432130 1804.3
1432140 1804.2
1432150 1805.3
1432160 1805.3
1432170 1806.3
1432180 1807.6
1432190 1807.6
1432200 1808.4
1432210 1810.0
1432220 1810.0
1432230 1813.5
1432240 1816.1
1432250 1817.5
1432260 1817.5
1432270 1818.2
1432280 1819.7
1432290 1819.7
1432300 1822.1
1432310 1823.6
1432320 1823.6
1432330 1825.0
1432340 1825.5
1432350 1825.5
1432360 1824.3
1432370 1824.2
1432380 1824.2
1432390 1825.6
1432400 1827.3
1432410 1827.3
1432420 1829.2
1432430 1830.3
1432440 1830.3
1432450 1830.4
1432460 1831.6
1432470 1831.6
1432480 1833.8
1432490 1835.1
1432500 1837.2
1432510 1837.2
1432520 1838.9
1432530 1839.8
1432540 1839.8
1432550 1840.3
1432560 1840.2
1432570 1840.2
1432580 1838.1
1432590 1837.0
1432600 1837.0
1432610 1840.5
1432620 1842.3
1432630 1842.3
1432640 1843.2
1432650 1842.8
1432660 1842.8
1432670 1842.5
1432680 1844.4
1432690 1844.4
1432700 1848.9
1432710 1850.5
1432720 1850.5
1432730 1850.4
1432740 1850.6
1432750 1850.6
1432760 1850.9
1432770 1849.7
1432780 1849.6
1432790 1849.6
1432800 1851.3
1432810 1850.7
1432820 1850.7
1432830 1849.0
1432840 1848.8
1432850 1848.8
1432860 1845.5
1432870 1843.0
1432880 1843.0
1432890 1839.1
1432900 1835.0
1432910 1835.0
1432920 1835.3
1432930 1835.5
1432940 1835.5
1432950 1833.4
1432960 1830.6
1432970 1830.6
1432980 1827.5
1432990 1823.1
1433000 1823.1
1433010 1818.7
1433020 1813.6
1433030 1813.6
1433040 1807.3
1433050 1800.9
1433060 1794.8
1433070 1794.8
1433080 1789.4
1433090 1783.8
1433100 1783.8
1433110 1778.0
1433120 1772.5
1433130 1772.5
1433140 1766.0
1433150 1759.8
1433160 1759.8
1433170 1754.2
1433180 1749.1
1433190 1749.1
1433200 1743.8
1433210 1739.7
1433220 1739.7
1433230 1735.1
1433240 1729.1
1433250 1729.1
1433260 1723.0
1433270 1717.8
1433280 1717.8
1433290 1712.6
1433300 1705.8
1433310 1705.8
1433320 1699.1
1433330 1692.1
1433340 1685.3
1433350 1685.3
1433360 1678.7
1433370 1673.0
1433380 1673.0
1433390 1667.9
1433400 1662.0
1433410 1662.0
1433420 1656.1
1433430 1649.8
1433440 1649.8
1433450 1643.4
1433460 1636.8
1433470 1636.8
1433480 1629.8
1433490 1622.3
1433500 1622.3
1433510 1615.0
1433520 1608.2
1433530 1608.2
1433540 1601.4
1433550 1594.7
1433560 1594.7
1433570 1588.2
1433580 1580.9
1433590 1573.2
1433600 1573.2
1433610 1566.8
1433620 1563.2
1433630 1563.2
1433640 1556.2
1433650 1554.1
1433660 1554.1
1433670 1554.4
1433680 1555.6
1433690 1555.6
1433700 1556.0
1433710 1554.7
1433720 1554.7
1433730 1552.5
1433740 1550.6
1433750 1550.6
1433760 1548.7
1433770 1546.6
1433780 1546.6
1433790 1544.0
1433800 1541.4
1433810 1541.4
1433820 1537.9
1433830 1533.5
1433840 1533.5
1433850 1528.9
1433860 1523.1
1433870 1518.7
1433880 1518.7
1433890 1518.7
1433900 1525.5
1433910 1525.5
1433920 1531.9
1433930 1536.6
1433940 1536.6
1433950 1541.4
1433960 1546.8
1433970 1546.8
1433980 1551.4
1433990 1552.9
1434000 1552.9
1434010 1552.8
1434020 1552.4
1434030 1552.4
1434040 1551.8
1434050 1550.7
1434060 1550.7
1434070 1549.6
1434080 1548.2
1434090 1548.2
1434100 1546.6
1434110 1544.5
1434120 1544.5
1434130 1541.5
1434140 1537.8
1434150 1532.3
1434160 1532.3
1434170 1527.2
1434180 1524.3
1434190 1524.3
1434200 1521.1
1434210 1517.5
1434220 1517.5
1434230 1512.9
1434240 1508.1
1434250 1508.1
1434260 1503.1
1434270 1498.0
1434280 1498.0
1434290 1492.7
1434300 1488.9
1434310 1488.9
1434320 1484.1
1434330 1478.0
1434340 1478.0
1434350 1471.8
1434360 1464.9
1434370 1464.9
1434380 1460.5
1434390 1463.9
1434400 1465.0
1434410 1457.5
1434420 1457.6
1434430 1462.4
1434440 1462.4
1434450 1462.5
1434460 1462.2
1434470 1462.2
1434480 1463.2
1434490 1465.2
1434500 1465.2
1434510 1467.1
1434520 1469.4
1434530 1469.4
1434540 1471.5
1434550 1472.8
1434560 1472.8
1434570 1472.6
1434580 1470.3
1434590 1470.3
1434600 1466.1
1434610 1462.0
1434620 1462.0
1434630 1457.4
1434640 1453.6
1434650 1453.6
1434660 1450.1
1434670 1446.6
1434680 1439.9
1434690 1439.9
1434700 1428.9
1434710 1425.0
1434720 1425.0
1434730 1428.7
1434740 1434.1
1434750 1434.1
1434760 1437.9
1434770 1439.3
1434780 1439.3
1434790 1440.6
1434800 1441.8
1434810 1441.8
1434820 1443.0
1434830 1444.0
1434840 1444.0
1434850 1444.4
1434860 1442.8
1434870 1442.8
1434880 1438.8
1434890 1433.7
1434900 1433.7
1434910 1429.2
1434920 1425.8
1434930 1425.8
1434940 1422.8
1434950 1421.6
1434960 1420.6
1434970 1420.6
1434980 1419.1
1434990 1416.3
1435000 1416.3
1435010 1413.8
1435020 1411.0
1435030 1411.0
1435040 1406.4
1435050 1401.3
1435060 1401.3
1435070 1396.2
1435080 1392.5
1435090 1392.5
1435100 1388.7
1435110 1385.2
1435120 1385.2
1435130 1381.9
1435140 1379.9
1435150 1379.9
1435160 1377.5
1435170 1374.1
1435180 1374.1
1435190 1369.7
1435200 1366.4
1435210 1365.4
1435220 1365.4
1435230 1364.9
1435240 1363.9
1435250 1363.9
1435260 1362.1
1435270 1359.1
1435280 1359.1
1435290 1357.0
1435300 1355.1
1435310 1355.1
1435320 1352.8
1435330 1350.7
1435340 1350.7
1435350 1348.9
1435360 1347.3
1435370 1347.3
1435380 1345.4
1435390 1344.1
1435400 1344.1
1435410 1342.2
1435420 1339.3
1435430 1339.3
1435440 1337.3
1435450 1335.1
1435460 1335.1
1435470 1331.6
1435480 1327.9
1435490 1323.8
1435500 1323.8
1435510 1319.7
1435520 1315.9
1435530 1315.9
1435540 1314.1
1435550 1312.1
1435560 1312.1
1435570 1310.1
1435580 1308.2
1435590 1308.2
1435600 1305.1
1435610 1302.4
1435620 1302.4
1435630 1299.4
1435640 1295.2
1435650 1295.2
1435660 1291.1
1435670 1286.7
1435680 1286.7
1435690 1282.4
1435700 1277.9
1435710 1277.9
1435720 1273.6
1435730 1269.7
1435740 1269.7
1435750 1265.8
1435760 1261.9
1435770 1257.6
1435780 1257.6
1435790 1252.1
1435800 1245.5
1435810 1245.5
1435820 1239.8
1435830 1232.9
1435840 1232.9
1435850 1225.8
1435860 1219.4
1435870 1219.4
1435880 1213.9
1435890 1209.1
1435900 1209.1
1435910 1204.2
1435920 1198.8
1435930 1198.8
1435940 1193.6
1435950 1187.1
1435960 1187.1
1435970 1179.0
1435980 1171.5
1435990 1171.5
1436000 1164.7
1436010 1157.6
1436020 1157.6
1436030 1150.0
1436040 1143.0
1436050 1135.6
1436060 1135.6
1436070 1128.1
1436080 1120.6
1436090 1120.6
1436100 1112.5
1436110 1106.1
1436120 1106.1
1436130 1100.2
1436140 1093.2
1436150 1093.2
1436160 1085.3
1436170 1080.1
1436180 1080.1
1436190 1077.9
1436200 1076.0
1436210 1076.0
1436220 1069.8
1436230 1076.3
1436240 1076.3
1436250 1085.6
1436260 1093.6
1436270 1093.6
1436280 1100.9
1436290 1107.0
1436300 1113.5
1436310 1113.5
1436320 1120.1
1436330 1127.7
1436340 1127.7
1436350 1135.6
1436360 1138.9
1436370 1138.9
1436380 1144.8
1436390 1150.6
1436400 1150.6
1436410 1153.4
1436420 1157.5
1436430 1157.5
1436440 1162.9
1436450 1166.7
1436460 1166.7
1436470 1171.8
1436480 1178.4
1436490 1178.4
1436500 1184.9
1436510 1191.1
1436520 1191.1
1436530 1198.4
1436540 1205.6
1436550 1205.6
1436560 1211.7
1436570 1218.2
1436580 1225.0
1436590 1225.0
1436600 1232.1
1436610 1239.6
1436620 1239.6
1436630 1247.1
1436640 1254.6
1436650 1254.6
1436660 1262.2
1436670 1269.6
1436680 1269.6
1436690 1277.8
1436700 1288.3
1436710 1288.3
1436720 1297.8
1436730 1305.7
1436740 1305.7
1436750 1315.5
1436760 1324.4
1436770 1324.4
1436780 1333.0
1436790 1338.8
1436800 1338.8
1436810 1341.0
1436820 1339.2
1436830 1339.2
1436840 1337.2
1436850 1336.8
1436860 1336.3
1436870 1336.3
1436880 1335.7
1436890 1334.1
1436900 1334.1
1436910 1332.9
1436920 1332.9
1436930 1332.9
1436940 1333.1
1436950 1332.5
1436960 1332.5
1436970 1331.4
1436980 1331.1
1436990 1331.1
1437000 1330.9
1437010 1324.2
1437020 1324.2
1437030 1323.4
1437040 1322.7
1437050 1322.7
1437060 1322.4
1437070 1322.5
1437080 1322.5
1437090 1321.3
1437100 1320.3
1437110 1322.0
1437120 1322.0
1437130 1330.1
1437140 1336.2
1437150 1336.2
1437160 1340.6
1437170 1342.4
1437180 1342.4
1437190 1339.1
1437200 1339.7
1437210 1339.7
1437220 1346.1
1437230 1351.5
1437240 1351.5
1437250 1356.6
1437260 1361.2
1437270 1361.2
1437280 1363.3
1437290 1364.9
1437300 1364.9
1437310 1370.0
1437320 1375.9
1437330 1375.9
1437340 1381.4
1437350 1383.9
1437360 1383.9
1437370 1381.3
1437380 1377.3
1437390 1376.5
1437400 1376.5
1437410 1379.7
1437420 1386.3
1437430 1386.3
1437440 1390.6
1437450 1393.9
1437460 1393.9
1437470 1397.3
1437480 1403.0
1437490 1403.0
1437500 1409.6
1437510 1416.7
1437520 1416.7
1437530 1423.1
1437540 1430.0
1437550 1430.0
1437560 1437.0
1437570 1444.1
1437580 1444.1
1437590 1452.2
1437600 1459.7
1437610 1459.7
1437620 1464.8
1437630 1471.7
1437640 1471.7
1437650 1476.2
1437660 1478.9
1437670 1482.0
1437680 1482.0
1437690 1484.8
1437700 1487.5
1437710 1487.5
1437720 1488.7
1437730 1490.4
1437740 1490.4
1437750 1493.3
1437760 1497.7
1437770 1497.7
1437780 1501.9
1437790 1506.4
1437800 1506.4
1437810 1510.6
1437820 1514.0
1437830 1514.0
1437840 1518.4
1437850 1524.7
1437860 1524.7
1437870 1531.1
1437880 1534.5
1437890 1534.5
1437900 1540.9
1437910 1547.7
1437920 1556.0
1437930 1556.0
1437940 1564.0
1437950 1571.2
1437960 1571.2
1437970 1578.3
1437980 1585.4
1437990 1585.4
1438000 1593.5
1438010 1602.0
1438020 1602.0
1438030 1608.8
1438040 1614.2
1438050 1614.2
1438060 1618.2
1438070 1620.9
1438080 1620.9
1438090 1622.8
1438100 1624.9
1438110 1624.9
1438120 1626.8
1438130 1627.6
1438140 1627.6
1438150 1627.6
1438160 1626.0
1438170 1626.0
1438180 1623.3
1438190 1619.9
1438200 1616.5
1438210 1616.5
1438220 1612.3
1438230 1608.0
1438240 1608.0
1438250 1603.7
1438260 1598.5
1438270 1598.5
1438280 1593.0
1438290 1587.5
1438300 1587.5
1438310 1581.8
1438320 1574.8
1438330 1574.8
1438340 1567.0
1438350 1561.1
1438360 1561.1
1438370 1553.7
1438380 1547.7
1438390 1547.7
1438400 1541.9
1438410 1535.1
1438420 1535.1
1438430 1528.4
1438440 1522.7
1438450 1522.7
1438460 1516.7
1438470 1510.9
1438480 1505.6
1438490 1505.6
1438500 1499.9
1438510 1494.0
1438520 1494.0
1438530 1488.0
1438540 1482.2
1438550 1482.2
1438560 1477.1
1438570 1471.2
1438580 1471.2
1438590 1466.1
1438600 1461.3
1438610 1461.3
1438620 1455.6
1438630 1450.3
1438640 1450.3
1438650 1444.7
1438660 1438.1
1438670 1438.1
1438680 1433.0
1438690 1428.7
1438700 1428.7
1438710 1422.9
1438720 1416.3
1438730 1416.3
1438740 1409.3
1438750 1401.7
1438760 1394.8
1438770 1394.8
1438780 1385.9
1438790 1376.2
1438800 1376.2
1438810 1364.7
1438820 1356.7
1438830 1356.7
1438840 1355.8
1438850 1356.7
1438860 1356.7
1438870 1361.5
1438880 1366.6
1438890 1366.6
1438900 1370.1
1438910 1373.2
1438920 1373.2
1438930 1376.1
1438940 1379.7
1438950 1379.7
1438960 1383.7
1438970 1388.9
1438980 1388.9
1438990 1392.9
1439000 1393.7
1439010 1389.4
1439020 1389.4
1439030 1382.3
1439040 1376.0
1439050 1376.0
1439060 1370.0
1439070 1363.0
1439080 1363.0
1439090 1354.1
1439100 1343.7
1439110 1343.7
1439120 1331.6
1439130 1318.3
1439140 1318.3
1439150 1307.7
1439160 1298.3
1439170 1298.3
1439180 1292.9
1439190 1297.0
1439200 1297.0
1439210 1311.4
1439220 1326.3
1439230 1326.3
1439240 1338.2
1439250 1348.3
1439260 1348.3
1439270 1359.9
1439280 1373.5
1439290 1385.9
1439300 1385.9
1439310 1396.6
1439320 1405.1
1439330 1405.1
1439340 1413.0
1439350 1420.8
1439360 1420.8
1439370 1427.7
1439380 1433.9
1439390 1433.9
1439400 1439.8
1439410 1446.7
1439420 1446.7
1439430 1454.1
1439440 1461.5
1439450 1461.5
1439460 1468.4
1439470 1475.2
1439480 1475.2
1439490 1481.3
1439500 1486.6
1439510 1486.6
1439520 1491.4
1439530 1495.9
1439540 1495.9
1439550 1500.5
1439560 1503.8
1439570 1505.1
1439580 1505.1
1439590 1502.0
1439600 1497.2
1439610 1497.2
1439620 1493.5
1439630 1491.1
1439640 1491.1
1439650 1487.0
1439660 1485.9
1439670 1485.9
1439680 1488.8
1439690 1491.0
1439700 1491.0
1439710 1492.9
1439720 1491.7
1439730 1491.7
1439740 1487.1
1439750 1485.5
1439760 1485.5
1439770 1488.4
1439780 1496.9
1439790 1496.9
1439800 1505.5
1439810 1511.6
1439820 1516.6
1439830 1516.6
1439840 1521.3
1439850 1526.4
1439860 1526.4
1439870 1531.7
1439880 1536.9
1439890 1536.9
1439900 1541.6
1439910 1546.7
1439920 1546.7
1439930 1552.3
1439940 1558.2
1439950 1558.2
1439960 1564.6
1439970 1571.3
1439980 1571.3
1439990 1578.7
