1420000 1442.9
1420010 1438.0
1420020 1435.4
1420030 1435.4
1420040 1436.1
1420050 1437.4
1420060 1437.4
1420070 1436.9
1420080 1436.2
1420090 1436.2
1420100 1435.5
1420110 1435.5
1420120 1435.5
1420130 1435.8
1420140 1435.7
1420150 1435.7
1420160 1435.6
1420170 1435.5
1420180 1435.5
1420190 1436.0
1420200 1436.5
1420210 1436.5
1420220 1434.9
1420230 1430.9
1420240 1430.9
1420250 1425.9
1420260 1421.0
1420270 1416.0
1420280 1416.0
1420290 1410.4
1420300 1405.1
1420310 1405.1
1420320 1400.8
1420330 1395.6
1420340 1395.6
1420350 1390.8
1420360 1384.5
1420370 1384.5
1420380 1376.9
1420390 1368.7
1420400 1368.7
1420410 1359.3
1420420 1352.9
1420430 1352.9
1420440 1355.0
1420450 1359.6
1420460 1359.6
1420470 1362.8
1420480 1365.8
1420490 1365.8
1420500 1368.6
1420510 1370.3
1420520 1370.3
1420530 1369.4
1420540 1363.8
1420550 1352.6
1420560 1352.6
1420570 1340.8
1420580 1333.2
1420590 1333.2
1420600 1329.8
1420610 1327.0
1420620 1327.0
1420630 1322.4
1420640 1317.0
1420650 1317.0
1420660 1311.0
1420670 1304.7
1420680 1304.7
1420690 1298.8
1420700 1294.2
1420710 1294.2
1420720 1290.7
1420730 1287.4
1420740 1287.4
1420750 1291.9
1420760 1296.1
1420770 1296.1
1420780 1300.1
1420790 1301.8
1420800 1301.8
1420810 1301.7
1420820 1301.4
1420830 1301.3
1420840 1301.3
1420850 1303.6
1420860 1305.7
1420870 1305.7
1420880 1309.9
1420890 1314.6
1420900 1314.6
1420910 1317.1
1420920 1318.3
1420930 1318.3
1420940 1319.1
1420950 1320.2
1420960 1320.2
1420970 1323.5
1420980 1326.1
1420990 1326.1
1421000 1328.8
1421010 1332.2
1421020 1332.2
1421030 1334.9
1421040 1337.7
1421050 1337.7
1421060 1340.4
1421070 1343.3
1421080 1346.3
1421090 1346.3
1421100 1349.3
1421110 1352.0
1421120 1352.0
1421130 1354.5
1421140 1356.9
1421150 1356.9
1421160 1357.5
1421170 1353.5
1421180 1353.5
1421190 1351.1
1421200 1350.0
1421210 1350.0
1421220 1349.2
1421230 1348.2
1421240 1348.2
1421250 1347.2
1421260 1343.6
1421270 1343.6
1421280 1338.2
1421290 1334.7
1421300 1334.7
1421310 1330.6
1421320 1326.7
1421330 1326.7
1421340 1322.4
1421350 1317.9
1421360 1313.9
1421370 1313.9
1421380 1311.1
1421390 1308.1
1421400 1308.1
1421410 1304.8
1421420 1301.9
1421430 1301.9
1421440 1298.5
1421450 1294.1
1421460 1294.1
1421470 1289.2
1421480 1282.1
1421490 1282.1
1421500 1276.3
1421510 1273.8
1421520 1273.8
1421530 1271.4
1421540 1269.0
1421550 1269.0
1421560 1266.0
1421570 1261.4
1421580 1261.4
1421590 1257.3
1421600 1253.8
1421610 1253.8
1421620 1250.3
1421630 1245.9
1421640 1240.3
1421650 1240.3
1421660 1234.4
1421670 1229.5
1421680 1229.5
1421690 1225.1
1421700 1221.1
1421710 1221.1
1421720 1216.2
1421730 1210.7
1421740 1210.7
1421750 1204.1
1421760 1197.7
1421770 1197.7
1421780 1191.9
1421790 1186.4
1421800 1186.4
1421810 1181.2
1421820 1177.4
1421830 1177.4
1421840 1178.7
1421850 1176.0
1421860 1176.0
1421870 1171.7
1421880 1166.8
1421890 1166.8
1421900 1161.8
1421910 1154.5
1421920 1144.3
1421930 1144.3
1421940 1134.9
1421950 1136.6
1421960 1136.6
1421970 1143.1
1421980 1146.4
1421990 1146.4
1422000 1150.3
1422010 1154.1
1422020 1154.1
1422030 1155.5
1422040 1155.0
1422050 1155.0
1422060 1153.6
1422070 1153.5
1422080 1153.5
1422090 1155.9
1422100 1157.5
1422110 1157.5
1422120 1161.1
1422130 1165.4
1422140 1165.4
1422150 1169.0
1422160 1172.8
1422170 1175.3
1422180 1175.3
1422190 1177.6
1422200 1180.3
1422210 1180.3
1422220 1183.0
1422230 1185.4
1422240 1185.4
1422250 1187.5
1422260 1189.5
1422270 1189.5
1422280 1191.2
1422290 1192.7
1422300 1192.7
1422310 1194.3
1422320 1195.9
1422330 1195.9
1422340 1197.5
1422350 1199.0
1422360 1199.0
1422370 1200.0
1422380 1200.5
1422390 1200.5
1422400 1200.4
1422410 1199.5
1422420 1199.5
1422430 1198.3
1422440 1196.2
1422450 1193.5
1422460 1193.5
1422470 1190.7
1422480 1187.6
1422490 1187.6
1422500 1184.2
1422510 1179.8
1422520 1179.8
1422530 1174.7
1422540 1169.2
1422550 1169.2
1422560 1163.2
1422570 1157.5
1422580 1157.5
1422590 1151.7
1422600 1145.3
1422610 1145.3
1422620 1138.0
1422630 1131.0
1422640 1131.0
1422650 1124.3
1422660 1118.9
1422670 1118.9
1422680 1114.3
1422690 1109.8
1422700 1109.8
1422710 1104.2
1422720 1096.9
1422730 1086.3
1422740 1086.3
1422750 1082.0
1422760 1089.1
1422770 1089.1
1422780 1099.0
1422790 1105.8
1422800 1105.8
1422810 1110.8
1422820 1114.1
1422830 1114.1
1422840 1116.6
1422850 1119.5
1422860 1119.5
1422870 1122.7
1422880 1125.9
1422890 1125.9
1422900 1129.9
1422910 1132.7
1422920 1132.7
1422930 1133.7
1422940 1134.6
1422950 1134.6
1422960 1135.5
1422970 1136.3
1422980 1136.3
1422990 1137.0
1423000 1137.4
1423010 1137.0
1423020 1137.0
1423030 1136.4
1423040 1135.9
1423050 1135.9
1423060 1135.4
1423070 1134.8
1423080 1134.8
1423090 1133.7
1423100 1131.9
1423110 1131.9
1423120 1130.1
1423130 1129.2
1423140 1129.2
1423150 1127.3
1423160 1123.8
1423170 1123.8
1423180 1119.6
1423190 1115.6
1423200 1115.6
1423210 1111.6
1423220 1107.3
1423230 1107.3
1423240 1102.4
1423250 1096.3
1423260 1090.3
1423270 1090.3
1423280 1086.1
1423290 1082.6
1423300 1082.6
1423310 1081.3
1423320 1078.1
1423330 1078.1
1423340 1072.0
1423350 1065.3
1423360 1065.3
1423370 1060.7
1423380 1056.2
1423390 1056.2
1423400 1050.7
1423410 1045.5
1423420 1045.5
1423430 1041.2
1423440 1037.7
1423450 1037.7
1423460 1034.7
1423470 1031.2
1423480 1031.2
1423490 1026.2
1423500 1020.6
1423510 1020.6
1423520 1014.9
1423530 1008.7
1423540 1001.8
1423550 1001.8
1423560 994.9
1423570 990.0
1423580 990.0
1423590 984.9
1423600 979.5
1423610 979.5
1423620 973.1
1423630 969.0
1423640 969.0
1423650 963.2
1423660 955.5
1423670 955.5
1423680 949.4
1423690 946.8
1423700 946.8
1423710 944.6
1423720 942.0
1423730 942.0
1423740 939.0
1423750 935.2
1423760 935.2
1423770 929.7
1423780 923.4
1423790 923.4
1423800 917.5
1423810 912.5
1423820 908.2
1423830 908.2
1423840 904.0
1423850 899.5
1423860 899.5
1423870 894.5
1423880 889.2
1423890 889.2
1423900 884.0
1423910 881.1
1423920 881.1
1423930 876.2
1423940 871.2
1423950 871.2
1423960 866.5
1423970 861.7
1423980 861.7
1423990 857.0
1424000 852.1
1424010 852.1
1424020 847.7
1424030 842.9
1424040 842.9
1424050 837.7
1424060 833.3
1424070 833.3
1424080 828.9
1424090 823.2
1424100 816.4
1424110 816.4
1424120 811.6
1424130 806.2
1424140 806.2
1424150 799.8
1424160 793.3
1424170 793.3
1424180 786.0
1424190 779.4
1424200 779.4
1424210 773.3
1424220 766.7
1424230 766.7
1424240 760.3
1424250 758.2
1424260 758.2
1424270 756.4
1424280 754.3
1424290 754.3
1424300 752.7
1424310 752.4
1424320 752.4
1424330 751.3
1424340 750.0
1424350 749.5
1424360 749.5
1424370 749.5
1424380 749.5
1424390 749.5
1424400 749.5
1424410 749.5
1424420 749.5
1424430 749.5
1424440 749.5
1424450 749.5
1424460 749.5
1424470 749.5
1424480 749.5
1424490 749.5
1424500 749.5
1424510 749.5
1424520 749.5
1424530 749.5
1424540 749.5
1424550 749.5
1424560 749.5
1424570 749.5
1424580 749.5
1424590 749.5
1424600 749.5
1424610 749.5
1424620 749.5
1424630 749.5
1424640 749.5
1424650 749.5
1424660 749.5
1424670 749.5
1424680 749.5
1424690 749.5
1424700 749.5
1424710 749.5
1424720 749.5
1424730 749.5
1424740 749.5
1424750 749.5
1424760 749.5
1424770 749.5
1424780 749.5
1424790 749.5
1424800 749.5
1424810 749.5
1424820 749.5
1424830 749.5
1424840 749.5
1424850 749.5
1424860 749.5
1424870 749.5
1424880 749.5
1424890 749.5
1424900 749.5
1424910 749.5
1424920 749.5
1424930 749.5
1424940 749.5
1424950 749.5
1424960 749.5
1424970 749.5
1424980 749.5
1424990 749.5
1425000 749.5
1425010 749.5
1425020 749.5
1425030 749.5
1425040 749.5
1425050 749.5
1425060 749.5
1425070 749.5
1425080 749.5
1425090 749.5
1425100 749.5
1425110 749.5
1425120 749.5
1425130 749.5
1425140 749.5
1425150 749.5
1425160 749.5
1425170 749.5
1425180 749.5
1425190 749.5
1425200 749.5
1425210 749.5
1425220 749.5
1425230 749.5
1425240 749.5
1425250 749.5
1425260 749.5
1425270 749.5
1425280 749.5
1425290 749.5
1425300 749.5
1425310 749.5
1425320 749.5
1425330 749.5
1425340 749.5
1425350 749.5
1425360 749.5
1425370 749.5
1425380 749.5
1425390 749.5
1425400 749.5
1425410 749.5
1425420 749.5
1425430 749.5
1425440 749.5
1425450 749.5
1425460 749.5
1425470 749.5
1425480 749.5
1425490 749.5
1425500 749.5
1425510 749.5
1425520 749.5
1425530 749.5
1425540 749.5
1425550 749.5
1425560 749.5
1425570 749.5
1425580 749.5
1425590 749.5
1425600 749.5
1425610 749.5
1425620 749.5
1425630 749.5
1425640 749.5
1425650 749.5
1425660 749.5
1425670 749.5
1425680 749.5
1425690 749.5
1425700 749.5
1425710 749.5
1425720 749.5
1425730 749.5
1425740 749.5
1425750 749.5
1425760 749.5
1425770 749.5
1425780 749.5
1425790 749.5
1425800 749.5
1425810 749.5
1425820 749.5
1425830 749.5
1425840 749.5
1425850 749.5
1425860 749.5
1425870 749.5
1425880 749.5
1425890 749.5
1425900 749.5
1425910 749.5
1425920 749.5
1425930 749.5
1425940 749.5
1425950 749.5
1425960 749.5
1425970 749.5
1425980 749.5
1425990 749.5
1426000 749.5
1426010 749.5
1426020 749.5
1426030 749.5
1426040 749.5
1426050 749.5
1426060 749.5
1426070 749.5
1426080 749.5
1426090 749.5
1426100 749.5
1426110 749.5
1426120 749.5
1426130 749.5
1426140 749.5
1426150 749.5
1426160 749.5
1426170 749.5
1426180 749.5
1426190 749.5
1426200 749.5
1426210 749.5
1426220 749.5
1426230 749.5
1426240 749.5
1426250 749.5
1426260 749.5
1426270 749.5
1426280 749.5
1426290 749.5
1426300 749.5
1426310 749.5
1426320 749.5
1426330 749.5
1426340 749.5
1426350 749.5
1426360 749.5
1426370 749.5
1426380 749.5
1426390 749.5
1426400 749.5
1426410 749.5
1426420 749.5
1426430 749.5
1426440 749.5
1426450 749.5
1426460 749.5
1426470 749.5
1426480 749.5
1426490 749.5
1426500 749.5
1426510 749.5
1426520 749.5
1426530 749.5
1426540 749.5
1426550 749.5
1426560 749.5
1426570 749.5
1426580 749.5
1426590 749.6
1426600 749.6
1426610 752.1
1426620 752.1
1426630 752.1
1426640 757.6
1426650 762.8
1426660 762.8
1426670 768.3
1426680 777.0
1426690 777.0
1426700 783.9
1426710 787.8
1426720 787.8
1426730 790.0
1426740 793.8
1426750 793.8
1426760 799.8
1426770 806.4
1426780 806.4
1426790 813.8
1426800 821.3
1426810 828.6
1426820 828.6
1426830 834.8
1426840 840.8
1426850 840.8
1426860 847.1
1426870 852.6
1426880 852.6
1426890 859.2
1426900 865.6
1426910 865.6
1426920 870.0
1426930 873.8
1426940 873.8
1426950 877.9
1426960 881.8
1426970 881.8
1426980 885.4
1426990 889.2
1427000 889.2
1427010 894.1
1427020 899.7
1427030 899.7
1427040 904.1
1427050 909.1
1427060 909.1
1427070 914.0
1427080 918.7
1427090 924.4
1427100 924.4
1427110 929.8
1427120 935.3
1427130 935.3
1427140 938.4
1427150 942.0
1427160 942.0
1427170 946.1
1427180 950.6
1427190 950.6
1427200 955.6
1427210 959.3
1427220 959.3
1427230 961.2
1427240 963.5
1427250 963.5
1427260 966.3
1427270 971.7
1427280 971.7
1427290 976.5
1427300 981.7
1427310 981.7
1427320 987.2
1427330 993.0
1427340 993.0
1427350 998.7
1427360 1002.8
1427370 1007.0
1427380 1007.0
1427390 1010.8
1427400 1013.0
1427410 1013.0
1427420 1018.3
1427430 1023.8
1427440 1023.8
1427450 1029.6
1427460 1035.4
1427470 1035.4
1427480 1040.5
1427490 1045.6
1427500 1045.6
1427510 1049.4
1427520 1053.9
1427530 1053.9
1427540 1059.2
1427550 1062.7
1427560 1062.7
1427570 1064.7
1427580 1065.6
1427590 1065.6
1427600 1066.5
1427610 1067.3
1427620 1068.3
1427630 1068.3
1427640 1069.9
1427650 1071.8
1427660 1071.8
1427670 1072.8
1427680 1073.3
1427690 1073.3
1427700 1074.0
1427710 1075.1
1427720 1075.1
1427730 1076.3
1427740 1077.4
1427750 1077.4
1427760 1078.2
1427770 1079.4
1427780 1079.4
1427790 1081.4
1427800 1085.4
1427810 1085.4
1427820 1090.8
1427830 1095.7
1427840 1095.7
1427850 1099.7
1427860 1102.1
1427870 1102.1
1427880 1102.2
1427890 1100.6
1427900 1099.1
1427910 1099.1
1427920 1098.4
1427930 1098.7
1427940 1098.7
1427950 1098.6
1427960 1097.2
1427970 1097.2
1427980 1095.3
1427990 1093.1
1428000 1093.1
1428010 1090.4
1428020 1088.0
1428030 1088.0
1428040 1085.6
1428050 1083.2
1428060 1083.2
1428070 1080.1
1428080 1077.3
1428090 1077.3
1428100 1075.0
1428110 1073.4
1428120 1073.4
1428130 1072.6
1428140 1071.7
1428150 1071.7
1428160 1070.3
1428170 1069.2
1428180 1068.4
1428190 1068.4
1428200 1067.7
1428210 1067.2
1428220 1067.2
1428230 1067.7
1428240 1068.9
1428250 1068.9
1428260 1070.1
1428270 1067.8
1428280 1067.8
1428290 1069.8
1428300 1071.0
1428310 1071.0
1428320 1070.8
1428330 1070.7
1428340 1070.7
1428350 1070.7
1428360 1070.1
1428370 1070.1
1428380 1070.0
1428390 1070.3
1428400 1070.3
1428410 1071.0
1428420 1072.0
1428430 1072.0
1428440 1072.4
1428450 1072.0
1428460 1071.0
1428470 1071.0
1428480 1069.2
1428490 1067.6
1428500 1067.6
1428510 1066.0
1428520 1063.7
1428530 1063.7
1428540 1064.9
1428550 1066.9
1428560 1066.9
1428570 1068.7
1428580 1071.7
1428590 1071.7
1428600 1074.7
1428610 1079.0
1428620 1079.0
1428630 1082.1
1428640 1083.6
1428650 1083.6
1428660 1086.0
1428670 1089.2
1428680 1089.2
1428690 1092.1
1428700 1095.5
1428710 1098.9
1428720 1098.9
1428730 1101.7
1428740 1105.6
1428750 1105.6
1428760 1108.7
1428770 1111.1
1428780 1111.1
1428790 1112.5
1428800 1113.9
1428810 1113.9
1428820 1116.4
1428830 1119.3
1428840 1119.3
1428850 1122.4
1428860 1125.7
1428870 1125.7
1428880 1128.6
1428890 1131.2
1428900 1131.2
1428910 1133.9
1428920 1136.6
1428930 1136.6
1428940 1139.2
1428950 1141.7
1428960 1141.7
1428970 1144.0
1428980 1146.1
1428990 1148.2
1429000 1148.2
1429010 1150.2
1429020 1152.5
1429030 1152.5
1429040 1154.5
1429050 1157.3
1429060 1157.3
1429070 1160.3
1429080 1163.8
1429090 1163.8
1429100 1166.9
1429110 1169.0
1429120 1169.0
1429130 1172.2
1429140 1175.9
1429150 1175.9
1429160 1180.2
1429170 1185.0
1429180 1185.0
1429190 1190.2
1429200 1195.0
1429210 1195.0
1429220 1199.7
1429230 1203.8
1429240 1203.8
1429250 1206.8
1429260 1210.3
1429270 1217.0
1429280 1217.0
1429290 1222.3
1429300 1226.4
1429310 1226.4
1429320 1230.5
1429330 1234.1
1429340 1234.1
1429350 1237.9
1429360 1241.3
1429370 1241.3
1429380 1243.9
1429390 1246.2
1429400 1246.2
1429410 1248.6
1429420 1250.9
1429430 1250.9
1429440 1254.0
1429450 1256.7
1429460 1256.7
1429470 1260.0
1429480 1263.3
1429490 1263.3
1429500 1266.9
1429510 1270.5
1429520 1270.5
1429530 1274.4
1429540 1278.4
1429550 1282.8
1429560 1282.8
1429570 1288.1
1429580 1292.5
1429590 1292.5
1429600 1296.9
1429610 1301.5
1429620 1301.5
1429630 1305.6
1429640 1311.6
1429650 1311.6
1429660 1316.7
1429670 1321.7
1429680 1321.7
1429690 1326.5
1429700 1331.6
1429710 1331.6
1429720 1337.0
1429730 1341.8
1429740 1341.8
1429750 1346.2
1429760 1350.1
1429770 1350.1
1429780 1355.1
1429790 1360.1
1429800 1365.1
1429810 1365.1
1429820 1370.6
1429830 1374.2
1429840 1374.2
1429850 1378.7
1429860 1383.0
1429870 1383.0
1429880 1387.0
1429890 1389.8
1429900 1389.8
1429910 1392.7
1429920 1395.9
1429930 1395.9
1429940 1400.4
1429950 1405.2
1429960 1405.2
1429970 1410.2
1429980 1414.4
1429990 1414.4
1430000 1418.3
1430010 1422.4
1430020 1422.4
1430030 1427.0
1430040 1431.8
1430050 1431.8
1430060 1436.0
1430070 1439.6
1430080 1444.8
1430090 1444.8
1430100 1450.5
1430110 1455.7
1430120 1455.7
1430130 1459.7
1430140 1463.0
1430150 1463.0
1430160 1467.1
1430170 1470.5
1430180 1470.5
1430190 1473.5
1430200 1477.0
1430210 1477.0
1430220 1480.8
1430230 1485.6
1430240 1485.6
1430250 1490.1
1430260 1494.5
1430270 1494.5
1430280 1498.3
1430290 1501.8
1430300 1501.8
1430310 1504.8
1430320 1507.0
1430330 1507.0
1430340 1509.2
1430350 1512.1
1430360 1515.1
1430370 1515.1
1430380 1518.0
1430390 1520.0
1430400 1520.0
1430410 1522.1
1430420 1524.5
1430430 1524.5
1430440 1526.9
1430450 1529.7
1430460 1529.7
1430470 1532.8
1430480 1535.6
1430490 1535.6
1430500 1538.3
1430510 1541.2
1430520 1541.2
1430530 1543.5
1430540 1544.9
1430550 1544.9
1430560 1545.5
1430570 1545.1
1430580 1549.2
1430590 1548.4
1430600 1546.8
1430610 1546.8
1430620 1545.3
1430630 1543.4
1430640 1541.4
1430650 1541.4
1430660 1538.8
1430670 1536.8
1430680 1536.8
1430690 1534.4
1430700 1532.8
1430710 1532.8
1430720 1530.9
1430730 1528.5
1430740 1528.5
1430750 1526.0
1430760 1522.3
1430770 1522.3
1430780 1517.6
1430790 1511.8
1430800 1511.8
1430810 1506.2
1430820 1500.5
1430830 1500.5
1430840 1495.2
1430850 1489.9
1430860 1489.9
1430870 1484.0
1430880 1481.3
1430890 1480.9
1430900 1480.9
1430910 1481.0
1430920 1481.5
1430930 1481.5
1430940 1482.5
1430950 1486.5
1430960 1486.5
1430970 1491.6
1430980 1496.2
1430990 1496.2
1431000 1500.2
1431010 1503.3
1431020 1503.3
1431030 1504.4
1431040 1503.2
1431050 1503.2
1431060 1498.4
1431070 1491.6
1431080 1491.6
1431090 1483.8
1431100 1477.0
1431110 1477.0
1431120 1470.6
1431130 1462.9
1431140 1462.9
1431150 1457.3
1431160 1452.4
1431170 1448.6
1431180 1448.6
1431190 1446.5
1431200 1446.5
1431210 1446.5
1431220 1446.6
1431230 1445.9
1431240 1445.9
1431250 1443.7
1431260 1440.0
1431270 1440.0
1431280 1434.1
1431290 1427.1
1431300 1427.1
1431310 1418.5
1431320 1415.0
1431330 1415.0
1431340 1424.3
1431350 1434.5
1431360 1434.5
1431370 1441.7
1431380 1447.1
1431390 1447.1
1431400 1451.8
1431410 1457.1
1431420 1457.1
1431430 1462.4
1431440 1467.3
1431450 1472.0
1431460 1472.0
1431470 1476.9
1431480 1482.1
1431490 1482.1
1431500 1487.3
1431510 1492.0
1431520 1492.0
1431530 1495.4
1431540 1497.4
1431550 1497.4
1431560 1498.7
1431570 1499.5
1431580 1499.5
1431590 1500.1
1431600 1500.8
1431610 1500.8
1431620 1501.4
1431630 1501.9
1431640 1501.9
1431650 1501.1
1431660 1499.6
1431670 1499.6
1431680 1505.9
1431690 1513.9
1431700 1513.9
1431710 1521.3
1431720 1527.8
1431730 1534.0
1431740 1534.0
1431750 1539.9
1431760 1545.6
1431770 1545.6
1431780 1549.9
1431790 1552.1
1431800 1552.1
1431810 1554.0
1431820 1556.2
1431830 1556.2
1431840 1557.3
1431850 1558.2
1431860 1558.2
1431870 1559.6
1431880 1560.9
1431890 1560.9
1431900 1566.8
1431910 1575.8
1431920 1575.8
1431930 1584.9
1431940 1592.1
1431950 1592.1
1431960 1597.4
1431970 1602.9
1431980 1609.0
1431990 1609.0
1432000 1614.8
1432010 1618.2
1432020 1618.2
1432030 1622.0
1432040 1627.8
1432050 1627.8
1432060 1633.5
1432070 1639.0
1432080 1639.0
1432090 1644.2
1432100 1650.3
1432110 1650.3
1432120 1656.2
1432130 1662.0
1432140 1662.0
1432150 1668.1
1432160 1674.5
1432170 1674.5
1432180 1681.1
1432190 1687.5
1432200 1687.5
1432210 1693.6
1432220 1699.3
1432230 1699.3
1432240 1704.0
1432250 1704.5
1432260 1707.4
1432270 1707.4
1432280 1711.9
1432290 1716.3
1432300 1716.3
1432310 1720.3
1432320 1723.5
1432330 1723.5
1432340 1726.6
1432350 1728.9
1432360 1728.9
1432370 1730.6
1432380 1731.0
1432390 1731.0
1432400 1731.5
1432410 1733.5
1432420 1733.5
1432430 1735.3
1432440 1736.8
1432450 1736.8
1432460 1737.7
1432470 1738.1
1432480 1738.1
1432490 1735.7
1432500 1733.2
1432510 1733.2
1432520 1729.2
1432530 1724.7
1432540 1721.1
1432550 1721.1
1432560 1717.2
1432570 1713.4
1432580 1713.4
1432590 1709.9
1432600 1707.1
1432610 1707.1
1432620 1704.7
1432630 1701.8
1432640 1701.8
1432650 1699.3
1432660 1696.9
1432670 1696.9
1432680 1693.3
1432690 1688.1
1432700 1688.1
1432710 1684.2
1432720 1681.8
1432730 1681.8
1432740 1678.9
1432750 1675.8
1432760 1675.8
1432770 1673.8
1432780 1677.6
1432790 1677.6
1432800 1681.7
1432810 1686.0
1432820 1688.8
1432830 1688.8
1432840 1690.0
1432850 1691.6
1432860 1691.6
1432870 1693.2
1432880 1696.2
1432890 1696.2
1432900 1698.6
1432910 1700.1
1432920 1700.1
1432930 1701.4
1432940 1702.4
1432950 1702.4
1432960 1702.5
1432970 1701.3
1432980 1701.3
1432990 1700.1
1433000 1699.5
1433010 1706.6
1433020 1706.1
1433030 1705.4
1433040 1705.4
1433050 1704.7
1433060 1705.3
1433070 1707.0
1433080 1707.0
1433090 1710.0
1433100 1715.2
1433110 1715.2
1433120 1719.5
1433130 1721.3
1433140 1721.3
1433150 1723.1
1433160 1725.0
1433170 1725.0
1433180 1727.6
1433190 1730.7
1433200 1730.7
1433210 1733.8
1433220 1737.7
1433230 1737.7
1433240 1742.9
1433250 1748.0
1433260 1748.0
1433270 1752.7
1433280 1756.6
1433290 1756.6
1433300 1760.6
1433310 1765.3
1433320 1765.3
1433330 1769.8
1433340 1773.8
1433350 1777.3
1433360 1777.3
1433370 1780.0
1433380 1781.5
1433390 1781.5
1433400 1783.4
1433410 1784.8
1433420 1784.8
1433430 1786.5
1433440 1788.4
1433450 1788.4
1433460 1790.1
1433470 1791.8
1433480 1791.8
1433490 1793.5
1433500 1795.0
1433510 1795.0
1433520 1796.1
1433530 1796.7
1433540 1796.7
1433550 1796.9
1433560 1796.8
1433570 1796.8
1433580 1795.7
1433590 1794.7
1433600 1794.7
1433610 1794.1
1433620 1794.0
1433630 1793.6
1433640 1793.6
1433650 1793.7
1433660 1793.6
1433670 1793.6
1433680 1793.1
1433690 1792.0
1433700 1792.0
1433710 1792.1
1433720 1792.7
1433730 1792.7
1433740 1792.9
1433750 1793.4
1433760 1793.4
1433770 1794.5
1433780 1795.7
1433790 1795.7
1433800 1796.2
1433810 1796.5
1433820 1796.5
1433830 1796.8
1433840 1798.0
1433850 1798.0
1433860 1799.7
1433870 1801.3
1433880 1802.3
1433890 1802.3
1433900 1801.9
1433910 1801.1
1433920 1801.1
1433930 1801.1
1433940 1801.1
1433950 1801.1
1433960 1801.9
1433970 1806.2
1433980 1806.2
1433990 1807.0
1434000 1806.3
1434010 1806.3
1434020 1805.9
1434030 1807.2
1434040 1807.2
1434050 1806.9
1434060 1805.2
1434070 1805.2
1434080 1803.1
1434090 1801.8
1434100 1801.8
1434110 1801.1
1434120 1800.7
1434130 1800.7
1434140 1798.9
1434150 1796.0
1434160 1793.0
1434170 1793.0
1434180 1790.7
1434190 1788.9
1434200 1788.9
1434210 1787.3
1434220 1786.4
1434230 1786.4
1434240 1785.0
1434250 1781.9
1434260 1781.9
1434270 1777.7
1434280 1773.1
1434290 1773.1
1434300 1770.0
1434310 1767.0
1434320 1767.0
1434330 1763.3
1434340 1760.2
1434350 1760.2
1434360 1756.4
1434370 1752.2
1434380 1752.2
1434390 1748.3
1434400 1743.9
1434410 1743.9
1434420 1738.5
1434430 1732.4
1434440 1725.8
1434450 1725.8
1434460 1720.1
1434470 1716.6
1434480 1716.6
1434490 1713.4
1434500 1709.3
1434510 1709.3
1434520 1705.6
1434530 1702.2
1434540 1702.2
1434550 1698.7
1434560 1694.7
1434570 1694.7
1434580 1691.3
1434590 1686.1
1434600 1686.1
1434610 1682.6
1434620 1677.7
1434630 1677.7
1434640 1671.6
1434650 1667.1
1434660 1667.1
1434670 1663.5
1434680 1662.1
1434690 1662.1
1434700 1659.1
1434710 1655.6
1434720 1650.8
1434730 1650.8
1434740 1650.6
1434750 1650.5
1434760 1650.5
1434770 1648.9
1434780 1648.3
1434790 1648.3
1434800 1647.7
1434810 1645.5
1434820 1645.5
1434830 1642.4
1434840 1639.4
1434850 1639.4
1434860 1635.7
1434870 1630.0
1434880 1630.0
1434890 1622.9
1434900 1615.4
1434910 1615.4
1434920 1607.2
1434930 1600.9
1434940 1600.9
1434950 1596.6
1434960 1594.2
1434970 1596.3
1434980 1596.3
1434990 1598.1
1435000 1595.6
1435010 1595.6
1435020 1591.1
1435030 1587.4
1435040 1587.4
1435050 1582.8
1435060 1582.2
1435070 1582.2
1435080 1575.1
1435090 1569.8
1435100 1569.8
1435110 1566.4
1435120 1562.9
1435130 1562.9
1435140 1558.0
1435150 1552.7
1435160 1552.7
1435170 1547.2
1435180 1543.7
1435190 1543.7
1435200 1540.5
1435210 1535.3
1435220 1535.3
1435230 1530.2
1435240 1526.0
1435250 1524.7
1435260 1524.7
1435270 1522.3
1435280 1519.8
1435290 1519.8
1435300 1515.4
1435310 1512.7
1435320 1512.7
1435330 1514.3
1435340 1516.5
1435350 1516.5
1435360 1519.6
1435370 1518.0
1435380 1518.0
1435390 1512.9
1435400 1506.8
1435410 1506.8
1435420 1501.7
1435430 1498.8
1435440 1498.8
1435450 1496.2
1435460 1492.0
1435470 1492.0
1435480 1486.4
1435490 1483.9
1435500 1483.9
1435510 1482.6
1435520 1478.9
1435530 1476.1
1435540 1467.5
1435550 1465.3
1435560 1463.8
1435570 1463.8
1435580 1462.6
1435590 1460.6
1435600 1460.6
1435610 1458.6
1435620 1455.7
1435630 1455.7
1435640 1452.2
1435650 1448.7
1435660 1448.7
1435670 1445.3
1435680 1441.1
1435690 1441.1
1435700 1436.3
1435710 1430.7
1435720 1430.7
1435730 1424.0
1435740 1416.6
1435750 1416.6
1435760 1409.7
1435770 1402.4
1435780 1402.4
1435790 1394.8
1435800 1387.1
1435810 1379.8
1435820 1379.8
1435830 1372.5
1435840 1364.9
1435850 1364.9
1435860 1357.6
1435870 1350.2
1435880 1350.2
1435890 1342.7
1435900 1335.3
1435910 1335.3
1435920 1327.4
1435930 1318.0
1435940 1318.0
1435950 1312.3
1435960 1308.9
1435970 1308.9
1435980 1305.1
1435990 1302.0
1436000 1302.0
1436010 1302.0
1436020 1302.0
1436030 1302.0
1436040 1302.2
1436050 1304.5
1436060 1310.2
1436070 1310.2
1436080 1315.3
1436090 1318.7
1436100 1318.7
1436110 1321.7
1436120 1327.1
1436130 1327.1
1436140 1331.4
1436150 1332.2
1436160 1332.2
1436170 1330.2
1436180 1329.6
1436190 1329.6
1436200 1329.5
1436210 1328.3
1436220 1328.3
1436230 1325.4
1436240 1320.8
1436250 1320.8
1436260 1314.3
1436270 1305.9
1436280 1305.9
1436290 1296.9
1436300 1288.6
1436310 1288.6
1436320 1280.4
1436330 1273.6
1436340 1267.0
1436350 1267.0
1436360 1259.9
1436370 1252.5
1436380 1252.5
1436390 1245.9
1436400 1237.2
1436410 1237.2
1436420 1234.4
1436430 1242.9
1436440 1242.9
1436450 1248.6
1436460 1248.1
1436470 1248.1
1436480 1243.0
1436490 1235.9
1436500 1235.9
1436510 1229.4
1436520 1219.7
1436530 1219.7
1436540 1201.2
1436550 1192.7
1436560 1192.7
1436570 1181.6
1436580 1175.8
1436590 1175.8
1436600 1174.6
1436610 1175.1
1436620 1179.9
1436630 1179.9
1436640 1191.5
1436650 1201.4
1436660 1201.4
1436670 1213.6
1436680 1225.7
1436690 1225.7
1436700 1235.0
1436710 1245.3
1436720 1245.3
1436730 1261.4
1436740 1271.6
1436750 1271.6
1436760 1281.2
1436770 1289.7
1436780 1289.7
1436790 1297.7
1436800 1305.6
1436810 1305.6
1436820 1313.0
1436830 1319.7
1436840 1319.7
1436850 1326.6
1436860 1333.5
1436870 1333.5
1436880 1340.6
1436890 1347.9
1436900 1354.8
1436910 1354.8
1436920 1361.9
1436930 1368.6
1436940 1368.6
1436950 1375.8
1436960 1382.1
1436970 1382.1
1436980 1388.0
1436990 1393.5
1437000 1393.5
1437010 1398.1
1437020 1402.1
1437030 1402.1
1437040 1404.0
1437050 1404.3
1437060 1404.3
1437070 1406.3
1437080 1411.4
1437090 1411.4
1437100 1420.4
1437110 1428.1
1437120 1428.1
1437130 1435.7
1437140 1442.9
1437150 1449.3
1437160 1449.3
1437170 1456.4
1437180 1463.5
1437190 1463.5
1437200 1471.0
1437210 1479.2
1437220 1479.2
1437230 1488.1
1437240 1497.4
1437250 1497.4
1437260 1506.1
1437270 1514.6
1437280 1514.6
1437290 1524.9
1437300 1535.7
1437310 1535.7
1437320 1546.8
1437330 1555.9
1437340 1555.9
1437350 1565.1
1437360 1573.9
1437370 1573.9
1437380 1582.5
1437390 1589.4
1437400 1589.4
1437410 1595.4
1437420 1601.6
1437430 1608.2
1437440 1608.2
1437450 1615.9
1437460 1622.7
1437470 1622.7
1437480 1629.5
1437490 1636.2
1437500 1636.2
1437510 1641.0
1437520 1643.6
1437530 1643.6
1437540 1645.7
1437550 1650.0
1437560 1650.0
1437570 1652.7
1437580 1654.5
1437590 1654.5
1437600 1658.5
1437610 1665.6
1437620 1665.6
1437630 1670.0
1437640 1673.2
1437650 1673.2
1437660 1675.2
1437670 1676.9
1437680 1676.9
1437690 1680.7
1437700 1685.2
1437710 1689.3
1437720 1689.3
1437730 1694.4
1437740 1700.5
1437750 1700.5
1437760 1704.5
1437770 1710.0
1437780 1710.0
1437790 1715.6
1437800 1720.4
1437810 1720.4
1437820 1724.4
1437830 1727.5
1437840 1727.5
1437850 1731.7
1437860 1736.8
1437870 1736.8
1437880 1740.3
1437890 1744.4
1437900 1744.4
1437910 1747.8
1437920 1750.5
1437930 1750.5
1437940 1755.0
1437950 1759.2
1437960 1759.2
1437970 1762.3
1437980 1765.5
1437990 1768.3
1438000 1768.3
1438010 1771.5
1438020 1772.5
1438030 1772.5
1438040 1773.0
1438050 1772.8
1438060 1772.8
1438070 1772.0
1438080 1770.5
1438090 1770.5
1438100 1768.1
1438110 1765.5
1438120 1765.5
1438130 1761.4
1438140 1755.9
1438150 1755.9
1438160 1750.6
1438170 1745.4
1438180 1745.4
1438190 1740.9
1438200 1737.3
1438210 1733.7
1438220 1729.1
1438230 1723.2
1438240 1718.3
1438250 1718.3
1438260 1716.4
1438270 1714.3
1438280 1714.3
1438290 1713.1
1438300 1710.4
1438310 1710.4
1438320 1706.4
1438330 1702.3
1438340 1702.3
1438350 1698.9
1438360 1696.0
1438370 1696.0
1438380 1693.8
1438390 1692.2
1438400 1692.2
1438410 1691.1
1438420 1691.2
1438430 1691.2
1438440 1692.1
1438450 1692.3
1438460 1692.3
1438470 1691.0
1438480 1689.4
1438490 1689.4
1438500 1686.7
1438510 1683.4
1438520 1679.9
1438530 1679.9
1438540 1676.2
1438550 1672.4
1438560 1672.4
1438570 1668.2
1438580 1663.9
1438590 1663.9
1438600 1659.1
1438610 1654.1
1438620 1654.1
1438630 1648.6
1438640 1644.3
1438650 1644.3
1438660 1642.6
1438670 1642.5
1438680 1642.5
1438690 1641.8
1438700 1639.7
1438710 1639.7
1438720 1636.6
1438730 1632.1
1438740 1632.1
1438750 1626.8
1438760 1622.4
1438770 1622.4
1438780 1620.6
1438790 1620.9
1438800 1621.2
1438810 1621.2
1438820 1621.2
1438830 1620.8
1438840 1620.8
1438850 1620.3
1438860 1619.6
1438870 1619.6
1438880 1616.5
1438890 1612.2
1438900 1612.2
1438910 1608.3
1438920 1603.9
1438930 1603.9
1438940 1600.1
1438950 1595.5
1438960 1595.5
1438970 1586.3
1438980 1575.1
1438990 1575.1
1439000 1562.2
1439010 1553.5
1439020 1553.5
1439030 1551.2
1439040 1549.0
1439050 1549.0
1439060 1541.4
1439070 1528.8
1439080 1529.9
1439090 1529.9
1439100 1538.9
1439110 1546.5
1439120 1546.5
1439130 1550.1
1439140 1555.8
1439150 1555.8
1439160 1558.0
1439170 1557.8
1439180 1557.8
1439190 1556.3
1439200 1554.1
1439210 1554.1
1439220 1552.0
1439230 1551.5
1439240 1551.5
1439250 1553.7
1439260 1555.5
1439270 1555.5
1439280 1556.6
1439290 1557.6
1439300 1557.6
1439310 1558.8
1439320 1558.2
1439330 1552.7
1439340 1552.7
1439350 1546.6
1439360 1544.7
1439370 1544.7
1439380 1551.8
1439390 1561.1
1439400 1561.1
1439410 1568.2
1439420 1573.8
1439430 1573.8
1439440 1578.3
1439450 1582.5
1439460 1582.5
1439470 1581.1
1439480 1578.7
1439490 1578.7
1439500 1577.1
1439510 1577.2
1439520 1577.2
1439530 1577.8
1439540 1580.2
1439550 1580.2
1439560 1583.4
1439570 1586.4
1439580 1586.4
1439590 1590.4
1439600 1593.9
1439610 1598.5
1439620 1598.5
1439630 1602.4
1439640 1606.3
1439650 1606.3
1439660 1611.8
1439670 1616.5
1439680 1616.5
1439690 1621.0
1439700 1628.3
1439710 1628.3
1439720 1634.9
1439730 1641.5
1439740 1641.5
1439750 1646.9
1439760 1652.0
1439770 1652.0
1439780 1657.1
1439790 1662.0
1439800 1662.0
1439810 1667.1
1439820 1672.4
1439830 1672.4
1439840 1677.7
1439850 1682.6
1439860 1682.6
1439870 1686.5
1439880 1689.4
1439890 1692.2
1439900 1692.2
1439910 1695.0
1439920 1696.8
1439930 1696.8
1439940 1697.0
1439950 1696.1
1439960 1696.1
1439970 1694.6
1439980 1693.4
1439990 1693.4
