1420000 1509.4
1420010 1507.2
1420020 1507.2
1420030 1505.7
1420040 1504.5
1420050 1504.5
1420060 1503.7
1420070 1503.6
1420080 1504.5
1420090 1504.5
1420100 1506.1
1420110 1506.9
1420120 1506.9
1420130 1506.1
1420140 1504.7
1420150 1504.7
1420160 1502.9
1420170 1500.3
1420180 1500.3
1420190 1497.4
1420200 1492.8
1420210 1492.8
1420220 1487.1
1420230 1481.1
1420240 1481.1
1420250 1476.0
1420260 1471.6
1420270 1471.6
1420280 1467.2
1420290 1461.6
1420300 1461.6
1420310 1456.0
1420320 1451.4
1420330 1451.4
1420340 1447.6
1420350 1443.7
1420360 1441.7
1420370 1441.7
1420380 1440.1
1420390 1440.1
1420400 1440.1
1420410 1439.5
1420420 1439.0
1420430 1439.0
1420440 1437.6
1420450 1436.1
1420460 1436.1
1420470 1434.0
1420480 1429.6
1420490 1429.6
1420500 1424.8
1420510 1420.0
1420520 1420.0
1420530 1413.0
1420540 1406.8
1420550 1406.8
1420560 1397.3
1420570 1387.2
1420580 1387.2
1420590 1378.9
1420600 1371.7
1420610 1371.7
1420620 1364.9
1420630 1359.8
1420640 1356.9
1420650 1356.9
1420660 1356.4
1420670 1358.9
1420680 1358.9
1420690 1362.7
1420700 1365.1
1420710 1365.1
1420720 1367.3
1420730 1369.0
1420740 1369.0
1420750 1370.5
1420760 1378.3
1420770 1378.3
1420780 1379.7
1420790 1381.4
1420800 1381.4
1420810 1383.0
1420820 1382.0
1420830 1382.0
1420840 1379.5
1420850 1378.3
1420860 1378.3
1420870 1377.2
1420880 1375.5
1420890 1375.5
1420900 1375.5
1420910 1378.6
1420920 1381.5
1420930 1381.5
1420940 1383.2
1420950 1386.7
1420960 1386.7
1420970 1391.0
1420980 1395.1
1420990 1395.1
1421000 1398.0
1421010 1400.5
1421020 1400.5
1421030 1402.7
1421040 1404.9
1421050 1404.9
1421060 1406.5
1421070 1409.5
1421080 1409.5
1421090 1412.6
1421100 1413.0
1421110 1413.0
1421120 1411.6
1421130 1409.4
1421140 1409.4
1421150 1407.4
1421160 1404.0
1421170 1401.6
1421180 1401.6
1421190 1399.9
1421200 1398.4
1421210 1398.4
1421220 1396.8
1421230 1394.9
1421240 1394.9
1421250 1392.9
1421260 1389.9
1421270 1389.9
1421280 1384.8
1421290 1380.9
1421300 1380.9
1421310 1376.7
1421320 1372.4
1421330 1372.4
1421340 1368.6
1421350 1365.2
1421360 1365.2
1421370 1361.8
1421380 1358.5
1421390 1358.5
1421400 1354.9
1421410 1351.1
1421420 1351.1
1421430 1347.2
1421440 1343.9
1421450 1340.4
1421460 1340.4
1421470 1335.9
1421480 1332.2
1421490 1332.2
1421500 1328.8
1421510 1324.6
1421520 1324.6
1421530 1319.6
1421540 1314.0
1421550 1314.0
1421560 1309.9
1421570 1305.8
1421580 1305.8
1421590 1302.3
1421600 1298.6
1421610 1298.6
1421620 1294.9
1421630 1291.8
1421640 1291.8
1421650 1288.8
1421660 1285.2
1421670 1285.2
1421680 1280.9
1421690 1276.7
1421700 1276.7
1421710 1273.1
1421720 1270.1
1421730 1266.8
1421740 1266.8
1421750 1263.2
1421760 1258.7
1421770 1258.7
1421780 1254.4
1421790 1251.0
1421800 1251.0
1421810 1247.8
1421820 1244.0
1421830 1244.0
1421840 1238.2
1421850 1233.6
1421860 1233.6
1421870 1229.2
1421880 1222.2
1421890 1222.2
1421900 1216.2
1421910 1216.9
1421920 1216.9
1421930 1215.0
1421940 1218.3
1421950 1218.3
1421960 1221.8
1421970 1223.2
1421980 1224.7
1421990 1224.7
1422000 1227.1
1422010 1229.1
1422020 1229.1
1422030 1229.8
1422040 1230.4
1422050 1230.4
1422060 1231.2
1422070 1231.8
1422080 1231.8
1422090 1232.1
1422100 1232.5
1422110 1232.5
1422120 1233.0
1422130 1233.5
1422140 1233.5
1422150 1235.4
1422160 1237.4
1422170 1237.4
1422180 1239.1
1422190 1240.8
1422200 1240.8
1422210 1242.3
1422220 1243.8
1422230 1243.8
1422240 1244.8
1422250 1245.5
1422260 1245.8
1422270 1245.8
1422280 1246.1
1422290 1246.0
1422300 1246.0
1422310 1245.5
1422320 1243.9
1422330 1243.9
1422340 1241.9
1422350 1239.9
1422360 1239.9
1422370 1238.1
1422380 1235.9
1422390 1235.9
1422400 1233.2
1422410 1230.2
1422420 1230.2
1422430 1226.8
1422440 1222.9
1422450 1222.9
1422460 1218.9
1422470 1214.8
1422480 1214.8
1422490 1210.5
1422500 1206.0
1422510 1206.0
1422520 1201.6
1422530 1197.4
1422540 1193.4
1422550 1193.4
1422560 1190.4
1422570 1184.2
1422580 1184.2
1422590 1176.0
1422600 1168.7
1422610 1168.7
1422620 1163.5
1422630 1161.4
1422640 1161.4
1422650 1158.0
1422660 1155.5
1422670 1155.5
1422680 1150.0
1422690 1143.8
1422700 1143.8
1422710 1146.3
1422720 1148.0
1422730 1148.0
1422740 1150.9
1422750 1155.1
1422760 1155.1
1422770 1158.9
1422780 1162.0
1422790 1168.4
1422800 1170.8
1422810 1170.8
1422820 1170.8
1422830 1170.8
1422840 1173.9
1422850 1178.1
1422860 1178.1
1422870 1181.2
1422880 1183.4
1422890 1183.4
1422900 1185.6
1422910 1187.4
1422920 1187.4
1422930 1188.9
1422940 1191.2
1422950 1191.2
1422960 1193.5
1422970 1195.7
1422980 1195.7
1422990 1197.4
1423000 1198.2
1423010 1198.2
1423020 1198.4
1423030 1198.0
1423040 1198.0
1423050 1196.9
1423060 1195.5
1423070 1193.8
1423080 1193.8
1423090 1191.8
1423100 1189.4
1423110 1189.4
1423120 1187.2
1423130 1185.0
1423140 1185.0
1423150 1182.3
1423160 1178.5
1423170 1178.5
1423180 1174.6
1423190 1171.3
1423200 1171.3
1423210 1167.4
1423220 1162.8
1423230 1162.8
1423240 1157.4
1423250 1152.2
1423260 1152.2
1423270 1147.5
1423280 1141.3
1423290 1141.3
1423300 1135.4
1423310 1129.0
1423320 1129.0
1423330 1122.2
1423340 1115.4
1423350 1108.0
1423360 1108.0
1423370 1101.0
1423380 1094.3
1423390 1094.3
1423400 1088.2
1423410 1082.7
1423420 1082.7
1423430 1078.7
1423440 1075.0
1423450 1075.0
1423460 1070.4
1423470 1065.1
1423480 1065.1
1423490 1059.1
1423500 1053.1
1423510 1053.1
1423520 1048.8
1423530 1044.9
1423540 1044.9
1423550 1040.7
1423560 1035.6
1423570 1035.6
1423580 1029.7
1423590 1023.3
1423600 1023.3
1423610 1018.0
1423620 1012.7
1423630 1007.6
1423640 1007.6
1423650 1002.8
1423660 998.8
1423670 998.8
1423680 994.9
1423690 991.1
1423700 991.1
1423710 987.8
1423720 981.9
1423730 981.9
1423740 976.0
1423750 970.2
1423760 970.2
1423770 964.4
1423780 960.2
1423790 960.2
1423800 957.0
1423810 952.5
1423820 952.5
1423830 947.1
1423840 940.7
1423850 940.7
1423860 933.9
1423870 927.7
1423880 927.7
1423890 921.2
1423900 915.5
1423910 909.7
1423920 909.7
1423930 903.5
1423940 897.2
1423950 897.2
1423960 890.7
1423970 884.5
1423980 884.5
1423990 878.5
1424000 872.4
1424010 872.4
1424020 866.3
1424030 859.6
1424040 859.6
1424050 852.7
1424060 845.6
1424070 845.6
1424080 837.9
1424090 830.2
1424100 830.2
1424110 822.3
1424120 814.9
1424130 814.9
1424140 807.5
1424150 799.5
1424160 792.1
1424170 792.1
1424180 780.0
1424190 774.5
1424200 774.5
1424210 769.7
1424220 763.4
1424230 763.4
1424240 758.2
1424250 753.4
1424260 753.4
1424270 752.5
1424280 751.8
1424290 751.8
1424300 750.0
1424310 749.5
1424320 749.5
1424330 749.5
1424340 749.5
1424350 749.5
1424360 749.5
1424370 749.5
1424380 749.5
1424390 749.5
1424400 749.5
1424410 749.5
1424420 749.5
1424430 749.5
1424440 749.5
1424450 749.5
1424460 749.5
1424470 749.5
1424480 749.5
1424490 749.5
1424500 749.5
1424510 749.5
1424520 749.5
1424530 749.5
1424540 749.5
1424550 749.5
1424560 749.5
1424570 749.5
1424580 749.5
1424590 749.5
1424600 749.5
1424610 749.5
1424620 749.5
1424630 749.5
1424640 749.5
1424650 749.5
1424660 749.5
1424670 749.5
1424680 749.5
1424690 749.5
1424700 749.5
1424710 749.5
1424720 749.5
1424730 749.5
1424740 749.5
1424750 749.5
1424760 749.5
1424770 749.5
1424780 749.5
1424790 749.5
1424800 749.5
1424810 749.5
1424820 749.5
1424830 749.5
1424840 749.5
1424850 749.5
1424860 749.5
1424870 749.5
1424880 749.5
1424890 749.5
1424900 749.5
1424910 749.5
1424920 749.5
1424930 749.5
1424940 749.5
1424950 749.5
1424960 749.5
1424970 749.5
1424980 749.5
1424990 749.5
1425000 749.5
1425010 749.5
1425020 749.5
1425030 749.5
1425040 749.5
1425050 749.5
1425060 749.5
1425070 749.5
1425080 749.5
1425090 749.5
1425100 749.5
1425110 749.5
1425120 749.5
1425130 749.5
1425140 749.5
1425150 749.5
1425160 749.5
1425170 749.5
1425180 749.5
1425190 749.5
1425200 749.5
1425210 749.5
1425220 749.5
1425230 749.5
1425240 749.5
1425250 749.5
1425260 749.5
1425270 749.5
1425280 749.5
1425290 749.5
1425300 749.5
1425310 749.5
1425320 749.5
1425330 749.5
1425340 749.5
1425350 749.5
1425360 749.5
1425370 749.5
1425380 749.5
1425390 749.5
1425400 749.5
1425410 749.5
1425420 749.5
1425430 749.5
1425440 749.5
1425450 749.5
1425460 749.5
1425470 749.5
1425480 749.5
1425490 749.5
1425500 749.5
1425510 749.5
1425520 749.5
1425530 749.5
1425540 749.5
1425550 749.5
1425560 749.5
1425570 749.5
1425580 749.5
1425590 749.5
1425600 749.5
1425610 749.5
1425620 749.5
1425630 749.5
1425640 749.5
1425650 749.5
1425660 749.5
1425670 749.5
1425680 749.5
1425690 749.5
1425700 749.5
1425710 749.5
1425720 749.5
1425730 749.5
1425740 749.5
1425750 749.5
1425760 749.5
1425770 749.5
1425780 749.5
1425790 749.5
1425800 749.5
1425810 749.5
1425820 749.5
1425830 749.5
1425840 749.5
1425850 749.5
1425860 749.5
1425870 749.5
1425880 749.5
1425890 749.5
1425900 749.5
1425910 749.5
1425920 749.5
1425930 749.5
1425940 749.5
1425950 749.5
1425960 749.5
1425970 749.5
1425980 749.5
1425990 749.5
1426000 749.5
1426010 749.5
1426020 749.5
1426030 749.5
1426040 749.5
1426050 749.5
1426060 749.5
1426070 749.5
1426080 749.5
1426090 749.5
1426100 749.5
1426110 749.5
1426120 749.5
1426130 749.5
1426140 749.5
1426150 749.5
1426160 749.5
1426170 749.5
1426180 749.5
1426190 749.5
1426200 749.5
1426210 749.5
1426220 749.5
1426230 749.5
1426240 749.5
1426250 749.5
1426260 749.5
1426270 749.5
1426280 749.5
1426290 749.5
1426300 749.5
1426310 749.5
1426320 749.5
1426330 749.5
1426340 749.5
1426350 749.5
1426360 749.5
1426370 749.5
1426380 749.5
1426390 749.5
1426400 749.5
1426410 749.5
1426420 749.5
1426430 749.5
1426440 749.5
1426450 749.5
1426460 749.5
1426470 749.5
1426480 749.5
1426490 749.5
1426500 749.5
1426510 749.5
1426520 749.5
1426530 749.5
1426540 749.5
1426550 749.5
1426560 749.5
1426570 749.5
1426580 749.5
1426590 749.5
1426600 750.1
1426610 752.0
1426620 756.5
1426630 756.5
1426640 767.4
1426650 774.0
1426660 774.0
1426670 780.1
1426680 783.4
1426690 783.4
1426700 787.3
1426710 791.5
1426720 791.5
1426730 796.7
1426740 802.5
1426750 802.5
1426760 809.2
1426770 816.6
1426780 816.6
1426790 823.1
1426800 828.3
1426810 828.3
1426820 833.7
1426830 840.3
1426840 840.3
1426850 848.3
1426860 856.1
1426870 856.1
1426880 863.1
1426890 870.6
1426900 875.0
1426910 875.0
1426920 879.1
1426930 882.7
1426940 882.7
1426950 886.4
1426960 889.9
1426970 889.9
1426980 893.8
1426990 898.4
1427000 898.4
1427010 902.7
1427020 906.9
1427030 906.9
1427040 910.2
1427050 913.6
1427060 913.6
1427070 917.1
1427080 920.5
1427090 920.5
1427100 923.9
1427110 928.2
1427120 928.2
1427130 932.1
1427140 935.6
1427150 939.5
1427160 939.5
1427170 945.1
1427180 953.0
1427190 953.0
1427200 960.2
1427210 965.0
1427220 965.0
1427230 969.3
1427240 973.3
1427250 973.3
1427260 976.0
1427270 979.5
1427280 979.5
1427290 981.4
1427300 982.5
1427310 982.5
1427320 983.7
1427330 984.3
1427340 984.3
1427350 984.9
1427360 985.6
1427370 985.6
1427380 986.1
1427390 986.4
1427400 986.4
1427410 986.7
1427420 986.9
1427430 987.5
1427440 987.5
1427450 988.4
1427460 989.4
1427470 989.4
1427480 990.5
1427490 991.8
1427500 991.8
1427510 993.3
1427520 995.0
1427530 995.0
1427540 997.6
1427550 1001.0
1427560 1001.0
1427570 1003.3
1427580 1005.1
1427590 1005.1
1427600 1007.6
1427610 1009.5
1427620 1009.5
1427630 1010.2
1427640 1009.9
1427650 1009.9
1427660 1009.5
1427670 1011.5
1427680 1011.5
1427690 1015.0
1427700 1019.3
1427710 1022.2
1427720 1022.2
1427730 1023.9
1427740 1025.8
1427750 1025.8
1427760 1027.2
1427770 1028.2
1427780 1028.2
1427790 1029.3
1427800 1030.6
1427810 1030.6
1427820 1031.9
1427830 1033.6
1427840 1033.6
1427850 1035.3
1427860 1037.1
1427870 1037.1
1427880 1038.0
1427890 1037.5
1427900 1037.5
1427910 1035.8
1427920 1033.3
1427930 1033.3
1427940 1031.2
1427950 1029.4
1427960 1029.4
1427970 1026.9
1427980 1023.9
1427990 1022.3
1428000 1022.3
1428010 1021.4
1428020 1020.2
1428030 1020.2
1428040 1018.3
1428050 1016.3
1428060 1016.3
1428070 1014.6
1428080 1013.6
1428090 1013.6
1428100 1013.7
1428110 1012.7
1428120 1012.7
1428130 1013.1
1428140 1014.1
1428150 1014.1
1428160 1014.6
1428170 1014.2
1428180 1014.2
1428190 1011.1
1428200 1008.9
1428210 1008.9
1428220 1008.1
1428230 1005.7
1428240 1007.4
1428250 1007.4
1428260 1010.9
1428270 1013.8
1428280 1013.8
1428290 1017.9
1428300 1021.6
1428310 1021.6
1428320 1024.5
1428330 1027.6
1428340 1027.6
1428350 1030.9
1428360 1034.7
1428370 1034.7
1428380 1038.7
1428390 1042.3
1428400 1042.3
1428410 1045.5
1428420 1049.2
1428430 1049.2
1428440 1053.2
1428450 1056.0
1428460 1056.0
1428470 1060.1
1428480 1063.0
1428490 1063.0
1428500 1065.8
1428510 1069.0
1428520 1072.1
1428530 1072.1
1428540 1075.0
1428550 1078.5
1428560 1078.5
1428570 1082.0
1428580 1085.8
1428590 1085.8
1428600 1088.7
1428610 1092.1
1428620 1092.1
1428630 1094.9
1428640 1096.5
1428650 1096.5
1428660 1098.3
1428670 1100.7
1428680 1100.7
1428690 1106.3
1428700 1112.2
1428710 1112.2
1428720 1116.5
1428730 1120.1
1428740 1120.1
1428750 1124.0
1428760 1128.5
1428770 1128.5
1428780 1132.2
1428790 1135.7
1428800 1139.8
1428810 1139.8
1428820 1144.3
1428830 1148.4
1428840 1148.4
1428850 1151.5
1428860 1153.9
1428870 1153.9
1428880 1156.8
1428890 1160.1
1428900 1160.1
1428910 1163.1
1428920 1166.7
1428930 1166.7
1428940 1171.0
1428950 1174.0
1428960 1174.0
1428970 1176.7
1428980 1177.5
1428990 1177.5
1429000 1180.8
1429010 1184.2
1429020 1184.2
1429030 1187.4
1429040 1190.5
1429050 1193.4
1429060 1193.4
1429070 1195.8
1429080 1199.6
1429090 1199.6
1429100 1202.8
1429110 1205.5
1429120 1205.5
1429130 1209.5
1429140 1213.1
1429150 1213.1
1429160 1214.9
1429170 1216.1
1429180 1216.1
1429190 1217.9
1429200 1220.4
1429210 1220.4
1429220 1223.3
1429230 1226.7
1429240 1226.7
1429250 1229.1
1429260 1231.0
1429270 1231.0
1429280 1231.8
1429290 1232.6
1429300 1232.6
1429310 1234.1
1429320 1235.9
1429330 1241.4
1429340 1241.4
1429350 1243.1
1429360 1244.6
1429370 1244.6
1429380 1246.1
1429390 1248.3
1429400 1248.3
1429410 1250.4
1429420 1253.0
1429430 1253.0
1429440 1254.9
1429450 1256.2
1429460 1256.2
1429470 1257.5
1429480 1259.3
1429490 1259.3
1429500 1261.6
1429510 1264.0
1429520 1264.0
1429530 1267.3
1429540 1272.6
1429550 1272.6
1429560 1278.2
1429570 1283.0
1429580 1283.0
1429590 1288.8
1429600 1294.5
1429610 1299.8
1429620 1299.8
1429630 1304.3
1429640 1308.6
1429650 1308.6
1429660 1313.0
1429670 1317.6
1429680 1317.6
1429690 1322.4
1429700 1327.1
1429710 1327.1
1429720 1331.6
1429730 1335.8
1429740 1335.8
1429750 1339.8
1429760 1344.7
1429770 1344.7
1429780 1349.7
1429790 1355.1
1429800 1355.1
1429810 1361.9
1429820 1367.5
1429830 1367.5
1429840 1374.5
1429850 1380.7
1429860 1380.7
1429870 1387.0
1429880 1393.1
1429890 1399.6
1429900 1399.6
1429910 1406.2
1429920 1413.6
1429930 1413.6
1429940 1421.1
1429950 1426.9
1429960 1426.9
1429970 1433.6
1429980 1441.3
1429990 1441.3
1430000 1449.6
1430010 1458.3
1430020 1458.3
1430030 1467.6
1430040 1482.2
1430050 1482.2
1430060 1486.3
1430070 1487.0
1430080 1487.0
1430090 1488.0
1430100 1490.9
1430110 1490.9
1430120 1495.1
1430130 1499.4
1430140 1503.7
1430150 1503.7
1430160 1506.2
1430170 1509.1
1430180 1509.1
1430190 1512.2
1430200 1515.8
1430210 1515.8
1430220 1519.2
1430230 1521.6
1430240 1521.6
1430250 1524.0
1430260 1527.4
1430270 1527.4
1430280 1530.9
1430290 1533.6
1430300 1533.6
1430310 1537.7
1430320 1542.4
1430330 1542.4
1430340 1548.0
1430350 1553.0
1430360 1553.0
1430370 1557.8
1430380 1563.5
1430390 1563.5
1430400 1569.8
1430410 1575.4
1430420 1579.9
1430430 1579.9
1430440 1584.5
1430450 1586.9
1430460 1586.9
1430470 1587.1
1430480 1587.0
1430490 1587.0
1430500 1588.4
1430510 1590.1
1430520 1590.1
1430530 1592.2
1430540 1593.5
1430550 1593.5
1430560 1594.1
1430570 1594.2
1430580 1594.2
1430590 1594.1
1430600 1593.2
1430610 1593.2
1430620 1591.8
1430630 1589.9
1430640 1589.9
1430650 1587.5
1430660 1585.2
1430670 1585.2
1430680 1583.4
1430690 1581.5
1430700 1579.4
1430710 1579.4
1430720 1577.0
1430730 1575.1
1430740 1575.1
1430750 1573.2
1430760 1571.0
1430770 1571.0
1430780 1568.5
1430790 1566.2
1430800 1566.2
1430810 1564.3
1430820 1563.1
1430830 1563.1
1430840 1561.0
1430850 1559.4
1430860 1559.4
1430870 1559.8
1430880 1561.2
1430890 1561.2
1430900 1562.0
1430910 1560.9
1430920 1560.9
1430930 1560.3
1430940 1560.1
1430950 1560.1
1430960 1559.7
1430970 1558.9
1430980 1557.7
1430990 1557.7
1431000 1554.1
1431010 1548.9
1431020 1548.9
1431030 1543.6
1431040 1539.2
1431050 1539.2
1431060 1535.6
1431070 1531.7
1431080 1531.7
1431090 1528.4
1431100 1525.2
1431110 1525.2
1431120 1522.2
1431130 1519.1
1431140 1519.1
1431150 1517.8
1431160 1516.4
1431170 1516.4
1431180 1514.0
1431190 1511.1
1431200 1511.1
1431210 1507.5
1431220 1504.0
1431230 1500.7
1431240 1500.7
1431250 1496.8
1431260 1492.4
1431270 1492.4
1431280 1489.9
1431290 1485.3
1431300 1485.3
1431310 1478.7
1431320 1484.4
1431330 1484.4
1431340 1490.0
1431350 1494.5
1431360 1494.5
1431370 1500.2
1431380 1505.7
1431390 1505.7
1431400 1511.2
1431410 1516.6
1431420 1516.6
1431430 1522.3
1431440 1527.3
1431450 1527.3
1431460 1531.5
1431470 1535.5
1431480 1535.5
1431490 1540.3
1431500 1545.3
1431510 1551.3
1431520 1551.3
1431530 1557.3
1431540 1563.3
1431550 1563.3
1431560 1569.3
1431570 1575.1
1431580 1575.1
1431590 1580.5
1431600 1585.2
1431610 1585.2
1431620 1588.0
1431630 1589.6
1431640 1589.6
1431650 1590.4
1431660 1590.8
1431670 1590.8
1431680 1590.4
1431690 1596.9
1431700 1596.9
1431710 1596.6
1431720 1597.3
1431730 1597.3
1431740 1598.3
1431750 1599.1
1431760 1599.1
1431770 1600.7
1431780 1602.3
1431790 1602.4
1431800 1602.4
1431810 1608.1
1431820 1617.1
1431830 1617.1
1431840 1625.7
1431850 1633.8
1431860 1633.8
1431870 1640.8
1431880 1647.4
1431890 1647.4
1431900 1653.1
1431910 1659.1
1431920 1659.1
1431930 1665.0
1431940 1670.0
1431950 1670.0
1431960 1673.6
1431970 1676.4
1431980 1676.4
1431990 1679.2
1432000 1681.2
1432010 1681.2
1432020 1683.0
1432030 1683.6
1432040 1683.6
1432050 1685.7
1432060 1690.3
1432070 1697.4
1432080 1697.4
1432090 1703.6
1432100 1708.6
1432110 1708.6
1432120 1712.8
1432130 1713.9
1432140 1713.9
1432150 1716.2
1432160 1721.3
1432170 1721.3
1432180 1727.5
1432190 1733.1
1432200 1733.1
1432210 1738.8
1432220 1744.2
1432230 1744.2
1432240 1750.0
1432250 1754.9
1432260 1754.9
1432270 1757.7
1432280 1760.0
1432290 1760.0
1432300 1762.2
1432310 1764.9
1432320 1768.8
1432330 1768.8
1432340 1773.2
1432350 1778.3
1432360 1778.3
1432370 1783.0
1432380 1787.2
1432390 1787.2
1432400 1789.4
1432410 1789.6
1432420 1789.6
1432430 1789.0
1432440 1788.2
1432450 1788.2
1432460 1788.3
1432470 1789.4
1432480 1789.4
1432490 1789.9
1432500 1789.7
1432510 1789.7
1432520 1788.3
1432530 1787.5
1432540 1787.5
1432550 1786.5
1432560 1784.0
1432570 1784.0
1432580 1781.0
1432590 1778.6
1432600 1777.2
1432610 1777.2
1432620 1776.8
1432630 1775.7
1432640 1775.7
1432650 1775.0
1432660 1774.1
1432670 1774.1
1432680 1772.8
1432690 1771.4
1432700 1771.4
1432710 1770.1
1432720 1768.8
1432730 1768.8
1432740 1767.4
1432750 1767.9
1432760 1767.9
1432770 1768.7
1432780 1770.2
1432790 1770.2
1432800 1771.9
1432810 1773.3
1432820 1773.3
1432830 1774.7
1432840 1776.8
1432850 1776.8
1432860 1779.2
1432870 1780.8
1432880 1781.4
1432890 1781.4
1432900 1782.5
1432910 1783.2
1432920 1783.2
1432930 1782.8
1432940 1781.3
1432950 1781.3
1432960 1778.9
1432970 1776.3
1432980 1776.3
1432990 1773.8
1433000 1772.6
1433010 1772.6
1433020 1772.3
1433030 1771.3
1433040 1771.3
1433050 1769.9
1433060 1769.2
1433070 1769.2
1433080 1769.5
1433090 1769.7
1433100 1769.7
1433110 1769.7
1433120 1769.6
1433130 1770.3
1433140 1770.3
1433150 1771.3
1433160 1772.2
1433170 1772.2
1433180 1773.5
1433190 1775.1
1433200 1775.1
1433210 1776.4
1433220 1777.1
1433230 1777.1
1433240 1778.2
1433250 1779.5
1433260 1779.5
1433270 1780.5
1433280 1781.3
1433290 1781.3
1433300 1782.5
1433310 1783.2
1433320 1783.2
1433330 1783.2
1433340 1782.2
1433350 1782.2
1433360 1780.3
1433370 1778.1
1433380 1778.1
1433390 1776.6
1433400 1775.5
1433410 1775.3
1433420 1775.3
1433430 1775.0
1433440 1775.0
1433450 1775.0
1433460 1774.3
1433470 1773.9
1433480 1773.9
1433490 1774.2
1433500 1773.9
1433510 1773.9
1433520 1773.6
1433530 1773.1
1433540 1773.1
1433550 1772.6
1433560 1773.0
1433570 1773.0
1433580 1773.5
1433590 1774.1
1433600 1774.1
1433610 1772.8
1433620 1772.7
1433630 1772.7
1433640 1773.5
1433650 1774.6
1433660 1774.6
1433670 1775.4
1433680 1775.7
1433690 1776.0
1433700 1776.0
1433710 1775.9
1433720 1775.2
1433730 1775.2
1433740 1774.1
1433750 1772.3
1433760 1772.3
1433770 1770.7
1433780 1769.2
1433790 1769.2
1433800 1767.5
1433810 1766.1
1433820 1766.1
1433830 1765.8
1433840 1765.4
1433850 1765.4
1433860 1764.9
1433870 1765.5
1433880 1765.5
1433890 1767.1
1433900 1766.3
1433910 1766.3
1433920 1764.9
1433930 1763.8
1433940 1763.8
1433950 1762.7
1433960 1759.7
1433970 1756.5
1433980 1756.5
1433990 1753.0
1434000 1749.1
1434010 1749.1
1434020 1745.4
1434030 1741.4
1434040 1741.4
1434050 1737.5
1434060 1733.7
1434070 1733.7
1434080 1730.1
1434090 1726.9
1434100 1726.9
1434110 1724.6
1434120 1721.3
1434130 1721.3
1434140 1717.5
1434150 1714.0
1434160 1714.0
1434170 1705.1
1434180 1702.0
1434190 1702.0
1434200 1698.4
1434210 1694.9
1434220 1690.9
1434230 1690.9
1434240 1686.7
1434250 1682.5
1434260 1682.5
1434270 1678.1
1434280 1673.9
1434290 1673.9
1434300 1670.6
1434310 1667.0
1434320 1667.0
1434330 1662.4
1434340 1658.5
1434350 1658.5
1434360 1654.5
1434370 1651.9
1434380 1651.9
1434390 1648.7
1434400 1644.8
1434410 1644.8
1434420 1639.9
1434430 1634.1
1434440 1634.1
1434450 1631.4
1434460 1628.2
1434470 1628.2
1434480 1623.8
1434490 1618.7
1434500 1614.8
1434510 1614.8
1434520 1611.6
1434530 1608.2
1434540 1608.2
1434550 1603.7
1434560 1599.6
1434570 1599.6
1434580 1597.5
1434590 1596.1
1434600 1596.1
1434610 1594.6
1434620 1591.1
1434630 1591.1
1434640 1587.7
1434650 1585.8
1434660 1585.8
1434670 1583.3
1434680 1581.8
1434690 1581.8
1434700 1580.8
1434710 1580.4
1434720 1580.4
1434730 1580.9
1434740 1580.9
1434750 1580.9
1434760 1579.9
1434770 1577.5
1434780 1574.6
1434790 1574.6
1434800 1571.1
1434810 1567.3
1434820 1567.3
1434830 1563.8
1434840 1560.4
1434850 1560.4
1434860 1556.4
1434870 1552.4
1434880 1552.4
1434890 1547.9
1434900 1542.9
1434910 1542.9
1434920 1538.3
1434930 1534.4
1434940 1534.4
1434950 1532.1
1434960 1530.5
1434970 1530.5
1434980 1529.5
1434990 1528.2
1435000 1528.2
1435010 1526.6
1435020 1524.5
1435030 1524.5
1435040 1522.1
1435050 1519.5
1435060 1515.0
1435070 1515.0
1435080 1509.8
1435090 1505.8
1435100 1505.8
1435110 1502.7
1435120 1499.1
1435130 1499.1
1435140 1494.5
1435150 1488.5
1435160 1488.5
1435170 1481.9
1435180 1476.1
1435190 1476.1
1435200 1470.3
1435210 1464.6
1435220 1464.6
1435230 1459.7
1435240 1455.6
1435250 1455.6
1435260 1450.7
1435270 1445.9
1435280 1445.9
1435290 1441.7
1435300 1436.8
1435310 1431.9
1435320 1431.9
1435330 1426.0
1435340 1419.7
1435350 1419.7
1435360 1415.6
1435370 1413.2
1435380 1413.2
1435390 1410.4
1435400 1407.4
1435410 1407.4
1435420 1405.9
1435430 1404.1
1435440 1404.1
1435450 1400.6
1435460 1396.7
1435470 1396.7
1435480 1391.9
1435490 1387.4
1435500 1387.4
1435510 1382.8
1435520 1379.0
1435530 1379.0
1435540 1374.3
1435550 1368.7
1435560 1368.7
1435570 1366.7
1435580 1363.3
1435590 1359.0
1435600 1359.0
1435610 1355.0
1435620 1352.3
1435630 1352.3
1435640 1349.2
1435650 1346.6
1435660 1346.6
1435670 1345.9
1435680 1346.1
1435690 1346.1
1435700 1346.5
1435710 1345.1
1435720 1345.1
1435730 1341.8
1435740 1337.3
1435750 1337.3
1435760 1333.3
1435770 1330.3
1435780 1330.3
1435790 1327.5
1435800 1325.3
1435810 1325.3
1435820 1322.4
1435830 1319.9
1435840 1319.9
1435850 1317.1
1435860 1314.0
1435870 1311.3
1435880 1311.3
1435890 1308.4
1435900 1305.9
1435910 1305.9
1435920 1303.0
1435930 1300.2
1435940 1300.2
1435950 1297.8
1435960 1294.6
1435970 1294.6
1435980 1291.5
1435990 1288.3
1436000 1288.3
1436010 1284.1
1436020 1279.9
1436030 1279.9
1436040 1275.1
1436050 1270.0
1436060 1270.0
1436070 1265.0
1436080 1259.3
1436090 1259.3
1436100 1252.9
1436110 1247.9
1436120 1241.1
1436130 1241.1
1436140 1233.2
1436150 1225.3
1436160 1225.3
1436170 1219.2
1436180 1214.6
1436190 1214.6
1436200 1213.1
1436210 1217.0
1436220 1217.0
1436230 1220.2
1436240 1223.3
1436250 1223.3
1436260 1225.0
1436270 1225.7
1436280 1225.7
1436290 1224.8
1436300 1222.2
1436310 1222.2
1436320 1219.1
1436330 1215.3
1436340 1215.3
1436350 1211.8
1436360 1207.6
1436370 1207.6
1436380 1201.8
1436390 1194.5
1436400 1186.5
1436410 1186.5
1436420 1177.1
1436430 1165.9
1436440 1165.9
1436450 1155.5
1436460 1147.1
1436470 1147.1
1436480 1147.1
1436490 1148.2
1436500 1148.2
1436510 1151.0
1436520 1163.7
1436530 1163.7
1436540 1177.3
1436550 1188.6
1436560 1188.6
1436570 1197.9
1436580 1207.3
1436590 1207.3
1436600 1217.4
1436610 1229.3
1436620 1229.3
1436630 1238.9
1436640 1247.0
1436650 1247.0
1436660 1255.6
1436670 1263.7
1436680 1270.9
1436690 1270.9
1436700 1278.6
1436710 1288.4
1436720 1288.4
1436730 1297.1
1436740 1303.8
1436750 1303.8
1436760 1314.5
1436770 1321.5
1436780 1321.5
1436790 1328.9
1436800 1336.7
1436810 1336.7
1436820 1346.0
1436830 1355.1
1436840 1355.1
1436850 1364.0
1436860 1371.4
1436870 1371.4
1436880 1378.3
1436890 1383.6
1436900 1383.6
1436910 1389.4
1436920 1397.0
1436930 1397.0
1436940 1404.9
1436950 1411.4
1436960 1416.5
1436970 1416.5
1436980 1420.6
1436990 1427.3
1437000 1427.3
1437010 1432.6
1437020 1438.7
1437030 1438.7
1437040 1445.9
1437050 1452.4
1437060 1452.4
1437070 1462.7
1437080 1472.6
1437090 1472.6
1437100 1481.6
1437110 1489.9
1437120 1489.9
1437130 1499.5
1437140 1509.2
1437150 1509.2
1437160 1518.3
1437170 1527.1
1437180 1527.1
1437190 1533.4
1437200 1537.1
1437210 1540.6
1437220 1540.6
1437230 1544.9
1437240 1548.7
1437250 1548.7
1437260 1552.3
1437270 1555.5
1437280 1555.5
1437290 1559.2
1437300 1563.6
1437310 1563.6
1437320 1568.3
1437330 1572.5
1437340 1572.5
1437350 1576.6
1437360 1583.9
1437370 1583.9
1437380 1590.8
1437390 1597.7
1437400 1597.7
1437410 1605.3
1437420 1613.3
1437430 1613.3
1437440 1621.6
1437450 1627.5
1437460 1627.5
1437470 1631.0
1437480 1633.9
1437490 1637.2
1437500 1637.2
1437510 1640.6
1437520 1643.4
1437530 1643.4
1437540 1645.7
1437550 1648.0
1437560 1648.0
1437570 1650.0
1437580 1652.0
1437590 1652.0
1437600 1654.6
1437610 1657.6
1437620 1657.6
1437630 1661.1
1437640 1664.7
1437650 1664.7
1437660 1668.5
1437670 1672.2
1437680 1672.2
1437690 1675.8
1437700 1679.4
1437710 1679.4
1437720 1682.7
1437730 1687.1
1437740 1687.1
1437750 1691.1
1437760 1693.9
1437770 1697.1
1437780 1697.1
1437790 1700.0
1437800 1703.1
1437810 1703.1
1437820 1706.5
1437830 1711.4
1437840 1711.4
1437850 1716.8
1437860 1721.6
1437870 1721.6
1437880 1725.1
1437890 1728.9
1437900 1728.9
1437910 1735.2
1437920 1741.6
1437930 1741.6
1437940 1745.2
1437950 1746.9
1437960 1746.9
1437970 1745.6
1437980 1745.3
1437990 1745.3
1438000 1746.1
1438010 1745.2
1438020 1745.2
1438030 1744.9
1438040 1743.9
1438050 1741.1
1438060 1741.1
1438070 1737.6
1438080 1733.2
1438090 1733.2
1438100 1728.1
1438110 1723.0
1438120 1723.0
1438130 1717.7
1438140 1712.2
1438150 1712.2
1438160 1706.8
1438170 1701.1
1438180 1701.1
1438190 1695.1
1438200 1688.4
1438210 1688.4
1438220 1681.6
1438230 1674.7
1438240 1674.7
1438250 1668.2
1438260 1661.2
1438270 1661.2
1438280 1654.3
1438290 1648.0
1438300 1642.1
1438310 1642.1
1438320 1635.7
1438330 1631.2
1438340 1631.2
1438350 1628.4
1438360 1625.1
1438370 1625.1
1438380 1621.5
1438390 1618.0
1438400 1618.0
1438410 1615.4
1438420 1613.5
1438430 1613.5
1438440 1610.8
1438450 1608.0
1438460 1608.0
1438470 1606.8
1438480 1606.4
1438490 1606.4
1438500 1606.5
1438510 1606.2
1438520 1606.2
1438530 1606.0
1438540 1605.1
1438550 1605.1
1438560 1602.4
1438570 1598.7
1438580 1596.1
1438590 1596.1
1438600 1593.1
1438610 1589.9
1438620 1589.9
1438630 1587.1
1438640 1584.2
1438650 1584.2
1438660 1579.9
1438670 1576.3
1438680 1576.3
1438690 1572.5
1438700 1567.6
1438710 1567.6
1438720 1562.7
1438730 1560.2
1438740 1560.2
1438750 1559.7
1438760 1559.3
1438770 1559.3
1438780 1557.4
1438790 1555.6
1438800 1555.6
1438810 1555.8
1438820 1555.9
1438830 1555.9
1438840 1555.8
1438850 1555.7
1438860 1550.4
1438870 1550.4
1438880 1545.8
1438890 1540.9
1438900 1540.9
1438910 1533.7
1438920 1528.7
1438930 1528.7
1438940 1524.6
1438950 1521.4
1438960 1521.4
1438970 1516.3
1438980 1510.5
1438990 1510.5
1439000 1504.9
1439010 1500.6
1439020 1500.6
1439030 1495.5
1439040 1491.2
1439050 1491.2
1439060 1488.4
1439070 1485.0
1439080 1485.0
1439090 1481.0
1439100 1475.4
1439110 1475.4
1439120 1470.9
1439130 1477.9
1439140 1482.1
1439150 1482.1
1439160 1480.1
1439170 1477.6
1439180 1477.6
1439190 1477.2
1439200 1478.2
1439210 1478.2
1439220 1478.5
1439230 1478.9
1439240 1478.9
1439250 1478.0
1439260 1477.1
1439270 1477.1
1439280 1482.6
1439290 1487.8
1439300 1487.8
1439310 1491.8
1439320 1493.8
1439330 1493.8
1439340 1495.6
1439350 1496.8
1439360 1496.8
1439370 1498.1
1439380 1498.1
1439390 1500.0
1439400 1500.0
1439410 1509.1
1439420 1517.9
1439430 1517.9
1439440 1523.5
1439450 1526.6
1439460 1526.6
1439470 1528.3
1439480 1531.0
1439490 1531.0
1439500 1531.7
1439510 1536.8
1439520 1536.8
1439530 1541.3
1439540 1545.9
1439550 1545.9
1439560 1550.4
1439570 1554.9
1439580 1554.9
1439590 1559.0
1439600 1562.9
1439610 1562.9
1439620 1566.8
1439630 1571.5
1439640 1571.5
1439650 1578.6
1439660 1585.7
1439670 1592.1
1439680 1592.1
1439690 1597.9
1439700 1603.6
1439710 1603.6
1439720 1608.8
1439730 1613.1
1439740 1613.1
1439750 1618.2
1439760 1624.1
1439770 1624.1
1439780 1628.4
1439790 1628.9
1439800 1628.9
1439810 1631.2
1439820 1635.3
1439830 1635.3
1439840 1640.0
1439850 1645.1
1439860 1645.1
1439870 1651.3
1439880 1658.4
1439890 1658.4
1439900 1667.9
1439910 1682.2
1439920 1682.2
1439930 1693.4
1439940 1703.7
1439950 1720.2
1439960 1720.2
1439970 1722.3
1439980 1715.8
1439990 1715.8
