1420000 1736.6
1420010 1736.6
1420020 1740.9
1420030 1746.1
1420040 1746.1
1420050 1751.0
1420060 1755.3
1420070 1755.3
1420080 1758.8
1420090 1761.1
1420100 1761.1
1420110 1761.7
1420120 1761.2
1420130 1761.2
1420140 1760.5
1420150 1759.6
1420160 1759.6
1420170 1757.5
1420180 1753.0
1420190 1753.0
1420200 1748.0
1420210 1742.0
1420220 1735.6
1420230 1735.6
1420240 1729.7
1420250 1724.1
1420260 1724.1
1420270 1719.4
1420280 1715.6
1420290 1715.6
1420300 1712.2
1420310 1708.5
1420320 1708.5
1420330 1706.6
1420340 1704.8
1420350 1704.8
1420360 1700.8
1420370 1695.5
1420380 1695.5
1420390 1689.8
1420400 1684.6
1420410 1684.6
1420420 1680.3
1420430 1675.9
1420440 1675.9
1420450 1672.5
1420460 1669.1
1420470 1669.1
1420480 1664.8
1420490 1660.2
1420500 1655.5
1420510 1655.5
1420520 1650.8
1420530 1646.2
1420540 1646.2
1420550 1641.3
1420560 1635.6
1420570 1635.6
1420580 1628.9
1420590 1622.5
1420600 1622.5
1420610 1616.5
1420620 1610.0
1420630 1610.0
1420640 1604.1
1420650 1598.5
1420660 1598.5
1420670 1592.9
1420680 1587.8
1420690 1587.8
1420700 1583.2
1420710 1577.7
1420720 1577.7
1420730 1572.8
1420740 1568.5
1420750 1568.5
1420760 1563.9
1420770 1558.5
1420780 1551.9
1420790 1551.9
1420800 1544.7
1420810 1540.6
1420820 1540.6
1420830 1545.2
1420840 1550.3
1420850 1550.3
1420860 1555.5
1420870 1559.8
1420880 1559.8
1420890 1562.7
1420900 1564.7
1420910 1564.7
1420920 1566.4
1420930 1568.7
1420940 1568.7
1420950 1571.7
1420960 1575.9
1420970 1575.9
1420980 1583.2
1420990 1589.6
1421000 1589.6
1421010 1595.4
1421020 1600.4
1421030 1600.4
1421040 1604.8
1421050 1609.0
1421060 1613.2
1421070 1613.2
1421080 1617.3
1421090 1620.9
1421100 1620.9
1421110 1624.8
1421120 1628.5
1421130 1628.5
1421140 1631.0
1421150 1634.7
1421160 1634.7
1421170 1638.6
1421180 1643.0
1421190 1643.0
1421200 1648.0
1421210 1653.0
1421220 1653.0
1421230 1657.7
1421240 1661.9
1421250 1661.9
1421260 1666.8
1421270 1671.7
1421280 1671.7
1421290 1676.3
1421300 1680.5
1421310 1680.5
1421320 1684.8
1421330 1689.0
1421340 1692.9
1421350 1692.9
1421360 1696.4
1421370 1699.7
1421380 1699.7
1421390 1703.2
1421400 1706.4
1421410 1706.4
1421420 1709.4
1421430 1712.1
1421440 1712.1
1421450 1714.2
1421460 1715.9
1421470 1715.9
1421480 1717.0
1421490 1717.5
1421500 1717.5
1421510 1716.8
1421520 1716.5
1421530 1716.5
1421540 1716.0
1421550 1715.4
1421560 1715.4
1421570 1713.9
1421580 1711.5
1421590 1711.5
1421600 1708.7
1421610 1704.9
1421620 1704.9
1421630 1700.2
1421640 1694.9
1421650 1689.4
1421660 1689.4
1421670 1684.6
1421680 1680.4
1421690 1680.4
1421700 1676.1
1421710 1672.3
1421720 1672.3
1421730 1669.2
1421740 1664.3
1421750 1664.3
1421760 1657.6
1421770 1650.7
1421780 1650.7
1421790 1643.9
1421800 1638.0
1421810 1638.0
1421820 1634.5
1421830 1630.6
1421840 1630.6
1421850 1625.7
1421860 1621.4
1421870 1621.4
1421880 1617.6
1421890 1613.6
1421900 1613.6
1421910 1610.8
1421920 1610.4
1421930 1607.6
1421940 1607.6
1421950 1606.5
1421960 1603.0
1421970 1603.0
1421980 1600.0
1421990 1598.0
1422000 1598.0
1422010 1596.5
1422020 1595.8
1422030 1595.8
1422040 1595.4
1422050 1595.5
1422060 1595.5
1422070 1596.3
1422080 1595.0
1422090 1595.0
1422100 1585.8
1422110 1574.0
1422120 1574.0
1422130 1566.1
1422140 1559.2
1422150 1559.2
1422160 1553.3
1422170 1548.8
1422180 1548.8
1422190 1543.2
1422200 1535.0
1422210 1526.7
1422220 1526.7
1422230 1517.8
1422240 1509.3
1422250 1509.3
1422260 1500.8
1422270 1493.1
1422280 1493.1
1422290 1485.4
1422300 1477.7
1422310 1477.7
1422320 1471.5
1422330 1465.0
1422340 1465.0
1422350 1458.2
1422360 1451.7
1422370 1451.7
1422380 1445.3
1422390 1439.4
1422400 1439.4
1422410 1433.5
1422420 1427.1
1422430 1427.1
1422440 1421.1
1422450 1414.0
1422460 1414.0
1422470 1403.2
1422480 1391.9
1422490 1383.6
1422500 1383.6
1422510 1375.9
1422520 1367.9
1422530 1367.9
1422540 1359.5
1422550 1353.3
1422560 1353.3
1422570 1347.6
1422580 1336.4
1422590 1336.4
1422600 1324.7
1422610 1320.1
1422620 1320.1
1422630 1322.5
1422640 1323.6
1422650 1323.6
1422660 1324.8
1422670 1327.5
1422680 1327.5
1422690 1330.6
1422700 1333.4
1422710 1333.4
1422720 1333.1
1422730 1330.9
1422740 1330.9
1422750 1326.9
1422760 1320.5
1422770 1315.9
1422780 1315.9
1422790 1312.4
1422800 1309.8
1422810 1309.8
1422820 1307.2
1422830 1305.3
1422840 1305.3
1422850 1303.4
1422860 1300.4
1422870 1300.4
1422880 1296.5
1422890 1291.5
1422900 1291.5
1422910 1286.4
1422920 1280.8
1422930 1280.8
1422940 1274.8
1422950 1269.5
1422960 1269.5
1422970 1264.3
1422980 1259.3
1422990 1259.3
1423000 1256.6
1423010 1254.4
1423020 1254.4
1423030 1249.1
1423040 1240.3
1423050 1228.1
1423060 1228.1
1423070 1211.5
1423080 1193.1
1423090 1193.1
1423100 1178.1
1423110 1170.0
1423120 1170.0
1423130 1162.4
1423140 1151.6
1423150 1151.6
1423160 1142.6
1423170 1134.4
1423180 1134.4
1423190 1126.0
1423200 1117.3
1423210 1117.3
1423220 1107.3
1423230 1100.9
1423240 1100.9
1423250 1095.7
1423260 1090.1
1423270 1090.1
1423280 1086.1
1423290 1081.8
1423300 1081.8
1423310 1076.9
1423320 1072.6
1423330 1068.3
1423340 1068.3
1423350 1068.8
1423360 1065.6
1423370 1065.6
1423380 1064.4
1423390 1062.7
1423400 1062.7
1423410 1058.9
1423420 1054.3
1423430 1054.3
1423440 1049.0
1423450 1042.9
1423460 1042.9
1423470 1035.4
1423480 1029.9
1423490 1029.9
1423500 1027.1
1423510 1020.0
1423520 1020.0
1423530 1013.8
1423540 1015.1
1423550 1015.1
1423560 1011.2
1423570 1007.1
1423580 1007.1
1423590 1003.2
1423600 997.4
1423610 992.2
1423620 992.2
1423630 986.7
1423640 979.9
1423650 979.9
1423660 969.6
1423670 965.2
1423680 965.2
1423690 964.4
1423700 962.9
1423710 962.9
1423720 961.5
1423730 960.8
1423740 960.8
1423750 958.7
1423760 954.7
1423770 954.7
1423780 951.3
1423790 945.6
1423800 945.6
1423810 940.2
1423820 933.1
1423830 933.1
1423840 929.6
1423850 928.6
1423860 928.6
1423870 925.8
1423880 921.7
1423890 918.5
1423900 918.5
1423910 914.3
1423920 905.1
1423930 905.1
1423940 896.0
1423950 890.2
1423960 890.2
1423970 883.5
1423980 878.9
1423990 878.9
1424000 878.5
1424010 877.2
1424020 877.2
1424030 875.9
1424040 872.3
1424050 872.3
1424060 867.4
1424070 863.9
1424080 863.9
1424090 861.4
1424100 860.6
1424110 860.6
1424120 859.0
1424130 855.1
1424140 855.1
1424150 854.6
1424160 853.4
1424170 853.3
1424180 853.3
1424190 849.9
1424200 845.5
1424210 845.5
1424220 842.1
1424230 834.3
1424240 834.3
1424250 829.8
1424260 827.7
1424270 827.7
1424280 824.8
1424290 821.9
1424300 821.9
1424310 820.1
1424320 816.8
1424330 816.8
1424340 812.8
1424350 811.5
1424360 811.5
1424370 812.4
1424380 812.8
1424390 812.8
1424400 813.4
1424410 813.5
1424420 813.5
1424430 813.6
1424440 813.2
1424450 811.4
1424460 811.4
1424470 808.9
1424480 806.3
1424490 806.3
1424500 803.2
1424510 800.4
1424520 800.4
1424530 797.6
1424540 795.0
1424550 795.0
1424560 793.1
1424570 790.3
1424580 790.3
1424590 787.4
1424600 784.9
1424610 784.9
1424620 782.4
1424630 780.2
1424640 780.2
1424650 780.1
1424660 779.8
1424670 779.8
1424680 778.3
1424690 775.1
1424700 775.1
1424710 773.7
1424720 772.0
1424730 771.1
1424740 771.1
1424750 769.3
1424760 768.2
1424770 768.2
1424780 767.2
1424790 766.8
1424800 766.8
1424810 766.8
1424820 766.5
1424830 766.5
1424840 765.2
1424850 759.7
1424860 759.7
1424870 759.8
1424880 761.4
1424890 761.4
1424900 760.7
1424910 760.1
1424920 760.1
1424930 759.9
1424940 759.8
1424950 759.8
1424960 759.7
1424970 759.7
1424980 759.7
1424990 759.6
1425000 759.7
1425010 759.6
1425020 759.6
1425030 759.5
1425040 759.4
1425050 759.4
1425060 759.4
1425070 759.6
1425080 759.6
1425090 759.6
1425100 759.4
1425110 759.4
1425120 759.3
1425130 759.2
1425140 759.2
1425150 759.1
1425160 759.0
1425170 759.0
1425180 759.0
1425190 758.9
1425200 758.9
1425210 758.9
1425220 758.9
1425230 758.9
1425240 758.8
1425250 758.8
1425260 758.8
1425270 758.8
1425280 759.3
1425290 759.4
1425300 759.4
1425310 758.7
1425320 758.6
1425330 758.6
1425340 758.5
1425350 758.6
1425360 758.6
1425370 758.5
1425380 758.5
1425390 758.5
1425400 758.5
1425410 758.5
1425420 758.5
1425430 758.6
1425440 758.6
1425450 758.6
1425460 758.8
1425470 758.7
1425480 758.7
1425490 758.6
1425500 758.5
1425510 758.5
1425520 758.4
1425530 758.4
1425540 758.4
1425550 758.4
1425560 758.5
1425570 758.4
1425580 758.4
1425590 758.1
1425600 758.0
1425610 758.0
1425620 757.9
1425630 757.9
1425640 757.9
1425650 757.9
1425660 757.9
1425670 757.9
1425680 757.9
1425690 757.8
1425700 757.8
1425710 757.8
1425720 757.8
1425730 757.8
1425740 757.8
1425750 757.8
1425760 757.8
1425770 757.8
1425780 758.0
1425790 758.0
1425800 758.1
1425810 758.0
1425820 758.0
1425830 758.1
1425840 758.1
1425850 758.2
1425860 758.2
1425870 758.3
1425880 758.3
1425890 758.3
1425900 758.1
1425910 758.0
1425920 758.0
1425930 758.0
1425940 758.0
1425950 758.0
1425960 758.0
1425970 758.0
1425980 758.0
1425990 758.0
1426000 757.9
1426010 757.9
1426020 757.9
1426030 757.9
1426040 757.9
1426050 757.9
1426060 758.0
1426070 758.0
1426080 758.4
1426090 758.3
1426100 758.3
1426110 757.7
1426120 757.6
1426130 757.1
1426140 757.1
1426150 757.3
1426160 757.2
1426170 757.2
1426180 757.3
1426190 757.3
1426200 757.3
1426210 757.1
1426220 757.1
1426230 757.1
1426240 757.0
1426250 756.9
1426260 756.9
1426270 756.9
1426280 757.2
1426290 757.2
1426300 757.2
1426310 757.1
1426320 757.1
1426330 756.8
1426340 756.7
1426350 756.7
1426360 757.0
1426370 757.1
1426380 757.1
1426390 757.1
1426400 757.1
1426410 757.1
1426420 757.1
1426430 756.9
1426440 756.5
1426450 756.5
1426460 756.5
1426470 756.4
1426480 756.4
1426490 756.5
1426500 756.5
1426510 756.5
1426520 756.5
1426530 756.6
1426540 756.6
1426550 756.6
1426560 756.6
1426570 756.6
1426580 756.6
1426590 756.7
1426600 756.7
1426610 756.7
1426620 756.8
1426630 756.8
1426640 756.9
1426650 757.0
1426660 757.0
1426670 757.1
1426680 757.3
1426690 758.2
1426700 758.2
1426710 759.1
1426720 761.5
1426730 761.5
1426740 759.7
1426750 759.6
1426760 759.6
1426770 759.6
1426780 759.7
1426790 759.7
1426800 760.5
1426810 762.8
1426820 762.8
1426830 763.7
1426840 764.6
1426850 764.6
1426860 765.5
1426870 766.5
1426880 766.5
1426890 767.3
1426900 768.1
1426910 768.1
1426920 769.3
1426930 770.5
1426940 770.5
1426950 771.4
1426960 772.7
1426970 774.3
1426980 774.3
1426990 777.3
1427000 782.6
1427010 782.6
1427020 786.2
1427030 789.7
1427040 789.7
1427050 794.7
1427060 799.3
1427070 799.3
1427080 804.1
1427090 809.5
1427100 809.5
1427110 815.0
1427120 821.1
1427130 821.1
1427140 827.6
1427150 833.9
1427160 833.9
1427170 840.7
1427180 849.3
1427190 849.3
1427200 858.3
1427210 866.9
1427220 866.9
1427230 874.2
1427240 881.4
1427250 889.0
1427260 889.0
1427270 895.9
1427280 901.7
1427290 901.7
1427300 907.0
1427310 911.9
1427320 911.9
1427330 915.8
1427340 920.0
1427350 920.0
1427360 923.7
1427370 929.9
1427380 929.9
1427390 935.3
1427400 942.7
1427410 942.7
1427420 949.1
1427430 953.8
1427440 953.8
1427450 958.1
1427460 962.6
1427470 962.6
1427480 966.5
1427490 970.3
1427500 970.3
1427510 972.5
1427520 975.9
1427530 979.4
1427540 979.4
1427550 983.7
1427560 989.0
1427570 989.0
1427580 994.6
1427590 1000.7
1427600 1000.7
1427610 1005.9
1427620 1008.9
1427630 1008.9
1427640 1011.8
1427650 1014.8
1427660 1014.8
1427670 1018.2
1427680 1025.0
1427690 1025.0
1427700 1031.7
1427710 1037.0
1427720 1037.0
1427730 1042.5
1427740 1046.5
1427750 1046.5
1427760 1052.2
1427770 1057.9
1427780 1057.9
1427790 1062.9
1427800 1067.2
1427810 1071.6
1427820 1071.6
1427830 1074.3
1427840 1075.6
1427850 1075.6
1427860 1077.1
1427870 1079.6
1427880 1079.6
1427890 1082.8
1427900 1086.4
1427910 1086.4
1427920 1090.1
1427930 1094.0
1427940 1094.0
1427950 1098.5
1427960 1102.8
1427970 1102.8
1427980 1106.9
1427990 1110.9
1428000 1110.9
1428010 1115.6
1428020 1118.7
1428030 1118.7
1428040 1123.1
1428050 1128.0
1428060 1128.0
1428070 1132.1
1428080 1134.2
1428090 1135.9
1428100 1135.9
1428110 1138.7
1428120 1141.0
1428130 1141.0
1428140 1144.6
1428150 1149.9
1428160 1149.9
1428170 1155.8
1428180 1161.2
1428190 1161.2
1428200 1164.6
1428210 1168.2
1428220 1168.2
1428230 1173.3
1428240 1178.9
1428250 1178.9
1428260 1185.2
1428270 1187.7
1428280 1187.7
1428290 1191.7
1428300 1198.9
1428310 1198.9
1428320 1205.1
1428330 1210.2
1428340 1210.2
1428350 1217.2
1428360 1223.3
1428370 1228.4
1428380 1228.4
1428390 1230.7
1428400 1233.5
1428410 1233.5
1428420 1235.9
1428430 1238.3
1428440 1238.3
1428450 1239.6
1428460 1240.9
1428470 1240.9
1428480 1242.5
1428490 1244.1
1428500 1244.1
1428510 1246.0
1428520 1248.2
1428530 1248.2
1428540 1251.5
1428550 1256.3
1428560 1256.3
1428570 1263.2
1428580 1269.6
1428590 1269.6
1428600 1276.7
1428610 1283.9
1428620 1283.9
1428630 1289.8
1428640 1291.9
1428650 1291.0
1428660 1291.0
1428670 1287.0
1428680 1289.4
1428690 1289.4
1428700 1291.5
1428710 1292.8
1428720 1292.8
1428730 1295.3
1428740 1300.6
1428750 1300.6
1428760 1306.4
1428770 1312.7
1428780 1312.7
1428790 1319.3
1428800 1325.5
1428810 1325.5
1428820 1331.6
1428830 1337.3
1428840 1337.3
1428850 1342.8
1428860 1348.5
1428870 1348.5
1428880 1355.0
1428890 1361.2
1428900 1361.2
1428910 1366.8
1428920 1371.9
1428930 1371.9
1428940 1376.3
1428950 1378.7
1428960 1377.0
1428970 1377.0
1428980 1375.2
1428990 1375.1
1429000 1375.1
1429010 1377.0
1429020 1378.6
1429030 1378.6
1429040 1381.1
1429050 1383.7
1429060 1383.7
1429070 1386.0
1429080 1385.6
1429090 1385.6
1429100 1380.5
1429110 1379.3
1429120 1379.3
1429130 1375.9
1429140 1378.9
1429150 1378.9
1429160 1385.1
1429170 1389.9
1429180 1389.9
1429190 1394.0
1429200 1397.4
1429210 1397.4
1429220 1400.3
1429230 1403.2
1429240 1404.7
1429250 1404.7
1429260 1404.4
1429270 1404.3
1429280 1404.3
1429290 1408.5
1429300 1416.2
1429310 1416.2
1429320 1422.1
1429330 1427.4
1429340 1427.4
1429350 1432.1
1429360 1436.3
1429370 1436.3
1429380 1440.7
1429390 1444.9
1429400 1444.9
1429410 1448.9
1429420 1452.9
1429430 1452.9
1429440 1456.6
1429450 1459.9
1429460 1459.9
1429470 1462.6
1429480 1467.0
1429490 1467.0
1429500 1471.3
1429510 1475.4
1429520 1479.9
1429530 1479.9
1429540 1484.1
1429550 1488.1
1429560 1488.1
1429570 1491.6
1429580 1495.5
1429590 1495.5
1429600 1499.6
1429610 1503.4
1429620 1503.4
1429630 1507.7
1429640 1511.3
1429650 1511.3
1429660 1514.9
1429670 1518.8
1429680 1518.8
1429690 1522.4
1429700 1524.9
1429710 1524.9
1429720 1527.1
1429730 1530.0
1429740 1530.0
1429750 1533.0
1429760 1536.4
1429770 1536.4
1429780 1539.9
1429790 1542.5
1429800 1542.5
1429810 1542.5
1429820 1539.5
1429830 1536.9
1429840 1536.9
1429850 1535.6
1429860 1535.9
1429870 1535.9
1429880 1537.1
1429890 1538.1
1429900 1538.1
1429910 1540.1
1429920 1542.5
1429930 1542.5
1429940 1545.5
1429950 1548.4
1429960 1548.4
1429970 1550.8
1429980 1553.1
1429990 1553.1
1430000 1554.6
1430010 1555.9
1430020 1555.9
1430030 1556.6
1430040 1556.0
1430050 1556.0
1430060 1553.0
1430070 1549.4
1430080 1546.6
1430090 1546.6
1430100 1544.2
1430110 1542.3
1430120 1542.3
1430130 1540.3
1430140 1538.1
1430150 1538.1
1430160 1533.8
1430170 1528.3
1430180 1528.3
1430190 1522.6
1430200 1516.9
1430210 1516.9
1430220 1511.0
1430230 1505.5
1430240 1505.5
1430250 1500.2
1430260 1494.3
1430270 1494.3
1430280 1490.0
1430290 1483.3
1430300 1483.3
1430310 1476.2
1430320 1469.8
1430330 1469.8
1430340 1461.5
1430350 1452.6
1430360 1444.7
1430370 1444.7
1430380 1436.7
1430390 1429.3
1430400 1429.3
1430410 1422.4
1430420 1414.9
1430430 1414.9
1430440 1410.1
1430450 1407.3
1430460 1407.3
1430470 1404.7
1430480 1402.1
1430490 1402.1
1430500 1398.9
1430510 1396.7
1430520 1396.7
1430530 1394.4
1430540 1391.2
1430550 1391.2
1430560 1387.9
1430570 1384.6
1430580 1384.6
1430590 1380.0
1430600 1374.4
1430610 1374.4
1430620 1368.1
1430630 1360.8
1430640 1352.9
1430650 1352.9
1430660 1344.9
1430670 1337.5
1430680 1337.5
1430690 1328.2
1430700 1320.7
1430710 1320.7
1430720 1313.6
1430730 1305.7
1430740 1305.7
1430750 1298.1
1430760 1291.1
1430770 1291.1
1430780 1285.2
1430790 1280.6
1430800 1280.6
1430810 1274.2
1430820 1266.6
1430830 1266.6
1430840 1258.2
1430850 1250.5
1430860 1250.5
1430870 1243.1
1430880 1238.5
1430890 1238.5
1430900 1232.7
1430910 1225.0
1430920 1231.1
1430930 1231.1
1430940 1240.5
1430950 1249.2
1430960 1249.2
1430970 1256.0
1430980 1264.4
1430990 1264.4
1431000 1269.0
1431010 1273.4
1431020 1273.4
1431030 1277.4
1431040 1285.6
1431050 1285.6
1431060 1293.8
1431070 1299.4
1431080 1299.4
1431090 1304.5
1431100 1308.8
1431110 1308.8
1431120 1313.1
1431130 1317.2
1431140 1317.2
1431150 1321.9
1431160 1327.0
1431170 1327.0
1431180 1332.0
1431190 1336.7
1431200 1340.6
1431210 1340.6
1431220 1343.5
1431230 1346.4
1431240 1346.4
1431250 1349.3
1431260 1352.4
1431270 1352.4
1431280 1354.9
1431290 1356.1
1431300 1356.1
1431310 1357.6
1431320 1360.0
1431330 1360.0
1431340 1362.6
1431350 1365.7
1431360 1365.7
1431370 1369.1
1431380 1371.6
1431390 1371.6
1431400 1375.1
1431410 1378.8
1431420 1378.8
1431430 1382.1
1431440 1385.1
1431450 1385.1
1431460 1389.0
1431470 1392.8
1431480 1396.5
1431490 1396.5
1431500 1398.5
1431510 1402.0
1431520 1402.0
1431530 1407.6
1431540 1411.5
1431550 1411.5
1431560 1416.2
1431570 1420.5
1431580 1420.5
1431590 1426.4
1431600 1429.8
1431610 1429.8
1431620 1431.7
1431630 1437.6
1431640 1437.6
1431650 1444.9
1431660 1450.3
1431670 1450.3
1431680 1455.9
1431690 1462.1
1431700 1462.1
1431710 1467.6
1431720 1472.8
1431730 1472.8
1431740 1478.9
1431750 1484.5
1431760 1490.3
1431770 1490.3
1431780 1496.3
1431790 1502.6
1431800 1502.6
1431810 1508.4
1431820 1514.4
1431830 1514.4
1431840 1520.5
1431850 1526.6
1431860 1526.6
1431870 1532.2
1431880 1538.4
1431890 1538.4
1431900 1542.2
1431910 1545.3
1431920 1545.3
1431930 1551.9
1431940 1556.7
1431950 1556.7
1431960 1560.8
1431970 1565.6
1431980 1565.6
1431990 1570.9
1432000 1576.4
1432010 1576.4
1432020 1582.0
1432030 1587.7
1432040 1592.6
1432050 1592.6
1432060 1597.8
1432070 1602.9
1432080 1602.9
1432090 1608.0
1432100 1613.5
1432110 1613.5
1432120 1618.3
1432130 1623.1
1432140 1623.1
1432150 1627.3
1432160 1631.0
1432170 1631.0
1432180 1635.6
1432190 1639.9
1432200 1639.9
1432210 1643.7
1432220 1647.8
1432230 1647.8
1432240 1652.8
1432250 1655.8
1432260 1655.8
1432270 1658.8
1432280 1662.9
1432290 1662.9
1432300 1666.7
1432310 1669.9
1432320 1672.8
1432330 1672.8
1432340 1675.2
1432350 1677.0
1432360 1677.0
1432370 1678.0
1432380 1678.5
1432390 1678.5
1432400 1679.0
1432410 1679.3
1432420 1679.3
1432430 1679.7
1432440 1680.1
1432450 1680.1
1432460 1680.6
1432470 1679.9
1432480 1679.9
1432490 1677.8
1432500 1675.0
1432510 1675.0
1432520 1672.7
1432530 1668.6
1432540 1668.6
1432550 1664.8
1432560 1660.2
1432570 1660.2
1432580 1654.7
1432590 1650.3
1432600 1647.2
1432610 1647.2
1432620 1644.9
1432630 1640.1
1432640 1640.1
1432650 1634.0
1432660 1631.1
1432670 1631.1
1432680 1630.4
1432690 1627.9
1432700 1627.9
1432710 1624.0
1432720 1624.3
1432730 1624.3
1432740 1625.6
1432750 1626.0
1432760 1626.0
1432770 1626.1
1432780 1625.9
1432790 1625.9
1432800 1627.2
1432810 1629.1
1432820 1629.1
1432830 1630.3
1432840 1631.1
1432850 1631.1
1432860 1632.2
1432870 1633.2
1432880 1630.5
1432890 1630.5
1432900 1630.3
1432910 1631.9
1432920 1631.9
1432930 1633.3
1432940 1634.6
1432950 1634.6
1432960 1637.7
1432970 1642.4
1432980 1642.4
1432990 1644.6
1433000 1649.8
1433010 1649.8
1433020 1657.3
1433030 1662.2
1433040 1662.2
1433050 1668.8
1433060 1678.2
1433070 1678.2
1433080 1684.7
1433090 1687.9
1433100 1687.9
1433110 1689.6
1433120 1687.9
1433130 1687.9
1433140 1690.7
1433150 1693.2
1433160 1695.2
1433170 1695.2
1433180 1697.5
1433190 1700.7
1433200 1700.7
1433210 1702.9
1433220 1705.4
1433230 1705.4
1433240 1708.8
1433250 1711.4
1433260 1711.4
1433270 1713.5
1433280 1715.1
1433290 1715.1
1433300 1716.4
1433310 1718.3
1433320 1718.3
1433330 1721.7
1433340 1724.8
1433350 1724.8
1433360 1725.9
1433370 1726.0
1433380 1726.0
1433390 1726.6
1433400 1728.3
1433410 1728.3
1433420 1730.6
1433430 1730.5
1433440 1727.3
1433450 1727.3
1433460 1725.2
1433470 1725.9
1433480 1725.9
1433490 1725.7
1433500 1725.7
1433510 1725.7
1433520 1724.9
1433530 1723.7
1433540 1723.7
1433550 1724.6
1433560 1726.8
1433570 1726.8
1433580 1728.5
1433590 1729.6
1433600 1729.6
1433610 1730.9
1433620 1733.0
1433630 1733.0
1433640 1734.9
1433650 1737.8
1433660 1737.8
1433670 1740.4
1433680 1742.4
1433690 1742.4
1433700 1744.2
1433710 1746.8
1433720 1748.2
1433730 1748.2
1433740 1748.6
1433750 1752.5
1433760 1752.5
1433770 1753.0
1433780 1754.1
1433790 1754.1
1433800 1755.2
1433810 1756.0
1433820 1756.0
1433830 1755.2
1433840 1753.1
1433850 1753.1
1433860 1753.6
1433870 1753.7
1433880 1753.7
1433890 1756.0
1433900 1760.7
1433910 1760.7
1433920 1765.0
1433930 1768.9
1433940 1768.9
1433950 1771.6
1433960 1773.8
1433970 1773.8
1433980 1776.0
1433990 1780.3
1434000 1783.3
1434010 1783.3
1434020 1784.9
1434030 1787.3
1434040 1787.3
1434050 1790.4
1434060 1792.4
1434070 1792.4
1434080 1793.5
1434090 1795.1
1434100 1795.1
1434110 1796.9
1434120 1797.4
1434130 1797.4
1434140 1798.6
1434150 1801.4
1434160 1801.4
1434170 1802.1
1434180 1804.3
1434190 1804.3
1434200 1807.6
1434210 1809.6
1434220 1809.6
1434230 1811.1
1434240 1811.0
1434250 1811.0
1434260 1813.2
1434270 1816.3
1434280 1818.5
1434290 1818.5
1434300 1820.2
1434310 1820.5
1434320 1820.5
1434330 1819.9
1434340 1819.6
1434350 1819.6
1434360 1821.7
1434370 1825.4
1434380 1825.4
1434390 1828.6
1434400 1829.8
1434410 1829.8
1434420 1829.2
1434430 1830.5
1434440 1830.5
1434450 1832.1
1434460 1833.8
1434470 1833.8
1434480 1835.6
1434490 1832.0
1434500 1832.0
1434510 1827.6
1434520 1829.2
1434530 1829.2
1434540 1825.2
1434550 1819.9
1434560 1815.3
1434570 1815.3
1434580 1811.9
1434590 1808.8
1434600 1808.8
1434610 1806.2
1434620 1804.1
1434630 1804.1
1434640 1801.6
1434650 1799.0
1434660 1799.0
1434670 1796.2
1434680 1793.6
1434690 1793.6
1434700 1790.3
1434710 1787.7
1434720 1787.7
1434730 1786.8
1434740 1785.3
1434750 1785.3
1434760 1784.3
1434770 1783.4
1434780 1783.4
1434790 1784.0
1434800 1785.4
1434810 1785.4
1434820 1786.6
1434830 1788.6
1434840 1787.0
1434850 1787.0
1434860 1780.0
1434870 1772.4
1434880 1772.4
1434890 1766.0
1434900 1760.2
1434910 1760.2
1434920 1755.2
1434930 1750.3
1434940 1750.3
1434950 1744.5
1434960 1739.7
1434970 1739.7
1434980 1735.1
1434990 1729.7
1435000 1729.7
1435010 1723.5
1435020 1721.4
1435030 1721.4
1435040 1719.4
1435050 1716.5
1435060 1716.5
1435070 1711.2
1435080 1705.6
1435090 1705.6
1435100 1700.2
1435110 1694.8
1435120 1689.6
1435130 1689.6
1435140 1684.5
1435150 1678.5
1435160 1678.5
1435170 1672.7
1435180 1666.0
1435190 1666.0
1435200 1660.2
1435210 1654.6
1435220 1654.6
1435230 1648.3
1435240 1639.9
1435250 1639.9
1435260 1632.1
1435270 1629.8
1435280 1629.8
1435290 1630.0
1435300 1627.4
1435310 1627.4
1435320 1622.9
1435330 1618.0
1435340 1618.0
1435350 1612.4
1435360 1606.2
1435370 1606.2
1435380 1600.4
1435390 1594.8
1435400 1589.6
1435410 1589.6
1435420 1583.7
1435430 1578.3
1435440 1578.3
1435450 1572.2
1435460 1566.1
1435470 1566.1
1435480 1560.5
1435490 1552.9
1435500 1552.9
1435510 1555.9
1435520 1562.2
1435530 1562.2
1435540 1563.7
1435550 1564.9
1435560 1564.9
1435570 1565.7
1435580 1564.5
1435590 1564.5
1435600 1560.1
1435610 1554.3
1435620 1554.3
1435630 1548.3
1435640 1542.3
1435650 1542.3
1435660 1535.3
1435670 1525.6
1435680 1515.8
1435690 1515.8
1435700 1505.5
1435710 1496.0
1435720 1496.0
1435730 1489.1
1435740 1484.8
1435750 1484.8
1435760 1483.3
1435770 1472.9
1435780 1472.9
1435790 1459.7
1435800 1447.8
1435810 1447.8
1435820 1440.5
1435830 1448.4
1435840 1448.4
1435850 1455.0
1435860 1456.5
1435870 1456.5
1435880 1454.2
1435890 1451.4
1435900 1451.4
1435910 1448.1
1435920 1444.6
1435930 1444.6
1435940 1440.9
1435950 1437.1
1435960 1433.6
1435970 1433.6
1435980 1430.9
1435990 1428.1
1436000 1428.1
1436010 1424.6
1436020 1423.5
1436030 1423.5
1436040 1419.0
1436050 1410.2
1436060 1410.2
1436070 1405.8
1436080 1396.8
1436090 1396.8
1436100 1394.5
1436110 1399.6
1436120 1399.6
1436130 1405.4
1436140 1409.9
1436150 1409.9
1436160 1416.0
1436170 1426.3
1436180 1426.3
1436190 1433.6
1436200 1439.9
1436210 1439.9
1436220 1445.9
1436230 1452.7
1436240 1460.4
1436250 1460.4
1436260 1466.9
1436270 1472.1
1436280 1472.1
1436290 1477.8
1436300 1483.2
1436310 1483.2
1436320 1488.8
1436330 1494.7
1436340 1494.7
1436350 1501.0
1436360 1507.6
1436370 1507.6
1436380 1512.5
1436390 1514.8
1436400 1514.8
1436410 1516.6
1436420 1517.5
1436430 1517.5
1436440 1516.9
1436450 1515.0
1436460 1515.0
1436470 1512.5
1436480 1510.3
1436490 1510.3
1436500 1507.6
1436510 1504.9
1436520 1502.2
1436530 1502.2
1436540 1498.4
1436550 1491.6
1436560 1491.6
1436570 1486.7
1436580 1481.0
1436590 1481.0
1436600 1479.8
1436610 1482.4
1436620 1482.4
1436630 1490.1
1436640 1499.6
1436650 1499.6
1436660 1507.9
1436670 1516.4
1436680 1516.4
1436690 1524.0
1436700 1531.7
1436710 1531.7
1436720 1536.4
1436730 1541.3
1436740 1541.3
1436750 1547.7
1436760 1554.9
1436770 1554.9
1436780 1565.2
1436790 1574.8
1436800 1583.0
1436810 1583.0
1436820 1591.4
1436830 1598.0
1436840 1598.0
1436850 1603.9
1436860 1609.9
1436870 1609.9
1436880 1616.4
1436890 1623.3
1436900 1623.3
1436910 1630.1
1436920 1637.0
1436930 1637.0
1436940 1643.6
1436950 1650.1
1436960 1650.1
1436970 1655.9
1436980 1661.2
1436990 1661.2
1437000 1665.4
1437010 1669.1
1437020 1669.1
1437030 1672.0
1437040 1675.0
1437050 1675.0
1437060 1679.7
1437070 1685.5
1437080 1691.6
1437090 1691.6
1437100 1695.6
1437110 1700.9
1437120 1700.9
1437130 1706.2
1437140 1709.9
1437150 1709.9
1437160 1712.3
1437170 1717.3
1437180 1717.3
1437190 1722.0
1437200 1723.9
1437210 1723.9
1437220 1726.9
1437230 1730.7
1437240 1730.7
1437250 1735.5
1437260 1739.9
1437270 1739.9
1437280 1743.7
1437290 1746.7
1437300 1746.7
1437310 1748.8
1437320 1752.4
1437330 1752.4
1437340 1758.6
1437350 1766.1
1437360 1771.5
1437370 1771.5
1437380 1776.0
1437390 1780.4
1437400 1780.4
1437410 1785.3
1437420 1791.5
1437430 1791.5
1437440 1796.4
1437450 1801.6
1437460 1801.6
1437470 1806.2
1437480 1810.2
1437490 1810.2
1437500 1814.6
1437510 1819.9
1437520 1819.9
1437530 1825.2
1437540 1831.1
1437550 1831.1
1437560 1837.9
1437570 1844.9
1437580 1844.9
1437590 1851.1
1437600 1856.9
1437610 1856.9
1437620 1862.5
1437630 1868.1
1437640 1873.7
1437650 1873.7
1437660 1879.6
1437670 1885.0
1437680 1885.0
1437690 1890.1
1437700 1895.3
1437710 1895.3
1437720 1900.5
1437730 1906.6
1437740 1906.6
1437750 1912.8
1437760 1919.2
1437770 1919.2
1437780 1925.6
1437790 1931.5
1437800 1931.5
1437810 1936.8
1437820 1940.9
1437830 1940.9
1437840 1942.7
1437850 1940.7
1437860 1940.7
1437870 1935.1
1437880 1928.7
1437890 1928.7
1437900 1922.0
1437910 1916.0
1437920 1909.9
1437930 1909.9
1437940 1903.6
1437950 1897.9
1437960 1897.9
1437970 1893.0
1437980 1889.3
1437990 1889.3
1438000 1886.6
1438010 1884.3
1438020 1884.3
1438030 1881.6
1438040 1878.3
1438050 1878.3
1438060 1875.3
1438070 1873.8
1438080 1873.8
1438090 1872.0
1438100 1870.2
1438110 1870.2
1438120 1868.1
1438130 1864.2
1438140 1864.2
1438150 1859.6
1438160 1853.6
1438170 1853.6
1438180 1843.9
1438190 1834.2
1438200 1826.4
1438210 1826.4
1438220 1820.8
1438230 1818.0
1438240 1818.0
1438250 1815.4
1438260 1809.1
1438270 1809.1
1438280 1800.2
1438290 1790.9
1438300 1790.9
1438310 1782.4
1438320 1774.0
1438330 1774.0
1438340 1769.5
1438350 1765.6
1438360 1765.6
1438370 1760.2
1438380 1755.4
1438390 1755.4
1438400 1750.4
1438410 1745.4
1438420 1745.4
1438430 1740.2
1438440 1735.5
1438450 1735.5
1438460 1731.1
1438470 1726.8
1438480 1722.8
1438490 1722.8
1438500 1718.8
1438510 1714.2
1438520 1714.2
1438530 1709.5
1438540 1705.7
1438550 1705.7
1438560 1702.3
1438570 1699.1
1438580 1699.1
1438590 1696.1
1438600 1693.3
1438610 1693.3
1438620 1689.2
1438630 1682.0
1438640 1682.0
1438650 1674.1
1438660 1668.4
1438670 1668.4
1438680 1666.0
1438690 1666.2
1438700 1666.2
1438710 1668.0
1438720 1665.4
1438730 1665.4
1438740 1662.2
1438750 1658.8
1438760 1654.9
1438770 1654.9
1438780 1651.7
1438790 1648.2
1438800 1648.2
1438810 1644.9
1438820 1641.6
1438830 1641.6
1438840 1638.4
1438850 1635.4
1438860 1635.4
1438870 1632.0
1438880 1627.5
1438890 1627.5
1438900 1622.1
1438910 1615.9
1438920 1615.9
1438930 1610.6
1438940 1605.6
1438950 1605.6
1438960 1600.0
1438970 1595.6
1438980 1595.6
1438990 1591.3
1439000 1586.7
1439010 1586.7
1439020 1582.2
1439030 1578.3
1439040 1577.1
1439050 1577.1
1439060 1575.0
1439070 1571.3
1439080 1571.3
1439090 1563.7
1439100 1553.8
1439110 1553.8
1439120 1546.9
1439130 1538.9
1439140 1538.9
1439150 1528.5
1439160 1527.6
1439170 1527.6
1439180 1525.1
1439190 1521.7
1439200 1521.7
1439210 1528.3
1439220 1533.7
1439230 1533.7
1439240 1539.3
1439250 1545.1
1439260 1545.1
1439270 1551.0
1439280 1556.9
1439290 1556.9
1439300 1561.9
1439310 1564.1
1439320 1564.1
1439330 1565.6
1439340 1568.1
1439350 1570.4
1439360 1570.4
1439370 1572.3
1439380 1572.6
1439390 1572.6
1439400 1574.3
1439410 1576.9
1439420 1576.9
1439430 1578.3
1439440 1579.3
1439450 1579.3
1439460 1581.5
1439470 1584.4
1439480 1584.4
1439490 1587.5
1439500 1589.7
1439510 1589.7
1439520 1590.9
1439530 1592.5
1439540 1592.5
1439550 1594.7
1439560 1594.9
1439570 1594.9
1439580 1595.2
1439590 1595.7
1439600 1595.7
1439610 1595.2
1439620 1594.5
1439630 1593.7
1439640 1593.7
1439650 1592.0
1439660 1591.0
1439670 1591.0
1439680 1588.5
1439690 1585.8
1439700 1585.8
1439710 1588.3
1439720 1592.9
1439730 1592.9
1439740 1595.4
1439750 1595.5
1439760 1595.5
1439770 1593.7
1439780 1595.4
1439790 1595.4
1439800 1597.8
1439810 1599.0
1439820 1599.0
1439830 1601.0
1439840 1606.7
1439850 1606.7
1439860 1614.0
1439870 1617.1
1439880 1617.1
1439890 1617.8
1439900 1614.6
1439910 1610.8
1439920 1610.8
1439930 1609.2
1439940 1609.5
1439950 1609.5
1439960 1611.3
1439970 1612.5
1439980 1612.5
1439990 1613.0
