1420000 1400.6
1420010 1404.3
1420020 1407.0
1420030 1407.0
1420040 1411.4
1420050 1418.8
1420060 1418.8
1420070 1424.1
1420080 1422.2
1420090 1422.2
1420100 1421.1
1420110 1424.3
1420120 1424.3
1420130 1426.2
1420140 1424.0
1420150 1424.0
1420160 1419.2
1420170 1414.3
1420180 1414.3
1420190 1414.1
1420200 1418.3
1420210 1418.3
1420220 1419.4
1420230 1412.8
1420240 1412.8
1420250 1406.4
1420260 1400.8
1420270 1394.4
1420280 1394.4
1420290 1387.3
1420300 1379.4
1420310 1379.4
1420320 1371.2
1420330 1363.5
1420340 1363.5
1420350 1355.3
1420360 1347.7
1420370 1354.6
1420380 1351.0
1420390 1347.2
1420400 1347.2
1420410 1343.1
1420420 1338.4
1420430 1338.4
1420440 1333.2
1420450 1327.9
1420460 1327.9
1420470 1320.0
1420480 1307.8
1420490 1307.8
1420500 1297.8
1420510 1287.8
1420520 1287.8
1420530 1278.0
1420540 1271.7
1420550 1266.8
1420560 1266.8
1420570 1268.4
1420580 1275.6
1420590 1275.6
1420600 1282.3
1420610 1288.3
1420620 1288.3
1420630 1294.2
1420640 1300.8
1420650 1300.8
1420660 1305.3
1420670 1309.7
1420680 1309.7
1420690 1315.3
1420700 1322.2
1420710 1322.2
1420720 1329.5
1420730 1334.7
1420740 1334.7
1420750 1339.7
1420760 1345.9
1420770 1345.9
1420780 1352.1
1420790 1357.6
1420800 1357.6
1420810 1364.1
1420820 1372.5
1420830 1385.4
1420840 1385.4
1420850 1392.4
1420860 1398.4
1420870 1398.4
1420880 1405.4
1420890 1415.7
1420900 1415.7
1420910 1420.7
1420920 1424.3
1420930 1424.3
1420940 1428.8
1420950 1434.2
1420960 1434.2
1420970 1439.7
1420980 1447.0
1420990 1447.0
1421000 1456.1
1421010 1461.8
1421020 1461.8
1421030 1467.3
1421040 1473.3
1421050 1473.3
1421060 1472.9
1421070 1473.0
1421080 1473.0
1421090 1478.9
1421100 1486.5
1421110 1490.2
1421120 1490.2
1421130 1491.9
1421140 1496.7
1421150 1496.7
1421160 1502.9
1421170 1508.3
1421180 1508.3
1421190 1513.1
1421200 1517.6
1421210 1517.6
1421220 1522.8
1421230 1528.5
1421240 1528.5
1421250 1534.2
1421260 1539.8
1421270 1539.8
1421280 1545.5
1421290 1551.2
1421300 1551.2
1421310 1556.9
1421320 1562.4
1421330 1562.4
1421340 1567.6
1421350 1572.3
1421360 1572.3
1421370 1576.7
1421380 1580.3
1421390 1582.8
1421400 1582.8
1421410 1583.6
1421420 1581.6
1421430 1581.6
1421440 1576.9
1421450 1572.5
1421460 1572.5
1421470 1569.2
1421480 1567.0
1421490 1567.0
1421500 1569.0
1421510 1572.1
1421520 1572.1
1421530 1576.2
1421540 1580.6
1421550 1580.6
1421560 1583.2
1421570 1581.9
1421580 1581.9
1421590 1582.8
1421600 1584.6
1421610 1584.6
1421620 1586.1
1421630 1587.4
1421640 1587.4
1421650 1588.6
1421660 1587.3
1421670 1583.1
1421680 1583.1
1421690 1578.2
1421700 1572.7
1421710 1572.7
1421720 1564.4
1421730 1551.6
1421740 1551.6
1421750 1540.6
1421760 1528.8
1421770 1528.8
1421780 1517.7
1421790 1501.6
1421800 1501.6
1421810 1489.7
1421820 1474.6
1421830 1474.6
1421840 1463.0
1421850 1452.9
1421860 1452.9
1421870 1446.9
1421880 1441.8
1421890 1441.8
1421900 1437.7
1421910 1432.3
1421920 1432.3
1421930 1426.4
1421940 1424.9
1421950 1423.4
1421960 1423.4
1421970 1419.5
1421980 1415.4
1421990 1415.4
1422000 1408.5
1422010 1400.5
1422020 1400.5
1422030 1393.9
1422040 1387.8
1422050 1387.8
1422060 1378.8
1422070 1371.9
1422080 1371.9
1422090 1364.7
1422100 1356.8
1422110 1356.8
1422120 1347.9
1422130 1337.1
1422140 1337.1
1422150 1330.6
1422160 1322.7
1422170 1322.7
1422180 1306.4
1422190 1295.8
1422200 1295.8
1422210 1286.2
1422220 1272.7
1422230 1260.8
1422240 1260.8
1422250 1250.3
1422260 1240.2
1422270 1240.2
1422280 1230.0
1422290 1220.5
1422300 1220.5
1422310 1207.0
1422320 1195.8
1422330 1195.8
1422340 1188.8
1422350 1191.2
1422360 1191.2
1422370 1204.0
1422380 1213.1
1422390 1219.0
1422400 1224.5
1422410 1230.4
1422420 1230.4
1422430 1235.3
1422440 1237.5
1422450 1237.5
1422460 1239.7
1422470 1241.9
1422480 1241.9
1422490 1244.5
1422500 1247.6
1422510 1252.1
1422520 1252.1
1422530 1257.8
1422540 1262.4
1422550 1262.4
1422560 1263.6
1422570 1260.0
1422580 1260.0
1422590 1264.0
1422600 1273.0
1422610 1273.0
1422620 1282.0
1422630 1290.5
1422640 1290.5
1422650 1294.3
1422660 1296.1
1422670 1296.1
1422680 1301.9
1422690 1309.6
1422700 1309.6
1422710 1314.9
1422720 1321.8
1422730 1321.8
1422740 1330.7
1422750 1337.7
1422760 1337.7
1422770 1345.0
1422780 1352.1
1422790 1352.1
1422800 1358.2
1422810 1363.7
1422820 1367.7
1422830 1367.7
1422840 1370.8
1422850 1373.5
1422860 1373.5
1422870 1375.8
1422880 1377.4
1422890 1377.4
1422900 1375.8
1422910 1355.8
1422920 1355.8
1422930 1333.0
1422940 1324.8
1422950 1324.8
1422960 1320.0
1422970 1316.0
1422980 1316.0
1422990 1312.2
1423000 1307.0
1423010 1307.0
1423020 1301.3
1423030 1295.1
1423040 1295.1
1423050 1289.1
1423060 1282.8
1423070 1282.8
1423080 1275.4
1423090 1267.9
1423100 1260.1
1423110 1260.1
1423120 1252.7
1423130 1245.6
1423140 1245.6
1423150 1239.5
1423160 1234.3
1423170 1234.3
1423180 1228.2
1423190 1218.8
1423200 1218.8
1423210 1216.6
1423220 1218.1
1423230 1218.1
1423240 1220.2
1423250 1221.9
1423260 1221.9
1423270 1222.8
1423280 1222.1
1423290 1222.1
1423300 1220.2
1423310 1217.7
1423320 1217.7
1423330 1215.7
1423340 1214.4
1423350 1214.4
1423360 1212.7
1423370 1208.2
1423380 1200.8
1423390 1200.8
1423400 1194.4
1423410 1187.7
1423420 1187.7
1423430 1181.2
1423440 1174.9
1423450 1174.9
1423460 1168.7
1423470 1162.8
1423480 1162.8
1423490 1157.3
1423500 1151.9
1423510 1151.9
1423520 1146.4
1423530 1140.2
1423540 1140.2
1423550 1134.4
1423560 1129.1
1423570 1129.1
1423580 1124.0
1423590 1117.6
1423600 1117.6
1423610 1110.7
1423620 1103.1
1423630 1103.1
1423640 1096.1
1423650 1089.5
1423660 1083.7
1423670 1083.7
1423680 1078.7
1423690 1074.1
1423700 1074.1
1423710 1068.5
1423720 1062.4
1423730 1062.4
1423740 1056.8
1423750 1051.0
1423760 1051.0
1423770 1045.6
1423780 1040.8
1423790 1040.8
1423800 1036.1
1423810 1031.5
1423820 1031.5
1423830 1027.2
1423840 1022.3
1423850 1022.3
1423860 1016.7
1423870 1011.2
1423880 1011.2
1423890 1004.1
1423900 997.7
1423910 997.7
1423920 991.8
1423930 986.3
1423940 982.4
1423950 982.4
1423960 977.5
1423970 973.1
1423980 973.1
1423990 969.0
1424000 964.7
1424010 964.7
1424020 960.6
1424030 956.6
1424040 956.6
1424050 952.1
1424060 948.0
1424070 948.0
1424080 943.9
1424090 940.3
1424100 940.3
1424110 936.6
1424120 932.1
1424130 932.1
1424140 926.8
1424150 921.0
1424160 921.0
1424170 914.4
1424180 907.4
1424190 907.4
1424200 900.1
1424210 892.8
1424220 887.1
1424230 887.1
1424240 882.6
1424250 877.6
1424260 877.6
1424270 872.1
1424280 866.2
1424290 866.2
1424300 859.4
1424310 853.3
1424320 853.3
1424330 847.6
1424340 841.8
1424350 841.8
1424360 835.7
1424370 830.9
1424380 830.9
1424390 830.0
1424400 823.4
1424410 823.4
1424420 815.1
1424430 806.8
1424440 806.8
1424450 799.1
1424460 792.8
1424470 792.8
1424480 790.4
1424490 786.8
1424500 783.8
1424510 783.8
1424520 779.8
1424530 775.1
1424540 775.1
1424550 772.3
1424560 770.2
1424570 770.2
1424580 768.7
1424590 768.0
1424600 768.0
1424610 767.8
1424620 767.8
1424630 767.8
1424640 767.8
1424650 767.8
1424660 767.8
1424670 767.8
1424680 767.8
1424690 767.8
1424700 767.8
1424710 767.9
1424720 767.9
1424730 767.9
1424740 768.0
1424750 768.0
1424760 768.2
1424770 768.3
1424780 768.3
1424790 768.3
1424800 768.3
1424810 768.3
1424820 768.3
1424830 768.2
1424840 768.2
1424850 768.2
1424860 768.7
1424870 768.7
1424880 768.7
1424890 768.4
1424900 768.2
1424910 768.2
1424920 767.9
1424930 767.7
1424940 767.7
1424950 767.5
1424960 767.3
1424970 767.3
1424980 767.2
1424990 767.2
1425000 767.2
1425010 767.1
1425020 766.8
1425030 766.8
1425040 766.6
1425050 766.6
1425060 766.6
1425070 766.5
1425080 766.4
1425090 766.3
1425100 766.3
1425110 766.2
1425120 766.1
1425130 766.1
1425140 766.0
1425150 765.9
1425160 765.9
1425170 765.8
1425180 765.8
1425190 765.8
1425200 765.9
1425210 766.0
1425220 766.0
1425230 766.1
1425240 766.1
1425250 766.1
1425260 765.9
1425270 765.5
1425280 765.5
1425290 765.5
1425300 765.6
1425310 765.6
1425320 765.6
1425330 765.6
1425340 765.6
1425350 765.6
1425360 765.6
1425370 765.5
1425380 765.5
1425390 765.6
1425400 765.5
1425410 765.5
1425420 765.5
1425430 765.4
1425440 765.4
1425450 765.4
1425460 765.4
1425470 765.4
1425480 765.4
1425490 765.3
1425500 765.3
1425510 765.3
1425520 765.2
1425530 765.2
1425540 765.1
1425550 765.0
1425560 765.0
1425570 764.9
1425580 764.8
1425590 764.8
1425600 764.8
1425610 764.7
1425620 764.7
1425630 764.6
1425640 764.5
1425650 764.4
1425660 764.4
1425670 764.2
1425680 764.0
1425690 764.0
1425700 764.0
1425710 764.0
1425720 764.0
1425730 763.9
1425740 763.6
1425750 763.6
1425760 763.6
1425770 763.0
1425780 763.0
1425790 762.9
1425800 764.4
1425810 764.4
1425820 764.2
1425830 764.2
1425840 764.2
1425850 764.9
1425860 763.2
1425870 763.2
1425880 763.0
1425890 763.0
1425900 763.0
1425910 763.0
1425920 763.0
1425930 763.0
1425940 763.0
1425950 763.1
1425960 763.1
1425970 763.1
1425980 762.8
1425990 762.7
1426000 762.7
1426010 762.6
1426020 762.5
1426030 762.5
1426040 762.3
1426050 762.1
1426060 762.1
1426070 761.9
1426080 761.8
1426090 761.8
1426100 761.7
1426110 761.6
1426120 761.6
1426130 761.5
1426140 761.3
1426150 761.3
1426160 761.3
1426170 761.3
1426180 761.3
1426190 761.3
1426200 761.1
1426210 761.0
1426220 761.0
1426230 761.1
1426240 761.1
1426250 761.1
1426260 761.0
1426270 761.0
1426280 761.0
1426290 760.9
1426300 760.8
1426310 760.8
1426320 760.7
1426330 760.7
1426340 760.7
1426350 760.7
1426360 760.8
1426370 760.8
1426380 760.9
1426390 760.7
1426400 760.7
1426410 760.7
1426420 760.7
1426430 760.7
1426440 760.8
1426450 760.7
1426460 760.7
1426470 760.5
1426480 760.4
1426490 760.3
1426500 760.3
1426510 760.2
1426520 760.3
1426530 760.3
1426540 760.3
1426550 760.2
1426560 760.2
1426570 760.1
1426580 760.1
1426590 760.1
1426600 760.1
1426610 760.0
1426620 760.0
1426630 760.0
1426640 760.0
1426650 760.0
1426660 760.0
1426670 760.0
1426680 760.0
1426690 760.0
1426700 760.1
1426710 760.1
1426720 760.5
1426730 760.6
1426740 760.6
1426750 760.6
1426760 760.5
1426770 760.4
1426780 760.4
1426790 760.5
1426800 760.6
1426810 760.6
1426820 760.7
1426830 760.7
1426840 760.7
1426850 761.2
1426860 762.5
1426870 762.5
1426880 764.4
1426890 768.2
1426900 768.2
1426910 770.2
1426920 773.8
1426930 773.8
1426940 778.8
1426950 783.3
1426960 783.3
1426970 789.0
1426980 794.6
1426990 794.6
1427000 798.8
1427010 802.3
1427020 802.3
1427030 808.0
1427040 815.2
1427050 822.7
1427060 822.7
1427070 828.9
1427080 834.2
1427090 834.2
1427100 839.1
1427110 843.3
1427120 843.3
1427130 847.6
1427140 853.1
1427150 853.1
1427160 859.7
1427170 864.3
1427180 864.3
1427190 870.7
1427200 876.0
1427210 876.0
1427220 882.2
1427230 889.0
1427240 889.0
1427250 894.7
1427260 900.7
1427270 900.7
1427280 904.7
1427290 906.6
1427300 906.6
1427310 910.2
1427320 914.4
1427330 918.8
1427340 918.8
1427350 921.8
1427360 924.1
1427370 924.1
1427380 926.6
1427390 929.2
1427400 929.2
1427410 933.7
1427420 938.8
1427430 938.8
1427440 944.7
1427450 950.7
1427460 950.7
1427470 956.4
1427480 961.6
1427490 961.6
1427500 966.9
1427510 972.0
1427520 972.0
1427530 976.4
1427540 979.7
1427550 979.7
1427560 982.7
1427570 986.3
1427580 986.3
1427590 989.1
1427600 993.1
1427610 993.1
1427620 996.7
1427630 1000.2
1427640 1004.1
1427650 1004.1
1427660 1009.4
1427670 1014.6
1427680 1014.6
1427690 1019.4
1427700 1024.5
1427710 1024.5
1427720 1030.6
1427730 1037.6
1427740 1037.6
1427750 1045.6
1427760 1052.4
1427770 1052.4
1427780 1056.1
1427790 1058.6
1427800 1058.6
1427810 1061.3
1427820 1063.9
1427830 1063.9
1427840 1066.8
1427850 1069.2
1427860 1069.2
1427870 1071.3
1427880 1075.0
1427890 1075.0
1427900 1080.0
1427910 1085.8
1427920 1092.0
1427930 1092.0
1427940 1098.9
1427950 1105.5
1427960 1105.5
1427970 1111.9
1427980 1118.5
1427990 1118.5
1428000 1124.9
1428010 1131.8
1428020 1131.8
1428030 1136.0
1428040 1139.4
1428050 1139.4
1428060 1143.4
1428070 1149.8
1428080 1149.8
1428090 1157.1
1428100 1171.4
1428110 1171.4
1428120 1186.1
1428130 1196.7
1428140 1196.7
1428150 1213.5
1428160 1224.3
1428170 1224.3
1428180 1230.3
1428190 1237.9
1428200 1245.6
1428210 1245.6
1428220 1252.7
1428230 1263.8
1428240 1263.8
1428250 1273.6
1428260 1279.6
1428270 1279.6
1428280 1285.7
1428290 1289.9
1428300 1289.9
1428310 1290.7
1428320 1289.5
1428330 1289.5
1428340 1286.7
1428350 1283.7
1428360 1283.7
1428370 1281.1
1428380 1279.5
1428390 1279.5
1428400 1278.9
1428410 1278.8
1428420 1278.8
1428430 1278.8
1428440 1282.3
1428450 1282.3
1428460 1289.2
1428470 1295.8
1428480 1301.8
1428490 1301.8
1428500 1308.3
1428510 1315.0
1428520 1315.0
1428530 1322.0
1428540 1328.8
1428550 1328.8
1428560 1335.7
1428570 1342.9
1428580 1342.9
1428590 1350.5
1428600 1357.9
1428610 1357.9
1428620 1364.0
1428630 1369.1
1428640 1369.1
1428650 1374.6
1428660 1379.2
1428670 1379.2
1428680 1381.0
1428690 1382.0
1428700 1382.0
1428710 1383.9
1428720 1385.8
1428730 1385.8
1428740 1387.4
1428750 1389.4
1428760 1391.3
1428770 1391.3
1428780 1393.8
1428790 1397.0
1428800 1397.0
1428810 1400.4
1428820 1404.5
1428830 1404.5
1428840 1408.4
1428850 1412.2
1428860 1412.2
1428870 1416.1
1428880 1420.8
1428890 1419.4
1428900 1424.1
1428910 1430.5
1428920 1430.5
1428930 1434.8
1428940 1436.0
1428950 1436.0
1428960 1436.7
1428970 1437.8
1428980 1437.8
1428990 1439.6
1429000 1442.3
1429010 1442.3
1429020 1446.7
1429030 1451.2
1429040 1455.5
1429050 1455.5
1429060 1460.0
1429070 1464.8
1429080 1464.8
1429090 1466.6
1429100 1467.0
1429110 1467.0
1429120 1468.1
1429130 1468.7
1429140 1468.7
1429150 1469.8
1429160 1473.1
1429170 1473.1
1429180 1476.5
1429190 1479.4
1429200 1479.4
1429210 1482.3
1429220 1485.5
1429230 1485.5
1429240 1488.9
1429250 1492.1
1429260 1492.1
1429270 1495.0
1429280 1497.1
1429290 1497.1
1429300 1498.9
1429310 1501.4
1429320 1505.0
1429330 1505.0
1429340 1507.5
1429350 1509.3
1429360 1509.3
1429370 1512.1
1429380 1515.8
1429390 1515.8
1429400 1519.7
1429410 1524.2
1429420 1524.2
1429430 1528.3
1429440 1532.0
1429450 1532.0
1429460 1535.2
1429470 1538.1
1429480 1538.1
1429490 1541.3
1429500 1544.3
1429510 1544.3
1429520 1546.9
1429530 1549.3
1429540 1549.3
1429550 1552.9
1429560 1556.6
1429570 1556.6
1429580 1561.1
1429590 1566.3
1429600 1569.6
1429610 1569.6
1429620 1571.3
1429630 1571.6
1429640 1571.6
1429650 1571.4
1429660 1573.7
1429670 1573.7
1429680 1576.9
1429690 1580.6
1429700 1580.6
1429710 1584.4
1429720 1587.8
1429730 1587.8
1429740 1590.9
1429750 1593.0
1429760 1593.0
1429770 1594.4
1429780 1597.5
1429790 1597.5
1429800 1601.3
1429810 1604.8
1429820 1604.8
1429830 1607.7
1429840 1610.5
1429850 1610.5
1429860 1613.6
1429870 1616.7
1429880 1620.4
1429890 1620.4
1429900 1623.7
1429910 1627.6
1429920 1627.6
1429930 1632.2
1429940 1637.1
1429950 1637.1
1429960 1641.7
1429970 1647.1
1429980 1647.1
1429990 1652.8
1430000 1658.4
1430010 1658.4
1430020 1661.4
1430030 1663.2
1430040 1663.2
1430050 1666.6
1430060 1670.7
1430070 1670.7
1430080 1674.8
1430090 1678.7
1430100 1678.7
1430110 1682.7
1430120 1686.8
1430130 1686.8
1430140 1690.4
1430150 1692.7
1430160 1692.7
1430170 1693.6
1430180 1693.7
1430190 1693.4
1430200 1693.4
1430210 1693.0
1430220 1691.3
1430230 1691.3
1430240 1686.4
1430250 1680.3
1430260 1680.3
1430270 1673.4
1430280 1668.7
1430290 1668.7
1430300 1660.2
1430310 1652.1
1430320 1652.1
1430330 1644.8
1430340 1639.1
1430350 1639.1
1430360 1636.1
1430370 1635.9
1430380 1635.9
1430390 1632.9
1430400 1628.8
1430410 1628.8
1430420 1622.7
1430430 1617.0
1430440 1617.0
1430450 1612.9
1430460 1609.5
1430470 1604.9
1430480 1604.9
1430490 1601.2
1430500 1595.9
1430510 1595.9
1430520 1592.4
1430530 1588.6
1430540 1588.6
1430550 1584.9
1430560 1580.8
1430570 1580.8
1430580 1577.6
1430590 1573.8
1430600 1573.8
1430610 1571.4
1430620 1569.0
1430630 1569.0
1430640 1565.8
1430650 1561.8
1430660 1561.8
1430670 1556.9
1430680 1552.6
1430690 1552.6
1430700 1548.4
1430710 1543.9
1430720 1543.9
1430730 1538.1
1430740 1532.0
1430750 1526.0
1430760 1526.0
1430770 1520.0
1430780 1513.1
1430790 1513.1
1430800 1506.2
1430810 1499.1
1430820 1499.1
1430830 1493.7
1430840 1488.1
1430850 1488.1
1430860 1480.2
1430870 1473.6
1430880 1473.6
1430890 1472.6
1430900 1474.9
1430910 1474.9
1430920 1472.4
1430930 1468.6
1430940 1468.6
1430950 1460.8
1430960 1449.9
1430970 1449.9
1430980 1450.9
1430990 1448.7
1431000 1448.7
1431010 1451.4
1431020 1459.6
1431030 1468.5
1431040 1468.5
1431050 1476.8
1431060 1483.5
1431070 1483.5
1431080 1491.3
1431090 1497.2
1431100 1497.2
1431110 1502.6
1431120 1506.0
1431130 1506.0
1431140 1509.8
1431150 1514.1
1431160 1514.1
1431170 1519.0
1431180 1524.7
1431190 1524.7
1431200 1531.4
1431210 1538.6
1431220 1538.6
1431230 1546.1
1431240 1552.2
1431250 1552.2
1431260 1557.7
1431270 1563.4
1431280 1563.4
1431290 1568.7
1431300 1573.4
1431310 1578.3
1431320 1578.3
1431330 1582.7
1431340 1587.5
1431350 1587.5
1431360 1592.9
1431370 1598.1
1431380 1598.1
1431390 1603.0
1431400 1607.8
1431410 1607.8
1431420 1613.1
1431430 1618.7
1431440 1618.7
1431450 1623.8
1431460 1627.7
1431470 1627.7
1431480 1631.2
1431490 1634.7
1431500 1634.7
1431510 1638.3
1431520 1641.4
1431530 1641.4
1431540 1644.5
1431550 1647.3
1431560 1647.3
1431570 1649.7
1431580 1652.2
1431590 1655.2
1431600 1655.2
1431610 1658.3
1431620 1661.7
1431630 1661.7
1431640 1664.8
1431650 1667.3
1431660 1667.3
1431670 1669.5
1431680 1672.4
1431690 1672.4
1431700 1674.2
1431710 1676.4
1431720 1676.4
1431730 1678.1
1431740 1679.6
1431750 1679.6
1431760 1680.6
1431770 1681.2
1431780 1681.2
1431790 1681.8
1431800 1682.3
1431810 1682.3
1431820 1682.2
1431830 1682.0
1431840 1682.0
1431850 1681.5
1431860 1678.5
1431870 1677.5
1431880 1677.5
1431890 1676.2
1431900 1676.4
1431910 1676.4
1431920 1675.4
1431930 1676.0
1431940 1676.0
1431950 1678.9
1431960 1680.8
1431970 1680.8
1431980 1678.6
1431990 1678.5
1432000 1678.5
1432010 1684.4
1432020 1688.9
1432030 1688.9
1432040 1691.9
1432050 1698.4
1432060 1698.4
1432070 1706.6
1432080 1713.2
1432090 1713.2
1432100 1716.6
1432110 1720.4
1432120 1720.4
1432130 1723.4
1432140 1726.0
1432150 1728.0
1432160 1728.0
1432170 1729.7
1432180 1731.3
1432190 1731.3
1432200 1733.0
1432210 1734.5
1432220 1734.5
1432230 1736.2
1432240 1739.1
1432250 1739.1
1432260 1742.0
1432270 1744.6
1432280 1744.6
1432290 1748.0
1432300 1752.6
1432310 1752.6
1432320 1757.5
1432330 1762.1
1432340 1762.1
1432350 1766.6
1432360 1770.7
1432370 1770.7
1432380 1776.0
1432390 1781.8
1432400 1781.8
1432410 1788.3
1432420 1794.7
1432430 1799.8
1432440 1799.8
1432450 1804.8
1432460 1807.5
1432470 1807.5
1432480 1810.6
1432490 1814.7
1432500 1814.7
1432510 1818.1
1432520 1822.2
1432530 1822.2
1432540 1824.8
1432550 1827.9
1432560 1827.9
1432570 1830.5
1432580 1832.7
1432590 1832.7
1432600 1834.8
1432610 1836.5
1432620 1836.5
1432630 1839.0
1432640 1842.3
1432650 1842.3
1432660 1845.1
1432670 1850.0
1432680 1850.0
1432690 1857.5
1432700 1861.5
1432710 1861.5
1432720 1865.1
1432730 1866.7
1432740 1868.8
1432750 1868.8
1432760 1871.8
1432770 1874.5
1432780 1874.5
1432790 1875.8
1432800 1878.6
1432810 1878.6
1432820 1882.5
1432830 1889.0
1432840 1889.0
1432850 1894.5
1432860 1899.2
1432870 1899.2
1432880 1904.4
1432890 1908.5
1432900 1908.5
1432910 1910.4
1432920 1911.0
1432930 1911.0
1432940 1914.0
1432950 1915.8
1432960 1915.8
1432970 1921.8
1432980 1929.9
1432990 1929.9
1433000 1936.1
1433010 1939.2
1433020 1937.9
1433030 1937.9
1433040 1934.9
1433050 1922.1
1433060 1922.1
1433070 1916.2
1433080 1904.1
1433090 1904.1
1433100 1887.2
1433110 1877.7
1433120 1877.7
1433130 1869.4
1433140 1862.6
1433150 1862.6
1433160 1856.8
1433170 1851.3
1433180 1851.3
1433190 1845.1
1433200 1839.9
1433210 1839.9
1433220 1836.8
1433230 1831.6
1433240 1831.6
1433250 1829.0
1433260 1825.8
1433270 1825.8
1433280 1820.7
1433290 1816.4
1433300 1814.0
1433310 1814.0
1433320 1810.6
1433330 1806.6
1433340 1806.6
1433350 1803.5
1433360 1798.0
1433370 1798.0
1433380 1791.2
1433390 1785.7
1433400 1785.7
1433410 1782.6
1433420 1781.2
1433430 1781.2
1433440 1780.1
1433450 1777.1
1433460 1777.1
1433470 1774.7
1433480 1772.2
1433490 1772.2
1433500 1769.0
1433510 1766.1
1433520 1766.1
1433530 1763.8
1433540 1761.0
1433550 1761.0
1433560 1757.1
1433570 1753.1
1433580 1749.7
1433590 1749.7
1433600 1746.4
1433610 1741.4
1433620 1741.4
1433630 1738.3
1433640 1737.3
1433650 1737.3
1433660 1735.9
1433670 1732.7
1433680 1736.1
1433690 1730.3
1433700 1724.0
1433710 1724.0
1433720 1718.8
1433730 1712.8
1433740 1712.8
1433750 1706.3
1433760 1699.9
1433770 1699.9
1433780 1694.1
1433790 1688.3
1433800 1688.3
1433810 1682.8
1433820 1677.2
1433830 1677.2
1433840 1672.1
1433850 1667.0
1433860 1662.0
1433870 1662.0
1433880 1655.2
1433890 1644.8
1433900 1644.8
1433910 1635.9
1433920 1629.0
1433930 1629.0
1433940 1620.9
1433950 1622.9
1433960 1622.9
1433970 1626.6
1433980 1631.6
1433990 1631.6
1434000 1632.6
1434010 1632.4
1434020 1632.4
1434030 1635.5
1434040 1635.9
1434050 1635.9
1434060 1635.3
1434070 1633.6
1434080 1633.6
1434090 1632.1
1434100 1630.4
1434110 1630.4
1434120 1630.5
1434130 1633.5
1434140 1634.9
1434150 1634.9
1434160 1636.4
1434170 1640.0
1434180 1640.0
1434190 1643.0
1434200 1645.0
1434210 1645.0
1434220 1646.1
1434230 1647.4
1434240 1647.4
1434250 1650.0
1434260 1651.3
1434270 1651.3
1434280 1651.6
1434290 1652.5
1434300 1652.5
1434310 1654.3
1434320 1656.9
1434330 1656.9
1434340 1659.0
1434350 1660.0
1434360 1660.0
1434370 1661.5
1434380 1663.4
1434390 1663.4
1434400 1665.2
1434410 1666.5
1434420 1667.0
1434430 1667.0
1434440 1666.8
1434450 1665.0
1434460 1665.0
1434470 1661.9
1434480 1657.4
1434490 1657.4
1434500 1652.0
1434510 1645.1
1434520 1645.1
1434530 1638.2
1434540 1631.4
1434550 1631.4
1434560 1624.7
1434570 1618.2
1434580 1618.2
1434590 1612.2
1434600 1605.9
1434610 1605.9
1434620 1600.1
1434630 1593.5
1434640 1593.5
1434650 1586.5
1434660 1579.8
1434670 1579.8
1434680 1573.6
1434690 1566.9
1434700 1560.9
1434710 1560.9
1434720 1554.6
1434730 1547.6
1434740 1547.6
1434750 1540.9
1434760 1534.7
1434770 1534.7
1434780 1528.3
1434790 1521.5
1434800 1521.5
1434810 1514.4
1434820 1507.0
1434830 1507.0
1434840 1499.8
1434850 1492.6
1434860 1492.6
1434870 1485.4
1434880 1477.9
1434890 1477.9
1434900 1469.6
1434910 1461.2
1434920 1461.2
1434930 1452.6
1434940 1444.5
1434950 1444.5
1434960 1437.1
1434970 1430.3
1434980 1423.3
1434990 1423.3
1435000 1416.7
1435010 1410.0
1435020 1410.0
1435030 1403.1
1435040 1397.3
1435050 1397.3
1435060 1390.9
1435070 1384.5
1435080 1384.5
1435090 1376.7
1435100 1369.5
1435110 1369.5
1435120 1364.0
1435130 1356.9
1435140 1356.9
1435150 1351.5
1435160 1346.5
1435170 1346.5
1435180 1341.2
1435190 1331.6
1435200 1331.6
1435210 1317.0
1435220 1309.1
1435230 1309.1
1435240 1309.2
1435250 1299.2
1435260 1299.2
1435270 1289.1
1435280 1283.3
1435290 1282.7
1435300 1282.7
1435310 1285.1
1435320 1285.5
1435330 1285.5
1435340 1277.8
1435350 1270.4
1435360 1270.4
1435370 1265.3
1435380 1260.4
1435390 1260.4
1435400 1254.9
1435410 1249.7
1435420 1249.7
1435430 1246.3
1435440 1244.5
1435450 1244.5
1435460 1242.7
1435470 1240.1
1435480 1240.1
1435490 1237.6
1435500 1234.5
1435510 1234.5
1435520 1228.5
1435530 1220.4
1435540 1220.4
1435550 1217.1
1435560 1217.9
1435570 1223.3
1435580 1223.3
1435590 1230.8
1435600 1237.5
1435610 1237.5
1435620 1244.8
1435630 1252.7
1435640 1252.7
1435650 1260.5
1435660 1267.7
1435670 1267.7
1435680 1274.6
1435690 1282.0
1435700 1282.0
1435710 1289.3
1435720 1299.6
1435730 1299.6
1435740 1306.0
1435750 1308.4
1435760 1308.4
1435770 1311.5
1435780 1316.1
1435790 1316.1
1435800 1322.7
1435810 1329.5
1435820 1329.5
1435830 1336.1
1435840 1342.3
1435850 1347.9
1435860 1347.9
1435870 1353.3
1435880 1358.7
1435890 1358.7
1435900 1364.9
1435910 1371.7
1435920 1371.7
1435930 1376.8
1435940 1383.0
1435950 1383.0
1435960 1390.0
1435970 1398.0
1435980 1398.0
1435990 1405.8
1436000 1413.2
1436010 1413.2
1436020 1420.1
1436030 1426.6
1436040 1426.6
1436050 1433.2
1436060 1436.8
1436070 1436.8
1436080 1442.6
1436090 1448.4
1436100 1448.4
1436110 1452.8
1436120 1458.0
1436130 1462.8
1436140 1462.8
1436150 1466.9
1436160 1471.3
1436170 1471.3
1436180 1476.0
1436190 1480.7
1436200 1480.7
1436210 1486.0
1436220 1491.0
1436230 1491.0
1436240 1496.3
1436250 1497.7
1436260 1497.7
1436270 1502.5
1436280 1507.3
1436290 1507.3
1436300 1512.1
1436310 1517.3
1436320 1517.3
1436330 1522.9
1436340 1528.2
1436350 1528.2
1436360 1533.3
1436370 1538.0
1436380 1538.0
1436390 1544.1
1436400 1549.7
1436410 1554.4
1436420 1554.4
1436430 1559.0
1436440 1563.7
1436450 1563.7
1436460 1569.3
1436470 1574.9
1436480 1574.9
1436490 1581.1
1436500 1586.9
1436510 1586.9
1436520 1592.3
1436530 1597.8
1436540 1597.8
1436550 1603.5
1436560 1608.9
1436570 1608.9
1436580 1614.4
1436590 1619.5
1436600 1619.5
1436610 1623.9
1436620 1628.6
1436630 1628.6
1436640 1632.6
1436650 1636.4
1436660 1636.4
1436670 1639.6
1436680 1641.6
1436690 1643.3
1436700 1643.3
1436710 1644.9
1436720 1646.0
1436730 1646.0
1436740 1645.5
1436750 1643.8
1436760 1643.8
1436770 1640.1
1436780 1636.5
1436790 1636.5
1436800 1634.6
1436810 1633.6
1436820 1633.6
1436830 1633.0
1436840 1630.1
1436850 1630.1
1436860 1627.5
1436870 1625.5
1436880 1625.5
1436890 1623.2
1436900 1621.8
1436910 1621.8
1436920 1621.1
1436930 1621.4
1436940 1621.4
1436950 1623.4
1436960 1626.1
1436970 1627.8
1436980 1627.8
1436990 1629.8
1437000 1631.2
1437010 1631.2
1437020 1631.9
1437030 1630.5
1437040 1630.5
1437050 1632.4
1437060 1634.8
1437070 1634.8
1437080 1633.3
1437090 1634.9
1437100 1634.9
1437110 1637.2
1437120 1639.9
1437130 1639.9
1437140 1645.0
1437150 1650.5
1437160 1650.5
1437170 1652.8
1437180 1658.2
1437190 1658.2
1437200 1664.1
1437210 1669.3
1437220 1669.3
1437230 1671.6
1437240 1675.4
1437250 1679.2
1437260 1679.2
1437270 1680.7
1437280 1681.7
1437290 1681.7
1437300 1684.3
1437310 1688.2
1437320 1688.2
1437330 1691.6
1437340 1694.0
1437350 1694.0
1437360 1697.1
1437370 1701.3
1437380 1701.3
1437390 1704.9
1437400 1710.1
1437410 1710.1
1437420 1714.9
1437430 1719.2
1437440 1719.2
1437450 1723.3
1437460 1728.1
1437470 1728.1
1437480 1732.8
1437490 1737.4
1437500 1737.4
1437510 1741.8
1437520 1747.0
1437530 1750.9
1437540 1750.9
1437550 1753.8
1437560 1756.0
1437570 1756.0
1437580 1757.4
1437590 1758.2
1437600 1758.2
1437610 1758.8
1437620 1759.5
1437630 1759.5
1437640 1761.3
1437650 1762.0
1437660 1762.0
1437670 1764.3
1437680 1766.8
1437690 1766.8
1437700 1769.2
1437710 1772.1
1437720 1772.1
1437730 1775.3
1437740 1778.6
1437750 1778.6
1437760 1782.4
1437770 1785.8
1437780 1785.8
1437790 1789.1
1437800 1791.9
1437810 1795.0
1437820 1795.0
1437830 1797.2
1437840 1801.8
1437850 1801.8
1437860 1806.4
1437870 1810.1
1437880 1810.1
1437890 1815.1
1437900 1820.1
1437910 1820.1
1437920 1826.9
1437930 1832.1
1437940 1832.1
1437950 1835.0
1437960 1837.8
1437970 1837.8
1437980 1840.6
1437990 1840.2
1438000 1840.2
1438010 1836.8
1438020 1834.7
1438030 1834.7
1438040 1835.2
1438050 1839.4
1438060 1839.4
1438070 1845.7
1438080 1853.8
1438090 1853.8
1438100 1857.8
1438110 1855.4
1438120 1851.8
1438130 1851.8
1438140 1848.0
1438150 1844.3
1438160 1844.3
1438170 1839.9
1438180 1835.5
1438190 1835.5
1438200 1831.7
1438210 1827.9
1438220 1827.9
1438230 1824.0
1438240 1820.1
1438250 1820.1
1438260 1817.0
1438270 1814.5
1438280 1814.5
1438290 1812.8
1438300 1810.8
1438310 1810.8
1438320 1808.9
1438330 1807.1
1438340 1807.1
1438350 1805.4
1438360 1803.5
1438370 1803.5
1438380 1801.1
1438390 1799.5
1438400 1798.9
1438410 1798.9
1438420 1797.5
1438430 1795.3
1438440 1795.3
1438450 1791.8
1438460 1787.9
1438470 1787.9
1438480 1784.3
1438490 1782.0
1438500 1782.0
1438510 1779.7
1438520 1775.5
1438530 1775.5
1438540 1769.3
1438550 1766.4
1438560 1766.4
1438570 1765.2
1438580 1764.0
1438590 1764.0
1438600 1762.3
1438610 1759.0
1438620 1759.0
1438630 1756.1
1438640 1753.4
1438650 1753.4
1438660 1750.4
1438670 1746.6
1438680 1742.3
1438690 1742.3
1438700 1738.3
1438710 1733.2
1438720 1733.2
1438730 1728.1
1438740 1721.8
1438750 1721.8
1438760 1716.5
1438770 1712.8
1438780 1712.8
1438790 1709.1
1438800 1705.3
1438810 1705.3
1438820 1701.9
1438830 1698.1
1438840 1698.1
1438850 1693.6
1438860 1689.2
1438870 1689.2
1438880 1685.6
1438890 1681.9
1438900 1681.9
1438910 1676.7
1438920 1671.4
1438930 1671.4
1438940 1666.3
1438950 1663.2
1438960 1659.8
1438970 1659.8
1438980 1659.7
1438990 1657.8
1439000 1657.8
1439010 1654.1
1439020 1649.3
1439030 1649.3
1439040 1644.9
1439050 1640.4
1439060 1640.4
1439070 1638.3
1439080 1637.3
1439090 1637.3
1439100 1635.6
1439110 1633.5
1439120 1633.5
1439130 1631.0
1439140 1628.5
1439150 1628.5
1439160 1625.9
1439170 1623.3
1439180 1623.3
1439190 1620.8
1439200 1618.1
1439210 1618.1
1439220 1615.2
1439230 1612.2
1439240 1609.7
1439250 1609.7
1439260 1607.2
1439270 1604.7
1439280 1604.7
1439290 1601.3
1439300 1598.5
1439310 1598.5
1439320 1594.8
1439330 1588.3
1439340 1588.3
1439350 1579.6
1439360 1571.2
1439370 1571.2
1439380 1565.3
1439390 1559.6
1439400 1559.6
1439410 1553.7
1439420 1547.5
1439430 1547.5
1439440 1541.0
1439450 1535.5
1439460 1535.5
1439470 1531.7
1439480 1527.9
1439490 1527.9
1439500 1522.9
1439510 1516.6
1439520 1510.2
1439530 1510.2
1439540 1504.0
1439550 1499.4
1439560 1499.4
1439570 1496.7
1439580 1494.7
1439590 1494.7
1439600 1493.7
1439610 1493.4
1439620 1493.4
1439630 1491.5
1439640 1487.5
1439650 1487.5
1439660 1482.9
1439670 1479.4
1439680 1479.4
1439690 1476.1
1439700 1472.6
1439710 1472.6
1439720 1469.1
1439730 1465.6
1439740 1465.6
1439750 1461.6
1439760 1457.1
1439770 1457.1
1439780 1450.5
1439790 1442.8
1439800 1434.7
1439810 1434.7
1439820 1428.7
1439830 1423.8
1439840 1423.8
1439850 1417.8
1439860 1411.3
1439870 1411.3
1439880 1405.2
1439890 1398.4
1439900 1398.4
1439910 1392.6
1439920 1387.2
1439930 1387.2
1439940 1383.4
1439950 1385.4
1439960 1385.4
1439970 1392.5
1439980 1400.2
1439990 1400.2
