1420000 1508.7
1420010 1511.4
1420020 1511.4
1420030 1515.2
1420040 1517.8
1420050 1517.8
1420060 1517.9
1420070 1516.6
1420080 1514.6
1420090 1514.6
1420100 1511.8
1420110 1508.9
1420120 1508.9
1420130 1505.1
1420140 1498.8
1420150 1498.8
1420160 1491.5
1420170 1485.5
1420180 1485.5
1420190 1482.4
1420200 1477.8
1420210 1477.8
1420220 1471.5
1420230 1464.5
1420240 1464.5
1420250 1463.6
1420260 1469.5
1420270 1469.5
1420280 1470.3
1420290 1458.9
1420300 1458.9
1420310 1449.4
1420320 1448.0
1420330 1448.0
1420340 1451.1
1420350 1451.6
1420360 1452.9
1420370 1452.9
1420380 1454.2
1420390 1457.0
1420400 1457.0
1420410 1460.3
1420420 1463.1
1420430 1463.1
1420440 1462.6
1420450 1457.6
1420460 1457.6
1420470 1450.1
1420480 1438.9
1420490 1438.9
1420500 1425.2
1420510 1415.3
1420520 1415.3
1420530 1407.1
1420540 1400.0
1420550 1400.0
1420560 1392.6
1420570 1385.7
1420580 1385.7
1420590 1378.1
1420600 1370.0
1420610 1370.0
1420620 1362.5
1420630 1364.5
1420640 1366.9
1420650 1366.9
1420660 1363.8
1420670 1352.0
1420680 1352.0
1420690 1342.6
1420700 1340.5
1420710 1340.5
1420720 1347.5
1420730 1356.7
1420740 1356.7
1420750 1366.9
1420760 1379.8
1420770 1379.8
1420780 1387.3
1420790 1394.1
1420800 1394.1
1420810 1400.2
1420820 1406.0
1420830 1406.0
1420840 1411.6
1420850 1417.2
1420860 1417.2
1420870 1423.3
1420880 1429.1
1420890 1429.1
1420900 1435.1
1420910 1441.9
1420920 1449.5
1420930 1449.5
1420940 1455.8
1420950 1461.8
1420960 1461.8
1420970 1467.4
1420980 1472.8
1420990 1472.8
1421000 1477.1
1421010 1481.1
1421020 1481.1
1421030 1485.4
1421040 1489.5
1421050 1489.5
1421060 1493.5
1421070 1498.2
1421080 1498.2
1421090 1504.1
1421100 1509.6
1421110 1509.6
1421120 1515.5
1421130 1522.8
1421140 1522.8
1421150 1531.3
1421160 1536.6
1421170 1536.6
1421180 1542.7
1421190 1549.3
1421200 1555.5
1421210 1555.5
1421220 1561.9
1421230 1567.3
1421240 1567.3
1421250 1572.8
1421260 1579.8
1421270 1579.8
1421280 1586.8
1421290 1593.9
1421300 1593.9
1421310 1600.6
1421320 1606.2
1421330 1606.2
1421340 1612.7
1421350 1620.9
1421360 1620.9
1421370 1628.6
1421380 1634.1
1421390 1634.1
1421400 1638.6
1421410 1641.9
1421420 1641.9
1421430 1644.7
1421440 1647.5
1421450 1647.5
1421460 1650.7
1421470 1653.5
1421480 1655.3
1421490 1655.3
1421500 1655.6
1421510 1653.6
1421520 1653.6
1421530 1648.8
1421540 1641.7
1421550 1641.7
1421560 1634.1
1421570 1627.2
1421580 1627.2
1421590 1618.9
1421600 1610.1
1421610 1610.1
1421620 1603.0
1421630 1596.6
1421640 1596.6
1421650 1589.9
1421660 1582.3
1421670 1582.3
1421680 1576.0
1421690 1570.4
1421700 1570.4
1421710 1565.7
1421720 1560.8
1421730 1560.8
1421740 1555.6
1421750 1550.1
1421760 1545.0
1421770 1545.0
1421780 1540.1
1421790 1535.3
1421800 1535.3
1421810 1528.7
1421820 1516.8
1421830 1516.8
1421840 1504.7
1421850 1496.3
1421860 1496.3
1421870 1485.7
1421880 1470.6
1421890 1470.6
1421900 1461.1
1421910 1453.4
1421920 1453.4
1421930 1446.1
1421940 1437.0
1421950 1437.0
1421960 1425.2
1421970 1415.4
1421980 1415.4
1421990 1407.0
1422000 1399.0
1422010 1399.0
1422020 1391.2
1422030 1386.7
1422040 1389.5
1422050 1389.5
1422060 1392.7
1422070 1392.3
1422080 1392.3
1422090 1397.3
1422100 1404.3
1422110 1404.3
1422120 1404.7
1422130 1399.9
1422140 1399.9
1422150 1388.3
1422160 1372.2
1422170 1372.2
1422180 1360.8
1422190 1352.0
1422200 1352.0
1422210 1343.2
1422220 1334.2
1422230 1334.2
1422240 1323.8
1422250 1315.7
1422260 1315.7
1422270 1316.8
1422280 1323.5
1422290 1323.5
1422300 1332.4
1422310 1341.1
1422320 1341.1
1422330 1344.8
1422340 1337.8
1422350 1329.2
1422360 1329.2
1422370 1324.5
1422380 1320.8
1422390 1320.8
1422400 1318.1
1422410 1315.9
1422420 1315.9
1422430 1311.9
1422440 1314.9
1422450 1314.9
1422460 1323.3
1422470 1330.3
1422480 1330.3
1422490 1336.3
1422500 1342.4
1422510 1342.4
1422520 1348.7
1422530 1355.5
1422540 1355.5
1422550 1362.8
1422560 1369.8
1422570 1369.8
1422580 1376.8
1422590 1383.4
1422600 1383.4
1422610 1388.7
1422620 1394.5
1422630 1402.4
1422640 1402.4
1422650 1410.5
1422660 1416.3
1422670 1416.3
1422680 1423.7
1422690 1432.2
1422700 1432.2
1422710 1441.7
1422720 1451.1
1422730 1451.1
1422740 1457.5
1422750 1460.5
1422760 1460.5
1422770 1463.1
1422780 1469.2
1422790 1469.2
1422800 1483.0
1422810 1490.2
1422820 1490.2
1422830 1492.0
1422840 1491.5
1422850 1491.5
1422860 1487.6
1422870 1476.7
1422880 1476.7
1422890 1465.4
1422900 1454.6
1422910 1443.5
1422920 1443.5
1422930 1428.3
1422940 1418.0
1422950 1418.0
1422960 1407.8
1422970 1398.0
1422980 1398.0
1422990 1390.9
1423000 1385.5
1423010 1385.5
1423020 1379.3
1423030 1371.3
1423040 1371.3
1423050 1368.4
1423060 1369.9
1423070 1369.9
1423080 1370.6
1423090 1365.4
1423100 1365.4
1423110 1358.6
1423120 1355.4
1423130 1355.4
1423140 1356.2
1423150 1353.2
1423160 1353.2
1423170 1347.4
1423180 1340.6
1423190 1337.9
1423200 1337.9
1423210 1334.3
1423220 1326.7
1423230 1326.7
1423240 1318.7
1423250 1311.6
1423260 1311.6
1423270 1304.4
1423280 1297.2
1423290 1297.2
1423300 1290.2
1423310 1282.3
1423320 1282.3
1423330 1274.3
1423340 1265.1
1423350 1265.1
1423360 1256.0
1423370 1248.0
1423380 1248.0
1423390 1241.3
1423400 1232.3
1423410 1232.3
1423420 1218.2
1423430 1208.0
1423440 1208.0
1423450 1199.6
1423460 1191.7
1423470 1184.2
1423480 1184.2
1423490 1177.0
1423500 1169.8
1423510 1169.8
1423520 1162.3
1423530 1155.1
1423540 1155.1
1423550 1148.0
1423560 1141.1
1423570 1141.1
1423580 1134.4
1423590 1127.5
1423600 1127.5
1423610 1120.9
1423620 1113.9
1423630 1113.9
1423640 1107.3
1423650 1101.0
1423660 1101.0
1423670 1094.6
1423680 1088.2
1423690 1088.2
1423700 1081.5
1423710 1074.9
1423720 1074.9
1423730 1068.4
1423740 1061.4
1423750 1053.6
1423760 1053.6
1423770 1045.2
1423780 1040.9
1423790 1040.9
1423800 1037.4
1423810 1030.7
1423820 1030.7
1423830 1024.7
1423840 1018.6
1423850 1018.6
1423860 1013.0
1423870 1008.6
1423880 1008.6
1423890 1004.7
1423900 1000.6
1423910 1000.6
1423920 996.2
1423930 991.2
1423940 991.2
1423950 986.2
1423960 981.2
1423970 981.2
1423980 976.5
1423990 972.3
1424000 972.3
1424010 968.3
1424020 964.3
1424030 961.5
1424040 961.5
1424050 957.7
1424060 953.8
1424070 953.8
1424080 951.3
1424090 948.8
1424100 948.8
1424110 945.4
1424120 941.6
1424130 941.6
1424140 938.7
1424150 936.1
1424160 936.1
1424170 932.8
1424180 928.0
1424190 928.0
1424200 921.6
1424210 913.8
1424220 913.8
1424230 904.7
1424240 897.4
1424250 897.4
1424260 890.7
1424270 884.1
1424280 884.1
1424290 876.7
1424300 869.4
1424310 862.2
1424320 862.2
1424330 854.2
1424340 846.2
1424350 846.2
1424360 837.8
1424370 829.7
1424380 829.7
1424390 821.9
1424400 814.5
1424410 814.5
1424420 807.1
1424430 800.2
1424440 800.2
1424450 793.8
1424460 788.3
1424470 788.3
1424480 783.5
1424490 779.9
1424500 779.9
1424510 777.4
1424520 774.4
1424530 774.4
1424540 771.2
1424550 769.4
1424560 769.4
1424570 768.1
1424580 767.0
1424590 766.5
1424600 766.5
1424610 766.2
1424620 766.0
1424630 766.0
1424640 765.9
1424650 765.9
1424660 765.9
1424670 765.9
1424680 766.0
1424690 766.0
1424700 766.1
1424710 765.9
1424720 765.9
1424730 765.8
1424740 765.9
1424750 765.9
1424760 765.9
1424770 765.9
1424780 765.9
1424790 766.0
1424800 766.0
1424810 766.0
1424820 765.9
1424830 765.9
1424840 765.9
1424850 766.3
1424860 767.3
1424870 766.8
1424880 766.8
1424890 766.1
1424900 766.1
1424910 766.1
1424920 766.1
1424930 766.1
1424940 766.1
1424950 766.2
1424960 766.2
1424970 766.2
1424980 766.1
1424990 766.1
1425000 766.1
1425010 766.1
1425020 766.1
1425030 766.1
1425040 766.1
1425050 766.1
1425060 766.1
1425070 766.1
1425080 766.0
1425090 766.0
1425100 766.0
1425110 766.2
1425120 766.2
1425130 765.9
1425140 765.7
1425150 765.7
1425160 765.7
1425170 765.6
1425180 765.5
1425190 765.5
1425200 765.4
1425210 765.3
1425220 765.3
1425230 765.2
1425240 765.0
1425250 765.0
1425260 764.7
1425270 764.4
1425280 764.4
1425290 764.2
1425300 764.1
1425310 764.1
1425320 764.1
1425330 764.2
1425340 764.2
1425350 764.4
1425360 764.5
1425370 764.5
1425380 764.4
1425390 764.2
1425400 764.2
1425410 764.1
1425420 764.1
1425430 764.0
1425440 764.0
1425450 764.1
1425460 764.2
1425470 764.2
1425480 764.2
1425490 764.2
1425500 764.2
1425510 764.1
1425520 764.0
1425530 764.0
1425540 764.0
1425550 763.9
1425560 763.9
1425570 763.9
1425580 763.9
1425590 763.9
1425600 763.7
1425610 763.6
1425620 763.6
1425630 763.5
1425640 763.5
1425650 763.5
1425660 763.5
1425670 763.4
1425680 763.4
1425690 763.3
1425700 763.2
1425710 763.2
1425720 763.7
1425730 764.5
1425740 765.0
1425750 765.0
1425760 763.1
1425770 763.4
1425780 763.4
1425790 763.3
1425800 762.9
1425810 762.9
1425820 763.0
1425830 762.8
1425840 762.8
1425850 762.6
1425860 762.6
1425870 762.6
1425880 762.6
1425890 762.4
1425900 762.4
1425910 762.0
1425920 761.9
1425930 761.9
1425940 761.9
1425950 761.8
1425960 761.8
1425970 761.8
1425980 761.8
1425990 761.8
1426000 761.7
1426010 761.7
1426020 761.7
1426030 761.7
1426040 761.8
1426050 761.6
1426060 761.6
1426070 761.4
1426080 761.4
1426090 761.4
1426100 761.4
1426110 761.3
1426120 761.3
1426130 761.2
1426140 761.1
1426150 761.1
1426160 761.1
1426170 761.0
1426180 761.0
1426190 761.0
1426200 761.0
1426210 761.0
1426220 760.9
1426230 760.8
1426240 760.8
1426250 760.7
1426260 760.6
1426270 760.6
1426280 760.6
1426290 760.5
1426300 760.4
1426310 760.4
1426320 760.3
1426330 760.4
1426340 760.4
1426350 760.7
1426360 760.8
1426370 760.8
1426380 760.3
1426390 760.2
1426400 760.2
1426410 760.1
1426420 760.1
1426430 760.1
1426440 760.1
1426450 760.1
1426460 760.1
1426470 760.1
1426480 760.2
1426490 760.2
1426500 760.2
1426510 760.2
1426520 760.2
1426530 760.1
1426540 760.1
1426550 760.1
1426560 760.1
1426570 760.2
1426580 760.2
1426590 760.2
1426600 760.2
1426610 760.4
1426620 760.4
1426630 760.9
1426640 761.1
1426650 761.1
1426660 761.7
1426670 762.7
1426680 762.7
1426690 763.0
1426700 763.5
1426710 763.5
1426720 764.2
1426730 765.1
1426740 765.1
1426750 765.6
1426760 766.1
1426770 766.1
1426780 766.6
1426790 767.3
1426800 767.3
1426810 768.2
1426820 769.4
1426830 769.4
1426840 770.2
1426850 771.1
1426860 771.3
1426870 771.3
1426880 771.9
1426890 772.5
1426900 772.5
1426910 773.9
1426920 775.8
1426930 775.8
1426940 778.3
1426950 781.5
1426960 781.5
1426970 786.2
1426980 792.0
1426990 792.0
1427000 798.0
1427010 803.8
1427020 803.8
1427030 809.1
1427040 814.6
1427050 814.6
1427060 819.4
1427070 823.1
1427080 823.1
1427090 827.8
1427100 834.3
1427110 834.3
1427120 840.4
1427130 846.2
1427140 853.8
1427150 853.8
1427160 861.9
1427170 869.3
1427180 869.3
1427190 874.6
1427200 880.5
1427210 880.5
1427220 887.1
1427230 890.8
1427240 890.8
1427250 895.4
1427260 899.8
1427270 899.8
1427280 903.6
1427290 907.6
1427300 907.6
1427310 911.5
1427320 915.3
1427330 915.3
1427340 916.7
1427350 919.6
1427360 919.6
1427370 922.5
1427380 924.0
1427390 924.0
1427400 926.5
1427410 929.0
1427420 931.8
1427430 931.8
1427440 934.8
1427450 938.0
1427460 938.0
1427470 941.3
1427480 944.3
1427490 944.3
1427500 948.1
1427510 951.8
1427520 951.8
1427530 956.1
1427540 960.0
1427550 960.0
1427560 964.0
1427570 968.4
1427580 968.4
1427590 972.6
1427600 976.7
1427610 976.7
1427620 981.6
1427630 982.9
1427640 982.9
1427650 988.1
1427660 992.8
1427670 992.8
1427680 997.1
1427690 1001.5
1427700 1001.5
1427710 1005.3
1427720 1008.3
1427730 1010.6
1427740 1010.6
1427750 1012.2
1427760 1013.8
1427770 1013.8
1427780 1015.7
1427790 1018.2
1427800 1018.2
1427810 1021.5
1427820 1025.4
1427830 1025.4
1427840 1029.3
1427850 1033.2
1427860 1033.2
1427870 1037.1
1427880 1040.4
1427890 1040.4
1427900 1043.1
1427910 1046.2
1427920 1046.2
1427930 1048.9
1427940 1052.5
1427950 1052.5
1427960 1055.8
1427970 1058.9
1427980 1058.9
1427990 1061.5
1428000 1063.7
1428010 1066.3
1428020 1066.3
1428030 1070.2
1428040 1075.6
1428050 1075.6
1428060 1082.0
1428070 1088.8
1428080 1088.8
1428090 1095.7
1428100 1102.6
1428110 1102.6
1428120 1110.7
1428130 1121.0
1428140 1121.0
1428150 1130.5
1428160 1137.8
1428170 1137.8
1428180 1144.1
1428190 1151.0
1428200 1151.0
1428210 1158.2
1428220 1164.2
1428230 1164.2
1428240 1168.9
1428250 1172.1
1428260 1172.1
1428270 1174.3
1428280 1175.9
1428290 1176.1
1428300 1176.1
1428310 1175.6
1428320 1172.6
1428330 1172.6
1428340 1172.1
1428350 1179.5
1428360 1179.5
1428370 1188.2
1428380 1196.8
1428390 1196.8
1428400 1205.7
1428410 1214.9
1428420 1214.9
1428430 1228.1
1428440 1237.5
1428450 1237.5
1428460 1238.7
1428470 1238.9
1428480 1238.9
1428490 1239.5
1428500 1240.3
1428510 1240.3
1428520 1239.6
1428530 1239.0
1428540 1239.0
1428550 1242.7
1428560 1251.3
1428570 1261.5
1428580 1261.5
1428590 1271.3
1428600 1282.1
1428610 1282.1
1428620 1292.4
1428630 1303.9
1428640 1303.9
1428650 1318.2
1428660 1328.5
1428670 1328.5
1428680 1335.1
1428690 1340.2
1428700 1340.2
1428710 1345.0
1428720 1349.9
1428730 1349.9
1428740 1356.4
1428750 1363.2
1428760 1363.2
1428770 1367.5
1428780 1367.8
1428790 1367.8
1428800 1369.2
1428810 1368.9
1428820 1368.9
1428830 1368.2
1428840 1367.6
1428850 1371.9
1428860 1371.9
1428870 1377.4
1428880 1380.7
1428890 1380.7
1428900 1383.3
1428910 1387.8
1428920 1387.8
1428930 1392.8
1428940 1398.4
1428950 1398.4
1428960 1403.6
1428970 1409.7
1428980 1409.7
1428990 1416.3
1429000 1419.8
1429010 1419.8
1429020 1421.9
1429030 1423.7
1429040 1423.7
1429050 1424.9
1429060 1426.9
1429070 1426.9
1429080 1429.4
1429090 1433.4
1429100 1433.4
1429110 1436.8
1429120 1439.4
1429130 1441.4
1429140 1441.4
1429150 1443.4
1429160 1446.2
1429170 1446.2
1429180 1450.1
1429190 1453.3
1429200 1453.3
1429210 1456.2
1429220 1458.6
1429230 1458.6
1429240 1460.8
1429250 1463.5
1429260 1463.5
1429270 1465.4
1429280 1465.6
1429290 1465.6
1429300 1466.3
1429310 1468.1
1429320 1468.1
1429330 1470.2
1429340 1472.3
1429350 1472.3
1429360 1475.2
1429370 1478.8
1429380 1478.8
1429390 1482.2
1429400 1485.9
1429410 1489.1
1429420 1489.1
1429430 1491.0
1429440 1491.2
1429450 1491.2
1429460 1491.3
1429470 1493.3
1429480 1493.3
1429490 1496.5
1429500 1498.1
1429510 1498.1
1429520 1500.5
1429530 1502.7
1429540 1502.7
1429550 1504.6
1429560 1505.0
1429570 1505.0
1429580 1504.8
1429590 1504.7
1429600 1504.7
1429610 1508.7
1429620 1515.2
1429630 1515.2
1429640 1522.3
1429650 1529.4
1429660 1529.4
1429670 1535.9
1429680 1541.6
1429690 1547.5
1429700 1547.5
1429710 1553.6
1429720 1559.7
1429730 1559.7
1429740 1564.9
1429750 1570.5
1429760 1570.5
1429770 1574.7
1429780 1578.9
1429790 1578.9
1429800 1584.2
1429810 1589.1
1429820 1589.1
1429830 1593.1
1429840 1597.1
1429850 1597.1
1429860 1600.7
1429870 1603.8
1429880 1603.8
1429890 1607.2
1429900 1611.4
1429910 1612.0
1429920 1616.6
1429930 1620.5
1429940 1620.5
1429950 1624.5
1429960 1629.1
1429970 1633.9
1429980 1633.9
1429990 1638.3
1430000 1640.6
1430010 1640.6
1430020 1643.9
1430030 1648.0
1430040 1648.0
1430050 1652.2
1430060 1655.7
1430070 1655.7
1430080 1658.6
1430090 1661.0
1430100 1661.0
1430110 1663.3
1430120 1665.6
1430130 1665.6
1430140 1668.0
1430150 1670.1
1430160 1670.1
1430170 1671.6
1430180 1672.0
1430190 1672.0
1430200 1671.6
1430210 1670.1
1430220 1670.1
1430230 1667.4
1430240 1662.8
1430250 1656.7
1430260 1656.7
1430270 1649.6
1430280 1642.5
1430290 1642.5
1430300 1635.5
1430310 1628.5
1430320 1628.5
1430330 1622.6
1430340 1617.5
1430350 1617.5
1430360 1611.9
1430370 1606.2
1430380 1606.2
1430390 1600.2
1430400 1594.4
1430410 1594.4
1430420 1588.4
1430430 1580.5
1430440 1580.5
1430450 1574.0
1430460 1567.1
1430470 1567.1
1430480 1560.6
1430490 1554.1
1430500 1554.1
1430510 1548.9
1430520 1542.4
1430530 1534.7
1430540 1534.7
1430550 1528.4
1430560 1523.0
1430570 1523.0
1430580 1515.9
1430590 1509.4
1430600 1509.4
1430610 1505.8
1430620 1498.3
1430630 1498.3
1430640 1491.3
1430650 1485.7
1430660 1485.7
1430670 1482.6
1430680 1478.9
1430690 1478.9
1430700 1474.3
1430710 1472.9
1430720 1472.9
1430730 1471.1
1430740 1468.6
1430750 1468.6
1430760 1465.6
1430770 1461.7
1430780 1461.7
1430790 1458.6
1430800 1454.6
1430810 1454.6
1430820 1448.5
1430830 1442.3
1430840 1437.0
1430850 1437.0
1430860 1429.7
1430870 1422.0
1430880 1422.0
1430890 1411.4
1430900 1399.0
1430910 1399.0
1430920 1395.8
1430930 1403.4
1430940 1403.4
1430950 1411.8
1430960 1419.8
1430970 1419.8
1430980 1427.9
1430990 1434.8
1431000 1434.8
1431010 1440.5
1431020 1446.4
1431030 1446.4
1431040 1453.4
1431050 1462.0
1431060 1462.0
1431070 1469.5
1431080 1476.6
1431090 1476.6
1431100 1484.2
1431110 1491.3
1431120 1497.7
1431130 1497.7
1431140 1503.1
1431150 1508.6
1431160 1508.6
1431170 1513.5
1431180 1516.6
1431190 1516.6
1431200 1518.8
1431210 1521.1
1431220 1521.1
1431230 1524.8
1431240 1529.3
1431250 1529.3
1431260 1533.7
1431270 1537.9
1431280 1537.9
1431290 1542.6
1431300 1547.9
1431310 1547.9
1431320 1551.8
1431330 1556.4
1431340 1556.4
1431350 1560.6
1431360 1564.8
1431370 1564.8
1431380 1568.9
1431390 1572.8
1431400 1576.2
1431410 1576.2
1431420 1579.9
1431430 1583.5
1431440 1583.5
1431450 1587.0
1431460 1590.2
1431470 1590.2
1431480 1593.5
1431490 1596.5
1431500 1596.5
1431510 1598.8
1431520 1601.6
1431530 1601.6
1431540 1603.8
1431550 1605.7
1431560 1605.7
1431570 1607.4
1431580 1608.9
1431590 1608.9
1431600 1609.7
1431610 1610.2
1431620 1610.2
1431630 1612.0
1431640 1613.4
1431650 1613.4
1431660 1613.4
1431670 1612.8
1431680 1610.1
1431690 1610.1
1431700 1606.1
1431710 1602.0
1431720 1602.0
1431730 1599.2
1431740 1594.7
1431750 1594.7
1431760 1598.3
1431770 1602.9
1431780 1602.9
1431790 1604.9
1431800 1604.6
1431810 1604.6
1431820 1602.9
1431830 1601.0
1431840 1601.0
1431850 1599.5
1431860 1598.4
1431870 1598.4
1431880 1596.6
1431890 1592.7
1431900 1592.7
1431910 1591.4
1431920 1597.2
1431930 1597.2
1431940 1603.3
1431950 1609.4
1431960 1614.9
1431970 1614.9
1431980 1620.2
1431990 1625.3
1432000 1625.3
1432010 1630.6
1432020 1636.1
1432030 1636.1
1432040 1640.0
1432050 1645.3
1432060 1645.3
1432070 1652.3
1432080 1659.2
1432090 1659.2
1432100 1663.0
1432110 1666.9
1432120 1666.9
1432130 1669.3
1432140 1671.6
1432150 1671.6
1432160 1674.2
1432170 1676.9
1432180 1676.9
1432190 1679.9
1432200 1683.2
1432210 1683.2
1432220 1688.4
1432230 1691.6
1432240 1695.6
1432250 1695.6
1432260 1700.3
1432270 1703.1
1432280 1703.1
1432290 1706.7
1432300 1709.4
1432310 1709.4
1432320 1712.7
1432330 1716.6
1432340 1716.6
1432350 1720.3
1432360 1723.5
1432370 1723.5
1432380 1726.0
1432390 1728.5
1432400 1728.5
1432410 1732.1
1432420 1736.5
1432430 1736.5
1432440 1740.1
1432450 1743.9
1432460 1743.9
1432470 1747.7
1432480 1751.5
1432490 1751.5
1432500 1754.4
1432510 1758.0
1432520 1761.6
1432530 1761.6
1432540 1767.0
1432550 1773.6
1432560 1773.6
1432570 1779.8
1432580 1785.9
1432590 1785.9
1432600 1791.9
1432610 1797.4
1432620 1797.4
1432630 1803.2
1432640 1807.0
1432650 1807.0
1432660 1811.8
1432670 1816.9
1432680 1816.9
1432690 1821.1
1432700 1824.8
1432710 1824.8
1432720 1828.8
1432730 1832.8
1432740 1832.8
1432750 1834.9
1432760 1836.5
1432770 1836.5
1432780 1836.5
1432790 1837.5
1432800 1839.7
1432810 1839.7
1432820 1841.9
1432830 1845.7
1432840 1845.7
1432850 1850.1
1432860 1854.2
1432870 1854.2
1432880 1858.2
1432890 1863.3
1432900 1863.3
1432910 1868.6
1432920 1874.7
1432930 1874.7
1432940 1880.3
1432950 1886.0
1432960 1886.0
1432970 1891.7
1432980 1899.0
1432990 1899.0
1433000 1906.4
1433010 1912.7
1433020 1912.7
1433030 1919.3
1433040 1925.7
1433050 1925.7
1433060 1932.4
1433070 1938.8
1433080 1945.6
1433090 1945.6
1433100 1955.1
1433110 1962.2
1433120 1962.2
1433130 1968.3
1433140 1975.3
1433150 1975.3
1433160 1976.6
1433170 1963.0
1433180 1963.0
1433190 1946.3
1433200 1946.6
1433210 1946.6
1433220 1940.8
1433230 1939.7
1433240 1939.7
1433250 1928.8
1433260 1923.3
1433270 1923.3
1433280 1922.6
1433290 1920.4
1433300 1920.4
1433310 1916.4
1433320 1915.6
1433330 1915.6
1433340 1914.8
1433350 1914.3
1433360 1909.7
1433370 1909.7
1433380 1896.2
1433390 1887.8
1433400 1887.8
1433410 1881.4
1433420 1874.1
1433430 1874.1
1433440 1865.8
1433450 1857.1
1433460 1857.1
1433470 1848.5
1433480 1840.5
1433490 1840.5
1433500 1833.4
1433510 1826.9
1433520 1826.9
1433530 1821.0
1433540 1815.7
1433550 1815.7
1433560 1810.6
1433570 1806.5
1433580 1806.5
1433590 1803.4
1433600 1800.6
1433610 1800.6
1433620 1798.5
1433630 1794.2
1433640 1794.2
1433650 1787.9
1433660 1785.0
1433670 1779.3
1433680 1779.3
1433690 1775.4
1433700 1770.9
1433710 1770.9
1433720 1764.8
1433730 1755.7
1433740 1755.7
1433750 1747.0
1433760 1744.1
1433770 1744.1
1433780 1744.2
1433790 1741.7
1433800 1741.7
1433810 1734.9
1433820 1729.3
1433830 1729.3
1433840 1728.7
1433850 1728.3
1433860 1728.3
1433870 1726.3
1433880 1723.2
1433890 1723.2
1433900 1721.5
1433910 1719.7
1433920 1719.7
1433930 1717.9
1433940 1716.4
1433950 1715.6
1433960 1715.6
1433970 1716.7
1433980 1718.3
1433990 1718.3
1434000 1720.1
1434010 1722.8
1434020 1722.8
1434030 1724.9
1434040 1725.9
1434050 1725.9
1434060 1726.5
1434070 1729.2
1434080 1729.2
1434090 1732.7
1434100 1737.1
1434110 1737.1
1434120 1739.8
1434130 1741.9
1434140 1741.9
1434150 1742.8
1434160 1742.8
1434170 1742.8
1434180 1741.9
1434190 1741.3
1434200 1741.3
1434210 1741.3
1434220 1741.1
1434230 1739.9
1434240 1739.9
1434250 1739.0
1434260 1737.5
1434270 1737.5
1434280 1735.5
1434290 1733.2
1434300 1733.2
1434310 1730.4
1434320 1727.7
1434330 1727.7
1434340 1724.6
1434350 1719.1
1434360 1719.1
1434370 1713.1
1434380 1707.2
1434390 1707.2
1434400 1701.3
1434410 1693.9
1434420 1693.9
1434430 1686.9
1434440 1680.1
1434450 1680.1
1434460 1673.1
1434470 1665.8
1434480 1665.8
1434490 1659.2
1434500 1652.5
1434510 1645.7
1434520 1645.7
1434530 1639.3
1434540 1633.1
1434550 1633.1
1434560 1625.8
1434570 1619.0
1434580 1619.0
1434590 1612.4
1434600 1604.9
1434610 1604.9
1434620 1598.2
1434630 1592.3
1434640 1592.3
1434650 1586.0
1434660 1579.5
1434670 1579.5
1434680 1572.4
1434690 1566.3
1434700 1566.3
1434710 1559.8
1434720 1552.8
1434730 1552.8
1434740 1543.9
1434750 1534.5
1434760 1534.5
1434770 1524.5
1434780 1515.3
1434790 1507.2
1434800 1505.6
1434810 1498.3
1434820 1491.3
1434830 1491.3
1434840 1484.3
1434850 1477.3
1434860 1477.3
1434870 1470.4
1434880 1463.7
1434890 1463.7
1434900 1456.9
1434910 1450.2
1434920 1450.2
1434930 1443.8
1434940 1437.7
1434950 1437.7
1434960 1431.6
1434970 1425.5
1434980 1425.5
1434990 1419.7
1435000 1414.2
1435010 1414.2
1435020 1408.1
1435030 1400.1
1435040 1400.1
1435050 1397.1
1435060 1404.5
1435070 1408.3
1435080 1408.3
1435090 1408.9
1435100 1408.4
1435110 1408.4
1435120 1408.5
1435130 1409.2
1435140 1409.2
1435150 1410.6
1435160 1412.3
1435170 1412.3
1435180 1413.1
1435190 1412.7
1435200 1412.7
1435210 1411.7
1435220 1409.2
1435230 1409.2
1435240 1401.8
1435250 1392.6
1435260 1392.6
1435270 1383.2
1435280 1374.7
1435290 1374.7
1435300 1366.5
1435310 1359.5
1435320 1359.5
1435330 1354.0
1435340 1348.4
1435350 1342.0
1435360 1342.0
1435370 1335.3
1435380 1328.5
1435390 1328.5
1435400 1321.2
1435410 1314.2
1435420 1314.2
1435430 1308.6
1435440 1303.8
1435450 1303.8
1435460 1298.6
1435470 1293.2
1435480 1293.2
1435490 1287.6
1435500 1281.7
1435510 1281.7
1435520 1276.0
1435530 1270.9
1435540 1270.9
1435550 1265.8
1435560 1259.3
1435570 1259.3
1435580 1252.2
1435590 1245.4
1435600 1245.4
1435610 1240.1
1435620 1238.0
1435630 1238.1
1435640 1238.1
1435650 1238.8
1435660 1238.2
1435670 1238.2
1435680 1239.7
1435690 1243.9
1435700 1243.9
1435710 1248.1
1435720 1253.4
1435730 1253.4
1435740 1259.6
1435750 1267.1
1435760 1267.1
1435770 1276.4
1435780 1284.2
1435790 1284.2
1435800 1289.7
1435810 1293.9
1435820 1293.9
1435830 1299.0
1435840 1306.2
1435850 1306.2
1435860 1313.1
1435870 1319.4
1435880 1319.4
1435890 1326.8
1435900 1334.2
1435910 1341.6
1435920 1341.6
1435930 1348.6
1435940 1355.6
1435950 1355.6
1435960 1363.3
1435970 1370.6
1435980 1370.6
1435990 1377.9
1436000 1385.0
1436010 1385.0
1436020 1392.0
1436030 1398.7
1436040 1398.7
1436050 1405.1
1436060 1411.2
1436070 1411.2
1436080 1417.2
1436090 1423.3
1436100 1423.3
1436110 1429.1
1436120 1435.3
1436130 1435.3
1436140 1440.8
1436150 1447.3
1436160 1447.3
1436170 1452.7
1436180 1458.0
1436190 1463.3
1436200 1463.3
1436210 1468.4
1436220 1473.7
1436230 1473.7
1436240 1479.0
1436250 1484.5
1436260 1484.5
1436270 1490.1
1436280 1495.8
1436290 1495.8
1436300 1501.4
1436310 1506.8
1436320 1506.8
1436330 1512.4
1436340 1518.9
1436350 1518.9
1436360 1525.2
1436370 1531.2
1436380 1531.2
1436390 1537.6
1436400 1545.0
1436410 1545.0
1436420 1553.3
1436430 1561.0
1436440 1561.0
1436450 1567.1
1436460 1571.3
1436470 1574.8
1436480 1574.8
1436490 1577.8
1436500 1580.8
1436510 1580.8
1436520 1583.9
1436530 1587.1
1436540 1587.1
1436550 1590.8
1436560 1595.5
1436570 1595.5
1436580 1601.8
1436590 1608.4
1436600 1608.4
1436610 1612.4
1436620 1616.4
1436630 1616.4
1436640 1622.8
1436650 1629.0
1436660 1629.0
1436670 1633.9
1436680 1637.7
1436690 1637.7
1436700 1640.6
1436710 1642.0
1436720 1642.0
1436730 1642.8
1436740 1644.8
1436750 1644.8
1436760 1648.2
1436770 1652.1
1436780 1655.3
1436790 1655.3
1436800 1659.7
1436810 1664.0
1436820 1664.0
1436830 1669.4
1436840 1674.9
1436850 1674.9
1436860 1679.8
1436870 1684.1
1436880 1684.1
1436890 1687.6
1436900 1690.0
1436910 1690.0
1436920 1691.7
1436930 1692.4
1436940 1692.4
1436950 1692.3
1436960 1692.6
1436970 1692.6
1436980 1694.2
1436990 1694.5
1437000 1694.5
1437010 1694.5
1437020 1694.8
1437030 1694.8
1437040 1694.9
1437050 1694.3
1437060 1693.6
1437070 1693.6
1437080 1692.4
1437090 1692.9
1437100 1692.9
1437110 1695.6
1437120 1699.9
1437130 1699.9
1437140 1702.1
1437150 1702.9
1437160 1702.9
1437170 1703.6
1437180 1705.4
1437190 1705.4
1437200 1708.0
1437210 1711.8
1437220 1711.8
1437230 1714.5
1437240 1716.9
1437250 1716.9
1437260 1717.9
1437270 1719.0
1437280 1719.0
1437290 1721.0
1437300 1724.0
1437310 1724.0
1437320 1727.1
1437330 1730.8
1437340 1734.7
1437350 1734.7
1437360 1737.9
1437370 1740.4
1437380 1740.4
1437390 1743.8
1437400 1748.0
1437410 1748.0
1437420 1753.0
1437430 1763.9
1437440 1763.9
1437450 1770.6
1437460 1777.0
1437470 1777.0
1437480 1781.4
1437490 1782.4
1437500 1782.4
1437510 1783.9
1437520 1787.0
1437530 1787.0
1437540 1789.4
1437550 1794.5
1437560 1794.5
1437570 1799.5
1437580 1802.1
1437590 1802.1
1437600 1804.4
1437610 1807.0
1437620 1809.7
1437630 1809.7
1437640 1811.4
1437650 1812.8
1437660 1812.8
1437670 1814.6
1437680 1816.5
1437690 1816.5
1437700 1819.4
1437710 1822.5
1437720 1822.5
1437730 1827.1
1437740 1831.6
1437750 1831.6
1437760 1834.7
1437770 1835.0
1437780 1835.0
1437790 1832.6
1437800 1830.5
1437810 1830.5
1437820 1829.4
1437830 1828.3
1437840 1828.3
1437850 1828.0
1437860 1829.7
1437870 1829.7
1437880 1834.6
1437890 1841.0
1437900 1847.0
1437910 1847.0
1437920 1853.3
1437930 1852.9
1437940 1852.9
1437950 1849.4
1437960 1846.3
1437970 1846.3
1437980 1840.9
1437990 1834.0
1438000 1834.0
1438010 1827.2
1438020 1821.0
1438030 1821.0
1438040 1816.2
1438050 1811.8
1438060 1811.8
1438070 1808.2
1438080 1804.9
1438090 1804.9
1438100 1802.5
1438110 1798.3
1438120 1798.3
1438130 1793.6
1438140 1791.3
1438150 1791.3
1438160 1789.3
1438170 1787.2
1438180 1785.3
1438190 1785.3
1438200 1783.1
1438210 1780.8
1438220 1780.8
1438230 1779.4
1438240 1779.3
1438250 1779.3
1438260 1778.3
1438270 1778.0
1438280 1778.0
1438290 1776.9
1438300 1775.5
1438310 1775.5
1438320 1773.4
1438330 1771.0
1438340 1771.0
1438350 1768.0
1438360 1765.0
1438370 1765.0
1438380 1761.9
1438390 1758.7
1438400 1758.7
1438410 1755.6
1438420 1752.7
1438430 1752.7
1438440 1750.3
1438450 1747.6
1438460 1744.9
1438470 1744.9
1438480 1741.9
1438490 1738.6
1438500 1738.6
1438510 1735.0
1438520 1731.3
1438530 1731.3
1438540 1727.5
1438550 1724.1
1438560 1724.1
1438570 1720.9
1438580 1718.1
1438590 1718.1
1438600 1714.1
1438610 1711.3
1438620 1711.3
1438630 1708.2
1438640 1703.5
1438650 1703.5
1438660 1696.3
1438670 1689.1
1438680 1689.1
1438690 1684.9
1438700 1680.9
1438710 1680.9
1438720 1677.7
1438730 1674.1
1438740 1666.8
1438750 1666.8
1438760 1656.9
1438770 1652.3
1438780 1652.3
1438790 1651.2
1438800 1648.6
1438810 1648.6
1438820 1646.5
1438830 1644.1
1438840 1644.1
1438850 1641.2
1438860 1634.6
1438870 1634.6
1438880 1627.4
1438890 1623.9
1438900 1623.9
1438910 1621.2
1438920 1616.1
1438930 1616.1
1438940 1611.6
1438950 1603.5
1438960 1603.5
1438970 1596.0
1438980 1590.6
1438990 1590.6
1439000 1589.1
1439010 1589.4
1439020 1587.7
1439030 1587.7
1439040 1588.1
1439050 1589.6
1439060 1589.6
1439070 1592.2
1439080 1594.4
1439090 1594.4
1439100 1594.4
1439110 1590.3
1439120 1590.3
1439130 1584.3
1439140 1579.4
1439150 1579.4
1439160 1575.0
1439170 1569.5
1439180 1569.5
1439190 1564.9
1439200 1563.0
1439210 1563.0
1439220 1560.8
1439230 1559.3
1439240 1559.3
1439250 1557.8
1439260 1554.7
1439270 1554.7
1439280 1550.7
1439290 1547.1
1439300 1542.2
1439310 1542.2
1439320 1537.4
1439330 1534.0
1439340 1534.0
1439350 1532.2
1439360 1529.5
1439370 1529.5
1439380 1526.1
1439390 1522.0
1439400 1522.0
1439410 1517.5
1439420 1513.0
1439430 1513.0
1439440 1508.9
1439450 1506.2
1439460 1506.2
1439470 1503.9
1439480 1499.4
1439490 1499.4
1439500 1495.2
1439510 1492.0
1439520 1492.0
1439530 1488.8
1439540 1486.6
1439550 1486.6
1439560 1484.8
1439570 1483.1
1439580 1481.2
1439590 1481.2
1439600 1479.0
1439610 1477.8
1439620 1477.8
1439630 1474.4
1439640 1469.1
1439650 1469.1
1439660 1464.5
1439670 1460.5
1439680 1460.5
1439690 1457.3
1439700 1454.1
1439710 1454.1
1439720 1450.8
1439730 1447.0
1439740 1447.0
1439750 1443.2
1439760 1439.7
1439770 1439.7
1439780 1436.2
1439790 1433.6
1439800 1433.6
1439810 1433.3
1439820 1427.0
1439830 1427.0
1439840 1418.4
1439850 1417.1
1439860 1423.8
1439870 1423.8
1439880 1429.4
1439890 1433.7
1439900 1433.7
1439910 1434.5
1439920 1435.7
1439930 1435.7
1439940 1438.0
1439950 1442.0
1439960 1442.0
1439970 1447.6
1439980 1452.9
1439990 1452.9
