1420000 824.5
1420010 825.7
1420020 825.7
1420030 828.1
1420040 831.8
1420050 831.8
1420060 835.8
1420070 838.4
1420080 838.4
1420090 840.3
1420100 842.9
1420110 842.9
1420120 845.3
1420130 847.5
1420140 847.5
1420150 848.3
1420160 848.3
1420170 848.3
1420180 848.1
1420190 848.5
1420200 848.5
1420210 848.4
1420220 847.3
1420230 847.3
1420240 844.4
1420250 841.6
1420260 841.6
1420270 840.2
1420280 839.9
1420290 840.4
1420300 840.4
1420310 842.5
1420320 845.9
1420330 845.9
1420340 851.7
1420350 861.6
1420360 861.6
1420370 868.6
1420380 872.1
1420390 872.1
1420400 876.4
1420410 880.3
1420420 880.3
1420430 883.7
1420440 885.5
1420450 885.5
1420460 886.0
1420470 887.4
1420480 887.4
1420490 891.3
1420500 896.7
1420510 896.7
1420520 900.2
1420530 902.3
1420540 902.3
1420550 904.6
1420560 905.6
1420570 905.6
1420580 901.8
1420590 890.0
1420600 870.2
1420610 870.2
1420620 860.9
1420630 860.5
1420640 860.5
1420650 867.0
1420660 877.2
1420670 877.2
1420680 887.0
1420690 893.0
1420700 893.0
1420710 897.9
1420720 903.3
1420730 903.3
1420740 908.9
1420750 913.9
1420760 913.9
1420770 918.1
1420780 920.6
1420790 920.6
1420800 921.8
1420810 922.3
1420820 922.3
1420830 921.8
1420840 920.8
1420850 920.8
1420860 920.1
1420870 920.0
1420880 921.9
1420890 921.9
1420900 922.7
1420910 922.4
1420920 922.4
1420930 924.2
1420940 925.4
1420950 925.4
1420960 927.6
1420970 929.6
1420980 929.6
1420990 931.2
1421000 932.2
1421010 932.2
1421020 933.1
1421030 934.7
1421040 934.7
1421050 935.2
1421060 933.1
1421070 933.1
1421080 928.3
1421090 927.1
1421100 927.1
1421110 926.1
1421120 921.3
1421130 921.3
1421140 917.5
1421150 915.4
1421160 913.5
1421170 913.5
1421180 911.3
1421190 907.0
1421200 907.0
1421210 902.1
1421220 899.3
1421230 899.3
1421240 900.1
1421250 902.6
1421260 902.6
1421270 903.8
1421280 901.8
1421290 901.8
1421300 900.3
1421310 902.4
1421320 902.4
1421330 905.1
1421340 907.4
1421350 907.4
1421360 908.3
1421370 908.3
1421380 908.3
1421390 916.4
1421400 920.8
1421410 920.8
1421420 924.8
1421430 927.5
1421440 926.4
1421450 926.4
1421460 922.9
1421470 926.5
1421480 926.5
1421490 932.3
1421500 934.1
1421510 934.1
1421520 934.3
1421530 933.7
1421540 933.7
1421550 933.4
1421560 934.0
1421570 934.0
1421580 935.1
1421590 936.2
1421600 936.2
1421610 936.9
1421620 937.3
1421630 937.3
1421640 937.2
1421650 935.6
1421660 935.6
1421670 927.3
1421680 917.7
1421690 917.7
1421700 917.1
1421710 923.0
1421720 927.7
1421730 927.7
1421740 929.2
1421750 927.8
1421760 927.8
1421770 925.8
1421780 924.2
1421790 924.2
1421800 923.4
1421810 922.5
1421820 922.5
1421830 921.5
1421840 920.3
1421850 920.3
1421860 918.3
1421870 913.8
1421880 913.8
1421890 910.3
1421900 908.5
1421910 908.5
1421920 901.2
1421930 901.3
1421940 901.3
1421950 908.1
1421960 907.9
1421970 907.9
1421980 905.6
1421990 902.9
1422000 902.9
1422010 900.7
1422020 898.7
1422030 897.6
1422040 897.6
1422050 896.4
1422060 895.0
1422070 895.0
1422080 893.6
1422090 892.6
1422100 892.6
1422110 892.1
1422120 892.0
1422130 892.0
1422140 891.7
1422150 891.3
1422160 891.3
1422170 890.6
1422180 889.8
1422190 889.8
1422200 888.7
1422210 887.0
1422220 887.0
1422230 880.1
1422240 872.4
1422250 872.4
1422260 864.2
1422270 859.8
1422280 859.8
1422290 858.2
1422300 858.7
1422310 861.7
1422320 861.7
1422330 861.5
1422340 859.0
1422350 859.0
1422360 859.6
1422370 858.2
1422380 858.2
1422390 852.1
1422400 846.5
1422410 846.5
1422420 844.0
1422430 842.9
1422440 842.9
1422450 846.8
1422460 851.7
1422470 851.7
1422480 850.3
1422490 848.6
1422500 848.6
1422510 847.2
1422520 847.7
1422530 847.7
1422540 850.3
1422550 850.4
1422560 850.4
1422570 851.5
1422580 851.1
1422590 850.2
1422600 850.2
1422610 847.2
1422620 842.9
1422630 842.9
1422640 839.8
1422650 837.5
1422660 837.5
1422670 835.9
1422680 834.0
1422690 834.0
1422700 831.6
1422710 828.7
1422720 828.7
1422730 827.0
1422740 825.2
1422750 825.2
1422760 826.3
1422770 827.0
1422780 827.0
1422790 828.5
1422800 833.7
1422810 833.7
1422820 837.7
1422830 835.7
1422840 835.7
1422850 832.5
1422860 829.5
1422870 823.7
1422880 823.7
1422890 821.3
1422900 819.8
1422910 819.8
1422920 814.4
1422930 809.1
1422940 809.1
1422950 804.2
1422960 797.9
1422970 797.9
1422980 794.0
1422990 793.0
1423000 793.0
1423010 789.8
1423020 788.1
1423030 788.1
1423040 787.8
1423050 787.7
1423060 787.7
1423070 787.7
1423080 787.4
1423090 787.4
1423100 786.6
1423110 785.9
1423120 785.9
1423130 785.4
1423140 785.2
1423150 785.2
1423160 785.2
1423170 785.2
1423180 785.0
1423190 785.0
1423200 784.8
1423210 784.8
1423220 784.8
1423230 784.7
1423240 784.7
1423250 784.7
1423260 784.6
1423270 784.5
1423280 784.5
1423290 784.5
1423300 784.5
1423310 784.5
1423320 784.6
1423330 784.6
1423340 784.6
1423350 784.5
1423360 784.5
1423370 784.5
1423380 784.4
1423390 785.1
1423400 785.1
1423410 785.4
1423420 785.4
1423430 785.4
1423440 785.0
1423450 784.1
1423460 784.4
1423470 784.4
1423480 784.6
1423490 784.6
1423500 784.6
1423510 784.5
1423520 784.3
1423530 784.3
1423540 783.4
1423550 783.0
1423560 783.0
1423570 782.8
1423580 782.7
1423590 782.7
1423600 782.6
1423610 782.5
1423620 782.5
1423630 782.3
1423640 782.1
1423650 782.1
1423660 782.1
1423670 782.1
1423680 782.1
1423690 782.1
1423700 782.1
1423710 782.1
1423720 782.0
1423730 782.0
1423740 781.9
1423750 781.9
1423760 781.9
1423770 781.8
1423780 781.8
1423790 781.7
1423800 781.6
1423810 781.6
1423820 781.3
1423830 781.2
1423840 781.2
1423850 781.0
1423860 780.9
1423870 780.9
1423880 780.7
1423890 780.5
1423900 780.5
1423910 780.5
1423920 780.3
1423930 780.3
1423940 780.3
1423950 780.2
1423960 780.2
1423970 780.0
1423980 780.0
1423990 780.0
1424000 779.9
1424010 779.6
1424020 779.6
1424030 779.6
1424040 779.4
1424050 779.4
1424060 779.4
1424070 779.3
1424080 779.3
1424090 779.3
1424100 778.8
1424110 777.7
1424120 777.7
1424130 776.3
1424140 775.3
1424150 775.3
1424160 774.9
1424170 774.8
1424180 774.8
1424190 775.4
1424200 776.0
1424210 776.0
1424220 776.7
1424230 777.5
1424240 777.5
1424250 778.0
1424260 779.2
1424270 779.2
1424280 780.4
1424290 781.3
1424300 782.5
1424310 782.5
1424320 782.9
1424330 783.1
1424340 783.1
1424350 783.8
1424360 785.8
1424370 785.8
1424380 787.9
1424390 790.1
1424400 790.1
1424410 792.7
1424420 795.4
1424430 795.4
1424440 798.6
1424450 802.2
1424460 802.2
1424470 805.7
1424480 808.3
1424490 808.3
1424500 810.2
1424510 811.8
1424520 811.8
1424530 813.2
1424540 813.7
1424550 813.7
1424560 814.0
1424570 814.0
1424580 814.3
1424590 814.3
1424600 814.0
1424610 813.1
1424620 813.1
1424630 810.7
1424640 807.7
1424650 807.7
1424660 802.8
1424670 795.9
1424680 795.9
1424690 789.0
1424700 781.5
1424710 781.5
1424720 777.2
1424730 776.4
1424740 776.4
1424750 775.6
1424760 774.3
1424770 774.3
1424780 773.4
1424790 773.1
1424800 773.1
1424810 773.0
1424820 773.0
1424830 773.0
1424840 773.1
1424850 773.2
1424860 773.2
1424870 773.2
1424880 773.1
1424890 773.1
1424900 773.1
1424910 773.2
1424920 773.1
1424930 773.1
1424940 772.9
1424950 772.4
1424960 772.4
1424970 771.2
1424980 770.2
1424990 770.2
1425000 769.4
1425010 769.2
1425020 769.2
1425030 769.1
1425040 769.4
1425050 769.4
1425060 770.2
1425070 771.1
1425080 771.1
1425090 772.3
1425100 773.3
1425110 773.3
1425120 772.7
1425130 772.1
1425140 772.1
1425150 771.8
1425160 771.5
1425170 771.3
1425180 771.3
1425190 771.2
1425200 771.2
1425210 771.2
1425220 770.9
1425230 770.7
1425240 770.7
1425250 770.2
1425260 770.0
1425270 770.0
1425280 769.8
1425290 769.8
1425300 769.8
1425310 769.8
1425320 769.6
1425330 769.6
1425340 769.4
1425350 769.3
1425360 769.3
1425370 768.9
1425380 768.5
1425390 768.5
1425400 768.2
1425410 768.1
1425420 768.1
1425430 768.2
1425440 768.0
1425450 767.7
1425460 767.7
1425470 767.8
1425480 768.0
1425490 768.0
1425500 768.0
1425510 767.8
1425520 767.8
1425530 767.6
1425540 767.4
1425550 767.4
1425560 767.3
1425570 767.4
1425580 767.4
1425590 767.4
1425600 767.4
1425610 767.4
1425620 767.3
1425630 767.3
1425640 767.3
1425650 767.3
1425660 767.0
1425670 767.0
1425680 766.8
1425690 766.7
1425700 766.7
1425710 766.6
1425720 766.8
1425730 766.7
1425740 766.7
1425750 766.1
1425760 765.7
1425770 765.7
1425780 765.6
1425790 765.3
1425800 765.3
1425810 765.0
1425820 765.0
1425830 765.0
1425840 765.1
1425850 765.0
1425860 765.0
1425870 764.9
1425880 764.8
1425890 764.8
1425900 764.7
1425910 764.4
1425920 764.4
1425930 764.2
1425940 764.1
1425950 764.1
1425960 764.0
1425970 764.0
1425980 764.0
1425990 763.9
1426000 763.8
1426010 763.8
1426020 763.8
1426030 763.8
1426040 763.7
1426050 763.7
1426060 763.3
1426070 763.2
1426080 763.2
1426090 763.1
1426100 763.0
1426110 763.0
1426120 762.9
1426130 762.8
1426140 762.8
1426150 762.7
1426160 762.7
1426170 762.7
1426180 762.7
1426190 762.6
1426200 762.6
1426210 762.7
1426220 762.6
1426230 762.6
1426240 762.4
1426250 762.3
1426260 762.3
1426270 762.2
1426280 762.2
1426290 762.2
1426300 762.2
1426310 763.9
1426320 765.4
1426330 765.4
1426340 762.8
1426350 761.5
1426360 761.5
1426370 761.1
1426380 761.0
1426390 761.0
1426400 760.9
1426410 760.8
1426420 760.8
1426430 760.7
1426440 760.7
1426450 760.7
1426460 760.6
1426470 760.6
1426480 760.6
1426490 760.5
1426500 760.3
1426510 760.3
1426520 760.1
1426530 760.0
1426540 760.0
1426550 759.9
1426560 759.9
1426570 759.9
1426580 759.8
1426590 759.8
1426600 759.7
1426610 759.7
1426620 759.7
1426630 759.6
1426640 759.6
1426650 759.5
1426660 759.4
1426670 759.4
1426680 759.4
1426690 759.3
1426700 759.3
1426710 759.2
1426720 759.2
1426730 759.2
1426740 759.1
1426750 759.2
1426760 759.2
1426770 759.1
1426780 759.1
1426790 759.1
1426800 759.1
1426810 759.1
1426820 759.1
1426830 759.0
1426840 759.0
1426850 759.0
1426860 758.9
1426870 758.9
1426880 758.8
1426890 758.8
1426900 758.8
1426910 758.7
1426920 758.7
1426930 758.7
1426940 758.6
1426950 758.6
1426960 758.6
1426970 758.6
1426980 758.6
1426990 758.6
1427000 758.6
1427010 758.6
1427020 758.6
1427030 758.3
1427040 758.3
1427050 759.9
1427060 763.6
1427070 763.6
1427080 764.6
1427090 765.0
1427100 765.0
1427110 765.6
1427120 766.3
1427130 766.3
1427140 766.9
1427150 767.4
1427160 767.9
1427170 767.9
1427180 768.5
1427190 771.4
1427200 771.4
1427210 778.2
1427220 786.4
1427230 786.4
1427240 794.5
1427250 801.3
1427260 801.3
1427270 808.3
1427280 814.8
1427290 814.8
1427300 821.0
1427310 827.5
1427320 827.5
1427330 833.5
1427340 840.2
1427350 840.2
1427360 847.8
1427370 856.9
1427380 856.9
1427390 862.7
1427400 865.6
1427410 865.6
1427420 868.2
1427430 874.5
1427440 880.4
1427450 880.4
1427460 885.5
1427470 890.4
1427480 890.4
1427490 894.6
1427500 898.4
1427510 898.4
1427520 901.6
1427530 904.5
1427540 904.5
1427550 906.6
1427560 910.5
1427570 910.5
1427580 916.2
1427590 925.7
1427600 925.7
1427610 935.1
1427620 942.2
1427630 942.2
1427640 946.0
1427650 949.9
1427660 949.9
1427670 954.5
1427680 958.9
1427690 958.9
1427700 962.9
1427710 966.1
1427720 969.7
1427730 969.7
1427740 973.1
1427750 975.8
1427760 975.8
1427770 986.0
1427780 988.9
1427790 988.9
1427800 991.9
1427810 995.0
1427820 995.0
1427830 998.0
1427840 1001.4
1427850 1001.4
1427860 1005.7
1427870 1010.2
1427880 1010.2
1427890 1014.9
1427900 1019.9
1427910 1019.9
1427920 1025.6
1427930 1031.5
1427940 1031.5
1427950 1035.5
1427960 1039.0
1427970 1039.0
1427980 1041.9
1427990 1044.0
1428000 1044.0
1428010 1045.8
1428020 1047.3
1428030 1048.6
1428040 1048.6
1428050 1051.4
1428060 1055.3
1428070 1055.3
1428080 1059.5
1428090 1066.0
1428100 1066.0
1428110 1073.3
1428120 1078.6
1428130 1078.6
1428140 1081.1
1428150 1082.8
1428160 1082.8
1428170 1084.4
1428180 1086.5
1428190 1086.5
1428200 1088.8
1428210 1090.8
1428220 1090.8
1428230 1092.5
1428240 1093.5
1428250 1093.5
1428260 1093.4
1428270 1094.0
1428280 1094.0
1428290 1093.2
1428300 1093.5
1428310 1094.8
1428320 1094.8
1428330 1100.9
1428340 1111.0
1428350 1111.0
1428360 1115.8
1428370 1118.9
1428380 1118.9
1428390 1123.9
1428400 1128.4
1428410 1128.4
1428420 1132.1
1428430 1135.9
1428440 1135.9
1428450 1139.0
1428460 1142.5
1428470 1142.5
1428480 1146.5
1428490 1150.9
1428500 1150.9
1428510 1155.8
1428520 1161.3
1428530 1161.3
1428540 1166.8
1428550 1172.3
1428560 1172.3
1428570 1177.5
1428580 1182.1
1428590 1186.1
1428600 1186.1
1428610 1191.2
1428620 1196.8
1428630 1196.8
1428640 1203.6
1428650 1211.8
1428660 1211.8
1428670 1221.2
1428680 1229.0
1428690 1229.0
1428700 1234.1
1428710 1236.1
1428720 1236.1
1428730 1235.2
1428740 1233.8
1428750 1233.8
1428760 1234.8
1428770 1239.5
1428780 1239.5
1428790 1244.0
1428800 1246.7
1428810 1246.7
1428820 1249.1
1428830 1249.4
1428840 1249.4
1428850 1248.1
1428860 1246.3
1428870 1243.8
1428880 1243.8
1428890 1239.5
1428900 1238.0
1428910 1238.0
1428920 1244.7
1428930 1250.5
1428940 1250.5
1428950 1256.5
1428960 1263.3
1428970 1263.3
1428980 1270.6
1428990 1274.5
1429000 1274.5
1429010 1275.0
1429020 1274.9
1429030 1274.9
1429040 1275.2
1429050 1274.6
1429060 1274.6
1429070 1273.5
1429080 1278.7
1429090 1278.7
1429100 1282.8
1429110 1286.6
1429120 1286.6
1429130 1285.2
1429140 1282.6
1429150 1291.4
1429160 1291.4
1429170 1296.6
1429180 1300.0
1429190 1300.0
1429200 1304.0
1429210 1307.6
1429220 1307.6
1429230 1311.8
1429240 1315.3
1429250 1315.3
1429260 1319.0
1429270 1322.7
1429280 1322.7
1429290 1325.1
1429300 1326.8
1429310 1326.8
1429320 1327.7
1429330 1332.8
1429340 1332.8
1429350 1340.8
1429360 1348.3
1429370 1348.3
1429380 1355.3
1429390 1362.2
1429400 1362.2
1429410 1368.6
1429420 1374.5
1429430 1374.5
1429440 1380.6
1429450 1386.6
1429460 1392.7
1429470 1392.7
1429480 1398.4
1429490 1403.5
1429500 1403.5
1429510 1409.1
1429520 1414.5
1429530 1414.5
1429540 1419.7
1429550 1424.3
1429560 1424.3
1429570 1428.6
1429580 1432.1
1429590 1432.1
1429600 1435.6
1429610 1441.1
1429620 1441.1
1429630 1444.9
1429640 1448.9
1429650 1448.9
1429660 1452.6
1429670 1456.8
1429680 1456.8
1429690 1461.5
1429700 1467.2
1429710 1467.2
1429720 1471.8
1429730 1476.1
1429740 1480.1
1429750 1480.1
1429760 1483.5
1429770 1487.1
1429780 1487.1
1429790 1491.0
1429800 1494.7
1429810 1494.7
1429820 1498.0
1429830 1501.0
1429840 1501.0
1429850 1503.9
1429860 1506.3
1429870 1506.3
1429880 1507.8
1429890 1510.0
1429900 1510.0
1429910 1512.4
1429920 1514.5
1429930 1514.5
1429940 1517.3
1429950 1521.4
1429960 1521.4
1429970 1524.5
1429980 1527.3
1429990 1527.3
1430000 1530.6
1430010 1533.7
1430020 1539.5
1430030 1539.5
1430040 1544.3
1430050 1548.8
1430060 1549.8
1430070 1553.1
1430080 1556.1
1430090 1556.1
1430100 1560.0
1430110 1565.3
1430120 1565.3
1430130 1570.2
1430140 1576.0
1430150 1576.0
1430160 1581.2
1430170 1586.7
1430180 1586.7
1430190 1591.5
1430200 1596.3
1430210 1596.3
1430220 1600.8
1430230 1606.1
1430240 1606.1
1430250 1611.0
1430260 1615.5
1430270 1615.5
1430280 1620.2
1430290 1624.2
1430300 1628.7
1430310 1628.7
1430320 1633.5
1430330 1639.6
1430340 1639.6
1430350 1646.5
1430360 1652.7
1430370 1652.7
1430380 1658.4
1430390 1663.0
1430400 1663.0
1430410 1667.3
1430420 1672.3
1430430 1672.3
1430440 1675.7
1430450 1680.2
1430460 1680.2
1430470 1685.5
1430480 1690.3
1430490 1690.3
1430500 1695.2
1430510 1701.4
1430520 1701.4
1430530 1708.2
1430540 1715.3
1430550 1715.3
1430560 1722.5
1430570 1729.3
1430580 1734.2
1430590 1734.2
1430600 1738.0
1430610 1743.6
1430620 1743.6
1430630 1750.0
1430640 1755.9
1430650 1755.9
1430660 1762.0
1430670 1768.3
1430680 1768.3
1430690 1773.6
1430700 1779.7
1430710 1779.7
1430720 1785.0
1430730 1790.1
1430740 1790.1
1430750 1796.8
1430760 1802.3
1430770 1802.3
1430780 1807.1
1430790 1811.8
1430800 1811.8
1430810 1816.6
1430820 1821.1
1430830 1821.1
1430840 1828.2
1430850 1833.2
1430860 1833.2
1430870 1836.7
1430880 1838.2
1430890 1838.7
1430900 1838.7
1430910 1840.9
1430920 1842.0
1430930 1842.0
1430940 1843.8
1430950 1847.2
1430960 1847.2
1430970 1850.6
1430980 1854.0
1430990 1854.0
1431000 1857.2
1431010 1861.1
1431020 1861.1
1431030 1864.2
1431040 1866.0
1431050 1866.0
1431060 1867.0
1431070 1868.4
1431080 1868.4
1431090 1869.2
1431100 1869.3
1431110 1869.3
1431120 1869.4
1431130 1870.2
1431140 1870.2
1431150 1872.3
1431160 1874.6
1431170 1876.2
1431180 1876.2
1431190 1877.5
1431200 1878.7
1431210 1878.7
1431220 1880.1
1431230 1881.6
1431240 1881.6
1431250 1882.1
1431260 1880.9
1431270 1880.9
1431280 1879.6
1431290 1877.7
1431300 1877.7
1431310 1876.4
1431320 1875.7
1431330 1875.7
1431340 1875.2
1431350 1874.7
1431360 1874.7
1431370 1874.5
1431380 1874.7
1431390 1874.7
1431400 1875.5
1431410 1876.8
1431420 1876.8
1431430 1877.5
1431440 1876.9
1431450 1876.3
1431460 1876.3
1431470 1875.9
1431480 1876.2
1431490 1876.2
1431500 1877.4
1431510 1878.7
1431520 1878.7
1431530 1879.8
1431540 1880.6
1431550 1880.6
1431560 1881.7
1431570 1883.0
1431580 1883.0
1431590 1884.2
1431600 1886.2
1431610 1886.2
1431620 1888.8
1431630 1891.3
1431640 1891.3
1431650 1893.9
1431660 1896.0
1431670 1896.0
1431680 1898.5
1431690 1901.1
1431700 1901.1
1431710 1903.9
1431720 1906.4
1431730 1908.7
1431740 1908.7
1431750 1912.0
1431760 1916.1
1431770 1916.1
1431780 1918.4
1431790 1922.0
1431800 1922.0
1431810 1927.2
1431820 1932.6
1431830 1932.6
1431840 1937.1
1431850 1940.9
1431860 1940.9
1431870 1944.0
1431880 1947.2
1431890 1947.2
1431900 1951.5
1431910 1956.3
1431920 1956.3
1431930 1961.1
1431940 1965.6
1431950 1965.6
1431960 1969.6
1431970 1974.1
1431980 1974.1
1431990 1978.1
1432000 1980.8
1432010 1980.4
1432020 1980.4
1432030 1976.5
1432040 1976.5
1432050 1976.5
1432060 1972.2
1432070 1952.3
1432080 1952.3
1432090 1935.1
1432100 1926.2
1432110 1926.2
1432120 1918.7
1432130 1912.0
1432140 1912.0
1432150 1905.3
1432160 1897.9
1432170 1897.9
1432180 1890.7
1432190 1883.9
1432200 1883.9
1432210 1877.0
1432220 1870.7
1432230 1870.7
1432240 1865.2
1432250 1859.6
1432260 1859.6
1432270 1854.1
1432280 1849.0
1432290 1844.1
1432300 1844.1
1432310 1839.6
1432320 1834.8
1432330 1834.8
1432340 1830.5
1432350 1826.8
1432360 1826.8
1432370 1824.3
1432380 1822.2
1432390 1822.2
1432400 1818.9
1432410 1814.6
1432420 1814.6
1432430 1811.0
1432440 1807.1
1432450 1807.1
1432460 1807.8
1432470 1806.5
1432480 1806.5
1432490 1802.3
1432500 1797.7
1432510 1797.7
1432520 1791.8
1432530 1784.5
1432540 1784.5
1432550 1777.9
1432560 1771.6
1432570 1771.6
1432580 1765.6
1432590 1760.2
1432600 1754.3
1432610 1754.3
1432620 1748.7
1432630 1741.8
1432640 1741.8
1432650 1734.9
1432660 1728.6
1432670 1728.6
1432680 1722.9
1432690 1717.0
1432700 1717.0
1432710 1710.5
1432720 1704.3
1432730 1704.3
1432740 1700.2
1432750 1694.0
1432760 1694.0
1432770 1689.6
1432780 1690.3
1432790 1690.3
1432800 1687.7
1432810 1684.8
1432820 1684.8
1432830 1681.5
1432840 1679.5
1432850 1679.5
1432860 1678.2
1432870 1676.6
1432880 1673.6
1432890 1673.6
1432900 1669.9
1432910 1665.7
1432920 1665.7
1432930 1660.7
1432940 1654.3
1432950 1654.3
1432960 1648.6
1432970 1644.5
1432980 1644.5
1432990 1641.2
1433000 1637.8
1433010 1637.8
1433020 1633.9
1433030 1630.9
1433040 1630.9
1433050 1627.6
1433060 1622.7
1433070 1622.7
1433080 1618.5
1433090 1615.1
1433100 1615.1
1433110 1612.5
1433120 1610.3
1433130 1610.3
1433140 1608.6
1433150 1606.7
1433160 1604.6
1433170 1604.6
1433180 1601.0
1433190 1595.5
1433200 1595.5
1433210 1590.4
1433220 1586.9
1433230 1586.9
1433240 1582.5
1433250 1574.6
1433260 1574.6
1433270 1565.9
1433280 1559.9
1433290 1559.9
1433300 1559.1
1433310 1558.8
1433320 1558.8
1433330 1555.1
1433340 1546.4
1433350 1546.4
1433360 1543.8
1433370 1546.0
1433380 1546.0
1433390 1544.7
1433400 1540.3
1433410 1540.3
1433420 1534.8
1433430 1526.6
1433440 1517.1
1433450 1517.1
1433460 1509.3
1433470 1508.8
1433480 1508.8
1433490 1507.3
1433500 1505.4
1433510 1505.4
1433520 1506.2
1433530 1507.4
1433540 1507.4
1433550 1508.5
1433560 1505.3
1433570 1505.3
1433580 1502.6
1433590 1500.8
1433600 1500.8
1433610 1496.1
1433620 1492.4
1433630 1492.4
1433640 1494.9
1433650 1492.3
1433660 1492.3
1433670 1488.9
1433680 1485.8
1433690 1485.8
1433700 1484.5
1433710 1484.6
1433720 1486.9
1433730 1486.9
1433740 1486.7
1433750 1483.2
1433760 1483.2
1433770 1480.3
1433780 1476.6
1433790 1476.6
1433800 1471.3
1433810 1467.3
1433820 1467.3
1433830 1462.5
1433840 1459.0
1433850 1459.0
1433860 1455.3
1433870 1452.1
1433880 1452.1
1433890 1448.2
1433900 1445.3
1433910 1445.3
1433920 1442.0
1433930 1440.9
1433940 1440.9
1433950 1440.6
1433960 1438.1
1433970 1438.1
1433980 1436.2
1433990 1435.7
1434000 1435.7
1434010 1434.4
1434020 1431.7
1434030 1430.1
1434040 1430.1
1434050 1428.6
1434060 1427.1
1434070 1427.1
1434080 1424.9
1434090 1423.6
1434100 1423.6
1434110 1422.3
1434120 1421.4
1434130 1421.4
1434140 1420.7
1434150 1419.7
1434160 1419.7
1434170 1420.1
1434180 1420.2
1434190 1420.2
1434200 1420.2
1434210 1420.2
1434220 1420.2
1434230 1420.3
1434240 1423.4
1434250 1423.4
1434260 1426.5
1434270 1427.0
1434280 1427.0
1434290 1425.6
1434300 1422.0
1434310 1417.2
1434320 1417.2
1434330 1412.4
1434340 1407.0
1434350 1407.0
1434360 1399.9
1434370 1392.1
1434380 1392.1
1434390 1383.8
1434400 1375.9
1434410 1375.9
1434420 1368.2
1434430 1360.0
1434440 1360.0
1434450 1352.4
1434460 1344.1
1434470 1344.1
1434480 1336.4
1434490 1329.2
1434500 1329.2
1434510 1322.0
1434520 1314.8
1434530 1314.8
1434540 1308.7
1434550 1302.0
1434560 1302.0
1434570 1295.1
1434580 1285.9
1434590 1278.8
1434600 1278.8
1434610 1269.0
1434620 1258.4
1434630 1258.4
1434640 1250.3
1434650 1250.8
1434660 1250.8
1434670 1248.6
1434680 1247.0
1434690 1247.0
1434700 1248.8
1434710 1251.5
1434720 1251.5
1434730 1253.8
1434740 1254.5
1434750 1254.5
1434760 1255.2
1434770 1251.2
1434780 1251.2
1434790 1248.6
1434800 1248.2
1434810 1248.2
1434820 1248.4
1434830 1248.7
1434840 1248.7
1434850 1247.7
1434860 1244.8
1434870 1242.9
1434880 1242.9
1434890 1241.5
1434900 1239.8
1434910 1239.8
1434920 1237.9
1434930 1233.8
1434940 1233.8
1434950 1228.0
1434960 1225.8
1434970 1225.8
1434980 1219.7
1434990 1212.8
1435000 1212.8
1435010 1206.2
1435020 1200.7
1435030 1200.7
1435040 1196.2
1435050 1191.3
1435060 1191.3
1435070 1186.7
1435080 1183.3
1435090 1183.3
1435100 1181.4
1435110 1179.6
1435120 1179.6
1435130 1177.5
1435140 1174.7
1435150 1171.0
1435160 1171.0
1435170 1167.4
1435180 1165.0
1435190 1165.0
1435200 1160.2
1435210 1153.8
1435220 1153.8
1435230 1147.2
1435240 1139.1
1435250 1139.1
1435260 1133.1
1435270 1130.9
1435280 1130.9
1435290 1134.9
1435300 1144.0
1435310 1144.0
1435320 1151.9
1435330 1160.0
1435340 1160.0
1435350 1166.7
1435360 1172.7
1435370 1172.7
1435380 1178.8
1435390 1183.6
1435400 1183.6
1435410 1188.4
1435420 1192.8
1435430 1197.0
1435440 1197.0
1435450 1201.4
1435460 1206.9
1435470 1206.9
1435480 1213.1
1435490 1218.1
1435500 1218.1
1435510 1223.0
1435520 1228.3
1435530 1228.3
1435540 1233.8
1435550 1239.6
1435560 1239.6
1435570 1245.5
1435580 1250.8
1435590 1250.8
1435600 1255.3
1435610 1260.2
1435620 1260.2
1435630 1266.0
1435640 1272.0
1435650 1272.0
1435660 1279.6
1435670 1283.9
1435680 1283.9
1435690 1289.9
1435700 1292.9
1435710 1292.9
1435720 1295.3
1435730 1298.3
1435740 1301.0
1435750 1301.0
1435760 1302.9
1435770 1305.0
1435780 1305.0
1435790 1307.6
1435800 1310.8
1435810 1310.8
1435820 1313.3
1435830 1316.4
1435840 1316.4
1435850 1318.9
1435860 1321.8
1435870 1321.8
1435880 1325.4
1435890 1328.6
1435900 1328.6
1435910 1331.1
1435920 1332.5
1435930 1332.5
1435940 1333.9
1435950 1335.1
1435960 1335.1
1435970 1336.3
1435980 1336.7
1435990 1336.7
1436000 1335.8
1436010 1336.2
1436020 1338.9
1436030 1338.9
1436040 1343.5
1436050 1349.4
1436060 1349.4
1436070 1354.7
1436080 1360.0
1436090 1360.0
1436100 1366.0
1436110 1372.0
1436120 1372.0
1436130 1376.8
1436140 1380.5
1436150 1380.5
1436160 1383.4
1436170 1387.5
1436180 1387.5
1436190 1393.3
1436200 1398.2
1436210 1398.2
1436220 1402.3
1436230 1405.1
1436240 1405.1
1436250 1406.8
1436260 1407.7
1436270 1407.7
1436280 1409.0
1436290 1411.0
1436300 1412.6
1436310 1412.6
1436320 1415.0
1436330 1420.2
1436340 1420.2
1436350 1426.1
1436360 1430.6
1436370 1430.6
1436380 1433.1
1436390 1434.7
1436400 1434.7
1436410 1436.5
1436420 1439.2
1436430 1439.2
1436440 1442.3
1436450 1445.4
1436460 1445.4
1436470 1448.6
1436480 1452.6
1436490 1452.6
1436500 1457.0
1436510 1460.5
1436520 1460.5
1436530 1463.9
1436540 1467.5
1436550 1467.5
1436560 1471.3
1436570 1475.1
1436580 1479.0
1436590 1479.0
1436600 1482.4
1436610 1485.8
1436620 1485.8
1436630 1489.1
1436640 1491.1
1436650 1491.1
1436660 1492.1
1436670 1492.6
1436680 1492.6
1436690 1492.9
1436700 1494.3
1436710 1494.3
1436720 1496.4
1436730 1498.8
1436740 1498.8
1436750 1502.3
1436760 1507.0
1436770 1507.0
1436780 1511.5
1436790 1515.4
1436800 1515.4
1436810 1521.1
1436820 1526.1
1436830 1526.1
1436840 1531.6
1436850 1537.7
1436860 1543.7
1436870 1543.7
1436880 1548.1
1436890 1551.2
1436900 1551.2
1436910 1553.6
1436920 1556.5
1436930 1556.5
1436940 1560.9
1436950 1566.1
1436960 1566.1
1436970 1570.3
1436980 1574.3
1436990 1574.3
1437000 1580.2
1437010 1586.7
1437020 1586.7
1437030 1592.0
1437040 1595.8
1437050 1595.8
1437060 1599.3
1437070 1602.4
1437080 1602.4
1437090 1606.6
1437100 1611.6
1437110 1611.6
1437120 1616.3
1437130 1621.6
1437140 1621.6
1437150 1626.5
1437160 1631.0
1437170 1635.8
1437180 1635.8
1437190 1639.5
1437200 1642.5
1437210 1642.5
1437220 1646.7
1437230 1654.8
1437240 1654.8
1437250 1666.3
1437260 1676.9
1437270 1676.9
1437280 1683.0
1437290 1685.2
1437300 1685.2
1437310 1684.0
1437320 1682.8
1437330 1682.8
1437340 1678.8
1437350 1671.2
1437360 1671.2
1437370 1663.7
1437380 1657.4
1437390 1657.4
1437400 1651.7
1437410 1646.0
1437420 1646.0
1437430 1639.5
1437440 1632.7
1437450 1626.2
1437460 1626.2
1437470 1621.1
1437480 1615.8
1437490 1615.8
1437500 1610.8
1437510 1605.5
1437520 1605.5
1437530 1600.0
1437540 1596.4
1437550 1596.4
1437560 1595.2
1437570 1595.7
1437580 1595.7
1437590 1596.0
1437600 1594.3
1437610 1597.2
1437620 1595.8
1437630 1594.9
1437640 1594.9
1437650 1593.6
1437660 1591.3
1437670 1591.3
1437680 1589.5
1437690 1587.9
1437700 1587.9
1437710 1586.8
1437720 1585.5
1437730 1584.3
1437740 1584.3
1437750 1583.8
1437760 1583.5
1437770 1583.5
1437780 1582.8
1437790 1581.5
1437800 1581.5
1437810 1580.5
1437820 1579.7
1437830 1579.7
1437840 1579.8
1437850 1580.6
1437860 1580.6
1437870 1580.1
1437880 1579.4
1437890 1579.4
1437900 1578.7
1437910 1577.6
1437920 1577.6
1437930 1576.6
1437940 1575.6
1437950 1575.6
1437960 1575.0
1437970 1574.7
1437980 1574.7
1437990 1574.3
1438000 1573.8
1438010 1572.6
1438020 1572.6
1438030 1571.4
1438040 1568.8
1438050 1568.8
1438060 1565.6
1438070 1563.3
1438080 1563.3
1438090 1560.7
1438100 1557.1
1438110 1557.1
1438120 1552.8
1438130 1550.4
1438140 1550.4
1438150 1549.8
1438160 1550.1
1438170 1550.1
1438180 1550.8
1438190 1550.4
1438200 1550.4
1438210 1549.9
1438220 1548.4
1438230 1548.4
1438240 1546.6
1438250 1544.9
1438260 1544.9
1438270 1543.6
1438280 1543.7
1438290 1545.8
1438300 1545.8
1438310 1547.7
1438320 1548.8
1438330 1548.8
1438340 1549.9
1438350 1551.6
1438360 1551.6
1438370 1553.7
1438380 1555.0
1438390 1555.0
1438400 1552.6
1438410 1555.7
1438420 1555.7
1438430 1560.4
1438440 1562.9
1438450 1562.9
1438460 1566.8
1438470 1571.6
1438480 1571.6
1438490 1574.8
1438500 1576.8
1438510 1576.8
1438520 1578.9
1438530 1580.7
1438540 1580.7
1438550 1582.6
1438560 1584.2
1438570 1589.0
1438580 1589.0
1438590 1594.3
1438600 1599.3
1438610 1599.3
1438620 1603.8
1438630 1605.7
1438640 1605.7
1438650 1606.1
1438660 1605.6
1438670 1605.6
1438680 1605.9
1438690 1606.3
1438700 1606.3
1438710 1604.9
1438720 1600.4
1438730 1600.4
1438740 1604.2
1438750 1608.3
1438760 1608.3
1438770 1610.1
1438780 1614.5
1438790 1614.5
1438800 1620.1
1438810 1623.0
1438820 1623.0
1438830 1625.4
1438840 1629.2
1438850 1629.2
1438860 1632.2
1438870 1634.2
1438880 1636.8
1438890 1636.8
1438900 1640.6
1438910 1644.8
1438920 1644.8
1438930 1646.7
1438940 1646.5
1438950 1646.5
1438960 1647.1
1438970 1648.9
1438980 1648.9
1438990 1652.3
1439000 1656.8
1439010 1656.8
1439020 1661.4
1439030 1666.0
1439040 1666.0
1439050 1667.0
1439060 1665.9
1439070 1665.9
1439080 1664.2
1439090 1661.2
1439100 1661.2
1439110 1657.8
1439120 1653.6
1439130 1653.6
1439140 1648.6
1439150 1645.9
1439160 1644.0
1439170 1644.0
1439180 1641.4
1439190 1636.3
1439200 1636.3
1439210 1630.4
1439220 1625.2
1439230 1625.2
1439240 1620.2
1439250 1615.4
1439260 1615.4
1439270 1611.0
1439280 1606.8
1439290 1606.8
1439300 1602.8
1439310 1599.0
1439320 1599.0
1439330 1595.2
1439340 1590.3
1439350 1590.3
1439360 1585.5
1439370 1582.1
1439380 1582.1
1439390 1578.8
1439400 1575.6
1439410 1575.6
1439420 1570.6
1439430 1564.4
1439440 1557.3
1439450 1557.3
1439460 1549.1
1439470 1541.0
1439480 1541.0
1439490 1536.2
1439500 1531.7
1439510 1531.7
1439520 1525.2
1439530 1519.9
1439540 1519.9
1439550 1515.7
1439560 1512.6
1439570 1512.6
1439580 1512.9
1439590 1513.7
1439600 1513.7
1439610 1512.7
1439620 1512.3
1439630 1512.3
1439640 1513.7
1439650 1515.1
1439660 1515.1
1439670 1515.6
1439680 1513.4
1439690 1513.4
1439700 1510.8
1439710 1508.5
1439720 1506.0
1439730 1506.0
1439740 1503.4
1439750 1500.9
1439760 1500.9
1439770 1498.8
1439780 1496.5
1439790 1496.5
1439800 1494.5
1439810 1492.9
1439820 1492.9
1439830 1490.0
1439840 1486.4
1439850 1486.4
1439860 1478.9
1439870 1467.9
1439880 1467.9
1439890 1459.1
1439900 1450.4
1439910 1450.4
1439920 1441.4
1439930 1432.1
1439940 1432.1
1439950 1423.1
1439960 1414.9
1439970 1414.9
1439980 1407.4
1439990 1399.2
