1420000 1054.9
1420010 1054.1
1420020 1054.9
1420030 1054.9
1420040 1055.5
1420050 1055.8
1420060 1055.8
1420070 1056.0
1420080 1055.5
1420090 1055.5
1420100 1054.3
1420110 1051.9
1420120 1051.9
1420130 1049.4
1420140 1047.5
1420150 1047.5
1420160 1045.8
1420170 1044.3
1420180 1042.5
1420190 1042.5
1420200 1040.5
1420210 1039.0
1420220 1039.0
1420230 1037.8
1420240 1036.4
1420250 1036.4
1420260 1034.6
1420270 1032.3
1420280 1032.3
1420290 1029.6
1420300 1026.5
1420310 1026.5
1420320 1023.1
1420330 1019.3
1420340 1019.3
1420350 1015.7
1420360 1009.1
1420370 1009.1
1420380 999.3
1420390 990.2
1420400 990.2
1420410 981.1
1420420 975.9
1420430 975.9
1420440 980.9
1420450 984.3
1420460 984.3
1420470 985.1
1420480 984.5
1420490 984.7
1420500 984.7
1420510 985.4
1420520 985.3
1420530 985.3
1420540 983.6
1420550 985.3
1420560 985.3
1420570 987.6
1420580 988.5
1420590 988.5
1420600 989.6
1420610 991.2
1420620 991.2
1420630 993.1
1420640 995.0
1420650 995.0
1420660 996.8
1420670 999.0
1420680 999.0
1420690 1000.1
1420700 1001.0
1420710 1001.0
1420720 1002.1
1420730 1003.2
1420740 1003.2
1420750 1004.4
1420760 1005.6
1420770 1006.9
1420780 1006.9
1420790 1007.8
1420800 1008.1
1420810 1008.1
1420820 1008.3
1420830 1008.4
1420840 1008.4
1420850 1008.0
1420860 1007.4
1420870 1007.4
1420880 1007.8
1420890 1008.3
1420900 1008.3
1420910 1008.1
1420920 1007.1
1420930 1007.1
1420940 1006.7
1420950 1006.7
1420960 1006.7
1420970 1006.6
1420980 1006.2
1420990 1006.2
1421000 1005.0
1421010 1004.0
1421020 1004.0
1421030 1003.1
1421040 1002.6
1421050 1001.6
1421060 1001.6
1421070 1000.3
1421080 1000.3
1421090 1000.3
1421100 1000.1
1421110 999.5
1421120 999.5
1421130 998.1
1421140 996.5
1421150 996.5
1421160 994.9
1421170 992.8
1421180 992.8
1421190 990.4
1421200 988.7
1421210 988.7
1421220 987.2
1421230 986.0
1421240 986.0
1421250 984.6
1421260 983.9
1421270 983.9
1421280 984.0
1421290 983.5
1421300 983.5
1421310 982.8
1421320 981.5
1421330 979.8
1421340 979.8
1421350 977.6
1421360 976.5
1421370 976.5
1421380 976.6
1421390 976.4
1421400 976.4
1421410 975.8
1421420 975.4
1421430 975.4
1421440 973.7
1421450 971.9
1421460 971.9
1421470 970.0
1421480 967.8
1421490 967.8
1421500 965.8
1421510 965.4
1421520 965.4
1421530 963.6
1421540 961.9
1421550 961.9
1421560 959.0
1421570 955.1
1421580 955.1
1421590 952.6
1421600 950.1
1421610 950.1
1421620 947.4
1421630 943.6
1421640 938.5
1421650 938.5
1421660 932.9
1421670 929.4
1421680 929.4
1421690 927.0
1421700 925.4
1421710 925.4
1421720 924.6
1421730 924.0
1421740 924.0
1421750 923.1
1421760 922.2
1421770 922.2
1421780 921.5
1421790 920.8
1421800 920.8
1421810 916.1
1421820 915.0
1421830 915.0
1421840 914.0
1421850 913.1
1421860 913.1
1421870 912.1
1421880 910.9
1421890 910.9
1421900 909.7
1421910 909.2
1421920 909.4
1421930 909.4
1421940 909.0
1421950 909.3
1421960 909.3
1421970 909.4
1421980 909.3
1421990 909.3
1422000 908.0
1422010 905.7
1422020 905.7
1422030 904.2
1422040 903.5
1422050 903.5
1422060 903.4
1422070 903.1
1422080 903.1
1422090 901.1
1422100 898.3
1422110 898.3
1422120 893.5
1422130 886.0
1422140 886.0
1422150 880.5
1422160 880.0
1422170 880.0
1422180 886.0
1422190 892.4
1422200 897.3
1422210 897.3
1422220 902.3
1422230 906.2
1422240 906.2
1422250 908.3
1422260 910.6
1422270 910.6
1422280 912.5
1422290 914.4
1422300 914.4
1422310 916.3
1422320 918.1
1422330 918.1
1422340 919.6
1422350 921.2
1422360 921.2
1422370 922.4
1422380 922.7
1422390 922.7
1422400 922.9
1422410 922.8
1422420 922.8
1422430 921.4
1422440 920.3
1422450 920.3
1422460 921.6
1422470 922.9
1422480 924.0
1422490 924.0
1422500 924.8
1422510 925.7
1422520 925.7
1422530 926.2
1422540 926.2
1422550 926.2
1422560 927.1
1422570 929.3
1422580 929.3
1422590 931.2
1422600 932.7
1422610 932.7
1422620 933.2
1422630 934.5
1422640 934.5
1422650 935.6
1422660 938.5
1422670 938.5
1422680 943.8
1422690 947.6
1422700 947.6
1422710 949.9
1422720 951.4
1422730 951.4
1422740 953.7
1422750 956.1
1422760 956.1
1422770 958.3
1422780 961.0
1422790 964.1
1422800 964.1
1422810 967.5
1422820 970.2
1422830 970.2
1422840 971.4
1422850 972.1
1422860 972.1
1422870 972.3
1422880 973.4
1422890 973.4
1422900 974.3
1422910 974.6
1422920 974.6
1422930 976.4
1422940 978.4
1422950 978.4
1422960 980.6
1422970 982.6
1422980 982.6
1422990 984.9
1423000 988.6
1423010 988.6
1423020 992.2
1423030 994.7
1423040 994.7
1423050 996.8
1423060 999.2
1423070 1002.4
1423080 1002.4
1423090 1004.1
1423100 1005.5
1423110 1005.5
1423120 1006.5
1423130 1006.1
1423140 1006.1
1423150 1005.4
1423160 1003.9
1423170 1003.9
1423180 1002.8
1423190 1001.4
1423200 1001.4
1423210 1000.8
1423220 1001.5
1423230 1001.5
1423240 1002.3
1423250 1003.2
1423260 1003.2
1423270 1004.2
1423280 1005.5
1423290 1005.5
1423300 1006.7
1423310 1008.3
1423320 1008.3
1423330 1009.8
1423340 1011.4
1423350 1012.7
1423360 1012.7
1423370 1015.0
1423380 1017.5
1423390 1017.5
1423400 1019.7
1423410 1020.9
1423420 1020.9
1423430 1021.5
1423440 1022.0
1423450 1022.0
1423460 1023.5
1423470 1024.6
1423480 1024.6
1423490 1027.2
1423500 1030.3
1423510 1030.3
1423520 1032.5
1423530 1034.2
1423540 1034.2
1423550 1035.6
1423560 1036.6
1423570 1036.6
1423580 1036.9
1423590 1036.8
1423600 1036.8
1423610 1037.0
1423620 1037.4
1423630 1037.7
1423640 1037.7
1423650 1037.6
1423660 1037.3
1423670 1037.3
1423680 1037.7
1423690 1038.3
1423700 1038.3
1423710 1038.9
1423720 1039.8
1423730 1039.8
1423740 1040.8
1423750 1040.6
1423760 1040.6
1423770 1039.3
1423780 1036.7
1423790 1036.7
1423800 1031.9
1423810 1027.7
1423820 1027.7
1423830 1024.2
1423840 1020.0
1423850 1020.0
1423860 1014.4
1423870 1008.2
1423880 1012.6
1423890 1005.5
1423900 999.0
1423910 999.0
1423920 993.1
1423930 987.5
1423940 981.3
1423950 981.3
1423960 976.1
1423970 970.9
1423980 970.9
1423990 965.8
1424000 961.2
1424010 961.2
1424020 957.6
1424030 953.8
1424040 953.8
1424050 948.7
1424060 942.2
1424070 942.2
1424080 934.8
1424090 927.7
1424100 927.7
1424110 921.5
1424120 916.2
1424130 916.2
1424140 912.4
1424150 909.3
1424160 909.3
1424170 905.7
1424180 900.6
1424190 900.6
1424200 895.3
1424210 889.8
1424220 883.6
1424230 883.6
1424240 877.6
1424250 872.0
1424260 872.0
1424270 865.9
1424280 860.8
1424290 860.8
1424300 858.8
1424310 852.7
1424320 852.7
1424330 843.0
1424340 833.7
1424350 833.7
1424360 824.6
1424370 815.4
1424380 815.4
1424390 809.7
1424400 804.8
1424410 804.8
1424420 798.1
1424430 792.2
1424440 792.2
1424450 787.9
1424460 783.4
1424470 783.4
1424480 778.0
1424490 772.6
1424500 768.1
1424510 768.1
1424520 765.5
1424530 764.7
1424540 764.7
1424550 764.3
1424560 764.3
1424570 764.3
1424580 764.4
1424590 764.4
1424600 764.4
1424610 764.3
1424620 764.3
1424630 764.3
1424640 764.3
1424650 764.3
1424660 764.3
1424670 764.2
1424680 764.1
1424690 764.1
1424700 764.1
1424710 764.1
1424720 764.1
1424730 764.3
1424740 764.3
1424750 764.3
1424760 764.3
1424770 764.3
1424780 764.2
1424790 764.2
1424800 764.2
1424810 764.3
1424820 764.3
1424830 764.3
1424840 764.4
1424850 764.4
1424860 764.5
1424870 764.4
1424880 764.4
1424890 764.5
1424900 764.6
1424910 764.6
1424920 764.6
1424930 764.4
1424940 764.4
1424950 764.4
1424960 764.3
1424970 764.3
1424980 764.3
1424990 764.3
1425000 764.3
1425010 764.2
1425020 764.2
1425030 764.2
1425040 764.1
1425050 764.1
1425060 764.1
1425070 764.2
1425080 764.5
1425090 764.4
1425100 764.4
1425110 764.1
1425120 764.0
1425130 764.0
1425140 763.9
1425150 764.1
1425160 764.1
1425170 764.3
1425180 764.5
1425190 764.5
1425200 764.2
1425210 764.2
1425220 764.2
1425230 764.2
1425240 764.1
1425250 764.1
1425260 764.0
1425270 763.8
1425280 763.8
1425290 763.8
1425300 764.0
1425310 764.0
1425320 764.1
1425330 764.4
1425340 764.4
1425350 764.3
1425360 764.1
1425370 763.9
1425380 763.9
1425390 763.7
1425400 763.5
1425410 763.5
1425420 763.5
1425430 763.6
1425440 763.6
1425450 763.7
1425460 763.8
1425470 763.8
1425480 763.8
1425490 763.6
1425500 763.6
1425510 763.4
1425520 763.1
1425530 763.1
1425540 762.4
1425550 762.3
1425560 762.3
1425570 762.5
1425580 762.5
1425590 762.5
1425600 762.5
1425610 762.5
1425620 762.5
1425630 762.5
1425640 762.6
1425650 762.4
1425660 762.4
1425670 762.2
1425680 762.1
1425690 762.1
1425700 762.1
1425710 762.0
1425720 762.0
1425730 761.8
1425740 761.7
1425750 761.7
1425760 761.6
1425770 761.4
1425780 761.4
1425790 761.4
1425800 761.3
1425810 761.3
1425820 761.2
1425830 761.1
1425840 761.1
1425850 761.0
1425860 761.0
1425870 761.0
1425880 760.8
1425890 760.7
1425900 760.7
1425910 760.7
1425920 760.7
1425930 760.6
1425940 760.6
1425950 760.7
1425960 760.8
1425970 760.8
1425980 760.9
1425990 760.9
1426000 760.9
1426010 760.7
1426020 760.6
1426030 760.6
1426040 760.6
1426050 760.6
1426060 760.6
1426070 760.5
1426080 760.3
1426090 760.3
1426100 760.2
1426110 760.2
1426120 760.2
1426130 760.1
1426140 760.2
1426150 760.2
1426160 760.2
1426170 760.2
1426180 760.2
1426190 760.0
1426200 759.9
1426210 759.9
1426220 759.9
1426230 759.9
1426240 760.2
1426250 760.2
1426260 760.4
1426270 760.6
1426280 760.6
1426290 763.3
1426300 766.3
1426310 766.3
1426320 764.1
1426330 760.7
1426340 760.7
1426350 760.6
1426360 760.5
1426370 760.5
1426380 760.3
1426390 760.0
1426400 760.0
1426410 759.7
1426420 759.6
1426430 759.6
1426440 759.5
1426450 759.6
1426460 759.6
1426470 759.7
1426480 759.8
1426490 759.8
1426500 759.9
1426510 759.9
1426520 760.2
1426530 760.2
1426540 760.4
1426550 760.5
1426560 760.5
1426570 760.6
1426580 760.8
1426590 760.8
1426600 760.8
1426610 760.8
1426620 760.8
1426630 760.8
1426640 760.8
1426650 760.8
1426660 760.9
1426670 760.9
1426680 760.9
1426690 760.7
1426700 760.5
1426710 760.5
1426720 760.3
1426730 760.0
1426740 760.0
1426750 759.6
1426760 759.3
1426770 759.3
1426780 759.2
1426790 759.0
1426800 758.6
1426810 758.6
1426820 758.2
1426830 757.9
1426840 757.9
1426850 757.7
1426860 757.5
1426870 757.5
1426880 757.4
1426890 757.4
1426900 757.4
1426910 757.5
1426920 757.7
1426930 757.7
1426940 758.0
1426950 758.3
1426960 758.3
1426970 757.8
1426980 755.7
1426990 755.7
1427000 754.6
1427010 755.0
1427020 755.0
1427030 757.2
1427040 757.8
1427050 757.8
1427060 757.4
1427070 757.0
1427080 756.6
1427090 756.6
1427100 756.3
1427110 756.0
1427120 756.0
1427130 755.9
1427140 755.8
1427150 755.8
1427160 755.7
1427170 755.6
1427180 755.6
1427190 755.5
1427200 755.4
1427210 755.4
1427220 755.3
1427230 755.3
1427240 755.3
1427250 755.2
1427260 755.0
1427270 755.0
1427280 754.9
1427290 755.0
1427300 755.0
1427310 755.1
1427320 755.2
1427330 755.2
1427340 755.1
1427350 755.1
1427360 755.1
1427370 755.0
1427380 755.0
1427390 755.0
1427400 755.0
1427410 754.9
1427420 754.8
1427430 754.8
1427440 754.7
1427450 754.8
1427460 754.8
1427470 754.8
1427480 754.7
1427490 754.7
1427500 754.9
1427510 755.2
1427520 755.2
1427530 755.4
1427540 755.5
1427550 755.5
1427560 755.6
1427570 755.8
1427580 755.8
1427590 756.2
1427600 757.2
1427610 757.2
1427620 757.6
1427630 757.7
1427640 757.7
1427650 759.0
1427660 763.0
1427670 769.0
1427680 769.0
1427690 775.3
1427700 781.7
1427710 781.7
1427720 788.1
1427730 794.5
1427740 794.5
1427750 800.7
1427760 807.3
1427770 807.3
1427780 813.9
1427790 820.4
1427800 820.4
1427810 826.8
1427820 832.9
1427830 832.9
1427840 838.8
1427850 844.2
1427860 844.2
1427870 850.8
1427880 858.2
1427890 858.2
1427900 872.7
1427910 881.1
1427920 881.1
1427930 888.7
1427940 896.1
1427950 904.9
1427960 904.9
1427970 910.9
1427980 916.4
1427990 916.4
1428000 925.6
1428010 934.4
1428020 934.4
1428030 946.9
1428040 957.1
1428050 957.1
1428060 964.4
1428070 971.6
1428080 971.6
1428090 979.7
1428100 987.8
1428110 987.8
1428120 995.5
1428130 1003.4
1428140 1003.4
1428150 1009.0
1428160 1012.9
1428170 1012.9
1428180 1017.4
1428190 1022.1
1428200 1022.1
1428210 1028.1
1428220 1033.2
1428230 1038.0
1428240 1038.0
1428250 1047.2
1428260 1052.9
1428270 1052.9
1428280 1059.5
1428290 1066.1
1428300 1066.1
1428310 1073.1
1428320 1079.9
1428330 1079.9
1428340 1086.4
1428350 1090.7
1428360 1090.7
1428370 1095.4
1428380 1101.4
1428390 1101.4
1428400 1107.4
1428410 1113.1
1428420 1113.1
1428430 1117.5
1428440 1119.8
1428450 1119.8
1428460 1122.1
1428470 1124.7
1428480 1124.7
1428490 1128.3
1428500 1132.8
1428510 1132.8
1428520 1137.3
1428530 1141.2
1428540 1145.3
1428550 1145.3
1428560 1148.9
1428570 1152.8
1428580 1152.8
1428590 1156.4
1428600 1159.9
1428610 1159.9
1428620 1163.5
1428630 1166.5
1428640 1166.5
1428650 1169.8
1428660 1173.1
1428670 1173.1
1428680 1176.4
1428690 1179.6
1428700 1179.6
1428710 1183.3
1428720 1187.3
1428730 1187.3
1428740 1190.3
1428750 1192.0
1428760 1192.0
1428770 1193.6
1428780 1196.2
1428790 1196.2
1428800 1199.3
1428810 1204.4
1428820 1209.5
1428830 1209.5
1428840 1214.1
1428850 1218.6
1428860 1218.6
1428870 1222.4
1428880 1225.8
1428890 1225.8
1428900 1230.2
1428910 1235.4
1428920 1235.4
1428930 1240.3
1428940 1245.6
1428950 1245.6
1428960 1250.6
1428970 1255.7
1428980 1255.7
1428990 1260.4
1429000 1264.7
1429010 1264.7
1429020 1269.4
1429030 1273.8
1429040 1273.8
1429050 1277.8
1429060 1282.8
1429070 1282.8
1429080 1290.2
1429090 1297.2
1429100 1303.6
1429110 1303.6
1429120 1310.4
1429130 1317.3
1429140 1317.3
1429150 1323.1
1429160 1329.6
1429170 1329.6
1429180 1335.0
1429190 1336.9
1429200 1336.9
1429210 1338.6
1429220 1342.1
1429230 1342.1
1429240 1347.3
1429250 1352.4
1429260 1352.4
1429270 1358.1
1429280 1365.1
1429290 1365.1
1429300 1372.2
1429310 1379.8
1429320 1379.8
1429330 1389.1
1429340 1397.7
1429350 1397.7
1429360 1406.1
1429370 1412.1
1429380 1417.2
1429390 1417.2
1429400 1423.6
1429410 1430.1
1429420 1430.1
1429430 1435.7
1429440 1439.9
1429450 1439.9
1429460 1445.5
1429470 1451.4
1429480 1451.4
1429490 1457.1
1429500 1463.0
1429510 1463.0
1429520 1469.6
1429530 1477.4
1429540 1477.4
1429550 1484.2
1429560 1490.2
1429570 1490.2
1429580 1495.8
1429590 1501.0
1429600 1501.0
1429610 1506.3
1429620 1510.6
1429630 1510.6
1429640 1513.6
1429650 1517.0
1429660 1517.0
1429670 1520.4
1429680 1521.0
1429690 1519.4
1429700 1519.4
1429710 1518.3
1429720 1517.6
1429730 1517.6
1429740 1515.3
1429750 1513.1
1429760 1513.1
1429770 1510.9
1429780 1509.1
1429790 1509.1
1429800 1509.8
1429810 1508.8
1429820 1508.8
1429830 1506.0
1429840 1502.3
1429850 1502.3
1429860 1497.9
1429870 1492.6
1429880 1492.6
1429890 1494.4
1429900 1498.6
1429910 1498.6
1429920 1502.0
1429930 1504.4
1429940 1504.4
1429950 1505.2
1429960 1505.5
1429970 1505.9
1429980 1505.9
1429990 1508.3
1430000 1512.0
1430010 1512.0
1430020 1516.3
1430030 1520.8
1430040 1520.8
1430050 1523.4
1430060 1523.9
1430070 1523.9
1430080 1523.5
1430090 1522.4
1430100 1522.4
1430110 1519.2
1430120 1514.7
1430130 1514.7
1430140 1509.4
1430150 1504.2
1430160 1504.2
1430170 1499.1
1430180 1494.4
1430190 1494.4
1430200 1489.3
1430210 1484.2
1430220 1484.2
1430230 1479.1
1430240 1473.9
1430250 1467.9
1430260 1467.9
1430270 1462.1
1430280 1455.9
1430290 1455.9
1430300 1458.7
1430310 1463.6
1430320 1463.6
1430330 1465.6
1430340 1466.0
1430350 1466.0
1430360 1467.8
1430370 1471.4
1430380 1471.4
1430390 1473.9
1430400 1473.7
1430410 1473.7
1430420 1471.6
1430430 1471.6
1430440 1471.6
1430450 1469.0
1430460 1466.8
1430470 1466.8
1430480 1467.3
1430490 1470.0
1430500 1470.0
1430510 1471.8
1430520 1472.8
1430530 1472.8
1430540 1472.8
1430550 1472.1
1430560 1479.1
1430570 1479.1
1430580 1481.1
1430590 1482.4
1430600 1482.4
1430610 1482.8
1430620 1483.4
1430630 1483.4
1430640 1485.0
1430650 1486.8
1430660 1486.8
1430670 1492.2
1430680 1498.8
1430690 1498.8
1430700 1504.2
1430710 1507.4
1430720 1507.4
1430730 1508.4
1430740 1509.3
1430750 1509.3
1430760 1511.3
1430770 1514.0
1430780 1514.0
1430790 1516.9
1430800 1520.6
1430810 1520.6
1430820 1523.5
1430830 1526.2
1430840 1528.1
1430850 1528.1
1430860 1529.8
1430870 1530.9
1430880 1530.9
1430890 1531.7
1430900 1533.3
1430910 1533.3
1430920 1533.6
1430930 1534.4
1430940 1534.4
1430950 1536.3
1430960 1537.8
1430970 1537.8
1430980 1543.0
1430990 1545.5
1431000 1545.5
1431010 1549.7
1431020 1555.0
1431030 1555.0
1431040 1561.6
1431050 1567.7
1431060 1567.7
1431070 1570.0
1431080 1570.7
1431090 1570.7
1431100 1575.8
1431110 1583.4
1431120 1589.7
1431130 1589.7
1431140 1595.3
1431150 1601.5
1431160 1601.5
1431170 1606.7
1431180 1610.1
1431190 1610.1
1431200 1613.2
1431210 1616.2
1431220 1616.2
1431230 1620.6
1431240 1625.3
1431250 1625.3
1431260 1633.8
1431270 1642.4
1431280 1642.4
1431290 1650.0
1431300 1657.5
1431310 1657.5
1431320 1665.5
1431330 1672.4
1431340 1672.4
1431350 1676.3
1431360 1678.2
1431370 1678.2
1431380 1680.2
1431390 1682.2
1431400 1685.5
1431410 1685.5
1431420 1689.7
1431430 1694.6
1431440 1694.6
1431450 1699.9
1431460 1705.8
1431470 1705.8
1431480 1712.3
1431490 1718.7
1431500 1718.7
1431510 1725.2
1431520 1731.5
1431530 1731.5
1431540 1736.5
1431550 1739.6
1431560 1739.6
1431570 1739.9
1431580 1741.2
1431590 1741.2
1431600 1742.3
1431610 1745.2
1431620 1745.2
1431630 1748.5
1431640 1751.8
1431650 1751.8
1431660 1754.5
1431670 1756.8
1431680 1758.8
1431690 1758.8
1431700 1760.8
1431710 1762.7
1431720 1762.7
1431730 1764.4
1431740 1766.1
1431750 1766.1
1431760 1767.5
1431770 1769.3
1431780 1769.3
1431790 1772.4
1431800 1776.8
1431810 1776.8
1431820 1781.7
1431830 1786.9
1431840 1786.9
1431850 1792.3
1431860 1797.7
1431870 1797.7
1431880 1802.8
1431890 1809.6
1431900 1809.6
1431910 1817.6
1431920 1826.6
1431930 1826.6
1431940 1836.4
1431950 1838.8
1431960 1838.8
1431970 1842.2
1431980 1846.4
1431990 1851.5
1432000 1851.5
1432010 1860.6
1432020 1865.3
1432030 1865.3
1432040 1872.6
1432050 1881.4
1432060 1881.4
1432070 1891.9
1432080 1899.1
1432090 1899.1
1432100 1907.2
1432110 1919.7
1432120 1919.7
1432130 1926.9
1432140 1933.7
1432150 1933.7
1432160 1940.6
1432170 1954.3
1432180 1954.3
1432190 1956.4
1432200 1954.1
1432210 1954.1
1432220 1951.8
1432230 1949.5
1432240 1949.5
1432250 1946.6
1432260 1943.7
1432270 1937.4
1432280 1937.4
1432290 1919.8
1432300 1907.0
1432310 1907.0
1432320 1885.7
1432330 1878.7
1432340 1878.7
1432350 1871.1
1432360 1862.6
1432370 1862.6
1432380 1854.3
1432390 1847.3
1432400 1847.3
1432410 1840.7
1432420 1834.3
1432430 1834.3
1432440 1828.9
1432450 1825.3
1432460 1825.3
1432470 1819.2
1432480 1813.2
1432490 1813.2
1432500 1811.2
1432510 1808.9
1432520 1808.9
1432530 1807.1
1432540 1805.9
1432550 1801.9
1432560 1801.9
1432570 1797.6
1432580 1791.9
1432590 1791.9
1432600 1786.9
1432610 1781.6
1432620 1781.6
1432630 1775.1
1432640 1768.1
1432650 1768.1
1432660 1761.5
1432670 1756.9
1432680 1756.9
1432690 1752.4
1432700 1746.8
1432710 1746.8
1432720 1743.7
1432730 1741.4
1432740 1741.4
1432750 1739.1
1432760 1736.1
1432770 1736.1
1432780 1732.2
1432790 1728.6
1432800 1728.6
1432810 1726.5
1432820 1725.2
1432830 1723.1
1432840 1723.1
1432850 1719.1
1432860 1715.2
1432870 1715.2
1432880 1712.5
1432890 1709.9
1432900 1709.9
1432910 1707.8
1432920 1705.6
1432930 1705.6
1432940 1703.1
1432950 1700.2
1432960 1700.2
1432970 1697.0
1432980 1690.0
1432990 1690.0
1433000 1685.8
1433010 1681.8
1433020 1681.8
1433030 1678.7
1433040 1675.5
1433050 1675.5
1433060 1672.8
1433070 1667.6
1433080 1667.6
1433090 1661.9
1433100 1654.8
1433110 1654.8
1433120 1643.3
1433130 1636.6
1433140 1631.7
1433150 1631.7
1433160 1628.9
1433170 1628.8
1433180 1628.8
1433190 1628.8
1433200 1627.7
1433210 1627.7
1433220 1626.7
1433230 1627.3
1433240 1627.3
1433250 1624.9
1433260 1618.2
1433270 1618.2
1433280 1612.4
1433290 1606.9
1433300 1606.9
1433310 1600.4
1433320 1592.6
1433330 1592.6
1433340 1585.5
1433350 1581.1
1433360 1581.1
1433370 1573.2
1433380 1567.1
1433390 1567.1
1433400 1560.9
1433410 1556.5
1433420 1553.0
1433430 1553.0
1433440 1550.1
1433450 1548.2
1433460 1548.2
1433470 1546.0
1433480 1543.8
1433490 1543.8
1433500 1542.4
1433510 1540.3
1433520 1540.3
1433530 1536.4
1433540 1532.3
1433550 1532.3
1433560 1527.6
1433570 1525.3
1433580 1525.3
1433590 1522.7
1433600 1521.7
1433610 1521.7
1433620 1520.7
1433630 1519.7
1433640 1519.7
1433650 1517.1
1433660 1514.3
1433670 1514.3
1433680 1511.7
1433690 1508.6
1433700 1505.1
1433710 1505.1
1433720 1501.9
1433730 1498.7
1433740 1498.7
1433750 1495.2
1433760 1492.6
1433770 1492.6
1433780 1490.5
1433790 1488.2
1433800 1488.2
1433810 1485.0
1433820 1481.7
1433830 1481.7
1433840 1480.6
1433850 1480.1
1433860 1480.1
1433870 1479.1
1433880 1476.5
1433890 1476.5
1433900 1473.8
1433910 1470.6
1433920 1470.6
1433930 1467.1
1433940 1463.2
1433950 1463.2
1433960 1459.6
1433970 1455.9
1433980 1452.1
1433990 1452.1
1434000 1447.9
1434010 1443.5
1434020 1443.5
1434030 1439.6
1434040 1436.5
1434050 1436.5
1434060 1432.4
1434070 1426.7
1434080 1426.7
1434090 1416.2
1434100 1404.3
1434110 1404.3
1434120 1395.4
1434130 1387.2
1434140 1387.2
1434150 1379.2
1434160 1371.2
1434170 1371.2
1434180 1362.8
1434190 1354.1
1434200 1354.1
1434210 1343.8
1434220 1332.2
1434230 1332.2
1434240 1324.1
1434250 1315.9
1434260 1315.9
1434270 1307.7
1434280 1301.2
1434290 1295.0
1434300 1295.0
1434310 1288.7
1434320 1285.0
1434330 1285.0
1434340 1281.1
1434350 1277.3
1434360 1277.3
1434370 1274.0
1434380 1270.5
1434390 1270.5
1434400 1267.2
1434410 1262.9
1434420 1262.9
1434430 1258.9
1434440 1255.6
1434450 1255.6
1434460 1250.7
1434470 1245.9
1434480 1245.9
1434490 1241.0
1434500 1235.4
1434510 1235.4
1434520 1232.1
1434530 1230.1
1434540 1230.1
1434550 1227.8
1434560 1225.4
1434570 1220.7
1434580 1220.7
1434590 1214.1
1434600 1208.2
1434610 1208.2
1434620 1203.5
1434630 1199.7
1434640 1199.7
1434650 1196.4
1434660 1192.5
1434670 1192.5
1434680 1187.9
1434690 1183.3
1434700 1183.3
1434710 1179.0
1434720 1174.5
1434730 1174.5
1434740 1166.4
1434750 1153.3
1434760 1153.3
1434770 1147.4
1434780 1142.5
1434790 1142.5
1434800 1137.3
1434810 1131.4
1434820 1131.4
1434830 1125.6
1434840 1121.1
1434850 1116.2
1434860 1116.2
1434870 1111.7
1434880 1108.3
1434890 1108.3
1434900 1105.4
1434910 1102.7
1434920 1102.7
1434930 1098.9
1434940 1094.9
1434950 1094.9
1434960 1091.4
1434970 1087.4
1434980 1087.4
1434990 1083.7
1435000 1078.6
1435010 1078.6
1435020 1074.5
1435030 1071.1
1435040 1071.1
1435050 1069.6
1435060 1068.8
1435070 1068.8
1435080 1064.5
1435090 1059.3
1435100 1059.3
1435110 1057.8
1435120 1061.7
1435130 1068.8
1435140 1068.8
1435150 1079.5
1435160 1085.4
1435170 1085.4
1435180 1089.7
1435190 1095.3
1435200 1095.3
1435210 1103.0
1435220 1109.5
1435230 1109.5
1435240 1117.3
1435250 1126.7
1435260 1126.7
1435270 1133.2
1435280 1137.4
1435290 1137.4
1435300 1140.9
1435310 1144.3
1435320 1144.3
1435330 1149.1
1435340 1152.5
1435350 1152.5
1435360 1155.3
1435370 1158.0
1435380 1158.0
1435390 1160.7
1435400 1163.7
1435410 1163.7
1435420 1167.3
1435430 1171.8
1435440 1174.1
1435450 1174.1
1435460 1175.8
1435470 1178.9
1435480 1178.9
1435490 1183.4
1435500 1185.3
1435510 1189.3
1435520 1191.4
1435530 1195.7
1435540 1195.7
1435550 1201.0
1435560 1208.2
1435570 1208.2
1435580 1215.2
1435590 1219.7
1435600 1219.7
1435610 1221.9
1435620 1224.3
1435630 1224.3
1435640 1227.1
1435650 1228.9
1435660 1228.9
1435670 1231.0
1435680 1232.9
1435690 1232.9
1435700 1234.0
1435710 1234.9
1435720 1235.7
1435730 1235.7
1435740 1236.3
1435750 1238.9
1435760 1238.9
1435770 1240.1
1435780 1240.2
1435790 1240.2
1435800 1243.5
1435810 1248.3
1435820 1248.3
1435830 1250.7
1435840 1251.9
1435850 1251.9
1435860 1253.3
1435870 1254.9
1435880 1254.9
1435890 1257.3
1435900 1259.5
1435910 1259.5
1435920 1262.2
1435930 1266.0
1435940 1266.0
1435950 1270.0
1435960 1274.0
1435970 1274.0
1435980 1279.8
1435990 1291.1
1436000 1300.0
1436010 1300.0
1436020 1302.5
1436030 1307.5
1436040 1307.5
1436050 1310.4
1436060 1313.1
1436070 1313.1
1436080 1317.9
1436090 1326.5
1436100 1326.5
1436110 1336.0
1436120 1346.1
1436130 1346.1
1436140 1352.8
1436150 1356.5
1436160 1356.5
1436170 1363.1
1436180 1370.0
1436190 1370.0
1436200 1376.8
1436210 1383.2
1436220 1383.2
1436230 1389.9
1436240 1395.4
1436250 1395.4
1436260 1400.1
1436270 1403.3
1436280 1407.6
1436290 1407.6
1436300 1412.9
1436310 1418.8
1436320 1418.8
1436330 1425.4
1436340 1431.9
1436350 1431.9
1436360 1437.6
1436370 1442.4
1436380 1442.4
1436390 1446.0
1436400 1449.8
1436410 1449.8
1436420 1455.0
1436430 1461.6
1436440 1461.6
1436450 1467.4
1436460 1474.0
1436470 1474.0
1436480 1480.6
1436490 1485.5
1436500 1485.5
1436510 1490.2
1436520 1496.1
1436530 1496.1
1436540 1502.5
1436550 1508.7
1436560 1508.7
1436570 1515.2
1436580 1522.3
1436590 1528.5
1436600 1528.5
1436610 1533.1
1436620 1539.5
1436630 1539.5
1436640 1544.7
1436650 1552.9
1436660 1552.9
1436670 1560.9
1436680 1564.8
1436690 1564.8
1436700 1567.0
1436710 1568.2
1436720 1568.2
1436730 1569.3
1436740 1570.5
1436750 1570.5
1436760 1571.6
1436770 1571.9
1436780 1571.9
1436790 1571.7
1436800 1571.3
1436810 1571.3
1436820 1570.5
1436830 1569.3
1436840 1569.3
1436850 1567.4
1436860 1565.1
1436870 1563.1
1436880 1563.1
1436890 1560.8
1436900 1558.6
1436910 1558.6
1436920 1555.9
1436930 1552.2
1436940 1552.2
1436950 1548.9
1436960 1545.7
1436970 1545.7
1436980 1542.8
1436990 1539.5
1437000 1539.5
1437010 1535.1
1437020 1529.7
1437030 1529.7
1437040 1525.1
1437050 1519.9
1437060 1519.9
1437070 1513.5
1437080 1508.0
1437090 1508.0
1437100 1503.8
1437110 1498.2
1437120 1498.2
1437130 1491.3
1437140 1485.4
1437150 1483.7
1437160 1483.7
1437170 1484.9
1437180 1487.1
1437190 1487.1
1437200 1488.4
1437210 1485.4
1437220 1485.4
1437230 1481.4
1437240 1476.3
1437250 1476.3
1437260 1470.5
1437270 1465.1
1437280 1465.1
1437290 1460.9
1437300 1456.7
1437310 1456.7
1437320 1453.9
1437330 1450.2
1437340 1450.2
1437350 1446.8
1437360 1444.4
1437370 1444.4
1437380 1442.9
1437390 1441.0
1437400 1441.0
1437410 1439.2
1437420 1436.7
1437430 1435.4
1437440 1435.4
1437450 1433.5
1437460 1430.3
1437470 1430.3
1437480 1427.0
1437490 1424.2
1437500 1424.2
1437510 1421.4
1437520 1418.6
1437530 1418.6
1437540 1415.9
1437550 1412.7
1437560 1412.7
1437570 1410.3
1437580 1408.5
1437590 1408.5
1437600 1405.8
1437610 1402.2
1437620 1402.2
1437630 1397.9
1437640 1394.9
1437650 1394.9
1437660 1392.2
1437670 1388.5
1437680 1388.5
1437690 1384.8
1437700 1383.1
1437710 1383.1
1437720 1381.6
1437730 1380.2
1437740 1378.9
1437750 1378.9
1437760 1377.8
1437770 1376.6
1437780 1376.6
1437790 1375.6
1437800 1374.8
1437810 1374.8
1437820 1373.8
1437830 1372.6
1437840 1372.6
1437850 1371.7
1437860 1370.4
1437870 1370.4
1437880 1369.4
1437890 1369.0
1437900 1369.0
1437910 1367.0
1437920 1362.8
1437930 1362.8
1437940 1357.2
1437950 1353.1
1437960 1353.1
1437970 1351.4
1437980 1348.5
1437990 1348.5
1438000 1344.4
1438010 1343.2
1438020 1341.4
1438030 1341.4
1438040 1339.0
1438050 1336.6
1438060 1336.6
1438070 1335.0
1438080 1331.8
1438090 1331.8
1438100 1335.0
1438110 1340.6
1438120 1340.6
1438130 1344.5
1438140 1345.8
1438150 1345.8
1438160 1346.7
1438170 1347.3
1438180 1351.0
1438190 1346.1
1438200 1346.1
1438210 1346.1
1438220 1348.1
1438230 1350.3
1438240 1350.3
1438250 1351.1
1438260 1350.7
1438270 1350.7
1438280 1347.9
1438290 1346.5
1438300 1341.1
1438310 1341.1
1438320 1346.2
1438330 1350.0
1438340 1350.0
1438350 1350.9
1438360 1351.5
1438370 1351.5
1438380 1350.7
1438390 1349.6
1438400 1349.6
1438410 1348.3
1438420 1348.6
1438430 1348.6
1438440 1349.2
1438450 1350.6
1438460 1350.6
1438470 1351.8
1438480 1351.7
1438490 1351.7
1438500 1350.5
1438510 1352.0
1438520 1352.0
1438530 1353.8
1438540 1354.8
1438550 1354.8
1438560 1355.6
1438570 1356.1
1438580 1356.7
1438590 1356.7
1438600 1358.0
1438610 1359.1
1438620 1359.1
1438630 1360.3
1438640 1361.8
1438650 1361.8
1438660 1363.8
1438670 1366.8
1438680 1366.8
1438690 1368.8
1438700 1370.7
1438710 1370.7
1438720 1371.2
1438730 1369.8
1438740 1369.8
1438750 1369.2
1438760 1368.7
1438770 1368.7
1438780 1367.3
1438790 1366.6
1438800 1366.6
1438810 1368.7
1438820 1373.0
1438830 1373.0
1438840 1377.1
1438850 1378.7
1438860 1379.7
1438870 1379.7
1438880 1379.6
1438890 1379.0
1438900 1379.0
1438910 1381.4
1438920 1386.5
1438930 1386.5
1438940 1392.2
1438950 1396.9
1438960 1396.9
1438970 1401.4
1438980 1404.4
1438990 1404.4
1439000 1409.5
1439010 1415.3
1439020 1415.3
1439030 1418.8
1439040 1422.6
1439050 1422.6
1439060 1426.7
1439070 1429.6
1439080 1429.6
1439090 1430.8
1439100 1431.2
1439110 1431.2
1439120 1430.0
1439130 1427.8
1439140 1427.8
1439150 1427.0
1439160 1427.2
1439170 1426.5
1439180 1426.5
1439190 1426.4
1439200 1427.1
1439210 1427.1
1439220 1429.4
1439230 1431.4
1439240 1431.4
1439250 1433.7
1439260 1437.1
1439270 1437.1
1439280 1441.2
1439290 1445.9
1439300 1445.9
1439310 1449.2
1439320 1451.1
1439330 1451.1
1439340 1453.7
1439350 1455.9
1439360 1455.9
1439370 1458.5
1439380 1460.9
1439390 1460.9
1439400 1464.0
1439410 1467.5
1439420 1467.5
1439430 1471.7
1439440 1476.6
1439450 1483.5
1439460 1483.5
1439470 1488.9
1439480 1493.0
1439490 1493.0
1439500 1495.5
1439510 1498.9
1439520 1498.9
1439530 1503.5
1439540 1510.9
1439550 1510.9
1439560 1513.1
1439570 1510.9
1439580 1510.9
1439590 1510.6
1439600 1510.2
1439610 1510.2
1439620 1505.8
1439630 1500.6
1439640 1500.6
1439650 1496.4
1439660 1491.4
1439670 1491.4
1439680 1486.7
1439690 1482.6
1439700 1482.6
1439710 1477.9
1439720 1473.4
1439730 1468.6
1439740 1468.6
1439750 1463.7
1439760 1458.6
1439770 1458.6
1439780 1454.6
1439790 1451.1
1439800 1451.1
1439810 1447.3
1439820 1442.7
1439830 1442.7
1439840 1439.1
1439850 1435.3
1439860 1435.3
1439870 1431.9
1439880 1427.5
1439890 1427.5
1439900 1423.2
1439910 1419.1
1439920 1419.1
1439930 1415.3
1439940 1410.9
1439950 1410.9
1439960 1405.4
1439970 1401.2
1439980 1401.2
1439990 1397.4
