1420000 1784.6
1420010 1784.6
1420020 1788.9
1420030 1794.3
1420040 1794.3
1420050 1800.1
1420060 1805.8
1420070 1805.8
1420080 1811.6
1420090 1817.9
1420100 1817.9
1420110 1823.0
1420120 1828.0
1420130 1828.0
1420140 1832.8
1420150 1837.7
1420160 1837.7
1420170 1842.8
1420180 1848.5
1420190 1853.1
1420200 1853.1
1420210 1857.3
1420220 1860.9
1420230 1860.9
1420240 1864.7
1420250 1867.8
1420260 1867.8
1420270 1869.9
1420280 1871.4
1420290 1871.4
1420300 1872.1
1420310 1872.0
1420320 1872.0
1420330 1871.2
1420340 1869.7
1420350 1869.7
1420360 1867.3
1420370 1864.9
1420380 1864.9
1420390 1862.7
1420400 1858.2
1420410 1858.2
1420420 1853.7
1420430 1849.9
1420440 1849.9
1420450 1846.8
1420460 1843.5
1420470 1839.7
1420480 1839.7
1420490 1835.7
1420500 1832.1
1420510 1832.1
1420520 1828.9
1420530 1826.4
1420540 1826.4
1420550 1824.3
1420560 1822.7
1420570 1822.7
1420580 1821.4
1420590 1820.7
1420600 1820.7
1420610 1820.0
1420620 1819.5
1420630 1819.5
1420640 1819.4
1420650 1819.4
1420660 1819.4
1420670 1819.6
1420680 1819.6
1420690 1819.6
1420700 1819.3
1420710 1818.9
1420720 1818.9
1420730 1818.6
1420740 1818.2
1420750 1818.2
1420760 1815.1
1420770 1808.6
1420780 1802.7
1420790 1802.7
1420800 1797.0
1420810 1797.6
1420820 1806.6
1420830 1806.8
1420840 1797.3
1420850 1797.3
1420860 1787.6
1420870 1779.0
1420880 1779.0
1420890 1769.6
1420900 1759.5
1420910 1759.5
1420920 1752.2
1420930 1745.3
1420940 1745.3
1420950 1739.6
1420960 1735.0
1420970 1735.0
1420980 1729.3
1420990 1723.4
1421000 1723.4
1421010 1717.9
1421020 1714.2
1421030 1714.2
1421040 1710.7
1421050 1707.4
1421060 1704.7
1421070 1704.7
1421080 1702.3
1421090 1698.9
1421100 1698.9
1421110 1695.6
1421120 1693.0
1421130 1693.0
1421140 1689.6
1421150 1685.9
1421160 1685.9
1421170 1682.3
1421180 1677.1
1421190 1677.1
1421200 1670.8
1421210 1665.5
1421220 1665.5
1421230 1661.1
1421240 1656.3
1421250 1656.3
1421260 1650.5
1421270 1644.0
1421280 1644.0
1421290 1638.0
1421300 1635.1
1421310 1635.1
1421320 1632.9
1421330 1628.8
1421340 1624.2
1421350 1624.2
1421360 1619.4
1421370 1613.2
1421380 1613.2
1421390 1607.0
1421400 1600.3
1421410 1600.3
1421420 1592.5
1421430 1587.2
1421440 1587.2
1421450 1582.0
1421460 1574.8
1421470 1574.8
1421480 1567.4
1421490 1560.3
1421500 1560.3
1421510 1553.5
1421520 1548.8
1421530 1548.8
1421540 1544.8
1421550 1539.9
1421560 1539.9
1421570 1535.7
1421580 1533.3
1421590 1533.3
1421600 1531.6
1421610 1530.4
1421620 1530.4
1421630 1528.2
1421640 1524.5
1421650 1519.4
1421660 1519.4
1421670 1513.6
1421680 1508.2
1421690 1508.2
1421700 1502.8
1421710 1496.9
1421720 1496.9
1421730 1491.0
1421740 1486.4
1421750 1486.4
1421760 1481.9
1421770 1477.1
1421780 1477.1
1421790 1472.3
1421800 1468.5
1421810 1468.5
1421820 1464.6
1421830 1460.3
1421840 1460.3
1421850 1455.8
1421860 1450.2
1421870 1450.2
1421880 1445.0
1421890 1439.5
1421900 1439.5
1421910 1431.3
1421920 1423.1
1421930 1416.4
1421940 1416.4
1421950 1409.7
1421960 1402.9
1421970 1402.9
1421980 1397.6
1421990 1392.0
1422000 1392.0
1422010 1387.4
1422020 1384.7
1422030 1384.7
1422040 1382.0
1422050 1378.0
1422060 1378.0
1422070 1373.7
1422080 1368.4
1422090 1368.4
1422100 1361.5
1422110 1353.0
1422120 1353.0
1422130 1347.4
1422140 1344.4
1422150 1344.4
1422160 1340.1
1422170 1335.0
1422180 1335.0
1422190 1327.9
1422200 1319.2
1422210 1319.2
1422220 1310.3
1422230 1304.2
1422240 1301.0
1422250 1301.0
1422260 1299.2
1422270 1296.6
1422280 1296.6
1422290 1292.3
1422300 1286.5
1422310 1286.5
1422320 1279.6
1422330 1274.8
1422340 1274.8
1422350 1271.1
1422360 1265.7
1422370 1265.7
1422380 1259.5
1422390 1252.8
1422400 1252.8
1422410 1248.0
1422420 1243.2
1422430 1243.2
1422440 1238.8
1422450 1235.0
1422460 1235.0
1422470 1231.8
1422480 1229.1
1422490 1229.1
1422500 1225.3
1422510 1220.6
1422520 1215.3
1422530 1215.3
1422540 1211.3
1422550 1208.0
1422560 1208.0
1422570 1204.9
1422580 1201.3
1422590 1201.3
1422600 1197.6
1422610 1193.8
1422620 1193.8
1422630 1189.9
1422640 1186.3
1422650 1186.3
1422660 1182.6
1422670 1177.9
1422680 1177.9
1422690 1173.0
1422700 1168.5
1422710 1168.5
1422720 1163.3
1422730 1159.2
1422740 1159.2
1422750 1156.3
1422760 1153.4
1422770 1153.4
1422780 1150.3
1422790 1147.2
1422800 1147.2
1422810 1144.8
1422820 1140.9
1422830 1137.0
1422840 1137.0
1422850 1131.3
1422860 1120.3
1422870 1117.8
1422880 1107.9
1422890 1098.0
1422900 1098.0
1422910 1091.3
1422920 1084.8
1422930 1084.8
1422940 1077.6
1422950 1069.5
1422960 1069.5
1422970 1061.9
1422980 1055.7
1422990 1055.7
1423000 1049.6
1423010 1044.3
1423020 1044.3
1423030 1038.1
1423040 1032.8
1423050 1032.8
1423060 1028.1
1423070 1021.7
1423080 1021.7
1423090 1015.5
1423100 1009.9
1423110 1003.3
1423120 1003.3
1423130 996.1
1423140 990.3
1423150 990.3
1423160 984.4
1423170 978.4
1423180 978.4
1423190 972.2
1423200 966.3
1423210 966.3
1423220 960.7
1423230 954.6
1423240 954.6
1423250 947.8
1423260 941.8
1423270 941.8
1423280 936.9
1423290 933.1
1423300 933.1
1423310 929.5
1423320 926.9
1423330 926.9
1423340 924.2
1423350 922.0
1423360 922.0
1423370 923.4
1423380 924.8
1423390 924.3
1423400 924.3
1423410 920.7
1423420 915.0
1423430 915.0
1423440 911.1
1423450 906.9
1423460 906.9
1423470 902.8
1423480 900.0
1423490 900.0
1423500 896.6
1423510 892.6
1423520 892.6
1423530 887.9
1423540 884.8
1423550 884.8
1423560 882.5
1423570 879.5
1423580 879.5
1423590 876.0
1423600 872.8
1423610 872.8
1423620 870.3
1423630 868.6
1423640 868.6
1423650 866.1
1423660 863.0
1423670 863.0
1423680 861.2
1423690 859.1
1423700 856.9
1423710 856.9
1423720 855.2
1423730 853.5
1423740 853.5
1423750 851.7
1423760 848.6
1423770 848.6
1423780 847.5
1423790 845.2
1423800 845.2
1423810 842.6
1423820 840.8
1423830 840.8
1423840 839.0
1423850 837.2
1423860 837.2
1423870 835.6
1423880 834.0
1423890 834.0
1423900 832.3
1423910 830.6
1423920 830.6
1423930 829.1
1423940 827.5
1423950 827.5
1423960 826.1
1423970 824.6
1423980 823.1
1423990 823.1
1424000 821.5
1424010 820.2
1424020 820.2
1424030 818.9
1424040 817.5
1424050 817.5
1424060 816.0
1424070 814.5
1424080 814.5
1424090 812.9
1424100 811.3
1424110 811.3
1424120 809.8
1424130 808.6
1424140 808.6
1424150 807.6
1424160 806.9
1424170 806.9
1424180 805.5
1424190 804.4
1424200 804.4
1424210 803.3
1424220 802.2
1424230 802.2
1424240 801.2
1424250 800.1
1424260 800.1
1424270 799.0
1424280 798.2
1424290 797.4
1424300 797.4
1424310 796.6
1424320 795.8
1424330 795.8
1424340 795.0
1424350 794.3
1424360 794.3
1424370 793.6
1424380 793.0
1424390 793.0
1424400 792.3
1424410 791.5
1424420 791.5
1424430 790.9
1424440 790.3
1424450 790.3
1424460 789.6
1424470 788.9
1424480 788.9
1424490 789.0
1424500 789.0
1424510 789.0
1424520 788.8
1424530 787.5
1424540 787.5
1424550 786.9
1424560 786.5
1424570 786.2
1424580 786.2
1424590 786.0
1424600 785.9
1424610 785.9
1424620 785.6
1424630 785.3
1424640 785.3
1424650 785.1
1424660 784.9
1424670 784.9
1424680 784.7
1424690 784.6
1424700 784.6
1424710 784.4
1424720 784.3
1424730 784.3
1424740 784.2
1424750 784.3
1424760 784.3
1424770 784.4
1424780 784.4
1424790 784.4
1424800 784.5
1424810 784.4
1424820 784.4
1424830 784.6
1424840 785.0
1424850 785.0
1424860 786.1
1424870 786.7
1424880 786.7
1424890 786.7
1424900 786.7
1424910 786.5
1424920 786.5
1424930 786.2
1424940 785.5
1424950 785.5
1424960 784.9
1424970 784.5
1424980 784.2
1424990 784.0
1425000 783.5
1425010 783.5
1425020 782.9
1425030 782.5
1425040 782.5
1425050 782.3
1425060 782.1
1425070 782.1
1425080 782.1
1425090 782.2
1425100 782.2
1425110 781.9
1425120 781.4
1425130 781.4
1425140 780.8
1425150 780.4
1425160 780.2
1425170 780.2
1425180 779.9
1425190 779.6
1425200 779.6
1425210 779.1
1425220 778.5
1425230 778.5
1425240 778.2
1425250 777.7
1425260 777.7
1425270 777.2
1425280 776.9
1425290 776.9
1425300 776.4
1425310 775.8
1425320 775.8
1425330 775.4
1425340 775.2
1425350 775.2
1425360 775.0
1425370 774.6
1425380 774.6
1425390 774.6
1425400 774.6
1425410 774.6
1425420 774.0
1425430 773.5
1425440 773.2
1425450 773.2
1425460 772.8
1425470 772.9
1425480 772.9
1425490 773.2
1425500 773.1
1425510 773.1
1425520 772.7
1425530 772.3
1425540 772.3
1425550 771.5
1425560 771.0
1425570 771.0
1425580 770.8
1425590 770.7
1425600 770.7
1425610 770.7
1425620 770.8
1425630 770.8
1425640 771.1
1425650 772.2
1425660 772.2
1425670 773.0
1425680 772.1
1425690 772.1
1425700 771.9
1425710 772.0
1425720 772.0
1425730 772.0
1425740 772.1
1425750 772.2
1425760 772.2
1425770 772.2
1425780 772.0
1425790 772.0
1425800 772.0
1425810 772.8
1425820 772.8
1425830 773.9
1425840 774.5
1425850 774.5
1425860 774.9
1425870 775.4
1425880 775.4
1425890 775.7
1425900 775.8
1425910 775.8
1425920 775.9
1425930 775.4
1425940 775.4
1425950 774.9
1425960 774.7
1425970 774.7
1425980 774.7
1425990 774.4
1426000 774.4
1426010 773.9
1426020 773.3
1426030 772.8
1426040 772.8
1426050 772.3
1426060 771.8
1426070 771.8
1426080 771.3
1426090 770.8
1426100 770.8
1426110 770.4
1426120 769.9
1426130 769.9
1426140 769.7
1426150 769.5
1426160 769.5
1426170 769.4
1426180 769.3
1426190 769.3
1426200 769.2
1426210 768.9
1426220 768.9
1426230 768.8
1426240 768.8
1426250 768.8
1426260 769.1
1426270 769.2
1426280 769.2
1426290 769.0
1426300 768.7
1426310 768.7
1426320 768.3
1426330 768.0
1426340 767.5
1426350 767.5
1426360 766.3
1426370 766.2
1426380 766.2
1426390 766.5
1426400 766.8
1426410 766.8
1426420 766.8
1426430 766.7
1426440 766.7
1426450 766.5
1426460 766.6
1426470 766.6
1426480 767.0
1426490 768.0
1426500 768.0
1426510 769.0
1426520 769.8
1426530 769.8
1426540 770.5
1426550 771.9
1426560 771.9
1426570 773.1
1426580 773.6
1426590 773.6
1426600 773.5
1426610 772.8
1426620 772.4
1426630 772.4
1426640 772.2
1426650 771.9
1426660 771.9
1426670 771.5
1426680 771.5
1426690 771.5
1426700 771.9
1426710 772.5
1426720 772.5
1426730 773.1
1426740 773.1
1426750 773.1
1426760 772.9
1426770 772.1
1426780 772.1
1426790 770.4
1426800 769.3
1426810 769.3
1426820 768.9
1426830 768.6
1426840 768.6
1426850 768.2
1426860 767.9
1426870 767.9
1426880 767.5
1426890 767.2
1426900 767.0
1426910 767.0
1426920 766.7
1426930 766.2
1426940 766.2
1426950 765.4
1426960 764.7
1426970 764.7
1426980 763.7
1426990 762.4
1427000 762.4
1427010 760.9
1427020 759.4
1427030 759.4
1427040 758.1
1427050 756.8
1427060 756.8
1427070 755.6
1427080 754.4
1427090 754.4
1427100 753.3
1427110 752.3
1427120 752.3
1427130 752.2
1427140 754.2
1427150 754.2
1427160 751.2
1427170 750.0
1427180 750.0
1427190 749.4
1427200 748.8
1427210 748.3
1427220 748.3
1427230 748.1
1427240 748.0
1427250 748.0
1427260 747.9
1427270 747.7
1427280 747.7
1427290 747.6
1427300 747.8
1427310 747.8
1427320 747.9
1427330 747.9
1427340 747.9
1427350 748.0
1427360 748.0
1427370 748.0
1427380 748.1
1427390 748.0
1427400 748.0
1427410 748.1
1427420 748.0
1427430 748.0
1427440 747.9
1427450 747.8
1427460 747.8
1427470 747.8
1427480 747.8
1427490 747.7
1427500 747.7
1427510 747.7
1427520 747.7
1427530 747.7
1427540 747.6
1427550 747.6
1427560 747.6
1427570 747.6
1427580 747.6
1427590 747.6
1427600 747.6
1427610 747.6
1427620 747.6
1427630 747.6
1427640 747.5
1427650 747.5
1427660 747.5
1427670 747.5
1427680 747.5
1427690 747.4
1427700 747.4
1427710 747.4
1427720 747.4
1427730 747.4
1427740 747.4
1427750 747.4
1427760 747.5
1427770 747.5
1427780 747.5
1427790 747.5
1427800 747.8
1427810 747.8
1427820 748.1
1427830 747.9
1427840 747.9
1427850 747.6
1427860 747.3
1427870 747.3
1427880 747.1
1427890 746.9
1427900 746.9
1427910 746.8
1427920 746.9
1427930 746.9
1427940 746.9
1427950 746.9
1427960 746.9
1427970 746.9
1427980 746.7
1427990 746.7
1428000 746.6
1428010 745.7
1428020 745.7
1428030 743.1
1428040 744.1
1428050 744.1
1428060 746.5
1428070 747.0
1428080 747.0
1428090 747.0
1428100 746.5
1428110 747.3
1428120 747.3
1428130 747.2
1428140 747.1
1428150 747.1
1428160 747.5
1428170 747.9
1428180 747.9
1428190 747.9
1428200 747.7
1428210 747.7
1428220 747.6
1428230 747.6
1428240 747.6
1428250 747.7
1428260 747.9
1428270 747.9
1428280 748.0
1428290 748.2
1428300 748.2
1428310 748.4
1428320 748.4
1428330 748.4
1428340 748.4
1428350 748.5
1428360 748.5
1428370 748.7
1428380 748.9
1428390 748.8
1428400 748.8
1428410 748.9
1428420 748.9
1428430 748.9
1428440 749.0
1428450 749.2
1428460 749.2
1428470 749.4
1428480 749.5
1428490 749.5
1428500 749.8
1428510 750.3
1428520 750.3
1428530 750.9
1428540 751.5
1428550 751.5
1428560 752.2
1428570 752.7
1428580 752.7
1428590 753.3
1428600 753.9
1428610 753.9
1428620 754.7
1428630 755.5
1428640 755.5
1428650 756.3
1428660 756.9
1428670 757.3
1428680 757.3
1428690 757.8
1428700 758.5
1428710 758.5
1428720 759.0
1428730 759.4
1428740 759.4
1428750 760.0
1428760 761.0
1428770 761.0
1428780 761.8
1428790 762.6
1428800 762.6
1428810 763.5
1428820 764.1
1428830 764.1
1428840 764.7
1428850 765.3
1428860 765.3
1428870 765.9
1428880 766.4
1428890 766.4
1428900 766.6
1428910 766.8
1428920 766.8
1428930 767.3
1428940 768.0
1428950 768.6
1428960 768.6
1428970 769.4
1428980 770.4
1428990 770.4
1429000 771.4
1429010 771.5
1429020 771.5
1429030 772.0
1429040 772.6
1429050 772.6
1429060 772.9
1429070 773.4
1429080 773.4
1429090 773.3
1429100 773.3
1429110 773.3
1429120 773.5
1429130 773.5
1429140 773.5
1429150 773.7
1429160 774.0
1429170 774.0
1429180 774.7
1429190 774.8
1429200 774.8
1429210 774.7
1429220 775.0
1429230 775.0
1429240 774.7
1429250 774.7
1429260 775.6
1429270 775.6
1429280 777.0
1429290 779.7
1429300 779.7
1429310 785.3
1429320 791.3
1429330 791.3
1429340 794.7
1429350 796.9
1429360 796.9
1429370 799.3
1429380 801.9
1429390 801.9
1429400 805.5
1429410 809.6
1429420 809.6
1429430 815.3
1429440 818.0
1429450 818.0
1429460 820.5
1429470 822.9
1429480 822.9
1429490 826.8
1429500 830.9
1429510 830.9
1429520 835.5
1429530 840.5
1429540 843.9
1429550 843.9
1429560 846.7
1429570 849.3
1429580 849.3
1429590 852.8
1429600 856.9
1429610 856.9
1429620 860.5
1429630 862.9
1429640 862.9
1429650 865.8
1429660 868.6
1429670 868.6
1429680 870.0
1429690 870.1
1429700 870.1
1429710 871.4
1429720 871.9
1429730 871.9
1429740 872.4
1429750 875.3
1429760 875.3
1429770 877.7
1429780 880.4
1429790 880.4
1429800 885.0
1429810 889.1
1429820 889.1
1429830 892.7
1429840 897.2
1429850 901.4
1429860 901.4
1429870 906.3
1429880 912.0
1429890 912.0
1429900 918.3
1429910 926.4
1429920 926.4
1429930 933.4
1429940 939.6
1429950 939.6
1429960 945.3
1429970 952.5
1429980 952.5
1429990 959.1
1430000 964.0
1430010 964.0
1430020 967.7
1430030 970.7
1430040 970.7
1430050 973.3
1430060 972.4
1430070 972.4
1430080 972.1
1430090 971.5
1430100 971.5
1430110 975.2
1430120 979.6
1430130 982.8
1430140 982.8
1430150 986.5
1430160 989.1
1430170 989.1
1430180 991.7
1430190 996.9
1430200 996.9
1430210 1002.7
1430220 1008.5
1430230 1008.5
1430240 1011.3
1430250 1013.1
1430260 1013.1
1430270 1014.4
1430280 1015.6
1430290 1015.6
1430300 1016.3
1430310 1016.3
1430320 1016.3
1430330 1014.2
1430340 1009.8
1430350 1009.8
1430360 1005.3
1430370 1010.2
1430380 1010.2
1430390 1016.3
1430400 1021.7
1430410 1024.5
1430420 1024.5
1430430 1025.4
1430440 1025.9
1430450 1025.9
1430460 1025.8
1430470 1024.8
1430480 1024.8
1430490 1027.6
1430500 1030.7
1430510 1030.7
1430520 1032.1
1430530 1034.2
1430540 1034.2
1430550 1036.2
1430560 1037.2
1430570 1037.2
1430580 1037.8
1430590 1038.2
1430600 1038.2
1430610 1038.0
1430620 1037.6
1430630 1037.6
1430640 1036.4
1430650 1034.0
1430660 1034.0
1430670 1032.1
1430680 1033.5
1430690 1033.5
1430700 1036.4
1430710 1038.8
1430720 1042.1
1430730 1042.1
1430740 1045.8
1430750 1048.5
1430760 1048.5
1430770 1051.0
1430780 1053.7
1430790 1053.7
1430800 1057.1
1430810 1060.9
1430820 1060.9
1430830 1063.9
1430840 1066.4
1430850 1066.4
1430860 1067.9
1430870 1070.7
1430880 1070.7
1430890 1074.6
1430900 1077.1
1430910 1077.1
1430920 1077.7
1430930 1080.4
1430940 1080.4
1430950 1083.2
1430960 1091.3
1430970 1091.3
1430980 1098.4
1430990 1101.5
1431000 1104.9
1431010 1104.9
1431020 1110.6
1431030 1115.6
1431040 1115.6
1431050 1120.5
1431060 1125.8
1431070 1125.8
1431080 1129.9
1431090 1133.3
1431100 1133.3
1431110 1137.2
1431120 1141.4
1431130 1141.4
1431140 1145.1
1431150 1147.8
1431160 1147.8
1431170 1150.0
1431180 1151.7
1431190 1151.7
1431200 1153.3
1431210 1154.4
1431220 1154.4
1431230 1156.4
1431240 1159.7
1431250 1159.7
1431260 1162.8
1431270 1165.6
1431280 1165.6
1431290 1168.3
1431300 1170.6
1431310 1172.6
1431320 1172.6
1431330 1175.2
1431340 1178.0
1431350 1178.0
1431360 1180.6
1431370 1183.9
1431380 1183.9
1431390 1185.5
1431400 1190.2
1431410 1190.2
1431420 1194.9
1431430 1196.2
1431440 1196.2
1431450 1199.5
1431460 1202.9
1431470 1202.9
1431480 1204.7
1431490 1206.5
1431500 1206.5
1431510 1209.6
1431520 1214.8
1431530 1214.8
1431540 1220.7
1431550 1225.8
1431560 1225.8
1431570 1229.7
1431580 1232.3
1431590 1233.5
1431600 1233.5
1431610 1235.5
1431620 1237.0
1431630 1237.0
1431640 1237.2
1431650 1232.3
1431660 1232.3
1431670 1236.7
1431680 1240.6
1431690 1240.6
1431700 1245.7
1431710 1250.8
1431720 1250.8
1431730 1253.3
1431740 1255.2
1431750 1255.2
1431760 1257.0
1431770 1258.4
1431780 1261.0
1431790 1261.9
1431800 1263.1
1431810 1263.1
1431820 1264.1
1431830 1264.7
1431840 1264.7
1431850 1265.6
1431860 1266.2
1431870 1266.2
1431880 1266.1
1431890 1264.9
1431900 1264.6
1431910 1264.6
1431920 1266.3
1431930 1269.6
1431940 1269.6
1431950 1272.8
1431960 1277.5
1431970 1277.5
1431980 1281.8
1431990 1286.0
1432000 1286.0
1432010 1289.8
1432020 1293.1
1432030 1293.1
1432040 1295.6
1432050 1298.7
1432060 1298.7
1432070 1300.8
1432080 1301.5
1432090 1301.5
1432100 1303.9
1432110 1307.5
1432120 1307.5
1432130 1309.4
1432140 1309.8
1432150 1309.8
1432160 1312.7
1432170 1313.1
1432180 1315.7
1432190 1315.7
1432200 1316.2
1432210 1316.1
1432220 1316.1
1432230 1318.3
1432240 1319.5
1432250 1319.5
1432260 1319.8
1432270 1320.0
1432280 1320.0
1432290 1320.3
1432300 1323.1
1432310 1323.1
1432320 1326.8
1432330 1329.5
1432340 1329.5
1432350 1332.2
1432360 1335.2
1432370 1335.2
1432380 1341.9
1432390 1347.6
1432400 1347.6
1432410 1352.5
1432420 1354.6
1432430 1354.6
1432440 1359.3
1432450 1364.7
1432460 1367.1
1432470 1367.1
1432480 1367.4
1432490 1367.5
1432500 1367.5
1432510 1368.4
1432520 1368.6
1432530 1368.6
1432540 1367.7
1432550 1365.4
1432560 1365.4
1432570 1362.7
1432580 1359.9
1432590 1359.9
1432600 1360.4
1432610 1357.0
1432620 1357.0
1432630 1358.3
1432640 1361.9
1432650 1361.9
1432660 1364.8
1432670 1368.0
1432680 1368.0
1432690 1369.9
1432700 1369.5
1432710 1369.5
1432720 1369.1
1432730 1365.4
1432740 1365.4
1432750 1361.2
1432760 1358.7
1432770 1359.4
1432780 1359.4
1432790 1361.5
1432800 1363.7
1432810 1363.7
1432820 1365.0
1432830 1364.6
1432840 1364.6
1432850 1367.4
1432860 1374.9
1432870 1374.9
1432880 1381.9
1432890 1384.4
1432900 1384.4
1432910 1388.0
1432920 1391.4
1432930 1391.4
1432940 1395.0
1432950 1400.3
1432960 1400.3
1432970 1404.0
1432980 1405.5
1432990 1405.5
1433000 1406.5
1433010 1406.4
1433020 1406.4
1433030 1406.6
1433040 1409.2
1433050 1411.0
1433060 1411.0
1433070 1416.2
1433080 1422.7
1433090 1422.7
1433100 1427.0
1433110 1427.8
1433120 1427.8
1433130 1426.3
1433140 1424.4
1433150 1424.4
1433160 1422.3
1433170 1419.5
1433180 1419.5
1433190 1415.9
1433200 1413.3
1433210 1413.3
1433220 1412.5
1433230 1410.6
1433240 1410.6
1433250 1407.6
1433260 1404.8
1433270 1404.8
1433280 1404.1
1433290 1403.7
1433300 1403.7
1433310 1402.9
1433320 1401.9
1433330 1401.9
1433340 1399.2
1433350 1394.9
1433360 1390.4
1433370 1390.4
1433380 1385.4
1433390 1379.9
1433400 1379.9
1433410 1374.1
1433420 1370.1
1433430 1370.1
1433440 1366.8
1433450 1363.2
1433460 1363.2
1433470 1360.6
1433480 1358.7
1433490 1358.7
1433500 1357.4
1433510 1355.6
1433520 1355.6
1433530 1353.0
1433540 1350.6
1433550 1350.6
1433560 1348.0
1433570 1344.0
1433580 1344.0
1433590 1339.4
1433600 1335.5
1433610 1335.5
1433620 1331.7
1433630 1328.0
1433640 1323.6
1433650 1323.6
1433660 1318.9
1433670 1314.7
1433680 1314.7
1433690 1309.9
1433700 1305.4
1433710 1305.4
1433720 1302.4
1433730 1300.2
1433740 1300.2
1433750 1298.8
1433760 1297.0
1433770 1297.0
1433780 1294.7
1433790 1293.3
1433800 1293.3
1433810 1292.6
1433820 1291.3
1433830 1291.3
1433840 1289.7
1433850 1287.9
1433860 1287.9
1433870 1285.7
1433880 1283.0
1433890 1283.0
1433900 1280.6
1433910 1279.1
1433920 1279.1
1433930 1277.8
1433940 1275.7
1433950 1273.3
1433960 1273.3
1433970 1271.8
1433980 1270.8
1433990 1270.8
1434000 1269.3
1434010 1267.2
1434020 1267.2
1434030 1264.8
1434040 1261.7
1434050 1261.7
1434060 1259.7
1434070 1258.5
1434080 1258.5
1434090 1257.1
1434100 1255.7
1434110 1255.7
1434120 1253.9
1434130 1252.4
1434140 1252.4
1434150 1252.2
1434160 1250.8
1434170 1250.8
1434180 1247.0
1434190 1240.5
1434200 1240.5
1434210 1234.7
1434220 1229.9
1434230 1224.5
1434240 1224.5
1434250 1218.7
1434260 1212.7
1434270 1212.7
1434280 1207.7
1434290 1204.5
1434300 1204.5
1434310 1200.9
1434320 1197.9
1434330 1197.9
1434340 1193.3
1434350 1187.1
1434360 1187.1
1434370 1183.7
1434380 1183.0
1434390 1183.0
1434400 1180.8
1434410 1177.2
1434420 1177.2
1434430 1175.6
1434440 1172.3
1434450 1172.3
1434460 1167.0
1434470 1167.6
1434480 1167.6
1434490 1169.1
1434500 1169.5
1434510 1169.0
1434520 1169.0
1434530 1167.0
1434540 1165.5
1434550 1165.5
1434560 1164.1
1434570 1164.8
1434580 1164.8
1434590 1166.0
1434600 1165.1
1434610 1165.1
1434620 1164.1
1434630 1162.9
1434640 1162.9
1434650 1161.7
1434660 1160.3
1434670 1160.3
1434680 1157.9
1434690 1155.7
1434700 1155.7
1434710 1153.2
1434720 1152.4
1434730 1152.4
1434740 1152.0
1434750 1150.6
1434760 1150.6
1434770 1150.1
1434780 1150.1
1434790 1150.1
1434800 1148.9
1434810 1146.3
1434820 1142.0
1434830 1142.0
1434840 1140.5
1434850 1138.9
1434860 1138.9
1434870 1137.2
1434880 1134.8
1434890 1134.8
1434900 1132.0
1434910 1129.2
1434920 1129.2
1434930 1126.5
1434940 1123.9
1434950 1123.9
1434960 1121.5
1434970 1119.1
1434980 1119.1
1434990 1116.6
1435000 1113.5
1435010 1113.5
1435020 1109.1
1435030 1104.5
1435040 1104.5
1435050 1100.7
1435060 1094.2
1435070 1094.2
1435080 1087.7
1435090 1081.4
1435100 1075.0
1435110 1075.0
1435120 1068.8
1435130 1062.9
1435140 1062.9
1435150 1057.0
1435160 1051.0
1435170 1051.0
1435180 1044.8
1435190 1038.4
1435200 1038.4
1435210 1032.6
1435220 1026.5
1435230 1026.5
1435240 1020.3
1435250 1014.3
1435260 1014.3
1435270 1008.1
1435280 1002.2
1435290 1002.2
1435300 996.0
1435310 988.2
1435320 988.2
1435330 980.8
1435340 980.1
1435350 980.1
1435360 976.4
1435370 971.3
1435380 971.3
1435390 966.9
1435400 962.9
1435410 958.2
1435420 958.2
1435430 952.1
1435440 946.3
1435450 946.3
1435460 941.4
1435470 935.9
1435480 935.9
1435490 929.3
1435500 920.5
1435510 920.5
1435520 914.7
1435530 911.4
1435540 911.4
1435550 909.1
1435560 906.1
1435570 906.1
1435580 903.3
1435590 900.8
1435600 900.8
1435610 897.2
1435620 893.7
1435630 893.7
1435640 891.3
1435650 889.1
1435660 889.1
1435670 887.3
1435680 885.8
1435690 884.7
1435700 884.7
1435710 883.8
1435720 883.0
1435730 883.0
1435740 882.2
1435750 881.5
1435760 881.5
1435770 880.8
1435780 880.2
1435790 880.2
1435800 879.8
1435810 879.8
1435820 879.8
1435830 879.5
1435840 879.0
1435850 879.0
1435860 878.5
1435870 877.6
1435880 877.6
1435890 875.5
1435900 875.4
1435910 875.4
1435920 881.2
1435930 889.9
1435940 889.9
1435950 896.8
1435960 903.3
1435970 903.3
1435980 910.7
1435990 917.8
1436000 923.3
1436010 923.3
1436020 928.3
1436030 933.8
1436040 933.8
1436050 939.4
1436060 945.1
1436070 945.1
1436080 949.5
1436090 952.7
1436100 952.7
1436110 955.3
1436120 957.9
1436130 957.9
1436140 959.8
1436150 961.3
1436160 961.3
1436170 961.8
1436180 962.4
1436190 962.4
1436200 963.3
1436210 964.8
1436220 964.8
1436230 964.2
1436240 961.2
1436250 961.2
1436260 961.5
1436270 966.4
1436280 968.4
1436290 968.4
1436300 967.9
1436310 968.2
1436320 968.2
1436330 968.0
1436340 967.9
1436350 967.9
1436360 967.7
1436370 966.6
1436380 966.6
1436390 965.8
1436400 965.1
1436410 965.1
1436420 964.3
1436430 963.3
1436440 963.3
1436450 962.0
1436460 960.9
1436470 960.9
1436480 959.9
1436490 959.7
1436500 959.7
1436510 959.6
1436520 959.3
1436530 959.3
1436540 958.4
1436550 957.7
1436560 957.1
1436570 957.1
1436580 956.7
1436590 955.7
1436600 955.7
1436610 953.9
1436620 952.5
1436630 952.5
1436640 950.9
1436650 948.8
1436660 948.8
1436670 947.7
1436680 946.6
1436690 946.6
1436700 945.8
1436710 945.3
1436720 945.3
1436730 944.9
1436740 941.1
1436750 941.1
1436760 941.7
1436770 949.9
1436780 949.9
1436790 959.2
1436800 965.3
1436810 965.3
1436820 972.4
1436830 980.5
1436840 980.5
1436850 987.7
1436860 994.6
1436870 999.9
1436880 999.9
1436890 1004.2
1436900 1008.2
1436910 1008.2
1436920 1011.7
1436930 1014.5
1436940 1014.5
1436950 1016.9
1436960 1019.0
1436970 1019.0
1436980 1020.7
1436990 1022.3
1437000 1022.3
1437010 1023.7
1437020 1024.3
1437030 1024.3
1437040 1023.7
1437050 1023.6
1437060 1023.6
1437070 1023.0
1437080 1020.0
1437090 1020.0
1437100 1016.7
1437110 1015.0
1437120 1015.0
1437130 1013.9
1437140 1013.4
1437150 1013.0
1437160 1013.0
1437170 1012.5
1437180 1011.9
1437190 1011.9
1437200 1011.4
1437210 1010.8
1437220 1010.8
1437230 1010.0
1437240 1009.3
1437250 1009.3
1437260 1009.3
1437270 1009.9
1437280 1009.9
1437290 1009.4
1437300 1007.9
1437310 1007.9
1437320 1006.2
1437330 1005.0
1437340 1005.0
1437350 1003.7
1437360 1001.9
1437370 1001.9
1437380 1000.1
1437390 997.4
1437400 997.4
1437410 993.4
1437420 989.1
1437430 989.1
1437440 984.4
1437450 979.4
1437460 973.9
1437470 973.9
1437480 968.9
1437490 966.1
1437500 966.1
1437510 964.5
1437520 963.4
1437530 963.4
1437540 963.5
1437550 964.6
1437560 964.6
1437570 964.6
1437580 962.9
1437590 962.9
1437600 961.2
1437610 960.9
1437620 960.9
1437630 960.7
1437640 958.9
1437650 958.9
1437660 956.2
1437670 952.8
1437680 952.8
1437690 951.1
1437700 948.5
1437710 948.5
1437720 944.5
1437730 941.0
1437740 938.9
1437750 938.9
1437760 937.3
1437770 936.1
1437780 936.1
1437790 936.3
1437800 939.0
1437810 939.0
1437820 940.9
1437830 941.9
1437840 941.9
1437850 941.0
1437860 939.0
1437870 939.0
1437880 936.7
1437890 935.4
1437900 935.4
1437910 934.6
1437920 933.8
1437930 933.8
1437940 932.6
1437950 933.1
1437960 933.1
1437970 932.7
1437980 931.2
1437990 931.2
1438000 930.1
1438010 929.6
1438020 929.6
1438030 929.6
1438040 929.0
1438050 928.0
1438060 928.0
1438070 927.0
1438080 926.5
1438090 926.5
1438100 926.6
1438110 924.7
1438120 924.7
1438130 921.9
1438140 919.2
1438150 919.2
1438160 917.4
1438170 914.9
1438180 914.9
1438190 912.6
1438200 910.2
1438210 910.2
1438220 908.2
1438230 907.3
1438240 907.3
1438250 906.7
1438260 904.5
1438270 904.5
1438280 901.0
1438290 899.6
1438300 899.6
1438310 897.2
1438320 896.4
1438330 896.0
1438340 896.0
1438350 894.6
1438360 893.0
1438370 893.0
1438380 890.5
1438390 886.4
1438400 886.4
1438410 879.9
1438420 874.5
1438430 874.5
1438440 870.2
1438450 867.5
1438460 867.5
1438470 869.7
1438480 872.0
1438490 872.0
1438500 873.9
1438510 878.6
1438520 878.6
1438530 884.1
1438540 889.3
1438550 889.3
1438560 890.9
1438570 890.1
1438580 890.1
1438590 889.3
1438600 888.8
1438610 888.8
1438620 888.8
1438630 888.7
1438640 888.3
1438650 888.3
1438660 887.7
1438670 887.6
1438680 887.6
1438690 888.2
1438700 888.8
1438710 888.8
1438720 889.2
1438730 889.9
1438740 889.9
1438750 890.1
1438760 890.1
1438770 890.1
1438780 890.8
1438790 891.9
1438800 891.9
1438810 893.0
1438820 894.3
1438830 894.3
1438840 895.1
1438850 895.3
1438860 895.3
1438870 895.3
1438880 895.3
1438890 895.3
1438900 895.6
1438910 896.0
1438920 896.7
1438930 896.7
1438940 897.4
1438950 898.4
1438960 898.4
1438970 899.5
1438980 900.4
1438990 900.4
1439000 901.0
1439010 901.5
1439020 901.5
1439030 901.4
1439040 901.1
1439050 901.1
1439060 901.4
1439070 904.3
1439080 904.3
1439090 907.5
1439100 905.9
1439110 905.9
1439120 902.0
1439130 897.8
1439140 897.8
1439150 894.7
1439160 895.6
1439170 895.6
1439180 897.4
1439190 898.2
1439200 897.7
1439210 897.7
1439220 895.9
1439230 894.6
1439240 894.6
1439250 893.3
1439260 892.0
1439270 892.0
1439280 889.8
1439290 888.1
1439300 888.1
1439310 886.5
1439320 884.6
1439330 884.6
1439340 882.1
1439350 879.1
1439360 879.1
1439370 878.1
1439380 877.6
1439390 877.6
1439400 876.6
1439410 875.4
1439420 875.4
1439430 877.8
1439440 879.3
1439450 879.3
1439460 880.3
1439470 882.2
1439480 882.2
1439490 884.6
1439500 886.5
1439510 887.8
1439520 887.8
1439530 889.2
1439540 890.6
1439550 890.6
1439560 892.3
1439570 893.4
1439580 893.4
1439590 895.4
1439600 896.7
1439610 896.7
1439620 903.1
1439630 907.7
1439640 907.7
1439650 911.1
1439660 914.5
1439670 914.5
1439680 918.2
1439690 921.3
1439700 921.3
1439710 920.6
1439720 917.4
1439730 917.4
1439740 915.4
1439750 913.0
1439760 913.0
1439770 912.6
1439780 914.6
1439790 916.7
1439800 916.7
1439810 916.7
1439820 916.5
1439830 916.5
1439840 914.9
1439850 914.5
1439860 914.5
1439870 914.5
1439880 915.3
1439890 915.3
1439900 916.1
1439910 916.0
1439920 916.0
1439930 915.5
1439940 915.3
1439950 915.3
1439960 915.7
1439970 916.9
1439980 916.9
1439990 918.1
