1420000 1841.0
1420010 1843.2
1420020 1846.4
1420030 1846.4
1420040 1848.3
1420050 1850.9
1420060 1850.9
1420070 1852.2
1420080 1851.7
1420090 1851.7
1420100 1847.9
1420110 1839.9
1420120 1839.9
1420130 1832.5
1420140 1829.3
1420150 1827.4
1420160 1827.4
1420170 1824.5
1420180 1820.9
1420190 1820.9
1420200 1817.7
1420210 1814.2
1420220 1814.2
1420230 1809.6
1420240 1803.4
1420250 1803.4
1420260 1797.6
1420270 1792.9
1420280 1792.9
1420290 1788.8
1420300 1785.3
1420310 1785.3
1420320 1778.2
1420330 1772.0
1420340 1772.0
1420350 1767.4
1420360 1763.4
1420370 1763.4
1420380 1761.1
1420390 1759.8
1420400 1759.8
1420410 1758.2
1420420 1757.3
1420430 1753.3
1420440 1753.3
1420450 1747.2
1420460 1743.1
1420470 1743.1
1420480 1740.9
1420490 1737.4
1420500 1737.4
1420510 1732.5
1420520 1725.8
1420530 1725.8
1420540 1719.8
1420550 1715.1
1420560 1715.1
1420570 1711.4
1420580 1708.7
1420590 1708.7
1420600 1707.4
1420610 1708.2
1420620 1708.2
1420630 1706.8
1420640 1704.8
1420650 1704.8
1420660 1702.0
1420670 1699.7
1420680 1699.7
1420690 1697.2
1420700 1693.4
1420710 1693.4
1420720 1689.0
1420730 1683.7
1420740 1679.2
1420750 1679.2
1420760 1675.8
1420770 1672.4
1420780 1672.4
1420790 1670.0
1420800 1666.9
1420810 1666.9
1420820 1662.6
1420830 1660.9
1420840 1660.9
1420850 1659.9
1420860 1658.5
1420870 1658.5
1420880 1654.1
1420890 1648.0
1420900 1648.0
1420910 1641.7
1420920 1636.3
1420930 1636.3
1420940 1632.2
1420950 1628.2
1420960 1628.2
1420970 1623.3
1420980 1618.2
1420990 1618.2
1421000 1613.4
1421010 1608.7
1421020 1604.6
1421030 1604.6
1421040 1600.2
1421050 1597.1
1421060 1597.1
1421070 1595.7
1421080 1593.1
1421090 1593.1
1421100 1589.6
1421110 1585.4
1421120 1585.4
1421130 1579.8
1421140 1573.0
1421150 1573.0
1421160 1567.9
1421170 1564.1
1421180 1564.1
1421190 1561.0
1421200 1557.4
1421210 1557.4
1421220 1554.0
1421230 1549.9
1421240 1549.9
1421250 1544.6
1421260 1539.5
1421270 1539.5
1421280 1534.5
1421290 1532.0
1421300 1532.0
1421310 1530.8
1421320 1529.8
1421330 1527.6
1421340 1527.6
1421350 1524.0
1421360 1518.5
1421370 1518.5
1421380 1512.5
1421390 1506.4
1421400 1506.4
1421410 1501.3
1421420 1497.9
1421430 1497.9
1421440 1497.9
1421450 1494.5
1421460 1494.5
1421470 1490.4
1421480 1485.4
1421490 1485.4
1421500 1480.6
1421510 1476.8
1421520 1476.8
1421530 1474.2
1421540 1472.0
1421550 1472.0
1421560 1469.8
1421570 1466.7
1421580 1466.7
1421590 1462.8
1421600 1457.6
1421610 1451.7
1421620 1451.7
1421630 1445.9
1421640 1439.0
1421650 1439.0
1421660 1434.8
1421670 1432.8
1421680 1432.8
1421690 1431.0
1421700 1427.9
1421710 1427.9
1421720 1424.0
1421730 1419.4
1421740 1419.4
1421750 1414.9
1421760 1408.7
1421770 1408.7
1421780 1402.3
1421790 1397.7
1421800 1397.7
1421810 1394.5
1421820 1389.5
1421830 1389.5
1421840 1383.3
1421850 1378.5
1421860 1378.5
1421870 1374.2
1421880 1368.9
1421890 1368.9
1421900 1364.4
1421910 1358.6
1421920 1353.4
1421930 1353.4
1421940 1348.8
1421950 1343.7
1421960 1343.7
1421970 1336.9
1421980 1328.5
1421990 1328.5
1422000 1321.5
1422010 1316.6
1422020 1316.6
1422030 1310.8
1422040 1305.9
1422050 1305.9
1422060 1301.3
1422070 1295.8
1422080 1295.8
1422090 1291.7
1422100 1288.6
1422110 1288.6
1422120 1284.5
1422130 1280.4
1422140 1280.4
1422150 1275.9
1422160 1270.9
1422170 1270.9
1422180 1266.3
1422190 1263.2
1422200 1258.4
1422210 1258.4
1422220 1255.4
1422230 1252.2
1422240 1252.2
1422250 1247.5
1422260 1243.8
1422270 1243.8
1422280 1240.7
1422290 1237.9
1422300 1237.9
1422310 1235.3
1422320 1232.9
1422330 1232.9
1422340 1229.4
1422350 1225.3
1422360 1225.3
1422370 1220.9
1422380 1215.1
1422390 1215.1
1422400 1211.0
1422410 1207.7
1422420 1207.7
1422430 1203.3
1422440 1200.0
1422450 1200.0
1422460 1194.9
1422470 1188.1
1422480 1188.1
1422490 1180.3
1422500 1172.6
1422510 1166.7
1422520 1166.7
1422530 1163.7
1422540 1159.0
1422550 1159.0
1422560 1150.9
1422570 1144.2
1422580 1144.2
1422590 1137.4
1422600 1131.2
1422610 1131.2
1422620 1124.9
1422630 1117.9
1422640 1117.9
1422650 1112.6
1422660 1106.5
1422670 1106.5
1422680 1103.9
1422690 1100.0
1422700 1100.0
1422710 1094.7
1422720 1088.5
1422730 1088.5
1422740 1084.7
1422750 1081.4
1422760 1081.4
1422770 1077.2
1422780 1071.8
1422790 1065.6
1422800 1065.6
1422810 1060.0
1422820 1054.5
1422830 1054.5
1422840 1047.9
1422850 1042.0
1422860 1042.0
1422870 1036.4
1422880 1030.0
1422890 1030.0
1422900 1027.3
1422910 1022.9
1422920 1022.9
1422930 1020.7
1422940 1018.0
1422950 1018.0
1422960 1015.5
1422970 1011.9
1422980 1011.9
1422990 1010.3
1423000 1009.0
1423010 1009.0
1423020 1008.5
1423030 1007.0
1423040 1007.0
1423050 1002.7
1423060 998.3
1423070 998.3
1423080 995.2
1423090 992.6
1423100 990.0
1423110 990.0
1423120 987.0
1423130 983.7
1423140 983.7
1423150 980.1
1423160 978.2
1423170 978.2
1423180 974.1
1423190 971.2
1423200 971.2
1423210 968.1
1423220 965.5
1423230 965.5
1423240 962.7
1423250 959.2
1423260 959.2
1423270 956.4
1423280 953.4
1423290 953.4
1423300 951.3
1423310 949.2
1423320 949.2
1423330 947.6
1423340 945.1
1423350 945.1
1423360 942.3
1423370 939.8
1423380 939.8
1423390 937.8
1423400 935.7
1423410 933.5
1423420 933.5
1423430 930.9
1423440 928.3
1423450 928.3
1423460 925.9
1423470 923.6
1423480 923.6
1423490 921.4
1423500 918.8
1423510 918.8
1423520 916.7
1423530 914.5
1423540 914.5
1423550 912.3
1423560 910.0
1423570 910.0
1423580 907.8
1423590 905.5
1423600 905.5
1423610 903.4
1423620 901.2
1423630 901.2
1423640 899.0
1423650 896.9
1423660 896.9
1423670 894.9
1423680 893.4
1423690 891.9
1423700 891.9
1423710 890.1
1423720 888.3
1423730 888.3
1423740 886.5
1423750 884.5
1423760 884.5
1423770 882.7
1423780 881.0
1423790 881.0
1423800 879.6
1423810 877.4
1423820 877.4
1423830 875.8
1423840 873.9
1423850 873.9
1423860 871.9
1423870 870.0
1423880 870.0
1423890 868.3
1423900 866.7
1423910 866.7
1423920 864.7
1423930 862.7
1423940 862.7
1423950 861.1
1423960 859.6
1423970 859.6
1423980 858.4
1423990 857.2
1424000 856.1
1424010 856.1
1424020 854.8
1424030 853.5
1424040 853.5
1424050 852.4
1424060 851.3
1424070 851.3
1424080 850.3
1424090 849.3
1424100 849.3
1424110 848.2
1424120 847.1
1424130 847.1
1424140 846.1
1424150 844.9
1424160 844.9
1424170 843.7
1424180 842.4
1424190 842.4
1424200 841.3
1424210 840.4
1424220 840.4
1424230 839.4
1424240 838.6
1424250 838.6
1424260 837.9
1424270 837.0
1424280 835.8
1424290 835.8
1424300 834.9
1424310 833.5
1424320 833.5
1424330 832.3
1424340 831.1
1424350 831.1
1424360 830.0
1424370 829.1
1424380 829.1
1424390 828.4
1424400 827.4
1424410 827.4
1424420 826.4
1424430 825.3
1424440 825.3
1424450 823.9
1424460 823.0
1424470 823.0
1424480 822.1
1424490 821.2
1424500 821.2
1424510 820.2
1424520 819.2
1424530 819.2
1424540 818.3
1424550 817.4
1424560 817.4
1424570 816.5
1424580 815.8
1424590 815.2
1424600 815.2
1424610 814.0
1424620 813.0
1424630 813.0
1424640 812.1
1424650 811.4
1424660 811.4
1424670 810.6
1424680 809.9
1424690 809.9
1424700 809.2
1424710 808.6
1424720 808.6
1424730 807.9
1424740 807.2
1424750 807.2
1424760 806.6
1424770 806.0
1424780 806.0
1424790 805.5
1424800 805.0
1424810 805.0
1424820 803.5
1424830 802.5
1424840 802.5
1424850 802.0
1424860 801.5
1424870 801.0
1424880 801.0
1424890 800.2
1424900 799.4
1424910 799.4
1424920 798.9
1424930 798.5
1424940 798.5
1424950 798.1
1424960 797.7
1424970 797.7
1424980 797.6
1424990 797.5
1425000 797.5
1425010 797.4
1425020 797.3
1425030 797.3
1425040 797.5
1425050 797.8
1425060 797.8
1425070 797.2
1425080 794.8
1425090 794.8
1425100 794.2
1425110 794.0
1425120 794.0
1425130 794.3
1425140 795.3
1425150 795.3
1425160 795.8
1425170 795.0
1425180 794.5
1425190 794.5
1425200 794.5
1425210 794.4
1425220 794.4
1425230 794.3
1425240 794.1
1425250 794.1
1425260 794.4
1425270 794.5
1425280 794.5
1425290 794.6
1425300 794.7
1425310 794.7
1425320 794.8
1425330 794.8
1425340 794.8
1425350 795.3
1425360 796.0
1425370 796.0
1425380 796.4
1425390 796.5
1425400 796.5
1425410 797.2
1425420 798.3
1425430 798.3
1425440 799.9
1425450 801.2
1425460 802.1
1425470 802.1
1425480 802.4
1425490 801.1
1425500 801.1
1425510 798.7
1425520 796.8
1425530 796.8
1425540 798.1
1425550 800.2
1425560 800.2
1425570 800.7
1425580 800.9
1425590 800.9
1425600 800.8
1425610 800.4
1425620 800.4
1425630 798.4
1425640 797.5
1425650 797.5
1425660 796.6
1425670 795.8
1425680 795.8
1425690 795.2
1425700 794.9
1425710 794.9
1425720 795.0
1425730 795.3
1425740 795.3
1425750 795.4
1425760 795.3
1425770 795.0
1425780 795.0
1425790 794.6
1425800 793.8
1425810 793.8
1425820 792.8
1425830 791.7
1425840 791.7
1425850 790.7
1425860 790.4
1425870 790.4
1425880 790.2
1425890 790.1
1425900 790.1
1425910 790.2
1425920 790.4
1425930 790.4
1425940 790.4
1425950 790.4
1425960 790.4
1425970 790.4
1425980 790.4
1425990 790.4
1426000 790.5
1426010 790.2
1426020 790.2
1426030 790.7
1426040 791.0
1426050 791.2
1426060 791.2
1426070 791.3
1426080 791.4
1426090 791.4
1426100 791.3
1426110 791.2
1426120 791.2
1426130 791.1
1426140 790.9
1426150 790.9
1426160 790.3
1426170 789.2
1426180 789.2
1426190 788.2
1426200 788.1
1426210 788.1
1426220 788.4
1426230 789.2
1426240 789.2
1426250 789.4
1426260 789.6
1426270 789.6
1426280 789.6
1426290 789.3
1426300 789.3
1426310 788.9
1426320 788.4
1426330 788.4
1426340 788.4
1426350 788.3
1426360 788.2
1426370 788.2
1426380 788.7
1426390 787.6
1426400 787.6
1426410 786.3
1426420 786.1
1426430 786.1
1426440 785.9
1426450 785.6
1426460 785.6
1426470 785.3
1426480 784.7
1426490 784.7
1426500 784.0
1426510 784.0
1426520 784.0
1426530 783.8
1426540 783.9
1426550 783.9
1426560 784.1
1426570 783.2
1426580 783.2
1426590 781.6
1426600 779.4
1426610 779.4
1426620 778.3
1426630 777.7
1426640 778.0
1426650 778.0
1426660 780.5
1426670 781.6
1426680 781.6
1426690 780.8
1426700 779.7
1426710 779.7
1426720 778.6
1426730 778.2
1426740 778.2
1426750 778.5
1426760 778.8
1426770 778.8
1426780 778.9
1426790 778.8
1426800 778.8
1426810 778.7
1426820 778.5
1426830 778.5
1426840 778.5
1426850 778.2
1426860 778.2
1426870 777.4
1426880 776.5
1426890 776.5
1426900 775.9
1426910 775.1
1426920 775.1
1426930 774.3
1426940 773.8
1426950 773.7
1426960 773.7
1426970 773.8
1426980 774.2
1426990 774.2
1427000 774.8
1427010 775.4
1427020 775.4
1427030 775.8
1427040 776.2
1427050 776.2
1427060 776.1
1427070 775.1
1427080 775.1
1427090 773.8
1427100 773.2
1427110 773.2
1427120 773.0
1427130 772.7
1427140 772.7
1427150 772.5
1427160 771.9
1427170 771.9
1427180 769.9
1427190 768.7
1427200 768.7
1427210 768.7
1427220 770.4
1427230 772.8
1427240 772.8
1427250 773.4
1427260 773.2
1427270 773.2
1427280 772.9
1427290 771.8
1427300 771.8
1427310 771.0
1427320 770.7
1427330 770.7
1427340 770.8
1427350 770.8
1427360 770.8
1427370 770.8
1427380 770.9
1427390 770.9
1427400 770.6
1427410 770.5
1427420 770.5
1427430 770.7
1427440 770.5
1427450 770.5
1427460 770.3
1427470 769.8
1427480 769.8
1427490 769.4
1427500 768.8
1427510 768.8
1427520 768.0
1427530 767.2
1427540 766.6
1427550 766.6
1427560 766.1
1427570 765.6
1427580 765.6
1427590 765.1
1427600 764.6
1427610 764.6
1427620 764.3
1427630 764.4
1427640 764.4
1427650 764.7
1427660 764.9
1427670 764.9
1427680 765.1
1427690 765.1
1427700 765.1
1427710 765.2
1427720 765.3
1427730 765.3
1427740 765.6
1427750 766.1
1427760 766.1
1427770 766.5
1427780 766.8
1427790 766.8
1427800 766.9
1427810 766.8
1427820 766.5
1427830 766.5
1427840 766.2
1427850 765.7
1427860 765.7
1427870 765.1
1427880 764.1
1427890 764.1
1427900 763.2
1427910 762.1
1427920 762.1
1427930 761.1
1427940 759.9
1427950 759.9
1427960 758.9
1427970 758.3
1427980 758.3
1427990 758.0
1428000 757.9
1428010 757.9
1428020 757.8
1428030 757.3
1428040 757.3
1428050 757.0
1428060 756.5
1428070 756.5
1428080 755.9
1428090 755.2
1428100 755.2
1428110 754.6
1428120 754.1
1428130 753.5
1428140 753.5
1428150 753.0
1428160 752.3
1428170 752.3
1428180 751.5
1428190 750.4
1428200 750.4
1428210 749.3
1428220 749.1
1428230 749.1
1428240 748.7
1428250 748.0
1428260 748.0
1428270 746.8
1428280 746.7
1428290 746.7
1428300 745.1
1428310 744.1
1428320 744.1
1428330 744.0
1428340 743.9
1428350 743.9
1428360 743.9
1428370 743.8
1428380 743.8
1428390 743.8
1428400 743.8
1428410 743.6
1428420 743.6
1428430 744.3
1428440 744.0
1428450 744.0
1428460 743.0
1428470 742.7
1428480 742.7
1428490 742.4
1428500 742.3
1428510 742.3
1428520 742.2
1428530 742.1
1428540 742.1
1428550 742.0
1428560 741.9
1428570 741.9
1428580 741.8
1428590 741.4
1428600 741.4
1428610 741.3
1428620 741.1
1428630 741.1
1428640 741.0
1428650 740.9
1428660 740.9
1428670 741.0
1428680 741.0
1428690 741.0
1428700 741.0
1428710 741.0
1428720 741.0
1428730 741.0
1428740 740.9
1428750 740.7
1428760 740.7
1428770 740.8
1428780 741.0
1428790 741.0
1428800 741.2
1428810 741.5
1428820 741.5
1428830 741.7
1428840 741.5
1428850 741.5
1428860 739.4
1428870 739.0
1428880 739.0
1428890 741.1
1428900 741.6
1428910 741.6
1428920 741.3
1428930 740.9
1428940 740.9
1428950 740.6
1428960 740.6
1428970 740.6
1428980 740.6
1428990 740.6
1429000 740.6
1429010 740.6
1429020 740.6
1429030 740.6
1429040 740.6
1429050 740.5
1429060 740.6
1429070 740.6
1429080 740.6
1429090 740.5
1429100 740.5
1429110 740.5
1429120 740.6
1429130 740.6
1429140 740.0
1429150 739.9
1429160 739.9
1429170 740.6
1429180 740.7
1429190 740.7
1429200 740.9
1429210 741.0
1429220 741.0
1429230 741.1
1429240 741.1
1429250 741.1
1429260 741.1
1429270 741.0
1429280 741.0
1429290 741.0
1429300 740.9
1429310 740.9
1429320 740.9
1429330 741.0
1429340 741.0
1429350 741.0
1429360 741.1
1429370 741.0
1429380 741.0
1429390 741.1
1429400 741.1
1429410 741.1
1429420 741.1
1429430 741.2
1429440 741.2
1429450 741.4
1429460 741.3
1429470 741.3
1429480 740.8
1429490 740.9
1429500 740.9
1429510 740.9
1429520 740.9
1429530 740.9
1429540 740.9
1429550 741.0
1429560 741.0
1429570 741.3
1429580 741.7
1429590 742.0
1429600 742.0
1429610 742.4
1429620 742.7
1429630 742.7
1429640 743.1
1429650 743.6
1429660 743.6
1429670 744.2
1429680 744.8
1429690 744.8
1429700 745.4
1429710 746.6
1429720 746.6
1429730 748.1
1429740 748.2
1429750 748.2
1429760 746.4
1429770 745.5
1429780 745.5
1429790 745.1
1429800 744.9
1429810 744.9
1429820 745.2
1429830 745.4
1429840 745.4
1429850 745.7
1429860 746.2
1429870 746.2
1429880 746.6
1429890 747.0
1429900 747.3
1429910 747.3
1429920 747.6
1429930 747.8
1429940 747.8
1429950 747.9
1429960 748.1
1429970 748.1
1429980 748.3
1429990 748.6
1430000 748.6
1430010 748.7
1430020 748.9
1430030 748.9
1430040 748.8
1430050 748.9
1430060 748.9
1430070 749.0
1430080 749.2
1430090 749.2
1430100 749.4
1430110 749.5
1430120 749.5
1430130 749.9
1430140 750.1
1430150 750.1
1430160 750.4
1430170 750.8
1430180 751.0
1430190 751.0
1430200 751.6
1430210 751.9
1430220 751.9
1430230 752.2
1430240 752.2
1430250 752.2
1430260 752.2
1430270 752.5
1430280 752.5
1430290 752.9
1430300 753.3
1430310 753.3
1430320 753.7
1430330 754.0
1430340 754.0
1430350 754.5
1430360 755.0
1430370 755.0
1430380 755.8
1430390 756.6
1430400 756.6
1430410 757.9
1430420 759.5
1430430 759.5
1430440 761.1
1430450 762.7
1430460 762.7
1430470 764.4
1430480 766.1
1430490 767.9
1430500 767.9
1430510 769.9
1430520 771.8
1430530 771.8
1430540 774.8
1430550 776.8
1430560 776.8
1430570 778.4
1430580 779.4
1430590 779.4
1430600 780.1
1430610 781.0
1430620 781.0
1430630 781.4
1430640 783.5
1430650 783.5
1430660 787.2
1430670 791.1
1430680 791.1
1430690 795.0
1430700 799.4
1430710 799.4
1430720 803.1
1430730 805.8
1430740 805.8
1430750 808.2
1430760 811.9
1430770 816.2
1430780 816.2
1430790 821.4
1430800 827.2
1430810 827.2
1430820 833.2
1430830 841.6
1430840 841.6
1430850 848.5
1430860 850.3
1430870 850.3
1430880 852.5
1430890 854.7
1430900 854.7
1430910 856.7
1430920 858.7
1430930 858.7
1430940 861.6
1430950 865.0
1430960 865.0
1430970 868.2
1430980 869.5
1430990 869.5
1431000 871.1
1431010 872.3
1431020 872.3
1431030 873.8
1431040 876.5
1431050 876.5
1431060 879.5
1431070 882.8
1431080 885.7
1431090 885.7
1431100 888.4
1431110 892.7
1431120 892.7
1431130 895.4
1431140 897.0
1431150 897.0
1431160 898.5
1431170 900.2
1431180 900.2
1431190 901.8
1431200 903.7
1431210 903.7
1431220 905.7
1431230 908.2
1431240 908.2
1431250 910.8
1431260 912.9
1431270 912.9
1431280 914.5
1431290 915.8
1431300 915.8
1431310 916.8
1431320 917.6
1431330 917.6
1431340 919.2
1431350 922.7
1431360 927.0
1431370 927.0
1431380 930.5
1431390 933.6
1431400 933.6
1431410 936.2
1431420 938.1
1431430 938.1
1431440 940.0
1431450 941.7
1431460 941.7
1431470 943.2
1431480 944.7
1431490 944.7
1431500 945.1
1431510 944.3
1431520 944.3
1431530 943.3
1431540 942.1
1431550 942.1
1431560 939.3
1431570 932.6
1431580 932.6
1431590 924.3
1431600 923.6
1431610 923.6
1431620 929.1
1431630 935.6
1431640 935.6
1431650 940.8
1431660 945.6
1431670 948.2
1431680 948.2
1431690 953.4
1431700 961.4
1431710 961.4
1431720 968.4
1431730 971.5
1431740 971.5
1431750 974.6
1431760 977.8
1431770 977.8
1431780 980.4
1431790 982.9
1431800 982.9
1431810 984.2
1431820 984.8
1431830 984.8
1431840 985.4
1431850 986.7
1431860 986.7
1431870 987.5
1431880 987.9
1431890 987.9
1431900 988.4
1431910 988.8
1431920 988.8
1431930 989.8
1431940 991.3
1431950 993.2
1431960 993.2
1431970 994.6
1431980 996.0
1431990 996.0
1432000 997.2
1432010 997.0
1432020 997.0
1432030 998.5
1432040 998.9
1432050 998.9
1432060 996.7
1432070 993.0
1432080 993.0
1432090 991.5
1432100 992.8
1432110 992.8
1432120 993.7
1432130 991.6
1432140 991.6
1432150 991.8
1432160 990.2
1432170 990.2
1432180 988.0
1432190 985.1
1432200 985.1
1432210 986.4
1432220 989.3
1432230 989.3
1432240 992.7
1432250 992.2
1432260 995.9
1432270 995.9
1432280 999.0
1432290 1002.3
1432300 1002.3
1432310 1006.1
1432320 1010.3
1432330 1010.3
1432340 1013.9
1432350 1016.7
1432360 1016.7
1432370 1020.1
1432380 1023.7
1432390 1023.7
1432400 1026.8
1432410 1031.5
1432420 1031.5
1432430 1035.9
1432440 1039.8
1432450 1039.8
1432460 1042.0
1432470 1041.1
1432480 1041.1
1432490 1040.5
1432500 1041.7
1432510 1041.7
1432520 1042.6
1432530 1049.0
1432540 1055.4
1432550 1055.4
1432560 1062.3
1432570 1068.2
1432580 1068.2
1432590 1073.7
1432600 1079.7
1432610 1079.7
1432620 1085.7
1432630 1090.9
1432640 1090.9
1432650 1095.8
1432660 1099.1
1432670 1099.1
1432680 1098.2
1432690 1099.3
1432700 1099.3
1432710 1102.9
1432720 1105.8
1432730 1105.8
1432740 1108.0
1432750 1111.0
1432760 1111.0
1432770 1114.5
1432780 1116.6
1432790 1116.6
1432800 1117.7
1432810 1119.3
1432820 1119.3
1432830 1123.2
1432840 1127.5
1432850 1131.7
1432860 1131.7
1432870 1134.7
1432880 1138.8
1432890 1138.8
1432900 1142.3
1432910 1145.1
1432920 1145.1
1432930 1148.6
1432940 1151.8
1432950 1151.8
1432960 1155.3
1432970 1158.3
1432980 1158.3
1432990 1161.8
1433000 1165.6
1433010 1165.6
1433020 1168.1
1433030 1170.4
1433040 1170.4
1433050 1172.8
1433060 1176.5
1433070 1176.5
1433080 1180.7
1433090 1184.8
1433100 1184.8
1433110 1188.2
1433120 1191.7
1433130 1191.7
1433140 1195.8
1433150 1199.8
1433160 1204.4
1433170 1204.4
1433180 1208.1
1433190 1212.3
1433200 1212.3
1433210 1216.3
1433220 1219.4
1433230 1219.4
1433240 1223.6
1433250 1224.2
1433260 1224.2
1433270 1229.8
1433280 1231.6
1433290 1231.6
1433300 1232.3
1433310 1232.2
1433320 1232.2
1433330 1235.7
1433340 1241.6
1433350 1241.6
1433360 1247.2
1433370 1251.8
1433380 1251.8
1433390 1254.9
1433400 1257.5
1433410 1257.5
1433420 1259.3
1433430 1260.8
1433440 1261.0
1433450 1261.0
1433460 1262.6
1433470 1267.1
1433480 1267.1
1433490 1272.2
1433500 1275.0
1433510 1275.0
1433520 1279.6
1433530 1285.0
1433540 1285.0
1433550 1289.6
1433560 1293.5
1433570 1293.5
1433580 1294.2
1433590 1293.7
1433600 1293.7
1433610 1292.2
1433620 1290.2
1433630 1290.2
1433640 1288.1
1433650 1285.7
1433660 1285.7
1433670 1284.1
1433680 1285.9
1433690 1285.9
1433700 1288.8
1433710 1287.8
1433720 1287.8
1433730 1284.8
1433740 1281.4
1433750 1277.0
1433760 1277.0
1433770 1274.5
1433780 1272.8
1433790 1272.8
1433800 1273.5
1433810 1273.8
1433820 1273.8
1433830 1274.0
1433840 1275.0
1433850 1275.0
1433860 1276.0
1433870 1276.6
1433880 1276.6
1433890 1276.3
1433900 1275.0
1433910 1275.0
1433920 1274.6
1433930 1274.3
1433940 1274.3
1433950 1273.4
1433960 1272.3
1433970 1272.3
1433980 1270.8
1433990 1269.6
1434000 1269.6
1434010 1270.3
1434020 1271.8
1434030 1273.6
1434040 1273.6
1434050 1274.7
1434060 1275.2
1434070 1275.2
1434080 1276.2
1434090 1277.8
1434100 1277.8
1434110 1280.0
1434120 1281.6
1434130 1281.6
1434140 1279.8
1434150 1279.2
1434160 1279.2
1434170 1281.7
1434180 1283.9
1434190 1283.9
1434200 1285.9
1434210 1286.9
1434220 1286.9
1434230 1287.9
1434240 1287.7
1434250 1287.7
1434260 1286.5
1434270 1285.1
1434280 1285.1
1434290 1283.9
1434300 1283.5
1434310 1283.5
1434320 1282.9
1434330 1281.7
1434340 1279.9
1434350 1279.9
1434360 1277.7
1434370 1274.5
1434380 1274.5
1434390 1271.4
1434400 1267.2
1434410 1267.2
1434420 1261.5
1434430 1255.0
1434440 1255.0
1434450 1249.3
1434460 1243.9
1434470 1243.9
1434480 1238.9
1434490 1234.6
1434500 1234.6
1434510 1230.0
1434520 1225.7
1434530 1225.7
1434540 1221.7
1434550 1214.8
1434560 1214.8
1434570 1209.0
1434580 1202.7
1434590 1202.7
1434600 1196.8
1434610 1193.7
1434620 1190.5
1434630 1190.5
1434640 1188.1
1434650 1185.4
1434660 1185.4
1434670 1183.2
1434680 1181.0
1434690 1181.0
1434700 1179.2
1434710 1176.3
1434720 1176.3
1434730 1172.8
1434740 1168.2
1434750 1168.2
1434760 1164.3
1434770 1161.2
1434780 1161.2
1434790 1156.2
1434800 1151.2
1434810 1151.2
1434820 1147.5
1434830 1142.6
1434840 1142.6
1434850 1137.7
1434860 1133.8
1434870 1133.8
1434880 1130.8
1434890 1126.9
1434900 1126.9
1434910 1122.7
1434920 1117.9
1434930 1113.8
1434940 1113.8
1434950 1110.9
1434960 1106.0
1434970 1106.0
1434980 1098.7
1434990 1092.0
1435000 1092.0
1435010 1084.4
1435020 1081.5
1435030 1081.5
1435040 1078.3
1435050 1077.3
1435060 1077.3
1435070 1071.1
1435080 1069.7
1435090 1069.7
1435100 1069.8
1435110 1069.3
1435120 1069.3
1435130 1067.9
1435140 1065.7
1435150 1065.7
1435160 1062.7
1435170 1058.1
1435180 1058.1
1435190 1053.3
1435200 1049.2
1435210 1045.9
1435220 1045.9
1435230 1042.2
1435240 1039.2
1435250 1039.2
1435260 1036.5
1435270 1034.2
1435280 1034.2
1435290 1032.0
1435300 1029.1
1435310 1029.1
1435320 1025.4
1435330 1021.2
1435340 1021.2
1435350 1015.4
1435360 1009.6
1435370 1009.6
1435380 1003.6
1435390 998.1
1435400 998.1
1435410 993.3
1435420 986.9
1435430 986.9
1435440 980.2
1435450 974.1
1435460 974.1
1435470 969.0
1435480 965.0
1435490 965.0
1435500 961.6
1435510 958.0
1435520 953.8
1435530 953.8
1435540 950.2
1435550 947.4
1435560 947.4
1435570 944.3
1435580 942.1
1435590 942.1
1435600 940.1
1435610 938.3
1435620 938.3
1435630 936.4
1435640 934.4
1435650 934.4
1435660 932.1
1435670 930.5
1435680 930.5
1435690 929.5
1435700 928.3
1435710 928.3
1435720 926.9
1435730 925.6
1435740 925.6
1435750 923.8
1435760 922.0
1435770 922.0
1435780 920.5
1435790 919.3
1435800 917.8
1435810 917.8
1435820 916.4
1435830 915.2
1435840 915.2
1435850 913.0
1435860 908.6
1435870 908.6
1435880 904.5
1435890 901.9
1435900 901.9
1435910 899.5
1435920 897.1
1435930 897.1
1435940 894.6
1435950 891.7
1435960 891.7
1435970 888.6
1435980 885.4
1435990 885.4
1436000 882.4
1436010 879.7
1436020 879.7
1436030 877.4
1436040 875.0
1436050 875.0
1436060 872.7
1436070 870.5
1436080 870.5
1436090 868.7
1436100 867.2
1436110 866.4
1436120 866.4
1436130 865.5
1436140 864.1
1436150 864.1
1436160 862.9
1436170 861.1
1436180 861.1
1436190 858.8
1436200 856.4
1436210 856.4
1436220 854.0
1436230 852.2
1436240 852.2
1436250 850.8
1436260 849.3
1436270 849.3
1436280 847.9
1436290 846.4
1436300 846.4
1436310 845.3
1436320 844.9
1436330 844.9
1436340 844.0
1436350 842.8
1436360 842.8
1436370 841.5
1436380 839.8
1436390 837.9
1436400 837.9
1436410 836.0
1436420 833.9
1436430 833.9
1436440 831.6
1436450 829.1
1436460 829.1
1436470 826.2
1436480 823.1
1436490 823.1
1436500 820.1
1436510 817.6
1436520 817.6
1436530 816.0
1436540 815.6
1436550 815.6
1436560 815.5
1436570 815.1
1436580 815.1
1436590 815.1
1436600 815.4
1436610 815.4
1436620 815.5
1436630 815.3
1436640 815.3
1436650 815.1
1436660 814.1
1436670 814.1
1436680 815.5
1436690 816.0
1436700 817.0
1436710 817.0
1436720 820.2
1436730 824.6
1436740 824.6
1436750 829.3
1436760 833.2
1436770 833.2
1436780 835.8
1436790 838.5
1436800 838.5
1436810 842.4
1436820 845.5
1436830 845.5
1436840 844.9
1436850 847.8
1436860 847.8
1436870 855.8
1436880 860.8
1436890 860.8
1436900 863.0
1436910 865.6
1436920 865.6
1436930 868.3
1436940 870.5
1436950 870.5
1436960 872.1
1436970 873.6
1436980 874.8
1436990 874.8
1437000 876.0
1437010 877.3
1437020 877.3
1437030 879.3
1437040 882.2
1437050 882.2
1437060 885.2
1437070 888.1
1437080 888.1
1437090 891.2
1437100 893.7
1437110 893.7
1437120 896.6
1437130 900.2
1437140 900.2
1437150 904.5
1437160 907.5
1437170 907.5
1437180 909.3
1437190 910.7
1437200 910.7
1437210 912.4
1437220 914.8
1437230 914.8
1437240 917.0
1437250 919.1
1437260 919.1
1437270 921.1
1437280 923.8
1437290 925.9
1437300 925.9
1437310 927.4
1437320 929.2
1437330 929.2
1437340 930.7
1437350 932.2
1437360 932.2
1437370 933.1
1437380 933.9
1437390 933.9
1437400 934.7
1437410 935.7
1437420 935.7
1437430 936.7
1437440 937.6
1437450 937.6
1437460 938.7
1437470 940.1
1437480 940.1
1437490 941.6
1437500 943.1
1437510 943.1
1437520 944.4
1437530 945.8
1437540 945.8
1437550 947.5
1437560 949.1
1437570 950.6
1437580 950.6
1437590 951.1
1437600 952.8
1437610 952.8
1437620 954.2
1437630 955.6
1437640 955.6
1437650 957.0
1437660 958.5
1437670 958.5
1437680 959.8
1437690 961.3
1437700 960.1
1437710 962.0
1437720 964.2
1437730 964.2
1437740 966.0
1437750 967.3
1437760 967.3
1437770 968.6
1437780 970.2
1437790 970.2
1437800 971.7
1437810 973.2
1437820 973.2
1437830 974.8
1437840 976.6
1437850 976.6
1437860 978.3
1437870 980.2
1437880 982.1
1437890 982.1
1437900 983.9
1437910 985.8
1437920 985.8
1437930 987.5
1437940 989.0
1437950 989.0
1437960 990.5
1437970 992.1
1437980 992.1
1437990 993.8
1438000 995.5
1438010 995.5
1438020 997.3
1438030 999.0
1438040 999.0
1438050 1001.7
1438060 1004.5
1438070 1004.5
1438080 1007.2
1438090 1009.6
1438100 1009.6
1438110 1012.0
1438120 1014.3
1438130 1014.3
1438140 1016.9
1438150 1019.5
1438160 1022.5
1438170 1022.5
1438180 1024.9
1438190 1026.6
1438200 1026.6
1438210 1029.1
1438220 1031.5
1438230 1031.5
1438240 1033.7
1438250 1035.9
1438260 1035.9
1438270 1038.3
1438280 1041.1
1438290 1041.1
1438300 1042.9
1438310 1045.2
1438320 1045.2
1438330 1048.2
1438340 1051.4
1438350 1051.4
1438360 1054.2
1438370 1056.6
1438380 1056.6
1438390 1059.1
1438400 1061.5
1438410 1061.5
1438420 1064.3
1438430 1067.0
1438440 1067.0
1438450 1068.3
1438460 1070.9
1438470 1075.4
1438480 1075.4
1438490 1080.0
1438500 1082.9
1438510 1082.9
1438520 1086.3
1438530 1089.5
1438540 1089.5
1438550 1091.6
1438560 1094.3
1438570 1094.3
1438580 1097.7
1438590 1101.7
1438600 1101.7
1438610 1104.6
1438620 1107.4
1438630 1107.4
1438640 1110.6
1438650 1113.8
1438660 1113.8
1438670 1116.6
1438680 1119.3
1438690 1119.3
1438700 1122.2
1438710 1125.2
1438720 1125.2
1438730 1128.2
1438740 1131.2
1438750 1134.1
1438760 1134.1
1438770 1137.4
1438780 1141.7
1438790 1141.7
1438800 1144.6
1438810 1145.0
1438820 1145.0
1438830 1146.5
1438840 1149.2
1438850 1149.2
1438860 1151.1
1438870 1153.5
1438880 1153.5
1438890 1156.2
1438900 1158.7
1438910 1158.7
1438920 1161.4
1438930 1164.5
1438940 1164.5
1438950 1167.4
1438960 1169.9
1438970 1169.9
1438980 1172.2
1438990 1174.2
1439000 1174.2
1439010 1176.0
1439020 1177.9
1439030 1177.9
1439040 1179.7
1439050 1181.6
1439060 1183.7
1439070 1183.7
1439080 1185.9
1439090 1187.6
1439100 1187.6
1439110 1189.1
1439120 1190.4
1439130 1190.4
1439140 1191.4
1439150 1192.8
1439160 1192.8
1439170 1193.7
1439180 1194.4
1439190 1194.4
1439200 1195.2
1439210 1196.2
1439220 1196.2
1439230 1197.0
1439240 1198.3
1439250 1198.3
1439260 1199.5
1439270 1200.7
1439280 1200.7
1439290 1201.7
1439300 1202.5
1439310 1202.5
1439320 1202.7
1439330 1202.8
1439340 1203.0
1439350 1203.0
1439360 1203.5
1439370 1203.6
1439380 1203.6
1439390 1203.5
1439400 1203.6
1439410 1203.6
1439420 1203.4
1439430 1202.9
1439440 1202.9
1439450 1202.5
1439460 1202.2
1439470 1202.2
1439480 1201.8
1439490 1201.4
1439500 1201.4
1439510 1200.3
1439520 1199.7
1439530 1199.7
1439540 1198.8
1439550 1197.2
1439560 1197.2
1439570 1195.7
1439580 1194.6
1439590 1194.6
1439600 1193.9
1439610 1192.7
1439620 1192.7
1439630 1191.1
1439640 1189.0
1439650 1186.7
1439660 1186.7
1439670 1184.8
1439680 1183.0
1439690 1183.0
1439700 1181.5
1439710 1180.5
1439720 1180.5
1439730 1179.4
1439740 1178.2
1439750 1178.2
1439760 1176.5
1439770 1175.0
1439780 1175.0
1439790 1173.5
1439800 1172.4
1439810 1172.4
1439820 1170.7
1439830 1168.9
1439840 1168.9
1439850 1166.6
1439860 1164.4
1439870 1164.4
1439880 1162.3
1439890 1160.2
1439900 1160.2
1439910 1158.0
1439920 1155.1
1439930 1152.2
1439940 1152.2
1439950 1150.1
1439960 1148.1
1439970 1148.1
1439980 1145.9
1439990 1144.2
