1420000 1429.4
1420010 1431.4
1420020 1434.3
1420030 1434.3
1420040 1436.0
1420050 1436.7
1420060 1436.7
1420070 1440.3
1420080 1445.1
1420090 1445.1
1420100 1449.5
1420110 1451.9
1420120 1451.9
1420130 1454.8
1420140 1457.8
1420150 1457.8
1420160 1460.5
1420170 1463.2
1420180 1471.5
1420190 1471.5
1420200 1476.4
1420210 1481.1
1420220 1481.1
1420230 1487.5
1420240 1492.4
1420250 1492.4
1420260 1495.1
1420270 1498.1
1420280 1498.1
1420290 1501.5
1420300 1503.6
1420310 1503.6
1420320 1509.1
1420330 1514.2
1420340 1514.2
1420350 1518.7
1420360 1522.9
1420370 1522.9
1420380 1527.7
1420390 1535.8
1420400 1535.8
1420410 1544.4
1420420 1554.0
1420430 1554.0
1420440 1562.1
1420450 1568.6
1420460 1568.6
1420470 1574.2
1420480 1580.2
1420490 1585.5
1420500 1585.5
1420510 1590.5
1420520 1596.6
1420530 1596.6
1420540 1601.6
1420550 1607.1
1420560 1607.1
1420570 1614.2
1420580 1621.1
1420590 1621.1
1420600 1626.6
1420610 1630.4
1420620 1630.4
1420630 1630.4
1420640 1628.4
1420650 1628.4
1420660 1626.9
1420670 1626.3
1420680 1626.3
1420690 1626.7
1420700 1626.2
1420710 1626.2
1420720 1625.6
1420730 1625.0
1420740 1625.0
1420750 1622.7
1420760 1619.4
1420770 1619.4
1420780 1615.4
1420790 1611.6
1420800 1608.3
1420810 1608.3
1420820 1605.6
1420830 1602.9
1420840 1602.9
1420850 1600.3
1420860 1597.8
1420870 1597.8
1420880 1595.1
1420890 1591.3
1420900 1591.3
1420910 1588.2
1420920 1585.0
1420930 1585.0
1420940 1580.5
1420950 1576.2
1420960 1576.2
1420970 1571.5
1420980 1567.0
1420990 1567.0
1421000 1562.9
1421010 1559.0
1421020 1559.0
1421030 1554.6
1421040 1553.7
1421050 1553.7
1421060 1551.7
1421070 1548.3
1421080 1545.1
1421090 1545.1
1421100 1541.6
1421110 1537.3
1421120 1537.3
1421130 1535.3
1421140 1533.3
1421150 1533.3
1421160 1532.1
1421170 1530.7
1421180 1530.7
1421190 1531.0
1421200 1531.3
1421210 1531.3
1421220 1532.4
1421230 1535.4
1421240 1535.4
1421250 1537.2
1421260 1538.8
1421270 1538.8
1421280 1540.0
1421290 1541.0
1421300 1541.0
1421310 1542.7
1421320 1545.6
1421330 1545.6
1421340 1550.7
1421350 1554.2
1421360 1554.2
1421370 1556.2
1421380 1558.9
1421390 1561.5
1421400 1561.5
1421410 1563.6
1421420 1565.9
1421430 1565.9
1421440 1568.4
1421450 1570.8
1421460 1570.8
1421470 1573.0
1421480 1574.8
1421490 1574.8
1421500 1576.3
1421510 1577.4
1421520 1577.4
1421530 1578.2
1421540 1579.9
1421550 1579.9
1421560 1581.1
1421570 1582.3
1421580 1582.3
1421590 1584.6
1421600 1587.1
1421610 1587.1
1421620 1589.5
1421630 1591.9
1421640 1591.9
1421650 1594.1
1421660 1596.8
1421670 1596.8
1421680 1599.5
1421690 1602.3
1421700 1604.9
1421710 1604.9
1421720 1607.0
1421730 1608.8
1421740 1608.8
1421750 1610.2
1421760 1611.4
1421770 1611.4
1421780 1610.8
1421790 1608.0
1421800 1608.0
1421810 1603.3
1421820 1598.4
1421830 1598.4
1421840 1593.7
1421850 1588.0
1421860 1588.0
1421870 1581.9
1421880 1574.3
1421890 1574.3
1421900 1567.5
1421910 1561.7
1421920 1561.7
1421930 1557.2
1421940 1554.6
1421950 1554.6
1421960 1552.5
1421970 1550.2
1421980 1547.2
1421990 1547.2
1422000 1543.9
1422010 1541.7
1422020 1541.7
1422030 1540.1
1422040 1538.7
1422050 1538.7
1422060 1536.8
1422070 1534.2
1422080 1534.2
1422090 1529.3
1422100 1524.6
1422110 1524.6
1422120 1521.5
1422130 1521.3
1422140 1521.3
1422150 1518.4
1422160 1512.8
1422170 1512.8
1422180 1508.7
1422190 1505.3
1422200 1502.9
1422210 1496.8
1422220 1491.6
1422230 1491.6
1422240 1487.2
1422250 1482.5
1422260 1482.5
1422270 1479.3
1422280 1476.1
1422290 1472.1
1422300 1472.1
1422310 1468.1
1422320 1464.4
1422330 1464.4
1422340 1460.7
1422350 1458.3
1422360 1458.3
1422370 1456.5
1422380 1454.3
1422390 1454.3
1422400 1452.0
1422410 1449.8
1422420 1449.8
1422430 1446.9
1422440 1443.6
1422450 1443.6
1422460 1441.4
1422470 1439.0
1422480 1439.0
1422490 1435.4
1422500 1431.6
1422510 1431.6
1422520 1428.6
1422530 1424.9
1422540 1424.9
1422550 1420.9
1422560 1417.1
1422570 1417.1
1422580 1412.1
1422590 1406.3
1422600 1401.0
1422610 1401.0
1422620 1396.8
1422630 1393.8
1422640 1393.8
1422650 1391.9
1422660 1390.2
1422670 1390.2
1422680 1387.3
1422690 1383.2
1422700 1383.2
1422710 1378.3
1422720 1372.7
1422730 1372.7
1422740 1367.1
1422750 1363.5
1422760 1363.5
1422770 1359.4
1422780 1354.8
1422790 1354.8
1422800 1351.0
1422810 1348.1
1422820 1348.1
1422830 1345.7
1422840 1342.8
1422850 1342.8
1422860 1339.6
1422870 1336.5
1422880 1333.5
1422890 1333.5
1422900 1331.4
1422910 1328.3
1422920 1328.3
1422930 1325.1
1422940 1322.1
1422950 1322.1
1422960 1319.2
1422970 1317.2
1422980 1317.2
1422990 1315.8
1423000 1314.7
1423010 1314.7
1423020 1313.4
1423030 1312.4
1423040 1312.4
1423050 1311.3
1423060 1309.7
1423070 1309.7
1423080 1307.4
1423090 1304.3
1423100 1304.3
1423110 1300.9
1423120 1297.1
1423130 1297.1
1423140 1292.7
1423150 1287.7
1423160 1287.7
1423170 1282.4
1423180 1277.9
1423190 1273.7
1423200 1273.7
1423210 1270.0
1423220 1265.9
1423230 1265.9
1423240 1262.7
1423250 1260.9
1423260 1260.9
1423270 1260.1
1423280 1260.0
1423290 1260.0
1423300 1260.6
1423310 1259.5
1423320 1259.5
1423330 1256.3
1423340 1252.5
1423350 1252.5
1423360 1248.8
1423370 1245.0
1423380 1245.0
1423390 1240.4
1423400 1236.6
1423410 1236.6
1423420 1234.2
1423430 1232.0
1423440 1232.0
1423450 1228.2
1423460 1223.6
1423470 1223.6
1423480 1218.1
1423490 1215.0
1423500 1211.1
1423510 1211.1
1423520 1205.6
1423530 1205.4
1423540 1205.4
1423550 1203.8
1423560 1200.7
1423570 1200.7
1423580 1197.6
1423590 1194.5
1423600 1194.5
1423610 1191.2
1423620 1188.2
1423630 1188.2
1423640 1185.3
1423650 1181.9
1423660 1181.9
1423670 1179.4
1423680 1179.0
1423690 1179.0
1423700 1178.2
1423710 1175.6
1423720 1175.6
1423730 1172.3
1423740 1169.1
1423750 1169.1
1423760 1165.6
1423770 1161.6
1423780 1158.4
1423790 1158.4
1423800 1155.3
1423810 1152.2
1423820 1152.2
1423830 1146.6
1423840 1139.7
1423850 1139.7
1423860 1136.8
1423870 1135.7
1423880 1135.7
1423890 1132.0
1423900 1128.0
1423910 1128.0
1423920 1124.2
1423930 1121.5
1423940 1121.5
1423950 1119.1
1423960 1116.5
1423970 1116.5
1423980 1114.5
1423990 1112.2
1424000 1112.2
1424010 1108.5
1424020 1104.4
1424030 1104.4
1424040 1101.2
1424050 1098.5
1424060 1098.5
1424070 1091.8
1424080 1084.7
1424090 1078.2
1424100 1078.2
1424110 1072.4
1424120 1067.3
1424130 1067.3
1424140 1062.1
1424150 1058.6
1424160 1058.6
1424170 1054.7
1424180 1050.0
1424190 1050.0
1424200 1045.0
1424210 1039.1
1424220 1039.1
1424230 1033.0
1424240 1026.6
1424250 1026.6
1424260 1024.0
1424270 1023.0
1424280 1023.0
1424290 1020.1
1424300 1016.6
1424310 1016.6
1424320 1010.8
1424330 1007.5
1424340 1007.5
1424350 1004.5
1424360 1001.2
1424370 1001.2
1424380 998.3
1424390 995.9
1424400 992.8
1424410 992.8
1424420 989.1
1424430 985.9
1424440 985.9
1424450 981.2
1424460 974.5
1424470 974.5
1424480 969.1
1424490 962.6
1424500 962.6
1424510 955.8
1424520 950.4
1424530 950.4
1424540 946.4
1424550 943.0
1424560 943.0
1424570 938.5
1424580 934.1
1424590 934.1
1424600 930.3
1424610 927.1
1424620 927.1
1424630 922.8
1424640 917.3
1424650 917.3
1424660 912.2
1424670 907.4
1424680 902.5
1424690 902.5
1424700 896.4
1424710 892.0
1424720 892.0
1424730 888.9
1424740 886.3
1424750 886.3
1424760 884.0
1424770 881.2
1424780 881.2
1424790 878.1
1424800 874.9
1424810 874.9
1424820 871.4
1424830 868.6
1424840 868.6
1424850 866.0
1424860 863.4
1424870 863.4
1424880 860.5
1424890 857.5
1424900 857.5
1424910 855.1
1424920 852.6
1424930 852.6
1424940 850.2
1424950 848.1
1424960 848.1
1424970 845.6
1424980 842.5
1424990 839.8
1425000 839.8
1425010 837.2
1425020 834.6
1425030 834.6
1425040 831.9
1425050 829.4
1425060 829.4
1425070 827.3
1425080 825.0
1425090 825.0
1425100 822.6
1425110 820.4
1425120 820.4
1425130 818.1
1425140 816.0
1425150 816.0
1425160 814.0
1425170 812.1
1425180 812.1
1425190 810.1
1425200 808.1
1425210 808.1
1425220 806.0
1425230 804.0
1425240 804.0
1425250 802.1
1425260 800.1
1425270 800.1
1425280 798.3
1425290 796.5
1425300 794.8
1425310 794.8
1425320 793.3
1425330 791.3
1425340 791.3
1425350 789.3
1425360 787.6
1425370 787.6
1425380 785.9
1425390 783.9
1425400 783.9
1425410 782.1
1425420 780.4
1425430 780.4
1425440 778.7
1425450 777.1
1425460 777.1
1425470 775.6
1425480 774.5
1425490 774.5
1425500 772.6
1425510 771.4
1425520 771.4
1425530 770.0
1425540 768.1
1425550 768.1
1425560 766.3
1425570 764.7
1425580 762.6
1425590 762.6
1425600 760.8
1425610 759.8
1425620 759.8
1425630 759.2
1425640 758.5
1425650 758.5
1425660 757.1
1425670 755.2
1425680 755.2
1425690 754.1
1425700 753.6
1425710 753.6
1425720 753.2
1425730 752.3
1425740 752.3
1425750 751.5
1425760 749.7
1425770 749.7
1425780 748.4
1425790 747.9
1425800 747.9
1425810 748.4
1425820 748.9
1425830 748.9
1425840 748.1
1425850 746.7
1425860 746.7
1425870 746.6
1425880 746.2
1425890 746.8
1425900 746.8
1425910 747.0
1425920 746.3
1425930 746.3
1425940 745.7
1425950 745.6
1425960 745.6
1425970 745.5
1425980 745.4
1425990 745.4
1426000 745.0
1426010 744.8
1426020 744.8
1426030 744.6
1426040 744.4
1426050 744.4
1426060 744.3
1426070 744.3
1426080 744.3
1426090 744.1
1426100 744.0
1426110 744.0
1426120 743.9
1426130 743.8
1426140 743.8
1426150 743.9
1426160 743.9
1426170 744.2
1426180 744.2
1426190 744.4
1426200 744.9
1426210 744.9
1426220 746.3
1426230 748.1
1426240 748.1
1426250 749.6
1426260 751.2
1426270 751.2
1426280 753.0
1426290 755.1
1426300 755.1
1426310 757.4
1426320 758.3
1426330 758.3
1426340 757.9
1426350 755.9
1426360 755.9
1426370 753.6
1426380 754.5
1426390 754.5
1426400 755.6
1426410 756.0
1426420 756.0
1426430 757.0
1426440 758.2
1426450 758.7
1426460 759.8
1426470 760.9
1426480 761.6
1426490 761.6
1426500 761.8
1426510 762.3
1426520 762.3
1426530 762.7
1426540 763.6
1426550 763.6
1426560 764.7
1426570 765.4
1426580 765.4
1426590 766.1
1426600 766.9
1426610 766.9
1426620 767.7
1426630 768.3
1426640 768.3
1426650 769.2
1426660 769.9
1426670 769.9
1426680 770.2
1426690 771.4
1426700 771.4
1426710 772.6
1426720 773.5
1426730 773.5
1426740 774.6
1426750 775.7
1426760 775.7
1426770 776.7
1426780 778.1
1426790 779.6
1426800 779.6
1426810 781.1
1426820 781.6
1426830 781.6
1426840 782.1
1426850 782.3
1426860 782.3
1426870 782.8
1426880 783.8
1426890 783.8
1426900 785.2
1426910 786.4
1426920 786.4
1426930 787.0
1426940 787.1
1426950 787.1
1426960 786.8
1426970 785.9
1426980 785.9
1426990 783.9
1427000 781.2
1427010 781.2
1427020 777.8
1427030 773.5
1427040 773.5
1427050 770.0
1427060 767.9
1427070 766.7
1427080 766.7
1427090 765.6
1427100 764.4
1427110 764.4
1427120 763.1
1427130 760.5
1427140 760.5
1427150 757.7
1427160 755.4
1427170 755.4
1427180 752.9
1427190 750.4
1427200 750.4
1427210 747.7
1427220 745.7
1427230 745.7
1427240 744.6
1427250 743.6
1427260 743.6
1427270 742.6
1427280 741.5
1427290 741.5
1427300 740.3
1427310 739.0
1427320 739.0
1427330 737.6
1427340 736.4
1427350 736.4
1427360 735.8
1427370 735.3
1427380 734.9
1427390 734.9
1427400 734.5
1427410 734.4
1427420 734.4
1427430 734.2
1427440 733.7
1427450 733.7
1427460 732.5
1427470 732.5
1427480 732.5
1427490 732.5
1427500 732.5
1427510 732.5
1427520 732.2
1427530 731.9
1427540 731.9
1427550 732.3
1427560 732.4
1427570 732.4
1427580 732.2
1427590 732.3
1427600 732.3
1427610 732.2
1427620 732.0
1427630 732.0
1427640 731.8
1427650 732.0
1427660 732.0
1427670 732.2
1427680 732.4
1427690 732.8
1427700 732.8
1427710 733.0
1427720 733.2
1427730 733.2
1427740 733.3
1427750 733.5
1427760 733.5
1427770 733.7
1427780 733.8
1427790 733.8
1427800 733.8
1427810 733.9
1427820 733.9
1427830 734.0
1427840 734.1
1427850 734.1
1427860 734.3
1427870 734.4
1427880 734.4
1427890 734.6
1427900 734.7
1427910 734.7
1427920 734.8
1427930 735.1
1427940 735.1
1427950 735.3
1427960 735.4
1427970 735.6
1427980 735.6
1427990 735.7
1428000 735.8
1428010 735.8
1428020 736.1
1428030 736.3
1428040 736.3
1428050 734.7
1428060 731.2
1428070 731.2
1428080 731.9
1428090 734.8
1428100 734.8
1428110 735.2
1428120 735.2
1428130 735.2
1428140 737.7
1428150 736.1
1428160 736.1
1428170 734.3
1428180 734.9
1428190 734.9
1428200 735.2
1428210 735.4
1428220 735.4
1428230 735.4
1428240 735.1
1428250 735.1
1428260 735.1
1428270 735.2
1428280 735.2
1428290 735.2
1428300 735.2
1428310 735.3
1428320 735.3
1428330 735.3
1428340 735.6
1428350 735.6
1428360 736.9
1428370 740.9
1428380 740.9
1428390 746.0
1428400 750.7
1428410 750.7
1428420 750.8
1428430 750.8
1428440 750.8
1428450 750.6
1428460 750.2
1428470 750.2
1428480 750.0
1428490 749.9
1428500 749.9
1428510 750.0
1428520 750.1
1428530 750.1
1428540 750.2
1428550 750.3
1428560 750.3
1428570 750.7
1428580 751.1
1428590 751.8
1428600 751.8
1428610 752.2
1428620 752.6
1428630 752.6
1428640 753.1
1428650 753.4
1428660 753.4
1428670 753.8
1428680 754.2
1428690 754.0
1428700 754.4
1428710 755.0
1428720 755.0
1428730 755.5
1428740 755.9
1428750 755.9
1428760 756.3
1428770 756.6
1428780 756.6
1428790 757.0
1428800 757.2
1428810 757.2
1428820 757.1
1428830 756.9
1428840 756.9
1428850 756.7
1428860 756.4
1428870 756.3
1428880 756.3
1428890 756.1
1428900 756.0
1428910 756.0
1428920 755.8
1428930 755.6
1428940 755.6
1428950 755.3
1428960 754.9
1428970 754.9
1428980 754.5
1428990 754.1
1429000 754.1
1429010 753.5
1429020 753.1
1429030 753.1
1429040 753.0
1429050 753.2
1429060 753.2
1429070 753.6
1429080 753.9
1429090 753.9
1429100 753.9
1429110 753.9
1429120 753.9
1429130 753.7
1429140 753.8
1429150 753.8
1429160 754.0
1429170 754.4
1429180 755.1
1429190 755.1
1429200 755.9
1429210 756.7
1429220 756.7
1429230 757.5
1429240 758.4
1429250 758.4
1429260 759.0
1429270 759.3
1429280 759.3
1429290 759.8
1429300 760.2
1429310 760.2
1429320 760.6
1429330 761.2
1429340 761.2
1429350 761.9
1429360 762.4
1429370 762.4
1429380 763.1
1429390 763.9
1429400 763.9
1429410 764.6
1429420 765.1
1429430 765.1
1429440 765.2
1429450 764.7
1429460 764.7
1429470 763.5
1429480 762.2
1429490 761.4
1429500 761.4
1429510 760.8
1429520 760.7
1429530 760.7
1429540 760.5
1429550 760.4
1429560 760.4
1429570 761.0
1429580 761.7
1429590 761.7
1429600 762.5
1429610 763.2
1429620 763.2
1429630 763.1
1429640 763.0
1429650 763.0
1429660 763.1
1429670 763.3
1429680 763.3
1429690 763.4
1429700 763.7
1429710 763.7
1429720 763.6
1429730 763.6
1429740 763.6
1429750 763.8
1429760 763.8
1429770 763.5
1429780 763.5
1429790 762.7
1429800 761.9
1429810 761.9
1429820 761.1
1429830 760.2
1429840 760.2
1429850 759.4
1429860 758.8
1429870 758.8
1429880 758.6
1429890 758.3
1429900 758.3
1429910 757.7
1429920 756.7
1429930 756.7
1429940 756.3
1429950 756.3
1429960 756.3
1429970 755.9
1429980 756.1
1429990 756.1
1430000 756.8
1430010 758.3
1430020 758.3
1430030 758.5
1430040 758.6
1430050 758.6
1430060 758.5
1430070 757.5
1430080 756.3
1430090 756.3
1430100 755.7
1430110 754.6
1430120 754.6
1430130 753.9
1430140 753.5
1430150 753.5
1430160 753.2
1430170 752.9
1430180 752.9
1430190 752.5
1430200 752.3
1430210 752.3
1430220 752.1
1430230 752.1
1430240 752.1
1430250 752.1
1430260 752.2
1430270 752.2
1430280 752.3
1430290 752.4
1430300 752.4
1430310 752.4
1430320 752.4
1430330 752.4
1430340 752.5
1430350 752.6
1430360 752.6
1430370 752.8
1430380 753.1
1430390 753.3
1430400 753.3
1430410 753.8
1430420 753.2
1430430 753.2
1430440 752.9
1430450 753.1
1430460 753.1
1430470 753.2
1430480 753.4
1430490 753.4
1430500 753.5
1430510 753.6
1430520 753.6
1430530 753.7
1430540 753.8
1430550 753.8
1430560 753.9
1430570 754.2
1430580 754.2
1430590 754.3
1430600 754.3
1430610 754.3
1430620 754.4
1430630 754.5
1430640 754.5
1430650 754.6
1430660 754.7
1430670 754.9
1430680 754.9
1430690 755.0
1430700 755.2
1430710 755.2
1430720 755.5
1430730 755.6
1430740 755.6
1430750 755.7
1430760 755.8
1430770 755.8
1430780 756.0
1430790 756.0
1430800 756.0
1430810 756.1
1430820 756.2
1430830 756.2
1430840 756.3
1430850 756.6
1430860 756.6
1430870 756.7
1430880 756.9
1430890 756.9
1430900 757.0
1430910 757.0
1430920 757.0
1430930 757.1
1430940 757.3
1430950 757.3
1430960 757.6
1430970 757.6
1430980 757.8
1430990 757.8
1431000 757.9
1431010 758.0
1431020 758.2
1431030 758.3
1431040 758.3
1431050 758.3
1431060 758.6
1431070 758.9
1431080 758.9
1431090 759.0
1431100 759.0
1431110 759.0
1431120 759.1
1431130 759.2
1431140 759.2
1431150 759.3
1431160 759.5
1431170 759.5
1431180 759.7
1431190 759.8
1431200 759.8
1431210 760.0
1431220 760.1
1431230 760.1
1431240 760.2
1431250 760.5
1431260 760.6
1431270 760.6
1431280 760.8
1431290 760.9
1431300 760.9
1431310 761.0
1431320 761.2
1431330 761.2
1431340 761.5
1431350 761.8
1431360 761.8
1431370 762.0
1431380 762.0
1431390 762.0
1431400 761.9
1431410 762.1
1431420 762.1
1431430 762.3
1431440 762.4
1431450 762.4
1431460 762.5
1431470 762.6
1431480 762.6
1431490 762.8
1431500 763.1
1431510 763.1
1431520 763.2
1431530 763.3
1431540 763.3
1431550 763.5
1431560 763.8
1431570 764.0
1431580 764.0
1431590 764.4
1431600 764.7
1431610 764.7
1431620 764.7
1431630 764.6
1431640 764.6
1431650 764.6
1431660 764.7
1431670 764.7
1431680 764.8
1431690 764.9
1431700 764.9
1431710 765.0
1431720 765.1
1431730 765.1
1431740 765.3
1431750 765.5
1431760 765.5
1431770 766.0
1431780 766.8
1431790 766.8
1431800 766.5
1431810 766.9
1431820 766.9
1431830 766.9
1431840 766.6
1431850 766.6
1431860 766.5
1431870 766.5
1431880 766.7
1431890 766.7
1431900 766.9
1431910 767.1
1431920 767.1
1431930 767.4
1431940 767.5
1431950 767.5
1431960 767.7
1431970 767.8
1431980 767.8
1431990 767.9
1432000 768.1
1432010 768.1
1432020 768.3
1432030 768.4
1432040 768.4
1432050 768.6
1432060 768.9
1432070 768.9
1432080 769.0
1432090 769.1
1432100 769.1
1432110 769.1
1432120 769.2
1432130 769.2
1432140 769.5
1432150 769.8
1432160 770.2
1432170 770.2
1432180 770.8
1432190 771.8
1432200 771.8
1432210 773.0
1432220 774.2
1432230 774.2
1432240 775.7
1432250 777.5
1432260 777.5
1432270 779.1
1432280 780.3
1432290 780.3
1432300 781.0
1432310 781.6
1432320 781.6
1432330 782.1
1432340 782.5
1432350 782.5
1432360 782.7
1432370 782.8
1432380 782.8
1432390 782.8
1432400 782.7
1432410 782.7
1432420 782.3
1432430 781.7
1432440 781.7
1432450 780.9
1432460 780.3
1432470 779.8
1432480 779.8
1432490 780.1
1432500 780.2
1432510 780.2
1432520 780.5
1432530 780.9
1432540 780.9
1432550 781.0
1432560 781.0
1432570 781.0
1432580 780.9
1432590 780.9
1432600 780.9
1432610 781.0
1432620 780.9
1432630 780.9
1432640 781.2
1432650 781.0
1432660 781.0
1432670 781.4
1432680 781.5
1432690 781.5
1432700 781.5
1432710 781.5
1432720 781.5
1432730 781.6
1432740 782.0
1432750 782.0
1432760 782.0
1432770 781.9
1432780 781.9
1432790 781.9
1432800 782.1
1432810 782.3
1432820 782.3
1432830 782.6
1432840 782.7
1432850 782.7
1432860 782.8
1432870 783.0
1432880 783.0
1432890 783.3
1432900 783.5
1432910 783.5
1432920 783.9
1432930 784.0
1432940 784.0
1432950 784.3
1432960 784.9
1432970 784.9
1432980 785.9
1432990 787.6
1433000 787.6
1433010 789.0
1433020 790.5
1433030 790.5
1433040 792.1
1433050 793.6
1433060 795.2
1433070 795.2
1433080 797.2
1433090 799.0
1433100 799.0
1433110 800.3
1433120 801.7
1433130 801.7
1433140 803.7
1433150 806.3
1433160 806.3
1433170 809.4
1433180 812.7
1433190 812.7
1433200 815.9
1433210 818.6
1433220 818.6
1433230 820.3
1433240 821.7
1433250 821.7
1433260 822.7
1433270 824.1
1433280 824.1
1433290 826.0
1433300 827.4
1433310 827.4
1433320 828.7
1433330 831.0
1433340 831.0
1433350 833.2
1433360 834.8
1433370 836.6
1433380 836.6
1433390 838.3
1433400 839.7
1433410 839.7
1433420 841.4
1433430 843.0
1433440 843.0
1433450 844.6
1433460 848.1
1433470 848.1
1433480 849.5
1433490 850.8
1433500 850.8
1433510 851.9
1433520 852.7
1433530 852.7
1433540 852.9
1433550 852.8
1433560 852.8
1433570 852.5
1433580 852.1
1433590 852.1
1433600 853.1
1433610 853.2
1433620 853.2
1433630 854.1
1433640 854.7
1433650 854.7
1433660 855.1
1433670 855.8
1433680 855.4
1433690 855.4
1433700 855.7
1433710 855.4
1433720 855.4
1433730 854.4
1433740 849.1
1433750 849.1
1433760 851.8
1433770 852.9
1433780 852.9
1433790 852.2
1433800 850.3
1433810 850.3
1433820 849.7
1433830 850.5
1433840 850.5
1433850 850.9
1433860 849.7
1433870 849.7
1433880 843.8
1433890 841.7
1433900 841.7
1433910 847.3
1433920 847.4
1433930 847.4
1433940 845.6
1433950 847.2
1433960 849.8
1433970 849.8
1433980 851.0
1433990 851.8
1434000 851.8
1434010 852.2
1434020 852.0
1434030 852.0
1434040 850.6
1434050 849.7
1434060 849.7
1434070 849.9
1434080 850.6
1434090 850.6
1434100 850.2
1434110 849.9
1434120 849.9
1434130 852.5
1434140 853.4
1434150 853.4
1434160 850.7
1434170 849.3
1434180 849.3
1434190 848.1
1434200 846.6
1434210 846.6
1434220 846.0
1434230 848.4
1434240 848.4
1434250 849.4
1434260 850.5
1434270 852.1
1434280 852.1
1434290 853.6
1434300 855.2
1434310 855.2
1434320 856.8
1434330 858.6
1434340 858.6
1434350 859.6
1434360 860.4
1434370 860.4
1434380 861.8
1434390 862.8
1434400 862.8
1434410 863.2
1434420 863.2
1434430 863.2
1434440 862.8
1434450 862.9
1434460 862.9
1434470 863.1
1434480 862.9
1434490 862.9
1434500 862.4
1434510 861.9
1434520 861.9
1434530 862.1
1434540 862.8
1434550 862.8
1434560 863.9
1434570 864.9
1434580 865.6
1434590 865.6
1434600 865.9
1434610 865.8
1434620 865.8
1434630 865.8
1434640 865.9
1434650 865.9
1434660 865.9
1434670 865.9
1434680 865.9
1434690 865.8
1434700 865.8
1434710 865.8
1434720 865.6
1434730 865.2
1434740 865.2
1434750 863.4
1434760 862.6
1434770 862.6
1434780 862.2
1434790 862.1
1434800 862.1
1434810 862.1
1434820 862.4
1434830 862.4
1434840 862.7
1434850 862.9
1434860 863.0
1434870 863.0
1434880 862.9
1434890 862.9
1434900 862.9
1434910 863.0
1434920 864.1
1434930 864.1
1434940 864.7
1434950 864.3
1434960 864.3
1434970 864.4
1434980 866.3
1434990 866.3
1435000 866.6
1435010 866.1
1435020 866.1
1435030 866.0
1435040 866.0
1435050 866.0
1435060 866.1
1435070 866.3
1435080 866.3
1435090 866.6
1435100 866.8
1435110 866.8
1435120 866.4
1435130 865.3
1435140 865.3
1435150 864.4
1435160 863.9
1435170 863.5
1435180 863.5
1435190 862.9
1435200 862.3
1435210 862.3
1435220 861.9
1435230 861.7
1435240 861.7
1435250 861.5
1435260 861.2
1435270 861.2
1435280 861.1
1435290 861.0
1435300 861.0
1435310 860.5
1435320 860.0
1435330 860.0
1435340 859.4
1435350 858.9
1435360 858.9
1435370 858.2
1435380 857.4
1435390 857.4
1435400 856.9
1435410 856.8
1435420 856.8
1435430 856.9
1435440 856.7
1435450 856.7
1435460 852.9
1435470 847.7
1435480 851.8
1435490 851.8
1435500 851.8
1435510 852.1
1435520 852.1
1435530 853.7
1435540 856.6
1435550 856.6
1435560 858.9
1435570 859.3
1435580 859.3
1435590 854.5
1435600 848.7
1435610 848.7
1435620 846.0
1435630 842.4
1435640 842.4
1435650 839.4
1435660 838.1
1435670 838.1
1435680 838.4
1435690 841.4
1435700 841.4
1435710 838.3
1435720 834.6
1435730 834.6
1435740 832.1
1435750 828.9
1435760 825.4
1435770 825.4
1435780 822.9
1435790 822.5
1435800 822.5
1435810 820.4
1435820 817.8
1435830 817.8
1435840 814.0
1435850 811.4
1435860 811.4
1435870 810.8
1435880 810.1
1435890 810.1
1435900 808.4
1435910 806.1
1435920 806.1
1435930 802.0
1435940 798.6
1435950 798.6
1435960 796.4
1435970 795.8
1435980 795.8
1435990 795.8
1436000 795.8
1436010 795.8
1436020 795.8
1436030 795.6
1436040 795.6
1436050 792.5
1436060 792.2
1436070 794.7
1436080 794.7
1436090 794.9
1436100 795.0
1436110 795.0
1436120 795.1
1436130 795.3
1436140 795.3
1436150 795.6
1436160 795.8
1436170 795.8
1436180 795.6
1436190 795.2
1436200 795.2
1436210 795.2
1436220 795.4
1436230 795.4
1436240 795.4
1436250 795.5
1436260 795.5
1436270 796.0
1436280 796.0
1436290 796.0
1436300 796.3
1436310 797.1
1436320 797.1
1436330 797.6
1436340 798.0
1436350 798.4
1436360 798.4
1436370 798.6
1436380 798.8
1436390 798.8
1436400 799.0
1436410 799.6
1436420 799.6
1436430 800.2
1436440 800.3
1436450 800.3
1436460 800.3
1436470 800.2
1436480 800.2
1436490 800.8
1436500 803.5
1436510 803.5
1436520 806.4
1436530 808.8
1436540 808.8
1436550 811.0
1436560 813.6
1436570 813.6
1436580 815.9
1436590 818.3
1436600 818.3
1436610 820.6
1436620 823.8
1436630 823.8
1436640 826.8
1436650 829.4
1436660 831.9
1436670 831.9
1436680 834.3
1436690 836.3
1436700 836.3
1436710 838.2
1436720 840.1
1436730 840.1
1436740 842.0
1436750 844.1
1436760 844.1
1436770 845.6
1436780 846.9
1436790 846.9
1436800 847.9
1436810 848.5
1436820 848.5
1436830 849.2
1436840 849.4
1436850 849.4
1436860 849.5
1436870 849.0
1436880 849.0
1436890 848.5
1436900 849.0
1436910 849.0
1436920 849.5
1436930 850.6
1436940 850.6
1436950 850.8
1436960 850.4
1436970 850.3
1436980 850.3
1436990 851.8
1437000 854.1
1437010 854.1
1437020 856.4
1437030 858.0
1437040 858.0
1437050 858.7
1437060 858.1
1437070 858.1
1437080 857.1
1437090 855.9
1437100 855.9
1437110 854.5
1437120 854.5
1437130 854.5
1437140 856.6
1437150 859.5
1437160 859.5
1437170 862.8
1437180 866.3
1437190 866.3
1437200 869.6
1437210 872.1
1437220 872.1
1437230 873.5
1437240 874.7
1437250 875.7
1437260 875.7
1437270 876.5
1437280 876.8
1437290 876.8
1437300 877.0
1437310 877.4
1437320 877.4
1437330 877.3
1437340 876.9
1437350 876.9
1437360 877.4
1437370 878.2
1437380 878.2
1437390 877.8
1437400 877.2
1437410 877.2
1437420 877.4
1437430 877.6
1437440 877.6
1437450 877.7
1437460 878.0
1437470 878.0
1437480 879.1
1437490 880.6
1437500 880.6
1437510 882.9
1437520 884.8
1437530 884.8
1437540 886.1
1437550 887.2
1437560 888.0
1437570 888.0
1437580 888.9
1437590 889.4
1437600 889.4
1437610 889.8
1437620 891.2
1437630 891.2
1437640 892.0
1437650 893.7
1437660 893.7
1437670 896.0
1437680 897.3
1437690 897.3
1437700 898.1
1437710 898.4
1437720 898.4
1437730 898.4
1437740 898.6
1437750 898.6
1437760 898.3
1437770 896.8
1437780 896.8
1437790 896.8
1437800 898.9
1437810 898.9
1437820 900.5
1437830 901.4
1437840 901.4
1437850 901.8
1437860 901.8
1437870 901.3
1437880 901.3
1437890 900.9
1437900 900.8
1437910 900.8
1437920 901.0
1437930 901.2
1437940 901.2
1437950 901.1
1437960 900.8
1437970 900.8
1437980 900.3
1437990 899.5
1438000 899.5
1438010 899.2
1438020 899.5
1438030 899.5
1438040 899.9
1438050 900.2
1438060 900.2
1438070 900.4
1438080 900.4
1438090 900.4
1438100 900.1
1438110 899.6
1438120 899.6
1438130 898.7
1438140 897.7
1438150 896.7
1438160 896.7
1438170 895.8
1438180 895.2
1438190 895.2
1438200 894.2
1438210 894.0
1438220 894.0
1438230 893.3
1438240 892.5
1438250 892.5
1438260 891.9
1438270 891.0
1438280 891.0
1438290 890.8
1438300 891.1
1438310 891.1
1438320 890.9
1438330 891.8
1438340 891.8
1438350 892.0
1438360 891.8
1438370 891.8
1438380 891.5
1438390 891.2
1438400 891.2
1438410 890.5
1438420 890.0
1438430 890.0
1438440 889.3
1438450 888.3
1438460 887.7
1438470 887.7
1438480 887.2
1438490 886.5
1438500 886.5
1438510 885.7
1438520 884.7
1438530 884.7
1438540 883.9
1438550 883.7
1438560 883.7
1438570 884.2
1438580 884.5
1438590 884.5
1438600 884.7
1438610 884.8
1438620 884.8
1438630 884.8
1438640 884.7
1438650 884.7
1438660 884.5
1438670 884.1
1438680 884.1
1438690 883.6
1438700 883.4
1438710 883.4
1438720 883.3
1438730 883.0
1438740 883.8
1438750 883.4
1438760 882.9
1438770 883.1
1438780 883.1
1438790 883.8
1438800 884.6
1438810 884.6
1438820 885.3
1438830 886.0
1438840 886.0
1438850 886.2
1438860 886.3
1438870 886.3
1438880 886.5
1438890 886.7
1438900 886.7
1438910 886.8
1438920 886.7
1438930 886.7
1438940 886.7
1438950 886.5
1438960 886.5
1438970 886.4
1438980 886.4
1438990 886.4
1439000 886.6
1439010 887.3
1439020 887.3
1439030 888.0
1439040 888.9
1439050 889.7
1439060 889.7
1439070 890.5
1439080 891.2
1439090 891.2
1439100 892.0
1439110 892.8
1439120 892.8
1439130 893.5
1439140 893.7
1439150 893.7
1439160 893.3
1439170 892.4
1439180 892.4
1439190 891.3
1439200 890.1
1439210 890.1
1439220 889.2
1439230 888.9
1439240 888.9
1439250 888.8
1439260 888.6
1439270 888.6
1439280 888.5
1439290 888.5
1439300 888.5
1439310 888.7
1439320 889.3
1439330 889.3
1439340 889.9
1439350 890.3
1439360 890.9
1439370 890.9
1439380 891.6
1439390 892.5
1439400 892.5
1439410 893.3
1439420 893.8
1439430 893.8
1439440 894.3
1439450 894.8
1439460 894.8
1439470 895.0
1439480 894.7
1439490 894.7
1439500 893.1
1439510 892.6
1439520 892.6
1439530 892.8
1439540 893.5
1439550 893.5
1439560 893.9
1439570 894.0
1439580 894.0
1439590 892.1
1439600 892.1
1439610 892.1
1439620 893.0
1439630 895.9
1439640 898.5
1439650 898.5
1439660 901.9
1439670 905.4
1439680 905.4
1439690 910.0
1439700 913.0
1439710 913.0
1439720 915.0
1439730 916.3
1439740 916.3
1439750 918.0
1439760 919.9
1439770 919.9
1439780 921.9
1439790 923.9
1439800 923.9
1439810 925.9
1439820 927.9
1439830 927.9
1439840 929.6
1439850 931.8
1439860 931.8
1439870 934.4
1439880 937.4
1439890 937.4
1439900 939.8
1439910 941.7
1439920 941.7
1439930 943.7
1439940 945.7
1439950 948.2
1439960 948.2
1439970 951.1
1439980 954.0
1439990 954.0
