1420000 1369.6
1420010 1369.6
1420020 1373.3
1420030 1377.0
1420040 1377.0
1420050 1381.1
1420060 1386.0
1420070 1386.0
1420080 1391.7
1420090 1396.5
1420100 1396.5
1420110 1402.1
1420120 1408.0
1420130 1408.0
1420140 1414.5
1420150 1420.9
1420160 1420.9
1420170 1427.5
1420180 1434.2
1420190 1441.3
1420200 1441.3
1420210 1448.3
1420220 1455.1
1420230 1455.1
1420240 1461.7
1420250 1467.7
1420260 1467.7
1420270 1474.7
1420280 1481.8
1420290 1481.8
1420300 1487.7
1420310 1494.7
1420320 1494.7
1420330 1502.6
1420340 1509.0
1420350 1509.0
1420360 1514.3
1420370 1517.7
1420380 1517.7
1420390 1521.8
1420400 1524.7
1420410 1524.7
1420420 1526.1
1420430 1530.3
1420440 1530.3
1420450 1534.7
1420460 1538.4
1420470 1538.4
1420480 1541.5
1420490 1542.8
1420500 1546.4
1420510 1546.4
1420520 1550.0
1420530 1553.0
1420540 1553.0
1420550 1556.0
1420560 1558.0
1420570 1558.0
1420580 1559.1
1420590 1558.6
1420600 1558.6
1420610 1558.3
1420620 1560.3
1420630 1560.3
1420640 1562.3
1420650 1563.4
1420660 1563.4
1420670 1565.1
1420680 1565.4
1420690 1565.4
1420700 1561.6
1420710 1558.9
1420720 1561.0
1420730 1557.7
1420740 1553.4
1420750 1553.4
1420760 1548.0
1420770 1542.5
1420780 1537.8
1420790 1537.8
1420800 1534.0
1420810 1528.7
1420820 1528.7
1420830 1522.2
1420840 1516.8
1420850 1516.8
1420860 1511.9
1420870 1508.0
1420880 1508.0
1420890 1503.8
1420900 1498.5
1420910 1498.5
1420920 1492.6
1420930 1485.4
1420940 1485.4
1420950 1478.4
1420960 1473.7
1420970 1473.7
1420980 1468.4
1420990 1465.4
1421000 1465.4
1421010 1463.1
1421020 1455.9
1421030 1455.9
1421040 1449.6
1421050 1444.6
1421060 1444.6
1421070 1438.7
1421080 1432.8
1421090 1429.2
1421100 1429.2
1421110 1426.7
1421120 1423.6
1421130 1423.6
1421140 1419.8
1421150 1416.0
1421160 1416.0
1421170 1411.4
1421180 1407.0
1421190 1407.0
1421200 1403.0
1421210 1398.4
1421220 1398.4
1421230 1389.9
1421240 1379.7
1421250 1379.7
1421260 1376.5
1421270 1382.6
1421280 1382.6
1421290 1381.6
1421300 1377.6
1421310 1377.6
1421320 1372.0
1421330 1366.3
1421340 1366.3
1421350 1369.5
1421360 1377.2
1421370 1377.2
1421380 1384.8
1421390 1389.2
1421400 1390.6
1421410 1390.6
1421420 1389.9
1421430 1391.5
1421440 1391.5
1421450 1395.2
1421460 1400.1
1421470 1400.1
1421480 1404.9
1421490 1410.2
1421500 1410.2
1421510 1415.0
1421520 1417.8
1421530 1417.8
1421540 1419.8
1421550 1421.4
1421560 1421.4
1421570 1423.9
1421580 1426.0
1421590 1426.0
1421600 1427.0
1421610 1428.0
1421620 1428.0
1421630 1429.3
1421640 1430.1
1421650 1430.1
1421660 1431.0
1421670 1433.3
1421680 1433.3
1421690 1435.8
1421700 1439.1
1421710 1442.8
1421720 1442.8
1421730 1446.6
1421740 1451.3
1421750 1451.3
1421760 1456.4
1421770 1461.6
1421780 1461.6
1421790 1467.1
1421800 1473.2
1421810 1473.2
1421820 1478.8
1421830 1484.1
1421840 1484.1
1421850 1489.1
1421860 1495.7
1421870 1495.7
1421880 1503.0
1421890 1509.5
1421900 1509.5
1421910 1515.5
1421920 1520.7
1421930 1520.7
1421940 1525.3
1421950 1529.7
1421960 1529.7
1421970 1533.3
1421980 1534.4
1421990 1535.0
1422000 1535.0
1422010 1537.8
1422020 1539.8
1422030 1539.8
1422040 1541.6
1422050 1543.2
1422060 1543.2
1422070 1544.1
1422080 1544.1
1422090 1544.1
1422100 1543.8
1422110 1543.8
1422120 1543.8
1422130 1543.7
1422140 1543.0
1422150 1543.0
1422160 1541.6
1422170 1538.9
1422180 1538.9
1422190 1534.7
1422200 1531.7
1422210 1531.7
1422220 1529.2
1422230 1525.3
1422240 1525.3
1422250 1521.4
1422260 1521.2
1422270 1521.2
1422280 1523.2
1422290 1524.6
1422300 1526.2
1422310 1526.2
1422320 1528.8
1422330 1532.4
1422340 1532.4
1422350 1536.4
1422360 1540.2
1422370 1540.2
1422380 1544.0
1422390 1548.3
1422400 1548.3
1422410 1552.2
1422420 1554.3
1422430 1554.3
1422440 1557.0
1422450 1558.7
1422460 1558.7
1422470 1557.5
1422480 1556.3
1422490 1556.3
1422500 1555.8
1422510 1555.5
1422520 1555.5
1422530 1554.7
1422540 1554.7
1422550 1554.7
1422560 1554.5
1422570 1553.5
1422580 1553.5
1422590 1549.9
1422600 1544.7
1422610 1540.4
1422620 1540.4
1422630 1538.7
1422640 1536.3
1422650 1536.3
1422660 1532.5
1422670 1532.8
1422680 1532.8
1422690 1533.2
1422700 1532.4
1422710 1532.4
1422720 1531.6
1422730 1528.6
1422740 1528.6
1422750 1523.8
1422760 1511.4
1422770 1511.4
1422780 1506.2
1422790 1501.0
1422800 1501.0
1422810 1494.4
1422820 1487.8
1422830 1487.8
1422840 1484.6
1422850 1483.7
1422860 1483.7
1422870 1481.5
1422880 1478.4
1422890 1474.4
1422900 1474.4
1422910 1469.2
1422920 1464.1
1422930 1464.1
1422940 1462.6
1422950 1459.8
1422960 1459.8
1422970 1456.4
1422980 1453.5
1422990 1453.5
1423000 1451.4
1423010 1449.0
1423020 1449.0
1423030 1446.2
1423040 1443.1
1423050 1443.1
1423060 1439.5
1423070 1435.4
1423080 1435.4
1423090 1431.0
1423100 1427.2
1423110 1427.2
1423120 1424.0
1423130 1421.2
1423140 1421.2
1423150 1418.6
1423160 1414.9
1423170 1414.9
1423180 1412.4
1423190 1409.7
1423200 1407.2
1423210 1407.2
1423220 1405.8
1423230 1404.9
1423240 1404.9
1423250 1403.5
1423260 1401.1
1423270 1401.1
1423280 1398.6
1423290 1396.5
1423300 1396.5
1423310 1395.0
1423320 1392.5
1423330 1392.5
1423340 1389.4
1423350 1386.4
1423360 1386.4
1423370 1383.4
1423380 1380.6
1423390 1380.6
1423400 1378.1
1423410 1374.9
1423420 1374.9
1423430 1370.7
1423440 1367.0
1423450 1367.0
1423460 1363.8
1423470 1360.2
1423480 1360.2
1423490 1356.5
1423500 1352.6
1423510 1348.4
1423520 1348.4
1423530 1344.5
1423540 1340.8
1423550 1340.8
1423560 1338.3
1423570 1336.2
1423580 1336.2
1423590 1333.4
1423600 1330.5
1423610 1330.5
1423620 1327.3
1423630 1323.3
1423640 1323.3
1423650 1319.6
1423660 1316.4
1423670 1316.4
1423680 1310.8
1423690 1303.9
1423700 1303.9
1423710 1296.7
1423720 1289.9
1423730 1289.9
1423740 1285.2
1423750 1282.8
1423760 1282.8
1423770 1280.6
1423780 1274.7
1423790 1266.2
1423800 1266.2
1423810 1262.0
1423820 1258.6
1423830 1258.6
1423840 1252.3
1423850 1247.4
1423860 1247.4
1423870 1243.8
1423880 1239.8
1423890 1239.8
1423900 1236.1
1423910 1231.4
1423920 1231.4
1423930 1226.8
1423940 1223.3
1423950 1223.3
1423960 1219.3
1423970 1214.3
1423980 1214.3
1423990 1209.2
1424000 1206.4
1424010 1206.4
1424020 1203.3
1424030 1200.6
1424040 1200.6
1424050 1197.5
1424060 1193.8
1424070 1193.8
1424080 1188.9
1424090 1184.7
1424100 1182.5
1424110 1182.5
1424120 1181.3
1424130 1180.9
1424140 1180.9
1424150 1178.6
1424160 1174.8
1424170 1174.8
1424180 1172.2
1424190 1170.3
1424200 1170.3
1424210 1167.5
1424220 1163.7
1424230 1163.7
1424240 1161.1
1424250 1158.9
1424260 1158.9
1424270 1156.5
1424280 1153.9
1424290 1153.9
1424300 1151.9
1424310 1149.2
1424320 1149.2
1424330 1146.4
1424340 1143.0
1424350 1143.0
1424360 1139.1
1424370 1134.6
1424380 1134.6
1424390 1129.4
1424400 1124.2
1424410 1119.7
1424420 1119.7
1424430 1115.6
1424440 1111.8
1424450 1111.8
1424460 1108.5
1424470 1104.4
1424480 1104.4
1424490 1097.9
1424500 1089.7
1424510 1089.7
1424520 1084.5
1424530 1084.3
1424540 1084.3
1424550 1083.0
1424560 1078.9
1424570 1078.9
1424580 1073.9
1424590 1067.9
1424600 1067.9
1424610 1062.1
1424620 1057.7
1424630 1057.7
1424640 1054.2
1424650 1051.5
1424660 1051.5
1424670 1049.4
1424680 1046.6
1424690 1046.6
1424700 1043.1
1424710 1040.2
1424720 1036.7
1424730 1036.7
1424740 1032.1
1424750 1027.9
1424760 1027.9
1424770 1024.7
1424780 1022.5
1424790 1022.5
1424800 1020.9
1424810 1020.0
1424820 1020.0
1424830 1019.9
1424840 1019.7
1424850 1019.7
1424860 1019.0
1424870 1010.9
1424880 1010.9
1424890 1007.8
1424900 1005.0
1424910 1005.0
1424920 1002.9
1424930 1000.9
1424940 1000.9
1424950 997.8
1424960 995.0
1424970 995.0
1424980 993.4
1424990 990.2
1425000 988.1
1425010 988.1
1425020 985.7
1425030 981.8
1425040 981.8
1425050 978.9
1425060 977.8
1425070 977.8
1425080 974.6
1425090 969.5
1425100 969.5
1425110 964.8
1425120 960.7
1425130 960.7
1425140 957.2
1425150 953.8
1425160 953.8
1425170 951.8
1425180 949.7
1425190 949.7
1425200 945.7
1425210 941.5
1425220 941.5
1425230 937.7
1425240 934.8
1425250 934.8
1425260 931.9
1425270 927.6
1425280 927.6
1425290 923.4
1425300 918.6
1425310 914.7
1425320 914.7
1425330 910.9
1425340 907.7
1425350 907.7
1425360 905.0
1425370 902.4
1425380 902.4
1425390 899.2
1425400 895.0
1425410 895.0
1425420 890.5
1425430 885.9
1425440 885.9
1425450 881.0
1425460 875.7
1425470 875.7
1425480 870.5
1425490 865.2
1425500 865.2
1425510 859.4
1425520 853.4
1425530 853.4
1425540 846.4
1425550 840.3
1425560 840.3
1425570 837.1
1425580 834.1
1425590 834.1
1425600 829.6
1425610 825.0
1425620 821.5
1425630 821.5
1425640 817.2
1425650 811.4
1425660 811.4
1425670 804.4
1425680 797.6
1425690 797.6
1425700 792.9
1425710 786.8
1425720 786.8
1425730 779.5
1425740 773.1
1425750 773.1
1425760 766.6
1425770 762.1
1425780 762.1
1425790 758.3
1425800 753.4
1425810 753.4
1425820 749.3
1425830 745.6
1425840 745.6
1425850 743.3
1425860 742.1
1425870 742.1
1425880 741.5
1425890 741.0
1425900 740.9
1425910 740.9
1425920 742.8
1425930 743.1
1425940 743.1
1425950 739.7
1425960 737.5
1425970 737.5
1425980 737.6
1425990 737.7
1426000 737.7
1426010 737.9
1426020 737.8
1426030 737.8
1426040 737.6
1426050 737.5
1426060 737.5
1426070 737.5
1426080 737.3
1426090 737.3
1426100 737.1
1426110 737.0
1426120 737.0
1426130 737.0
1426140 737.0
1426150 737.0
1426160 737.1
1426170 737.3
1426180 737.3
1426190 737.0
1426200 736.9
1426210 736.0
1426220 736.0
1426230 736.3
1426240 736.3
1426250 736.3
1426260 736.2
1426270 736.0
1426280 736.0
1426290 735.9
1426300 735.9
1426310 735.9
1426320 735.7
1426330 735.9
1426340 735.9
1426350 735.8
1426360 735.6
1426370 735.6
1426380 735.4
1426390 735.4
1426400 735.4
1426410 735.5
1426420 735.2
1426430 735.2
1426440 734.9
1426450 734.7
1426460 734.7
1426470 734.6
1426480 734.5
1426490 734.5
1426500 734.5
1426510 734.3
1426520 734.5
1426530 734.5
1426540 734.9
1426550 735.0
1426560 735.0
1426570 734.8
1426580 734.6
1426590 734.6
1426600 734.8
1426610 735.2
1426620 735.2
1426630 736.2
1426640 736.7
1426650 736.7
1426660 736.7
1426670 736.3
1426680 736.3
1426690 735.9
1426700 735.8
1426710 735.8
1426720 735.9
1426730 736.2
1426740 736.2
1426750 736.4
1426760 736.8
1426770 736.8
1426780 738.4
1426790 739.3
1426800 739.9
1426810 739.9
1426820 740.2
1426830 740.5
1426840 740.5
1426850 740.5
1426860 741.8
1426870 741.8
1426880 742.1
1426890 741.9
1426900 741.9
1426910 742.1
1426920 742.6
1426930 742.6
1426940 743.2
1426950 743.8
1426960 743.8
1426970 743.5
1426980 743.4
1426990 743.4
1427000 744.0
1427010 744.2
1427020 744.2
1427030 744.5
1427040 744.6
1427050 745.2
1427060 745.9
1427070 746.8
1427080 746.8
1427090 748.7
1427100 749.1
1427110 749.4
1427120 749.4
1427130 749.7
1427140 749.7
1427150 749.7
1427160 749.5
1427170 749.4
1427180 749.4
1427190 749.3
1427200 748.3
1427210 748.3
1427220 746.3
1427230 745.0
1427240 745.0
1427250 744.2
1427260 743.9
1427270 743.9
1427280 742.6
1427290 740.8
1427300 740.8
1427310 735.4
1427320 731.4
1427330 731.4
1427340 730.4
1427350 731.0
1427360 731.0
1427370 731.2
1427380 731.4
1427390 731.4
1427400 731.5
1427410 731.6
1427420 731.7
1427430 731.7
1427440 732.0
1427450 732.3
1427460 732.3
1427470 733.2
1427480 733.7
1427490 733.7
1427500 733.4
1427510 732.4
1427520 732.4
1427530 731.9
1427540 731.6
1427550 731.6
1427560 731.5
1427570 731.2
1427580 731.2
1427590 731.0
1427600 730.8
1427610 730.8
1427620 730.6
1427630 730.3
1427640 730.3
1427650 730.1
1427660 730.1
1427670 730.1
1427680 730.2
1427690 730.0
1427700 729.7
1427710 729.7
1427720 729.6
1427730 729.5
1427740 729.5
1427750 729.3
1427760 729.1
1427770 729.1
1427780 729.1
1427790 729.1
1427800 729.1
1427810 729.1
1427820 729.0
1427830 729.0
1427840 729.1
1427850 729.4
1427860 729.4
1427870 728.9
1427880 727.2
1427890 727.2
1427900 728.1
1427910 730.3
1427920 730.3
1427930 732.0
1427940 733.1
1427950 733.1
1427960 733.8
1427970 734.4
1427980 734.4
1427990 734.8
1428000 734.4
1428010 737.2
1428020 737.2
1428030 738.1
1428040 738.9
1428050 738.9
1428060 739.8
1428070 741.0
1428080 741.0
1428090 742.7
1428100 744.8
1428110 744.8
1428120 747.5
1428130 750.5
1428140 750.5
1428150 754.5
1428160 757.8
1428170 757.8
1428180 760.3
1428190 762.1
1428200 762.1
1428210 763.7
1428220 765.7
1428230 765.7
1428240 767.5
1428250 769.9
1428260 769.9
1428270 772.5
1428280 775.4
1428290 775.4
1428300 778.8
1428310 784.6
1428320 787.2
1428330 787.2
1428340 788.6
1428350 789.8
1428360 789.8
1428370 790.9
1428380 792.3
1428390 792.3
1428400 793.5
1428410 794.5
1428420 794.5
1428430 795.5
1428440 796.6
1428450 796.6
1428460 797.9
1428470 799.1
1428480 799.1
1428490 800.0
1428500 800.3
1428510 800.3
1428520 800.3
1428530 800.4
1428540 800.4
1428550 800.4
1428560 800.5
1428570 800.5
1428580 800.3
1428590 800.0
1428600 799.7
1428610 799.7
1428620 799.5
1428630 799.4
1428640 799.4
1428650 799.2
1428660 799.2
1428670 799.2
1428680 799.3
1428690 799.2
1428700 799.2
1428710 799.2
1428720 798.9
1428730 798.9
1428740 798.8
1428750 799.0
1428760 799.0
1428770 799.0
1428780 799.0
1428790 799.0
1428800 799.0
1428810 799.0
1428820 799.0
1428830 798.6
1428840 797.9
1428850 797.9
1428860 797.2
1428870 796.4
1428880 796.4
1428890 795.6
1428900 795.0
1428910 794.3
1428920 794.3
1428930 794.0
1428940 793.8
1428950 793.8
1428960 793.8
1428970 793.3
1428980 793.3
1428990 792.9
1429000 792.4
1429010 792.4
1429020 791.8
1429030 791.6
1429040 791.6
1429050 790.8
1429060 789.9
1429070 789.9
1429080 789.6
1429090 789.7
1429100 789.7
1429110 789.9
1429120 790.7
1429130 790.7
1429140 792.0
1429150 792.3
1429160 792.3
1429170 791.4
1429180 790.8
1429190 790.8
1429200 790.8
1429210 791.7
1429220 793.5
1429230 793.5
1429240 794.9
1429250 796.3
1429260 796.3
1429270 797.7
1429280 799.0
1429290 799.0
1429300 800.0
1429310 799.5
1429320 799.5
1429330 800.6
1429340 801.7
1429350 801.7
1429360 802.6
1429370 803.7
1429380 803.7
1429390 804.5
1429400 804.5
1429410 804.5
1429420 804.4
1429430 804.5
1429440 804.5
1429450 804.0
1429460 803.1
1429470 803.1
1429480 802.2
1429490 801.6
1429500 801.6
1429510 801.2
1429520 800.5
1429530 799.8
1429540 799.8
1429550 799.1
1429560 798.5
1429570 798.5
1429580 797.5
1429590 796.2
1429600 796.2
1429610 795.1
1429620 794.0
1429630 794.0
1429640 792.8
1429650 791.9
1429660 791.9
1429670 791.2
1429680 790.8
1429690 790.8
1429700 790.4
1429710 790.2
1429720 790.2
1429730 789.7
1429740 789.3
1429750 789.3
1429760 789.0
1429770 789.1
1429780 789.1
1429790 789.0
1429800 789.1
1429810 788.9
1429820 788.9
1429830 789.0
1429840 789.1
1429850 789.1
1429860 788.4
1429870 787.5
1429880 787.5
1429890 786.1
1429900 785.4
1429910 785.4
1429920 785.0
1429930 785.5
1429940 785.5
1429950 786.0
1429960 786.3
1429970 786.3
1429980 786.6
1429990 787.3
1430000 787.3
1430010 788.4
1430020 790.1
1430030 790.1
1430040 791.8
1430050 793.5
1430060 793.5
1430070 794.6
1430080 795.2
1430090 795.2
1430100 795.4
1430110 795.3
1430120 795.2
1430130 795.2
1430140 795.4
1430150 795.9
1430160 795.9
1430170 796.5
1430180 797.0
1430190 797.0
1430200 797.3
1430210 797.4
1430220 797.4
1430230 797.5
1430240 798.0
1430250 798.0
1430260 799.0
1430270 799.8
1430280 799.8
1430290 799.7
1430300 799.5
1430310 799.5
1430320 799.9
1430330 800.5
1430340 800.5
1430350 800.9
1430360 800.9
1430370 800.9
1430380 801.1
1430390 801.8
1430400 801.8
1430410 802.6
1430420 802.4
1430430 800.9
1430440 800.9
1430450 798.3
1430460 794.5
1430470 794.5
1430480 791.3
1430490 788.8
1430500 788.8
1430510 787.3
1430520 786.0
1430530 786.0
1430540 784.9
1430550 783.9
1430560 783.9
1430570 783.2
1430580 782.4
1430590 782.4
1430600 781.3
1430610 780.5
1430620 780.5
1430630 779.6
1430640 778.7
1430650 778.7
1430660 778.0
1430670 777.7
1430680 777.7
1430690 777.9
1430700 778.1
1430710 778.2
1430720 778.2
1430730 778.0
1430740 778.2
1430750 778.2
1430760 778.4
1430770 778.2
1430780 778.2
1430790 778.6
1430800 779.4
1430810 779.4
1430820 780.0
1430830 780.3
1430840 780.3
1430850 780.4
1430860 780.3
1430870 780.3
1430880 779.8
1430890 779.1
1430900 779.1
1430910 778.3
1430920 777.3
1430930 777.3
1430940 776.2
1430950 775.4
1430960 775.4
1430970 774.2
1430980 772.7
1430990 772.7
1431000 771.3
1431010 770.1
1431020 768.5
1431030 768.5
1431040 767.0
1431050 765.6
1431060 765.6
1431070 763.8
1431080 762.4
1431090 762.4
1431100 761.4
1431110 761.0
1431120 761.0
1431130 761.0
1431140 761.2
1431150 761.2
1431160 761.4
1431170 761.5
1431180 761.5
1431190 761.6
1431200 761.6
1431210 761.6
1431220 761.7
1431230 761.7
1431240 761.7
1431250 761.9
1431260 762.4
1431270 762.4
1431280 762.7
1431290 762.5
1431300 762.5
1431310 762.3
1431320 762.3
1431330 762.3
1431340 762.3
1431350 762.4
1431360 762.7
1431370 762.7
1431380 762.9
1431390 763.0
1431400 763.0
1431410 763.1
1431420 763.2
1431430 763.2
1431440 763.4
1431450 763.6
1431460 763.6
1431470 763.7
1431480 763.9
1431490 763.9
1431500 764.0
1431510 764.4
1431520 764.4
1431530 764.7
1431540 764.5
1431550 764.5
1431560 764.5
1431570 764.7
1431580 764.7
1431590 764.9
1431600 765.1
1431610 765.1
1431620 765.1
1431630 765.2
1431640 765.4
1431650 765.4
1431660 765.6
1431670 765.9
1431680 765.9
1431690 766.1
1431700 766.1
1431710 766.1
1431720 766.3
1431730 766.4
1431740 766.4
1431750 766.5
1431760 766.7
1431770 766.7
1431780 766.8
1431790 767.0
1431800 767.0
1431810 767.3
1431820 767.3
1431830 767.3
1431840 767.4
1431850 767.5
1431860 767.5
1431870 767.8
1431880 767.9
1431890 767.9
1431900 768.2
1431910 768.3
1431920 768.4
1431930 768.4
1431940 768.5
1431950 768.7
1431960 768.7
1431970 768.8
1431980 769.1
1431990 769.1
1432000 769.3
1432010 769.4
1432020 769.4
1432030 769.5
1432040 769.7
1432050 769.7
1432060 770.0
1432070 770.3
1432080 770.3
1432090 770.2
1432100 770.4
1432110 770.4
1432120 770.5
1432130 770.6
1432140 770.6
1432150 770.7
1432160 770.9
1432170 770.9
1432180 771.1
1432190 771.3
1432200 771.3
1432210 771.7
1432220 771.6
1432230 771.6
1432240 771.6
1432250 771.7
1432260 771.8
1432270 771.8
1432280 771.9
1432290 772.1
1432300 772.1
1432310 772.3
1432320 772.3
1432330 772.3
1432340 772.3
1432350 772.1
1432360 772.1
1432370 771.9
1432380 771.7
1432390 771.7
1432400 771.8
1432410 772.1
1432420 772.1
1432430 772.2
1432440 772.3
1432450 772.3
1432460 772.6
1432470 772.8
1432480 772.8
1432490 773.2
1432500 773.6
1432510 773.6
1432520 774.0
1432530 774.3
1432540 774.5
1432550 774.5
1432560 774.7
1432570 774.9
1432580 774.9
1432590 775.0
1432600 775.1
1432610 775.1
1432620 775.2
1432630 775.3
1432640 775.3
1432650 775.4
1432660 775.6
1432670 775.6
1432680 775.6
1432690 775.7
1432700 775.7
1432710 775.8
1432720 776.0
1432730 776.0
1432740 776.2
1432750 776.4
1432760 776.4
1432770 776.7
1432780 777.4
1432790 777.4
1432800 777.4
1432810 777.0
1432820 776.9
1432830 776.9
1432840 777.0
1432850 777.1
1432860 777.1
1432870 777.2
1432880 777.4
1432890 777.4
1432900 777.5
1432910 777.7
1432920 777.7
1432930 778.1
1432940 778.6
1432950 778.6
1432960 778.9
1432970 778.9
1432980 778.9
1432990 778.8
1433000 778.8
1433010 778.8
1433020 779.0
1433030 779.2
1433040 779.2
1433050 779.4
1433060 779.4
1433070 779.4
1433080 779.6
1433090 779.9
1433100 779.9
1433110 779.9
1433120 779.9
1433130 780.0
1433140 780.0
1433150 780.1
1433160 780.2
1433170 780.2
1433180 780.4
1433190 780.6
1433200 780.6
1433210 780.8
1433220 781.0
1433230 781.0
1433240 781.2
1433250 781.3
1433260 781.3
1433270 781.5
1433280 781.5
1433290 781.5
1433300 781.1
1433310 780.2
1433320 780.2
1433330 779.1
1433340 777.9
1433350 777.9
1433360 776.7
1433370 775.5
1433380 775.5
1433390 774.3
1433400 773.4
1433410 773.4
1433420 772.6
1433430 772.2
1433440 772.3
1433450 772.3
1433460 772.3
1433470 772.3
1433480 772.3
1433490 772.3
1433500 772.4
1433510 772.4
1433520 772.7
1433530 773.1
1433540 773.1
1433550 773.4
1433560 773.4
1433570 773.4
1433580 773.2
1433590 773.1
1433600 773.1
1433610 773.2
1433620 773.1
1433630 773.1
1433640 773.1
1433650 773.2
1433660 773.2
1433670 773.4
1433680 773.6
1433690 773.6
1433700 774.0
1433710 774.4
1433720 774.8
1433730 774.8
1433740 775.2
1433750 775.7
1433760 775.7
1433770 776.8
1433780 777.0
1433790 777.0
1433800 775.7
1433810 775.1
1433820 775.1
1433830 775.0
1433840 774.9
1433850 774.9
1433860 774.9
1433870 774.9
1433880 774.9
1433890 775.0
1433900 775.0
1433910 775.0
1433920 775.0
1433930 775.0
1433940 775.0
1433950 775.2
1433960 775.4
1433970 775.4
1433980 775.6
1433990 775.7
1434000 775.7
1434010 775.8
1434020 775.8
1434030 775.7
1434040 775.7
1434050 776.0
1434060 776.4
1434070 776.4
1434080 776.6
1434090 776.7
1434100 776.7
1434110 777.0
1434120 776.9
1434130 776.9
1434140 776.9
1434150 776.8
1434160 776.8
1434170 776.6
1434180 776.7
1434190 776.7
1434200 776.8
1434210 776.8
1434220 776.8
1434230 776.9
1434240 776.9
1434250 776.9
1434260 777.1
1434270 777.2
1434280 777.2
1434290 777.3
1434300 777.5
1434310 777.5
1434320 777.6
1434330 777.7
1434340 777.8
1434350 777.8
1434360 777.8
1434370 778.1
1434380 778.1
1434390 778.2
1434400 778.3
1434410 778.3
1434420 778.4
1434430 778.4
1434440 778.4
1434450 778.5
1434460 778.5
1434470 778.5
1434480 778.6
1434490 778.7
1434500 778.7
1434510 778.8
1434520 778.9
1434530 778.9
1434540 779.0
1434550 779.0
1434560 779.0
1434570 779.1
1434580 779.2
1434590 779.2
1434600 779.3
1434610 779.5
1434620 779.7
1434630 779.7
1434640 780.2
1434650 780.2
1434660 780.2
1434670 780.2
1434680 780.3
1434690 780.3
1434700 780.6
1434710 781.6
1434720 781.6
1434730 780.8
1434740 780.7
1434750 780.7
1434760 780.8
1434770 780.9
1434780 780.9
1434790 781.0
1434800 781.2
1434810 781.2
1434820 781.3
1434830 781.3
1434840 781.3
1434850 781.5
1434860 781.6
1434870 781.6
1434880 781.7
1434890 781.9
1434900 781.9
1434910 782.2
1434920 782.5
1434930 782.6
1434940 782.6
1434950 782.8
1434960 783.0
1434970 783.0
1434980 783.1
1434990 782.8
1435000 782.8
1435010 783.1
1435020 783.1
1435030 783.1
1435040 783.0
1435050 783.0
1435060 783.0
1435070 783.2
1435080 783.7
1435090 783.7
1435100 784.0
1435110 784.1
1435120 784.1
1435130 783.8
1435140 783.9
1435150 783.9
1435160 784.2
1435170 784.4
1435180 784.4
1435190 784.6
1435200 784.8
1435210 784.8
1435220 785.1
1435230 786.0
1435240 786.5
1435250 786.5
1435260 786.5
1435270 785.9
1435280 785.9
1435290 783.9
1435300 782.9
1435310 782.9
1435320 785.1
1435330 785.7
1435340 785.7
1435350 786.4
1435360 786.7
1435370 786.7
1435380 786.8
1435390 786.7
1435400 786.7
1435410 786.7
1435420 786.7
1435430 786.7
1435440 786.7
1435450 786.6
1435460 786.6
1435470 786.6
1435480 786.7
1435490 786.7
1435500 786.8
1435510 786.9
1435520 786.9
1435530 786.9
1435540 787.0
1435550 787.0
1435560 787.0
1435570 787.0
1435580 787.1
1435590 787.1
1435600 787.1
1435610 787.2
1435620 787.2
1435630 787.2
1435640 787.3
1435650 787.3
1435660 787.4
1435670 787.4
1435680 787.4
1435690 787.4
1435700 787.5
1435710 787.5
1435720 787.6
1435730 787.5
1435740 787.5
1435750 787.7
1435760 788.7
1435770 788.7
1435780 790.5
1435790 792.1
1435800 792.1
1435810 792.7
1435820 793.2
1435830 794.3
1435840 794.3
1435850 795.4
1435860 795.5
1435870 795.5
1435880 795.4
1435890 795.1
1435900 795.1
1435910 795.4
1435920 797.2
1435930 797.2
1435940 800.4
1435950 800.6
1435960 800.6
1435970 802.3
1435980 805.2
1435990 805.2
1436000 807.8
1436010 809.5
1436020 809.5
1436030 811.3
1436040 814.0
1436050 814.0
1436060 815.6
1436070 817.1
1436080 817.1
1436090 818.1
1436100 818.1
1436110 818.1
1436120 817.9
1436130 818.6
1436140 820.3
1436150 820.3
1436160 821.1
1436170 822.6
1436180 822.6
1436190 824.1
1436200 825.2
1436210 825.2
1436220 826.0
1436230 826.8
1436240 826.8
1436250 827.2
1436260 828.0
1436270 828.0
1436280 829.0
1436290 829.6
1436300 829.6
1436310 829.9
1436320 830.6
1436330 830.6
1436340 831.2
1436350 832.3
1436360 832.3
1436370 833.7
1436380 835.1
1436390 835.1
1436400 836.2
1436410 836.9
1436420 836.9
1436430 837.0
1436440 836.8
1436450 836.4
1436460 836.4
1436470 836.5
1436480 836.8
1436490 836.8
1436500 836.4
1436510 834.8
1436520 834.8
1436530 832.6
1436540 830.7
1436550 830.7
1436560 833.3
1436570 834.5
1436580 834.5
1436590 834.5
1436600 835.3
1436610 835.3
1436620 835.4
1436630 835.1
1436640 835.1
1436650 834.7
1436660 834.2
1436670 834.2
1436680 833.8
1436690 833.8
1436700 833.8
1436710 833.7
1436720 833.4
1436730 832.7
1436740 832.7
1436750 830.0
1436760 828.9
1436770 828.9
1436780 827.3
1436790 825.0
1436800 825.0
1436810 822.8
1436820 821.4
1436830 821.4
1436840 822.6
1436850 823.9
1436860 823.9
1436870 823.6
1436880 822.0
1436890 822.0
1436900 820.9
1436910 820.1
1436920 820.1
1436930 819.4
1436940 818.5
1436950 818.5
1436960 817.4
1436970 816.3
1436980 816.3
1436990 814.8
1437000 813.2
1437010 813.2
1437020 811.6
1437030 810.3
1437040 809.4
1437050 809.4
1437060 808.8
1437070 808.7
1437080 808.7
1437090 808.6
1437100 808.9
1437110 808.9
1437120 809.0
1437130 809.2
1437140 809.2
1437150 809.5
1437160 810.0
1437170 810.0
1437180 810.2
1437190 810.0
1437200 810.0
1437210 808.9
1437220 809.3
1437230 809.3
1437240 809.1
1437250 809.3
1437260 809.3
1437270 809.8
1437280 810.1
1437290 810.1
1437300 809.8
1437310 809.8
1437320 809.8
1437330 810.3
1437340 810.8
1437350 811.0
1437360 811.0
1437370 810.6
1437380 810.9
1437390 810.9
1437400 811.4
1437410 811.7
1437420 811.7
1437430 811.8
1437440 812.9
1437450 812.9
1437460 814.6
1437470 815.1
1437480 815.1
1437490 815.4
1437500 816.0
1437510 816.0
1437520 816.6
1437530 817.1
1437540 817.1
1437550 817.9
1437560 818.7
1437570 818.7
1437580 819.4
1437590 820.5
1437600 820.5
1437610 820.9
1437620 821.1
1437630 821.1
1437640 821.1
1437650 821.3
1437660 822.1
1437670 822.1
1437680 825.9
1437690 826.0
1437700 826.0
1437710 826.5
1437720 826.9
1437730 826.9
1437740 827.2
1437750 827.3
1437760 827.3
1437770 827.4
1437780 827.5
1437790 827.5
1437800 827.8
1437810 827.9
1437820 827.9
1437830 828.8
1437840 829.0
1437850 829.0
1437860 829.1
1437870 829.0
1437880 829.0
1437890 828.4
1437900 827.6
1437910 827.6
1437920 827.7
1437930 827.8
1437940 828.0
1437950 828.0
1437960 828.2
1437970 828.6
1437980 828.6
1437990 828.8
1438000 829.0
1438010 829.0
1438020 829.0
1438030 829.1
1438040 829.1
1438050 827.7
1438060 826.5
1438070 826.5
1438080 827.4
1438090 828.1
1438100 828.1
1438110 829.2
1438120 830.0
1438130 830.0
1438140 831.2
1438150 831.6
1438160 831.6
1438170 832.0
1438180 832.5
1438190 832.5
1438200 832.8
1438210 833.0
1438220 833.0
1438230 833.4
1438240 834.1
1438250 834.5
1438260 834.5
1438270 834.5
1438280 834.4
1438290 834.4
1438300 834.9
1438310 836.5
1438320 836.5
1438330 837.7
1438340 838.3
1438350 838.3
1438360 839.0
1438370 839.3
1438380 839.3
1438390 840.4
1438400 840.5
1438410 840.5
1438420 840.5
1438430 841.1
1438440 841.1
1438450 841.4
1438460 841.7
1438470 841.7
1438480 842.0
1438490 842.6
1438500 842.6
1438510 844.4
1438520 846.3
1438530 848.0
1438540 848.0
1438550 850.2
1438560 852.6
1438570 852.6
1438580 855.1
1438590 857.5
1438600 857.5
1438610 859.8
1438620 862.2
1438630 862.2
1438640 864.5
1438650 866.9
1438660 866.9
1438670 869.3
1438680 871.6
1438690 871.6
1438700 874.0
1438710 876.6
1438720 876.6
1438730 879.1
1438740 881.4
1438750 881.4
1438760 883.1
1438770 884.1
1438780 884.1
1438790 883.8
1438800 883.1
1438810 883.1
1438820 883.1
1438830 883.6
1438840 884.0
1438850 884.0
1438860 884.1
1438870 884.3
1438880 884.3
1438890 884.9
1438900 885.8
1438910 885.8
1438920 885.9
1438930 886.4
1438940 886.4
1438950 886.9
1438960 887.5
1438970 887.5
1438980 887.9
1438990 888.1
1439000 888.1
1439010 888.5
1439020 889.1
1439030 889.1
1439040 889.5
1439050 889.6
1439060 889.6
1439070 889.7
1439080 889.9
1439090 889.9
1439100 890.3
1439110 890.6
1439120 890.6
1439130 891.0
1439140 891.1
1439150 890.1
1439160 890.1
1439170 888.9
1439180 888.5
1439190 888.5
1439200 888.6
1439210 889.1
1439220 889.1
1439230 889.5
1439240 890.4
1439250 890.4
1439260 890.9
1439270 892.0
1439280 892.0
1439290 892.6
1439300 893.3
1439310 893.3
1439320 893.7
1439330 893.8
1439340 893.8
1439350 893.9
1439360 894.3
1439370 894.3
1439380 894.5
1439390 895.2
1439400 895.2
1439410 895.9
1439420 895.6
1439430 895.6
1439440 895.6
1439450 895.4
1439460 896.4
1439470 896.4
1439480 896.8
1439490 897.7
1439500 901.0
1439510 901.5
1439520 901.0
1439530 901.0
1439540 902.0
1439550 904.9
1439560 904.9
1439570 907.6
1439580 910.1
1439590 910.1
1439600 911.7
1439610 912.9
1439620 912.9
1439630 913.6
1439640 914.2
1439650 914.2
1439660 915.2
1439670 917.5
1439680 917.5
1439690 919.0
1439700 919.9
1439710 919.9
1439720 918.5
1439730 916.2
1439740 916.2
1439750 916.2
1439760 916.5
1439770 917.8
1439780 917.8
1439790 919.0
1439800 920.2
1439810 920.2
1439820 921.2
1439830 922.7
1439840 922.7
1439850 924.4
1439860 925.6
1439870 925.6
1439880 926.4
1439890 927.8
1439900 927.8
1439910 930.5
1439920 931.5
1439930 931.5
1439940 932.9
1439950 934.5
1439960 934.5
1439970 937.1
1439980 940.1
1439990 940.1
