1420000 1170.9
1420010 1173.6
1420020 1173.6
1420030 1176.0
1420040 1178.0
1420050 1178.0
1420060 1179.3
1420070 1180.1
1420080 1180.1
1420090 1180.6
1420100 1180.8
1420110 1180.8
1420120 1180.6
1420130 1180.6
1420140 1180.6
1420150 1180.9
1420160 1180.9
1420170 1180.9
1420180 1180.3
1420190 1179.6
1420200 1179.6
1420210 1178.8
1420220 1178.0
1420230 1178.0
1420240 1177.2
1420250 1176.4
1420260 1176.4
1420270 1176.2
1420280 1175.9
1420290 1176.4
1420300 1176.4
1420310 1176.5
1420320 1174.6
1420330 1174.6
1420340 1173.9
1420350 1175.1
1420360 1175.1
1420370 1175.8
1420380 1176.0
1420390 1176.0
1420400 1176.0
1420410 1175.3
1420420 1175.3
1420430 1174.3
1420440 1174.2
1420450 1174.2
1420460 1174.3
1420470 1173.5
1420480 1173.5
1420490 1172.2
1420500 1173.7
1420510 1173.7
1420520 1174.3
1420530 1173.6
1420540 1173.6
1420550 1172.2
1420560 1170.1
1420570 1170.1
1420580 1168.4
1420590 1167.2
1420600 1166.9
1420610 1166.9
1420620 1166.2
1420630 1164.8
1420640 1164.8
1420650 1163.2
1420660 1161.7
1420670 1161.7
1420680 1160.7
1420690 1160.7
1420700 1160.7
1420710 1161.1
1420720 1160.4
1420730 1160.4
1420740 1158.5
1420750 1155.5
1420760 1155.5
1420770 1152.3
1420780 1149.7
1420790 1149.7
1420800 1147.0
1420810 1144.5
1420820 1144.5
1420830 1143.7
1420840 1142.8
1420850 1142.8
1420860 1141.7
1420870 1140.6
1420880 1140.6
1420890 1139.5
1420900 1136.8
1420910 1130.7
1420920 1130.7
1420930 1124.7
1420940 1121.2
1420950 1121.2
1420960 1118.3
1420970 1116.5
1420980 1116.5
1420990 1111.3
1421000 1104.7
1421010 1104.7
1421020 1097.9
1421030 1090.4
1421040 1090.4
1421050 1088.3
1421060 1085.3
1421070 1085.3
1421080 1081.2
1421090 1077.6
1421100 1077.6
1421110 1074.4
1421120 1072.7
1421130 1072.7
1421140 1071.5
1421150 1070.4
1421160 1070.4
1421170 1068.5
1421180 1065.6
1421190 1065.6
1421200 1062.6
1421210 1059.1
1421220 1053.7
1421230 1053.7
1421240 1047.6
1421250 1040.9
1421260 1040.9
1421270 1037.8
1421280 1037.9
1421290 1037.9
1421300 1035.8
1421310 1030.8
1421320 1030.8
1421330 1023.9
1421340 1016.3
1421350 1016.3
1421360 1015.4
1421370 1015.9
1421380 1015.9
1421390 1013.4
1421400 1009.8
1421410 1009.8
1421420 1003.9
1421430 997.8
1421440 997.8
1421450 994.9
1421460 992.0
1421470 992.0
1421480 985.9
1421490 980.9
1421500 980.9
1421510 979.0
1421520 976.3
1421530 971.8
1421540 971.8
1421550 967.5
1421560 962.7
1421570 962.7
1421580 961.0
1421590 962.3
1421600 962.3
1421610 968.5
1421620 976.1
1421630 976.1
1421640 983.0
1421650 990.2
1421660 990.2
1421670 997.6
1421680 1005.0
1421690 1005.0
1421700 1013.0
1421710 1021.0
1421720 1021.0
1421730 1028.6
1421740 1035.5
1421750 1035.5
1421760 1042.3
1421770 1049.8
1421780 1049.8
1421790 1057.8
1421800 1064.6
1421810 1071.3
1421820 1071.3
1421830 1077.4
1421840 1083.4
1421850 1083.4
1421860 1091.3
1421870 1099.5
1421880 1099.5
1421890 1106.7
1421900 1113.7
1421910 1113.7
1421920 1122.0
1421930 1130.2
1421940 1130.2
1421950 1138.8
1421960 1147.3
1421970 1147.3
1421980 1154.5
1421990 1160.7
1422000 1160.7
1422010 1167.2
1422020 1173.5
1422030 1173.5
1422040 1179.4
1422050 1184.8
1422060 1184.8
1422070 1189.1
1422080 1192.2
1422090 1192.2
1422100 1195.0
1422110 1197.7
1422120 1200.5
1422130 1200.5
1422140 1203.4
1422150 1206.3
1422160 1206.3
1422170 1209.6
1422180 1212.9
1422190 1212.9
1422200 1216.0
1422210 1219.4
1422220 1219.4
1422230 1222.9
1422240 1226.0
1422250 1226.0
1422260 1229.2
1422270 1232.2
1422280 1232.2
1422290 1234.5
1422300 1237.2
1422310 1237.2
1422320 1240.0
1422330 1243.2
1422340 1243.2
1422350 1246.9
1422360 1250.5
1422370 1250.5
1422380 1253.7
1422390 1256.7
1422400 1256.7
1422410 1260.0
1422420 1263.3
1422430 1267.1
1422440 1267.1
1422450 1272.1
1422460 1277.9
1422470 1277.9
1422480 1282.8
1422490 1286.5
1422500 1286.5
1422510 1290.2
1422520 1293.8
1422530 1293.8
1422540 1297.6
1422550 1301.5
1422560 1301.5
1422570 1305.4
1422580 1309.4
1422590 1309.4
1422600 1313.1
1422610 1316.7
1422620 1316.7
1422630 1320.0
1422640 1323.5
1422650 1323.5
1422660 1327.2
1422670 1330.9
1422680 1330.9
1422690 1334.8
1422700 1338.7
1422710 1338.7
1422720 1342.6
1422730 1346.4
1422740 1349.7
1422750 1349.7
1422760 1352.5
1422770 1355.0
1422780 1355.0
1422790 1357.2
1422800 1359.4
1422810 1359.4
1422820 1361.6
1422830 1363.7
1422840 1363.7
1422850 1365.5
1422860 1367.2
1422870 1367.2
1422880 1368.5
1422890 1369.4
1422900 1369.4
1422910 1370.3
1422920 1370.6
1422930 1370.6
1422940 1370.4
1422950 1370.2
1422960 1370.2
1422970 1369.6
1422980 1369.1
1422990 1369.1
1423000 1368.8
1423010 1368.7
1423020 1368.7
1423030 1368.0
1423040 1366.9
1423050 1364.9
1423060 1364.9
1423070 1362.5
1423080 1360.2
1423090 1360.2
1423100 1364.1
1423110 1362.2
1423120 1362.2
1423130 1360.1
1423140 1358.4
1423150 1358.4
1423160 1357.6
1423170 1356.7
1423180 1356.7
1423190 1356.1
1423200 1355.6
1423210 1355.6
1423220 1355.5
1423230 1355.2
1423240 1355.2
1423250 1355.3
1423260 1355.2
1423270 1355.2
1423280 1355.3
1423290 1355.6
1423300 1355.6
1423310 1356.5
1423320 1357.4
1423330 1357.4
1423340 1358.4
1423350 1359.3
1423360 1359.5
1423370 1359.5
1423380 1359.3
1423390 1358.6
1423400 1358.6
1423410 1357.4
1423420 1356.4
1423430 1356.4
1423440 1356.5
1423450 1356.2
1423460 1356.2
1423470 1356.3
1423480 1356.2
1423490 1356.2
1423500 1356.2
1423510 1356.2
1423520 1356.2
1423530 1355.6
1423540 1355.3
1423550 1355.3
1423560 1355.5
1423570 1355.9
1423580 1355.9
1423590 1356.1
1423600 1356.3
1423610 1356.3
1423620 1357.3
1423630 1358.3
1423640 1358.3
1423650 1358.5
1423660 1357.6
1423670 1355.7
1423680 1355.7
1423690 1353.3
1423700 1350.1
1423710 1350.1
1423720 1346.6
1423730 1343.6
1423740 1343.6
1423750 1341.7
1423760 1346.7
1423770 1346.7
1423780 1353.5
1423790 1359.3
1423800 1359.3
1423810 1365.1
1423820 1369.5
1423830 1369.5
1423840 1374.3
1423850 1376.8
1423860 1376.8
1423870 1378.1
1423880 1378.8
1423890 1378.8
1423900 1379.0
1423910 1379.2
1423920 1379.2
1423930 1379.5
1423940 1380.0
1423950 1380.0
1423960 1381.1
1423970 1382.4
1423980 1383.5
1423990 1383.5
1424000 1384.4
1424010 1385.3
1424020 1385.3
1424030 1385.8
1424040 1385.5
1424050 1385.5
1424060 1385.3
1424070 1385.2
1424080 1385.2
1424090 1384.6
1424100 1383.6
1424110 1383.6
1424120 1382.9
1424130 1382.2
1424140 1382.2
1424150 1380.9
1424160 1379.4
1424170 1379.4
1424180 1377.2
1424190 1374.6
1424200 1374.6
1424210 1372.3
1424220 1370.1
1424230 1370.1
1424240 1367.9
1424250 1366.7
1424260 1365.1
1424270 1365.1
1424280 1363.1
1424290 1361.6
1424300 1361.6
1424310 1359.7
1424320 1357.9
1424330 1357.9
1424340 1356.7
1424350 1355.4
1424360 1355.4
1424370 1353.6
1424380 1351.2
1424390 1351.2
1424400 1348.3
1424410 1345.3
1424420 1345.3
1424430 1342.2
1424440 1338.9
1424450 1338.9
1424460 1335.6
1424470 1332.2
1424480 1332.2
1424490 1328.5
1424500 1324.7
1424510 1324.7
1424520 1320.8
1424530 1316.6
1424540 1316.6
1424550 1313.1
1424560 1310.2
1424570 1306.8
1424580 1306.8
1424590 1303.1
1424600 1299.7
1424610 1299.7
1424620 1295.3
1424630 1290.1
1424640 1290.1
1424650 1284.3
1424660 1278.3
1424670 1278.3
1424680 1272.4
1424690 1266.5
1424700 1266.5
1424710 1261.7
1424720 1256.2
1424730 1256.2
1424740 1251.1
1424750 1244.1
1424760 1244.1
1424770 1235.5
1424780 1227.0
1424790 1227.0
1424800 1219.5
1424810 1212.9
1424820 1212.9
1424830 1206.6
1424840 1201.1
1424850 1201.1
1424860 1196.3
1424870 1191.6
1424880 1186.6
1424890 1186.6
1424900 1180.5
1424910 1175.4
1424920 1175.4
1424930 1170.4
1424940 1165.9
1424950 1165.9
1424960 1161.0
1424970 1156.0
1424980 1156.0
1424990 1151.2
1425000 1146.8
1425010 1146.8
1425020 1142.8
1425030 1139.0
1425040 1139.0
1425050 1136.0
1425060 1133.0
1425070 1133.0
1425080 1129.4
1425090 1125.4
1425100 1125.4
1425110 1121.4
1425120 1117.2
1425130 1117.2
1425140 1113.6
1425150 1110.0
1425160 1110.0
1425170 1106.5
1425180 1103.2
1425190 1099.7
1425200 1099.7
1425210 1095.7
1425220 1090.4
1425230 1090.4
1425240 1085.6
1425250 1080.1
1425260 1080.1
1425270 1074.1
1425280 1067.9
1425290 1067.9
1425300 1061.9
1425310 1056.6
1425320 1056.6
1425330 1051.7
1425340 1047.0
1425350 1047.0
1425360 1042.9
1425370 1039.4
1425380 1039.4
1425390 1036.5
1425400 1032.5
1425410 1032.5
1425420 1028.2
1425430 1024.2
1425440 1024.2
1425450 1019.5
1425460 1015.3
1425470 1015.3
1425480 1010.5
1425490 1005.0
1425500 1000.4
1425510 1000.4
1425520 996.0
1425530 991.3
1425540 991.3
1425550 986.6
1425560 981.4
1425570 981.4
1425580 976.6
1425590 973.6
1425600 973.6
1425610 970.4
1425620 967.4
1425630 967.4
1425640 964.7
1425650 962.1
1425660 962.1
1425670 960.0
1425680 957.8
1425690 957.8
1425700 955.5
1425710 953.0
1425720 953.0
1425730 949.1
1425740 944.6
1425750 944.6
1425760 940.1
1425770 934.5
1425780 934.5
1425790 926.7
1425800 922.8
1425810 920.4
1425820 920.4
1425830 917.3
1425840 915.1
1425850 915.1
1425860 910.6
1425870 903.3
1425880 903.3
1425890 894.9
1425900 888.6
1425910 888.6
1425920 884.1
1425930 878.8
1425940 878.8
1425950 873.5
1425960 872.0
1425970 872.0
1425980 870.3
1425990 865.1
1426000 865.1
1426010 859.5
1426020 853.9
1426030 853.9
1426040 848.2
1426050 842.0
1426060 842.0
1426070 842.2
1426080 842.1
1426090 842.1
1426100 838.2
1426110 836.6
1426120 833.4
1426130 833.4
1426140 830.3
1426150 827.9
1426160 827.9
1426170 826.1
1426180 823.9
1426190 823.9
1426200 821.2
1426210 818.2
1426220 818.2
1426230 815.1
1426240 811.4
1426250 811.4
1426260 808.1
1426270 806.2
1426280 806.2
1426290 804.8
1426300 803.9
1426310 803.9
1426320 804.0
1426330 804.5
1426340 804.5
1426350 803.6
1426360 802.0
1426370 802.0
1426380 800.4
1426390 799.1
1426400 798.3
1426410 798.3
1426420 797.4
1426430 796.3
1426440 796.3
1426450 795.2
1426460 794.5
1426470 794.5
1426480 794.3
1426490 794.2
1426500 794.2
1426510 793.3
1426520 791.6
1426530 791.6
1426540 789.1
1426550 786.1
1426560 786.1
1426570 783.0
1426580 780.7
1426590 780.7
1426600 778.9
1426610 777.5
1426620 777.5
1426630 774.8
1426640 772.8
1426650 772.8
1426660 771.4
1426670 770.7
1426680 770.7
1426690 770.2
1426700 769.9
1426710 769.6
1426720 769.6
1426730 769.5
1426740 769.5
1426750 769.5
1426760 769.8
1426770 770.1
1426780 770.1
1426790 770.1
1426800 769.8
1426810 769.8
1426820 769.6
1426830 769.8
1426840 769.8
1426850 770.2
1426860 769.5
1426870 769.5
1426880 768.0
1426890 763.1
1426900 763.1
1426910 757.3
1426920 753.5
1426930 753.5
1426940 749.4
1426950 743.7
1426960 743.7
1426970 743.4
1426980 742.6
1426990 742.6
1427000 740.9
1427010 739.2
1427020 738.6
1427030 738.6
1427040 738.9
1427050 735.7
1427060 735.7
1427070 733.1
1427080 728.4
1427090 728.4
1427100 727.4
1427110 727.4
1427120 727.4
1427130 726.6
1427140 726.5
1427150 726.5
1427160 725.9
1427170 725.5
1427180 725.5
1427190 725.2
1427200 725.0
1427210 725.0
1427220 724.8
1427230 724.6
1427240 724.6
1427250 724.5
1427260 724.2
1427270 724.2
1427280 723.9
1427290 723.8
1427300 723.8
1427310 723.8
1427320 723.8
1427330 723.7
1427340 723.7
1427350 723.6
1427360 723.6
1427370 723.6
1427380 723.6
1427390 723.6
1427400 723.6
1427410 723.6
1427420 723.5
1427430 723.5
1427440 723.6
1427450 723.7
1427460 723.7
1427470 723.6
1427480 723.6
1427490 723.6
1427500 723.7
1427510 723.9
1427520 723.9
1427530 724.3
1427540 722.6
1427550 722.6
1427560 721.7
1427570 723.3
1427580 723.3
1427590 724.6
1427600 723.9
1427610 723.9
1427620 723.9
1427630 724.0
1427640 724.1
1427650 724.1
1427660 724.1
1427670 724.0
1427680 724.0
1427690 724.0
1427700 724.1
1427710 724.1
1427720 724.1
1427730 724.2
1427740 724.2
1427750 724.5
1427760 724.7
1427770 724.7
1427780 724.8
1427790 724.9
1427800 724.9
1427810 724.8
1427820 725.2
1427830 725.2
1427840 725.4
1427850 725.3
1427860 725.3
1427870 725.3
1427880 725.3
1427890 725.3
1427900 725.7
1427910 725.9
1427920 725.9
1427930 726.0
1427940 725.9
1427950 725.9
1427960 725.9
1427970 725.9
1427980 726.0
1427990 726.0
1428000 725.9
1428010 726.1
1428020 726.1
1428030 726.3
1428040 726.4
1428050 726.4
1428060 726.4
1428070 726.5
1428080 726.5
1428090 726.6
1428100 726.6
1428110 726.6
1428120 726.6
1428130 726.5
1428140 726.5
1428150 726.7
1428160 727.1
1428170 727.1
1428180 727.3
1428190 727.4
1428200 727.4
1428210 727.4
1428220 727.3
1428230 727.3
1428240 727.3
1428250 727.3
1428260 727.6
1428270 727.6
1428280 727.1
1428290 727.5
1428300 727.5
1428310 727.8
1428320 727.8
1428330 727.8
1428340 727.8
1428350 727.7
1428360 727.7
1428370 727.8
1428380 727.8
1428390 727.8
1428400 727.6
1428410 727.8
1428420 727.8
1428430 728.5
1428440 728.5
1428450 728.5
1428460 728.6
1428470 728.6
1428480 728.6
1428490 727.7
1428500 727.8
1428510 727.8
1428520 728.0
1428530 728.3
1428540 728.3
1428550 728.6
1428560 728.7
1428570 729.2
1428580 729.2
1428590 729.2
1428600 729.2
1428610 729.2
1428620 729.2
1428630 729.3
1428640 729.3
1428650 729.5
1428660 729.7
1428670 729.7
1428680 729.6
1428690 729.6
1428700 729.6
1428710 729.5
1428720 729.5
1428730 729.5
1428740 729.6
1428750 729.7
1428760 729.7
1428770 729.8
1428780 730.1
1428790 730.1
1428800 730.5
1428810 730.8
1428820 730.8
1428830 731.4
1428840 732.8
1428850 734.8
1428860 734.8
1428870 736.1
1428880 736.9
1428890 736.9
1428900 737.1
1428910 738.4
1428920 738.4
1428930 740.1
1428940 740.0
1428950 740.0
1428960 738.4
1428970 736.5
1428980 736.5
1428990 737.8
1429000 740.8
1429010 740.8
1429020 740.9
1429030 740.9
1429040 740.9
1429050 740.9
1429060 741.0
1429070 741.0
1429080 741.0
1429090 742.0
1429100 742.0
1429110 743.0
1429120 743.5
1429130 743.5
1429140 743.6
1429150 743.8
1429160 744.7
1429170 744.7
1429180 745.0
1429190 746.6
1429200 746.6
1429210 746.8
1429220 746.8
1429230 746.8
1429240 746.7
1429250 747.1
1429260 747.1
1429270 747.4
1429280 747.9
1429290 747.9
1429300 748.5
1429310 748.9
1429320 748.9
1429330 749.4
1429340 749.9
1429350 749.9
1429360 750.4
1429370 750.8
1429380 750.8
1429390 751.0
1429400 751.5
1429410 751.5
1429420 751.9
1429430 751.8
1429440 751.8
1429450 751.5
1429460 751.3
1429470 751.3
1429480 751.3
1429490 751.3
1429500 751.0
1429510 751.0
1429520 750.6
1429530 750.2
1429540 750.2
1429550 749.6
1429560 749.5
1429570 749.5
1429580 749.9
1429590 750.5
1429600 750.5
1429610 750.8
1429620 751.3
1429630 751.3
1429640 752.0
1429650 752.7
1429660 752.7
1429670 753.2
1429680 754.4
1429690 754.9
1429700 755.7
1429710 756.9
1429720 756.9
1429730 758.6
1429740 760.6
1429750 760.6
1429760 762.4
1429770 763.5
1429780 764.2
1429790 764.2
1429800 764.8
1429810 765.2
1429820 765.2
1429830 765.4
1429840 765.5
1429850 765.5
1429860 765.3
1429870 765.0
1429880 765.0
1429890 764.5
1429900 763.1
1429910 763.1
1429920 761.6
1429930 759.9
1429940 759.9
1429950 758.0
1429960 756.3
1429970 756.3
1429980 755.0
1429990 754.2
1430000 754.2
1430010 753.2
1430020 752.1
1430030 752.1
1430040 749.0
1430050 745.7
1430060 745.7
1430070 747.0
1430080 750.9
1430090 752.0
1430100 752.0
1430110 751.7
1430120 749.0
1430130 749.0
1430140 744.6
1430150 743.1
1430160 743.1
1430170 742.2
1430180 742.1
1430190 742.1
1430200 742.1
1430210 742.1
1430220 742.1
1430230 742.1
1430240 742.2
1430250 742.2
1430260 742.4
1430270 742.2
1430280 742.2
1430290 741.6
1430300 740.3
1430310 740.3
1430320 740.5
1430330 741.8
1430340 741.8
1430350 742.4
1430360 742.7
1430370 742.7
1430380 742.6
1430390 742.6
1430400 742.8
1430410 742.8
1430420 742.9
1430430 743.6
1430440 743.6
1430450 743.7
1430460 743.5
1430470 743.5
1430480 743.6
1430490 743.8
1430500 743.8
1430510 743.9
1430520 744.0
1430530 744.0
1430540 744.0
1430550 744.0
1430560 744.0
1430570 744.0
1430580 743.9
1430590 743.9
1430600 743.8
1430610 743.9
1430620 743.9
1430630 744.0
1430640 744.0
1430650 744.0
1430660 744.3
1430670 744.9
1430680 744.9
1430690 745.1
1430700 745.2
1430710 745.3
1430720 745.3
1430730 745.5
1430740 745.6
1430750 745.6
1430760 745.7
1430770 745.8
1430780 745.8
1430790 748.3
1430800 749.9
1430810 749.9
1430820 751.6
1430830 752.4
1430840 752.4
1430850 753.2
1430860 753.5
1430870 753.5
1430880 753.6
1430890 754.3
1430900 754.3
1430910 755.0
1430920 755.4
1430930 755.4
1430940 755.5
1430950 755.8
1430960 755.8
1430970 757.1
1430980 758.4
1430990 758.4
1431000 758.9
1431010 758.7
1431020 760.0
1431030 760.0
1431040 761.6
1431050 762.6
1431060 762.6
1431070 763.4
1431080 764.1
1431090 764.1
1431100 764.5
1431110 764.5
1431120 764.5
1431130 764.7
1431140 764.6
1431150 764.6
1431160 764.5
1431170 764.2
1431180 764.2
1431190 764.0
1431200 763.9
1431210 763.9
1431220 763.7
1431230 763.7
1431240 763.7
1431250 763.8
1431260 764.2
1431270 764.2
1431280 764.6
1431290 764.9
1431300 765.2
1431310 765.2
1431320 765.3
1431330 765.1
1431340 765.1
1431350 765.0
1431360 764.9
1431370 764.9
1431380 764.6
1431390 763.6
1431400 763.6
1431410 763.4
1431420 763.0
1431430 763.0
1431440 764.1
1431450 764.4
1431460 764.4
1431470 764.4
1431480 764.5
1431490 764.5
1431500 764.6
1431510 764.7
1431520 764.7
1431530 764.6
1431540 764.5
1431550 764.5
1431560 764.5
1431570 764.5
1431580 764.5
1431590 764.5
1431600 764.5
1431610 764.5
1431620 764.5
1431630 764.6
1431640 764.7
1431650 764.7
1431660 764.6
1431670 764.7
1431680 764.7
1431690 764.4
1431700 764.7
1431710 764.7
1431720 764.9
1431730 765.2
1431740 765.2
1431750 765.5
1431760 765.6
1431770 765.6
1431780 765.8
1431790 766.1
1431800 766.1
1431810 766.3
1431820 766.5
1431830 766.5
1431840 766.7
1431850 767.0
1431860 767.0
1431870 767.2
1431880 767.3
1431890 767.3
1431900 767.4
1431910 767.6
1431920 767.8
1431930 767.8
1431940 768.1
1431950 768.4
1431960 768.4
1431970 768.6
1431980 768.8
1431990 768.8
1432000 769.0
1432010 769.2
1432020 769.2
1432030 769.7
1432040 770.6
1432050 770.6
1432060 770.0
1432070 770.5
1432080 770.7
1432090 771.4
1432100 771.3
1432110 771.3
1432120 771.2
1432130 771.5
1432140 771.5
1432150 771.8
1432160 772.0
1432170 772.0
1432180 772.2
1432190 772.5
1432200 772.5
1432210 772.7
1432220 772.9
1432230 773.3
1432240 773.3
1432250 773.6
1432260 774.1
1432270 774.1
1432280 774.4
1432290 774.5
1432300 774.5
1432310 774.8
1432320 776.4
1432330 776.4
1432340 776.7
1432350 776.6
1432360 776.6
1432370 776.5
1432380 776.5
1432390 776.5
1432400 776.8
1432410 777.0
1432420 777.0
1432430 777.5
1432440 777.9
1432450 777.9
1432460 778.3
1432470 778.5
1432480 778.5
1432490 778.8
1432500 779.1
1432510 779.1
1432520 779.5
1432530 780.2
1432540 780.4
1432550 780.4
1432560 780.6
1432570 780.8
1432580 780.8
1432590 781.2
1432600 781.5
1432610 781.5
1432620 781.9
1432630 782.2
1432640 782.2
1432650 782.6
1432660 782.9
1432670 782.9
1432680 783.2
1432690 783.5
1432700 783.5
1432710 783.7
1432720 784.1
1432730 784.1
1432740 784.8
1432750 784.7
1432760 784.7
1432770 785.4
1432780 785.9
1432790 785.9
1432800 786.5
1432810 787.1
1432820 787.1
1432830 787.8
1432840 788.0
1432850 788.2
1432860 788.2
1432870 788.4
1432880 788.6
1432890 788.6
1432900 788.9
1432910 789.3
1432920 789.3
1432930 789.9
1432940 790.5
1432950 790.5
1432960 791.2
1432970 791.8
1432980 791.8
1432990 792.2
1433000 792.0
1433010 792.0
1433020 792.7
1433030 793.4
1433040 793.4
1433050 794.3
1433060 796.6
1433070 796.6
1433080 796.7
1433090 796.3
1433100 796.3
1433110 795.3
1433120 795.0
1433130 795.0
1433140 794.9
1433150 794.8
1433160 795.1
1433170 795.1
1433180 795.0
1433190 795.3
1433200 795.3
1433210 796.0
1433220 796.9
1433230 796.9
1433240 798.0
1433250 798.3
1433260 798.3
1433270 798.8
1433280 799.4
1433290 799.4
1433300 800.2
1433310 800.8
1433320 800.8
1433330 801.1
1433340 801.2
1433350 801.2
1433360 801.6
1433370 802.1
1433380 802.1
1433390 802.8
1433400 803.6
1433410 803.6
1433420 804.4
1433430 805.1
1433440 805.1
1433450 805.8
1433460 806.3
1433470 806.8
1433480 806.8
1433490 807.6
1433500 808.7
1433510 808.7
1433520 809.3
1433530 809.6
1433540 809.6
1433550 809.9
1433560 810.5
1433570 810.5
1433580 811.2
1433590 812.2
1433600 812.2
1433610 813.9
1433620 817.1
1433630 817.1
1433640 819.7
1433650 822.2
1433660 822.2
1433670 825.1
1433680 829.1
1433690 829.1
1433700 832.6
1433710 835.5
1433720 835.5
1433730 837.4
1433740 838.7
1433750 839.2
1433760 839.2
1433770 839.7
1433780 840.5
1433790 840.5
1433800 841.3
1433810 842.0
1433820 842.0
1433830 841.4
1433840 839.1
1433850 839.1
1433860 840.6
1433870 842.1
1433880 842.1
1433890 844.5
1433900 847.2
1433910 847.2
1433920 849.8
1433930 853.0
1433940 853.0
1433950 855.8
1433960 857.5
1433970 857.5
1433980 860.3
1433990 861.9
1434000 861.9
1434010 862.6
1434020 863.8
1434030 863.8
1434040 865.5
1434050 866.9
1434060 869.4
1434070 869.4
1434080 872.3
1434090 875.2
1434100 875.2
1434110 877.8
1434120 880.5
1434130 880.5
1434140 882.6
1434150 884.5
1434160 884.5
1434170 886.8
1434180 888.1
1434190 888.1
1434200 888.7
1434210 889.9
1434220 889.9
1434230 890.8
1434240 892.4
1434250 892.4
1434260 893.6
1434270 894.5
1434280 894.5
1434290 895.6
1434300 897.3
1434310 897.3
1434320 898.3
1434330 899.0
1434340 899.0
1434350 899.7
1434360 900.0
1434370 900.6
1434380 900.6
1434390 900.5
1434400 899.5
1434410 899.5
1434420 898.5
1434430 898.0
1434440 898.0
1434450 897.9
1434460 897.9
1434470 897.9
1434480 898.5
1434490 899.2
1434500 899.2
1434510 898.1
1434520 896.1
1434530 896.1
1434540 896.4
1434550 892.6
1434560 892.6
1434570 896.5
1434580 900.2
1434590 900.2
1434600 901.6
1434610 904.2
1434620 904.2
1434630 906.5
1434640 908.3
1434650 908.3
1434660 909.9
1434670 910.9
1434680 912.8
1434690 912.8
1434700 914.3
1434710 916.1
1434720 916.1
1434730 920.3
1434740 924.5
1434750 924.5
1434760 928.3
1434770 932.0
1434780 932.0
1434790 936.9
1434800 941.9
1434810 941.9
1434820 946.4
1434830 951.2
1434840 951.2
1434850 955.7
1434860 960.3
1434870 960.3
1434880 964.3
1434890 969.2
1434900 969.2
1434910 974.1
1434920 979.1
1434930 979.1
1434940 984.2
1434950 989.8
1434960 989.8
1434970 994.8
1434980 999.5
1434990 1003.4
1435000 1003.4
1435010 1009.8
1435020 1015.0
1435030 1015.0
1435040 1018.9
1435050 1023.2
1435060 1023.2
1435070 1028.7
1435080 1033.6
1435090 1033.6
1435100 1037.7
1435110 1042.6
1435120 1042.6
1435130 1046.8
1435140 1050.1
1435150 1050.1
1435160 1052.7
1435170 1055.2
1435180 1055.2
1435190 1057.6
1435200 1060.0
1435210 1060.0
1435220 1062.3
1435230 1064.6
1435240 1064.6
1435250 1066.8
1435260 1069.1
1435270 1069.1
1435280 1071.8
1435290 1074.4
1435300 1077.5
1435310 1077.5
1435320 1079.5
1435330 1081.7
1435340 1081.7
1435350 1083.9
1435360 1085.9
1435370 1085.9
1435380 1087.7
1435390 1089.2
1435400 1089.2
1435410 1090.5
1435420 1091.9
1435430 1091.9
1435440 1092.9
1435450 1093.9
1435460 1093.9
1435470 1094.9
1435480 1095.7
1435490 1095.7
1435500 1096.4
1435510 1096.8
1435520 1096.8
1435530 1097.2
1435540 1097.1
1435550 1097.1
1435560 1098.3
1435570 1099.0
1435580 1099.0
1435590 1099.6
1435600 1100.1
1435610 1100.2
1435620 1100.2
1435630 1100.1
1435640 1099.7
1435650 1099.7
1435660 1099.2
1435670 1098.2
1435680 1098.2
1435690 1096.7
1435700 1094.8
1435710 1094.8
1435720 1093.0
1435730 1091.5
1435740 1091.5
1435750 1090.0
1435760 1088.6
1435770 1088.6
1435780 1087.1
1435790 1085.7
1435800 1085.7
1435810 1084.3
1435820 1082.9
1435830 1082.9
1435840 1081.4
1435850 1078.9
1435860 1078.9
1435870 1074.8
1435880 1072.0
1435890 1069.2
1435900 1069.2
1435910 1066.4
1435920 1063.2
1435930 1063.2
1435940 1060.6
1435950 1058.9
1435960 1058.9
1435970 1057.4
1435980 1055.6
1435990 1055.6
1436000 1053.5
1436010 1051.2
1436020 1051.2
1436030 1048.1
1436040 1045.3
1436050 1045.3
1436060 1043.5
1436070 1041.8
1436080 1041.8
1436090 1039.4
1436100 1037.0
1436110 1037.0
1436120 1034.3
1436130 1031.6
1436140 1031.6
1436150 1029.1
1436160 1027.2
1436170 1027.2
1436180 1025.7
1436190 1023.8
1436200 1021.5
1436210 1021.5
1436220 1018.0
1436230 1014.4
1436240 1014.4
1436250 1011.3
1436260 1008.5
1436270 1008.5
1436280 1006.0
1436290 1003.6
1436300 1003.6
1436310 1001.5
1436320 998.6
1436330 998.6
1436340 995.3
1436350 991.9
1436360 991.9
1436370 989.0
1436380 987.4
1436390 987.4
1436400 985.8
1436410 984.6
1436420 984.6
1436430 983.3
1436440 981.9
1436450 981.9
1436460 980.0
1436470 978.3
1436480 978.3
1436490 976.8
1436500 975.1
1436510 973.5
1436520 973.5
1436530 971.7
1436540 969.6
1436550 969.6
1436560 966.9
1436570 962.6
1436580 962.6
1436590 958.2
1436600 953.9
1436610 953.9
1436620 951.1
1436630 949.1
1436640 949.1
1436650 946.9
1436660 945.2
1436670 945.2
1436680 942.6
1436690 940.3
1436700 940.3
1436710 938.6
1436720 936.9
1436730 936.9
1436740 933.9
1436750 930.8
1436760 930.8
1436770 927.9
1436780 923.9
1436790 923.9
1436800 920.5
1436810 917.6
1436820 916.2
1436830 916.2
1436840 914.7
1436850 913.3
1436860 913.3
1436870 912.2
1436880 913.7
1436890 913.7
1436900 913.4
1436910 913.8
1436920 913.8
1436930 913.6
1436940 913.7
1436950 913.7
1436960 914.7
1436970 915.5
1436980 915.5
1436990 916.1
1437000 916.8
1437010 916.8
1437020 917.4
1437030 917.5
1437040 917.5
1437050 917.2
1437060 917.3
1437070 917.3
1437080 917.3
1437090 917.3
1437100 917.3
1437110 917.4
1437120 918.6
1437130 919.8
1437140 919.8
1437150 919.2
1437160 917.6
1437170 917.6
1437180 915.7
1437190 914.9
1437200 914.9
1437210 917.7
1437220 921.1
1437230 921.1
1437240 921.3
1437250 921.5
1437260 921.5
1437270 921.9
1437280 922.3
1437290 922.3
1437300 922.8
1437310 923.4
1437320 923.4
1437330 924.0
1437340 924.6
1437350 924.6
1437360 925.4
1437370 926.5
1437380 926.5
1437390 928.3
1437400 930.4
1437410 930.4
1437420 932.2
1437430 933.7
1437440 935.0
1437450 935.0
1437460 936.7
1437470 938.6
1437480 938.6
1437490 940.5
1437500 942.5
1437510 942.5
1437520 944.4
1437530 946.1
1437540 946.1
1437550 947.6
1437560 949.8
1437570 949.8
1437580 952.1
1437590 954.2
1437600 954.2
1437610 956.0
1437620 957.9
1437630 957.9
1437640 960.0
1437650 962.0
1437660 962.0
1437670 963.6
1437680 965.6
1437690 965.6
1437700 967.7
1437710 970.0
1437720 970.0
1437730 972.3
1437740 975.0
1437750 978.1
1437760 978.1
1437770 981.1
1437780 984.3
1437790 984.3
1437800 987.8
1437810 991.0
1437820 991.0
1437830 994.0
1437840 997.4
1437850 997.4
1437860 1000.9
1437870 1004.5
1437880 1004.5
1437890 1007.6
1437900 1010.7
1437910 1010.7
1437920 1014.1
1437930 1017.4
1437940 1017.4
1437950 1020.1
1437960 1023.1
1437970 1023.1
1437980 1026.3
1437990 1030.3
1438000 1030.3
1438010 1035.0
1438020 1039.2
1438030 1042.7
1438040 1042.7
1438050 1045.9
1438060 1049.5
1438070 1049.5
1438080 1054.2
1438090 1059.2
1438100 1059.2
1438110 1064.1
1438120 1069.5
1438130 1069.5
1438140 1073.8
1438150 1078.7
1438160 1078.7
1438170 1084.5
1438180 1090.2
1438190 1090.2
1438200 1096.2
1438210 1102.0
1438220 1102.0
1438230 1107.4
1438240 1113.0
1438250 1113.0
1438260 1119.1
1438270 1125.9
1438280 1125.9
1438290 1133.7
1438300 1140.2
1438310 1140.2
1438320 1141.1
1438330 1142.7
1438340 1146.2
1438350 1146.2
1438360 1147.7
1438370 1148.2
1438380 1148.2
1438390 1148.0
1438400 1147.7
1438410 1147.7
1438420 1148.0
1438430 1148.0
1438440 1148.0
1438450 1147.1
1438460 1145.4
1438470 1145.4
1438480 1144.0
1438490 1143.4
1438500 1143.4
1438510 1144.5
1438520 1145.0
1438530 1145.0
1438540 1144.8
1438550 1144.1
1438560 1144.1
1438570 1143.1
1438580 1141.2
1438590 1141.2
1438600 1138.5
1438610 1135.8
1438620 1135.8
1438630 1134.6
1438640 1133.9
1438650 1132.4
1438660 1132.4
1438670 1130.2
1438680 1128.2
1438690 1128.2
1438700 1125.2
1438710 1122.9
1438720 1122.9
1438730 1121.4
1438740 1120.0
1438750 1120.0
1438760 1119.3
1438770 1118.3
1438780 1118.3
1438790 1117.2
1438800 1117.4
1438810 1117.4
1438820 1118.1
1438830 1117.6
1438840 1117.6
1438850 1115.8
1438860 1113.1
1438870 1113.1
1438880 1108.4
1438890 1103.3
1438900 1103.3
1438910 1096.3
1438920 1087.4
1438930 1087.4
1438940 1076.5
1438950 1065.4
1438960 1058.1
1438970 1058.1
1438980 1049.1
1438990 1054.1
1439000 1054.1
1439010 1070.3
1439020 1080.4
1439030 1080.4
1439040 1084.5
1439050 1080.7
1439060 1080.7
1439070 1072.2
1439080 1068.1
1439090 1068.1
1439100 1073.4
1439110 1076.1
1439120 1076.1
1439130 1071.9
1439140 1069.8
1439150 1069.8
1439160 1070.8
1439170 1071.0
1439180 1071.0
1439190 1069.7
1439200 1067.6
1439210 1067.6
1439220 1063.3
1439230 1058.6
1439240 1058.6
1439250 1057.1
1439260 1056.7
1439270 1055.1
1439280 1055.1
1439290 1054.3
1439300 1052.2
1439310 1052.2
1439320 1049.5
1439330 1046.6
1439340 1046.6
1439350 1044.8
1439360 1042.5
1439370 1042.5
1439380 1039.4
1439390 1034.4
1439400 1034.4
1439410 1028.4
1439420 1022.9
1439430 1022.9
1439440 1019.1
1439450 1017.6
1439460 1017.6
1439470 1018.4
1439480 1018.0
1439490 1018.0
1439500 1015.8
1439510 1013.4
1439520 1013.4
1439530 1011.1
1439540 1007.1
1439550 1007.1
1439560 1002.5
1439570 1000.4
1439580 998.1
1439590 998.1
1439600 992.8
1439610 987.5
1439620 987.5
1439630 981.7
1439640 976.4
1439650 976.4
1439660 973.2
1439670 971.5
1439680 971.5
1439690 969.1
1439700 966.9
1439710 966.9
1439720 965.4
1439730 964.5
1439740 964.5
1439750 963.9
1439760 963.1
1439770 963.1
1439780 962.7
1439790 962.4
1439800 962.4
1439810 958.5
1439820 952.9
1439830 952.9
1439840 950.8
1439850 949.9
1439860 949.9
1439870 954.9
1439880 958.4
1439890 961.3
1439900 961.3
1439910 965.0
1439920 968.9
1439930 968.9
1439940 973.7
1439950 980.7
1439960 980.7
1439970 984.6
1439980 992.2
1439990 992.2
