1420000 1092.0
1420010 1092.3
1420020 1092.3
1420030 1092.3
1420040 1092.1
1420050 1092.1
1420060 1091.8
1420070 1091.7
1420080 1091.7
1420090 1091.6
1420100 1091.3
1420110 1091.3
1420120 1091.2
1420130 1090.9
1420140 1090.9
1420150 1090.0
1420160 1088.9
1420170 1088.0
1420180 1088.0
1420190 1087.3
1420200 1087.1
1420210 1087.1
1420220 1087.3
1420230 1091.6
1420240 1091.6
1420250 1091.7
1420260 1091.8
1420270 1091.8
1420280 1091.4
1420290 1089.9
1420300 1089.9
1420310 1088.3
1420320 1086.3
1420330 1086.3
1420340 1088.6
1420350 1089.6
1420360 1089.6
1420370 1091.2
1420380 1092.6
1420390 1092.6
1420400 1094.1
1420410 1095.0
1420420 1095.0
1420430 1093.9
1420440 1094.9
1420450 1096.2
1420460 1096.2
1420470 1096.2
1420480 1095.7
1420490 1095.7
1420500 1099.2
1420510 1100.8
1420520 1100.8
1420530 1101.4
1420540 1101.5
1420550 1101.5
1420560 1101.1
1420570 1100.3
1420580 1100.3
1420590 1099.3
1420600 1097.6
1420610 1097.6
1420620 1094.3
1420630 1094.2
1420640 1094.2
1420650 1096.3
1420660 1098.1
1420670 1098.1
1420680 1098.3
1420690 1097.5
1420700 1097.5
1420710 1096.6
1420720 1094.9
1420730 1094.9
1420740 1092.7
1420750 1090.4
1420760 1088.2
1420770 1088.2
1420780 1086.3
1420790 1084.1
1420800 1084.1
1420810 1082.1
1420820 1080.9
1420830 1080.9
1420840 1076.7
1420850 1072.7
1420860 1072.7
1420870 1067.7
1420880 1062.9
1420890 1062.9
1420900 1059.7
1420910 1056.6
1420920 1056.6
1420930 1055.2
1420940 1052.4
1420950 1052.4
1420960 1047.9
1420970 1044.9
1420980 1044.9
1420990 1043.0
1421000 1039.3
1421010 1039.3
1421020 1034.9
1421030 1030.0
1421040 1030.0
1421050 1025.2
1421060 1020.9
1421070 1016.9
1421080 1016.9
1421090 1012.9
1421100 1008.7
1421110 1008.7
1421120 1004.4
1421130 1000.8
1421140 1000.8
1421150 995.8
1421160 988.7
1421170 988.7
1421180 983.3
1421190 979.7
1421200 979.7
1421210 976.2
1421220 971.6
1421230 971.6
1421240 967.0
1421250 963.6
1421260 963.6
1421270 961.2
1421280 956.4
1421290 956.4
1421300 949.8
1421310 943.8
1421320 943.8
1421330 940.0
1421340 938.2
1421350 938.2
1421360 936.7
1421370 932.6
1421380 930.8
1421390 930.8
1421400 931.2
1421410 932.4
1421420 932.4
1421430 934.4
1421440 935.8
1421450 935.8
1421460 937.5
1421470 940.2
1421480 940.2
1421490 941.5
1421500 943.1
1421510 943.1
1421520 946.7
1421530 952.4
1421540 952.4
1421550 959.3
1421560 965.7
1421570 965.7
1421580 972.5
1421590 980.3
1421600 980.3
1421610 988.5
1421620 996.4
1421630 996.4
1421640 1003.8
1421650 1010.5
1421660 1010.5
1421670 1017.6
1421680 1023.8
1421690 1029.7
1421700 1029.7
1421710 1036.0
1421720 1043.0
1421730 1043.0
1421740 1050.8
1421750 1059.5
1421760 1059.5
1421770 1066.0
1421780 1071.8
1421790 1071.8
1421800 1077.4
1421810 1082.1
1421820 1082.1
1421830 1088.0
1421840 1091.8
1421850 1091.8
1421860 1095.4
1421870 1099.8
1421880 1099.8
1421890 1103.7
1421900 1106.3
1421910 1106.3
1421920 1108.0
1421930 1108.8
1421940 1108.8
1421950 1108.7
1421960 1111.5
1421970 1111.5
1421980 1115.5
1421990 1119.8
1422000 1123.8
1422010 1123.8
1422020 1128.2
1422030 1133.5
1422040 1133.5
1422050 1138.5
1422060 1143.4
1422070 1143.4
1422080 1148.2
1422090 1153.1
1422100 1153.1
1422110 1158.1
1422120 1162.8
1422130 1162.8
1422140 1167.8
1422150 1174.1
1422160 1174.1
1422170 1176.8
1422180 1178.9
1422190 1178.9
1422200 1184.5
1422210 1190.7
1422220 1190.7
1422230 1196.0
1422240 1201.0
1422250 1202.3
1422260 1207.8
1422270 1213.6
1422280 1213.6
1422290 1219.1
1422300 1224.7
1422310 1230.5
1422320 1230.5
1422330 1235.8
1422340 1241.0
1422350 1241.0
1422360 1246.2
1422370 1251.2
1422380 1251.2
1422390 1255.9
1422400 1260.5
1422410 1260.5
1422420 1264.8
1422430 1268.6
1422440 1268.6
1422450 1271.9
1422460 1274.3
1422470 1274.3
1422480 1276.0
1422490 1276.4
1422500 1276.4
1422510 1276.2
1422520 1275.1
1422530 1275.1
1422540 1273.6
1422550 1272.6
1422560 1272.6
1422570 1271.0
1422580 1268.1
1422590 1268.1
1422600 1264.8
1422610 1261.3
1422620 1258.9
1422630 1258.9
1422640 1257.0
1422650 1255.8
1422660 1255.8
1422670 1254.6
1422680 1253.2
1422690 1253.2
1422700 1252.5
1422710 1252.2
1422720 1252.2
1422730 1251.3
1422740 1250.5
1422750 1250.5
1422760 1249.8
1422770 1249.7
1422780 1249.7
1422790 1249.6
1422800 1249.6
1422810 1249.6
1422820 1250.4
1422830 1251.7
1422840 1251.7
1422850 1252.5
1422860 1253.1
1422870 1253.1
1422880 1255.3
1422890 1258.6
1422900 1258.6
1422910 1261.1
1422920 1262.8
1422930 1264.2
1422940 1264.2
1422950 1265.7
1422960 1267.2
1422970 1267.2
1422980 1268.4
1422990 1269.4
1423000 1269.4
1423010 1270.3
1423020 1270.5
1423030 1270.5
1423040 1270.6
1423050 1270.1
1423060 1270.1
1423070 1269.1
1423080 1267.7
1423090 1267.7
1423100 1266.4
1423110 1265.0
1423120 1265.0
1423130 1263.3
1423140 1259.8
1423150 1259.8
1423160 1256.3
1423170 1253.4
1423180 1253.4
1423190 1248.4
1423200 1242.0
1423210 1242.0
1423220 1236.6
1423230 1230.2
1423240 1227.7
1423250 1227.7
1423260 1234.3
1423270 1240.7
1423280 1240.7
1423290 1246.3
1423300 1251.5
1423310 1251.5
1423320 1256.0
1423330 1259.7
1423340 1259.7
1423350 1261.8
1423360 1262.7
1423370 1262.7
1423380 1263.5
1423390 1263.8
1423400 1263.8
1423410 1263.4
1423420 1262.4
1423430 1262.4
1423440 1260.4
1423450 1257.7
1423460 1257.7
1423470 1255.7
1423480 1252.5
1423490 1252.5
1423500 1248.9
1423510 1254.6
1423520 1260.6
1423530 1260.6
1423540 1264.6
1423550 1265.4
1423560 1265.4
1423570 1265.3
1423580 1264.5
1423590 1264.5
1423600 1262.5
1423610 1258.8
1423620 1258.8
1423630 1254.5
1423640 1250.2
1423650 1250.2
1423660 1243.8
1423670 1237.4
1423680 1237.4
1423690 1240.6
1423700 1245.3
1423710 1245.3
1423720 1249.6
1423730 1256.5
1423740 1256.5
1423750 1264.5
1423760 1271.4
1423770 1271.4
1423780 1278.4
1423790 1285.0
1423800 1285.0
1423810 1291.5
1423820 1297.4
1423830 1301.6
1423840 1301.6
1423850 1306.9
1423860 1310.7
1423870 1310.7
1423880 1313.8
1423890 1316.7
1423900 1316.7
1423910 1318.7
1423920 1319.8
1423930 1319.8
1423940 1319.7
1423950 1318.2
1423960 1318.2
1423970 1313.8
1423980 1307.8
1423990 1307.8
1424000 1304.0
1424010 1299.3
1424020 1299.3
1424030 1294.8
1424040 1291.0
1424050 1291.0
1424060 1290.1
1424070 1291.0
1424080 1291.0
1424090 1286.2
1424100 1284.4
1424110 1284.4
1424120 1284.7
1424130 1282.9
1424140 1286.7
1424150 1286.7
1424160 1294.6
1424170 1302.4
1424180 1302.4
1424190 1309.8
1424200 1312.5
1424210 1312.5
1424220 1313.8
1424230 1314.9
1424240 1314.9
1424250 1314.4
1424260 1314.0
1424270 1314.0
1424280 1313.9
1424290 1313.4
1424300 1313.4
1424310 1312.0
1424320 1310.0
1424330 1310.0
1424340 1310.7
1424350 1309.4
1424360 1309.4
1424370 1307.4
1424380 1306.5
1424390 1306.5
1424400 1305.0
1424410 1302.8
1424420 1302.8
1424430 1300.3
1424440 1299.0
1424450 1296.7
1424460 1296.7
1424470 1294.2
1424480 1291.7
1424490 1291.7
1424500 1288.4
1424510 1284.9
1424520 1284.9
1424530 1281.9
1424540 1278.6
1424550 1278.6
1424560 1275.3
1424570 1272.5
1424580 1272.5
1424590 1269.4
1424600 1266.7
1424610 1266.7
1424620 1263.7
1424630 1261.1
1424640 1261.1
1424650 1258.8
1424660 1256.6
1424670 1256.6
1424680 1255.1
1424690 1254.1
1424700 1254.1
1424710 1253.4
1424720 1252.4
1424730 1252.4
1424740 1251.6
1424750 1250.6
1424760 1249.2
1424770 1249.2
1424780 1247.9
1424790 1246.6
1424800 1246.6
1424810 1245.0
1424820 1242.1
1424830 1242.1
1424840 1239.0
1424850 1235.9
1424860 1235.9
1424870 1231.9
1424880 1228.5
1424890 1228.5
1424900 1224.1
1424910 1218.2
1424920 1218.2
1424930 1212.9
1424940 1207.5
1424950 1207.5
1424960 1202.0
1424970 1196.3
1424980 1196.3
1424990 1189.8
1425000 1182.4
1425010 1182.4
1425020 1174.4
1425030 1165.7
1425040 1165.7
1425050 1156.8
1425060 1148.7
1425070 1140.5
1425080 1140.5
1425090 1133.2
1425100 1130.5
1425110 1130.5
1425120 1123.9
1425130 1117.5
1425140 1117.5
1425150 1112.7
1425160 1109.1
1425170 1109.1
1425180 1105.6
1425190 1102.7
1425200 1102.7
1425210 1099.8
1425220 1097.0
1425230 1097.0
1425240 1093.8
1425250 1090.3
1425260 1090.3
1425270 1087.1
1425280 1084.2
1425290 1084.2
1425300 1081.1
1425310 1077.3
1425320 1077.3
1425330 1073.0
1425340 1068.1
1425350 1068.1
1425360 1063.1
1425370 1059.1
1425380 1055.2
1425390 1055.2
1425400 1051.0
1425410 1047.2
1425420 1047.2
1425430 1043.3
1425440 1039.8
1425450 1039.8
1425460 1036.1
1425470 1033.0
1425480 1033.0
1425490 1029.5
1425500 1026.2
1425510 1026.2
1425520 1023.0
1425530 1019.6
1425540 1019.6
1425550 1015.3
1425560 1010.5
1425570 1010.5
1425580 1005.9
1425590 999.1
1425600 999.1
1425610 993.9
1425620 991.3
1425630 991.3
1425640 988.8
1425650 986.1
1425660 986.1
1425670 983.5
1425680 980.8
1425690 978.4
1425700 978.4
1425710 976.3
1425720 974.1
1425730 974.1
1425740 971.0
1425750 968.9
1425760 968.9
1425770 966.7
1425780 963.8
1425790 963.8
1425800 961.0
1425810 958.0
1425820 958.0
1425830 955.0
1425840 952.0
1425850 952.0
1425860 946.7
1425870 941.2
1425880 941.2
1425890 937.4
1425900 933.6
1425910 933.6
1425920 930.0
1425930 927.0
1425940 927.0
1425950 924.9
1425960 921.8
1425970 921.8
1425980 917.5
1425990 910.1
1426000 905.8
1426010 905.8
1426020 894.8
1426030 879.8
1426040 879.8
1426050 872.5
1426060 864.1
1426070 864.1
1426080 848.8
1426090 834.1
1426100 834.1
1426110 822.3
1426120 807.4
1426130 807.4
1426140 799.4
1426150 787.3
1426160 787.3
1426170 776.2
1426180 767.3
1426190 767.3
1426200 760.2
1426210 757.1
1426220 757.1
1426230 753.3
1426240 748.1
1426250 748.1
1426260 745.0
1426270 746.2
1426280 749.0
1426290 749.0
1426300 748.6
1426310 748.3
1426320 748.3
1426330 749.5
1426340 751.7
1426350 751.7
1426360 753.1
1426370 752.5
1426380 752.5
1426390 750.7
1426400 751.2
1426410 751.2
1426420 754.8
1426430 758.8
1426440 758.8
1426450 761.4
1426460 764.8
1426470 764.8
1426480 769.6
1426490 771.8
1426500 770.4
1426510 771.8
1426520 772.0
1426530 772.0
1426540 773.0
1426550 780.3
1426560 780.3
1426570 781.5
1426580 782.5
1426590 781.0
1426600 781.0
1426610 779.4
1426620 781.1
1426630 781.1
1426640 779.0
1426650 778.4
1426660 778.4
1426670 778.0
1426680 778.4
1426690 778.4
1426700 778.1
1426710 773.2
1426720 773.2
1426730 771.8
1426740 769.1
1426750 769.1
1426760 763.6
1426770 756.6
1426780 756.6
1426790 750.6
1426800 747.2
1426810 747.2
1426820 745.2
1426830 744.9
1426840 744.9
1426850 745.3
1426860 744.0
1426870 744.0
1426880 743.8
1426890 746.5
1426900 745.4
1426910 745.4
1426920 743.0
1426930 739.6
1426940 739.6
1426950 733.4
1426960 730.3
1426970 730.3
1426980 729.1
1426990 730.0
1427000 730.0
1427010 727.5
1427020 726.9
1427030 726.9
1427040 725.3
1427050 725.6
1427060 725.6
1427070 725.1
1427080 724.7
1427090 724.7
1427100 724.3
1427110 724.1
1427120 724.1
1427130 723.9
1427140 723.8
1427150 723.8
1427160 723.6
1427170 723.5
1427180 723.5
1427190 723.4
1427200 723.3
1427210 723.4
1427220 723.4
1427230 723.4
1427240 723.1
1427250 723.1
1427260 723.1
1427270 723.0
1427280 723.0
1427290 722.9
1427300 722.8
1427310 722.8
1427320 722.7
1427330 722.7
1427340 722.7
1427350 722.7
1427360 722.7
1427370 722.7
1427380 723.0
1427390 723.0
1427400 723.0
1427410 721.2
1427420 722.5
1427430 722.5
1427440 723.4
1427450 722.7
1427460 722.7
1427470 722.7
1427480 722.8
1427490 722.8
1427500 723.0
1427510 723.0
1427520 723.1
1427530 723.1
1427540 723.1
1427550 723.2
1427560 723.2
1427570 723.2
1427580 723.2
1427590 723.2
1427600 723.3
1427610 723.4
1427620 723.4
1427630 723.6
1427640 723.8
1427650 723.8
1427660 723.8
1427670 723.9
1427680 723.9
1427690 723.9
1427700 724.1
1427710 724.1
1427720 724.1
1427730 724.3
1427740 724.3
1427750 724.5
1427760 724.4
1427770 724.4
1427780 724.6
1427790 724.7
1427800 724.7
1427810 724.9
1427820 725.0
1427830 725.1
1427840 725.1
1427850 725.4
1427860 725.7
1427870 725.7
1427880 725.6
1427890 725.7
1427900 725.7
1427910 725.9
1427920 725.9
1427930 725.9
1427940 726.3
1427950 726.2
1427960 726.2
1427970 726.1
1427980 726.1
1427990 726.1
1428000 726.3
1428010 726.3
1428020 726.3
1428030 726.3
1428040 726.1
1428050 726.1
1428060 726.2
1428070 726.4
1428080 726.4
1428090 726.6
1428100 726.7
1428110 726.7
1428120 726.8
1428130 727.8
1428140 726.8
1428150 726.8
1428160 726.4
1428170 726.7
1428180 726.7
1428190 727.2
1428200 727.4
1428210 727.4
1428220 728.0
1428230 728.0
1428240 728.0
1428250 728.1
1428260 728.0
1428270 728.0
1428280 728.1
1428290 728.1
1428300 728.1
1428310 728.4
1428320 728.8
1428330 728.8
1428340 728.9
1428350 729.3
1428360 729.3
1428370 729.4
1428380 729.4
1428390 729.4
1428400 729.6
1428410 729.5
1428420 729.5
1428430 729.6
1428440 729.5
1428450 729.7
1428460 729.7
1428470 729.9
1428480 730.0
1428490 730.0
1428500 730.0
1428510 730.0
1428520 730.0
1428530 730.0
1428540 730.2
1428550 730.2
1428560 730.4
1428570 730.6
1428580 730.6
1428590 730.6
1428600 730.5
1428610 730.5
1428620 730.5
1428630 730.5
1428640 730.5
1428650 730.5
1428660 730.5
1428670 730.5
1428680 730.6
1428690 730.7
1428700 730.7
1428710 730.8
1428720 730.8
1428730 730.8
1428740 730.9
1428750 730.9
1428760 730.9
1428770 730.9
1428780 731.0
1428790 730.9
1428800 730.9
1428810 730.7
1428820 730.9
1428830 730.9
1428840 731.3
1428850 731.3
1428860 731.3
1428870 731.5
1428880 731.7
1428890 731.7
1428900 731.9
1428910 732.1
1428920 732.1
1428930 732.2
1428940 732.7
1428950 732.7
1428960 733.0
1428970 733.3
1428980 733.3
1428990 733.3
1429000 733.5
1429010 733.5
1429020 733.5
1429030 733.6
1429040 733.7
1429050 733.7
1429060 733.7
1429070 733.8
1429080 733.8
1429090 733.7
1429100 734.0
1429110 734.0
1429120 734.2
1429130 734.1
1429140 734.1
1429150 734.1
1429160 734.1
1429170 734.1
1429180 734.3
1429190 735.4
1429200 735.4
1429210 735.7
1429220 735.5
1429230 735.5
1429240 735.3
1429250 735.3
1429260 735.3
1429270 735.4
1429280 735.4
1429290 735.4
1429300 735.6
1429310 735.6
1429320 735.6
1429330 735.7
1429340 735.8
1429350 735.7
1429360 735.7
1429370 735.7
1429380 735.7
1429390 735.7
1429400 735.5
1429410 735.3
1429420 735.3
1429430 735.1
1429440 735.7
1429450 735.7
1429460 736.7
1429470 737.2
1429480 737.2
1429490 737.6
1429500 737.5
1429510 737.5
1429520 737.4
1429530 737.4
1429540 737.4
1429550 738.1
1429560 737.9
1429570 737.9
1429580 737.9
1429590 739.4
1429600 739.4
1429610 741.6
1429620 742.0
1429630 742.0
1429640 742.9
1429650 743.4
1429660 744.0
1429670 744.0
1429680 744.8
1429690 745.2
1429700 745.2
1429710 745.8
1429720 746.7
1429730 746.7
1429740 748.2
1429750 750.2
1429760 750.2
1429770 752.1
1429780 753.8
1429790 753.8
1429800 755.2
1429810 756.5
1429820 756.5
1429830 757.1
1429840 757.3
1429850 757.3
1429860 757.1
1429870 756.9
1429880 756.9
1429890 756.6
1429900 756.2
1429910 756.2
1429920 755.6
1429930 754.8
1429940 754.8
1429950 754.2
1429960 753.8
1429970 752.8
1429980 752.8
1429990 747.8
1430000 742.6
1430010 742.6
1430020 740.9
1430030 740.5
1430040 740.5
1430050 740.5
1430060 740.4
1430070 740.4
1430080 740.3
1430090 740.2
1430100 740.2
1430110 739.9
1430120 740.1
1430130 740.1
1430140 740.4
1430150 740.4
1430160 740.4
1430170 740.4
1430180 740.0
1430190 740.0
1430200 738.6
1430210 739.3
1430220 739.3
1430230 740.5
1430240 740.6
1430250 740.6
1430260 740.6
1430270 740.6
1430280 740.6
1430290 740.6
1430300 740.9
1430310 741.3
1430320 741.3
1430330 741.3
1430340 741.5
1430350 741.5
1430360 741.7
1430370 741.7
1430380 741.7
1430390 741.8
1430400 741.7
1430410 741.7
1430420 741.9
1430430 742.5
1430440 742.5
1430450 742.5
1430460 742.8
1430470 742.8
1430480 743.0
1430490 743.2
1430500 743.2
1430510 743.5
1430520 743.4
1430530 743.4
1430540 744.6
1430550 746.2
1430560 746.2
1430570 746.9
1430580 748.1
1430590 748.5
1430600 748.5
1430610 748.7
1430620 749.5
1430630 749.5
1430640 749.9
1430650 750.5
1430660 750.5
1430670 750.9
1430680 750.9
1430690 750.9
1430700 751.1
1430710 751.3
1430720 751.3
1430730 751.7
1430740 752.0
1430750 752.0
1430760 752.1
1430770 752.3
1430780 752.3
1430790 752.9
1430800 753.0
1430810 753.0
1430820 753.3
1430830 753.6
1430840 753.6
1430850 753.7
1430860 753.8
1430870 753.8
1430880 754.1
1430890 754.4
1430900 756.1
1430910 756.1
1430920 758.0
1430930 758.6
1430940 758.6
1430950 758.8
1430960 759.5
1430970 759.5
1430980 759.7
1430990 760.1
1431000 760.1
1431010 760.2
1431020 760.7
1431030 760.7
1431040 760.7
1431050 760.6
1431060 760.6
1431070 760.4
1431080 760.6
1431090 760.6
1431100 760.9
1431110 761.4
1431120 761.4
1431130 762.1
1431140 762.9
1431150 762.9
1431160 763.8
1431170 764.0
1431180 764.0
1431190 764.4
1431200 764.7
1431210 765.1
1431220 765.1
1431230 765.5
1431240 766.0
1431250 766.0
1431260 766.4
1431270 766.8
1431280 766.8
1431290 766.9
1431300 766.5
1431310 766.5
1431320 765.9
1431330 765.0
1431340 765.0
1431350 764.1
1431360 763.3
1431370 763.3
1431380 763.0
1431390 762.9
1431400 762.9
1431410 762.8
1431420 763.5
1431430 763.5
1431440 763.6
1431450 763.6
1431460 763.6
1431470 763.4
1431480 763.4
1431490 763.4
1431500 763.5
1431510 763.5
1431520 763.6
1431530 763.6
1431540 763.6
1431550 763.7
1431560 763.7
1431570 763.8
1431580 764.0
1431590 764.0
1431600 764.1
1431610 764.2
1431620 764.2
1431630 764.4
1431640 764.5
1431650 764.5
1431660 764.8
1431670 765.0
1431680 765.0
1431690 765.3
1431700 765.6
1431710 765.6
1431720 766.0
1431730 766.4
1431740 766.4
1431750 766.7
1431760 766.9
1431770 766.9
1431780 767.0
1431790 767.2
1431800 767.2
1431810 767.7
1431820 768.1
1431830 768.1
1431840 768.1
1431850 768.0
1431860 768.3
1431870 768.3
1431880 768.5
1431890 768.4
1431900 768.4
1431910 768.3
1431920 768.3
1431930 768.3
1431940 768.5
1431950 768.7
1431960 768.7
1431970 768.8
1431980 769.0
1431990 769.0
1432000 769.2
1432010 769.3
1432020 769.3
1432030 769.3
1432040 769.5
1432050 769.5
1432060 769.7
1432070 769.9
1432080 769.9
1432090 770.1
1432100 770.4
1432110 770.6
1432120 770.6
1432130 770.9
1432140 771.4
1432150 771.4
1432160 771.6
1432170 771.8
1432180 771.8
1432190 772.2
1432200 772.5
1432210 772.5
1432220 772.6
1432230 772.8
1432240 772.8
1432250 772.9
1432260 773.2
1432270 773.2
1432280 773.6
1432290 774.0
1432300 774.0
1432310 774.4
1432320 774.4
1432330 774.4
1432340 774.8
1432350 774.4
1432360 774.4
1432370 774.8
1432380 775.1
1432390 775.1
1432400 775.3
1432410 775.7
1432420 776.0
1432430 776.0
1432440 776.6
1432450 776.5
1432460 776.5
1432470 776.7
1432480 777.0
1432490 777.0
1432500 777.7
1432510 778.0
1432520 778.0
1432530 778.1
1432540 778.0
1432550 778.0
1432560 778.1
1432570 778.5
1432580 778.5
1432590 778.8
1432600 779.2
1432610 779.2
1432620 779.6
1432630 781.3
1432640 781.3
1432650 781.3
1432660 782.0
1432670 782.0
1432680 783.6
1432690 784.3
1432700 784.3
1432710 785.7
1432720 788.1
1432730 790.4
1432740 790.4
1432750 792.3
1432760 794.7
1432770 794.7
1432780 797.3
1432790 799.7
1432800 799.7
1432810 802.3
1432820 804.7
1432830 804.7
1432840 807.2
1432850 809.9
1432860 809.9
1432870 813.1
1432880 816.2
1432890 816.2
1432900 818.8
1432910 822.0
1432920 822.0
1432930 825.1
1432940 827.8
1432950 827.8
1432960 830.3
1432970 833.0
1432980 833.0
1432990 834.9
1433000 836.4
1433010 836.4
1433020 837.5
1433030 837.9
1433040 838.2
1433050 838.2
1433060 837.3
1433070 836.4
1433080 836.4
1433090 836.2
1433100 835.7
1433110 835.7
1433120 835.8
1433130 836.0
1433140 836.0
1433150 835.2
1433160 834.4
1433170 834.4
1433180 833.7
1433190 833.0
1433200 833.0
1433210 831.8
1433220 830.2
1433230 830.2
1433240 827.7
1433250 825.8
1433260 825.8
1433270 824.2
1433280 822.7
1433290 822.7
1433300 822.4
1433310 822.7
1433320 822.7
1433330 822.6
1433340 822.2
1433350 821.6
1433360 821.6
1433370 821.6
1433380 821.8
1433390 821.8
1433400 821.8
1433410 821.6
1433420 821.6
1433430 821.2
1433440 820.4
1433450 820.4
1433460 819.1
1433470 816.0
1433480 816.0
1433490 814.3
1433500 815.5
1433510 815.5
1433520 815.6
1433530 814.3
1433540 814.3
1433550 813.6
1433560 813.5
1433570 813.5
1433580 812.2
1433590 812.4
1433600 812.4
1433610 813.2
1433620 813.7
1433630 813.7
1433640 814.1
1433650 814.6
1433660 815.2
1433670 815.2
1433680 815.7
1433690 816.2
1433700 816.2
1433710 816.8
1433720 817.5
1433730 817.5
1433740 818.2
1433750 818.9
1433760 818.9
1433770 819.6
1433780 820.4
1433790 820.4
1433800 821.3
1433810 822.0
1433820 822.0
1433830 822.8
1433840 823.8
1433850 823.8
1433860 824.5
1433870 825.2
1433880 825.2
1433890 826.0
1433900 826.7
1433910 826.7
1433920 827.4
1433930 828.0
1433940 828.0
1433950 828.8
1433960 829.5
1433970 830.0
1433980 830.0
1433990 830.6
1434000 831.3
1434010 831.3
1434020 832.0
1434030 832.7
1434040 832.7
1434050 833.5
1434060 834.2
1434070 834.2
1434080 835.1
1434090 835.8
1434100 835.8
1434110 836.6
1434120 837.2
1434130 837.2
1434140 837.9
1434150 838.4
1434160 838.4
1434170 837.8
1434180 837.6
1434190 837.6
1434200 838.5
1434210 838.9
1434220 838.9
1434230 839.2
1434240 840.4
1434250 840.4
1434260 840.3
1434270 840.5
1434280 841.4
1434290 841.4
1434300 842.8
1434310 843.9
1434320 843.9
1434330 846.2
1434340 847.2
1434350 847.2
1434360 849.4
1434370 851.3
1434380 851.3
1434390 853.7
1434400 856.3
1434410 856.3
1434420 858.4
1434430 860.7
1434440 860.7
1434450 862.9
1434460 865.3
1434470 865.3
1434480 867.4
1434490 869.4
1434500 869.4
1434510 871.5
1434520 874.0
1434530 874.0
1434540 876.4
1434550 878.9
1434560 878.9
1434570 881.4
1434580 883.9
1434590 886.2
1434600 886.2
1434610 888.8
1434620 892.4
1434630 892.4
1434640 896.4
1434650 900.3
1434660 900.3
1434670 905.4
1434680 910.3
1434690 910.3
1434700 915.3
1434710 920.3
1434720 920.3
1434730 926.7
1434740 932.6
1434750 932.6
1434760 936.8
1434770 940.4
1434780 940.4
1434790 943.4
1434800 946.5
1434810 946.5
1434820 949.6
1434830 952.1
1434840 952.1
1434850 953.8
1434860 956.4
1434870 959.3
1434880 959.3
1434890 960.3
1434900 962.3
1434910 962.3
1434920 966.3
1434930 971.9
1434940 971.9
1434950 978.6
1434960 982.4
1434970 982.4
1434980 984.7
1434990 990.2
1435000 990.2
1435010 995.4
1435020 1001.1
1435030 1001.1
1435040 1008.3
1435050 1015.7
1435060 1015.7
1435070 1022.3
1435080 1028.4
1435090 1028.4
1435100 1033.3
1435110 1037.3
1435120 1037.3
1435130 1041.1
1435140 1044.9
1435150 1044.9
1435160 1049.1
1435170 1052.6
1435180 1054.0
1435190 1054.0
1435200 1057.2
1435210 1060.5
1435220 1060.5
1435230 1064.4
1435240 1067.7
1435250 1067.7
1435260 1070.7
1435270 1073.7
1435280 1073.7
1435290 1076.7
1435300 1080.3
1435310 1080.3
1435320 1085.0
1435330 1088.1
1435340 1088.1
1435350 1091.7
1435360 1094.4
1435370 1094.4
1435380 1096.7
1435390 1099.0
1435400 1099.0
1435410 1100.7
1435420 1102.3
1435430 1102.3
1435440 1103.3
1435450 1103.7
1435460 1103.7
1435470 1104.0
1435480 1104.4
1435490 1105.0
1435500 1105.0
1435510 1105.4
1435520 1105.9
1435530 1105.9
1435540 1106.7
1435550 1107.4
1435560 1107.4
1435570 1107.9
1435580 1108.5
1435590 1108.5
1435600 1108.4
1435610 1107.0
1435620 1107.0
1435630 1106.2
1435640 1103.4
1435650 1103.4
1435660 1098.6
1435670 1095.2
1435680 1095.2
1435690 1092.3
1435700 1091.0
1435710 1091.0
1435720 1089.8
1435730 1087.4
1435740 1087.4
1435750 1085.3
1435760 1083.1
1435770 1083.1
1435780 1081.4
1435790 1079.4
1435800 1076.6
1435810 1076.6
1435820 1074.1
1435830 1073.1
1435840 1073.1
1435850 1072.9
1435860 1071.5
1435870 1071.5
1435880 1067.8
1435890 1064.1
1435900 1064.1
1435910 1063.2
1435920 1061.9
1435930 1061.9
1435940 1059.5
1435950 1057.2
1435960 1057.2
1435970 1053.7
1435980 1051.2
1435990 1051.2
1436000 1049.7
1436010 1047.2
1436020 1047.2
1436030 1044.0
1436040 1041.4
1436050 1041.4
1436060 1039.6
1436070 1036.6
1436080 1036.6
1436090 1034.2
1436100 1030.6
1436110 1027.0
1436120 1027.0
1436130 1023.6
1436140 1021.6
1436150 1021.6
1436160 1020.6
1436170 1019.4
1436180 1019.4
1436190 1017.7
1436200 1015.9
1436210 1015.9
1436220 1013.2
1436230 1010.6
1436240 1010.6
1436250 1008.2
1436260 1005.5
1436270 1005.5
1436280 1002.8
1436290 999.9
1436300 999.9
1436310 998.3
1436320 995.8
1436330 995.8
1436340 993.9
1436350 992.8
1436360 992.8
1436370 992.3
1436380 990.9
1436390 990.9
1436400 988.7
1436410 986.3
1436420 984.8
1436430 984.8
1436440 982.4
1436450 979.1
1436460 979.1
1436470 975.2
1436480 971.0
1436490 971.0
1436500 966.0
1436510 960.5
1436520 960.5
1436530 955.8
1436540 952.7
1436550 952.7
1436560 948.8
1436570 945.4
1436580 945.4
1436590 942.4
1436600 939.9
1436610 939.9
1436620 937.3
1436630 934.1
1436640 934.1
1436650 933.7
1436660 935.2
1436670 935.2
1436680 934.5
1436690 934.1
1436700 934.1
1436710 933.5
1436720 933.0
1436730 932.8
1436740 932.8
1436750 932.9
1436760 932.8
1436770 932.8
1436780 932.4
1436790 932.1
1436800 932.1
1436810 932.0
1436820 931.8
1436830 931.8
1436840 931.9
1436850 931.8
1436860 931.8
1436870 931.8
1436880 931.8
1436890 931.8
1436900 931.8
1436910 932.3
1436920 932.3
1436930 932.9
1436940 933.4
1436950 933.4
1436960 933.4
1436970 933.9
1436980 933.9
1436990 934.6
1437000 935.3
1437010 935.3
1437020 936.1
1437030 937.7
1437040 939.0
1437050 939.0
1437060 940.1
1437070 941.2
1437080 941.2
1437090 941.8
1437100 942.0
1437110 942.0
1437120 942.0
1437130 942.9
1437140 942.9
1437150 943.5
1437160 944.3
1437170 944.3
1437180 944.7
1437190 945.1
1437200 945.1
1437210 946.8
1437220 945.5
1437230 945.5
1437240 943.4
1437250 941.6
1437260 941.6
1437270 943.8
1437280 946.0
1437290 946.0
1437300 948.5
1437310 949.8
1437320 950.1
1437330 950.1
1437340 950.9
1437350 951.9
1437360 951.9
1437370 952.8
1437380 953.4
1437390 953.4
1437400 953.9
1437410 954.3
1437420 954.3
1437430 954.9
1437440 955.4
1437450 955.4
1437460 956.1
1437470 957.9
1437480 957.9
1437490 961.3
1437500 964.9
1437510 964.9
1437520 967.5
1437530 969.7
1437540 969.7
1437550 971.9
1437560 974.0
1437570 974.0
1437580 976.2
1437590 979.0
1437600 979.0
1437610 982.2
1437620 985.8
1437630 989.2
1437640 989.2
1437650 992.4
1437660 995.6
1437670 995.6
1437680 998.7
1437690 1002.0
1437700 1002.0
1437710 1005.3
1437720 1009.6
1437730 1009.6
1437740 1013.9
1437750 1017.7
1437760 1017.7
1437770 1021.4
1437780 1025.2
1437790 1025.2
1437800 1028.5
1437810 1031.9
1437820 1031.9
1437830 1035.4
1437840 1038.3
1437850 1038.3
1437860 1041.7
1437870 1044.9
1437880 1044.9
1437890 1048.0
1437900 1052.2
1437910 1052.2
1437920 1057.4
1437930 1062.9
1437940 1068.3
1437950 1068.3
1437960 1074.1
1437970 1078.9
1437980 1078.9
1437990 1084.1
1438000 1089.3
1438010 1089.3
1438020 1095.4
1438030 1102.4
1438040 1102.4
1438050 1109.2
1438060 1116.0
1438070 1116.0
1438080 1122.7
1438090 1129.4
1438100 1129.4
1438110 1136.5
1438120 1144.1
1438130 1144.1
1438140 1151.4
1438150 1158.5
1438160 1158.5
1438170 1165.1
1438180 1170.4
1438190 1170.4
1438200 1174.5
1438210 1179.0
1438220 1179.0
1438230 1185.6
1438240 1192.9
1438250 1199.2
1438260 1199.2
1438270 1202.9
1438280 1206.5
1438290 1206.5
1438300 1211.9
1438310 1215.9
1438320 1215.9
1438330 1218.3
1438340 1219.9
1438350 1219.9
1438360 1221.1
1438370 1221.1
1438380 1221.1
1438390 1220.6
1438400 1219.8
1438410 1219.8
1438420 1218.5
1438430 1216.5
1438440 1216.5
1438450 1214.6
1438460 1212.9
1438470 1212.9
1438480 1211.0
1438490 1208.6
1438500 1208.6
1438510 1206.9
1438520 1205.2
1438530 1205.2
1438540 1203.6
1438550 1201.7
1438560 1199.3
1438570 1199.3
1438580 1196.2
1438590 1193.0
1438600 1193.0
1438610 1189.4
1438620 1186.3
1438630 1186.3
1438640 1183.4
1438650 1180.7
1438660 1180.7
1438670 1177.5
1438680 1174.9
1438690 1174.9
1438700 1171.7
1438710 1167.9
1438720 1167.9
1438730 1164.2
1438740 1160.5
1438750 1160.5
1438760 1154.9
1438770 1149.2
1438780 1149.2
1438790 1144.9
1438800 1140.3
1438810 1139.2
1438820 1133.7
1438830 1127.2
1438840 1127.2
1438850 1128.3
1438860 1130.2
1438870 1131.1
1438880 1131.1
1438890 1134.4
1438900 1134.4
1438910 1134.4
1438920 1132.5
1438930 1134.6
1438940 1134.6
1438950 1134.2
1438960 1133.7
1438970 1133.7
1438980 1133.5
1438990 1133.5
1439000 1133.5
1439010 1133.8
1439020 1134.1
1439030 1134.1
1439040 1134.0
1439050 1133.6
1439060 1133.6
1439070 1133.1
1439080 1132.9
1439090 1132.9
1439100 1132.6
1439110 1132.2
1439120 1132.2
1439130 1132.0
1439140 1131.1
1439150 1131.1
1439160 1129.2
1439170 1127.6
1439180 1124.8
1439190 1124.8
1439200 1120.6
1439210 1116.3
1439220 1116.3
1439230 1111.2
1439240 1108.2
1439250 1108.2
1439260 1106.3
1439270 1103.3
1439280 1103.3
1439290 1101.1
1439300 1099.4
1439310 1099.4
1439320 1096.3
1439330 1091.4
1439340 1091.4
1439350 1086.4
1439360 1082.4
1439370 1082.4
1439380 1078.6
1439390 1075.3
1439400 1075.3
1439410 1072.3
1439420 1071.6
1439430 1071.6
1439440 1071.0
1439450 1069.9
1439460 1069.9
1439470 1068.3
1439480 1065.5
1439490 1064.3
1439500 1064.3
1439510 1064.2
1439520 1063.7
1439530 1063.7
1439540 1062.3
1439550 1060.1
1439560 1060.1
1439570 1056.6
1439580 1051.6
1439590 1051.6
1439600 1045.3
1439610 1037.2
1439620 1037.2
1439630 1030.0
1439640 1023.9
1439650 1023.9
1439660 1017.7
1439670 1012.1
1439680 1012.1
1439690 1007.1
1439700 1001.9
1439710 1001.9
1439720 996.8
1439730 993.0
1439740 993.0
1439750 990.0
1439760 987.3
1439770 987.3
1439780 984.5
1439790 982.5
1439800 981.5
1439810 981.5
1439820 981.6
1439830 979.8
1439840 979.8
1439850 973.6
1439860 968.7
1439870 968.7
1439880 969.1
1439890 976.1
1439900 976.1
1439910 981.6
1439920 987.9
1439930 987.9
1439940 993.3
1439950 998.9
1439960 998.9
1439970 1003.8
1439980 1006.3
1439990 1006.3
