1420000 846.9
1420010 849.2
1420020 850.1
1420030 850.1
1420040 850.5
1420050 851.3
1420060 851.3
1420070 852.5
1420080 854.2
1420090 855.7
1420100 855.7
1420110 857.9
1420120 860.3
1420130 860.3
1420140 858.3
1420150 849.7
1420160 849.7
1420170 845.4
1420180 852.1
1420190 852.1
1420200 857.0
1420210 860.0
1420220 860.0
1420230 861.0
1420240 860.0
1420250 860.0
1420260 859.3
1420270 859.9
1420280 859.9
1420290 861.5
1420300 862.6
1420310 862.6
1420320 861.0
1420330 857.7
1420340 857.7
1420350 852.7
1420360 846.8
1420370 846.8
1420380 843.1
1420390 838.5
1420400 830.6
1420410 830.6
1420420 832.0
1420430 830.3
1420440 830.3
1420450 834.3
1420460 836.7
1420470 836.7
1420480 840.1
1420490 843.6
1420500 843.6
1420510 846.3
1420520 848.8
1420530 848.8
1420540 851.5
1420550 853.2
1420560 853.2
1420570 852.9
1420580 851.3
1420590 851.3
1420600 850.8
1420610 850.4
1420620 850.4
1420630 847.7
1420640 845.4
1420650 845.4
1420660 842.6
1420670 837.3
1420680 837.3
1420690 832.9
1420700 832.5
1420710 831.3
1420720 831.3
1420730 829.3
1420740 826.7
1420750 826.7
1420760 822.3
1420770 816.8
1420780 816.8
1420790 812.7
1420800 809.3
1420810 809.3
1420820 807.6
1420830 806.5
1420840 806.5
1420850 804.9
1420860 802.8
1420870 802.8
1420880 801.0
1420890 798.0
1420900 798.0
1420910 795.8
1420920 794.9
1420930 794.9
1420940 793.8
1420950 792.3
1420960 792.3
1420970 790.2
1420980 787.8
1420990 787.8
1421000 786.1
1421010 785.3
1421020 784.9
1421030 784.9
1421040 784.3
1421050 783.8
1421060 783.8
1421070 783.2
1421080 782.3
1421090 782.3
1421100 781.2
1421110 781.1
1421120 781.1
1421130 781.5
1421140 783.4
1421150 783.4
1421160 786.9
1421170 788.1
1421180 788.1
1421190 786.4
1421200 783.6
1421210 783.6
1421220 780.8
1421230 779.6
1421240 779.6
1421250 777.9
1421260 776.7
1421270 776.7
1421280 778.8
1421290 780.2
1421300 780.2
1421310 780.4
1421320 780.2
1421330 781.0
1421340 781.0
1421350 781.9
1421360 782.3
1421370 782.3
1421380 782.7
1421390 782.5
1421400 782.5
1421410 782.2
1421420 782.3
1421430 782.3
1421440 782.3
1421450 782.3
1421460 782.3
1421470 782.0
1421480 781.9
1421490 781.9
1421500 781.9
1421510 781.7
1421520 781.7
1421530 781.5
1421540 781.4
1421550 781.4
1421560 781.2
1421570 781.1
1421580 781.1
1421590 781.0
1421600 780.7
1421610 780.7
1421620 780.4
1421630 780.1
1421640 779.8
1421650 779.8
1421660 779.6
1421670 779.5
1421680 779.5
1421690 779.5
1421700 779.4
1421710 779.4
1421720 779.1
1421730 778.8
1421740 778.8
1421750 778.5
1421760 778.3
1421770 778.3
1421780 777.8
1421790 777.4
1421800 777.4
1421810 777.1
1421820 776.9
1421830 776.9
1421840 776.6
1421850 776.4
1421860 776.4
1421870 776.1
1421880 776.0
1421890 776.0
1421900 775.8
1421910 775.5
1421920 775.5
1421930 775.0
1421940 774.8
1421950 774.8
1421960 774.8
1421970 774.5
1421980 774.2
1421990 774.2
1422000 773.9
1422010 773.6
1422020 773.6
1422030 773.3
1422040 773.0
1422050 773.0
1422060 772.7
1422070 772.5
1422080 772.5
1422090 772.2
1422100 771.9
1422110 771.9
1422120 771.5
1422130 771.2
1422140 771.2
1422150 771.0
1422160 770.8
1422170 770.8
1422180 770.5
1422190 770.4
1422200 770.4
1422210 770.0
1422220 769.6
1422230 769.6
1422240 769.3
1422250 769.0
1422260 769.0
1422270 768.8
1422280 768.5
1422290 768.1
1422300 768.1
1422310 767.8
1422320 767.6
1422330 767.6
1422340 767.3
1422350 767.0
1422360 767.0
1422370 766.6
1422380 766.2
1422390 766.2
1422400 766.0
1422410 765.7
1422420 765.7
1422430 765.4
1422440 765.1
1422450 764.9
1422460 764.7
1422470 764.4
1422480 764.4
1422490 764.3
1422500 764.0
1422510 764.0
1422520 763.0
1422530 760.4
1422540 760.4
1422550 758.8
1422560 758.5
1422570 758.5
1422580 758.4
1422590 758.6
1422600 758.8
1422610 758.8
1422620 758.7
1422630 758.3
1422640 758.3
1422650 758.1
1422660 757.9
1422670 757.9
1422680 757.6
1422690 757.3
1422700 757.3
1422710 757.1
1422720 757.0
1422730 757.0
1422740 756.8
1422750 756.7
1422760 756.7
1422770 756.4
1422780 756.2
1422790 756.2
1422800 756.0
1422810 756.0
1422820 756.0
1422830 755.8
1422840 755.6
1422850 755.6
1422860 755.4
1422870 755.1
1422880 755.1
1422890 754.9
1422900 754.8
1422910 754.7
1422920 754.7
1422930 754.6
1422940 754.5
1422950 754.5
1422960 754.3
1422970 754.0
1422980 754.0
1422990 753.7
1423000 753.5
1423010 753.5
1423020 753.2
1423030 753.1
1423040 753.1
1423050 752.9
1423060 752.7
1423070 752.7
1423080 752.7
1423090 752.5
1423100 752.5
1423110 752.1
1423120 751.9
1423130 751.9
1423140 751.8
1423150 751.7
1423160 751.7
1423170 751.6
1423180 751.5
1423190 751.5
1423200 751.4
1423210 751.3
1423220 751.1
1423230 751.1
1423240 751.0
1423250 750.8
1423260 750.8
1423270 750.7
1423280 750.6
1423290 750.6
1423300 750.6
1423310 750.6
1423320 750.6
1423330 750.4
1423340 750.3
1423350 750.3
1423360 750.3
1423370 750.1
1423380 750.1
1423390 750.1
1423400 749.9
1423410 749.9
1423420 749.7
1423430 749.6
1423440 749.6
1423450 749.4
1423460 749.3
1423470 749.3
1423480 749.2
1423490 749.4
1423500 749.4
1423510 748.9
1423520 748.8
1423530 748.6
1423540 748.6
1423550 748.5
1423560 748.3
1423570 748.3
1423580 748.0
1423590 747.8
1423600 747.8
1423610 747.7
1423620 747.5
1423630 747.5
1423640 747.4
1423650 747.3
1423660 747.3
1423670 747.2
1423680 747.0
1423690 747.0
1423700 746.7
1423710 746.5
1423720 746.5
1423730 746.4
1423740 746.3
1423750 746.3
1423760 746.2
1423770 745.9
1423780 745.9
1423790 745.7
1423800 745.5
1423810 745.5
1423820 745.4
1423830 745.2
1423840 745.1
1423850 745.1
1423860 744.9
1423870 744.7
1423880 744.7
1423890 744.5
1423900 744.4
1423910 744.4
1423920 744.3
1423930 744.2
1423940 744.2
1423950 744.2
1423960 744.1
1423970 744.1
1423980 743.9
1423990 743.8
1424000 743.8
1424010 743.7
1424020 743.6
1424030 743.6
1424040 743.4
1424050 743.3
1424060 743.3
1424070 743.2
1424080 743.0
1424090 743.0
1424100 742.8
1424110 742.7
1424120 742.7
1424130 742.7
1424140 742.6
1424150 742.3
1424160 742.3
1424170 742.1
1424180 742.0
1424190 742.0
1424200 741.9
1424210 741.9
1424220 741.9
1424230 741.9
1424240 741.8
1424250 741.8
1424260 741.7
1424270 741.6
1424280 741.6
1424290 741.4
1424300 741.2
1424310 741.2
1424320 741.0
1424330 740.8
1424340 740.8
1424350 740.7
1424360 741.0
1424370 741.0
1424380 741.5
1424390 741.1
1424400 741.1
1424410 740.3
1424420 740.2
1424430 740.2
1424440 740.0
1424450 740.0
1424460 739.8
1424470 739.8
1424480 740.0
1424490 739.6
1424500 739.6
1424510 739.0
1424520 738.9
1424530 738.9
1424540 738.8
1424550 738.6
1424560 738.6
1424570 738.5
1424580 738.3
1424590 738.3
1424600 738.2
1424610 737.9
1424620 737.9
1424630 737.6
1424640 737.4
1424650 737.4
1424660 737.3
1424670 737.1
1424680 737.1
1424690 737.0
1424700 736.9
1424710 736.9
1424720 736.8
1424730 736.6
1424740 736.6
1424750 736.6
1424760 736.5
1424770 736.4
1424780 736.4
1424790 736.3
1424800 736.3
1424810 736.3
1424820 736.2
1424830 736.2
1424840 736.2
1424850 736.1
1424860 735.8
1424870 735.8
1424880 735.5
1424890 735.4
1424900 735.4
1424910 735.2
1424920 735.1
1424930 735.1
1424940 735.0
1424950 735.0
1424960 735.0
1424970 735.0
1424980 734.9
1424990 734.9
1425000 734.6
1425010 734.4
1425020 734.4
1425030 734.4
1425040 734.5
1425050 734.5
1425060 734.4
1425070 734.4
1425080 734.5
1425090 734.5
1425100 734.5
1425110 734.5
1425120 734.5
1425130 734.4
1425140 734.2
1425150 734.2
1425160 734.0
1425170 734.0
1425180 734.0
1425190 733.9
1425200 733.8
1425210 733.8
1425220 733.7
1425230 733.7
1425240 733.7
1425250 733.6
1425260 733.5
1425270 733.5
1425280 733.3
1425290 733.2
1425300 733.2
1425310 733.0
1425320 733.0
1425330 733.0
1425340 733.0
1425350 732.9
1425360 732.9
1425370 732.8
1425380 732.8
1425390 732.8
1425400 732.7
1425410 732.7
1425420 732.9
1425430 732.9
1425440 733.0
1425450 733.0
1425460 733.0
1425470 733.0
1425480 733.9
1425490 733.9
1425500 736.3
1425510 735.8
1425520 735.8
1425530 735.0
1425540 733.9
1425550 733.9
1425560 733.4
1425570 733.2
1425580 733.2
1425590 732.9
1425600 732.8
1425610 732.8
1425620 732.4
1425630 732.0
1425640 732.0
1425650 731.7
1425660 731.4
1425670 731.4
1425680 731.2
1425690 730.8
1425700 730.8
1425710 730.5
1425720 730.3
1425730 730.2
1425740 730.2
1425750 730.0
1425760 729.9
1425770 729.9
1425780 729.8
1425790 729.9
1425800 729.9
1425810 730.0
1425820 729.9
1425830 729.9
1425840 729.9
1425850 729.7
1425860 729.7
1425870 729.5
1425880 729.5
1425890 729.5
1425900 729.3
1425910 728.9
1425920 728.9
1425930 728.8
1425940 729.0
1425950 729.0
1425960 728.6
1425970 728.7
1425980 728.7
1425990 728.7
1426000 728.6
1426010 728.6
1426020 728.4
1426030 728.4
1426040 728.3
1426050 728.3
1426060 728.1
1426070 727.7
1426080 727.7
1426090 727.1
1426100 727.0
1426110 727.0
1426120 726.7
1426130 726.7
1426140 726.7
1426150 726.3
1426160 726.2
1426170 726.2
1426180 726.4
1426190 726.5
1426200 726.5
1426210 726.5
1426220 726.4
1426230 726.4
1426240 726.3
1426250 726.0
1426260 726.0
1426270 725.9
1426280 725.8
1426290 725.8
1426300 725.7
1426310 725.5
1426320 725.5
1426330 725.3
1426340 725.1
1426350 725.0
1426360 725.0
1426370 724.9
1426380 724.7
1426390 724.7
1426400 724.5
1426410 724.4
1426420 724.4
1426430 724.2
1426440 724.1
1426450 724.1
1426460 723.9
1426470 723.8
1426480 723.8
1426490 723.7
1426500 723.7
1426510 723.7
1426520 723.6
1426530 723.4
1426540 723.4
1426550 723.3
1426560 723.3
1426570 723.3
1426580 723.3
1426590 723.0
1426600 723.0
1426610 723.0
1426620 722.7
1426630 722.7
1426640 722.5
1426650 722.4
1426660 722.4
1426670 722.4
1426680 722.3
1426690 722.2
1426700 722.2
1426710 722.1
1426720 722.0
1426730 722.0
1426740 721.8
1426750 721.2
1426760 721.2
1426770 721.1
1426780 721.1
1426790 721.1
1426800 721.2
1426810 721.1
1426820 721.1
1426830 721.0
1426840 720.9
1426850 720.9
1426860 720.5
1426870 720.3
1426880 720.3
1426890 720.3
1426900 720.2
1426910 720.2
1426920 720.2
1426930 720.0
1426940 720.0
1426950 719.5
1426960 719.4
1426970 719.4
1426980 719.4
1426990 719.3
1427000 719.2
1427010 719.2
1427020 718.9
1427030 718.7
1427040 718.7
1427050 718.6
1427060 718.5
1427070 718.5
1427080 718.4
1427090 718.1
1427100 718.1
1427110 717.8
1427120 717.7
1427130 717.7
1427140 717.6
1427150 717.5
1427160 717.5
1427170 717.3
1427180 717.2
1427190 717.2
1427200 717.1
1427210 717.0
1427220 717.0
1427230 716.9
1427240 716.8
1427250 716.8
1427260 716.7
1427270 716.6
1427280 716.4
1427290 716.4
1427300 716.5
1427310 716.3
1427320 716.3
1427330 716.1
1427340 715.9
1427350 715.9
1427360 715.9
1427370 715.8
1427380 715.8
1427390 715.8
1427400 715.9
1427410 715.9
1427420 715.9
1427430 715.9
1427440 715.9
1427450 715.9
1427460 715.9
1427470 715.9
1427480 716.0
1427490 716.0
1427500 716.0
1427510 716.2
1427520 716.3
1427530 716.3
1427540 716.3
1427550 716.3
1427560 716.3
1427570 716.3
1427580 716.3
1427590 716.3
1427600 716.3
1427610 716.3
1427620 716.2
1427630 716.2
1427640 716.1
1427650 716.2
1427660 716.2
1427670 716.2
1427680 716.1
1427690 716.1
1427700 716.3
1427710 716.4
1427720 716.4
1427730 717.4
1427740 715.7
1427750 715.7
1427760 714.3
1427770 714.1
1427780 714.1
1427790 716.3
1427800 717.6
1427810 717.6
1427820 716.8
1427830 716.6
1427840 716.6
1427850 716.4
1427860 717.3
1427870 717.3
1427880 722.5
1427890 728.7
1427900 733.5
1427910 733.5
1427920 735.8
1427930 737.5
1427940 737.5
1427950 739.2
1427960 740.6
1427970 740.6
1427980 741.8
1427990 742.5
1428000 742.5
1428010 742.7
1428020 742.3
1428030 742.3
1428040 742.4
1428050 743.0
1428060 743.0
1428070 743.4
1428080 743.9
1428090 743.9
1428100 744.7
1428110 745.6
1428120 745.6
1428130 746.3
1428140 746.6
1428150 746.6
1428160 746.8
1428170 747.3
1428180 747.3
1428190 747.7
1428200 748.3
1428210 748.3
1428220 748.6
1428230 748.8
1428240 749.5
1428250 749.5
1428260 750.4
1428270 751.3
1428280 751.3
1428290 752.2
1428300 753.1
1428310 753.1
1428320 754.0
1428330 755.0
1428340 755.0
1428350 756.1
1428360 756.9
1428370 756.9
1428380 757.3
1428390 757.5
1428400 757.5
1428410 757.6
1428420 757.8
1428430 757.8
1428440 758.4
1428450 758.6
1428460 758.6
1428470 758.9
1428480 758.9
1428490 758.9
1428500 758.9
1428510 759.0
1428520 759.0
1428530 758.5
1428540 758.3
1428550 758.3
1428560 758.3
1428570 758.5
1428580 758.7
1428590 758.7
1428600 758.8
1428610 758.9
1428620 758.9
1428630 758.9
1428640 759.0
1428650 759.0
1428660 759.1
1428670 759.4
1428680 759.4
1428690 759.7
1428700 760.2
1428710 760.2
1428720 760.6
1428730 760.9
1428740 760.9
1428750 760.8
1428760 760.3
1428770 760.3
1428780 759.8
1428790 759.6
1428800 759.6
1428810 759.6
1428820 759.2
1428830 759.2
1428840 758.6
1428850 758.6
1428860 758.4
1428870 758.4
1428880 758.4
1428890 758.3
1428900 758.3
1428910 758.0
1428920 757.7
1428930 757.7
1428940 757.4
1428950 757.0
1428960 757.0
1428970 756.1
1428980 756.1
1428990 756.1
1429000 756.5
1429010 756.5
1429020 756.5
1429030 756.9
1429040 756.8
1429050 756.8
1429060 757.6
1429070 758.4
1429080 758.4
1429090 758.9
1429100 759.9
1429110 759.9
1429120 761.0
1429130 762.0
1429140 762.0
1429150 762.4
1429160 762.3
1429170 762.2
1429180 762.2
1429190 762.3
1429200 762.8
1429210 762.8
1429220 763.6
1429230 765.4
1429240 765.4
1429250 765.4
1429260 765.0
1429270 765.0
1429280 763.8
1429290 762.8
1429300 762.8
1429310 761.8
1429320 761.1
1429330 761.1
1429340 760.8
1429350 760.7
1429360 760.7
1429370 760.6
1429380 760.4
1429390 760.4
1429400 760.4
1429410 760.4
1429420 760.4
1429430 760.4
1429440 760.3
1429450 760.3
1429460 760.2
1429470 760.1
1429480 760.1
1429490 760.1
1429500 759.8
1429510 759.4
1429520 759.4
1429530 758.9
1429540 758.1
1429550 758.1
1429560 757.4
1429570 756.7
1429580 756.7
1429590 755.7
1429600 753.6
1429610 753.6
1429620 753.0
1429630 753.0
1429640 753.0
1429650 752.9
1429660 752.8
1429670 752.8
1429680 753.0
1429690 753.2
1429700 753.2
1429710 753.6
1429720 754.3
1429730 754.3
1429740 755.6
1429750 756.8
1429760 756.8
1429770 757.5
1429780 758.7
1429790 760.0
1429800 760.0
1429810 761.2
1429820 762.1
1429830 762.1
1429840 762.7
1429850 763.2
1429860 763.2
1429870 763.4
1429880 763.4
1429890 763.4
1429900 762.7
1429910 761.8
1429920 761.8
1429930 760.4
1429940 758.8
1429950 758.8
1429960 757.1
1429970 754.8
1429980 754.8
1429990 751.8
1430000 749.6
1430010 749.6
1430020 749.2
1430030 749.3
1430040 749.3
1430050 749.5
1430060 749.9
1430070 749.9
1430080 749.9
1430090 749.9
1430100 749.7
1430110 749.7
1430120 749.2
1430130 748.6
1430140 748.6
1430150 748.6
1430160 748.7
1430170 748.7
1430180 748.9
1430190 749.1
1430200 749.1
1430210 749.3
1430220 749.6
1430230 749.6
1430240 749.9
1430250 750.1
1430260 750.1
1430270 750.4
1430280 750.7
1430290 750.7
1430300 751.1
1430310 751.6
1430320 751.6
1430330 751.8
1430340 752.1
1430350 752.1
1430360 752.4
1430370 752.7
1430380 752.7
1430390 753.1
1430400 753.6
1430410 754.0
1430420 754.0
1430430 754.4
1430440 754.8
1430450 754.8
1430460 755.2
1430470 755.6
1430480 755.6
1430490 756.0
1430500 756.4
1430510 756.4
1430520 756.9
1430530 757.4
1430540 757.4
1430550 757.9
1430560 758.9
1430570 758.9
1430580 759.4
1430590 760.3
1430600 760.3
1430610 761.7
1430620 763.7
1430630 763.7
1430640 767.2
1430650 770.8
1430660 770.8
1430670 772.4
1430680 776.3
1430690 776.3
1430700 781.6
1430710 784.4
1430720 785.0
1430730 785.0
1430740 785.2
1430750 785.1
1430760 785.1
1430770 785.7
1430780 787.7
1430790 787.7
1430800 790.7
1430810 791.9
1430820 791.9
1430830 794.0
1430840 796.0
1430850 796.0
1430860 797.5
1430870 799.1
1430880 799.1
1430890 800.8
1430900 802.1
1430910 802.1
1430920 803.4
1430930 804.9
1430940 804.9
1430950 806.6
1430960 808.2
1430970 808.2
1430980 808.9
1430990 808.9
1431000 808.9
1431010 809.2
1431020 809.0
1431030 810.6
1431040 810.6
1431050 813.1
1431060 815.4
1431070 815.4
1431080 816.1
1431090 817.1
1431100 817.1
1431110 818.8
1431120 820.6
1431130 820.6
1431140 822.5
1431150 824.8
1431160 824.8
1431170 827.5
1431180 829.6
1431190 829.6
1431200 831.0
1431210 832.1
1431220 832.1
1431230 833.1
1431240 834.7
1431250 834.7
1431260 836.4
1431270 838.1
1431280 838.1
1431290 839.7
1431300 841.7
1431310 841.7
1431320 842.3
1431330 844.4
1431340 844.4
1431350 847.3
1431360 850.2
1431370 852.7
1431380 852.7
1431390 855.6
1431400 859.2
1431410 859.2
1431420 862.5
1431430 866.9
1431440 866.9
1431450 871.7
1431460 876.8
1431470 876.8
1431480 882.1
1431490 887.7
1431500 887.7
1431510 893.7
1431520 899.8
1431530 899.8
1431540 906.3
1431550 912.9
1431560 912.9
1431570 919.7
1431580 926.6
1431590 926.6
1431600 933.5
1431610 940.9
1431620 940.9
1431630 948.1
1431640 955.2
1431650 955.2
1431660 963.3
1431670 971.8
1431680 980.8
1431690 980.8
1431700 990.8
1431710 1000.7
1431720 1000.7
1431730 1003.8
1431740 997.5
1431750 997.5
1431760 990.2
1431770 984.4
1431780 984.4
1431790 979.6
1431800 974.2
1431810 974.2
1431820 969.3
1431830 964.1
1431840 964.1
1431850 958.6
1431860 952.8
1431870 952.8
1431880 948.8
1431890 947.1
1431900 947.1
1431910 946.2
1431920 946.3
1431930 946.3
1431940 949.6
1431950 953.6
1431960 953.6
1431970 955.8
1431980 958.1
1431990 960.6
1432000 960.6
1432010 963.0
1432020 965.7
1432030 965.7
1432040 968.6
1432050 971.3
1432060 971.3
1432070 971.1
1432080 967.9
1432090 967.9
1432100 964.2
1432110 964.9
1432120 964.9
1432130 962.1
1432140 954.9
1432150 954.9
1432160 947.5
1432170 941.9
1432180 941.9
1432190 940.6
1432200 939.7
1432210 939.7
1432220 939.8
1432230 939.8
1432240 939.8
1432250 939.7
1432260 941.2
1432270 941.2
1432280 945.5
1432290 944.8
1432300 944.8
1432310 944.8
1432320 946.9
1432330 950.4
1432340 950.4
1432350 949.6
1432360 947.2
1432370 947.2
1432380 946.3
1432390 947.7
1432400 947.7
1432410 949.6
1432420 954.0
1432430 954.0
1432440 957.8
1432450 957.2
1432460 957.2
1432470 957.7
1432480 956.6
1432490 956.6
1432500 956.8
1432510 956.2
1432520 956.2
1432530 956.7
1432540 956.9
1432550 956.9
1432560 955.1
1432570 952.4
1432580 952.4
1432590 956.1
1432600 955.2
1432610 955.3
1432620 955.3
1432630 953.3
1432640 956.2
1432650 956.2
1432660 954.9
1432670 954.1
1432680 954.1
1432690 956.3
1432700 958.7
1432710 958.7
1432720 958.6
1432730 961.6
1432740 961.6
1432750 965.1
1432760 967.5
1432770 967.5
1432780 966.9
1432790 968.7
1432800 968.7
1432810 970.4
1432820 970.5
1432830 970.5
1432840 972.1
1432850 974.9
1432860 974.9
1432870 978.0
1432880 981.3
1432890 981.3
1432900 983.5
1432910 982.0
1432920 981.0
1432930 981.0
1432940 985.3
1432950 988.5
1432960 988.5
1432970 989.9
1432980 990.8
1432990 990.8
1433000 994.1
1433010 995.6
1433020 995.6
1433030 995.7
1433040 997.2
1433050 997.2
1433060 997.9
1433070 999.5
1433080 999.5
1433090 1002.8
1433100 1005.1
1433110 1005.1
1433120 1007.8
1433130 1013.2
1433140 1013.2
1433150 1014.7
1433160 1016.6
1433170 1016.6
1433180 1018.4
1433190 1020.0
1433200 1020.0
1433210 1020.8
1433220 1023.1
1433230 1025.6
1433240 1025.6
1433250 1028.3
1433260 1030.1
1433270 1030.1
1433280 1030.7
1433290 1033.6
1433300 1033.6
1433310 1035.3
1433320 1038.9
1433330 1038.9
1433340 1041.5
1433350 1042.7
1433360 1042.7
1433370 1044.1
1433380 1044.8
1433390 1044.8
1433400 1045.8
1433410 1046.9
1433420 1046.9
1433430 1048.5
1433440 1049.8
1433450 1049.8
1433460 1052.8
1433470 1053.3
1433480 1053.3
1433490 1052.4
1433500 1054.4
1433510 1054.4
1433520 1056.7
1433530 1058.7
1433540 1061.1
1433550 1061.1
1433560 1063.2
1433570 1063.9
1433580 1063.9
1433590 1064.3
1433600 1065.6
1433610 1065.6
1433620 1067.0
1433630 1067.6
1433640 1067.6
1433650 1067.9
1433660 1069.7
1433670 1069.7
1433680 1071.6
1433690 1071.4
1433700 1071.4
1433710 1070.9
1433720 1071.3
1433730 1071.3
1433740 1071.9
1433750 1072.9
1433760 1072.9
1433770 1073.5
1433780 1070.1
1433790 1070.1
1433800 1070.8
1433810 1071.6
1433820 1071.6
1433830 1073.3
1433840 1074.4
1433850 1075.9
1433860 1075.9
1433870 1077.1
1433880 1076.4
1433890 1076.4
1433900 1075.8
1433910 1076.1
1433920 1076.1
1433930 1077.1
1433940 1078.7
1433950 1078.7
1433960 1083.3
1433970 1088.9
1433980 1088.9
1433990 1093.6
1434000 1097.8
1434010 1097.8
1434020 1100.4
1434030 1102.9
1434040 1102.9
1434050 1104.6
1434060 1106.7
1434070 1106.7
1434080 1108.5
1434090 1110.5
1434100 1110.5
1434110 1112.8
1434120 1114.9
1434130 1114.9
1434140 1116.7
1434150 1118.5
1434160 1120.9
1434170 1120.9
1434180 1122.9
1434190 1126.5
1434200 1126.5
1434210 1132.3
1434220 1136.5
1434230 1136.5
1434240 1142.9
1434250 1148.1
1434260 1148.1
1434270 1152.9
1434280 1157.5
1434290 1157.5
1434300 1162.3
1434310 1167.5
1434320 1167.5
1434330 1173.1
1434340 1178.4
1434350 1178.4
1434360 1183.2
1434370 1188.0
1434380 1188.0
1434390 1191.8
1434400 1194.7
1434410 1194.7
1434420 1197.9
1434430 1200.4
1434440 1200.4
1434450 1202.4
1434460 1205.4
1434470 1205.4
1434480 1208.7
1434490 1211.6
1434500 1213.8
1434510 1213.8
1434520 1216.3
1434530 1219.1
1434540 1219.1
1434550 1221.6
1434560 1225.5
1434570 1225.5
1434580 1229.0
1434590 1231.2
1434600 1231.2
1434610 1231.8
1434620 1232.6
1434630 1232.6
1434640 1233.8
1434650 1235.4
1434660 1235.4
1434670 1237.3
1434680 1240.3
1434690 1240.3
1434700 1244.1
1434710 1247.9
1434720 1247.9
1434730 1251.6
1434740 1253.9
1434750 1253.9
1434760 1254.3
1434770 1255.0
1434780 1255.0
1434790 1257.7
1434800 1262.0
1434810 1266.8
1434820 1266.8
1434830 1271.6
1434840 1275.2
1434850 1275.2
1434860 1278.3
1434870 1280.7
1434880 1280.7
1434890 1282.7
1434900 1284.5
1434910 1284.5
1434920 1285.9
1434930 1286.8
1434940 1286.8
1434950 1286.4
1434960 1285.7
1434970 1285.7
1434980 1285.7
1434990 1286.0
1435000 1286.0
1435010 1284.0
1435020 1285.6
1435030 1285.6
1435040 1289.0
1435050 1292.2
1435060 1292.2
1435070 1295.6
1435080 1299.4
1435090 1299.4
1435100 1302.3
1435110 1303.8
1435120 1304.6
1435130 1304.6
1435140 1304.7
1435150 1305.5
1435160 1305.5
1435170 1305.1
1435180 1306.1
1435190 1306.1
1435200 1310.8
1435210 1316.2
1435220 1316.2
1435230 1321.3
1435240 1326.2
1435250 1326.2
1435260 1331.2
1435270 1335.7
1435280 1335.7
1435290 1339.0
1435300 1340.7
1435310 1340.7
1435320 1342.1
1435330 1345.9
1435340 1345.9
1435350 1349.7
1435360 1352.6
1435370 1352.6
1435380 1354.9
1435390 1357.7
1435400 1357.7
1435410 1360.3
1435420 1361.8
1435430 1362.5
1435440 1362.5
1435450 1362.1
1435460 1360.3
1435470 1360.3
1435480 1358.5
1435490 1358.6
1435500 1358.6
1435510 1359.9
1435520 1360.2
1435530 1360.2
1435540 1359.6
1435550 1358.1
1435560 1358.1
1435570 1356.2
1435580 1353.5
1435590 1353.5
1435600 1350.2
1435610 1346.3
1435620 1346.3
1435630 1341.5
1435640 1338.2
1435650 1338.2
1435660 1335.6
1435670 1332.9
1435680 1332.9
1435690 1330.0
1435700 1328.1
1435710 1328.1
1435720 1326.5
1435730 1325.2
1435740 1323.8
1435750 1323.8
1435760 1322.1
1435770 1319.5
1435780 1319.5
1435790 1316.0
1435800 1312.1
1435810 1312.1
1435820 1309.4
1435830 1305.6
1435840 1305.6
1435850 1300.3
1435860 1299.5
1435870 1299.5
1435880 1308.4
1435890 1313.9
1435900 1313.9
1435910 1315.9
1435920 1314.3
1435930 1314.3
1435940 1312.0
1435950 1312.8
1435960 1312.8
1435970 1315.3
1435980 1312.1
1435990 1312.1
1436000 1306.1
1436010 1302.7
1436020 1302.7
1436030 1300.5
1436040 1298.1
1436050 1294.7
1436060 1294.7
1436070 1291.3
1436080 1288.3
1436090 1288.3
1436100 1285.9
1436110 1281.5
1436120 1281.5
1436130 1274.2
1436140 1268.0
1436150 1268.0
1436160 1264.5
1436170 1261.4
1436180 1261.4
1436190 1259.0
1436200 1257.4
1436210 1257.4
1436220 1255.3
1436230 1252.1
1436240 1252.1
1436250 1248.7
1436260 1245.4
1436270 1245.4
1436280 1242.2
1436290 1239.6
1436300 1239.6
1436310 1238.6
1436320 1236.5
1436330 1236.5
1436340 1235.5
1436350 1233.8
1436360 1231.7
1436370 1231.7
1436380 1233.6
1436390 1234.8
1436400 1234.8
1436410 1236.5
1436420 1238.4
1436430 1238.4
1436440 1238.9
1436450 1240.5
1436460 1240.5
1436470 1242.8
1436480 1244.5
1436490 1244.5
1436500 1245.6
1436510 1247.4
1436520 1247.4
1436530 1248.9
1436540 1249.8
1436550 1249.8
1436560 1250.4
1436570 1252.8
1436580 1252.8
1436590 1254.2
1436600 1254.9
1436610 1254.9
1436620 1255.2
1436630 1255.3
1436640 1255.3
1436650 1255.7
1436660 1255.4
1436670 1257.7
1436680 1257.7
1436690 1259.7
1436700 1261.4
1436710 1261.4
1436720 1263.3
1436730 1264.8
1436740 1264.8
1436750 1267.2
1436760 1271.3
1436770 1271.3
1436780 1274.8
1436790 1278.2
1436800 1278.2
1436810 1281.6
1436820 1284.2
1436830 1284.2
1436840 1286.7
1436850 1289.6
1436860 1289.6
1436870 1293.4
1436880 1297.8
1436890 1297.8
1436900 1302.2
1436910 1306.2
1436920 1306.2
1436930 1311.2
1436940 1318.3
1436950 1318.3
1436960 1326.7
1436970 1335.9
1436980 1343.9
1436990 1343.9
1437000 1355.1
1437010 1373.8
1437020 1373.8
1437030 1379.7
1437040 1397.5
1437050 1397.5
1437060 1413.9
1437070 1422.2
1437080 1422.2
1437090 1429.1
1437100 1441.3
1437110 1441.3
1437120 1453.7
1437130 1472.7
1437140 1472.7
1437150 1487.6
1437160 1495.7
1437170 1495.7
1437180 1494.8
1437190 1493.5
1437200 1493.5
1437210 1483.1
1437220 1479.2
1437230 1479.2
1437240 1491.7
1437250 1517.2
1437260 1517.2
1437270 1541.1
1437280 1540.6
1437290 1527.5
1437300 1527.5
1437310 1531.8
1437320 1551.8
1437330 1551.8
1437340 1587.0
1437350 1611.3
1437360 1611.3
1437370 1620.0
1437380 1631.7
1437390 1631.7
1437400 1638.1
1437410 1639.2
1437420 1639.2
1437430 1638.2
1437440 1637.4
1437450 1637.4
1437460 1638.0
1437470 1639.3
1437480 1639.3
1437490 1639.5
1437500 1635.9
1437510 1635.9
1437520 1634.1
1437530 1633.2
1437540 1633.2
1437550 1629.2
1437560 1621.1
1437570 1621.1
1437580 1617.7
1437590 1619.2
1437600 1616.0
1437610 1616.0
1437620 1612.3
1437630 1616.7
1437640 1616.7
1437650 1618.3
1437660 1620.8
1437670 1620.8
1437680 1616.8
1437690 1609.5
1437700 1609.5
1437710 1598.9
1437720 1594.3
1437730 1594.3
1437740 1593.7
1437750 1585.1
1437760 1585.1
1437770 1577.4
1437780 1573.8
1437790 1573.8
1437800 1578.6
1437810 1589.3
1437820 1589.3
1437830 1606.6
1437840 1622.3
1437850 1622.3
1437860 1617.5
1437870 1609.3
1437880 1609.3
1437890 1599.5
1437900 1590.5
1437910 1590.5
1437920 1581.8
1437930 1573.7
1437940 1566.0
1437950 1566.0
1437960 1562.9
1437970 1566.0
1437980 1566.0
1437990 1571.0
1438000 1577.0
1438010 1577.0
1438020 1588.6
1438030 1595.8
1438040 1595.8
1438050 1604.2
1438060 1608.5
1438070 1608.5
1438080 1609.9
1438090 1608.7
1438100 1608.7
1438110 1609.5
1438120 1616.6
1438130 1616.6
1438140 1619.5
1438150 1616.2
1438160 1616.2
1438170 1620.3
1438180 1620.6
1438190 1620.6
1438200 1613.2
1438210 1596.8
1438220 1596.8
1438230 1580.3
1438240 1570.0
1438250 1563.7
1438260 1563.7
1438270 1557.7
1438280 1554.2
1438290 1554.2
1438300 1546.1
1438310 1539.9
1438320 1539.9
1438330 1543.0
1438340 1531.3
1438350 1531.3
1438360 1521.4
1438370 1521.5
1438380 1521.5
1438390 1522.4
1438400 1511.7
1438410 1511.7
1438420 1493.7
1438430 1477.6
1438440 1477.6
1438450 1468.4
1438460 1495.6
1438470 1495.6
1438480 1508.4
1438490 1516.3
1438500 1516.3
1438510 1522.4
1438520 1540.7
1438530 1540.7
1438540 1568.9
1438550 1578.3
1438560 1586.3
1438570 1586.3
1438580 1594.7
1438590 1603.1
1438600 1603.1
1438610 1615.3
1438620 1625.5
1438630 1625.5
1438640 1635.4
1438650 1645.0
1438660 1645.0
1438670 1660.1
1438680 1672.0
1438690 1672.0
1438700 1684.6
1438710 1703.0
1438720 1703.0
1438730 1725.4
1438740 1742.5
1438750 1742.5
1438760 1781.5
1438770 1797.1
1438780 1797.1
1438790 1802.8
1438800 1804.4
1438810 1804.4
1438820 1803.0
1438830 1802.7
1438840 1802.7
1438850 1799.9
1438860 1794.6
1438870 1787.6
1438880 1787.6
1438890 1780.9
1438900 1775.0
1438910 1775.0
1438920 1769.2
1438930 1770.4
1438940 1770.4
1438950 1768.0
1438960 1764.0
1438970 1764.0
1438980 1764.0
1438990 1760.9
1439000 1760.9
1439010 1759.0
1439020 1759.7
1439030 1759.7
1439040 1762.0
1439050 1755.9
1439060 1755.9
1439070 1749.1
1439080 1737.2
1439090 1737.2
1439100 1738.6
1439110 1736.3
1439120 1736.3
1439130 1736.0
1439140 1736.1
1439150 1736.1
1439160 1730.0
1439170 1719.5
1439180 1712.6
1439190 1712.6
1439200 1710.6
1439210 1702.5
1439220 1702.5
1439230 1692.8
1439240 1688.8
1439250 1688.8
1439260 1679.4
1439270 1666.6
1439280 1666.6
1439290 1653.1
1439300 1643.1
1439310 1643.1
1439320 1632.4
1439330 1623.5
1439340 1623.5
1439350 1613.6
1439360 1604.5
1439370 1604.5
1439380 1598.3
1439390 1595.4
1439400 1595.4
1439410 1593.1
1439420 1591.0
1439430 1591.0
1439440 1587.9
1439450 1582.8
1439460 1582.8
1439470 1577.0
1439480 1573.4
1439490 1566.6
1439500 1566.6
1439510 1556.6
1439520 1546.8
1439530 1546.8
1439540 1538.5
1439550 1530.8
1439560 1530.8
1439570 1521.9
1439580 1512.5
1439590 1512.5
1439600 1504.7
1439610 1497.5
1439620 1497.5
1439630 1490.4
1439640 1484.1
1439650 1484.1
1439660 1476.7
1439670 1469.6
1439680 1469.6
1439690 1460.2
1439700 1452.9
1439710 1452.9
1439720 1447.9
1439730 1448.2
1439740 1448.2
1439750 1454.6
1439760 1458.8
1439770 1458.8
1439780 1455.9
1439790 1451.3
1439800 1447.1
1439810 1447.1
1439820 1444.4
1439830 1442.4
1439840 1442.4
1439850 1439.8
1439860 1437.7
1439870 1437.7
1439880 1437.2
1439890 1436.0
1439900 1436.0
1439910 1435.0
1439920 1434.1
1439930 1434.1
1439940 1434.8
1439950 1435.6
1439960 1435.6
1439970 1436.3
1439980 1437.1
1439990 1437.1
