1420000 924.2
1420010 924.2
1420020 922.3
1420030 920.5
1420040 920.5
1420050 918.9
1420060 915.8
1420070 915.8
1420080 912.2
1420090 907.5
1420100 907.5
1420110 904.4
1420120 904.0
1420130 904.0
1420140 906.7
1420150 911.9
1420160 911.9
1420170 917.3
1420180 922.1
1420190 922.1
1420200 926.0
1420210 926.5
1420220 926.5
1420230 926.1
1420240 925.2
1420250 925.2
1420260 925.2
1420270 924.3
1420280 923.6
1420290 923.6
1420300 922.1
1420310 919.7
1420320 919.7
1420330 917.0
1420340 916.1
1420350 916.1
1420360 916.1
1420370 916.2
1420380 916.2
1420390 916.0
1420400 915.5
1420410 915.5
1420420 914.8
1420430 914.4
1420440 914.4
1420450 914.9
1420460 914.9
1420470 914.9
1420480 913.8
1420490 912.8
1420500 912.8
1420510 912.3
1420520 912.3
1420530 912.3
1420540 911.8
1420550 911.2
1420560 910.7
1420570 910.7
1420580 910.1
1420590 909.7
1420600 909.7
1420610 909.6
1420620 909.4
1420630 909.4
1420640 908.7
1420650 908.0
1420660 908.0
1420670 908.0
1420680 907.9
1420690 907.9
1420700 907.9
1420710 907.2
1420720 907.2
1420730 904.4
1420740 901.2
1420750 901.2
1420760 900.5
1420770 899.7
1420780 899.7
1420790 898.3
1420800 895.9
1420810 895.9
1420820 893.6
1420830 891.3
1420840 891.3
1420850 889.5
1420860 887.9
1420870 886.2
1420880 886.2
1420890 884.1
1420900 882.9
1420910 882.9
1420920 880.9
1420930 877.8
1420940 877.8
1420950 874.9
1420960 871.7
1420970 871.7
1420980 868.7
1420990 863.4
1421000 863.4
1421010 861.2
1421020 858.7
1421030 858.7
1421040 857.4
1421050 854.5
1421060 854.5
1421070 851.1
1421080 846.9
1421090 846.9
1421100 844.3
1421110 843.1
1421120 843.1
1421130 840.0
1421140 836.2
1421150 836.2
1421160 834.2
1421170 832.4
1421180 832.5
1421190 832.5
1421200 834.2
1421210 831.1
1421220 831.1
1421230 826.2
1421240 821.8
1421250 821.8
1421260 817.6
1421270 814.0
1421280 814.0
1421290 810.6
1421300 805.4
1421310 805.4
1421320 799.3
1421330 788.8
1421340 788.8
1421350 788.5
1421360 789.0
1421370 789.0
1421380 788.8
1421390 788.6
1421400 788.6
1421410 789.6
1421420 791.6
1421430 791.6
1421440 791.6
1421450 791.3
1421460 791.3
1421470 790.8
1421480 790.2
1421490 790.0
1421500 790.0
1421510 789.7
1421520 788.8
1421530 788.8
1421540 788.5
1421550 788.4
1421560 788.4
1421570 788.2
1421580 788.1
1421590 788.1
1421600 788.1
1421610 787.7
1421620 787.7
1421630 786.9
1421640 786.7
1421650 786.7
1421660 786.5
1421670 786.2
1421680 786.2
1421690 785.9
1421700 785.9
1421710 785.9
1421720 785.8
1421730 785.4
1421740 785.4
1421750 785.0
1421760 784.8
1421770 784.8
1421780 784.2
1421790 783.7
1421800 783.5
1421810 783.5
1421820 783.2
1421830 782.9
1421840 782.9
1421850 782.5
1421860 782.1
1421870 782.1
1421880 781.7
1421890 781.4
1421900 781.4
1421910 781.1
1421920 780.9
1421930 780.9
1421940 780.7
1421950 780.6
1421960 780.6
1421970 780.0
1421980 779.5
1421990 779.5
1422000 779.1
1422010 778.8
1422020 778.8
1422030 778.4
1422040 778.1
1422050 778.1
1422060 777.7
1422070 777.3
1422080 777.3
1422090 776.9
1422100 776.5
1422110 776.3
1422120 776.3
1422130 776.0
1422140 775.7
1422150 775.7
1422160 775.3
1422170 774.9
1422180 774.9
1422190 774.5
1422200 774.1
1422210 774.1
1422220 773.7
1422230 773.3
1422240 773.3
1422250 773.0
1422260 772.7
1422270 772.7
1422280 772.3
1422290 771.9
1422300 771.9
1422310 771.6
1422320 771.3
1422330 771.3
1422340 771.0
1422350 770.6
1422360 770.6
1422370 770.3
1422380 769.9
1422390 769.9
1422400 769.6
1422410 769.4
1422420 769.4
1422430 769.0
1422440 768.5
1422450 768.1
1422460 768.1
1422470 767.8
1422480 767.5
1422490 767.5
1422500 767.5
1422510 767.7
1422520 767.7
1422530 767.3
1422540 766.6
1422550 766.6
1422560 766.1
1422570 765.8
1422580 765.8
1422590 765.5
1422600 765.2
1422610 765.2
1422620 764.9
1422630 764.6
1422640 764.6
1422650 764.2
1422660 763.9
1422670 763.9
1422680 763.7
1422690 763.5
1422700 763.5
1422710 763.3
1422720 762.9
1422730 762.9
1422740 762.6
1422750 762.3
1422760 762.1
1422770 762.1
1422780 761.7
1422790 761.3
1422800 761.3
1422810 760.9
1422820 760.7
1422830 760.7
1422840 760.4
1422850 760.1
1422860 760.1
1422870 759.7
1422880 759.4
1422890 759.4
1422900 759.2
1422910 758.9
1422920 758.9
1422930 758.7
1422940 758.5
1422950 758.5
1422960 758.3
1422970 758.2
1422980 758.2
1422990 758.1
1423000 757.3
1423010 757.3
1423020 756.5
1423030 756.1
1423040 755.1
1423050 754.3
1423060 753.6
1423070 753.6
1423080 753.6
1423090 753.6
1423100 753.1
1423110 753.1
1423120 753.0
1423130 752.9
1423140 752.9
1423150 752.7
1423160 752.3
1423170 752.3
1423180 752.2
1423190 752.3
1423200 752.3
1423210 752.2
1423220 752.2
1423230 752.2
1423240 752.1
1423250 751.5
1423260 751.5
1423270 751.0
1423280 750.8
1423290 750.8
1423300 750.7
1423310 750.7
1423320 750.7
1423330 750.6
1423340 750.2
1423350 750.2
1423360 750.1
1423370 749.8
1423380 749.8
1423390 749.8
1423400 749.6
1423410 749.6
1423420 749.6
1423430 749.4
1423440 749.1
1423450 749.1
1423460 748.8
1423470 748.8
1423480 748.8
1423490 748.6
1423500 748.3
1423510 748.3
1423520 748.2
1423530 748.2
1423540 748.2
1423550 748.1
1423560 748.1
1423570 748.1
1423580 747.9
1423590 747.5
1423600 747.5
1423610 747.3
1423620 747.2
1423630 747.2
1423640 747.1
1423650 747.2
1423660 747.2
1423670 747.0
1423680 746.8
1423690 746.7
1423700 746.7
1423710 746.5
1423720 746.4
1423730 746.4
1423740 746.3
1423750 746.1
1423760 746.1
1423770 745.9
1423780 745.7
1423790 745.7
1423800 745.7
1423810 745.8
1423820 745.8
1423830 745.9
1423840 745.7
1423850 745.7
1423860 745.5
1423870 745.5
1423880 745.5
1423890 745.5
1423900 745.5
1423910 745.5
1423920 745.6
1423930 745.5
1423940 745.5
1423950 745.2
1423960 745.0
1423970 745.0
1423980 744.8
1423990 744.6
1424000 744.5
1424010 744.5
1424020 744.4
1424030 744.4
1424040 744.4
1424050 744.3
1424060 744.1
1424070 744.1
1424080 744.1
1424090 744.2
1424100 744.2
1424110 744.2
1424120 743.9
1424130 743.9
1424140 743.7
1424150 743.6
1424160 743.6
1424170 743.5
1424180 743.4
1424190 743.4
1424200 743.4
1424210 743.3
1424220 743.3
1424230 743.2
1424240 743.1
1424250 743.1
1424260 743.1
1424270 742.9
1424280 742.9
1424290 742.7
1424300 742.6
1424310 742.6
1424320 742.6
1424330 742.5
1424340 742.3
1424350 742.3
1424360 742.2
1424370 742.1
1424380 742.1
1424390 742.0
1424400 741.9
1424410 741.9
1424420 741.9
1424430 741.8
1424440 741.8
1424450 741.5
1424460 741.4
1424470 741.4
1424480 741.3
1424490 741.4
1424500 741.4
1424510 741.2
1424520 740.6
1424530 740.6
1424540 740.1
1424550 740.2
1424560 740.2
1424570 740.1
1424580 739.8
1424590 739.8
1424600 739.7
1424610 739.6
1424620 739.6
1424630 739.4
1424640 739.2
1424650 739.1
1424660 739.1
1424670 739.0
1424680 739.0
1424690 739.0
1424700 738.9
1424710 738.8
1424720 738.8
1424730 738.8
1424740 738.7
1424750 738.7
1424760 738.6
1424770 738.4
1424780 738.4
1424790 738.3
1424800 738.1
1424810 738.1
1424820 738.0
1424830 738.0
1424840 738.0
1424850 738.0
1424860 738.0
1424870 738.0
1424880 737.9
1424890 737.7
1424900 737.7
1424910 737.5
1424920 737.4
1424930 737.4
1424940 737.2
1424950 737.0
1424960 736.9
1424970 736.9
1424980 736.8
1424990 736.7
1425000 736.7
1425010 736.5
1425020 736.4
1425030 736.4
1425040 736.3
1425050 735.9
1425060 735.9
1425070 735.9
1425080 735.8
1425090 735.8
1425100 735.7
1425110 735.7
1425120 735.7
1425130 735.8
1425140 735.8
1425150 735.7
1425160 735.6
1425170 735.5
1425180 735.5
1425190 735.4
1425200 735.2
1425210 735.2
1425220 735.1
1425230 735.1
1425240 735.1
1425250 735.1
1425260 735.2
1425270 735.2
1425280 735.2
1425290 735.2
1425300 735.1
1425310 735.1
1425320 735.1
1425330 735.2
1425340 735.2
1425350 735.3
1425360 735.4
1425370 735.4
1425380 735.7
1425390 738.2
1425400 738.2
1425410 738.1
1425420 738.0
1425430 738.0
1425440 737.9
1425450 737.0
1425460 737.0
1425470 735.8
1425480 735.3
1425490 735.3
1425500 734.7
1425510 734.4
1425520 734.4
1425530 734.1
1425540 733.9
1425550 733.9
1425560 733.7
1425570 733.4
1425580 733.2
1425590 733.2
1425600 733.1
1425610 732.9
1425620 732.9
1425630 732.9
1425640 732.8
1425650 732.8
1425660 732.7
1425670 732.6
1425680 732.6
1425690 732.5
1425700 732.3
1425710 732.3
1425720 731.9
1425730 731.4
1425740 731.4
1425750 731.4
1425760 731.5
1425770 731.5
1425780 731.2
1425790 731.5
1425800 731.5
1425810 731.8
1425820 731.7
1425830 731.7
1425840 731.5
1425850 731.4
1425860 731.4
1425870 731.1
1425880 730.8
1425890 730.4
1425900 730.4
1425910 729.7
1425920 729.3
1425930 729.3
1425940 728.0
1425950 726.4
1425960 726.4
1425970 726.1
1425980 725.9
1425990 725.9
1426000 725.7
1426010 725.6
1426020 725.6
1426030 725.4
1426040 725.7
1426050 725.7
1426060 727.3
1426070 727.8
1426080 727.8
1426090 727.4
1426100 726.2
1426110 726.2
1426120 725.0
1426130 724.5
1426140 724.5
1426150 724.3
1426160 724.1
1426170 724.1
1426180 724.0
1426190 724.1
1426200 724.3
1426210 724.3
1426220 724.3
1426230 724.0
1426240 724.0
1426250 723.8
1426260 723.6
1426270 723.6
1426280 723.4
1426290 723.3
1426300 723.3
1426310 722.7
1426320 722.5
1426330 722.5
1426340 722.6
1426350 722.8
1426360 722.8
1426370 722.6
1426380 722.3
1426390 722.3
1426400 722.2
1426410 722.0
1426420 722.0
1426430 722.0
1426440 721.8
1426450 721.8
1426460 721.6
1426470 721.6
1426480 721.6
1426490 721.5
1426500 721.3
1426510 721.2
1426520 721.2
1426530 721.1
1426540 721.0
1426550 721.0
1426560 720.9
1426570 720.7
1426580 720.7
1426590 720.6
1426600 720.5
1426610 720.5
1426620 720.4
1426630 720.3
1426640 720.3
1426650 720.3
1426660 720.3
1426670 720.3
1426680 720.2
1426690 720.2
1426700 720.2
1426710 720.3
1426720 720.3
1426730 720.3
1426740 720.1
1426750 720.0
1426760 720.0
1426770 719.9
1426780 720.0
1426790 720.0
1426800 719.9
1426810 719.8
1426820 719.7
1426830 719.7
1426840 719.5
1426850 719.5
1426860 719.5
1426870 719.3
1426880 719.1
1426890 719.1
1426900 718.9
1426910 718.6
1426920 718.6
1426930 718.5
1426940 718.5
1426950 718.5
1426960 718.3
1426970 718.0
1426980 718.0
1426990 717.8
1427000 717.7
1427010 717.7
1427020 717.6
1427030 717.5
1427040 717.5
1427050 717.4
1427060 717.3
1427070 717.3
1427080 717.2
1427090 717.2
1427100 717.2
1427110 717.1
1427120 717.0
1427130 717.0
1427140 716.8
1427150 716.7
1427160 716.6
1427170 716.6
1427180 716.5
1427190 716.5
1427200 716.5
1427210 716.3
1427220 716.2
1427230 716.2
1427240 716.1
1427250 716.1
1427260 716.1
1427270 715.9
1427280 715.9
1427290 715.9
1427300 715.8
1427310 715.7
1427320 715.7
1427330 715.7
1427340 715.6
1427350 715.6
1427360 715.5
1427370 715.4
1427380 715.4
1427390 715.3
1427400 715.2
1427410 715.2
1427420 715.2
1427430 715.2
1427440 715.2
1427450 715.1
1427460 715.0
1427470 715.0
1427480 715.0
1427490 715.0
1427500 715.1
1427510 715.1
1427520 715.1
1427530 715.1
1427540 715.1
1427550 715.1
1427560 715.1
1427570 715.1
1427580 715.2
1427590 715.4
1427600 715.4
1427610 715.5
1427620 715.3
1427630 715.3
1427640 715.3
1427650 715.4
1427660 715.4
1427670 715.3
1427680 715.4
1427690 715.4
1427700 716.0
1427710 716.0
1427720 716.0
1427730 713.6
1427740 713.0
1427750 713.0
1427760 713.6
1427770 715.8
1427780 720.8
1427790 720.8
1427800 727.5
1427810 730.4
1427820 730.4
1427830 732.8
1427840 734.9
1427850 734.9
1427860 736.9
1427870 738.7
1427880 738.7
1427890 739.9
1427900 740.6
1427910 740.6
1427920 741.7
1427930 742.7
1427940 742.7
1427950 743.5
1427960 744.2
1427970 744.2
1427980 745.1
1427990 746.2
1428000 746.2
1428010 747.2
1428020 747.8
1428030 747.8
1428040 748.1
1428050 748.0
1428060 748.0
1428070 748.0
1428080 748.5
1428090 748.7
1428100 748.7
1428110 749.0
1428120 749.1
1428130 749.1
1428140 749.6
1428150 750.4
1428160 750.4
1428170 751.3
1428180 752.4
1428190 752.4
1428200 753.5
1428210 754.6
1428220 754.6
1428230 755.9
1428240 756.7
1428250 756.7
1428260 756.8
1428270 757.1
1428280 757.1
1428290 757.2
1428300 757.6
1428310 757.6
1428320 758.7
1428330 759.8
1428340 759.8
1428350 760.8
1428360 761.7
1428370 761.7
1428380 762.3
1428390 762.6
1428400 762.7
1428410 762.7
1428420 762.9
1428430 762.9
1428440 762.9
1428450 762.4
1428460 762.2
1428470 762.2
1428480 761.8
1428490 761.1
1428500 761.1
1428510 760.3
1428520 759.5
1428530 759.5
1428540 758.8
1428550 758.4
1428560 758.4
1428570 758.3
1428580 758.3
1428590 758.3
1428600 758.2
1428610 758.3
1428620 758.3
1428630 758.0
1428640 758.1
1428650 758.1
1428660 758.4
1428670 758.7
1428680 758.7
1428690 758.8
1428700 758.5
1428710 758.4
1428720 758.4
1428730 758.5
1428740 758.2
1428750 758.2
1428760 757.8
1428770 757.4
1428780 757.4
1428790 757.0
1428800 756.5
1428810 756.5
1428820 755.8
1428830 755.0
1428840 755.0
1428850 754.5
1428860 754.3
1428870 754.3
1428880 753.9
1428890 753.8
1428900 753.8
1428910 753.7
1428920 754.0
1428930 754.0
1428940 755.0
1428950 756.3
1428960 756.3
1428970 757.2
1428980 758.3
1428990 758.3
1429000 759.5
1429010 760.6
1429020 761.1
1429030 761.1
1429040 761.3
1429050 761.0
1429060 761.0
1429070 760.0
1429080 758.9
1429090 758.9
1429100 758.7
1429110 758.2
1429120 758.2
1429130 758.3
1429140 758.7
1429150 758.7
1429160 759.5
1429170 760.4
1429180 760.4
1429190 761.1
1429200 761.4
1429210 761.4
1429220 761.1
1429230 759.7
1429240 759.7
1429250 758.1
1429260 756.2
1429270 756.2
1429280 754.2
1429290 752.2
1429300 752.2
1429310 750.7
1429320 749.8
1429330 749.2
1429340 749.2
1429350 748.9
1429360 748.7
1429370 748.7
1429380 748.6
1429390 748.6
1429400 748.6
1429410 748.6
1429420 748.3
1429430 748.3
1429440 747.5
1429450 746.5
1429460 746.5
1429470 746.0
1429480 745.4
1429490 745.4
1429500 744.7
1429510 744.0
1429520 744.0
1429530 743.2
1429540 742.3
1429550 742.3
1429560 741.7
1429570 741.4
1429580 741.4
1429590 741.4
1429600 741.4
1429610 741.4
1429620 741.4
1429630 741.4
1429640 741.4
1429650 741.6
1429660 741.7
1429670 741.8
1429680 741.8
1429690 741.9
1429700 742.0
1429710 742.0
1429720 742.2
1429730 742.8
1429740 742.8
1429750 743.6
1429760 744.1
1429770 744.1
1429780 744.1
1429790 743.9
1429800 743.9
1429810 743.8
1429820 743.8
1429830 743.8
1429840 744.3
1429850 744.9
1429860 744.9
1429870 745.1
1429880 745.2
1429890 745.2
1429900 745.5
1429910 745.5
1429920 745.5
1429930 745.6
1429940 745.7
1429950 745.7
1429960 745.8
1429970 746.3
1429980 747.0
1429990 747.0
1430000 748.0
1430010 749.0
1430020 749.0
1430030 749.6
1430040 750.1
1430050 750.1
1430060 751.1
1430070 751.8
1430080 751.8
1430090 752.4
1430100 753.2
1430110 753.2
1430120 753.9
1430130 754.4
1430140 754.4
1430150 755.3
1430160 756.0
1430170 756.0
1430180 756.7
1430190 757.4
1430200 757.4
1430210 758.6
1430220 759.1
1430230 759.1
1430240 759.6
1430250 760.4
1430260 760.4
1430270 761.0
1430280 761.9
1430290 762.8
1430300 762.8
1430310 763.3
1430320 764.4
1430330 764.4
1430340 765.2
1430350 766.0
1430360 766.0
1430370 766.5
1430380 767.1
1430390 767.1
1430400 767.7
1430410 768.5
1430420 768.5
1430430 769.7
1430440 770.4
1430450 770.4
1430460 770.9
1430470 771.2
1430480 771.2
1430490 771.8
1430500 772.1
1430510 772.1
1430520 772.5
1430530 772.9
1430540 772.9
1430550 773.4
1430560 774.0
1430570 774.0
1430580 774.6
1430590 775.1
1430600 775.5
1430610 775.5
1430620 775.8
1430630 776.3
1430640 776.3
1430650 776.5
1430660 776.8
1430670 776.8
1430680 777.1
1430690 777.4
1430700 777.4
1430710 777.5
1430720 776.5
1430730 776.5
1430740 777.7
1430750 778.2
1430760 778.2
1430770 779.2
1430780 781.4
1430790 781.4
1430800 785.3
1430810 789.4
1430820 789.4
1430830 793.5
1430840 797.4
1430850 797.4
1430860 799.4
1430870 800.4
1430880 800.4
1430890 801.9
1430900 804.3
1430910 807.5
1430920 807.5
1430930 811.0
1430940 814.6
1430950 814.6
1430960 817.4
1430970 819.5
1430980 819.5
1430990 821.1
1431000 821.9
1431010 821.9
1431020 823.3
1431030 825.2
1431040 825.2
1431050 827.8
1431060 831.2
1431070 831.2
1431080 835.1
1431090 839.7
1431100 839.7
1431110 844.5
1431120 849.8
1431130 849.8
1431140 855.7
1431150 861.9
1431160 861.9
1431170 868.7
1431180 875.6
1431190 875.6
1431200 882.7
1431210 890.2
1431220 898.1
1431230 898.1
1431240 906.3
1431250 914.9
1431260 914.9
1431270 926.0
1431280 940.6
1431290 940.6
1431300 951.9
1431310 962.3
1431320 962.3
1431330 966.7
1431340 977.3
1431350 977.3
1431360 984.8
1431370 987.4
1431380 987.4
1431390 986.9
1431400 986.2
1431410 986.2
1431420 991.9
1431430 998.2
1431440 998.2
1431450 1002.6
1431460 1012.7
1431470 1012.7
1431480 1015.7
1431490 1018.5
1431500 1018.5
1431510 1024.5
1431520 1029.9
1431530 1035.6
1431540 1035.6
1431550 1041.1
1431560 1045.8
1431570 1045.8
1431580 1050.8
1431590 1056.9
1431600 1056.9
1431610 1063.7
1431620 1070.6
1431630 1070.6
1431640 1076.7
1431650 1076.4
1431660 1076.4
1431670 1075.7
1431680 1076.4
1431690 1076.4
1431700 1078.5
1431710 1082.5
1431720 1082.5
1431730 1085.8
1431740 1090.3
1431750 1090.3
1431760 1094.5
1431770 1098.8
1431780 1098.8
1431790 1102.6
1431800 1105.6
1431810 1105.6
1431820 1108.8
1431830 1111.5
1431840 1112.6
1431850 1112.6
1431860 1112.8
1431870 1110.3
1431880 1110.3
1431890 1106.6
1431900 1104.0
1431910 1104.0
1431920 1102.2
1431930 1100.4
1431940 1100.4
1431950 1101.6
1431960 1103.9
1431970 1103.9
1431980 1106.6
1431990 1107.4
1432000 1100.2
1432010 1097.0
1432020 1089.0
1432030 1089.0
1432040 1079.8
1432050 1070.1
1432060 1070.1
1432070 1061.3
1432080 1054.2
1432090 1054.2
1432100 1050.1
1432110 1046.7
1432120 1046.7
1432130 1044.1
1432140 1042.1
1432150 1042.1
1432160 1040.2
1432170 1038.9
1432180 1037.6
1432190 1037.6
1432200 1037.4
1432210 1038.2
1432220 1038.2
1432230 1039.3
1432240 1040.0
1432250 1040.0
1432260 1040.8
1432270 1042.4
1432280 1042.4
1432290 1045.1
1432300 1049.1
1432310 1049.1
1432320 1056.0
1432330 1064.4
1432340 1064.4
1432350 1069.9
1432360 1071.7
1432370 1071.7
1432380 1071.8
1432390 1071.2
1432400 1071.2
1432410 1071.7
1432420 1072.7
1432430 1072.7
1432440 1074.5
1432450 1076.2
1432460 1076.2
1432470 1075.8
1432480 1076.7
1432490 1075.2
1432500 1075.2
1432510 1081.0
1432520 1088.4
1432530 1088.4
1432540 1091.0
1432550 1092.1
1432560 1092.1
1432570 1092.3
1432580 1093.1
1432590 1093.1
1432600 1093.9
1432610 1095.0
1432620 1095.0
1432630 1096.4
1432640 1097.0
1432650 1097.0
1432660 1096.7
1432670 1096.3
1432680 1096.3
1432690 1096.4
1432700 1097.0
1432710 1097.0
1432720 1097.5
1432730 1098.3
1432740 1098.3
1432750 1099.3
1432760 1100.0
1432770 1100.0
1432780 1101.7
1432790 1104.4
1432800 1107.1
1432810 1107.1
1432820 1109.0
1432830 1110.0
1432840 1110.0
1432850 1114.8
1432860 1117.6
1432870 1117.6
1432880 1121.3
1432890 1124.4
1432900 1124.4
1432910 1125.3
1432920 1126.8
1432930 1126.8
1432940 1129.0
1432950 1128.8
1432960 1128.8
1432970 1128.6
1432980 1129.7
1432990 1129.7
1433000 1131.7
1433010 1134.1
1433020 1134.1
1433030 1136.0
1433040 1139.0
1433050 1139.0
1433060 1141.5
1433070 1142.6
1433080 1142.6
1433090 1144.0
1433100 1144.0
1433110 1145.1
1433120 1145.1
1433130 1146.4
1433140 1147.1
1433150 1147.1
1433160 1150.2
1433170 1152.0
1433180 1152.0
1433190 1152.5
1433200 1157.2
1433210 1157.2
1433220 1161.6
1433230 1160.5
1433240 1160.5
1433250 1158.0
1433260 1156.9
1433270 1156.9
1433280 1157.8
1433290 1159.6
1433300 1159.6
1433310 1157.7
1433320 1153.0
1433330 1153.0
1433340 1149.1
1433350 1146.6
1433360 1146.6
1433370 1143.8
1433380 1140.9
1433390 1140.9
1433400 1137.9
1433410 1135.0
1433420 1132.8
1433430 1132.8
1433440 1132.5
1433450 1135.9
1433460 1135.9
1433470 1138.9
1433480 1144.0
1433490 1144.0
1433500 1149.9
1433510 1155.8
1433520 1155.8
1433530 1161.5
1433540 1166.5
1433550 1166.5
1433560 1169.9
1433570 1173.1
1433580 1173.1
1433590 1181.6
1433600 1188.8
1433610 1188.8
1433620 1190.8
1433630 1193.3
1433640 1193.3
1433650 1197.9
1433660 1202.2
1433670 1202.2
1433680 1205.7
1433690 1209.1
1433700 1209.1
1433710 1215.2
1433720 1224.2
1433730 1227.4
1433740 1227.4
1433750 1228.6
1433760 1227.9
1433770 1227.9
1433780 1227.2
1433790 1227.0
1433800 1227.0
1433810 1225.8
1433820 1224.6
1433830 1224.6
1433840 1224.4
1433850 1223.3
1433860 1223.3
1433870 1220.6
1433880 1217.3
1433890 1217.3
1433900 1215.2
1433910 1208.9
1433920 1208.9
1433930 1205.9
1433940 1204.3
1433950 1204.3
1433960 1203.3
1433970 1200.4
1433980 1200.4
1433990 1197.6
1434000 1197.3
1434010 1197.3
1434020 1199.8
1434030 1194.4
1434040 1185.8
1434050 1185.8
1434060 1177.5
1434070 1168.4
1434080 1168.4
1434090 1162.1
1434100 1161.9
1434110 1161.9
1434120 1165.2
1434130 1167.9
1434140 1167.9
1434150 1170.6
1434160 1167.9
1434170 1167.9
1434180 1164.2
1434190 1161.7
1434200 1161.7
1434210 1162.3
1434220 1164.4
1434230 1164.4
1434240 1162.7
1434250 1161.7
1434260 1161.7
1434270 1167.5
1434280 1173.3
1434290 1173.3
1434300 1174.1
1434310 1173.8
1434320 1173.8
1434330 1174.4
1434340 1170.1
1434350 1167.5
1434360 1167.5
1434370 1168.3
1434380 1171.3
1434390 1171.3
1434400 1173.1
1434410 1175.8
1434420 1175.8
1434430 1178.9
1434440 1183.2
1434450 1183.2
1434460 1186.1
1434470 1189.5
1434480 1189.5
1434490 1194.4
1434500 1196.4
1434510 1196.4
1434520 1199.3
1434530 1202.2
1434540 1202.2
1434550 1204.4
1434560 1205.8
1434570 1205.8
1434580 1207.9
1434590 1209.9
1434600 1209.9
1434610 1211.8
1434620 1214.6
1434630 1214.6
1434640 1216.9
1434650 1219.2
1434660 1219.2
1434670 1222.3
1434680 1224.9
1434690 1226.7
1434700 1226.7
1434710 1227.8
1434720 1230.2
1434730 1230.2
1434740 1234.7
1434750 1239.6
1434760 1239.6
1434770 1244.1
1434780 1248.6
1434790 1248.6
1434800 1253.7
1434810 1259.5
1434820 1259.5
1434830 1265.2
1434840 1271.0
1434850 1271.0
1434860 1276.8
1434870 1283.1
1434880 1283.1
1434890 1290.0
1434900 1297.5
1434910 1297.5
1434920 1304.3
1434930 1310.4
1434940 1310.4
1434950 1316.8
1434960 1323.6
1434970 1323.6
1434980 1330.8
1434990 1338.1
1435000 1346.4
1435010 1346.4
1435020 1356.2
1435030 1360.3
1435040 1360.3
1435050 1360.7
1435060 1361.4
1435070 1361.4
1435080 1360.9
1435090 1360.7
1435100 1360.7
1435110 1359.8
1435120 1358.1
1435130 1358.1
1435140 1359.8
1435150 1363.5
1435160 1363.5
1435170 1368.2
1435180 1372.2
1435190 1372.2
1435200 1374.4
1435210 1373.8
1435220 1373.8
1435230 1374.5
1435240 1376.5
1435250 1376.5
1435260 1380.0
1435270 1384.7
1435280 1384.7
1435290 1389.0
1435300 1393.0
1435310 1396.6
1435320 1396.6
1435330 1400.2
1435340 1404.5
1435350 1404.5
1435360 1409.5
1435370 1413.6
1435380 1413.6
1435390 1417.5
1435400 1420.8
1435410 1420.8
1435420 1423.8
1435430 1426.1
1435440 1426.1
1435450 1427.7
1435460 1429.0
1435470 1429.0
1435480 1430.1
1435490 1431.0
1435500 1431.0
1435510 1431.4
1435520 1432.6
1435530 1432.6
1435540 1433.5
1435550 1434.4
1435560 1434.4
1435570 1435.3
1435580 1436.1
1435590 1436.1
1435600 1436.0
1435610 1434.7
1435620 1432.8
1435630 1432.8
1435640 1430.2
1435650 1428.2
1435660 1428.2
1435670 1426.5
1435680 1425.9
1435690 1425.9
1435700 1425.1
1435710 1423.8
1435720 1423.8
1435730 1421.7
1435740 1419.1
1435750 1419.1
1435760 1416.7
1435770 1414.0
1435780 1414.0
1435790 1408.6
1435800 1399.1
1435810 1399.1
1435820 1393.4
1435830 1396.0
1435840 1396.0
1435850 1395.0
1435860 1395.2
1435870 1395.2
1435880 1396.9
1435890 1393.7
1435900 1393.7
1435910 1390.8
1435920 1393.9
1435930 1401.2
1435940 1401.2
1435950 1405.9
1435960 1405.7
1435970 1405.7
1435980 1405.6
1435990 1406.4
1436000 1406.4
1436010 1405.9
1436020 1408.5
1436030 1408.5
1436040 1415.8
1436050 1421.3
1436060 1421.3
1436070 1421.8
1436080 1420.4
1436090 1420.4
1436100 1420.5
1436110 1420.9
1436120 1420.9
1436130 1420.5
1436140 1417.8
1436150 1417.8
1436160 1412.2
1436170 1405.0
1436180 1405.0
1436190 1400.7
1436200 1395.8
1436210 1395.8
1436220 1388.3
1436230 1380.5
1436240 1376.8
1436250 1376.8
1436260 1372.8
1436270 1368.0
1436280 1368.0
1436290 1363.6
1436300 1360.3
1436310 1360.3
1436320 1356.3
1436330 1351.0
1436340 1351.0
1436350 1346.4
1436360 1341.4
1436370 1341.4
1436380 1340.2
1436390 1347.8
1436400 1347.8
1436410 1357.0
1436420 1356.0
1436430 1356.0
1436440 1352.5
1436450 1348.4
1436460 1348.4
1436470 1343.1
1436480 1345.5
1436490 1345.5
1436500 1344.0
1436510 1340.1
1436520 1340.1
1436530 1337.8
1436540 1336.7
1436550 1334.1
1436560 1334.1
1436570 1330.6
1436580 1328.9
1436590 1328.9
1436600 1327.7
1436610 1324.6
1436620 1324.6
1436630 1324.2
1436640 1324.1
1436650 1324.1
1436660 1324.8
1436670 1327.5
1436680 1327.5
1436690 1328.6
1436700 1326.2
1436710 1326.2
1436720 1323.1
1436730 1320.5
1436740 1320.5
1436750 1318.3
1436760 1317.3
1436770 1317.3
1436780 1316.8
1436790 1318.7
1436800 1318.7
1436810 1321.2
1436820 1324.8
1436830 1324.8
1436840 1328.8
1436850 1333.7
1436860 1339.7
1436870 1339.7
1436880 1344.2
1436890 1344.9
1436900 1344.9
1436910 1348.2
1436920 1351.9
1436930 1351.9
1436940 1355.8
1436950 1359.5
1436960 1359.5
1436970 1363.3
1436980 1367.9
1436990 1367.9
1437000 1372.2
1437010 1375.6
1437020 1375.6
1437030 1383.0
1437040 1390.9
1437050 1390.9
1437060 1398.2
1437070 1405.3
1437080 1405.3
1437090 1414.2
1437100 1427.1
1437110 1427.1
1437120 1431.4
1437130 1438.2
1437140 1438.2
1437150 1447.8
1437160 1453.0
1437170 1453.0
1437180 1452.3
1437190 1458.7
1437200 1480.1
1437210 1480.1
1437220 1517.6
1437230 1529.6
1437240 1529.6
1437250 1536.6
1437260 1550.2
1437270 1550.2
1437280 1573.7
1437290 1582.7
1437300 1582.7
1437310 1598.7
1437320 1613.9
1437330 1613.9
1437340 1634.0
1437350 1646.5
1437360 1646.5
1437370 1669.4
1437380 1680.4
1437390 1680.4
1437400 1694.3
1437410 1702.8
1437420 1702.8
1437430 1712.6
1437440 1718.7
1437450 1718.7
1437460 1718.1
1437470 1730.1
1437480 1730.1
1437490 1738.4
1437500 1739.9
1437510 1750.0
1437520 1750.0
1437530 1756.6
1437540 1753.6
1437550 1753.6
1437560 1759.0
1437570 1759.7
1437580 1759.7
1437590 1760.6
1437600 1759.5
1437610 1759.5
1437620 1756.8
1437630 1751.8
1437640 1751.8
1437650 1747.2
1437660 1743.4
1437670 1743.4
1437680 1742.1
1437690 1742.4
1437700 1742.4
1437710 1738.2
1437720 1744.4
1437730 1744.4
1437740 1750.5
1437750 1748.3
1437760 1748.3
1437770 1745.5
1437780 1742.8
1437790 1742.8
1437800 1744.0
1437810 1748.1
1437820 1751.2
1437830 1751.2
1437840 1766.5
1437850 1786.2
1437860 1786.2
1437870 1796.4
1437880 1795.8
1437890 1795.8
1437900 1799.9
1437910 1799.1
1437920 1799.1
1437930 1795.4
1437940 1791.9
1437950 1791.9
1437960 1796.6
1437970 1800.5
1437980 1800.5
1437990 1794.5
1438000 1787.2
1438010 1787.2
1438020 1783.5
1438030 1776.8
1438040 1776.8
1438050 1767.6
1438060 1760.6
1438070 1760.6
1438080 1760.9
1438090 1766.7
1438100 1766.7
1438110 1765.2
1438120 1765.5
1438130 1764.2
1438140 1764.2
1438150 1754.3
1438160 1740.5
1438170 1740.5
1438180 1725.5
1438190 1707.6
1438200 1707.6
1438210 1697.9
1438220 1688.1
1438230 1688.1
1438240 1678.0
1438250 1667.5
1438260 1667.5
1438270 1665.6
1438280 1669.3
1438290 1669.3
1438300 1666.5
1438310 1660.9
1438320 1660.9
1438330 1653.7
1438340 1649.4
1438350 1649.4
1438360 1649.6
1438370 1650.0
1438380 1650.0
1438390 1645.9
1438400 1641.0
1438410 1641.0
1438420 1634.8
1438430 1627.5
1438440 1620.6
1438450 1620.6
1438460 1610.4
1438470 1598.2
1438480 1598.2
1438490 1589.5
1438500 1582.4
1438510 1582.4
1438520 1572.1
1438530 1576.7
1438540 1576.7
1438550 1599.0
1438560 1625.9
1438570 1625.9
1438580 1650.9
1438590 1656.0
1438600 1656.0
1438610 1658.8
1438620 1664.5
1438630 1664.5
1438640 1673.9
1438650 1680.1
1438660 1680.1
1438670 1685.3
1438680 1690.1
1438690 1690.1
1438700 1693.5
1438710 1705.0
1438720 1705.0
1438730 1719.6
1438740 1734.6
1438750 1746.3
1438760 1746.3
1438770 1756.2
1438780 1766.4
1438790 1766.4
1438800 1774.1
1438810 1784.9
1438820 1784.9
1438830 1793.6
1438840 1800.2
1438850 1800.2
1438860 1810.3
1438870 1818.7
1438880 1818.7
1438890 1827.3
1438900 1836.1
1438910 1836.1
1438920 1845.3
1438930 1853.7
1438940 1853.7
1438950 1861.9
1438960 1869.8
1438970 1869.8
1438980 1874.1
1438990 1874.9
1439000 1874.9
1439010 1874.2
1439020 1870.9
1439030 1870.9
1439040 1867.4
1439050 1866.9
1439060 1865.0
1439070 1865.0
1439080 1860.3
1439090 1853.0
1439100 1853.0
1439110 1844.9
1439120 1836.8
1439130 1836.8
1439140 1831.0
1439150 1826.5
1439160 1826.5
1439170 1820.7
1439180 1810.7
1439190 1810.7
1439200 1796.8
1439210 1775.2
1439220 1775.2
1439230 1753.3
1439240 1740.3
1439250 1740.3
1439260 1735.4
1439270 1730.3
1439280 1730.3
1439290 1724.3
1439300 1716.8
1439310 1716.8
1439320 1703.4
1439330 1694.1
1439340 1694.1
1439350 1682.6
1439360 1674.8
1439370 1669.3
1439380 1669.3
1439390 1663.1
1439400 1657.4
1439410 1657.4
1439420 1650.1
1439430 1642.0
1439440 1642.0
1439450 1635.2
1439460 1625.8
1439470 1625.8
1439480 1621.3
1439490 1619.7
1439500 1619.7
1439510 1615.2
1439520 1609.6
1439530 1609.6
1439540 1604.2
1439550 1599.8
1439560 1599.8
1439570 1585.3
1439580 1575.0
1439590 1575.0
1439600 1574.7
1439610 1577.1
1439620 1577.1
1439630 1586.3
1439640 1594.9
1439650 1594.9
1439660 1592.1
1439670 1601.6
1439680 1601.6
1439690 1605.9
1439700 1608.3
1439710 1610.7
1439720 1610.7
1439730 1611.4
1439740 1611.1
1439750 1611.1
1439760 1610.4
1439770 1610.0
1439780 1610.0
1439790 1610.0
1439800 1601.6
1439810 1601.6
1439820 1592.3
1439830 1584.7
1439840 1584.7
1439850 1576.5
1439860 1568.3
1439870 1568.3
1439880 1560.9
1439890 1554.0
1439900 1554.0
1439910 1547.1
1439920 1541.7
1439930 1541.7
1439940 1536.2
1439950 1531.4
1439960 1531.4
1439970 1527.8
1439980 1524.6
1439990 1524.6
