1420000 839.5
1420010 841.3
1420020 841.5
1420030 841.5
1420040 841.3
1420050 842.1
1420060 842.1
1420070 844.1
1420080 846.9
1420090 850.2
1420100 850.2
1420110 853.3
1420120 854.1
1420130 854.1
1420140 852.3
1420150 848.6
1420160 848.6
1420170 840.6
1420180 839.7
1420190 839.7
1420200 846.4
1420210 850.3
1420220 850.3
1420230 853.4
1420240 856.8
1420250 856.8
1420260 855.7
1420270 854.4
1420280 854.4
1420290 854.6
1420300 854.8
1420310 854.8
1420320 854.7
1420330 852.7
1420340 852.7
1420350 847.5
1420360 841.1
1420370 841.1
1420380 832.4
1420390 829.1
1420400 821.4
1420410 821.4
1420420 817.4
1420430 818.9
1420440 818.9
1420450 822.7
1420460 824.8
1420470 824.8
1420480 828.2
1420490 831.4
1420500 831.4
1420510 834.6
1420520 837.7
1420530 837.7
1420540 840.1
1420550 840.7
1420560 840.7
1420570 839.2
1420580 837.2
1420590 837.2
1420600 835.5
1420610 834.6
1420620 834.6
1420630 833.2
1420640 830.5
1420650 830.5
1420660 828.5
1420670 825.2
1420680 825.2
1420690 819.8
1420700 816.2
1420710 814.1
1420720 814.1
1420730 811.4
1420740 809.3
1420750 809.3
1420760 808.0
1420770 806.7
1420780 806.7
1420790 803.1
1420800 798.5
1420810 798.5
1420820 794.4
1420830 790.6
1420840 790.6
1420850 788.0
1420860 786.6
1420870 786.6
1420880 785.5
1420890 783.3
1420900 783.3
1420910 780.3
1420920 778.4
1420930 778.4
1420940 778.0
1420950 777.7
1420960 777.7
1420970 777.0
1420980 776.6
1420990 776.6
1421000 776.5
1421010 776.4
1421020 776.4
1421030 776.5
1421040 776.7
1421050 776.8
1421060 776.8
1421070 777.0
1421080 777.2
1421090 777.2
1421100 777.5
1421110 777.8
1421120 777.8
1421130 778.2
1421140 778.5
1421150 778.5
1421160 778.9
1421170 779.0
1421180 779.0
1421190 779.0
1421200 779.1
1421210 779.1
1421220 778.8
1421230 776.7
1421240 776.7
1421250 775.3
1421260 777.8
1421270 777.8
1421280 778.9
1421290 779.0
1421300 779.0
1421310 779.3
1421320 779.9
1421330 779.9
1421340 781.2
1421350 781.7
1421360 782.1
1421370 782.1
1421380 782.2
1421390 781.9
1421400 781.9
1421410 781.6
1421420 781.6
1421430 781.6
1421440 781.6
1421450 781.3
1421460 781.3
1421470 780.9
1421480 780.7
1421490 780.7
1421500 780.8
1421510 780.7
1421520 780.7
1421530 780.7
1421540 780.8
1421550 780.8
1421560 780.5
1421570 780.3
1421580 780.3
1421590 780.1
1421600 779.9
1421610 779.9
1421620 779.6
1421630 779.3
1421640 779.3
1421650 779.0
1421660 778.8
1421670 778.8
1421680 778.8
1421690 778.7
1421700 778.6
1421710 778.6
1421720 778.4
1421730 778.1
1421740 778.1
1421750 777.9
1421760 777.8
1421770 777.8
1421780 777.4
1421790 777.1
1421800 777.1
1421810 776.9
1421820 776.7
1421830 776.7
1421840 776.5
1421850 776.2
1421860 776.2
1421870 775.7
1421880 775.4
1421890 775.4
1421900 775.1
1421910 774.8
1421920 774.8
1421930 774.4
1421940 774.2
1421950 774.2
1421960 773.9
1421970 773.8
1421980 773.7
1421990 773.7
1422000 773.6
1422010 773.2
1422020 773.2
1422030 772.9
1422040 772.6
1422050 772.6
1422060 772.3
1422070 772.1
1422080 772.1
1422090 771.7
1422100 771.4
1422110 771.4
1422120 771.1
1422130 770.8
1422140 770.8
1422150 770.5
1422160 770.3
1422170 770.3
1422180 770.1
1422190 769.7
1422200 769.7
1422210 769.5
1422220 769.1
1422230 769.1
1422240 768.7
1422250 768.4
1422260 768.4
1422270 768.2
1422280 768.0
1422290 767.8
1422300 767.8
1422310 767.5
1422320 767.2
1422330 767.2
1422340 767.1
1422350 766.8
1422360 766.8
1422370 766.5
1422380 766.2
1422390 766.2
1422400 765.7
1422410 765.4
1422420 765.4
1422430 765.1
1422440 764.7
1422450 764.7
1422460 764.3
1422470 764.1
1422480 764.1
1422490 763.6
1422500 762.0
1422510 762.0
1422520 760.1
1422530 759.1
1422540 759.1
1422550 758.9
1422560 758.9
1422570 758.9
1422580 759.0
1422590 758.8
1422600 759.0
1422610 759.0
1422620 758.9
1422630 758.3
1422640 758.3
1422650 758.0
1422660 757.8
1422670 757.8
1422680 757.6
1422690 757.4
1422700 757.4
1422710 757.3
1422720 757.1
1422730 757.1
1422740 756.9
1422750 756.7
1422760 756.7
1422770 756.5
1422780 756.4
1422790 756.4
1422800 756.2
1422810 756.1
1422820 756.1
1422830 755.9
1422840 755.8
1422850 755.8
1422860 755.7
1422870 755.5
1422880 755.5
1422890 755.3
1422900 755.2
1422910 755.0
1422920 755.0
1422930 754.9
1422940 754.6
1422950 754.6
1422960 754.3
1422970 754.1
1422980 754.1
1422990 753.8
1423000 753.7
1423010 753.7
1423020 753.5
1423030 753.3
1423040 753.3
1423050 753.0
1423060 752.7
1423070 752.7
1423080 752.5
1423090 752.5
1423100 752.5
1423110 752.2
1423120 752.0
1423130 752.0
1423140 751.9
1423150 751.8
1423160 751.8
1423170 751.7
1423180 751.6
1423190 751.6
1423200 751.5
1423210 751.4
1423220 751.2
1423230 751.2
1423240 751.1
1423250 750.9
1423260 750.9
1423270 750.8
1423280 750.7
1423290 750.7
1423300 750.5
1423310 750.5
1423320 750.5
1423330 750.3
1423340 750.2
1423350 750.2
1423360 750.2
1423370 750.1
1423380 750.1
1423390 750.1
1423400 750.0
1423410 750.0
1423420 749.8
1423430 749.6
1423440 749.6
1423450 749.4
1423460 749.2
1423470 749.2
1423480 749.1
1423490 749.4
1423500 749.4
1423510 749.0
1423520 748.8
1423530 748.7
1423540 748.7
1423550 748.5
1423560 748.3
1423570 748.3
1423580 748.0
1423590 747.8
1423600 747.8
1423610 747.7
1423620 747.5
1423630 747.5
1423640 747.4
1423650 747.3
1423660 747.3
1423670 747.3
1423680 747.0
1423690 747.0
1423700 746.7
1423710 746.4
1423720 746.4
1423730 746.2
1423740 746.1
1423750 746.1
1423760 746.0
1423770 745.9
1423780 745.9
1423790 745.7
1423800 745.4
1423810 745.4
1423820 745.2
1423830 745.1
1423840 744.9
1423850 744.9
1423860 744.8
1423870 744.7
1423880 744.7
1423890 744.6
1423900 744.5
1423910 744.5
1423920 744.3
1423930 744.2
1423940 744.2
1423950 744.1
1423960 744.0
1423970 744.0
1423980 743.9
1423990 743.7
1424000 743.7
1424010 743.5
1424020 743.4
1424030 743.4
1424040 743.3
1424050 743.1
1424060 743.1
1424070 742.9
1424080 742.8
1424090 742.8
1424100 742.6
1424110 742.5
1424120 742.5
1424130 742.4
1424140 742.2
1424150 742.2
1424160 741.8
1424170 741.7
1424180 741.6
1424190 741.6
1424200 741.5
1424210 741.5
1424220 741.5
1424230 741.5
1424240 741.4
1424250 741.4
1424260 741.3
1424270 741.2
1424280 741.2
1424290 741.1
1424300 741.0
1424310 741.0
1424320 740.9
1424330 740.6
1424340 740.6
1424350 740.6
1424360 740.8
1424370 740.8
1424380 741.1
1424390 741.0
1424400 741.0
1424410 740.6
1424420 740.4
1424430 740.4
1424440 740.3
1424450 740.1
1424460 740.1
1424470 740.0
1424480 740.0
1424490 740.0
1424500 740.0
1424510 739.3
1424520 739.0
1424530 739.0
1424540 738.7
1424550 738.5
1424560 738.5
1424570 738.5
1424580 738.4
1424590 738.4
1424600 738.4
1424610 738.2
1424620 738.2
1424630 737.9
1424640 737.6
1424650 737.6
1424660 737.4
1424670 737.3
1424680 737.3
1424690 737.2
1424700 737.0
1424710 737.0
1424720 736.9
1424730 736.7
1424740 736.7
1424750 736.6
1424760 736.5
1424770 736.5
1424780 736.4
1424790 736.4
1424800 736.3
1424810 736.3
1424820 736.3
1424830 736.3
1424840 736.3
1424850 736.3
1424860 735.9
1424870 735.9
1424880 735.6
1424890 735.5
1424900 735.5
1424910 735.4
1424920 735.3
1424930 735.3
1424940 735.2
1424950 735.2
1424960 735.2
1424970 735.3
1424980 735.2
1424990 735.2
1425000 735.0
1425010 734.9
1425020 734.9
1425030 734.9
1425040 734.8
1425050 734.8
1425060 734.7
1425070 734.7
1425080 734.7
1425090 734.7
1425100 734.6
1425110 734.6
1425120 734.6
1425130 734.4
1425140 734.1
1425150 734.1
1425160 733.8
1425170 733.7
1425180 733.7
1425190 733.7
1425200 733.6
1425210 733.6
1425220 733.5
1425230 733.4
1425240 733.4
1425250 733.4
1425260 733.4
1425270 733.4
1425280 733.3
1425290 733.2
1425300 733.2
1425310 733.1
1425320 732.9
1425330 732.9
1425340 732.9
1425350 732.9
1425360 732.9
1425370 732.8
1425380 732.8
1425390 732.8
1425400 732.7
1425410 732.7
1425420 732.6
1425430 732.6
1425440 732.6
1425450 732.6
1425460 732.6
1425470 732.7
1425480 732.8
1425490 732.8
1425500 734.9
1425510 736.1
1425520 736.1
1425530 735.4
1425540 734.6
1425550 734.6
1425560 733.2
1425570 732.8
1425580 732.8
1425590 732.8
1425600 732.4
1425610 732.4
1425620 732.5
1425630 732.2
1425640 732.2
1425650 731.8
1425660 731.6
1425670 731.6
1425680 731.4
1425690 731.1
1425700 731.1
1425710 730.9
1425720 730.8
1425730 730.5
1425740 730.5
1425750 730.4
1425760 730.4
1425770 730.4
1425780 730.3
1425790 730.3
1425800 730.3
1425810 730.1
1425820 730.0
1425830 730.0
1425840 729.9
1425850 729.6
1425860 729.6
1425870 729.6
1425880 729.5
1425890 729.5
1425900 729.2
1425910 729.3
1425920 729.3
1425930 729.5
1425940 729.5
1425950 729.5
1425960 729.4
1425970 729.2
1425980 729.2
1425990 729.0
1426000 729.0
1426010 729.0
1426020 729.1
1426030 729.0
1426040 728.8
1426050 728.8
1426060 728.2
1426070 728.1
1426080 728.1
1426090 728.2
1426100 728.1
1426110 728.1
1426120 727.8
1426130 727.4
1426140 727.4
1426150 727.0
1426160 727.2
1426170 727.2
1426180 727.2
1426190 727.0
1426200 727.0
1426210 726.9
1426220 726.6
1426230 726.6
1426240 726.7
1426250 726.4
1426260 726.4
1426270 726.2
1426280 726.1
1426290 726.1
1426300 725.9
1426310 725.7
1426320 725.7
1426330 725.4
1426340 725.3
1426350 725.1
1426360 725.1
1426370 724.9
1426380 724.7
1426390 724.7
1426400 724.5
1426410 724.4
1426420 724.4
1426430 724.4
1426440 724.3
1426450 724.3
1426460 724.1
1426470 724.0
1426480 724.0
1426490 724.0
1426500 723.9
1426510 723.9
1426520 723.8
1426530 723.7
1426540 723.7
1426550 723.6
1426560 723.6
1426570 723.6
1426580 723.5
1426590 723.2
1426600 723.2
1426610 723.2
1426620 723.0
1426630 723.0
1426640 722.9
1426650 722.7
1426660 722.7
1426670 722.7
1426680 722.6
1426690 722.4
1426700 722.4
1426710 722.3
1426720 722.1
1426730 722.1
1426740 721.9
1426750 721.5
1426760 721.5
1426770 721.3
1426780 721.3
1426790 721.3
1426800 721.3
1426810 721.1
1426820 721.1
1426830 721.0
1426840 721.1
1426850 721.1
1426860 721.1
1426870 720.7
1426880 720.7
1426890 720.6
1426900 720.7
1426910 720.7
1426920 720.5
1426930 720.4
1426940 720.4
1426950 720.2
1426960 719.8
1426970 719.8
1426980 719.6
1426990 719.5
1427000 719.3
1427010 719.3
1427020 719.2
1427030 719.2
1427040 719.2
1427050 718.9
1427060 718.7
1427070 718.7
1427080 718.5
1427090 718.3
1427100 718.3
1427110 718.1
1427120 717.9
1427130 717.9
1427140 717.7
1427150 717.6
1427160 717.6
1427170 717.5
1427180 717.3
1427190 717.3
1427200 717.2
1427210 717.1
1427220 717.1
1427230 717.0
1427240 716.9
1427250 716.9
1427260 716.8
1427270 716.7
1427280 716.7
1427290 716.7
1427300 716.6
1427310 716.4
1427320 716.4
1427330 716.1
1427340 716.1
1427350 716.1
1427360 716.0
1427370 715.9
1427380 715.9
1427390 715.9
1427400 715.9
1427410 715.9
1427420 715.9
1427430 716.0
1427440 716.0
1427450 716.1
1427460 716.0
1427470 716.0
1427480 716.1
1427490 716.2
1427500 716.2
1427510 716.4
1427520 716.5
1427530 716.5
1427540 716.4
1427550 716.4
1427560 716.4
1427570 716.4
1427580 716.5
1427590 716.5
1427600 716.4
1427610 716.4
1427620 716.4
1427630 716.4
1427640 716.3
1427650 716.3
1427660 716.3
1427670 716.3
1427680 716.3
1427690 716.3
1427700 716.5
1427710 717.1
1427720 717.1
1427730 717.0
1427740 714.8
1427750 714.8
1427760 714.3
1427770 714.9
1427780 714.9
1427790 717.4
1427800 717.3
1427810 717.3
1427820 716.8
1427830 716.7
1427840 716.7
1427850 716.6
1427860 716.7
1427870 716.7
1427880 720.2
1427890 727.0
1427900 727.0
1427910 732.8
1427920 734.9
1427930 736.5
1427940 736.5
1427950 738.1
1427960 739.6
1427970 739.6
1427980 740.9
1427990 741.8
1428000 741.8
1428010 742.2
1428020 742.0
1428030 742.0
1428040 741.9
1428050 742.2
1428060 742.2
1428070 742.6
1428080 743.2
1428090 743.2
1428100 744.2
1428110 745.1
1428120 745.1
1428130 745.9
1428140 746.2
1428150 746.2
1428160 746.6
1428170 747.0
1428180 747.0
1428190 747.2
1428200 747.6
1428210 747.6
1428220 748.1
1428230 748.9
1428240 749.4
1428250 749.4
1428260 749.9
1428270 750.7
1428280 750.7
1428290 751.5
1428300 752.0
1428310 752.0
1428320 752.9
1428330 754.0
1428340 754.0
1428350 755.1
1428360 756.3
1428370 756.3
1428380 757.1
1428390 757.5
1428400 757.5
1428410 757.9
1428420 757.9
1428430 757.9
1428440 758.0
1428450 758.5
1428460 758.5
1428470 758.6
1428480 758.9
1428490 758.9
1428500 759.1
1428510 759.0
1428520 759.0
1428530 758.5
1428540 758.5
1428550 758.5
1428560 758.5
1428570 758.5
1428580 758.6
1428590 758.6
1428600 758.7
1428610 758.8
1428620 758.8
1428630 758.9
1428640 758.9
1428650 758.9
1428660 759.0
1428670 759.2
1428680 759.2
1428690 759.7
1428700 760.7
1428710 760.7
1428720 761.0
1428730 760.7
1428740 760.7
1428750 760.6
1428760 760.7
1428770 760.7
1428780 760.5
1428790 760.0
1428800 760.0
1428810 759.6
1428820 759.1
1428830 759.1
1428840 758.8
1428850 758.7
1428860 758.5
1428870 758.5
1428880 758.4
1428890 758.2
1428900 758.2
1428910 757.5
1428920 757.0
1428930 757.0
1428940 756.6
1428950 756.5
1428960 756.5
1428970 756.6
1428980 757.1
1428990 757.1
1429000 757.5
1429010 758.0
1429020 758.0
1429030 758.1
1429040 758.2
1429050 758.2
1429060 758.4
1429070 758.7
1429080 758.7
1429090 759.2
1429100 759.7
1429110 759.7
1429120 760.1
1429130 760.3
1429140 760.3
1429150 760.5
1429160 760.7
1429170 760.9
1429180 760.9
1429190 761.2
1429200 761.7
1429210 761.7
1429220 762.5
1429230 763.7
1429240 763.7
1429250 765.6
1429260 765.6
1429270 765.6
1429280 764.9
1429290 763.9
1429300 763.9
1429310 762.9
1429320 762.2
1429330 762.2
1429340 761.8
1429350 761.6
1429360 761.6
1429370 761.4
1429380 761.3
1429390 761.3
1429400 761.2
1429410 761.1
1429420 761.1
1429430 760.9
1429440 760.8
1429450 760.8
1429460 760.8
1429470 760.7
1429480 760.6
1429490 760.6
1429500 760.4
1429510 760.1
1429520 760.1
1429530 759.6
1429540 759.1
1429550 759.1
1429560 758.6
1429570 757.9
1429580 757.9
1429590 757.4
1429600 755.8
1429610 755.8
1429620 754.4
1429630 754.1
1429640 754.1
1429650 753.9
1429660 753.7
1429670 753.7
1429680 753.7
1429690 753.7
1429700 753.7
1429710 754.2
1429720 754.9
1429730 754.9
1429740 755.5
1429750 756.6
1429760 756.6
1429770 757.2
1429780 758.5
1429790 759.7
1429800 759.7
1429810 761.0
1429820 762.1
1429830 762.1
1429840 762.7
1429850 762.8
1429860 762.8
1429870 762.6
1429880 762.5
1429890 762.5
1429900 762.2
1429910 761.8
1429920 761.8
1429930 760.9
1429940 760.0
1429950 760.0
1429960 758.9
1429970 757.4
1429980 757.4
1429990 754.9
1430000 752.3
1430010 752.3
1430020 750.3
1430030 750.0
1430040 750.0
1430050 750.2
1430060 750.1
1430070 750.1
1430080 750.0
1430090 749.9
1430100 749.9
1430110 750.0
1430120 749.9
1430130 749.9
1430140 749.9
1430150 750.1
1430160 750.1
1430170 750.1
1430180 750.3
1430190 750.4
1430200 750.4
1430210 750.7
1430220 751.0
1430230 751.0
1430240 751.1
1430250 751.0
1430260 751.0
1430270 751.1
1430280 751.2
1430290 751.2
1430300 751.5
1430310 751.9
1430320 751.9
1430330 752.1
1430340 752.4
1430350 752.4
1430360 752.7
1430370 753.0
1430380 753.0
1430390 753.4
1430400 753.8
1430410 753.8
1430420 754.2
1430430 754.6
1430440 755.1
1430450 755.1
1430460 755.5
1430470 755.9
1430480 755.9
1430490 756.3
1430500 756.6
1430510 756.6
1430520 756.9
1430530 757.4
1430540 757.4
1430550 758.3
1430560 758.9
1430570 758.9
1430580 759.2
1430590 760.0
1430600 760.0
1430610 761.5
1430620 763.5
1430630 763.5
1430640 767.0
1430650 771.2
1430660 771.2
1430670 774.8
1430680 777.1
1430690 777.1
1430700 779.4
1430710 783.8
1430720 783.8
1430730 786.6
1430740 786.6
1430750 787.3
1430760 787.3
1430770 789.0
1430780 790.5
1430790 790.5
1430800 792.9
1430810 794.2
1430820 794.2
1430830 795.4
1430840 796.7
1430850 796.7
1430860 798.2
1430870 799.7
1430880 799.7
1430890 801.5
1430900 803.7
1430910 803.7
1430920 805.4
1430930 807.0
1430940 807.0
1430950 808.6
1430960 811.1
1430970 811.1
1430980 813.0
1430990 814.1
1431000 814.1
1431010 815.0
1431020 815.9
1431030 815.9
1431040 816.5
1431050 816.4
1431060 816.1
1431070 816.1
1431080 816.2
1431090 816.9
1431100 816.9
1431110 818.2
1431120 819.0
1431130 819.0
1431140 819.9
1431150 821.1
1431160 821.1
1431170 822.6
1431180 824.5
1431190 824.5
1431200 827.1
1431210 829.0
1431220 829.0
1431230 830.2
1431240 831.7
1431250 831.7
1431260 832.8
1431270 834.7
1431280 834.7
1431290 836.5
1431300 838.1
1431310 838.1
1431320 839.9
1431330 841.6
1431340 841.6
1431350 843.4
1431360 845.8
1431370 848.4
1431380 848.4
1431390 851.6
1431400 853.7
1431410 853.7
1431420 857.3
1431430 861.8
1431440 861.8
1431450 867.0
1431460 872.8
1431470 872.8
1431480 878.7
1431490 884.5
1431500 884.5
1431510 890.3
1431520 896.5
1431530 896.5
1431540 902.9
1431550 909.7
1431560 909.7
1431570 916.5
1431580 923.7
1431590 923.7
1431600 931.0
1431610 938.7
1431620 938.7
1431630 945.9
1431640 953.4
1431650 953.4
1431660 961.4
1431670 969.6
1431680 977.8
1431690 977.8
1431700 987.1
1431710 991.1
1431720 991.1
1431730 988.9
1431740 983.7
1431750 983.7
1431760 978.5
1431770 973.1
1431780 973.1
1431790 968.3
1431800 963.9
1431810 963.9
1431820 959.1
1431830 953.9
1431840 953.9
1431850 948.6
1431860 943.7
1431870 943.7
1431880 939.3
1431890 938.4
1431900 938.4
1431910 938.0
1431920 938.9
1431930 938.9
1431940 941.7
1431950 943.5
1431960 943.5
1431970 944.8
1431980 946.9
1431990 949.2
1432000 949.2
1432010 951.4
1432020 953.7
1432030 953.7
1432040 956.2
1432050 958.1
1432060 958.1
1432070 958.6
1432080 955.7
1432090 955.7
1432100 952.6
1432110 955.5
1432120 955.5
1432130 956.5
1432140 950.9
1432150 950.9
1432160 944.2
1432170 939.5
1432180 939.5
1432190 934.7
1432200 934.0
1432210 934.0
1432220 933.6
1432230 933.2
1432240 933.2
1432250 932.9
1432260 933.0
1432270 933.0
1432280 934.3
1432290 934.7
1432300 932.8
1432310 932.8
1432320 934.1
1432330 938.1
1432340 938.1
1432350 939.2
1432360 938.1
1432370 938.1
1432380 938.1
1432390 940.1
1432400 940.1
1432410 941.9
1432420 944.3
1432430 944.3
1432440 944.4
1432450 945.0
1432460 945.0
1432470 943.4
1432480 943.9
1432490 943.9
1432500 943.9
1432510 943.1
1432520 943.1
1432530 942.2
1432540 941.9
1432550 941.9
1432560 941.9
1432570 939.9
1432580 939.9
1432590 944.0
1432600 944.0
1432610 942.4
1432620 942.4
1432630 942.1
1432640 943.5
1432650 943.5
1432660 943.4
1432670 943.7
1432680 943.7
1432690 944.5
1432700 946.9
1432710 946.9
1432720 949.9
1432730 954.2
1432740 954.2
1432750 956.4
1432760 958.1
1432770 958.1
1432780 959.4
1432790 961.1
1432800 961.1
1432810 962.2
1432820 963.7
1432830 963.7
1432840 967.0
1432850 969.9
1432860 969.9
1432870 972.2
1432880 974.4
1432890 974.4
1432900 975.1
1432910 973.0
1432920 975.9
1432930 975.9
1432940 981.2
1432950 982.1
1432960 982.1
1432970 978.7
1432980 980.0
1432990 980.0
1433000 981.7
1433010 981.3
1433020 981.3
1433030 980.5
1433040 982.1
1433050 982.1
1433060 984.0
1433070 986.5
1433080 986.5
1433090 990.2
1433100 994.8
1433110 994.8
1433120 997.3
1433130 998.3
1433140 998.3
1433150 1003.2
1433160 1009.5
1433170 1009.5
1433180 1010.6
1433190 1011.8
1433200 1011.8
1433210 1014.7
1433220 1017.5
1433230 1017.5
1433240 1019.9
1433250 1021.4
1433260 1023.3
1433270 1023.3
1433280 1025.4
1433290 1027.9
1433300 1027.9
1433310 1031.0
1433320 1032.2
1433330 1032.2
1433340 1033.7
1433350 1034.5
1433360 1034.5
1433370 1036.0
1433380 1037.7
1433390 1037.7
1433400 1039.9
1433410 1041.3
1433420 1041.3
1433430 1042.9
1433440 1045.3
1433450 1045.3
1433460 1047.3
1433470 1047.0
1433480 1047.0
1433490 1045.9
1433500 1045.4
1433510 1045.4
1433520 1047.6
1433530 1049.4
1433540 1049.4
1433550 1051.1
1433560 1052.0
1433570 1051.9
1433580 1051.9
1433590 1053.0
1433600 1054.9
1433610 1054.9
1433620 1055.9
1433630 1055.9
1433640 1055.9
1433650 1056.6
1433660 1058.7
1433670 1058.7
1433680 1060.5
1433690 1061.3
1433700 1061.3
1433710 1058.2
1433720 1060.0
1433730 1060.0
1433740 1061.3
1433750 1062.5
1433760 1062.5
1433770 1064.3
1433780 1065.4
1433790 1065.4
1433800 1064.0
1433810 1061.6
1433820 1061.6
1433830 1062.0
1433840 1065.3
1433850 1065.3
1433860 1066.1
1433870 1068.4
1433880 1071.6
1433890 1071.6
1433900 1075.9
1433910 1079.8
1433920 1079.8
1433930 1084.5
1433940 1087.9
1433950 1087.9
1433960 1090.5
1433970 1092.4
1433980 1092.4
1433990 1094.5
1434000 1096.4
1434010 1096.4
1434020 1098.4
1434030 1100.6
1434040 1100.6
1434050 1102.5
1434060 1104.2
1434070 1104.2
1434080 1106.4
1434090 1108.4
1434100 1108.4
1434110 1110.5
1434120 1113.0
1434130 1113.0
1434140 1115.2
1434150 1117.2
1434160 1117.2
1434170 1121.1
1434180 1126.9
1434190 1133.1
1434200 1133.1
1434210 1137.4
1434220 1143.7
1434230 1143.7
1434240 1148.8
1434250 1153.4
1434260 1153.4
1434270 1157.9
1434280 1162.0
1434290 1162.0
1434300 1166.0
1434310 1170.0
1434320 1170.0
1434330 1174.1
1434340 1178.9
1434350 1178.9
1434360 1183.4
1434370 1187.3
1434380 1187.3
1434390 1190.8
1434400 1193.6
1434410 1193.6
1434420 1195.4
1434430 1197.5
1434440 1197.5
1434450 1199.5
1434460 1201.8
1434470 1201.8
1434480 1204.6
1434490 1207.9
1434500 1211.8
1434510 1211.8
1434520 1215.4
1434530 1218.8
1434540 1218.8
1434550 1222.3
1434560 1225.1
1434570 1225.1
1434580 1227.3
1434590 1227.6
1434600 1227.6
1434610 1228.2
1434620 1229.9
1434630 1229.9
1434640 1231.0
1434650 1231.9
1434660 1231.9
1434670 1232.6
1434680 1234.5
1434690 1234.5
1434700 1237.8
1434710 1240.9
1434720 1240.9
1434730 1243.2
1434740 1245.5
1434750 1245.5
1434760 1249.6
1434770 1254.4
1434780 1254.4
1434790 1258.3
1434800 1262.2
1434810 1265.9
1434820 1265.9
1434830 1269.1
1434840 1271.6
1434850 1271.6
1434860 1274.0
1434870 1276.1
1434880 1276.1
1434890 1277.7
1434900 1278.9
1434910 1278.9
1434920 1279.8
1434930 1279.6
1434940 1279.6
1434950 1279.3
1434960 1278.7
1434970 1278.7
1434980 1278.5
1434990 1277.5
1435000 1277.5
1435010 1278.3
1435020 1281.7
1435030 1281.7
1435040 1284.2
1435050 1287.0
1435060 1287.0
1435070 1290.5
1435080 1293.8
1435090 1293.8
1435100 1296.3
1435110 1297.7
1435120 1298.3
1435130 1298.3
1435140 1299.4
1435150 1300.7
1435160 1300.7
1435170 1300.3
1435180 1303.7
1435190 1303.7
1435200 1308.8
1435210 1314.4
1435220 1314.4
1435230 1319.5
1435240 1324.3
1435250 1324.3
1435260 1328.5
1435270 1331.7
1435280 1331.7
1435290 1332.5
1435300 1334.0
1435310 1334.0
1435320 1337.9
1435330 1342.1
1435340 1342.1
1435350 1345.6
1435360 1348.2
1435370 1348.2
1435380 1350.4
1435390 1352.9
1435400 1352.9
1435410 1355.0
1435420 1355.7
1435430 1356.3
1435440 1356.3
1435450 1355.8
1435460 1355.0
1435470 1355.0
1435480 1354.3
1435490 1354.6
1435500 1354.6
1435510 1355.2
1435520 1354.9
1435530 1354.9
1435540 1354.0
1435550 1352.6
1435560 1352.6
1435570 1350.2
1435580 1346.6
1435590 1346.6
1435600 1343.8
1435610 1340.0
1435620 1340.0
1435630 1335.3
1435640 1331.9
1435650 1331.9
1435660 1328.1
1435670 1323.8
1435680 1323.8
1435690 1320.2
1435700 1317.5
1435710 1317.5
1435720 1315.1
1435730 1314.1
1435740 1313.7
1435750 1313.7
1435760 1311.8
1435770 1308.3
1435780 1308.3
1435790 1304.0
1435800 1302.0
1435810 1302.0
1435820 1302.2
1435830 1300.1
1435840 1300.1
1435850 1293.7
1435860 1293.5
1435870 1293.5
1435880 1301.0
1435890 1303.8
1435900 1303.8
1435910 1302.9
1435920 1300.8
1435930 1300.8
1435940 1298.3
1435950 1299.4
1435960 1299.4
1435970 1303.6
1435980 1304.2
1435990 1304.2
1436000 1300.0
1436010 1291.5
1436020 1291.5
1436030 1284.6
1436040 1280.9
1436050 1278.4
1436060 1278.4
1436070 1275.1
1436080 1272.5
1436090 1272.5
1436100 1268.9
1436110 1267.4
1436120 1267.4
1436130 1262.5
1436140 1256.3
1436150 1256.3
1436160 1252.4
1436170 1249.5
1436180 1249.5
1436190 1246.7
1436200 1244.9
1436210 1244.9
1436220 1243.2
1436230 1241.2
1436240 1241.2
1436250 1238.2
1436260 1234.4
1436270 1234.4
1436280 1230.7
1436290 1224.4
1436300 1224.4
1436310 1223.6
1436320 1223.8
1436330 1223.8
1436340 1225.7
1436350 1228.1
1436360 1229.6
1436370 1229.6
1436380 1230.5
1436390 1231.9
1436400 1231.9
1436410 1232.4
1436420 1233.8
1436430 1233.8
1436440 1235.7
1436450 1237.8
1436460 1237.8
1436470 1239.8
1436480 1240.7
1436490 1240.7
1436500 1242.4
1436510 1243.3
1436520 1243.3
1436530 1243.8
1436540 1245.8
1436550 1245.8
1436560 1248.0
1436570 1248.9
1436580 1248.9
1436590 1250.0
1436600 1250.6
1436610 1250.6
1436620 1250.9
1436630 1251.3
1436640 1251.3
1436650 1251.3
1436660 1251.8
1436670 1251.8
1436680 1254.6
1436690 1256.1
1436700 1257.6
1436710 1257.6
1436720 1259.2
1436730 1262.0
1436740 1262.0
1436750 1265.8
1436760 1269.0
1436770 1269.0
1436780 1272.4
1436790 1275.0
1436800 1275.0
1436810 1277.1
1436820 1279.3
1436830 1279.3
1436840 1282.7
1436850 1287.9
1436860 1287.9
1436870 1293.9
1436880 1300.1
1436890 1300.1
1436900 1306.3
1436910 1312.6
1436920 1312.6
1436930 1317.8
1436940 1322.4
1436950 1322.4
1436960 1329.6
1436970 1338.0
1436980 1338.0
1436990 1346.4
1437000 1353.8
1437010 1361.3
1437020 1361.3
1437030 1371.6
1437040 1401.8
1437050 1401.8
1437060 1413.1
1437070 1426.4
1437080 1426.4
1437090 1444.2
1437100 1453.1
1437110 1453.1
1437120 1468.0
1437130 1495.4
1437140 1495.4
1437150 1499.0
1437160 1497.8
1437170 1497.8
1437180 1511.6
1437190 1509.6
1437200 1509.6
1437210 1498.8
1437220 1495.5
1437230 1495.5
1437240 1499.5
1437250 1515.3
1437260 1515.3
1437270 1547.4
1437280 1549.0
1437290 1549.0
1437300 1558.4
1437310 1547.3
1437320 1556.7
1437330 1556.7
1437340 1592.9
1437350 1614.6
1437360 1614.6
1437370 1626.7
1437380 1631.9
1437390 1631.9
1437400 1632.1
1437410 1630.4
1437420 1630.4
1437430 1627.3
1437440 1624.1
1437450 1624.1
1437460 1623.2
1437470 1623.5
1437480 1623.5
1437490 1623.3
1437500 1622.0
1437510 1622.0
1437520 1619.8
1437530 1619.8
1437540 1619.8
1437550 1620.8
1437560 1616.1
1437570 1616.1
1437580 1607.4
1437590 1601.2
1437600 1601.2
1437610 1598.1
1437620 1595.7
1437630 1595.2
1437640 1595.2
1437650 1597.0
1437660 1599.4
1437670 1599.4
1437680 1599.4
1437690 1599.3
1437700 1599.3
1437710 1592.9
1437720 1583.8
1437730 1583.8
1437740 1575.5
1437750 1569.2
1437760 1569.2
1437770 1564.1
1437780 1558.0
1437790 1558.0
1437800 1563.8
1437810 1568.4
1437820 1568.4
1437830 1579.2
1437840 1593.1
1437850 1593.1
1437860 1596.5
1437870 1595.9
1437880 1595.9
1437890 1588.4
1437900 1585.6
1437910 1585.6
1437920 1577.4
1437930 1568.9
1437940 1560.1
1437950 1560.1
1437960 1552.1
1437970 1544.3
1437980 1544.3
1437990 1549.5
1438000 1561.3
1438010 1561.3
1438020 1568.0
1438030 1580.1
1438040 1580.1
1438050 1588.5
1438060 1590.8
1438070 1590.8
1438080 1593.4
1438090 1593.0
1438100 1593.0
1438110 1593.0
1438120 1596.5
1438130 1596.5
1438140 1598.3
1438150 1602.4
1438160 1602.4
1438170 1604.0
1438180 1606.3
1438190 1606.3
1438200 1598.1
1438210 1582.6
1438220 1582.6
1438230 1574.9
1438240 1567.1
1438250 1558.8
1438260 1558.8
1438270 1550.0
1438280 1540.4
1438290 1540.4
1438300 1530.6
1438310 1521.3
1438320 1521.3
1438330 1516.4
1438340 1509.8
1438350 1509.8
1438360 1505.0
1438370 1504.0
1438380 1504.0
1438390 1497.4
1438400 1487.0
1438410 1487.0
1438420 1476.9
1438430 1460.7
1438440 1460.7
1438450 1472.8
1438460 1489.4
1438470 1489.4
1438480 1497.2
1438490 1504.7
1438500 1504.7
1438510 1519.8
1438520 1550.4
1438530 1550.4
1438540 1570.7
1438550 1578.1
1438560 1584.1
1438570 1584.1
1438580 1590.1
1438590 1596.5
1438600 1596.5
1438610 1608.5
1438620 1616.5
1438630 1616.5
1438640 1626.2
1438650 1635.7
1438660 1635.7
1438670 1648.2
1438680 1656.1
1438690 1656.1
1438700 1669.1
1438710 1679.0
1438720 1679.0
1438730 1695.1
1438740 1723.4
1438750 1723.4
1438760 1768.4
1438770 1786.4
1438780 1786.4
1438790 1792.5
1438800 1795.4
1438810 1795.4
1438820 1792.9
1438830 1789.9
1438840 1789.9
1438850 1786.2
1438860 1781.7
1438870 1775.6
1438880 1775.6
1438890 1770.3
1438900 1764.3
1438910 1764.3
1438920 1757.6
1438930 1751.6
1438940 1751.6
1438950 1750.0
1438960 1753.6
1438970 1753.6
1438980 1750.2
1438990 1743.6
1439000 1743.6
1439010 1733.3
1439020 1733.9
1439030 1733.9
1439040 1738.0
1439050 1733.3
1439060 1733.3
1439070 1726.2
1439080 1722.1
1439090 1722.1
1439100 1722.3
1439110 1718.8
1439120 1718.8
1439130 1721.8
1439140 1720.7
1439150 1720.7
1439160 1717.9
1439170 1713.6
1439180 1706.4
1439190 1706.4
1439200 1701.3
1439210 1695.0
1439220 1695.0
1439230 1689.8
1439240 1680.8
1439250 1680.8
1439260 1670.3
1439270 1654.8
1439280 1654.8
1439290 1640.3
1439300 1630.8
1439310 1630.8
1439320 1625.7
1439330 1618.0
1439340 1618.0
1439350 1609.0
1439360 1601.0
1439370 1601.0
1439380 1592.4
1439390 1583.8
1439400 1583.8
1439410 1577.0
1439420 1573.5
1439430 1573.5
1439440 1572.5
1439450 1570.0
1439460 1570.0
1439470 1565.7
1439480 1558.2
1439490 1553.4
1439500 1553.4
1439510 1547.6
1439520 1541.9
1439530 1541.9
1439540 1536.3
1439550 1530.2
1439560 1530.2
1439570 1523.6
1439580 1515.0
1439590 1515.0
1439600 1505.1
1439610 1496.4
1439620 1496.4
1439630 1488.3
1439640 1480.4
1439650 1480.4
1439660 1472.2
1439670 1463.9
1439680 1463.9
1439690 1456.1
1439700 1449.2
1439710 1449.2
1439720 1444.5
1439730 1439.2
1439740 1439.2
1439750 1441.8
1439760 1447.6
1439770 1447.6
1439780 1449.3
1439790 1446.3
1439800 1441.9
1439810 1441.9
1439820 1438.0
1439830 1434.6
1439840 1434.6
1439850 1431.9
1439860 1430.0
1439870 1430.0
1439880 1429.1
1439890 1429.7
1439900 1429.7
1439910 1429.7
1439920 1429.5
1439930 1429.5
1439940 1430.7
1439950 1431.1
1439960 1431.1
1439970 1432.3
1439980 1433.8
1439990 1433.8
