1420000 1050.4
1420010 1050.4
1420020 1058.6
1420030 1067.5
1420040 1076.4
1420050 1076.4
1420060 1084.8
1420070 1094.5
1420080 1094.5
1420090 1104.1
1420100 1112.2
1420110 1112.2
1420120 1118.6
1420130 1121.0
1420140 1121.0
1420150 1123.8
1420160 1128.7
1420170 1128.7
1420180 1133.6
1420190 1138.1
1420200 1138.1
1420210 1142.2
1420220 1145.7
1420230 1145.7
1420240 1150.7
1420250 1154.6
1420260 1154.6
1420270 1153.3
1420280 1147.9
1420290 1147.9
1420300 1140.9
1420310 1132.9
1420320 1132.9
1420330 1125.5
1420340 1119.3
1420350 1114.5
1420360 1114.5
1420370 1109.7
1420380 1104.1
1420390 1104.1
1420400 1097.6
1420410 1089.8
1420420 1089.8
1420430 1082.7
1420440 1076.2
1420450 1076.2
1420460 1069.3
1420470 1064.3
1420480 1064.3
1420490 1060.1
1420500 1057.1
1420510 1057.1
1420520 1054.2
1420530 1050.8
1420540 1050.8
1420550 1047.2
1420560 1044.1
1420570 1044.1
1420580 1038.8
1420590 1035.3
1420600 1035.3
1420610 1041.4
1420620 1048.7
1420630 1048.7
1420640 1053.8
1420650 1059.3
1420660 1066.4
1420670 1066.4
1420680 1075.2
1420690 1084.8
1420700 1084.8
1420710 1092.8
1420720 1096.1
1420730 1096.1
1420740 1098.7
1420750 1101.5
1420760 1101.5
1420770 1103.6
1420780 1105.9
1420790 1105.9
1420800 1109.4
1420810 1113.2
1420820 1113.2
1420830 1117.4
1420840 1121.1
1420850 1121.1
1420860 1123.8
1420870 1126.4
1420880 1126.4
1420890 1128.6
1420900 1131.0
1420910 1131.0
1420920 1134.1
1420930 1138.1
1420940 1138.1
1420950 1142.7
1420960 1146.4
1420970 1146.4
1420980 1149.8
1420990 1152.8
1421000 1155.1
1421010 1155.1
1421020 1157.3
1421030 1159.4
1421040 1159.4
1421050 1162.2
1421060 1166.3
1421070 1166.3
1421080 1170.1
1421090 1172.9
1421100 1168.3
1421110 1171.7
1421120 1172.7
1421130 1172.7
1421140 1170.8
1421150 1169.0
1421160 1169.0
1421170 1168.2
1421180 1168.8
1421190 1168.8
1421200 1164.3
1421210 1156.1
1421220 1156.1
1421230 1148.7
1421240 1142.3
1421250 1142.3
1421260 1145.8
1421270 1153.6
1421280 1153.6
1421290 1161.2
1421300 1168.3
1421310 1175.0
1421320 1175.0
1421330 1181.7
1421340 1187.9
1421350 1187.9
1421360 1195.0
1421370 1204.7
1421380 1204.7
1421390 1214.6
1421400 1222.7
1421410 1222.7
1421420 1229.3
1421430 1235.1
1421440 1235.1
1421450 1242.0
1421460 1250.1
1421470 1250.1
1421480 1255.0
1421490 1256.7
1421500 1256.7
1421510 1256.3
1421520 1254.9
1421530 1254.9
1421540 1253.1
1421550 1251.0
1421560 1251.0
1421570 1248.9
1421580 1247.1
1421590 1247.1
1421600 1245.4
1421610 1243.1
1421620 1240.7
1421630 1240.7
1421640 1237.0
1421650 1233.5
1421660 1233.5
1421670 1229.5
1421680 1222.6
1421690 1222.6
1421700 1217.9
1421710 1214.7
1421720 1214.7
1421730 1211.0
1421740 1206.5
1421750 1206.5
1421760 1200.4
1421770 1199.6
1421780 1199.6
1421790 1202.4
1421800 1204.8
1421810 1204.8
1421820 1206.1
1421830 1204.2
1421840 1204.2
1421850 1198.8
1421860 1199.1
1421870 1199.1
1421880 1201.5
1421890 1201.0
1421900 1201.0
1421910 1201.1
1421920 1201.7
1421930 1201.7
1421940 1202.2
1421950 1201.8
1421960 1200.1
1421970 1200.1
1421980 1196.9
1421990 1191.2
1422000 1191.2
1422010 1184.9
1422020 1178.7
1422030 1178.7
1422040 1172.6
1422050 1166.2
1422060 1166.2
1422070 1159.0
1422080 1148.6
1422090 1148.6
1422100 1143.7
1422110 1149.3
1422120 1149.3
1422130 1152.3
1422140 1152.8
1422150 1152.8
1422160 1150.3
1422170 1145.2
1422180 1145.2
1422190 1139.4
1422200 1133.3
1422210 1133.3
1422220 1131.4
1422230 1129.3
1422240 1129.3
1422250 1127.8
1422260 1125.7
1422270 1121.9
1422280 1121.9
1422290 1118.8
1422300 1114.8
1422310 1114.8
1422320 1108.4
1422330 1101.8
1422340 1101.8
1422350 1096.5
1422360 1089.3
1422370 1089.3
1422380 1084.2
1422390 1086.7
1422400 1086.7
1422410 1095.7
1422420 1104.5
1422430 1104.5
1422440 1113.3
1422450 1113.2
1422460 1113.2
1422470 1112.9
1422480 1115.6
1422490 1115.6
1422500 1115.5
1422510 1116.4
1422520 1116.4
1422530 1117.9
1422540 1118.1
1422550 1118.1
1422560 1118.0
1422570 1118.0
1422580 1118.2
1422590 1118.2
1422600 1118.5
1422610 1119.6
1422620 1119.6
1422630 1121.2
1422640 1122.7
1422650 1122.7
1422660 1125.4
1422670 1128.3
1422680 1128.3
1422690 1129.5
1422700 1127.7
1422710 1127.7
1422720 1123.4
1422730 1119.2
1422740 1119.2
1422750 1117.3
1422760 1118.1
1422770 1118.1
1422780 1119.5
1422790 1120.6
1422800 1120.6
1422810 1123.1
1422820 1127.6
1422830 1127.6
1422840 1132.4
1422850 1136.0
1422860 1136.0
1422870 1139.2
1422880 1142.7
1422890 1142.7
1422900 1146.6
1422910 1150.4
1422920 1154.0
1422930 1154.0
1422940 1157.1
1422950 1158.7
1422960 1158.7
1422970 1159.7
1422980 1160.8
1422990 1160.8
1423000 1161.0
1423010 1161.4
1423020 1161.4
1423030 1163.4
1423040 1167.2
1423050 1167.2
1423060 1171.6
1423070 1175.4
1423080 1175.4
1423090 1178.5
1423100 1181.5
1423110 1181.5
1423120 1183.9
1423130 1185.2
1423140 1185.2
1423150 1178.4
1423160 1179.8
1423170 1179.8
1423180 1183.4
1423190 1187.9
1423200 1187.9
1423210 1192.4
1423220 1196.8
1423230 1201.3
1423240 1201.3
1423250 1204.8
1423260 1206.4
1423270 1206.4
1423280 1206.9
1423290 1207.0
1423300 1207.0
1423310 1205.9
1423320 1203.7
1423330 1203.7
1423340 1200.2
1423350 1195.0
1423360 1195.0
1423370 1189.3
1423380 1183.8
1423390 1183.8
1423400 1177.7
1423410 1170.8
1423420 1170.8
1423430 1164.3
1423440 1159.2
1423450 1159.2
1423460 1157.0
1423470 1154.7
1423480 1154.7
1423490 1150.8
1423500 1144.2
1423510 1144.2
1423520 1137.4
1423530 1132.5
1423540 1128.2
1423550 1128.2
1423560 1119.8
1423570 1107.1
1423580 1107.1
1423590 1096.3
1423600 1087.4
1423610 1087.4
1423620 1078.7
1423630 1070.2
1423640 1070.2
1423650 1061.9
1423660 1053.1
1423670 1053.1
1423680 1045.5
1423690 1037.9
1423700 1037.9
1423710 1030.6
1423720 1023.7
1423730 1023.7
1423740 1017.0
1423750 1010.6
1423760 1010.6
1423770 1003.4
1423780 999.6
1423790 999.6
1423800 994.7
1423810 988.8
1423820 988.8
1423830 984.9
1423840 980.8
1423850 980.8
1423860 979.2
1423870 979.2
1423880 977.2
1423890 977.2
1423900 971.7
1423910 964.0
1423920 964.0
1423930 957.3
1423940 951.1
1423950 951.1
1423960 944.6
1423970 937.2
1423980 937.2
1423990 928.8
1424000 920.3
1424010 920.3
1424020 914.9
1424030 909.8
1424040 909.8
1424050 903.2
1424060 898.0
1424070 898.0
1424080 896.7
1424090 896.0
1424100 896.0
1424110 897.4
1424120 904.7
1424130 904.7
1424140 917.2
1424150 930.7
1424160 930.7
1424170 940.4
1424180 950.5
1424190 960.7
1424200 960.7
1424210 969.6
1424220 977.7
1424230 977.7
1424240 986.0
1424250 994.5
1424260 994.5
1424270 1003.7
1424280 1012.8
1424290 1012.8
1424300 1022.5
1424310 1033.1
1424320 1033.1
1424330 1043.9
1424340 1052.0
1424350 1052.0
1424360 1058.3
1424370 1063.7
1424380 1063.7
1424390 1069.2
1424400 1075.0
1424410 1075.0
1424420 1082.1
1424430 1089.1
1424440 1089.1
1424450 1094.6
1424460 1100.5
1424470 1100.5
1424480 1106.6
1424490 1112.6
1424500 1118.2
1424510 1118.2
1424520 1122.9
1424530 1126.5
1424540 1126.5
1424550 1129.2
1424560 1132.1
1424570 1132.1
1424580 1135.8
1424590 1140.5
1424600 1140.5
1424610 1145.7
1424620 1151.2
1424630 1151.2
1424640 1155.8
1424650 1159.1
1424660 1159.1
1424670 1162.9
1424680 1167.9
1424690 1167.9
1424700 1172.3
1424710 1175.8
1424720 1175.8
1424730 1181.3
1424740 1187.0
1424750 1187.0
1424760 1191.2
1424770 1193.4
1424780 1193.4
1424790 1197.0
1424800 1200.6
1424810 1201.1
1424820 1201.1
1424830 1199.6
1424840 1198.1
1424850 1198.1
1424860 1195.9
1424870 1194.2
1424880 1194.2
1424890 1192.6
1424900 1190.5
1424910 1190.5
1424920 1188.5
1424930 1185.5
1424940 1185.5
1424950 1182.9
1424960 1179.9
1424970 1179.9
1424980 1177.4
1424990 1175.2
1425000 1175.2
1425010 1172.4
1425020 1171.1
1425030 1171.1
1425040 1169.1
1425050 1165.6
1425060 1165.6
1425070 1160.7
1425080 1155.7
1425090 1155.7
1425100 1150.1
1425110 1144.1
1425120 1144.1
1425130 1137.6
1425140 1133.8
1425150 1134.7
1425160 1134.7
1425170 1136.0
1425180 1136.8
1425190 1136.8
1425200 1136.3
1425210 1135.6
1425220 1135.6
1425230 1137.0
1425240 1139.4
1425250 1139.4
1425260 1139.7
1425270 1134.8
1425280 1134.8
1425290 1133.5
1425300 1129.1
1425310 1129.1
1425320 1124.5
1425330 1121.2
1425340 1121.2
1425350 1118.2
1425360 1115.0
1425370 1115.0
1425380 1110.8
1425390 1102.4
1425400 1102.4
1425410 1090.5
1425420 1083.2
1425430 1083.2
1425440 1072.1
1425450 1064.1
1425460 1059.0
1425470 1059.0
1425480 1062.0
1425490 1057.2
1425500 1057.2
1425510 1043.6
1425520 1032.6
1425530 1032.6
1425540 1048.9
1425550 1056.0
1425560 1056.0
1425570 1056.8
1425580 1055.1
1425590 1055.1
1425600 1061.5
1425610 1062.3
1425620 1062.3
1425630 1062.7
1425640 1062.1
1425650 1062.1
1425660 1060.8
1425670 1058.6
1425680 1058.6
1425690 1054.8
1425700 1051.7
1425710 1051.7
1425720 1053.2
1425730 1054.4
1425740 1054.4
1425750 1053.8
1425760 1052.9
1425770 1052.3
1425780 1052.3
1425790 1051.9
1425800 1051.5
1425810 1051.5
1425820 1050.4
1425830 1049.7
1425840 1049.7
1425850 1048.1
1425860 1046.3
1425870 1046.3
1425880 1043.2
1425890 1039.6
1425900 1039.6
1425910 1036.5
1425920 1033.9
1425930 1033.9
1425940 1031.1
1425950 1028.0
1425960 1028.0
1425970 1025.6
1425980 1022.5
1425990 1022.5
1426000 1017.8
1426010 1015.0
1426020 1015.0
1426030 1011.1
1426040 1006.4
1426050 1006.4
1426060 1001.2
1426070 996.4
1426080 996.4
1426090 992.9
1426100 989.1
1426110 983.2
1426120 983.2
1426130 974.8
1426140 967.6
1426150 967.6
1426160 960.8
1426170 953.5
1426180 953.5
1426190 945.6
1426200 939.7
1426210 939.7
1426220 934.2
1426230 927.5
1426240 927.5
1426250 919.8
1426260 912.5
1426270 912.5
1426280 906.0
1426290 899.4
1426300 899.4
1426310 891.7
1426320 883.5
1426330 883.5
1426340 876.0
1426350 868.8
1426360 868.8
1426370 861.2
1426380 852.2
1426390 852.2
1426400 843.6
1426410 839.1
1426420 840.2
1426430 840.2
1426440 843.5
1426450 845.6
1426460 845.6
1426470 842.1
1426480 837.3
1426490 837.3
1426500 832.6
1426510 827.6
1426520 827.6
1426530 821.9
1426540 817.1
1426550 817.1
1426560 814.6
1426570 811.4
1426580 811.4
1426590 807.8
1426600 804.0
1426610 804.0
1426620 799.3
1426630 795.8
1426640 795.8
1426650 794.6
1426660 791.2
1426670 791.2
1426680 788.0
1426690 785.4
1426700 785.4
1426710 782.5
1426720 777.8
1426730 771.2
1426740 771.2
1426750 765.6
1426760 761.7
1426770 761.7
1426780 757.8
1426790 753.3
1426800 753.3
1426810 748.9
1426820 744.6
1426830 744.6
1426840 741.2
1426850 739.5
1426860 739.5
1426870 738.8
1426880 735.5
1426890 735.5
1426900 729.5
1426910 723.6
1426920 723.6
1426930 719.2
1426940 715.8
1426950 715.8
1426960 712.9
1426970 710.6
1426980 710.6
1426990 707.8
1427000 706.0
1427010 706.0
1427020 705.6
1427030 705.5
1427040 705.5
1427050 705.8
1427060 706.0
1427070 706.2
1427080 706.2
1427090 706.2
1427100 706.2
1427110 706.2
1427120 706.2
1427130 706.2
1427140 706.2
1427150 706.0
1427160 705.7
1427170 705.7
1427180 705.2
1427190 705.9
1427200 705.9
1427210 706.3
1427220 706.3
1427230 706.3
1427240 706.2
1427250 706.1
1427260 706.1
1427270 706.1
1427280 706.0
1427290 706.0
1427300 706.1
1427310 706.0
1427320 706.0
1427330 706.1
1427340 706.1
1427350 706.1
1427360 706.0
1427370 706.0
1427380 706.1
1427390 706.1
1427400 706.2
1427410 706.3
1427420 706.3
1427430 707.6
1427440 706.9
1427450 706.9
1427460 705.2
1427470 705.1
1427480 705.1
1427490 706.9
1427500 707.6
1427510 707.6
1427520 706.3
1427530 706.2
1427540 706.2
1427550 706.1
1427560 706.0
1427570 706.0
1427580 705.9
1427590 705.7
1427600 705.7
1427610 705.6
1427620 705.5
1427630 705.5
1427640 705.4
1427650 705.3
1427660 705.3
1427670 705.2
1427680 705.2
1427690 705.1
1427700 705.1
1427710 705.1
1427720 705.0
1427730 705.0
1427740 705.2
1427750 705.2
1427760 705.2
1427770 705.1
1427780 705.2
1427790 705.2
1427800 705.2
1427810 705.2
1427820 705.2
1427830 705.4
1427840 705.5
1427850 705.5
1427860 705.5
1427870 705.3
1427880 705.3
1427890 705.3
1427900 705.4
1427910 705.4
1427920 705.3
1427930 705.3
1427940 705.3
1427950 705.4
1427960 705.5
1427970 705.5
1427980 705.6
1427990 705.6
1428000 705.6
1428010 705.7
1428020 705.7
1428030 705.6
1428040 705.6
1428050 705.5
1428060 705.4
1428070 705.4
1428080 705.5
1428090 705.5
1428100 705.5
1428110 705.2
1428120 705.5
1428130 705.5
1428140 706.0
1428150 705.6
1428160 705.6
1428170 705.6
1428180 705.5
1428190 705.5
1428200 705.4
1428210 705.4
1428220 705.4
1428230 705.3
1428240 705.3
1428250 705.3
1428260 705.3
1428270 705.2
1428280 705.2
1428290 705.3
1428300 705.4
1428310 705.4
1428320 705.5
1428330 705.4
1428340 705.5
1428350 705.5
1428360 705.4
1428370 705.1
1428380 705.1
1428390 705.8
1428400 706.1
1428410 706.1
1428420 706.5
1428430 707.3
1428440 707.3
1428450 708.8
1428460 710.4
1428470 710.4
1428480 712.0
1428490 713.7
1428500 713.7
1428510 715.5
1428520 717.5
1428530 717.5
1428540 719.4
1428550 721.4
1428560 721.4
1428570 723.3
1428580 725.2
1428590 725.2
1428600 727.6
1428610 731.0
1428620 731.0
1428630 733.4
1428640 735.4
1428650 739.0
1428660 739.0
1428670 744.6
1428680 749.7
1428690 749.7
1428700 753.0
1428710 754.0
1428720 754.0
1428730 754.8
1428740 754.9
1428750 754.9
1428760 754.8
1428770 754.9
1428780 754.9
1428790 755.2
1428800 755.9
1428810 755.9
1428820 758.5
1428830 762.1
1428840 762.1
1428850 766.5
1428860 770.4
1428870 770.4
1428880 774.8
1428890 779.0
1428900 779.0
1428910 783.5
1428920 788.1
1428930 788.1
1428940 792.8
1428950 798.1
1428960 798.1
1428970 803.7
1428980 809.3
1428990 814.3
1429000 814.3
1429010 818.2
1429020 819.4
1429030 819.4
1429040 820.7
1429050 824.0
1429060 824.0
1429070 828.3
1429080 833.2
1429090 833.2
1429100 838.0
1429110 842.4
1429120 842.4
1429130 847.4
1429140 852.3
1429150 852.3
1429160 854.8
1429170 856.2
1429180 856.2
1429190 857.5
1429200 858.2
1429210 858.2
1429220 859.6
1429230 861.1
1429240 861.1
1429250 862.5
1429260 864.3
1429270 864.3
1429280 865.8
1429290 867.9
1429300 871.0
1429310 871.0
1429320 874.5
1429330 877.8
1429340 877.8
1429350 882.2
1429360 887.4
1429370 887.4
1429380 892.3
1429390 897.5
1429400 897.5
1429410 903.1
1429420 908.5
1429430 908.5
1429440 913.9
1429450 918.7
1429460 918.7
1429470 923.8
1429480 929.1
1429490 929.1
1429500 934.6
1429510 941.5
1429520 941.5
1429530 949.2
1429540 959.0
1429550 959.0
1429560 963.1
1429570 965.7
1429580 965.7
1429590 971.3
1429600 977.9
1429610 983.5
1429620 983.5
1429630 989.0
1429640 995.6
1429650 995.6
1429660 999.9
1429670 1005.8
1429680 1005.8
1429690 1013.4
1429700 1020.5
1429710 1020.5
1429720 1027.2
1429730 1034.8
1429740 1034.8
1429750 1036.2
1429760 1039.6
1429770 1039.6
1429780 1042.8
1429790 1045.9
1429800 1045.9
1429810 1048.4
1429820 1051.5
1429830 1051.5
1429840 1056.1
1429850 1061.2
1429860 1061.2
1429870 1066.4
1429880 1072.1
1429890 1072.1
1429900 1078.5
1429910 1085.5
1429920 1085.5
1429930 1090.1
1429940 1092.5
1429950 1099.9
1429960 1099.9
1429970 1103.3
1429980 1107.4
1429990 1107.4
1430000 1112.9
1430010 1120.8
1430020 1120.8
1430030 1127.9
1430040 1127.2
1430050 1127.2
1430060 1127.5
1430070 1129.7
1430080 1129.7
1430090 1131.0
1430100 1130.6
1430110 1130.6
1430120 1131.6
1430130 1136.9
1430140 1136.9
1430150 1145.9
1430160 1155.1
1430170 1155.1
1430180 1159.4
1430190 1158.6
1430200 1158.6
1430210 1157.5
1430220 1155.5
1430230 1155.5
1430240 1154.6
1430250 1161.7
1430260 1168.6
1430270 1168.6
1430280 1174.2
1430290 1182.1
1430300 1182.1
1430310 1190.4
1430320 1199.0
1430330 1199.0
1430340 1208.6
1430350 1219.6
1430360 1219.6
1430370 1227.5
1430380 1231.9
1430390 1231.9
1430400 1236.6
1430410 1242.7
1430420 1242.7
1430430 1245.4
1430440 1247.6
1430450 1247.6
1430460 1252.3
1430470 1255.4
1430480 1255.4
1430490 1257.4
1430500 1259.5
1430510 1259.5
1430520 1259.2
1430530 1260.0
1430540 1260.0
1430550 1262.1
1430560 1264.7
1430570 1266.9
1430580 1266.9
1430590 1268.1
1430600 1270.5
1430610 1270.5
1430620 1274.1
1430630 1277.5
1430640 1277.5
1430650 1281.0
1430660 1284.9
1430670 1284.9
1430680 1289.1
1430690 1291.7
1430700 1291.7
1430710 1294.4
1430720 1297.1
1430730 1297.1
1430740 1297.5
1430750 1298.7
1430760 1298.7
1430770 1301.9
1430780 1305.3
1430790 1305.3
1430800 1308.2
1430810 1312.0
1430820 1312.0
1430830 1313.8
1430840 1313.9
1430850 1313.9
1430860 1315.1
1430870 1316.9
1430880 1316.9
1430890 1319.1
1430900 1321.0
1430910 1320.8
1430920 1320.8
1430930 1319.9
1430940 1318.2
1430950 1318.2
1430960 1317.4
1430970 1318.4
1430980 1318.4
1430990 1318.7
1431000 1318.7
1431010 1318.7
1431020 1318.9
1431030 1318.5
1431040 1318.5
1431050 1317.6
1431060 1317.5
1431070 1317.5
1431080 1316.7
1431090 1315.9
1431100 1315.9
1431110 1314.0
1431120 1311.9
1431130 1311.9
1431140 1311.6
1431150 1313.8
1431160 1313.8
1431170 1315.7
1431180 1315.4
1431190 1315.4
1431200 1314.3
1431210 1313.5
1431220 1311.9
1431230 1311.9
1431240 1310.1
1431250 1310.0
1431260 1310.0
1431270 1309.6
1431280 1309.8
1431290 1309.8
1431300 1311.1
1431310 1313.4
1431320 1313.4
1431330 1314.2
1431340 1315.6
1431350 1315.6
1431360 1316.6
1431370 1317.7
1431380 1317.7
1431390 1318.4
1431400 1319.7
1431410 1319.7
1431420 1320.4
1431430 1321.3
1431440 1321.3
1431450 1323.0
1431460 1325.3
1431470 1325.3
1431480 1325.7
1431490 1324.5
1431500 1324.5
1431510 1322.4
1431520 1320.4
1431530 1318.0
1431540 1318.0
1431550 1314.6
1431560 1312.6
1431570 1312.6
1431580 1312.0
1431590 1311.6
1431600 1311.6
1431610 1310.8
1431620 1311.0
1431630 1311.0
1431640 1310.5
1431650 1309.7
1431660 1309.7
1431670 1309.3
1431680 1307.8
1431690 1307.8
1431700 1306.0
1431710 1305.2
1431720 1305.2
1431730 1304.7
1431740 1303.6
1431750 1303.6
1431760 1302.6
1431770 1301.5
1431780 1301.5
1431790 1303.1
1431800 1306.5
1431810 1306.5
1431820 1309.0
1431830 1314.7
1431840 1316.3
1431850 1316.3
1431860 1315.5
1431870 1313.8
1431880 1313.8
1431890 1313.4
1431900 1318.2
1431910 1318.2
1431920 1320.8
1431930 1324.2
1431940 1324.2
1431950 1326.0
1431960 1329.7
1431970 1329.7
1431980 1330.1
1431990 1330.9
1432000 1330.9
1432010 1333.0
1432020 1334.2
1432030 1334.2
1432040 1335.1
1432050 1335.9
1432060 1335.9
1432070 1337.5
1432080 1340.4
1432090 1340.4
1432100 1342.7
1432110 1344.0
1432120 1344.0
1432130 1341.7
1432140 1342.2
1432150 1342.2
1432160 1343.5
1432170 1345.8
1432180 1348.0
1432190 1348.0
1432200 1348.5
1432210 1346.7
1432220 1346.7
1432230 1343.3
1432240 1340.1
1432250 1340.1
1432260 1337.7
1432270 1335.2
1432280 1335.2
1432290 1332.3
1432300 1330.2
1432310 1330.2
1432320 1328.9
1432330 1328.1
1432340 1328.1
1432350 1327.1
1432360 1325.2
1432370 1325.2
1432380 1321.8
1432390 1317.8
1432400 1317.8
1432410 1313.8
1432420 1310.6
1432430 1310.6
1432440 1308.6
1432450 1307.1
1432460 1307.1
1432470 1304.7
1432480 1301.1
1432490 1298.6
1432500 1298.6
1432510 1297.6
1432520 1300.7
1432530 1300.7
1432540 1308.5
1432550 1311.2
1432560 1311.2
1432570 1309.6
1432580 1305.7
1432590 1305.7
1432600 1305.4
1432610 1309.2
1432620 1309.2
1432630 1309.0
1432640 1307.0
1432650 1307.0
1432660 1308.7
1432670 1306.2
1432680 1306.2
1432690 1304.1
1432700 1300.6
1432710 1300.6
1432720 1294.7
1432730 1295.5
1432740 1295.5
1432750 1302.4
1432760 1304.7
1432770 1304.7
1432780 1309.0
1432790 1316.6
1432800 1319.4
1432810 1319.4
1432820 1318.0
1432830 1318.4
1432840 1318.4
1432850 1315.2
1432860 1312.6
1432870 1312.6
1432880 1312.9
1432890 1316.5
1432900 1316.5
1432910 1319.5
1432920 1318.5
1432930 1318.5
1432940 1316.5
1432950 1319.9
1432960 1319.9
1432970 1325.3
1432980 1329.2
1432990 1329.2
1433000 1333.9
1433010 1339.2
1433020 1339.2
1433030 1344.2
1433040 1350.4
1433050 1350.4
1433060 1357.6
1433070 1365.1
1433080 1365.1
1433090 1372.1
1433100 1375.7
1433110 1375.7
1433120 1376.3
1433130 1377.2
1433140 1381.1
1433150 1381.1
1433160 1388.7
1433170 1394.5
1433180 1394.5
1433190 1400.5
1433200 1406.0
1433210 1406.0
1433220 1412.2
1433230 1418.3
1433240 1418.3
1433250 1424.2
1433260 1432.1
1433270 1432.1
1433280 1437.5
1433290 1443.5
1433300 1443.5
1433310 1449.9
1433320 1456.6
1433330 1456.6
1433340 1463.7
1433350 1473.9
1433360 1473.9
1433370 1482.8
1433380 1492.0
1433390 1492.0
1433400 1501.9
1433410 1504.2
1433420 1504.2
1433430 1509.6
1433440 1516.5
1433450 1522.2
1433460 1522.2
1433470 1528.4
1433480 1535.2
1433490 1535.2
1433500 1542.6
1433510 1550.0
1433520 1550.0
1433530 1557.7
1433540 1564.4
1433550 1564.4
1433560 1570.8
1433570 1577.1
1433580 1577.1
1433590 1583.1
1433600 1588.5
1433610 1588.5
1433620 1593.4
1433630 1598.8
1433640 1598.8
1433650 1605.2
1433660 1610.2
1433670 1610.2
1433680 1615.4
1433690 1620.7
1433700 1620.7
1433710 1626.7
1433720 1632.4
1433730 1632.4
1433740 1638.4
1433750 1645.2
1433760 1650.9
1433770 1650.9
1433780 1653.0
1433790 1656.5
1433800 1656.5
1433810 1660.5
1433820 1665.8
1433830 1665.8
1433840 1671.3
1433850 1677.2
1433860 1677.2
1433870 1682.8
1433880 1689.3
1433890 1689.3
1433900 1696.2
1433910 1702.8
1433920 1702.8
1433930 1710.0
1433940 1717.6
1433950 1717.6
1433960 1724.8
1433970 1731.1
1433980 1731.1
1433990 1737.1
1434000 1744.8
1434010 1744.8
1434020 1753.8
1434030 1764.8
1434040 1764.8
1434050 1771.9
1434060 1777.0
1434070 1777.0
1434080 1780.9
1434090 1788.1
1434100 1794.5
1434110 1794.5
1434120 1801.8
1434130 1811.6
1434140 1811.6
1434150 1819.7
1434160 1829.3
1434170 1829.3
1434180 1835.1
1434190 1840.7
1434200 1840.7
1434210 1852.5
1434220 1864.4
1434230 1864.4
1434240 1872.8
1434250 1881.2
1434260 1881.2
1434270 1889.8
1434280 1898.0
1434290 1898.0
1434300 1905.4
1434310 1913.5
1434320 1913.5
1434330 1922.8
1434340 1931.6
1434350 1931.6
1434360 1939.1
1434370 1946.5
1434380 1946.5
1434390 1955.3
1434400 1961.6
1434410 1968.1
1434420 1968.1
1434430 1975.9
1434440 1982.4
1434450 1982.4
1434460 1989.6
1434470 1996.0
1434480 1996.0
1434490 2003.3
1434500 2010.2
1434510 2010.2
1434520 2016.8
1434530 2023.4
1434540 2023.4
1434550 2030.2
1434560 2036.8
1434570 2036.8
1434580 2047.0
1434590 2058.4
1434600 2058.4
1434610 2071.4
1434620 2084.9
1434630 2085.4
1434640 2100.0
1434650 2122.1
1434660 2122.1
1434670 2136.3
1434680 2156.0
1434690 2156.0
1434700 2161.1
1434710 2157.8
1434720 2157.9
1434730 2157.9
1434740 2159.9
1434750 2159.2
1434760 2159.2
1434770 2162.5
1434780 2166.0
1434790 2166.0
1434800 2183.2
1434810 2201.9
1434820 2201.9
1434830 2219.9
1434840 2236.1
1434850 2236.1
1434860 2255.7
1434870 2272.0
1434880 2272.0
1434890 2281.6
1434900 2282.8
1434910 2282.8
1434920 2292.6
1434930 2290.8
1434940 2290.8
1434950 2279.0
1434960 2270.2
1434970 2270.2
1434980 2263.4
1434990 2258.7
1435000 2258.7
1435010 2254.2
1435020 2247.9
1435030 2247.9
1435040 2240.4
1435050 2234.3
1435060 2227.1
1435070 2227.1
1435080 2217.9
1435090 2210.4
1435100 2210.4
1435110 2202.0
1435120 2189.5
1435130 2189.5
1435140 2178.0
1435150 2165.7
1435160 2165.7
1435170 2155.3
1435180 2155.4
1435190 2155.4
1435200 2150.6
1435210 2142.7
1435220 2142.7
1435230 2135.1
1435240 2126.6
1435250 2126.6
1435260 2118.4
1435270 2114.2
1435280 2114.2
1435290 2115.7
1435300 2121.1
1435310 2121.1
1435320 2117.4
1435330 2112.2
1435340 2112.2
1435350 2107.5
1435360 2102.0
1435370 2095.8
1435380 2095.8
1435390 2090.4
1435400 2086.3
1435410 2086.3
1435420 2073.3
1435430 2065.5
1435440 2065.5
1435450 2058.4
1435460 2055.5
1435470 2055.5
1435480 2054.8
1435490 2053.6
1435500 2053.6
1435510 2052.1
1435520 2050.5
1435530 2050.5
1435540 2050.0
1435550 2054.9
1435560 2054.9
1435570 2064.5
1435580 2079.7
1435590 2079.7
1435600 2089.7
1435610 2098.5
1435620 2098.5
1435630 2105.1
1435640 2105.7
1435650 2105.7
1435660 2101.6
1435670 2105.8
1435680 2105.0
1435690 2105.0
1435700 2109.6
1435710 2112.6
1435720 2112.6
1435730 2111.5
1435740 2112.6
1435750 2112.6
1435760 2115.3
1435770 2123.8
1435780 2123.8
1435790 2134.7
1435800 2135.6
1435810 2135.6
1435820 2129.0
1435830 2140.7
1435840 2140.7
1435850 2149.2
1435860 2145.0
1435870 2145.0
1435880 2151.1
1435890 2159.0
1435900 2159.0
1435910 2176.4
1435920 2199.9
1435930 2199.9
1435940 2218.0
1435950 2228.9
1435960 2228.9
1435970 2243.3
1435980 2244.1
1435990 2244.1
1436000 2249.5
1436010 2251.8
1436020 2262.2
1436030 2262.2
1436040 2272.7
1436050 2278.8
1436060 2278.8
1436070 2284.2
1436080 2296.7
1436090 2296.7
1436100 2310.5
1436110 2321.7
1436120 2321.7
1436130 2328.2
1436140 2336.2
1436150 2336.2
1436160 2347.3
1436170 2359.4
1436180 2359.4
1436190 2364.0
1436200 2375.7
1436210 2375.7
1436220 2393.5
1436230 2410.7
1436240 2410.7
1436250 2429.6
1436260 2442.9
1436270 2442.9
1436280 2418.7
1436290 2402.7
1436300 2402.7
1436310 2397.6
1436320 2390.8
1436330 2383.9
1436340 2383.9
1436350 2378.1
1436360 2373.5
1436370 2373.5
1436380 2371.9
1436390 2369.5
1436400 2369.5
1436410 2364.7
1436420 2362.8
1436430 2362.8
1436440 2360.1
1436450 2355.0
1436460 2355.0
1436470 2346.4
1436480 2331.5
1436490 2331.5
1436500 2323.4
1436510 2317.9
1436520 2317.9
1436530 2311.2
1436540 2305.5
1436550 2305.5
1436560 2300.7
1436570 2298.3
1436580 2298.3
1436590 2295.3
1436600 2292.1
1436610 2292.1
1436620 2289.7
1436630 2287.1
1436640 2283.9
1436650 2283.9
1436660 2280.1
1436670 2276.5
1436680 2276.5
1436690 2274.3
1436700 2272.8
1436710 2272.8
1436720 2270.6
1436730 2269.8
1436740 2269.8
1436750 2269.6
1436760 2271.0
1436770 2271.0
1436780 2271.8
1436790 2272.7
1436800 2272.7
1436810 2274.2
1436820 2276.6
1436830 2276.6
1436840 2275.5
1436850 2275.5
1436860 2275.5
1436870 2274.7
1436880 2273.7
1436890 2273.7
1436900 2272.9
1436910 2274.6
1436920 2274.6
1436930 2275.1
1436940 2275.9
1436950 2274.1
1436960 2274.1
1436970 2275.9
1436980 2276.9
1436990 2276.9
1437000 2274.3
1437010 2270.5
1437020 2270.5
1437030 2264.3
1437040 2259.3
1437050 2259.3
1437060 2256.9
1437070 2254.9
1437080 2254.9
1437090 2254.1
1437100 2252.0
1437110 2252.0
1437120 2250.5
1437130 2248.6
1437140 2248.6
1437150 2245.8
1437160 2245.2
1437170 2245.2
1437180 2243.7
1437190 2241.0
1437200 2241.0
1437210 2240.8
1437220 2240.5
1437230 2240.5
1437240 2236.6
1437250 2232.5
1437260 2225.5
1437270 2219.7
1437280 2209.0
1437290 2199.7
1437300 2199.7
1437310 2191.0
1437320 2174.1
1437330 2174.1
1437340 2167.8
1437350 2166.7
1437360 2166.7
1437370 2163.8
1437380 2160.9
1437390 2160.9
1437400 2159.6
1437410 2159.4
1437420 2159.4
1437430 2159.1
1437440 2157.4
1437450 2157.4
1437460 2157.7
1437470 2157.8
1437480 2157.8
1437490 2156.1
1437500 2156.4
1437510 2156.4
1437520 2157.6
1437530 2163.2
1437540 2163.2
1437550 2164.9
1437560 2164.7
1437570 2164.7
1437580 2162.9
1437590 2168.1
1437600 2175.0
1437610 2175.0
1437620 2178.2
1437630 2179.5
1437640 2179.5
1437650 2179.8
1437660 2180.8
1437670 2180.8
1437680 2184.6
1437690 2188.1
1437700 2188.1
1437710 2191.6
1437720 2194.3
1437730 2194.3
1437740 2196.0
1437750 2197.6
1437760 2197.6
1437770 2197.4
1437780 2194.8
1437790 2194.8
1437800 2191.9
1437810 2188.1
1437820 2188.1
1437830 2186.2
1437840 2183.3
1437850 2183.3
1437860 2183.1
1437870 2184.3
1437880 2184.3
1437890 2185.0
1437900 2184.4
1437910 2182.1
1437920 2182.1
1437930 2182.8
1437940 2182.1
1437950 2182.1
1437960 2178.8
1437970 2176.4
1437980 2176.4
1437990 2173.4
1438000 2171.1
1438010 2171.1
1438020 2168.8
1438030 2166.1
1438040 2166.1
1438050 2164.7
1438060 2163.8
1438070 2163.8
1438080 2161.7
1438090 2161.2
1438100 2161.2
1438110 2159.2
1438120 2156.9
1438130 2156.9
1438140 2153.6
1438150 2145.6
1438160 2145.6
1438170 2141.9
1438180 2140.2
1438190 2140.2
1438200 2139.7
1438210 2137.4
1438220 2137.4
1438230 2136.8
1438240 2135.9
1438250 2134.6
1438260 2134.6
1438270 2135.0
1438280 2133.9
1438290 2133.9
1438300 2131.2
1438310 2128.7
1438320 2128.7
1438330 2128.8
1438340 2129.6
1438350 2129.6
1438360 2130.3
1438370 2131.6
1438380 2131.6
1438390 2133.6
1438400 2136.2
1438410 2136.2
1438420 2139.1
1438430 2141.0
1438440 2141.0
1438450 2143.3
1438460 2144.2
1438470 2144.2
1438480 2144.8
1438490 2143.7
1438500 2143.7
1438510 2142.4
1438520 2144.3
1438530 2144.3
1438540 2144.3
1438550 2144.8
1438560 2150.2
1438570 2150.2
1438580 2157.3
1438590 2159.9
1438600 2159.9
1438610 2160.7
1438620 2159.7
1438630 2159.7
1438640 2159.7
1438650 2159.5
1438660 2159.5
1438670 2158.8
1438680 2159.2
1438690 2159.2
1438700 2159.4
1438710 2160.5
1438720 2160.5
1438730 2163.8
1438740 2167.4
1438750 2167.4
1438760 2171.1
1438770 2174.6
1438780 2174.6
1438790 2178.2
1438800 2180.7
1438810 2180.7
1438820 2183.2
1438830 2186.8
1438840 2186.8
1438850 2191.8
1438860 2195.3
1438870 2196.9
1438880 2196.9
1438890 2199.3
1438900 2199.5
1438910 2199.5
1438920 2200.6
1438930 2202.2
1438940 2202.2
1438950 2203.7
1438960 2205.3
1438970 2205.3
1438980 2205.6
1438990 2207.1
1439000 2207.1
1439010 2207.8
1439020 2208.4
1439030 2208.4
1439040 2208.7
1439050 2209.1
1439060 2209.1
1439070 2209.6
1439080 2210.0
1439090 2210.0
1439100 2211.1
1439110 2211.7
1439120 2211.7
1439130 2213.2
1439140 2216.1
1439150 2216.1
1439160 2214.7
1439170 2211.6
1439180 2211.6
1439190 2209.2
1439200 2208.4
1439210 2207.6
1439220 2207.6
1439230 2206.0
1439240 2206.1
1439250 2206.1
1439260 2208.5
1439270 2210.1
1439280 2210.1
1439290 2210.3
1439300 2209.9
1439310 2209.9
1439320 2209.9
1439330 2209.8
1439340 2209.8
1439350 2208.9
1439360 2209.0
1439370 2209.0
1439380 2211.0
1439390 2212.4
1439400 2212.4
1439410 2212.8
1439420 2213.1
1439430 2213.1
1439440 2211.7
1439450 2209.7
1439460 2209.7
1439470 2209.7
1439480 2211.4
1439490 2211.4
1439500 2213.4
1439510 2216.5
1439520 2220.2
1439530 2220.2
1439540 2223.5
1439550 2226.4
1439560 2226.4
1439570 2228.8
1439580 2230.1
1439590 2230.1
1439600 2232.5
1439610 2236.4
1439620 2236.4
1439630 2240.9
1439640 2245.7
1439650 2245.7
1439660 2250.4
1439670 2258.6
1439680 2258.6
1439690 2267.6
1439700 2274.3
1439710 2274.3
1439720 2278.1
1439730 2285.5
1439740 2285.5
1439750 2293.2
1439760 2296.7
1439770 2296.7
1439780 2299.7
1439790 2307.0
1439800 2307.0
1439810 2315.6
1439820 2320.5
1439830 2324.5
1439840 2324.5
1439850 2330.1
1439860 2336.0
1439870 2336.0
1439880 2341.8
1439890 2347.5
1439900 2347.5
1439910 2353.5
1439920 2359.3
1439930 2359.3
1439940 2365.4
1439950 2371.7
1439960 2371.7
1439970 2378.2
1439980 2385.6
1439990 2385.6
