1420000 1430.4
1420010 1428.2
1420020 1430.8
1420030 1430.8
1420040 1428.5
1420050 1432.6
1420060 1442.7
1420070 1442.7
1420080 1446.6
1420090 1444.8
1420100 1444.8
1420110 1443.8
1420120 1444.9
1420130 1444.9
1420140 1440.9
1420150 1435.8
1420160 1435.8
1420170 1429.4
1420180 1426.9
1420190 1426.9
1420200 1423.5
1420210 1414.8
1420220 1414.8
1420230 1405.7
1420240 1400.1
1420250 1400.1
1420260 1403.1
1420270 1432.5
1420280 1432.5
1420290 1449.6
1420300 1462.1
1420310 1462.1
1420320 1475.0
1420330 1484.0
1420340 1484.0
1420350 1491.9
1420360 1499.2
1420370 1507.1
1420380 1507.1
1420390 1514.4
1420400 1519.6
1420410 1519.6
1420420 1525.5
1420430 1532.4
1420440 1532.4
1420450 1538.7
1420460 1546.7
1420470 1546.7
1420480 1557.7
1420490 1564.7
1420500 1564.7
1420510 1561.2
1420520 1554.8
1420530 1554.8
1420540 1548.3
1420550 1541.0
1420560 1541.0
1420570 1533.8
1420580 1528.6
1420590 1528.6
1420600 1523.7
1420610 1520.1
1420620 1520.1
1420630 1515.2
1420640 1510.9
1420650 1510.9
1420660 1508.4
1420670 1501.7
1420680 1494.0
1420690 1494.0
1420700 1489.2
1420710 1500.6
1420720 1500.6
1420730 1506.9
1420740 1512.4
1420750 1512.4
1420760 1523.0
1420770 1531.1
1420780 1531.1
1420790 1539.0
1420800 1547.7
1420810 1547.7
1420820 1562.4
1420830 1580.5
1420840 1580.5
1420850 1586.5
1420860 1587.1
1420870 1587.1
1420880 1589.5
1420890 1597.4
1420900 1597.4
1420910 1603.2
1420920 1603.6
1420930 1603.6
1420940 1606.6
1420950 1607.1
1420960 1607.1
1420970 1601.7
1420980 1595.9
1420990 1595.9
1421000 1590.7
1421010 1586.7
1421020 1583.5
1421030 1583.5
1421040 1579.7
1421050 1577.1
1421060 1577.1
1421070 1583.3
1421080 1588.5
1421090 1588.5
1421100 1593.2
1421110 1597.8
1421120 1597.8
1421130 1601.6
1421140 1605.2
1421150 1605.2
1421160 1609.5
1421170 1614.0
1421180 1614.0
1421190 1619.0
1421200 1623.4
1421210 1623.4
1421220 1628.3
1421230 1632.1
1421240 1632.1
1421250 1633.2
1421260 1630.8
1421270 1630.8
1421280 1625.9
1421290 1619.2
1421300 1619.2
1421310 1612.3
1421320 1605.7
1421330 1598.7
1421340 1598.7
1421350 1591.6
1421360 1583.7
1421370 1583.7
1421380 1576.1
1421390 1569.6
1421400 1569.6
1421410 1562.8
1421420 1554.6
1421430 1554.6
1421440 1547.3
1421450 1539.4
1421460 1539.4
1421470 1531.0
1421480 1523.1
1421490 1523.1
1421500 1516.9
1421510 1510.5
1421520 1510.5
1421530 1504.8
1421540 1499.0
1421550 1499.0
1421560 1493.8
1421570 1488.2
1421580 1488.2
1421590 1478.3
1421600 1466.4
1421610 1466.4
1421620 1464.5
1421630 1472.4
1421640 1472.4
1421650 1475.8
1421660 1474.8
1421670 1471.4
1421680 1471.4
1421690 1467.3
1421700 1464.4
1421710 1464.4
1421720 1460.7
1421730 1454.1
1421740 1454.1
1421750 1447.9
1421760 1441.5
1421770 1441.5
1421780 1437.3
1421790 1438.9
1421800 1438.9
1421810 1443.7
1421820 1443.7
1421830 1443.7
1421840 1441.6
1421850 1438.3
1421860 1438.3
1421870 1434.4
1421880 1430.6
1421890 1430.6
1421900 1428.5
1421910 1429.5
1421920 1429.5
1421930 1431.1
1421940 1431.1
1421950 1431.1
1421960 1430.8
1421970 1429.5
1421980 1427.2
1421990 1427.2
1422000 1423.7
1422010 1420.1
1422020 1420.1
1422030 1417.4
1422040 1414.9
1422050 1414.9
1422060 1412.9
1422070 1413.0
1422080 1413.0
1422090 1410.8
1422100 1408.4
1422110 1408.4
1422120 1408.3
1422130 1408.0
1422140 1408.0
1422150 1406.5
1422160 1406.7
1422170 1406.7
1422180 1406.1
1422190 1406.4
1422200 1406.4
1422210 1407.7
1422220 1408.0
1422230 1408.0
1422240 1408.5
1422250 1408.2
1422260 1408.2
1422270 1409.6
1422280 1412.4
1422290 1412.4
1422300 1413.4
1422310 1414.7
1422320 1415.9
1422330 1415.9
1422340 1416.8
1422350 1417.8
1422360 1417.8
1422370 1419.3
1422380 1420.8
1422390 1420.8
1422400 1422.5
1422410 1422.1
1422420 1422.1
1422430 1421.4
1422440 1421.0
1422450 1421.0
1422460 1420.7
1422470 1422.9
1422480 1422.9
1422490 1424.7
1422500 1427.3
1422510 1427.3
1422520 1427.9
1422530 1428.0
1422540 1428.0
1422550 1428.3
1422560 1428.4
1422570 1428.4
1422580 1427.9
1422590 1426.2
1422600 1426.2
1422610 1427.5
1422620 1427.7
1422630 1427.2
1422640 1427.2
1422650 1426.7
1422660 1425.9
1422670 1425.9
1422680 1424.9
1422690 1424.2
1422700 1424.2
1422710 1423.6
1422720 1423.0
1422730 1423.0
1422740 1423.3
1422750 1426.5
1422760 1426.5
1422770 1430.9
1422780 1435.6
1422790 1435.6
1422800 1439.2
1422810 1439.9
1422820 1439.9
1422830 1432.1
1422840 1423.8
1422850 1423.8
1422860 1414.8
1422870 1407.9
1422880 1407.9
1422890 1402.1
1422900 1395.5
1422910 1395.5
1422920 1389.2
1422930 1381.4
1422940 1372.6
1422950 1372.6
1422960 1365.4
1422970 1356.6
1422980 1356.6
1422990 1346.8
1423000 1336.9
1423010 1336.9
1423020 1327.8
1423030 1320.0
1423040 1320.0
1423050 1318.5
1423060 1313.9
1423070 1313.9
1423080 1305.9
1423090 1296.5
1423100 1296.5
1423110 1287.3
1423120 1279.9
1423130 1279.9
1423140 1270.5
1423150 1260.9
1423160 1260.9
1423170 1252.7
1423180 1245.1
1423190 1245.1
1423200 1239.2
1423210 1231.2
1423220 1231.2
1423230 1224.6
1423240 1222.1
1423250 1222.1
1423260 1222.3
1423270 1221.4
1423280 1217.5
1423290 1217.5
1423300 1202.9
1423310 1195.3
1423320 1195.3
1423330 1187.4
1423340 1181.1
1423350 1181.1
1423360 1178.8
1423370 1185.6
1423380 1185.6
1423390 1190.1
1423400 1190.7
1423410 1190.7
1423420 1198.4
1423430 1208.1
1423440 1208.1
1423450 1208.2
1423460 1196.7
1423470 1196.7
1423480 1187.5
1423490 1178.7
1423500 1178.7
1423510 1170.3
1423520 1170.4
1423530 1170.4
1423540 1174.2
1423550 1180.6
1423560 1180.6
1423570 1184.4
1423580 1189.9
1423590 1197.9
1423600 1197.9
1423610 1206.5
1423620 1225.3
1423630 1225.3
1423640 1234.1
1423650 1228.4
1423660 1228.4
1423670 1220.4
1423680 1212.2
1423690 1212.2
1423700 1204.9
1423710 1197.9
1423720 1197.9
1423730 1191.0
1423740 1185.2
1423750 1185.2
1423760 1177.8
1423770 1174.9
1423780 1174.9
1423790 1178.7
1423800 1185.0
1423810 1185.0
1423820 1185.8
1423830 1187.4
1423840 1187.4
1423850 1188.7
1423860 1189.4
1423870 1189.4
1423880 1191.3
1423890 1193.5
1423900 1193.5
1423910 1194.9
1423920 1194.2
1423930 1191.4
1423940 1191.4
1423950 1184.8
1423960 1176.9
1423970 1176.9
1423980 1181.2
1423990 1191.3
1424000 1191.3
1424010 1192.8
1424020 1190.9
1424030 1190.9
1424040 1194.8
1424050 1195.8
1424060 1195.8
1424070 1198.3
1424080 1208.8
1424090 1208.8
1424100 1229.6
1424110 1245.1
1424120 1245.1
1424130 1255.5
1424140 1264.2
1424150 1264.2
1424160 1280.1
1424170 1289.9
1424180 1289.9
1424190 1296.4
1424200 1299.3
1424210 1299.3
1424220 1300.7
1424230 1300.4
1424240 1297.9
1424250 1297.9
1424260 1294.3
1424270 1290.7
1424280 1290.7
1424290 1289.2
1424300 1292.6
1424310 1292.6
1424320 1298.6
1424330 1312.5
1424340 1312.5
1424350 1329.2
1424360 1348.6
1424370 1348.6
1424380 1360.7
1424390 1367.1
1424400 1367.1
1424410 1373.3
1424420 1374.6
1424430 1374.6
1424440 1370.7
1424450 1365.6
1424460 1365.6
1424470 1362.6
1424480 1364.1
1424490 1364.1
1424500 1362.6
1424510 1358.0
1424520 1358.0
1424530 1357.0
1424540 1361.4
1424550 1368.8
1424560 1368.8
1424570 1381.1
1424580 1395.9
1424590 1395.9
1424600 1401.9
1424610 1407.3
1424620 1407.3
1424630 1416.2
1424640 1425.8
1424650 1425.8
1424660 1430.7
1424670 1436.0
1424680 1436.0
1424690 1444.7
1424700 1455.6
1424710 1455.6
1424720 1457.0
1424730 1460.4
1424740 1460.4
1424750 1465.3
1424760 1473.5
1424770 1473.5
1424780 1483.0
1424790 1489.5
1424800 1489.5
1424810 1491.8
1424820 1492.0
1424830 1492.0
1424840 1487.7
1424850 1481.4
1424860 1481.4
1424870 1477.2
1424880 1479.8
1424890 1482.3
1424900 1482.3
1424910 1483.5
1424920 1484.0
1424930 1484.0
1424940 1487.2
1424950 1489.6
1424960 1489.6
1424970 1491.0
1424980 1492.4
1424990 1492.4
1425000 1494.2
1425010 1495.3
1425020 1495.3
1425030 1494.1
1425040 1492.8
1425050 1492.8
1425060 1492.0
1425070 1491.8
1425080 1491.8
1425090 1492.7
1425100 1490.5
1425110 1490.5
1425120 1487.5
1425130 1481.7
1425140 1481.7
1425150 1473.4
1425160 1466.8
1425170 1466.8
1425180 1460.7
1425190 1454.5
1425200 1449.1
1425210 1449.1
1425220 1448.5
1425230 1448.8
1425240 1448.8
1425250 1447.7
1425260 1446.8
1425270 1446.8
1425280 1450.6
1425290 1452.2
1425300 1452.2
1425310 1452.2
1425320 1450.8
1425330 1450.8
1425340 1450.7
1425350 1452.5
1425360 1452.5
1425370 1453.7
1425380 1455.0
1425390 1455.0
1425400 1458.3
1425410 1462.5
1425420 1463.9
1425430 1466.0
1425440 1468.9
1425450 1468.9
1425460 1472.5
1425470 1474.6
1425480 1474.6
1425490 1475.6
1425500 1474.6
1425510 1474.6
1425520 1472.2
1425530 1470.1
1425540 1465.3
1425550 1465.3
1425560 1462.5
1425570 1461.5
1425580 1461.5
1425590 1459.3
1425600 1455.0
1425610 1455.0
1425620 1451.0
1425630 1445.3
1425640 1445.3
1425650 1438.5
1425660 1433.4
1425670 1433.4
1425680 1430.6
1425690 1427.9
1425700 1427.9
1425710 1426.6
1425720 1424.3
1425730 1424.3
1425740 1416.4
1425750 1408.3
1425760 1408.3
1425770 1405.2
1425780 1405.6
1425790 1405.6
1425800 1400.5
1425810 1392.5
1425820 1392.5
1425830 1383.1
1425840 1375.4
1425850 1369.1
1425860 1369.1
1425870 1363.1
1425880 1353.7
1425890 1353.7
1425900 1344.3
1425910 1334.8
1425920 1334.8
1425930 1324.7
1425940 1316.3
1425950 1316.3
1425960 1309.0
1425970 1301.8
1425980 1301.8
1425990 1294.5
1426000 1287.0
1426010 1287.0
1426020 1283.6
1426030 1281.0
1426040 1281.0
1426050 1269.7
1426060 1259.7
1426070 1259.7
1426080 1251.2
1426090 1241.7
1426100 1241.7
1426110 1235.7
1426120 1235.7
1426130 1235.7
1426140 1228.7
1426150 1224.7
1426160 1224.7
1426170 1210.2
1426180 1206.1
1426190 1199.7
1426200 1199.7
1426210 1188.6
1426220 1180.6
1426230 1180.6
1426240 1175.2
1426250 1171.5
1426260 1171.5
1426270 1165.7
1426280 1157.5
1426290 1157.5
1426300 1151.0
1426310 1146.9
1426320 1146.9
1426330 1146.1
1426340 1145.0
1426350 1145.0
1426360 1135.3
1426370 1127.7
1426380 1127.7
1426390 1121.7
1426400 1115.2
1426410 1115.2
1426420 1105.5
1426430 1096.5
1426440 1096.5
1426450 1085.6
1426460 1070.3
1426470 1070.3
1426480 1060.1
1426490 1049.3
1426500 1036.9
1426510 1036.9
1426520 1028.1
1426530 1024.6
1426540 1024.6
1426550 1029.5
1426560 1035.0
1426570 1035.0
1426580 1041.0
1426590 1040.6
1426600 1040.6
1426610 1025.1
1426620 1016.9
1426630 1016.9
1426640 1006.8
1426650 1005.6
1426660 1005.6
1426670 1016.5
1426680 1019.3
1426690 1019.3
1426700 1017.8
1426710 1021.5
1426720 1021.5
1426730 1022.5
1426740 1019.8
1426750 1019.8
1426760 1018.9
1426770 1014.0
1426780 1014.0
1426790 1007.3
1426800 1006.3
1426810 1001.2
1426820 1001.2
1426830 1002.0
1426840 1002.8
1426850 1002.8
1426860 1004.5
1426870 1009.5
1426880 1009.5
1426890 1010.3
1426900 1009.4
1426910 1009.4
1426920 1009.7
1426930 1007.6
1426940 1007.6
1426950 1003.1
1426960 994.6
1426970 994.6
1426980 985.7
1426990 977.8
1427000 977.8
1427010 970.2
1427020 962.7
1427030 962.7
1427040 956.0
1427050 949.6
1427060 949.6
1427070 941.9
1427080 933.0
1427090 933.0
1427100 925.0
1427110 916.5
1427120 916.5
1427130 908.5
1427140 900.1
1427150 890.5
1427160 890.5
1427170 881.7
1427180 874.6
1427190 874.6
1427200 870.3
1427210 868.3
1427220 868.3
1427230 861.2
1427240 855.3
1427250 855.3
1427260 858.2
1427270 859.1
1427280 859.1
1427290 857.4
1427300 861.5
1427310 861.5
1427320 863.8
1427330 860.7
1427340 860.7
1427350 858.6
1427360 857.6
1427370 857.6
1427380 855.4
1427390 851.4
1427400 851.4
1427410 847.1
1427420 842.8
1427430 842.8
1427440 838.9
1427450 836.6
1427460 835.3
1427470 835.3
1427480 834.0
1427490 832.8
1427500 832.8
1427510 828.7
1427520 823.3
1427530 823.3
1427540 817.9
1427550 812.2
1427560 812.2
1427570 805.2
1427580 793.0
1427590 793.0
1427600 783.5
1427610 778.0
1427620 779.4
1427630 773.7
1427640 766.8
1427650 766.8
1427660 759.5
1427670 752.4
1427680 752.4
1427690 739.9
1427700 728.8
1427710 728.8
1427720 722.3
1427730 724.9
1427740 724.9
1427750 717.6
1427760 711.0
1427770 711.0
1427780 706.2
1427790 701.9
1427800 700.9
1427810 700.9
1427820 701.3
1427830 703.6
1427840 703.6
1427850 703.0
1427860 702.9
1427870 702.9
1427880 703.1
1427890 703.2
1427900 703.2
1427910 703.4
1427920 703.7
1427930 703.7
1427940 704.1
1427950 704.3
1427960 704.3
1427970 704.4
1427980 705.9
1427990 705.9
1428000 707.0
1428010 705.3
1428020 705.3
1428030 705.0
1428040 705.3
1428050 705.3
1428060 705.5
1428070 706.1
1428080 706.1
1428090 706.6
1428100 706.9
1428110 707.2
1428120 707.2
1428130 708.8
1428140 715.3
1428150 715.3
1428160 724.0
1428170 738.3
1428180 738.3
1428190 751.9
1428200 757.3
1428210 757.3
1428220 757.7
1428230 756.5
1428240 756.5
1428250 754.8
1428260 751.6
1428270 751.6
1428280 744.1
1428290 741.3
1428300 741.3
1428310 745.3
1428320 749.4
1428330 749.4
1428340 755.6
1428350 759.2
1428360 759.2
1428370 762.1
1428380 764.5
1428390 764.5
1428400 768.0
1428410 771.0
1428420 771.0
1428430 773.4
1428440 776.1
1428450 778.1
1428460 778.1
1428470 779.3
1428480 782.4
1428490 782.4
1428500 786.8
1428510 792.1
1428520 792.1
1428530 799.0
1428540 807.0
1428550 807.0
1428560 814.8
1428570 822.3
1428580 822.3
1428590 830.8
1428600 840.1
1428610 840.1
1428620 847.8
1428630 850.2
1428640 850.2
1428650 850.8
1428660 850.9
1428670 850.9
1428680 854.8
1428690 855.4
1428700 855.4
1428710 851.5
1428720 856.5
1428730 856.5
1428740 872.3
1428750 885.1
1428760 890.9
1428770 890.9
1428780 895.3
1428790 899.6
1428800 899.6
1428810 904.5
1428820 906.1
1428830 906.1
1428840 904.2
1428850 903.7
1428860 903.7
1428870 905.0
1428880 909.0
1428890 909.0
1428900 914.8
1428910 921.1
1428920 921.1
1428930 927.1
1428940 931.1
1428950 931.1
1428960 933.4
1428970 935.1
1428980 935.1
1428990 939.5
1429000 971.9
1429010 971.9
1429020 1004.9
1429030 1016.9
1429040 1016.9
1429050 1020.1
1429060 1017.7
1429070 1022.0
1429080 1022.0
1429090 1023.0
1429100 1020.9
1429110 1020.9
1429120 1017.8
1429130 1007.2
1429140 1007.2
1429150 1002.3
1429160 1000.8
1429170 1000.8
1429180 998.2
1429190 993.9
1429200 993.9
1429210 987.1
1429220 977.8
1429230 977.8
1429240 963.3
1429250 944.3
1429260 944.3
1429270 934.8
1429280 926.6
1429290 926.6
1429300 917.9
1429310 908.7
1429320 908.7
1429330 900.6
1429340 893.5
1429350 893.5
1429360 887.0
1429370 885.3
1429380 885.3
1429390 886.3
1429400 892.9
1429410 903.3
1429420 903.3
1429430 911.5
1429440 919.2
1429450 919.2
1429460 926.8
1429470 934.9
1429480 934.9
1429490 944.2
1429500 952.9
1429510 952.9
1429520 963.5
1429530 976.0
1429540 976.0
1429550 982.5
1429560 970.6
1429570 970.6
1429580 974.9
1429590 980.9
1429600 980.9
1429610 983.1
1429620 988.7
1429630 988.7
1429640 995.8
1429650 1000.2
1429660 1000.2
1429670 1003.2
1429680 1008.4
1429690 1008.4
1429700 1012.0
1429710 1016.2
1429720 1019.5
1429730 1019.5
1429740 1019.0
1429750 1018.1
1429760 1018.1
1429770 1015.8
1429780 1010.3
1429790 1010.3
1429800 1006.6
1429810 1002.3
1429820 1002.3
1429830 995.2
1429840 981.2
1429850 981.2
1429860 973.8
1429870 974.0
1429880 974.0
1429890 976.6
1429900 978.7
1429910 978.7
1429920 986.3
1429930 989.1
1429940 989.1
1429950 993.3
1429960 1001.8
1429970 1001.8
1429980 1012.0
1429990 1016.2
1430000 1016.2
1430010 1015.9
1430020 1018.7
1430030 1018.7
1430040 1018.8
1430050 1021.9
1430060 1023.0
1430070 1023.0
1430080 1025.9
1430090 1030.1
1430100 1030.1
1430110 1033.9
1430120 1037.5
1430130 1037.5
1430140 1040.7
1430150 1045.3
1430160 1045.3
1430170 1050.2
1430180 1048.8
1430190 1048.8
1430200 1041.3
1430210 1032.9
1430220 1032.9
1430230 1024.5
1430240 1013.2
1430250 1013.2
1430260 1002.0
1430270 987.5
1430280 987.5
1430290 981.1
1430300 980.6
1430310 980.6
1430320 984.2
1430330 989.7
1430340 989.7
1430350 991.9
1430360 990.5
1430370 989.5
1430380 989.5
1430390 988.1
1430400 985.7
1430410 985.7
1430420 985.5
1430430 990.5
1430440 990.5
1430450 989.9
1430460 989.7
1430470 989.7
1430480 993.4
1430490 997.4
1430500 997.4
1430510 999.0
1430520 1000.1
1430530 1000.1
1430540 998.8
1430550 1000.5
1430560 1000.5
1430570 1003.1
1430580 1004.7
1430590 1004.7
1430600 1006.5
1430610 1009.4
1430620 1009.4
1430630 1010.7
1430640 1011.4
1430650 1011.4
1430660 1011.4
1430670 1012.2
1430680 1013.4
1430690 1013.4
1430700 1014.7
1430710 1016.0
1430720 1016.0
1430730 1015.1
1430740 1012.6
1430750 1012.6
1430760 1009.3
1430770 1002.6
1430780 1002.6
1430790 996.2
1430800 991.5
1430810 991.5
1430820 987.5
1430830 984.0
1430840 984.0
1430850 980.5
1430860 974.0
1430870 974.0
1430880 970.3
1430890 964.1
1430900 964.1
1430910 959.1
1430920 955.3
1430930 955.3
1430940 952.1
1430950 943.9
1430960 943.9
1430970 933.4
1430980 936.2
1430990 936.2
1431000 942.6
1431010 948.0
1431020 953.3
1431030 953.3
1431040 958.3
1431050 963.2
1431060 963.2
1431070 967.5
1431080 972.4
1431090 972.4
1431100 977.7
1431110 982.6
1431120 982.6
1431130 987.3
1431140 992.3
1431150 992.3
1431160 997.8
1431170 1003.7
1431180 1003.7
1431190 1010.0
1431200 1016.2
1431210 1016.2
1431220 1022.8
1431230 1029.7
1431240 1029.7
1431250 1036.8
1431260 1044.0
1431270 1044.0
1431280 1051.0
1431290 1057.8
1431300 1057.8
1431310 1065.1
1431320 1073.8
1431330 1081.5
1431340 1081.5
1431350 1088.2
1431360 1096.6
1431370 1096.6
1431380 1103.4
1431390 1109.3
1431400 1109.3
1431410 1115.3
1431420 1124.2
1431430 1124.2
1431440 1133.7
1431450 1139.2
1431460 1139.2
1431470 1144.1
1431480 1149.4
1431490 1149.4
1431500 1155.1
1431510 1160.5
1431520 1160.5
1431530 1165.3
1431540 1169.0
1431550 1169.0
1431560 1171.9
1431570 1174.5
1431580 1174.5
1431590 1176.6
1431600 1180.3
1431610 1180.3
1431620 1185.4
1431630 1191.9
1431640 1191.9
1431650 1197.9
1431660 1204.2
1431670 1210.2
1431680 1210.2
1431690 1216.3
1431700 1223.3
1431710 1223.3
1431720 1232.8
1431730 1244.3
1431740 1244.3
1431750 1256.0
1431760 1267.2
1431770 1267.2
1431780 1277.5
1431790 1282.4
1431800 1282.4
1431810 1288.4
1431820 1297.5
1431830 1297.5
1431840 1306.6
1431850 1313.9
1431860 1313.9
1431870 1321.3
1431880 1331.0
1431890 1331.0
1431900 1336.9
1431910 1340.1
1431920 1340.1
1431930 1341.6
1431940 1342.2
1431950 1342.2
1431960 1343.8
1431970 1346.7
1431980 1348.7
1431990 1348.7
1432000 1350.2
1432010 1350.4
1432020 1350.4
1432030 1352.0
1432040 1354.4
1432050 1354.4
1432060 1354.7
1432070 1356.2
1432080 1356.2
1432090 1356.8
1432100 1357.2
1432110 1357.2
1432120 1357.3
1432130 1356.8
1432140 1356.8
1432150 1355.6
1432160 1359.5
1432170 1359.5
1432180 1363.7
1432190 1367.1
1432200 1367.1
1432210 1368.8
1432220 1368.6
1432230 1368.6
1432240 1367.2
1432250 1365.4
1432260 1365.4
1432270 1364.2
1432280 1363.8
1432290 1363.8
1432300 1363.2
1432310 1366.0
1432320 1364.0
1432330 1364.0
1432340 1362.1
1432350 1359.8
1432360 1359.8
1432370 1356.5
1432380 1352.7
1432390 1352.7
1432400 1348.6
1432410 1345.1
1432420 1345.1
1432430 1340.4
1432440 1335.6
1432450 1335.6
1432460 1331.7
1432470 1327.3
1432480 1327.3
1432490 1323.3
1432500 1320.4
1432510 1320.4
1432520 1318.7
1432530 1318.1
1432540 1318.1
1432550 1318.0
1432560 1318.0
1432570 1318.0
1432580 1318.1
1432590 1318.1
1432600 1318.1
1432610 1318.6
1432620 1318.9
1432630 1319.3
1432640 1319.3
1432650 1321.0
1432660 1324.0
1432670 1324.0
1432680 1327.3
1432690 1331.0
1432700 1331.0
1432710 1336.0
1432720 1341.1
1432730 1341.1
1432740 1346.6
1432750 1352.6
1432760 1352.6
1432770 1358.7
1432780 1366.8
1432790 1366.8
1432800 1376.9
1432810 1388.1
1432820 1388.1
1432830 1396.6
1432840 1402.1
1432850 1402.1
1432860 1405.5
1432870 1408.0
1432880 1408.0
1432890 1410.1
1432900 1415.1
1432910 1415.1
1432920 1420.5
1432930 1424.2
1432940 1428.3
1432950 1428.3
1432960 1432.7
1432970 1437.4
1432980 1437.4
1432990 1442.1
1433000 1447.2
1433010 1447.2
1433020 1452.4
1433030 1458.0
1433040 1458.0
1433050 1463.5
1433060 1469.0
1433070 1469.0
1433080 1475.0
1433090 1481.5
1433100 1481.5
1433110 1490.0
1433120 1503.4
1433130 1503.4
1433140 1511.4
1433150 1515.8
1433160 1515.8
1433170 1522.4
1433180 1528.4
1433190 1528.4
1433200 1534.0
1433210 1539.3
1433220 1539.3
1433230 1543.5
1433240 1544.7
1433250 1544.7
1433260 1542.8
1433270 1538.8
1433280 1534.4
1433290 1534.4
1433300 1531.6
1433310 1527.4
1433320 1527.4
1433330 1523.8
1433340 1522.3
1433350 1522.3
1433360 1521.9
1433370 1517.9
1433380 1517.9
1433390 1511.3
1433400 1506.6
1433410 1506.6
1433420 1502.1
1433430 1496.8
1433440 1496.8
1433450 1491.8
1433460 1485.8
1433470 1485.8
1433480 1479.1
1433490 1477.2
1433500 1477.2
1433510 1477.4
1433520 1478.3
1433530 1478.3
1433540 1480.2
1433550 1482.0
1433560 1482.0
1433570 1484.0
1433580 1483.6
1433590 1484.2
1433600 1484.2
1433610 1486.2
1433620 1486.3
1433630 1486.3
1433640 1485.4
1433650 1484.4
1433660 1484.4
1433670 1481.6
1433680 1477.5
1433690 1477.5
1433700 1475.3
1433710 1471.1
1433720 1471.1
1433730 1463.7
1433740 1456.5
1433750 1456.5
1433760 1463.5
1433770 1472.4
1433780 1472.4
1433790 1480.6
1433800 1486.3
1433810 1486.3
1433820 1490.9
1433830 1498.7
1433840 1498.7
1433850 1511.8
1433860 1521.4
1433870 1521.4
1433880 1529.2
1433890 1537.2
1433900 1537.2
1433910 1547.2
1433920 1568.7
1433930 1580.4
1433940 1580.4
1433950 1597.5
1433960 1611.3
1433970 1611.3
1433980 1615.6
1433990 1618.8
1434000 1618.8
1434010 1622.4
1434020 1623.1
1434030 1623.1
1434040 1623.7
1434050 1621.8
1434060 1621.8
1434070 1619.5
1434080 1616.7
1434090 1616.7
1434100 1615.9
1434110 1614.0
1434120 1614.0
1434130 1613.0
1434140 1612.7
1434150 1612.7
1434160 1612.4
1434170 1613.1
1434180 1613.1
1434190 1614.0
1434200 1615.8
1434210 1615.8
1434220 1618.4
1434230 1619.8
1434240 1621.3
1434250 1621.3
1434260 1623.0
1434270 1621.9
1434280 1621.9
1434290 1620.7
1434300 1619.4
1434310 1619.4
1434320 1617.4
1434330 1618.6
1434340 1618.6
1434350 1619.1
1434360 1616.5
1434370 1616.5
1434380 1614.1
1434390 1614.0
1434400 1614.0
1434410 1614.2
1434420 1615.6
1434430 1615.6
1434440 1617.5
1434450 1618.9
1434460 1618.9
1434470 1621.4
1434480 1623.6
1434490 1623.6
1434500 1629.3
1434510 1637.0
1434520 1637.0
1434530 1641.5
1434540 1646.8
1434550 1652.3
1434560 1652.3
1434570 1660.1
1434580 1665.5
1434590 1665.5
1434600 1670.6
1434610 1675.9
1434620 1675.9
1434630 1682.7
1434640 1689.4
1434650 1689.4
1434660 1694.3
1434670 1699.7
1434680 1699.7
1434690 1704.6
1434700 1711.2
1434710 1711.2
1434720 1717.4
1434730 1722.7
1434740 1722.7
1434750 1727.3
1434760 1731.4
1434770 1731.4
1434780 1734.5
1434790 1736.2
1434800 1736.2
1434810 1739.4
1434820 1745.6
1434830 1745.6
1434840 1748.6
1434850 1752.6
1434860 1752.6
1434870 1759.6
1434880 1765.7
1434890 1769.6
1434900 1769.6
1434910 1774.7
1434920 1778.5
1434930 1778.5
1434940 1783.9
1434950 1789.8
1434960 1789.8
1434970 1795.2
1434980 1800.2
1434990 1800.2
1435000 1805.5
1435010 1810.7
1435020 1810.7
1435030 1815.8
1435040 1821.2
1435050 1821.2
1435060 1826.7
1435070 1832.3
1435080 1832.3
1435090 1838.4
1435100 1844.4
1435110 1844.4
1435120 1850.3
1435130 1856.1
1435140 1856.1
1435150 1861.9
1435160 1867.4
1435170 1867.4
1435180 1872.7
1435190 1878.0
1435200 1883.6
1435210 1883.6
1435220 1889.2
1435230 1895.1
1435240 1895.1
1435250 1901.9
1435260 1916.6
1435270 1916.6
1435280 1933.8
1435290 1946.1
1435300 1946.1
1435310 1955.9
1435320 1964.7
1435330 1964.7
1435340 1975.9
1435350 1989.4
1435360 1989.4
1435370 2001.2
1435380 2008.7
1435390 2008.7
1435400 2017.2
1435410 2025.9
1435420 2025.9
1435430 2036.7
1435440 2046.4
1435450 2046.4
1435460 2057.9
1435470 2074.0
1435480 2074.0
1435490 2086.6
1435500 2104.1
1435510 2104.1
1435520 2128.7
1435530 2151.1
1435540 2164.0
1435550 2164.0
1435560 2192.9
1435570 2202.3
1435580 2202.3
1435590 2201.7
1435600 2208.3
1435610 2208.3
1435620 2218.4
1435630 2232.7
1435640 2232.7
1435650 2246.1
1435660 2258.3
1435670 2258.3
1435680 2258.7
1435690 2259.8
1435700 2259.8
1435710 2259.5
1435720 2259.9
1435730 2259.9
1435740 2259.8
1435750 2264.3
1435760 2264.3
1435770 2270.8
1435780 2289.2
1435790 2289.2
1435800 2309.4
1435810 2319.9
1435820 2319.9
1435830 2342.2
1435840 2365.6
1435850 2372.4
1435860 2372.4
1435870 2380.3
1435880 2385.9
1435890 2385.9
1435900 2395.5
1435910 2404.5
1435920 2404.5
1435930 2403.9
1435940 2399.2
1435950 2399.2
1435960 2397.8
1435970 2423.2
1435980 2423.2
1435990 2435.0
1436000 2450.5
1436010 2450.5
1436020 2454.2
1436030 2455.3
1436040 2455.3
1436050 2452.8
1436060 2450.4
1436070 2450.4
1436080 2445.3
1436090 2440.4
1436100 2440.4
1436110 2430.5
1436120 2417.9
1436130 2417.9
1436140 2404.0
1436150 2392.7
1436160 2392.7
1436170 2374.3
1436180 2369.1
1436190 2363.4
1436200 2363.4
1436210 2356.7
1436220 2353.8
1436230 2353.8
1436240 2353.5
1436250 2350.5
1436260 2350.5
1436270 2346.2
1436280 2343.8
1436290 2343.8
1436300 2343.3
1436310 2343.0
1436320 2343.0
1436330 2343.7
1436340 2344.8
1436350 2344.8
1436360 2344.9
1436370 2344.0
1436380 2344.0
1436390 2343.8
1436400 2341.9
1436410 2341.9
1436420 2341.1
1436430 2336.7
1436440 2336.7
1436450 2330.9
1436460 2329.6
1436470 2329.6
1436480 2328.0
1436490 2322.5
1436500 2318.7
1436510 2318.7
1436520 2315.3
1436530 2309.1
1436540 2309.1
1436550 2306.7
1436560 2303.8
1436570 2303.8
1436580 2302.4
1436590 2301.6
1436600 2301.6
1436610 2301.0
1436620 2300.6
1436630 2300.6
1436640 2300.0
1436650 2301.3
1436660 2301.3
1436670 2300.5
1436680 2302.1
1436690 2302.1
1436700 2303.8
1436710 2303.6
1436720 2303.6
1436730 2301.6
1436740 2300.6
1436750 2300.6
1436760 2299.6
1436770 2299.3
1436780 2299.3
1436790 2297.4
1436800 2294.5
1436810 2291.0
1436820 2291.0
1436830 2287.7
1436840 2285.3
1436850 2285.3
1436860 2283.4
1436870 2280.9
1436880 2280.9
1436890 2274.9
1436900 2271.1
1436910 2271.1
1436920 2269.2
1436930 2267.1
1436940 2267.1
1436950 2265.9
1436960 2264.1
1436970 2264.1
1436980 2261.3
1436990 2258.1
1437000 2258.1
1437010 2256.2
1437020 2253.1
1437030 2253.1
1437040 2246.9
1437050 2240.7
1437060 2240.7
1437070 2235.2
1437080 2234.8
1437090 2234.8
1437100 2231.2
1437110 2227.0
1437120 2227.0
1437130 2222.1
1437140 2221.7
1437150 2228.4
1437160 2228.4
1437170 2230.6
1437180 2228.9
1437190 2228.9
1437200 2227.8
1437210 2226.1
1437220 2226.1
1437230 2224.5
1437240 2223.5
1437250 2223.5
1437260 2222.0
1437270 2219.9
1437280 2219.9
1437290 2217.0
1437300 2209.8
1437310 2209.8
1437320 2205.3
1437330 2203.7
1437340 2203.7
1437350 2201.3
1437360 2199.4
1437370 2199.4
1437380 2197.0
1437390 2194.9
1437400 2194.9
1437410 2193.0
1437420 2191.9
1437430 2191.9
1437440 2190.4
1437450 2187.7
1437460 2189.3
1437470 2189.3
1437480 2186.6
1437490 2185.2
1437500 2185.2
1437510 2183.2
1437520 2181.9
1437530 2181.9
1437540 2179.6
1437550 2176.8
1437560 2176.8
1437570 2176.1
1437580 2177.8
1437590 2177.8
1437600 2177.1
1437610 2174.5
1437620 2174.5
1437630 2172.4
1437640 2170.1
1437650 2170.1
1437660 2168.4
1437670 2166.0
1437680 2166.0
1437690 2162.8
1437700 2162.3
1437710 2162.3
1437720 2161.0
1437730 2158.4
1437740 2158.4
1437750 2158.4
1437760 2160.7
1437770 2160.7
1437780 2160.9
1437790 2161.7
1437800 2161.0
1437810 2161.0
1437820 2158.4
1437830 2156.1
1437840 2156.1
1437850 2154.5
1437860 2151.6
1437870 2151.6
1437880 2151.4
1437890 2151.9
1437900 2151.9
1437910 2151.3
1437920 2148.9
1437930 2148.9
1437940 2146.3
1437950 2144.7
1437960 2144.7
1437970 2144.3
1437980 2145.2
1437990 2145.2
1438000 2144.4
1438010 2143.1
1438020 2143.1
1438030 2142.0
1438040 2141.3
1438050 2141.3
1438060 2137.4
1438070 2130.3
1438080 2130.3
1438090 2127.3
1438100 2125.4
1438110 2123.3
1438120 2123.3
1438130 2121.7
1438140 2120.2
1438150 2120.2
1438160 2117.9
1438170 2114.2
1438180 2114.2
1438190 2110.7
1438200 2110.0
1438210 2110.0
1438220 2109.7
1438230 2109.4
1438240 2109.4
1438250 2109.3
1438260 2108.3
1438270 2108.3
1438280 2106.7
1438290 2107.1
1438300 2107.1
1438310 2108.3
1438320 2111.8
1438330 2111.8
1438340 2113.5
1438350 2112.2
1438360 2112.2
1438370 2111.5
1438380 2111.6
1438390 2111.6
1438400 2110.7
1438410 2109.6
1438420 2109.0
1438430 2109.0
1438440 2107.4
1438450 2107.1
1438460 2107.1
1438470 2107.9
1438480 2107.5
1438490 2107.5
1438500 2106.9
1438510 2105.3
1438520 2105.3
1438530 2103.0
1438540 2101.6
1438550 2101.6
1438560 2100.0
1438570 2100.1
1438580 2100.1
1438590 2102.1
1438600 2104.6
1438610 2104.6
1438620 2107.6
1438630 2110.4
1438640 2110.4
1438650 2112.6
1438660 2111.9
1438670 2111.9
1438680 2112.6
1438690 2116.2
1438700 2116.2
1438710 2117.5
1438720 2118.6
1438730 2118.6
1438740 2119.5
1438750 2119.4
1438760 2118.5
1438770 2118.5
1438780 2118.1
1438790 2120.3
1438800 2120.3
1438810 2123.5
1438820 2126.9
1438830 2126.9
1438840 2126.1
1438850 2125.5
1438860 2125.5
1438870 2127.9
1438880 2131.0
1438890 2131.0
1438900 2135.8
1438910 2137.9
1438920 2137.9
1438930 2137.4
1438940 2137.2
1438950 2137.2
1438960 2137.5
1438970 2136.7
1438980 2136.7
1438990 2136.0
1439000 2134.4
1439010 2134.4
1439020 2134.7
1439030 2135.9
1439040 2135.9
1439050 2138.8
1439060 2139.2
1439070 2139.6
1439080 2139.6
1439090 2139.5
1439100 2136.2
1439110 2136.2
1439120 2134.9
1439130 2135.1
1439140 2135.1
1439150 2135.2
1439160 2134.3
1439170 2134.3
1439180 2135.4
1439190 2136.3
1439200 2136.3
1439210 2130.6
1439220 2126.9
1439230 2126.9
1439240 2125.9
1439250 2128.8
1439260 2128.8
1439270 2133.7
1439280 2138.7
1439290 2138.7
1439300 2141.0
1439310 2141.9
1439320 2141.9
1439330 2142.6
1439340 2142.7
1439350 2142.7
1439360 2142.2
1439370 2143.2
1439380 2143.2
1439390 2143.4
1439400 2142.4
1439410 2140.6
1439420 2140.6
1439430 2140.6
1439440 2138.5
1439450 2138.5
1439460 2134.7
1439470 2134.0
1439480 2134.0
1439490 2133.8
1439500 2130.2
1439510 2130.2
1439520 2126.4
1439530 2127.0
1439540 2127.0
1439550 2127.8
1439560 2125.5
1439570 2125.5
1439580 2128.5
1439590 2127.9
1439600 2127.9
1439610 2127.4
1439620 2128.4
1439630 2128.4
1439640 2128.8
1439650 2125.5
1439660 2125.5
1439670 2120.2
1439680 2120.0
1439690 2120.0
1439700 2121.7
1439710 2121.0
1439720 2119.1
1439730 2119.1
1439740 2116.3
1439750 2110.9
1439760 2110.9
1439770 2108.6
1439780 2106.9
1439790 2106.9
1439800 2105.9
1439810 2104.9
1439820 2104.9
1439830 2100.4
1439840 2098.5
1439850 2098.5
1439860 2100.2
1439870 2103.0
1439880 2103.0
1439890 2103.1
1439900 2106.1
1439910 2106.1
1439920 2105.3
1439930 2099.9
1439940 2099.9
1439950 2096.1
1439960 2093.4
1439970 2093.4
1439980 2092.9
1439990 2095.2
