1420000 1273.0
1420010 1271.9
1420020 1267.8
1420030 1267.8
1420040 1261.7
1420050 1264.4
1420060 1264.4
1420070 1266.9
1420080 1268.3
1420090 1268.3
1420100 1303.6
1420110 1340.9
1420120 1340.9
1420130 1368.0
1420140 1385.5
1420150 1385.5
1420160 1394.3
1420170 1398.8
1420180 1403.4
1420190 1403.4
1420200 1407.1
1420210 1410.3
1420220 1410.3
1420230 1410.7
1420240 1412.8
1420250 1412.8
1420260 1417.8
1420270 1422.7
1420280 1422.7
1420290 1423.3
1420300 1422.9
1420310 1422.9
1420320 1423.7
1420330 1426.9
1420340 1426.9
1420350 1432.1
1420360 1438.6
1420370 1438.6
1420380 1445.7
1420390 1452.7
1420400 1452.7
1420410 1459.6
1420420 1466.0
1420430 1466.0
1420440 1472.2
1420450 1478.8
1420460 1478.8
1420470 1483.5
1420480 1482.0
1420490 1476.2
1420500 1476.2
1420510 1469.8
1420520 1463.7
1420530 1463.7
1420540 1458.0
1420550 1452.2
1420560 1452.2
1420570 1446.7
1420580 1441.8
1420590 1441.8
1420600 1437.2
1420610 1433.4
1420620 1433.4
1420630 1428.8
1420640 1422.6
1420650 1422.6
1420660 1412.7
1420670 1405.0
1420680 1405.0
1420690 1409.0
1420700 1418.3
1420710 1418.3
1420720 1431.5
1420730 1443.1
1420740 1443.1
1420750 1446.3
1420760 1442.1
1420770 1442.1
1420780 1441.7
1420790 1447.2
1420800 1439.1
1420810 1444.6
1420820 1449.3
1420830 1452.5
1420840 1452.5
1420850 1453.9
1420860 1458.8
1420870 1458.8
1420880 1465.4
1420890 1474.1
1420900 1474.1
1420910 1487.7
1420920 1499.4
1420930 1499.4
1420940 1504.2
1420950 1501.6
1420960 1501.6
1420970 1498.4
1420980 1493.6
1420990 1493.6
1421000 1489.2
1421010 1490.1
1421020 1490.1
1421030 1496.1
1421040 1503.4
1421050 1503.4
1421060 1510.7
1421070 1516.7
1421080 1516.7
1421090 1523.0
1421100 1528.9
1421110 1528.9
1421120 1535.1
1421130 1541.1
1421140 1544.5
1421150 1544.5
1421160 1544.1
1421170 1544.2
1421180 1544.2
1421190 1545.1
1421200 1548.1
1421210 1548.1
1421220 1553.0
1421230 1559.2
1421240 1559.2
1421250 1565.9
1421260 1571.0
1421270 1571.0
1421280 1576.9
1421290 1583.4
1421300 1583.4
1421310 1590.8
1421320 1597.8
1421330 1597.8
1421340 1603.7
1421350 1604.3
1421360 1604.3
1421370 1599.8
1421380 1594.1
1421390 1594.1
1421400 1587.8
1421410 1581.1
1421420 1581.1
1421430 1573.1
1421440 1565.6
1421450 1565.6
1421460 1559.5
1421470 1553.5
1421480 1546.9
1421490 1546.9
1421500 1540.6
1421510 1534.1
1421520 1534.1
1421530 1527.1
1421540 1521.0
1421550 1521.0
1421560 1514.6
1421570 1507.7
1421580 1507.7
1421590 1500.8
1421600 1493.8
1421610 1493.8
1421620 1487.2
1421630 1481.1
1421640 1481.1
1421650 1475.2
1421660 1469.3
1421670 1469.3
1421680 1463.6
1421690 1458.4
1421700 1458.4
1421710 1453.3
1421720 1448.5
1421730 1448.5
1421740 1444.6
1421750 1440.8
1421760 1440.8
1421770 1437.2
1421780 1433.4
1421790 1429.5
1421800 1429.5
1421810 1425.5
1421820 1421.6
1421830 1421.6
1421840 1417.6
1421850 1413.9
1421860 1413.9
1421870 1409.0
1421880 1403.8
1421890 1403.8
1421900 1398.9
1421910 1393.9
1421920 1393.9
1421930 1388.6
1421940 1383.8
1421950 1383.8
1421960 1379.0
1421970 1374.1
1421980 1374.1
1421990 1369.6
1422000 1364.8
1422010 1364.8
1422020 1359.0
1422030 1352.8
1422040 1352.8
1422050 1348.1
1422060 1342.6
1422070 1342.6
1422080 1339.5
1422090 1335.9
1422100 1329.8
1422110 1329.8
1422120 1327.3
1422130 1327.5
1422140 1327.5
1422150 1326.5
1422160 1325.7
1422170 1325.7
1422180 1330.2
1422190 1333.5
1422200 1333.5
1422210 1336.4
1422220 1340.4
1422230 1340.4
1422240 1339.0
1422250 1333.1
1422260 1333.1
1422270 1330.4
1422280 1331.3
1422290 1331.3
1422300 1334.3
1422310 1335.7
1422320 1335.7
1422330 1335.9
1422340 1337.7
1422350 1337.7
1422360 1339.7
1422370 1340.9
1422380 1340.9
1422390 1341.5
1422400 1340.3
1422410 1340.3
1422420 1338.7
1422430 1340.5
1422440 1342.6
1422450 1342.6
1422460 1344.2
1422470 1347.2
1422480 1347.2
1422490 1349.5
1422500 1351.4
1422510 1351.4
1422520 1352.6
1422530 1352.2
1422540 1352.2
1422550 1350.9
1422560 1349.9
1422570 1349.9
1422580 1352.0
1422590 1354.1
1422600 1354.1
1422610 1354.9
1422620 1355.4
1422630 1355.4
1422640 1355.1
1422650 1354.0
1422660 1354.0
1422670 1354.1
1422680 1357.5
1422690 1357.5
1422700 1361.6
1422710 1366.7
1422720 1366.7
1422730 1370.8
1422740 1372.6
1422750 1374.1
1422760 1374.1
1422770 1376.7
1422780 1379.5
1422790 1379.5
1422800 1382.7
1422810 1387.7
1422820 1387.7
1422830 1393.8
1422840 1398.7
1422850 1398.7
1422860 1404.0
1422870 1407.8
1422880 1407.8
1422890 1409.5
1422900 1411.2
1422910 1411.2
1422920 1410.8
1422930 1406.2
1422940 1406.2
1422950 1400.5
1422960 1394.8
1422970 1394.8
1422980 1392.0
1422990 1382.4
1423000 1382.4
1423010 1374.2
1423020 1366.6
1423030 1366.6
1423040 1360.2
1423050 1354.2
1423060 1354.2
1423070 1346.3
1423080 1336.6
1423090 1326.2
1423100 1326.2
1423110 1315.5
1423120 1305.6
1423130 1305.6
1423140 1296.0
1423150 1286.7
1423160 1286.7
1423170 1277.5
1423180 1269.0
1423190 1269.0
1423200 1263.0
1423210 1257.8
1423220 1257.8
1423230 1253.6
1423240 1247.9
1423250 1247.9
1423260 1243.3
1423270 1243.6
1423280 1243.6
1423290 1242.4
1423300 1235.0
1423310 1235.0
1423320 1226.2
1423330 1218.9
1423340 1218.9
1423350 1212.9
1423360 1204.6
1423370 1204.6
1423380 1194.9
1423390 1189.8
1423400 1185.3
1423410 1185.3
1423420 1177.3
1423430 1168.1
1423440 1168.1
1423450 1158.0
1423460 1145.2
1423470 1145.2
1423480 1136.4
1423490 1133.7
1423500 1133.7
1423510 1128.7
1423520 1117.3
1423530 1117.3
1423540 1106.2
1423550 1099.5
1423560 1099.5
1423570 1098.5
1423580 1102.9
1423590 1102.9
1423600 1100.4
1423610 1099.8
1423620 1099.8
1423630 1101.4
1423640 1100.7
1423650 1100.7
1423660 1103.0
1423670 1108.6
1423680 1108.6
1423690 1112.7
1423700 1113.4
1423710 1115.1
1423720 1115.1
1423730 1117.9
1423740 1118.2
1423750 1118.2
1423760 1118.4
1423770 1118.0
1423780 1118.0
1423790 1123.4
1423800 1130.9
1423810 1130.9
1423820 1139.7
1423830 1140.0
1423840 1140.0
1423850 1130.9
1423860 1121.4
1423870 1121.4
1423880 1112.5
1423890 1106.4
1423900 1106.4
1423910 1107.0
1423920 1106.9
1423930 1106.9
1423940 1111.1
1423950 1106.8
1423960 1106.8
1423970 1100.9
1423980 1102.5
1423990 1102.5
1424000 1109.3
1424010 1115.7
1424020 1115.7
1424030 1122.0
1424040 1128.6
1424050 1132.4
1424060 1132.4
1424070 1134.3
1424080 1141.3
1424090 1141.3
1424100 1149.9
1424110 1158.3
1424120 1158.3
1424130 1164.7
1424140 1164.1
1424150 1164.1
1424160 1162.0
1424170 1155.9
1424180 1155.9
1424190 1149.5
1424200 1155.9
1424210 1155.9
1424220 1171.5
1424230 1203.0
1424240 1203.0
1424250 1225.9
1424260 1238.7
1424270 1238.7
1424280 1245.8
1424290 1252.7
1424300 1252.7
1424310 1257.3
1424320 1257.3
1424330 1257.3
1424340 1258.0
1424350 1261.9
1424360 1267.6
1424370 1267.6
1424380 1269.3
1424390 1265.3
1424400 1265.3
1424410 1259.6
1424420 1255.3
1424430 1255.3
1424440 1250.3
1424450 1244.3
1424460 1244.3
1424470 1239.6
1424480 1247.9
1424490 1247.9
1424500 1260.4
1424510 1270.4
1424520 1270.4
1424530 1278.0
1424540 1287.4
1424550 1287.4
1424560 1298.3
1424570 1318.2
1424580 1318.2
1424590 1325.1
1424600 1326.5
1424610 1326.5
1424620 1331.5
1424630 1343.3
1424640 1343.3
1424650 1346.5
1424660 1343.3
1424670 1343.3
1424680 1339.7
1424690 1336.9
1424700 1336.9
1424710 1336.9
1424720 1341.1
1424730 1355.4
1424740 1355.4
1424750 1365.5
1424760 1374.9
1424770 1374.9
1424780 1381.3
1424790 1381.3
1424800 1381.3
1424810 1385.4
1424820 1394.2
1424830 1394.2
1424840 1397.4
1424850 1395.2
1424860 1395.2
1424870 1392.0
1424880 1387.6
1424890 1387.6
1424900 1384.9
1424910 1389.0
1424920 1389.0
1424930 1395.7
1424940 1402.9
1424950 1402.9
1424960 1412.4
1424970 1419.5
1424980 1419.5
1424990 1427.0
1425000 1435.6
1425010 1442.5
1425020 1442.5
1425030 1449.5
1425040 1456.7
1425050 1456.7
1425060 1464.8
1425070 1471.8
1425080 1471.8
1425090 1473.8
1425100 1477.8
1425110 1477.8
1425120 1483.5
1425130 1487.0
1425140 1487.0
1425150 1489.6
1425160 1492.4
1425170 1492.4
1425180 1492.5
1425190 1491.5
1425200 1491.5
1425210 1488.7
1425220 1484.3
1425230 1484.3
1425240 1481.1
1425250 1479.0
1425260 1479.0
1425270 1477.7
1425280 1477.9
1425290 1477.9
1425300 1479.8
1425310 1480.3
1425320 1479.5
1425330 1479.5
1425340 1480.2
1425350 1479.5
1425360 1479.5
1425370 1476.6
1425380 1473.9
1425390 1473.9
1425400 1471.8
1425410 1470.7
1425420 1470.7
1425430 1467.9
1425440 1466.6
1425450 1466.6
1425460 1464.3
1425470 1457.1
1425480 1457.1
1425490 1450.7
1425500 1446.0
1425510 1446.0
1425520 1441.7
1425530 1442.9
1425540 1442.9
1425550 1442.6
1425560 1440.0
1425570 1440.0
1425580 1436.3
1425590 1431.2
1425600 1431.2
1425610 1424.6
1425620 1417.0
1425630 1417.0
1425640 1410.9
1425650 1408.0
1425660 1405.4
1425670 1405.4
1425680 1401.6
1425690 1394.4
1425700 1394.4
1425710 1388.2
1425720 1383.7
1425730 1383.7
1425740 1379.1
1425750 1373.4
1425760 1373.4
1425770 1369.4
1425780 1363.4
1425790 1363.4
1425800 1357.9
1425810 1352.7
1425820 1352.7
1425830 1347.6
1425840 1335.7
1425850 1335.7
1425860 1323.7
1425870 1315.4
1425880 1315.4
1425890 1309.5
1425900 1301.7
1425910 1301.7
1425920 1295.2
1425930 1283.6
1425940 1283.6
1425950 1269.5
1425960 1259.2
1425970 1252.5
1425980 1252.5
1425990 1249.1
1426000 1247.3
1426010 1247.3
1426020 1249.1
1426030 1254.5
1426040 1254.5
1426050 1256.8
1426060 1255.7
1426070 1255.7
1426080 1251.5
1426090 1246.6
1426100 1246.6
1426110 1244.1
1426120 1241.7
1426130 1241.7
1426140 1239.7
1426150 1239.4
1426160 1239.4
1426170 1237.9
1426180 1237.5
1426190 1237.5
1426200 1236.1
1426210 1232.8
1426220 1232.8
1426230 1227.5
1426240 1222.2
1426250 1222.2
1426260 1217.1
1426270 1212.4
1426280 1212.4
1426290 1213.3
1426300 1217.4
1426310 1221.7
1426320 1221.7
1426330 1220.8
1426340 1216.7
1426350 1216.7
1426360 1214.5
1426370 1213.4
1426380 1213.4
1426390 1210.2
1426400 1206.4
1426410 1206.4
1426420 1203.1
1426430 1197.5
1426440 1197.5
1426450 1190.3
1426460 1181.6
1426470 1181.6
1426480 1172.7
1426490 1165.9
1426500 1165.9
1426510 1159.7
1426520 1154.0
1426530 1154.0
1426540 1149.5
1426550 1145.5
1426560 1145.5
1426570 1141.9
1426580 1137.9
1426590 1137.9
1426600 1134.1
1426610 1131.0
1426620 1127.5
1426630 1127.5
1426640 1124.1
1426650 1120.9
1426660 1120.9
1426670 1117.0
1426680 1112.4
1426690 1112.4
1426700 1108.6
1426710 1106.5
1426720 1106.5
1426730 1104.0
1426740 1100.6
1426750 1100.6
1426760 1097.4
1426770 1095.8
1426780 1095.8
1426790 1093.3
1426800 1088.0
1426810 1088.0
1426820 1081.8
1426830 1075.6
1426840 1075.6
1426850 1068.6
1426860 1062.0
1426870 1062.0
1426880 1053.7
1426890 1047.2
1426900 1047.2
1426910 1041.1
1426920 1033.4
1426930 1025.2
1426940 1025.2
1426950 1016.0
1426960 1006.7
1426970 1006.7
1426980 998.7
1426990 991.6
1427000 991.6
1427010 984.9
1427020 978.9
1427030 978.9
1427040 973.8
1427050 970.8
1427060 970.8
1427070 968.4
1427080 964.7
1427090 964.7
1427100 961.4
1427110 959.2
1427120 963.0
1427130 958.1
1427140 952.8
1427150 952.8
1427160 947.7
1427170 942.7
1427180 942.7
1427190 939.1
1427200 937.3
1427210 937.3
1427220 935.1
1427230 931.7
1427240 931.7
1427250 929.0
1427260 924.4
1427270 915.9
1427280 915.9
1427290 897.3
1427300 876.3
1427310 876.3
1427320 865.8
1427330 856.0
1427340 856.0
1427350 847.9
1427360 840.2
1427370 840.2
1427380 832.5
1427390 824.4
1427400 824.4
1427410 815.6
1427420 807.2
1427430 807.2
1427440 798.6
1427450 789.9
1427460 789.9
1427470 781.5
1427480 772.8
1427490 772.8
1427500 764.2
1427510 757.5
1427520 757.5
1427530 750.2
1427540 742.9
1427550 742.9
1427560 735.0
1427570 728.5
1427580 721.9
1427590 721.9
1427600 713.8
1427610 706.8
1427620 706.8
1427630 702.6
1427640 703.3
1427650 703.3
1427660 703.4
1427670 704.5
1427680 704.5
1427690 703.6
1427700 702.0
1427710 702.0
1427720 701.9
1427730 703.3
1427740 703.3
1427750 704.5
1427760 703.7
1427770 703.7
1427780 703.4
1427790 703.2
1427800 703.2
1427810 703.0
1427820 702.9
1427830 702.9
1427840 702.8
1427850 702.8
1427860 702.8
1427870 702.7
1427880 702.7
1427890 702.7
1427900 702.2
1427910 702.6
1427920 702.9
1427930 702.9
1427940 702.8
1427950 702.7
1427960 702.7
1427970 703.3
1427980 705.4
1427990 705.4
1428000 704.3
1428010 702.4
1428020 702.4
1428030 702.9
1428040 703.4
1428050 703.4
1428060 703.3
1428070 703.2
1428080 703.2
1428090 703.4
1428100 703.5
1428110 703.5
1428120 704.8
1428130 711.0
1428140 711.0
1428150 718.6
1428160 729.4
1428170 729.4
1428180 742.4
1428190 756.9
1428200 756.9
1428210 768.6
1428220 776.6
1428230 780.5
1428240 780.5
1428250 784.3
1428260 790.8
1428270 790.8
1428280 797.8
1428290 804.7
1428300 804.7
1428310 811.6
1428320 818.3
1428330 818.3
1428340 824.5
1428350 831.7
1428360 831.7
1428370 839.9
1428380 850.2
1428390 850.2
1428400 861.9
1428410 870.9
1428420 870.9
1428430 876.4
1428440 881.6
1428450 881.6
1428460 887.0
1428470 892.3
1428480 892.3
1428490 899.0
1428500 903.3
1428510 903.3
1428520 909.7
1428530 914.5
1428540 918.1
1428550 918.1
1428560 922.4
1428570 928.2
1428580 928.2
1428590 934.7
1428600 941.4
1428610 941.4
1428620 948.2
1428630 957.3
1428640 957.3
1428650 976.5
1428660 985.0
1428670 985.0
1428680 987.3
1428690 987.8
1428700 987.8
1428710 991.8
1428720 1000.3
1428730 1000.3
1428740 1005.9
1428750 1005.3
1428760 1005.3
1428770 1006.8
1428780 1009.6
1428790 1009.6
1428800 1015.9
1428810 1023.1
1428820 1023.1
1428830 1030.5
1428840 1035.1
1428850 1035.1
1428860 1037.5
1428870 1042.1
1428880 1047.1
1428890 1047.1
1428900 1052.6
1428910 1055.6
1428920 1055.6
1428930 1054.5
1428940 1050.5
1428950 1050.5
1428960 1048.5
1428970 1050.4
1428980 1050.4
1428990 1050.5
1429000 1051.2
1429010 1051.2
1429020 1052.7
1429030 1053.5
1429040 1053.5
1429050 1052.0
1429060 1047.4
1429070 1047.4
1429080 1042.2
1429090 1040.2
1429100 1040.2
1429110 1041.7
1429120 1039.9
1429130 1039.9
1429140 1039.1
1429150 1039.9
1429160 1039.9
1429170 1038.8
1429180 1035.7
1429190 1034.3
1429200 1034.3
1429210 1031.8
1429220 1031.5
1429230 1031.5
1429240 1031.3
1429250 1029.4
1429260 1029.4
1429270 1027.6
1429280 1021.6
1429290 1021.6
1429300 1013.2
1429310 1005.2
1429320 1005.2
1429330 999.3
1429340 994.4
1429350 994.4
1429360 992.0
1429370 993.6
1429380 993.6
1429390 995.9
1429400 1006.2
1429410 1006.2
1429420 1005.5
1429430 1006.8
1429440 1006.8
1429450 1010.8
1429460 1016.5
1429470 1016.5
1429480 1023.0
1429490 1029.1
1429500 1029.1
1429510 1036.4
1429520 1045.6
1429530 1055.5
1429540 1055.5
1429550 1065.4
1429560 1073.0
1429570 1073.0
1429580 1082.3
1429590 1091.2
1429600 1091.2
1429610 1099.4
1429620 1107.7
1429630 1107.7
1429640 1116.2
1429650 1121.5
1429660 1121.5
1429670 1124.0
1429680 1124.0
1429690 1124.0
1429700 1121.2
1429710 1114.1
1429720 1114.1
1429730 1106.5
1429740 1100.2
1429750 1100.2
1429760 1094.7
1429770 1090.6
1429780 1090.6
1429790 1088.6
1429800 1088.2
1429810 1088.2
1429820 1091.8
1429830 1098.3
1429840 1106.1
1429850 1106.1
1429860 1112.6
1429870 1123.6
1429880 1123.6
1429890 1130.3
1429900 1137.7
1429910 1137.7
1429920 1142.5
1429930 1134.1
1429940 1134.1
1429950 1135.6
1429960 1142.4
1429970 1142.4
1429980 1154.4
1429990 1160.6
1430000 1160.6
1430010 1166.6
1430020 1172.1
1430030 1172.1
1430040 1177.0
1430050 1176.8
1430060 1176.8
1430070 1171.7
1430080 1166.1
1430090 1166.1
1430100 1159.8
1430110 1152.0
1430120 1152.0
1430130 1144.6
1430140 1139.0
1430150 1133.9
1430160 1133.9
1430170 1130.7
1430180 1129.4
1430190 1129.4
1430200 1126.5
1430210 1125.4
1430220 1125.4
1430230 1126.0
1430240 1127.4
1430250 1127.4
1430260 1129.1
1430270 1132.1
1430280 1132.1
1430290 1138.6
1430300 1142.5
1430310 1142.5
1430320 1140.6
1430330 1140.1
1430340 1140.1
1430350 1137.7
1430360 1135.0
1430370 1135.0
1430380 1135.6
1430390 1135.3
1430400 1135.3
1430410 1132.7
1430420 1128.1
1430430 1128.1
1430440 1122.1
1430450 1115.8
1430460 1115.8
1430470 1111.6
1430480 1110.0
1430490 1106.0
1430500 1106.0
1430510 1099.8
1430520 1093.2
1430530 1093.2
1430540 1086.3
1430550 1082.5
1430560 1082.5
1430570 1079.5
1430580 1078.3
1430590 1078.3
1430600 1077.4
1430610 1077.0
1430620 1077.0
1430630 1076.4
1430640 1074.5
1430650 1074.5
1430660 1072.0
1430670 1069.3
1430680 1069.3
1430690 1067.0
1430700 1065.0
1430710 1065.0
1430720 1061.5
1430730 1058.8
1430740 1058.8
1430750 1055.8
1430760 1052.2
1430770 1052.2
1430780 1046.2
1430790 1039.6
1430800 1033.2
1430810 1033.2
1430820 1029.1
1430830 1025.6
1430840 1025.6
1430850 1022.1
1430860 1020.6
1430870 1020.6
1430880 1021.6
1430890 1018.8
1430900 1018.8
1430910 1012.9
1430920 1007.8
1430930 1007.8
1430940 1005.1
1430950 1003.5
1430960 1003.5
1430970 999.9
1430980 1002.5
1430990 1002.5
1431000 1005.7
1431010 1004.0
1431020 1004.0
1431030 1002.4
1431040 1001.5
1431050 1001.5
1431060 1000.7
1431070 999.1
1431080 999.1
1431090 997.0
1431100 993.3
1431110 993.3
1431120 988.1
1431130 982.2
1431140 979.8
1431150 979.8
1431160 976.3
1431170 969.8
1431180 969.8
1431190 967.8
1431200 977.8
1431210 977.8
1431220 985.9
1431230 990.2
1431240 990.2
1431250 990.6
1431260 992.6
1431270 992.6
1431280 998.7
1431290 1002.3
1431300 1002.3
1431310 1010.5
1431320 1012.9
1431330 1012.9
1431340 1014.0
1431350 1018.3
1431360 1018.3
1431370 1021.3
1431380 1024.4
1431390 1024.4
1431400 1028.2
1431410 1031.7
1431420 1031.7
1431430 1036.2
1431440 1040.3
1431450 1045.2
1431460 1045.2
1431470 1050.8
1431480 1056.6
1431490 1056.6
1431500 1062.4
1431510 1067.9
1431520 1067.9
1431530 1074.1
1431540 1080.8
1431550 1080.8
1431560 1087.5
1431570 1093.4
1431580 1093.4
1431590 1099.5
1431600 1106.3
1431610 1106.3
1431620 1114.1
1431630 1120.9
1431640 1120.9
1431650 1127.6
1431660 1134.4
1431670 1134.4
1431680 1138.8
1431690 1137.0
1431700 1137.0
1431710 1135.6
1431720 1139.6
1431730 1139.6
1431740 1151.0
1431750 1160.5
1431760 1166.7
1431770 1159.0
1431780 1161.2
1431790 1163.1
1431800 1163.1
1431810 1163.4
1431820 1167.2
1431830 1167.2
1431840 1173.3
1431850 1180.3
1431860 1180.3
1431870 1183.7
1431880 1186.6
1431890 1186.6
1431900 1190.0
1431910 1193.3
1431920 1193.3
1431930 1194.1
1431940 1195.9
1431950 1195.9
1431960 1198.1
1431970 1200.7
1431980 1200.7
1431990 1202.9
1432000 1207.3
1432010 1207.3
1432020 1217.9
1432030 1223.5
1432040 1223.5
1432050 1222.7
1432060 1220.6
1432070 1220.6
1432080 1218.8
1432090 1217.9
1432100 1216.9
1432110 1216.9
1432120 1217.5
1432130 1222.4
1432140 1222.4
1432150 1226.4
1432160 1230.8
1432170 1230.8
1432180 1235.2
1432190 1239.4
1432200 1239.4
1432210 1242.9
1432220 1246.7
1432230 1246.7
1432240 1250.3
1432250 1253.0
1432260 1253.0
1432270 1255.2
1432280 1256.9
1432290 1256.9
1432300 1257.7
1432310 1258.5
1432320 1258.5
1432330 1260.2
1432340 1261.5
1432350 1261.5
1432360 1264.1
1432370 1268.0
1432380 1268.0
1432390 1270.8
1432400 1270.7
1432410 1268.3
1432420 1268.3
1432430 1267.2
1432440 1270.9
1432450 1270.9
1432460 1274.6
1432470 1278.0
1432480 1278.0
1432490 1280.2
1432500 1282.1
1432510 1282.1
1432520 1284.5
1432530 1285.2
1432540 1285.2
1432550 1286.8
1432560 1290.0
1432570 1290.0
1432580 1292.4
1432590 1293.3
1432600 1293.3
1432610 1295.1
1432620 1300.3
1432630 1300.3
1432640 1305.0
1432650 1310.4
1432660 1310.4
1432670 1316.3
1432680 1322.0
1432690 1322.0
1432700 1327.2
1432710 1332.8
1432720 1332.8
1432730 1338.8
1432740 1344.9
1432750 1351.8
1432760 1351.8
1432770 1360.3
1432780 1369.0
1432790 1369.0
1432800 1378.2
1432810 1387.1
1432820 1387.1
1432830 1394.6
1432840 1401.4
1432850 1401.4
1432860 1410.7
1432870 1417.6
1432880 1417.6
1432890 1421.8
1432900 1424.4
1432910 1424.4
1432920 1427.0
1432930 1425.9
1432940 1425.9
1432950 1426.1
1432960 1434.8
1432970 1434.8
1432980 1443.0
1432990 1453.5
1433000 1453.5
1433010 1469.3
1433020 1480.4
1433030 1480.4
1433040 1487.3
1433050 1490.8
1433060 1498.7
1433070 1498.7
1433080 1507.3
1433090 1521.1
1433100 1521.1
1433110 1541.5
1433120 1555.5
1433130 1555.5
1433140 1567.1
1433150 1573.1
1433160 1573.1
1433170 1575.2
1433180 1578.0
1433190 1578.0
1433200 1583.9
1433210 1592.9
1433220 1592.9
1433230 1601.7
1433240 1611.0
1433250 1611.0
1433260 1618.9
1433270 1622.9
1433280 1622.9
1433290 1625.2
1433300 1626.3
1433310 1626.3
1433320 1626.7
1433330 1626.0
1433340 1626.0
1433350 1622.6
1433360 1616.1
1433370 1609.5
1433380 1609.5
1433390 1604.4
1433400 1601.3
1433410 1601.3
1433420 1597.6
1433430 1592.5
1433440 1592.5
1433450 1587.7
1433460 1583.5
1433470 1583.5
1433480 1579.7
1433490 1576.7
1433500 1576.7
1433510 1574.6
1433520 1572.3
1433530 1572.3
1433540 1571.1
1433550 1570.4
1433560 1570.4
1433570 1570.1
1433580 1568.9
1433590 1568.9
1433600 1568.4
1433610 1569.1
1433620 1569.1
1433630 1570.0
1433640 1571.2
1433650 1571.2
1433660 1569.4
1433670 1565.7
1433680 1565.7
1433690 1561.7
1433700 1558.7
1433710 1564.6
1433720 1564.6
1433730 1568.9
1433740 1573.9
1433750 1573.9
1433760 1578.9
1433770 1585.1
1433780 1585.1
1433790 1589.7
1433800 1593.2
1433810 1593.2
1433820 1596.2
1433830 1597.8
1433840 1597.8
1433850 1597.7
1433860 1597.1
1433870 1597.1
1433880 1600.2
1433890 1603.5
1433900 1603.5
1433910 1605.3
1433920 1607.9
1433930 1607.9
1433940 1610.2
1433950 1613.5
1433960 1613.5
1433970 1618.6
1433980 1624.1
1433990 1624.1
1434000 1628.5
1434010 1632.9
1434020 1639.0
1434030 1639.0
1434040 1643.7
1434050 1650.0
1434060 1650.0
1434070 1655.7
1434080 1662.3
1434090 1662.3
1434100 1671.6
1434110 1679.8
1434120 1679.8
1434130 1686.1
1434140 1695.9
1434150 1695.9
1434160 1709.8
1434170 1718.4
1434180 1718.4
1434190 1723.4
1434200 1729.1
1434210 1729.1
1434220 1731.7
1434230 1731.8
1434240 1731.8
1434250 1730.4
1434260 1720.7
1434270 1720.7
1434280 1712.6
1434290 1704.5
1434300 1704.5
1434310 1697.1
1434320 1691.6
1434330 1688.7
1434340 1688.7
1434350 1689.1
1434360 1689.5
1434370 1689.5
1434380 1690.6
1434390 1691.1
1434400 1691.1
1434410 1690.4
1434420 1689.9
1434430 1689.9
1434440 1690.6
1434450 1691.7
1434460 1691.7
1434470 1692.9
1434480 1693.0
1434490 1693.0
1434500 1698.1
1434510 1705.3
1434520 1705.3
1434530 1712.0
1434540 1713.1
1434550 1713.1
1434560 1713.5
1434570 1717.7
1434580 1717.7
1434590 1724.3
1434600 1729.7
1434610 1729.7
1434620 1733.7
1434630 1735.3
1434640 1735.3
1434650 1737.2
1434660 1741.9
1434670 1748.9
1434680 1748.9
1434690 1754.1
1434700 1759.3
1434710 1759.3
1434720 1763.8
1434730 1771.9
1434740 1771.9
1434750 1776.2
1434760 1779.2
1434770 1779.2
1434780 1783.6
1434790 1786.9
1434800 1786.9
1434810 1792.5
1434820 1799.2
1434830 1799.2
1434840 1804.4
1434850 1806.1
1434860 1806.1
1434870 1809.4
1434880 1810.6
1434890 1810.6
1434900 1813.7
1434910 1818.6
1434920 1818.6
1434930 1819.7
1434940 1818.0
1434950 1818.0
1434960 1820.1
1434970 1825.1
1434980 1829.5
1434990 1829.5
1435000 1833.0
1435010 1835.1
1435020 1835.1
1435030 1835.6
1435040 1836.7
1435050 1836.7
1435060 1839.7
1435070 1843.3
1435080 1843.3
1435090 1847.4
1435100 1850.9
1435110 1850.9
1435120 1854.2
1435130 1857.9
1435140 1857.9
1435150 1862.1
1435160 1866.0
1435170 1866.0
1435180 1870.3
1435190 1874.5
1435200 1874.5
1435210 1878.4
1435220 1882.1
1435230 1882.1
1435240 1885.9
1435250 1889.6
1435260 1889.6
1435270 1893.2
1435280 1898.0
1435290 1898.0
1435300 1902.1
1435310 1907.0
1435320 1911.7
1435330 1911.7
1435340 1916.4
1435350 1921.5
1435360 1921.5
1435370 1925.4
1435380 1929.4
1435390 1929.4
1435400 1935.7
1435410 1943.5
1435420 1943.5
1435430 1951.5
1435440 1960.4
1435450 1960.4
1435460 1971.1
1435470 1980.5
1435480 1980.5
1435490 1990.5
1435500 1998.7
1435510 1998.7
1435520 2021.9
1435530 2034.5
1435540 2034.5
1435550 2043.0
1435560 2050.1
1435570 2050.1
1435580 2056.7
1435590 2062.1
1435600 2062.1
1435610 2064.7
1435620 2069.7
1435630 2081.8
1435640 2081.8
1435650 2092.1
1435660 2101.9
1435670 2101.9
1435680 2114.2
1435690 2124.6
1435700 2124.6
1435710 2132.2
1435720 2139.8
1435730 2139.8
1435740 2147.6
1435750 2159.3
1435760 2159.3
1435770 2176.5
1435780 2187.3
1435790 2187.3
1435800 2198.0
1435810 2206.5
1435820 2206.5
1435830 2216.6
1435840 2225.7
1435850 2225.7
1435860 2243.8
1435870 2268.3
1435880 2268.3
1435890 2300.7
1435900 2317.3
1435910 2317.3
1435920 2322.7
1435930 2325.8
1435940 2332.8
1435950 2332.8
1435960 2340.8
1435970 2348.2
1435980 2348.2
1435990 2357.8
1436000 2365.4
1436010 2365.4
1436020 2370.0
1436030 2370.2
1436040 2370.2
1436050 2375.2
1436060 2381.6
1436070 2381.6
1436080 2380.0
1436090 2385.6
1436100 2385.6
1436110 2393.4
1436120 2398.6
1436130 2398.6
1436140 2403.5
1436150 2408.6
1436160 2408.6
1436170 2411.1
1436180 2412.8
1436190 2412.8
1436200 2414.7
1436210 2416.6
1436220 2416.6
1436230 2416.8
1436240 2417.7
1436250 2417.7
1436260 2419.3
1436270 2421.5
1436280 2424.9
1436290 2424.9
1436300 2428.0
1436310 2428.8
1436320 2428.8
1436330 2431.5
1436340 2431.2
1436350 2431.2
1436360 2419.1
1436370 2399.1
1436380 2399.1
1436390 2392.9
1436400 2382.4
1436410 2382.4
1436420 2372.3
1436430 2367.9
1436440 2367.9
1436450 2363.4
1436460 2358.7
1436470 2358.7
1436480 2355.8
1436490 2352.4
1436500 2352.4
1436510 2348.1
1436520 2344.9
1436530 2344.9
1436540 2342.4
1436550 2339.0
1436560 2339.0
1436570 2336.2
1436580 2334.2
1436590 2332.4
1436600 2332.4
1436610 2331.6
1436620 2327.0
1436630 2327.0
1436640 2321.8
1436650 2319.5
1436660 2319.5
1436670 2317.2
1436680 2315.3
1436690 2315.3
1436700 2313.4
1436710 2310.0
1436720 2310.0
1436730 2307.3
1436740 2306.9
1436750 2306.9
1436760 2304.3
1436770 2299.7
1436780 2299.7
1436790 2294.5
1436800 2293.9
1436810 2293.9
1436820 2292.1
1436830 2289.9
1436840 2289.9
1436850 2286.7
1436860 2284.4
1436870 2284.4
1436880 2279.7
1436890 2274.3
1436900 2274.3
1436910 2272.2
1436920 2270.3
1436930 2270.3
1436940 2270.3
1436950 2269.5
1436960 2267.6
1436970 2267.6
1436980 2267.3
1436990 2267.1
1437000 2267.1
1437010 2265.5
1437020 2263.1
1437030 2263.1
1437040 2261.3
1437050 2259.2
1437060 2259.2
1437070 2253.4
1437080 2251.3
1437090 2251.3
1437100 2251.2
1437110 2249.4
1437120 2249.4
1437130 2243.8
1437140 2239.8
1437150 2239.8
1437160 2237.3
1437170 2233.0
1437180 2233.0
1437190 2228.5
1437200 2228.3
1437210 2228.3
1437220 2228.3
1437230 2228.3
1437240 2227.3
1437250 2227.3
1437260 2225.4
1437270 2223.2
1437280 2223.2
1437290 2221.4
1437300 2221.0
1437310 2221.0
1437320 2218.6
1437330 2216.6
1437340 2216.6
1437350 2213.3
1437360 2212.1
1437370 2212.1
1437380 2213.5
1437390 2214.3
1437400 2214.3
1437410 2213.3
1437420 2213.0
1437430 2213.0
1437440 2210.4
1437450 2207.3
1437460 2207.3
1437470 2204.6
1437480 2203.2
1437490 2203.2
1437500 2202.8
1437510 2201.2
1437520 2201.2
1437530 2197.8
1437540 2196.1
1437550 2197.9
1437560 2197.9
1437570 2198.7
1437580 2197.6
1437590 2197.6
1437600 2195.7
1437610 2193.6
1437620 2193.6
1437630 2191.4
1437640 2189.4
1437650 2189.4
1437660 2186.8
1437670 2185.3
1437680 2185.3
1437690 2183.5
1437700 2184.3
1437710 2184.3
1437720 2184.0
1437730 2182.0
1437740 2182.0
1437750 2179.7
1437760 2178.1
1437770 2178.1
1437780 2176.3
1437790 2175.1
1437800 2175.1
1437810 2173.3
1437820 2173.8
1437830 2173.8
1437840 2175.2
1437850 2174.3
1437860 2174.3
1437870 2172.8
1437880 2172.0
1437890 2171.1
1437900 2171.1
1437910 2170.3
1437920 2168.9
1437930 2168.9
1437940 2168.5
1437950 2166.2
1437960 2166.2
1437970 2165.6
1437980 2166.6
1437990 2166.6
1438000 2164.7
1438010 2161.8
1438020 2161.8
1438030 2159.2
1438040 2158.4
1438050 2158.4
1438060 2156.3
1438070 2153.8
1438080 2153.8
1438090 2151.3
1438100 2149.0
1438110 2149.0
1438120 2146.1
1438130 2146.7
1438140 2146.7
1438150 2147.7
1438160 2145.4
1438170 2145.4
1438180 2142.6
1438190 2139.3
1438200 2132.9
1438210 2132.9
1438220 2127.7
1438230 2124.9
1438240 2124.9
1438250 2123.2
1438260 2121.0
1438270 2121.0
1438280 2118.9
1438290 2116.8
1438300 2116.8
1438310 2115.0
1438320 2113.6
1438330 2113.6
1438340 2115.2
1438350 2119.4
1438360 2119.4
1438370 2123.7
1438380 2123.2
1438390 2123.2
1438400 2120.5
1438410 2120.2
1438420 2120.2
1438430 2122.3
1438440 2123.8
1438450 2123.8
1438460 2124.5
1438470 2128.4
1438480 2128.4
1438490 2131.5
1438500 2129.5
1438510 2129.5
1438520 2127.9
1438530 2128.0
1438540 2128.3
1438550 2128.3
1438560 2129.3
1438570 2128.4
1438580 2128.4
1438590 2127.4
1438600 2127.4
1438610 2127.4
1438620 2128.0
1438630 2127.6
1438640 2127.6
1438650 2126.5
1438660 2124.8
1438670 2124.8
1438680 2122.2
1438690 2119.3
1438700 2119.3
1438710 2117.9
1438720 2116.3
1438730 2116.3
1438740 2116.7
1438750 2118.0
1438760 2118.0
1438770 2121.3
1438780 2124.2
1438790 2124.2
1438800 2128.5
1438810 2130.7
1438820 2130.7
1438830 2130.0
1438840 2128.0
1438850 2126.0
1438860 2126.0
1438870 2124.5
1438880 2125.1
1438890 2125.1
1438900 2124.9
1438910 2122.8
1438920 2122.8
1438930 2120.1
1438940 2119.8
1438950 2119.8
1438960 2121.2
1438970 2123.5
1438980 2123.5
1438990 2125.5
1439000 2127.4
1439010 2127.4
1439020 2129.1
1439030 2129.7
1439040 2129.7
1439050 2130.1
1439060 2131.8
1439070 2131.8
1439080 2134.4
1439090 2136.8
1439100 2136.8
1439110 2138.5
1439120 2140.3
1439130 2140.3
1439140 2142.2
1439150 2142.1
1439160 2141.5
1439170 2141.5
1439180 2141.0
1439190 2143.2
1439200 2143.2
1439210 2146.9
1439220 2151.8
1439230 2151.8
1439240 2153.0
1439250 2155.1
1439260 2155.1
1439270 2160.6
1439280 2161.4
1439290 2161.4
1439300 2161.5
1439310 2161.2
1439320 2161.2
1439330 2162.2
1439340 2160.8
1439350 2160.8
1439360 2161.0
1439370 2161.6
1439380 2161.6
1439390 2163.6
1439400 2165.9
1439410 2165.9
1439420 2167.6
1439430 2168.6
1439440 2168.6
1439450 2169.0
1439460 2170.4
1439470 2170.4
1439480 2171.9
1439490 2173.6
1439500 2173.7
1439510 2173.7
1439520 2174.0
1439530 2174.0
1439540 2174.0
1439550 2171.9
1439560 2171.0
1439570 2171.0
1439580 2170.2
1439590 2169.7
1439600 2169.7
1439610 2168.7
1439620 2168.5
1439630 2168.5
1439640 2168.0
1439650 2167.9
1439660 2167.9
1439670 2170.3
1439680 2173.5
1439690 2173.5
1439700 2174.1
1439710 2174.6
1439720 2174.6
1439730 2174.2
1439740 2172.4
1439750 2172.4
1439760 2173.0
1439770 2175.0
1439780 2175.0
1439790 2177.2
1439800 2179.3
1439810 2180.7
1439820 2180.7
1439830 2182.5
1439840 2183.5
1439850 2183.5
1439860 2183.3
1439870 2181.9
1439880 2181.9
1439890 2178.3
1439900 2175.6
1439910 2175.6
1439920 2174.7
1439930 2176.0
1439940 2176.0
1439950 2174.8
1439960 2171.3
1439970 2171.3
1439980 2168.3
1439990 2166.6
