1420000 1349.7
1420010 1346.7
1420020 1346.7
1420030 1341.3
1420040 1331.1
1420050 1331.1
1420060 1318.4
1420070 1302.3
1420080 1302.3
1420090 1283.4
1420100 1262.6
1420110 1251.1
1420120 1251.1
1420130 1243.0
1420140 1233.4
1420150 1233.4
1420160 1222.8
1420170 1216.1
1420180 1216.1
1420190 1214.4
1420200 1214.6
1420210 1214.6
1420220 1217.6
1420230 1219.9
1420240 1219.9
1420250 1221.5
1420260 1218.7
1420270 1222.3
1420280 1209.2
1420290 1205.9
1420300 1205.9
1420310 1212.6
1420320 1210.2
1420330 1210.2
1420340 1212.3
1420350 1220.9
1420360 1220.9
1420370 1227.7
1420380 1237.4
1420390 1237.4
1420400 1247.1
1420410 1254.1
1420420 1254.1
1420430 1262.4
1420440 1269.1
1420450 1272.4
1420460 1272.4
1420470 1274.2
1420480 1275.0
1420490 1275.0
1420500 1274.5
1420510 1270.8
1420520 1270.8
1420530 1275.6
1420540 1281.0
1420550 1281.0
1420560 1286.1
1420570 1289.4
1420580 1289.4
1420590 1290.6
1420600 1291.3
1420610 1291.3
1420620 1291.8
1420630 1292.3
1420640 1292.3
1420650 1290.1
1420660 1288.5
1420670 1288.5
1420680 1286.8
1420690 1283.4
1420700 1283.4
1420710 1279.2
1420720 1273.0
1420730 1273.0
1420740 1265.2
1420750 1258.1
1420760 1258.1
1420770 1250.8
1420780 1241.3
1420790 1229.7
1420800 1229.7
1420810 1215.8
1420820 1204.2
1420830 1204.2
1420840 1192.5
1420850 1182.5
1420860 1182.5
1420870 1172.7
1420880 1161.8
1420890 1161.8
1420900 1151.7
1420910 1143.5
1420920 1143.5
1420930 1135.1
1420940 1121.5
1420950 1121.5
1420960 1107.8
1420970 1097.8
1420980 1097.8
1420990 1088.1
1421000 1085.9
1421010 1085.9
1421020 1084.1
1421030 1081.0
1421040 1081.0
1421050 1077.2
1421060 1071.8
1421070 1071.8
1421080 1068.6
1421090 1065.6
1421100 1061.4
1421110 1061.4
1421120 1056.6
1421130 1051.9
1421140 1051.9
1421150 1046.0
1421160 1039.4
1421170 1039.4
1421180 1031.6
1421190 1022.5
1421200 1022.5
1421210 1013.1
1421220 1004.1
1421230 1004.1
1421240 996.8
1421250 990.5
1421260 990.5
1421270 986.8
1421280 983.5
1421290 983.5
1421300 979.8
1421310 976.7
1421320 976.7
1421330 974.6
1421340 969.2
1421350 969.2
1421360 968.4
1421370 970.4
1421380 970.4
1421390 973.5
1421400 979.5
1421410 979.5
1421420 986.8
1421430 990.5
1421440 991.0
1421450 991.0
1421460 992.2
1421470 995.0
1421480 995.0
1421490 1003.0
1421500 1008.9
1421510 1008.9
1421520 1012.1
1421530 1015.8
1421540 1015.8
1421550 1020.2
1421560 1023.2
1421570 1023.2
1421580 1025.0
1421590 1026.5
1421600 1026.5
1421610 1028.2
1421620 1028.3
1421630 1028.3
1421640 1028.5
1421650 1030.1
1421660 1030.1
1421670 1032.1
1421680 1032.9
1421690 1032.9
1421700 1033.4
1421710 1034.0
1421720 1034.0
1421730 1036.8
1421740 1040.4
1421750 1040.4
1421760 1041.6
1421770 1041.2
1421780 1044.0
1421790 1044.0
1421800 1045.8
1421810 1045.4
1421820 1045.4
1421830 1045.3
1421840 1046.1
1421850 1046.1
1421860 1045.7
1421870 1044.9
1421880 1044.9
1421890 1043.2
1421900 1042.2
1421910 1042.2
1421920 1041.4
1421930 1040.5
1421940 1040.5
1421950 1040.2
1421960 1040.7
1421970 1040.7
1421980 1039.7
1421990 1035.4
1422000 1035.4
1422010 1032.1
1422020 1029.7
1422030 1029.7
1422040 1025.0
1422050 1015.7
1422060 1015.7
1422070 1006.3
1422080 999.3
1422090 999.3
1422100 993.8
1422110 988.8
1422120 983.8
1422130 983.8
1422140 978.2
1422150 975.1
1422160 975.1
1422170 972.9
1422180 973.4
1422190 973.4
1422200 975.0
1422210 976.0
1422220 976.0
1422230 977.5
1422240 977.3
1422250 977.3
1422260 976.3
1422270 976.8
1422280 979.6
1422290 980.1
1422300 981.4
1422310 981.4
1422320 981.9
1422330 984.2
1422340 984.2
1422350 984.9
1422360 982.6
1422370 982.6
1422380 982.9
1422390 986.0
1422400 986.0
1422410 989.7
1422420 989.0
1422430 989.0
1422440 988.2
1422450 987.8
1422460 990.5
1422470 990.5
1422480 994.6
1422490 998.8
1422500 998.8
1422510 1000.8
1422520 994.8
1422530 994.8
1422540 984.3
1422550 978.8
1422560 978.8
1422570 971.9
1422580 960.9
1422590 960.9
1422600 951.6
1422610 942.7
1422620 942.7
1422630 931.4
1422640 919.0
1422650 919.0
1422660 906.9
1422670 899.6
1422680 899.6
1422690 899.1
1422700 892.0
1422710 892.0
1422720 882.4
1422730 874.6
1422740 874.6
1422750 866.7
1422760 859.5
1422770 859.5
1422780 856.9
1422790 852.1
1422800 844.9
1422810 844.9
1422820 845.1
1422830 855.8
1422840 855.8
1422850 863.4
1422860 868.8
1422870 868.8
1422880 873.0
1422890 876.6
1422900 876.6
1422910 889.9
1422920 895.1
1422930 895.1
1422940 897.8
1422950 895.7
1422960 895.7
1422970 890.4
1422980 887.4
1422990 887.4
1423000 888.9
1423010 886.8
1423020 886.8
1423030 881.0
1423040 875.2
1423050 875.2
1423060 872.1
1423070 872.1
1423080 872.1
1423090 875.5
1423100 877.9
1423110 877.9
1423120 878.3
1423130 877.5
1423140 875.1
1423150 875.1
1423160 873.3
1423170 870.6
1423180 870.6
1423190 865.6
1423200 861.4
1423210 861.4
1423220 859.1
1423230 857.0
1423240 857.0
1423250 852.9
1423260 848.7
1423270 848.7
1423280 843.2
1423290 836.9
1423300 836.9
1423310 832.1
1423320 820.8
1423330 820.8
1423340 807.8
1423350 797.3
1423360 797.3
1423370 789.1
1423380 775.5
1423390 775.5
1423400 760.1
1423410 747.4
1423420 747.4
1423430 729.5
1423440 721.8
1423450 704.0
1423460 704.0
1423470 701.3
1423480 698.5
1423490 698.5
1423500 691.2
1423510 683.3
1423520 683.3
1423530 679.1
1423540 677.3
1423550 677.3
1423560 677.4
1423570 677.5
1423580 677.5
1423590 677.5
1423600 677.5
1423610 677.5
1423620 677.3
1423630 676.2
1423640 676.2
1423650 675.7
1423660 675.0
1423670 675.0
1423680 674.9
1423690 675.0
1423700 675.0
1423710 675.0
1423720 675.0
1423730 675.0
1423740 675.7
1423750 676.3
1423760 676.3
1423770 676.9
1423780 677.1
1423790 677.1
1423800 677.1
1423810 677.0
1423820 676.9
1423830 676.9
1423840 676.9
1423850 676.9
1423860 676.9
1423870 676.8
1423880 676.8
1423890 676.8
1423900 676.9
1423910 677.0
1423920 677.0
1423930 677.0
1423940 677.0
1423950 677.0
1423960 677.0
1423970 677.0
1423980 677.0
1423990 676.9
1424000 676.9
1424010 676.9
1424020 676.9
1424030 677.0
1424040 677.0
1424050 677.0
1424060 677.0
1424070 677.0
1424080 677.0
1424090 677.0
1424100 677.0
1424110 676.9
1424120 677.1
1424130 677.6
1424140 677.6
1424150 677.9
1424160 677.4
1424170 677.4
1424180 677.0
1424190 677.2
1424200 677.2
1424210 677.3
1424220 677.4
1424230 677.4
1424240 677.3
1424250 677.2
1424260 677.2
1424270 677.1
1424280 677.0
1424290 677.0
1424300 677.0
1424310 677.2
1424320 677.2
1424330 677.4
1424340 677.4
1424350 677.4
1424360 677.5
1424370 677.6
1424380 677.6
1424390 677.7
1424400 677.9
1424410 677.9
1424420 678.0
1424430 678.0
1424440 678.0
1424450 678.0
1424460 678.0
1424470 678.1
1424480 678.1
1424490 678.2
1424500 678.4
1424510 678.4
1424520 678.7
1424530 678.8
1424540 678.8
1424550 679.4
1424560 679.8
1424570 679.8
1424580 681.2
1424590 683.2
1424600 683.2
1424610 684.8
1424620 686.4
1424630 686.4
1424640 690.9
1424650 697.9
1424660 697.9
1424670 705.6
1424680 717.8
1424690 717.8
1424700 725.6
1424710 723.1
1424720 723.1
1424730 714.9
1424740 714.8
1424750 714.8
1424760 716.9
1424770 716.7
1424780 716.7
1424790 715.3
1424800 714.4
1424810 714.0
1424820 714.0
1424830 713.5
1424840 714.0
1424850 714.0
1424860 715.0
1424870 716.3
1424880 716.3
1424890 718.2
1424900 719.2
1424910 719.2
1424920 720.5
1424930 721.4
1424940 721.4
1424950 723.3
1424960 727.2
1424970 727.2
1424980 728.7
1424990 730.0
1425000 730.0
1425010 730.7
1425020 731.2
1425030 731.2
1425040 731.0
1425050 731.1
1425060 731.1
1425070 730.7
1425080 730.2
1425090 730.2
1425100 729.8
1425110 729.3
1425120 729.3
1425130 729.1
1425140 730.1
1425150 730.2
1425160 730.2
1425170 727.7
1425180 726.2
1425190 726.2
1425200 723.6
1425210 719.4
1425220 719.4
1425230 717.1
1425240 714.2
1425250 714.2
1425260 711.6
1425270 710.4
1425280 710.4
1425290 708.4
1425300 705.9
1425310 705.9
1425320 705.2
1425330 707.5
1425340 707.5
1425350 710.0
1425360 713.6
1425370 713.6
1425380 722.2
1425390 742.6
1425400 742.6
1425410 753.5
1425420 761.2
1425430 761.2
1425440 767.1
1425450 772.8
1425460 772.8
1425470 778.3
1425480 784.3
1425490 791.3
1425500 791.3
1425510 798.3
1425520 805.2
1425530 805.2
1425540 812.2
1425550 819.1
1425560 819.1
1425570 825.8
1425580 832.8
1425590 832.8
1425600 839.4
1425610 846.5
1425620 846.5
1425630 853.6
1425640 860.5
1425650 860.5
1425660 867.8
1425670 874.8
1425680 874.8
1425690 881.7
1425700 888.4
1425710 888.4
1425720 894.6
1425730 900.7
1425740 900.7
1425750 907.3
1425760 915.0
1425770 915.0
1425780 924.2
1425790 935.6
1425800 947.4
1425810 947.4
1425820 958.5
1425830 968.4
1425840 968.4
1425850 978.9
1425860 989.9
1425870 989.9
1425880 996.4
1425890 1004.5
1425900 1004.5
1425910 1012.4
1425920 1020.0
1425930 1020.0
1425940 1027.1
1425950 1034.5
1425960 1034.5
1425970 1042.4
1425980 1050.3
1425990 1050.3
1426000 1058.5
1426010 1068.2
1426020 1068.2
1426030 1079.4
1426040 1106.2
1426050 1106.2
1426060 1130.4
1426070 1166.9
1426080 1166.9
1426090 1189.1
1426100 1202.6
1426110 1202.6
1426120 1211.0
1426130 1218.2
1426140 1225.8
1426150 1225.8
1426160 1232.8
1426170 1238.5
1426180 1238.5
1426190 1243.7
1426200 1251.6
1426210 1251.6
1426220 1260.1
1426230 1266.4
1426240 1266.4
1426250 1277.6
1426260 1287.5
1426270 1287.5
1426280 1297.0
1426290 1303.0
1426300 1303.0
1426310 1315.9
1426320 1336.1
1426330 1336.1
1426340 1384.2
1426350 1421.3
1426360 1421.3
1426370 1431.7
1426380 1440.9
1426390 1440.9
1426400 1449.0
1426410 1456.3
1426420 1456.3
1426430 1464.0
1426440 1471.2
1426450 1471.2
1426460 1476.2
1426470 1478.8
1426480 1480.0
1426490 1480.0
1426500 1482.5
1426510 1486.9
1426520 1486.9
1426530 1483.6
1426540 1489.7
1426550 1489.7
1426560 1493.9
1426570 1496.4
1426580 1496.4
1426590 1497.9
1426600 1497.5
1426610 1497.5
1426620 1497.2
1426630 1495.5
1426640 1495.5
1426650 1496.5
1426660 1495.0
1426670 1495.0
1426680 1492.7
1426690 1492.5
1426700 1492.5
1426710 1490.4
1426720 1487.7
1426730 1487.7
1426740 1482.7
1426750 1460.1
1426760 1460.1
1426770 1426.7
1426780 1398.4
1426790 1398.4
1426800 1369.1
1426810 1341.3
1426820 1328.7
1426830 1328.7
1426840 1339.8
1426850 1351.8
1426860 1351.8
1426870 1355.1
1426880 1362.9
1426890 1362.9
1426900 1368.9
1426910 1378.8
1426920 1378.8
1426930 1386.4
1426940 1390.8
1426950 1390.8
1426960 1397.0
1426970 1405.1
1426980 1405.1
1426990 1415.4
1427000 1430.9
1427010 1430.9
1427020 1441.4
1427030 1449.9
1427040 1449.9
1427050 1457.9
1427060 1466.2
1427070 1466.2
1427080 1475.6
1427090 1484.5
1427100 1484.5
1427110 1493.8
1427120 1502.8
1427130 1502.8
1427140 1508.4
1427150 1514.0
1427160 1520.5
1427170 1520.5
1427180 1525.7
1427190 1529.4
1427200 1529.4
1427210 1534.1
1427220 1540.8
1427230 1540.8
1427240 1548.5
1427250 1552.5
1427260 1552.5
1427270 1555.6
1427280 1560.4
1427290 1560.4
1427300 1567.2
1427310 1573.7
1427320 1573.7
1427330 1578.0
1427340 1583.0
1427350 1583.0
1427360 1588.1
1427370 1592.7
1427380 1592.7
1427390 1597.7
1427400 1609.0
1427410 1609.0
1427420 1623.9
1427430 1638.2
1427440 1638.2
1427450 1645.7
1427460 1650.0
1427470 1650.0
1427480 1651.9
1427490 1650.1
1427500 1647.8
1427510 1647.8
1427520 1646.4
1427530 1644.1
1427540 1644.1
1427550 1639.1
1427560 1641.6
1427570 1641.6
1427580 1646.1
1427590 1650.3
1427600 1650.3
1427610 1652.7
1427620 1651.2
1427630 1651.2
1427640 1648.5
1427650 1647.3
1427660 1647.3
1427670 1647.9
1427680 1647.2
1427690 1647.2
1427700 1643.6
1427710 1643.2
1427720 1643.2
1427730 1640.1
1427740 1639.4
1427750 1639.4
1427760 1639.2
1427770 1636.0
1427780 1636.0
1427790 1632.7
1427800 1632.3
1427810 1632.3
1427820 1632.1
1427830 1630.9
1427840 1630.9
1427850 1630.9
1427860 1629.8
1427870 1630.5
1427880 1630.5
1427890 1628.9
1427900 1625.7
1427910 1625.7
1427920 1620.4
1427930 1610.2
1427940 1610.2
1427950 1591.4
1427960 1570.4
1427970 1570.4
1427980 1557.1
1427990 1560.2
1428000 1560.2
1428010 1558.8
1428020 1554.9
1428030 1554.9
1428040 1557.5
1428050 1558.0
1428060 1558.0
1428070 1559.6
1428080 1561.0
1428090 1561.0
1428100 1561.6
1428110 1559.7
1428120 1559.7
1428130 1559.7
1428140 1559.2
1428150 1558.4
1428160 1558.4
1428170 1556.6
1428180 1559.4
1428190 1559.4
1428200 1563.8
1428210 1571.0
1428220 1571.0
1428230 1573.2
1428240 1576.5
1428250 1576.5
1428260 1580.4
1428270 1582.6
1428280 1582.6
1428290 1580.8
1428300 1573.4
1428310 1573.4
1428320 1565.8
1428330 1556.8
1428340 1556.8
1428350 1547.2
1428360 1539.1
1428370 1539.1
1428380 1543.6
1428390 1551.3
1428400 1551.3
1428410 1554.6
1428420 1554.5
1428430 1554.5
1428440 1555.2
1428450 1551.4
1428460 1551.4
1428470 1533.2
1428480 1517.2
1428490 1514.2
1428500 1514.2
1428510 1559.4
1428520 1582.4
1428530 1582.4
1428540 1593.4
1428550 1591.1
1428560 1591.1
1428570 1574.5
1428580 1570.3
1428590 1570.3
1428600 1572.2
1428610 1584.2
1428620 1584.2
1428630 1590.8
1428640 1596.9
1428650 1596.9
1428660 1602.8
1428670 1609.6
1428680 1609.6
1428690 1618.0
1428700 1627.7
1428710 1627.7
1428720 1638.2
1428730 1646.2
1428740 1646.2
1428750 1652.2
1428760 1659.8
1428770 1659.8
1428780 1662.4
1428790 1670.7
1428800 1670.7
1428810 1681.5
1428820 1693.5
1428830 1702.4
1428840 1702.4
1428850 1707.8
1428860 1715.5
1428870 1715.5
1428880 1725.0
1428890 1735.7
1428900 1735.7
1428910 1746.3
1428920 1761.7
1428930 1761.7
1428940 1769.2
1428950 1778.5
1428960 1778.5
1428970 1787.2
1428980 1793.7
1428990 1793.7
1429000 1803.2
1429010 1809.1
1429020 1809.1
1429030 1813.5
1429040 1817.9
1429050 1817.9
1429060 1823.4
1429070 1830.1
1429080 1830.1
1429090 1836.9
1429100 1846.1
1429110 1846.1
1429120 1853.6
1429130 1861.4
1429140 1861.4
1429150 1869.4
1429160 1877.8
1429170 1890.8
1429180 1890.8
1429190 1909.7
1429200 1922.8
1429210 1922.8
1429220 1927.2
1429230 1933.2
1429240 1933.2
1429250 1938.6
1429260 1943.7
1429270 1943.7
1429280 1950.0
1429290 1956.7
1429300 1956.7
1429310 1963.0
1429320 1969.6
1429330 1969.6
1429340 1975.5
1429350 1983.8
1429360 1983.8
1429370 1992.2
1429380 1998.1
1429390 1998.1
1429400 2004.0
1429410 2008.8
1429420 2008.8
1429430 2001.8
1429440 1992.4
1429450 1992.4
1429460 1984.5
1429470 1989.6
1429480 1989.6
1429490 1994.1
1429500 1999.3
1429510 2005.1
1429520 2005.1
1429530 2010.1
1429540 2011.8
1429550 2011.8
1429560 2012.4
1429570 2006.8
1429580 2006.8
1429590 1998.1
1429600 1989.5
1429610 1989.5
1429620 1988.7
1429630 2000.9
1429640 2000.9
1429650 2010.4
1429660 2017.6
1429670 2017.6
1429680 2023.0
1429690 2018.8
1429700 2018.8
1429710 2009.7
1429720 2012.6
1429730 2012.6
1429740 2020.4
1429750 2027.4
1429760 2027.4
1429770 2030.0
1429780 2035.9
1429790 2035.9
1429800 2043.6
1429810 2051.8
1429820 2051.8
1429830 2051.6
1429840 2052.2
1429850 2053.2
1429860 2053.2
1429870 2055.9
1429880 2059.3
1429890 2059.3
1429900 2063.2
1429910 2066.4
1429920 2066.4
1429930 2062.3
1429940 2065.5
1429950 2065.5
1429960 2053.6
1429970 2044.5
1429980 2044.5
1429990 2047.5
1430000 2051.2
1430010 2051.2
1430020 2054.3
1430030 2051.2
1430040 2051.2
1430050 2045.6
1430060 2050.8
1430070 2050.8
1430080 2054.0
1430090 2049.2
1430100 2049.2
1430110 2047.0
1430120 2045.5
1430130 2045.5
1430140 2037.7
1430150 2031.3
1430160 2031.3
1430170 2032.2
1430180 2024.2
1430190 2009.9
1430200 2009.9
1430210 2010.0
1430220 2014.1
1430230 2014.1
1430240 2020.8
1430250 2023.0
1430260 2023.0
1430270 2006.6
1430280 2008.0
1430290 2008.0
1430300 2014.8
1430310 2021.7
1430320 2021.7
1430330 2030.2
1430340 2038.4
1430350 2038.4
1430360 2029.7
1430370 2010.7
1430380 2010.7
1430390 2006.4
1430400 1998.6
1430410 1998.6
1430420 1968.3
1430430 1906.2
1430440 1906.2
1430450 1866.3
1430460 1861.5
1430470 1861.5
1430480 1871.7
1430490 1884.5
1430500 1889.9
1430510 1889.9
1430520 1888.0
1430530 1890.1
1430540 1890.1
1430550 1894.3
1430560 1902.1
1430570 1902.1
1430580 1910.7
1430590 1918.5
1430600 1918.5
1430610 1932.5
1430620 1959.9
1430630 1959.9
1430640 1990.3
1430650 2013.4
1430660 2013.4
1430670 2029.4
1430680 2027.8
1430690 2027.8
1430700 2002.6
1430710 1986.1
1430720 1986.1
1430730 2000.4
1430740 2003.4
1430750 2003.4
1430760 2010.4
1430770 2038.4
1430780 2038.4
1430790 2050.8
1430800 2043.3
1430810 2043.3
1430820 2035.9
1430830 2030.4
1430840 2019.3
1430850 2019.3
1430860 2006.6
1430870 1994.1
1430880 1994.1
1430890 1990.3
1430900 1986.2
1430910 1986.2
1430920 1980.9
1430930 1974.0
1430940 1974.0
1430950 1968.1
1430960 1963.0
1430970 1963.0
1430980 1958.4
1430990 1952.9
1431000 1952.9
1431010 1950.8
1431020 1951.6
1431030 1951.6
1431040 1951.7
1431050 1948.1
1431060 1948.1
1431070 1949.7
1431080 1951.9
1431090 1951.9
1431100 1955.1
1431110 1957.9
1431120 1962.1
1431130 1963.9
1431140 1964.1
1431150 1964.1
1431160 1959.9
1431170 1960.5
1431180 1962.5
1431190 1962.5
1431200 1966.1
1431210 1971.7
1431220 1971.7
1431230 1976.5
1431240 1976.9
1431250 1976.9
1431260 1980.0
1431270 1984.3
1431280 1984.3
1431290 1986.8
1431300 1985.9
1431310 1985.9
1431320 1986.7
1431330 1992.1
1431340 1992.1
1431350 1991.1
1431360 1989.3
1431370 1989.3
1431380 1988.6
1431390 1989.4
1431400 1989.4
1431410 1989.8
1431420 1992.8
1431430 1992.8
1431440 1992.1
1431450 1991.2
1431460 1991.2
1431470 1988.4
1431480 1985.3
1431490 1985.3
1431500 1986.0
1431510 1985.0
1431520 1981.6
1431530 1981.6
1431540 1985.2
1431550 1984.6
1431560 1984.6
1431570 1982.0
1431580 1980.0
1431590 1980.0
1431600 1986.5
1431610 1990.5
1431620 1990.5
1431630 1994.8
1431640 1997.7
1431650 1997.7
1431660 2001.4
1431670 2002.7
1431680 2002.7
1431690 2001.3
1431700 2002.4
1431710 2002.4
1431720 1995.5
1431730 1993.0
1431740 1993.0
1431750 1994.6
1431760 1996.4
1431770 1996.4
1431780 1994.2
1431790 1991.6
1431800 1991.6
1431810 1995.9
1431820 1994.9
1431830 1994.9
1431840 1995.9
1431850 1998.7
1431860 2004.1
1431870 2004.1
1431880 2006.7
1431890 2009.2
1431900 2009.2
1431910 2009.3
1431920 2009.8
1431930 2009.8
1431940 2011.3
1431950 2008.2
1431960 2008.2
1431970 2008.7
1431980 2009.9
1431990 2009.9
1432000 2010.8
1432010 2010.4
1432020 2010.4
1432030 2009.3
1432040 2008.4
1432050 2008.4
1432060 2009.4
1432070 2011.1
1432080 2011.1
1432090 2011.0
1432100 2014.6
1432110 2014.6
1432120 2016.0
1432130 2014.2
1432140 2014.2
1432150 2013.1
1432160 2015.2
1432170 2015.2
1432180 2017.5
1432190 2019.4
1432200 2018.4
1432210 2018.4
1432220 2019.2
1432230 2019.9
1432240 2019.9
1432250 2022.5
1432260 2025.0
1432270 2025.0
1432280 2024.5
1432290 2027.2
1432300 2027.2
1432310 2028.8
1432320 2038.8
1432330 2038.8
1432340 2040.2
1432350 2041.8
1432360 2041.8
1432370 2040.6
1432380 2035.7
1432390 2035.7
1432400 2032.0
1432410 2028.9
1432420 2028.9
1432430 2031.8
1432440 2028.1
1432450 2028.1
1432460 2029.3
1432470 2027.5
1432480 2027.5
1432490 2023.9
1432500 2024.1
1432510 2024.1
1432520 2026.6
1432530 2031.4
1432540 2032.6
1432550 2032.6
1432560 2034.7
1432570 2037.9
1432580 2037.9
1432590 2040.5
1432600 2038.9
1432610 2038.9
1432620 2035.8
1432630 2036.4
1432640 2036.4
1432650 2036.4
1432660 2035.1
1432670 2035.1
1432680 2042.4
1432690 2048.3
1432700 2048.3
1432710 2046.5
1432720 2051.0
1432730 2051.0
1432740 2054.5
1432750 2058.6
1432760 2058.6
1432770 2058.5
1432780 2057.4
1432790 2057.4
1432800 2056.7
1432810 2052.5
1432820 2052.5
1432830 2046.4
1432840 2048.0
1432850 2052.0
1432860 2052.0
1432870 2054.1
1432880 2055.3
1432890 2055.3
1432900 2055.2
1432910 2054.8
1432920 2054.8
1432930 2052.4
1432940 2050.0
1432950 2050.0
1432960 2049.3
1432970 2049.8
1432980 2049.8
1432990 2049.9
1433000 2051.2
1433010 2051.2
1433020 2049.6
1433030 2047.4
1433040 2047.4
1433050 2043.8
1433060 2042.3
1433070 2042.3
1433080 2044.0
1433090 2042.7
1433100 2042.7
1433110 2043.3
1433120 2045.7
1433130 2045.7
1433140 2045.1
1433150 2042.2
1433160 2042.2
1433170 2043.0
1433180 2044.8
1433190 2041.9
1433200 2041.9
1433210 2041.3
1433220 2042.1
1433230 2042.1
1433240 2041.8
1433250 2042.1
1433260 2042.1
1433270 2045.8
1433280 2048.2
1433290 2048.2
1433300 2047.6
1433310 2046.8
1433320 2046.8
1433330 2046.0
1433340 2045.6
1433350 2045.6
1433360 2045.4
1433370 2042.2
1433380 2042.2
1433390 2040.9
1433400 2042.5
1433410 2042.5
1433420 2041.3
1433430 2038.0
1433440 2038.0
1433450 2039.7
1433460 2043.4
1433470 2043.4
1433480 2046.2
1433490 2048.0
1433500 2048.0
1433510 2047.5
1433520 2049.2
1433530 2048.3
1433540 2048.3
1433550 2051.5
1433560 2054.3
1433570 2056.5
1433580 2056.8
1433590 2057.1
1433600 2057.1
1433610 2057.0
1433620 2055.8
1433630 2055.8
1433640 2059.2
1433650 2059.2
1433660 2059.2
1433670 2056.0
1433680 2055.5
1433690 2055.5
1433700 2054.3
1433710 2052.3
1433720 2052.3
1433730 2056.7
1433740 2060.7
1433750 2060.7
1433760 2061.1
1433770 2056.4
1433780 2056.4
1433790 2057.4
1433800 2058.3
1433810 2058.3
1433820 2061.2
1433830 2064.7
1433840 2064.7
1433850 2068.6
1433860 2074.1
1433870 2078.1
1433880 2078.1
1433890 2083.0
1433900 2087.4
1433910 2087.4
1433920 2090.8
1433930 2094.5
1433940 2094.5
1433950 2099.6
1433960 2111.0
1433970 2111.0
1433980 2118.5
1433990 2122.2
1434000 2122.2
1434010 2123.3
1434020 2126.8
1434030 2126.8
1434040 2130.2
1434050 2132.4
1434060 2132.4
1434070 2133.9
1434080 2134.3
1434090 2134.3
1434100 2127.8
1434110 2125.7
1434120 2125.7
1434130 2126.1
1434140 2129.2
1434150 2129.2
1434160 2131.1
1434170 2128.8
1434180 2128.8
1434190 2127.1
1434200 2132.7
1434210 2134.9
1434220 2134.9
1434230 2133.9
1434240 2132.4
1434250 2132.4
1434260 2135.4
1434270 2140.7
1434280 2140.7
1434290 2148.8
1434300 2157.4
1434310 2157.4
1434320 2157.5
1434330 2157.0
1434340 2157.0
1434350 2158.9
1434360 2161.9
1434370 2161.9
1434380 2160.0
1434390 2158.8
1434400 2158.8
1434410 2156.8
1434420 2153.4
1434430 2153.4
1434440 2153.8
1434450 2158.4
1434460 2158.4
1434470 2159.2
1434480 2156.1
1434490 2156.1
1434500 2152.0
1434510 2146.8
1434520 2146.8
1434530 2143.1
1434540 2136.5
1434550 2133.1
1434560 2133.1
1434570 2128.9
1434580 2124.3
1434590 2124.3
1434600 2119.8
1434610 2116.5
1434620 2116.5
1434630 2114.5
1434640 2114.0
1434650 2114.0
1434660 2112.8
1434670 2110.5
1434680 2110.5
1434690 2110.6
1434700 2112.3
1434710 2112.3
1434720 2112.7
1434730 2113.5
1434740 2113.5
1434750 2113.8
1434760 2108.6
1434770 2108.6
1434780 2108.4
1434790 2109.8
1434800 2109.8
1434810 2106.9
1434820 2104.5
1434830 2104.5
1434840 2099.6
1434850 2096.9
1434860 2093.3
1434870 2093.3
1434880 2088.3
1434890 2084.9
1434900 2084.9
1434910 2083.6
1434920 2080.5
1434930 2080.5
1434940 2078.6
1434950 2074.2
1434960 2074.2
1434970 2069.5
1434980 2065.3
1434990 2065.3
1435000 2060.2
1435010 2056.7
1435020 2056.7
1435030 2054.2
1435040 2054.7
1435050 2054.7
1435060 2059.1
1435070 2057.6
1435080 2057.6
1435090 2052.3
1435100 2052.7
1435110 2052.7
1435120 2051.2
1435130 2046.1
1435140 2046.1
1435150 2045.4
1435160 2046.0
1435170 2046.0
1435180 2044.3
1435190 2038.4
1435200 2037.2
1435210 2037.2
1435220 2034.0
1435230 2026.8
1435240 2026.8
1435250 2023.7
1435260 2019.7
1435270 2019.7
1435280 2017.4
1435290 2015.6
1435300 2015.6
1435310 2009.6
1435320 2007.2
1435330 2007.2
1435340 1998.6
1435350 1989.7
1435360 1989.7
1435370 1981.5
1435380 1978.1
1435390 1978.1
1435400 1976.3
1435410 1974.0
1435420 1974.0
1435430 1967.7
1435440 1967.4
1435450 1967.4
1435460 1971.2
1435470 1971.4
1435480 1971.4
1435490 1972.6
1435500 1973.2
1435510 1973.2
1435520 1973.9
1435530 1975.9
1435540 1978.7
1435550 1978.7
1435560 1979.2
1435570 1980.7
1435580 1980.7
1435590 1982.3
1435600 1983.4
1435610 1983.4
1435620 1981.1
1435630 1978.7
1435640 1978.7
1435650 1975.4
1435660 1972.1
1435670 1972.1
1435680 1968.1
1435690 1964.8
1435700 1964.8
1435710 1963.5
1435720 1959.1
1435730 1959.1
1435740 1955.4
1435750 1951.3
1435760 1951.3
1435770 1949.4
1435780 1947.9
1435790 1947.9
1435800 1944.8
1435810 1944.4
1435820 1944.4
1435830 1944.6
1435840 1943.9
1435850 1943.9
1435860 1940.0
1435870 1939.0
1435880 1937.7
1435890 1937.7
1435900 1935.8
1435910 1935.1
1435920 1935.1
1435930 1939.4
1435940 1943.0
1435950 1943.0
1435960 1940.4
1435970 1938.9
1435980 1938.9
1435990 1936.5
1436000 1935.8
1436010 1935.8
1436020 1936.6
1436030 1936.0
1436040 1936.0
1436050 1935.0
1436060 1936.4
1436070 1936.4
1436080 1937.7
1436090 1936.9
1436100 1936.9
1436110 1935.7
1436120 1938.2
1436130 1938.2
1436140 1942.5
1436150 1944.2
1436160 1944.2
1436170 1946.9
1436180 1946.9
1436190 1946.9
1436200 1947.7
1436210 1946.9
1436220 1945.4
1436230 1945.4
1436240 1941.6
1436250 1937.1
1436260 1937.1
1436270 1931.3
1436280 1929.7
1436290 1929.7
1436300 1931.5
1436310 1927.6
1436320 1927.6
1436330 1923.7
1436340 1922.2
1436350 1922.2
1436360 1922.4
1436370 1918.8
1436380 1918.8
1436390 1915.7
1436400 1913.0
1436410 1913.0
1436420 1909.6
1436430 1907.4
1436440 1907.4
1436450 1903.4
1436460 1901.2
1436470 1901.2
1436480 1900.8
1436490 1900.6
1436500 1900.6
1436510 1902.3
1436520 1904.5
1436530 1904.5
1436540 1904.0
1436550 1902.9
1436560 1900.5
1436570 1900.5
1436580 1903.8
1436590 1905.1
1436600 1905.1
1436610 1902.3
1436620 1898.7
1436630 1898.7
1436640 1897.3
1436650 1891.1
1436660 1891.1
1436670 1883.3
1436680 1875.2
1436690 1875.2
1436700 1864.8
1436710 1859.5
1436720 1859.5
1436730 1850.6
1436740 1845.7
1436750 1845.7
1436760 1842.8
1436770 1841.9
1436780 1841.9
1436790 1841.4
1436800 1838.9
1436810 1838.9
1436820 1836.5
1436830 1831.3
1436840 1831.3
1436850 1827.1
1436860 1823.3
1436870 1823.3
1436880 1820.8
1436890 1819.6
1436900 1818.8
1436910 1818.8
1436920 1818.9
1436930 1819.1
1436940 1819.1
1436950 1821.1
1436960 1822.2
1436970 1822.2
1436980 1823.5
1436990 1827.0
1437000 1827.0
1437010 1830.0
1437020 1830.5
1437030 1830.5
1437040 1828.9
1437050 1825.0
1437060 1825.0
1437070 1823.2
1437080 1821.7
1437090 1821.7
1437100 1824.7
1437110 1826.1
1437120 1826.1
1437130 1824.1
1437140 1819.2
1437150 1819.2
1437160 1816.9
