1420000 927.2
1420010 927.2
1420020 921.7
1420030 915.4
1420040 915.4
1420050 910.8
1420060 912.2
1420070 912.2
1420080 913.8
1420090 917.6
1420100 917.6
1420110 924.0
1420120 929.2
1420130 929.2
1420140 924.8
1420150 918.3
1420160 918.3
1420170 912.7
1420180 902.7
1420190 902.7
1420200 891.8
1420210 883.8
1420220 883.8
1420230 876.6
1420240 871.4
1420250 871.4
1420260 868.0
1420270 864.8
1420280 860.2
1420290 860.2
1420300 854.2
1420310 847.5
1420320 847.5
1420330 840.7
1420340 834.1
1420350 834.1
1420360 827.6
1420370 822.3
1420380 822.3
1420390 816.0
1420400 808.3
1420410 808.3
1420420 800.1
1420430 791.9
1420440 791.9
1420450 783.8
1420460 778.1
1420470 778.1
1420480 773.4
1420490 769.2
1420500 769.2
1420510 765.7
1420520 763.6
1420530 763.6
1420540 762.3
1420550 760.4
1420560 760.4
1420570 755.9
1420580 750.6
1420590 750.6
1420600 746.4
1420610 743.7
1420620 740.6
1420630 740.6
1420640 738.4
1420650 736.8
1420660 736.8
1420670 733.8
1420680 730.1
1420690 730.1
1420700 726.8
1420710 723.5
1420720 723.5
1420730 720.4
1420740 716.7
1420750 716.7
1420760 713.0
1420770 710.2
1420780 710.2
1420790 708.6
1420800 707.1
1420810 707.1
1420820 705.6
1420830 704.9
1420840 704.9
1420850 704.1
1420860 702.9
1420870 702.9
1420880 701.3
1420890 699.0
1420900 699.0
1420910 696.5
1420920 693.8
1420930 693.8
1420940 690.6
1420950 686.9
1420960 682.6
1420970 682.6
1420980 676.6
1420990 673.9
1421000 673.9
1421010 673.4
1421020 672.9
1421030 672.9
1421040 670.6
1421050 668.7
1421060 668.7
1421070 668.4
1421080 668.5
1421090 668.5
1421100 668.5
1421110 668.5
1421120 668.5
1421130 668.9
1421140 669.5
1421150 669.5
1421160 670.2
1421170 670.4
1421180 670.4
1421190 670.4
1421200 670.4
1421210 670.4
1421220 670.4
1421230 670.4
1421240 670.4
1421250 670.4
1421260 670.4
1421270 670.4
1421280 670.3
1421290 670.3
1421300 670.3
1421310 670.3
1421320 670.4
1421330 670.4
1421340 670.4
1421350 670.4
1421360 670.4
1421370 670.4
1421380 670.4
1421390 670.3
1421400 670.3
1421410 670.2
1421420 670.4
1421430 670.4
1421440 670.3
1421450 670.3
1421460 670.3
1421470 670.4
1421480 670.3
1421490 670.3
1421500 670.2
1421510 670.2
1421520 670.2
1421530 670.3
1421540 670.3
1421550 670.3
1421560 670.3
1421570 670.4
1421580 670.4
1421590 670.4
1421600 670.4
1421610 670.4
1421620 670.4
1421630 670.5
1421640 670.5
1421650 670.5
1421660 670.5
1421670 670.5
1421680 670.5
1421690 670.5
1421700 670.6
1421710 670.6
1421720 670.6
1421730 670.6
1421740 670.6
1421750 670.5
1421760 670.5
1421770 670.5
1421780 670.6
1421790 670.7
1421800 670.7
1421810 670.7
1421820 670.9
1421830 670.9
1421840 670.9
1421850 671.0
1421860 671.0
1421870 671.1
1421880 671.2
1421890 671.2
1421900 671.2
1421910 671.2
1421920 671.2
1421930 671.3
1421940 671.3
1421950 671.3
1421960 671.3
1421970 671.3
1421980 671.7
1421990 671.7
1422000 672.0
1422010 672.1
1422020 672.1
1422030 672.3
1422040 672.4
1422050 672.4
1422060 672.5
1422070 672.5
1422080 672.5
1422090 672.3
1422100 672.1
1422110 672.1
1422120 671.9
1422130 672.0
1422140 672.0
1422150 672.1
1422160 672.2
1422170 672.2
1422180 672.3
1422190 672.3
1422200 672.3
1422210 672.3
1422220 672.3
1422230 672.3
1422240 672.3
1422250 672.3
1422260 672.3
1422270 672.2
1422280 672.1
1422290 672.1
1422300 672.7
1422310 673.7
1422320 674.0
1422330 674.0
1422340 674.2
1422350 674.9
1422360 674.9
1422370 675.1
1422380 674.8
1422390 674.8
1422400 674.4
1422410 674.5
1422420 674.5
1422430 673.8
1422440 674.7
1422450 674.7
1422460 678.8
1422470 684.2
1422480 684.2
1422490 689.5
1422500 694.2
1422510 694.2
1422520 707.5
1422530 718.0
1422540 718.0
1422550 720.8
1422560 722.7
1422570 722.7
1422580 726.8
1422590 731.8
1422600 731.8
1422610 738.0
1422620 741.4
1422630 744.6
1422640 744.6
1422650 746.9
1422660 751.0
1422670 751.0
1422680 753.8
1422690 756.3
1422700 756.3
1422710 764.6
1422720 772.7
1422730 772.7
1422740 775.2
1422750 775.7
1422760 775.7
1422770 781.4
1422780 783.5
1422790 783.5
1422800 783.2
1422810 781.6
1422820 781.6
1422830 788.8
1422840 796.8
1422850 796.8
1422860 800.7
1422870 805.8
1422880 805.8
1422890 814.1
1422900 823.1
1422910 823.1
1422920 828.2
1422930 830.0
1422940 830.0
1422950 835.7
1422960 835.8
1422970 833.0
1422980 833.0
1422990 844.0
1423000 861.7
1423010 861.7
1423020 876.2
1423030 884.4
1423040 884.4
1423050 892.8
1423060 897.9
1423070 897.9
1423080 901.1
1423090 906.9
1423100 906.9
1423110 914.3
1423120 919.4
1423130 919.4
1423140 925.3
1423150 924.2
1423160 924.2
1423170 917.4
1423180 908.5
1423190 908.5
1423200 894.7
1423210 885.5
1423220 885.5
1423230 878.0
1423240 872.1
1423250 872.1
1423260 869.8
1423270 867.6
1423280 867.6
1423290 867.4
1423300 868.2
1423310 867.5
1423320 867.5
1423330 872.0
1423340 878.7
1423350 878.7
1423360 882.7
1423370 887.8
1423380 887.8
1423390 893.3
1423400 900.0
1423410 900.0
1423420 906.4
1423430 912.6
1423440 912.6
1423450 919.6
1423460 927.0
1423470 927.0
1423480 933.2
1423490 943.0
1423500 943.0
1423510 969.3
1423520 1017.0
1423530 1017.0
1423540 1037.3
1423550 1049.0
1423560 1049.0
1423570 1053.4
1423580 1056.9
1423590 1056.9
1423600 1060.2
1423610 1062.0
1423620 1062.0
1423630 1063.6
1423640 1065.8
1423650 1067.9
1423660 1067.9
1423670 1069.5
1423680 1071.1
1423690 1071.1
1423700 1072.2
1423710 1073.8
1423720 1073.8
1423730 1076.5
1423740 1076.9
1423750 1076.9
1423760 1077.3
1423770 1079.3
1423780 1079.3
1423790 1082.5
1423800 1085.9
1423810 1085.9
1423820 1089.9
1423830 1093.9
1423840 1093.9
1423850 1098.4
1423860 1102.0
1423870 1102.0
1423880 1104.4
1423890 1098.7
1423900 1098.7
1423910 1102.5
1423920 1107.8
1423930 1107.8
1423940 1113.5
1423950 1116.8
1423960 1116.8
1423970 1118.1
1423980 1121.7
1423990 1125.7
1424000 1125.7
1424010 1130.1
1424020 1134.5
1424030 1134.5
1424040 1139.0
1424050 1142.2
1424060 1142.2
1424070 1145.3
1424080 1147.6
1424090 1147.6
1424100 1149.1
1424110 1150.3
1424120 1150.3
1424130 1152.4
1424140 1153.4
1424150 1153.4
1424160 1154.9
1424170 1158.3
1424180 1158.3
1424190 1161.5
1424200 1164.0
1424210 1164.0
1424220 1167.6
1424230 1171.1
1424240 1171.1
1424250 1174.7
1424260 1179.0
1424270 1179.0
1424280 1182.9
1424290 1186.8
1424300 1186.8
1424310 1190.4
1424320 1193.3
1424330 1196.2
1424340 1196.2
1424350 1199.1
1424360 1201.4
1424370 1201.4
1424380 1205.1
1424390 1208.1
1424400 1208.1
1424410 1208.9
1424420 1208.0
1424430 1208.0
1424440 1208.3
1424450 1209.4
1424460 1209.4
1424470 1210.3
1424480 1210.8
1424490 1210.8
1424500 1212.3
1424510 1214.5
1424520 1214.5
1424530 1216.7
1424540 1219.7
1424550 1219.7
1424560 1224.1
1424570 1227.8
1424580 1227.8
1424590 1231.6
1424600 1235.8
1424610 1235.8
1424620 1241.0
1424630 1246.6
1424640 1246.6
1424650 1252.1
1424660 1257.1
1424670 1261.2
1424680 1261.2
1424690 1265.8
1424700 1271.4
1424710 1271.4
1424720 1276.3
1424730 1279.7
1424740 1279.7
1424750 1281.9
1424760 1283.1
1424770 1283.1
1424780 1284.7
1424790 1286.1
1424800 1286.1
1424810 1287.3
1424820 1289.6
1424830 1289.6
1424840 1292.0
1424850 1293.9
1424860 1293.9
1424870 1296.8
1424880 1307.2
1424890 1307.2
1424900 1320.2
1424910 1327.6
1424920 1327.6
1424930 1325.6
1424940 1319.5
1424950 1319.5
1424960 1318.3
1424970 1327.4
1424980 1327.4
1424990 1332.1
1425000 1334.2
1425010 1334.0
1425020 1334.0
1425030 1333.2
1425040 1336.2
1425050 1336.2
1425060 1341.5
1425070 1340.1
1425080 1340.1
1425090 1342.6
1425100 1356.4
1425110 1356.4
1425120 1386.2
1425130 1412.9
1425140 1412.9
1425150 1424.2
1425160 1432.9
1425170 1432.9
1425180 1437.7
1425190 1443.8
1425200 1443.8
1425210 1442.0
1425220 1438.3
1425230 1438.3
1425240 1435.8
1425250 1433.4
1425260 1433.4
1425270 1433.1
1425280 1430.0
1425290 1430.0
1425300 1426.1
1425310 1421.4
1425320 1421.4
1425330 1412.8
1425340 1401.4
1425350 1388.3
1425360 1388.3
1425370 1377.7
1425380 1367.4
1425390 1367.4
1425400 1351.2
1425410 1328.8
1425420 1328.8
1425430 1294.4
1425440 1264.1
1425450 1264.1
1425460 1248.1
1425470 1239.0
1425480 1239.0
1425490 1227.2
1425500 1215.1
1425510 1215.1
1425520 1207.3
1425530 1201.4
1425540 1201.4
1425550 1196.0
1425560 1191.5
1425570 1191.5
1425580 1187.7
1425590 1183.3
1425600 1183.3
1425610 1179.2
1425620 1177.4
1425630 1177.4
1425640 1177.3
1425650 1178.1
1425660 1178.1
1425670 1176.8
1425680 1173.3
1425690 1168.2
1425700 1168.2
1425710 1161.5
1425720 1157.5
1425730 1157.5
1425740 1155.1
1425750 1152.0
1425760 1152.0
1425770 1147.6
1425780 1142.2
1425790 1142.2
1425800 1136.1
1425810 1129.5
1425820 1129.5
1425830 1123.6
1425840 1118.9
1425850 1118.9
1425860 1114.5
1425870 1110.8
1425880 1110.8
1425890 1107.6
1425900 1107.6
1425910 1107.6
1425920 1108.2
1425930 1107.1
1425940 1107.1
1425950 1108.6
1425960 1109.1
1425970 1109.1
1425980 1107.6
1425990 1104.9
1426000 1104.9
1426010 1104.7
1426020 1108.6
1426030 1120.3
1426040 1123.5
1426050 1131.0
1426060 1140.0
1426070 1140.0
1426080 1146.3
1426090 1153.1
1426100 1153.1
1426110 1157.8
1426120 1167.8
1426130 1167.8
1426140 1181.9
1426150 1190.1
1426160 1190.1
1426170 1196.2
1426180 1205.5
1426190 1205.5
1426200 1210.3
1426210 1214.2
1426220 1214.2
1426230 1218.6
1426240 1226.2
1426250 1226.2
1426260 1238.4
1426270 1243.6
1426280 1243.6
1426290 1249.3
1426300 1259.1
1426310 1259.1
1426320 1267.0
1426330 1274.2
1426340 1274.2
1426350 1281.7
1426360 1294.2
1426370 1329.6
1426380 1329.6
1426390 1341.0
1426400 1346.2
1426410 1346.2
1426420 1351.1
1426430 1359.1
1426440 1359.1
1426450 1365.0
1426460 1368.1
1426470 1368.1
1426480 1374.8
1426490 1381.7
1426500 1381.7
1426510 1390.1
1426520 1413.5
1426530 1413.5
1426540 1446.6
1426550 1469.4
1426560 1469.4
1426570 1482.5
1426580 1491.2
1426590 1491.2
1426600 1499.1
1426610 1505.3
1426620 1505.3
1426630 1520.6
1426640 1526.4
1426650 1526.4
1426660 1525.9
1426670 1523.6
1426680 1523.6
1426690 1527.8
1426700 1534.3
1426710 1539.0
1426720 1539.0
1426730 1545.5
1426740 1563.6
1426750 1563.6
1426760 1584.3
1426770 1612.3
1426780 1612.3
1426790 1633.5
1426800 1647.5
1426810 1647.5
1426820 1658.4
1426830 1668.9
1426840 1668.9
1426850 1674.3
1426860 1688.6
1426870 1688.6
1426880 1695.4
1426890 1695.5
1426900 1695.5
1426910 1698.3
1426920 1702.2
1426930 1702.2
1426940 1709.5
1426950 1714.3
1426960 1714.3
1426970 1713.8
1426980 1707.5
1426990 1707.5
1427000 1706.2
1427010 1706.9
1427020 1706.9
1427030 1707.7
1427040 1711.5
1427050 1717.1
1427060 1717.1
1427070 1716.8
1427080 1717.1
1427090 1717.1
1427100 1715.9
1427110 1715.2
1427120 1715.2
1427130 1719.8
1427140 1718.9
1427150 1718.9
1427160 1720.9
1427170 1727.7
1427180 1727.7
1427190 1731.1
1427200 1732.7
1427210 1732.7
1427220 1732.8
1427230 1733.5
1427240 1733.5
1427250 1736.2
1427260 1739.7
1427270 1739.7
1427280 1742.6
1427290 1747.3
1427300 1747.3
1427310 1758.2
1427320 1765.5
1427330 1765.5
1427340 1775.1
1427350 1788.6
1427360 1788.6
1427370 1795.3
1427380 1801.6
1427390 1811.8
1427400 1811.8
1427410 1822.4
1427420 1838.5
1427430 1838.5
1427440 1840.0
1427450 1809.3
1427460 1809.3
1427470 1808.8
1427480 1811.2
1427490 1811.2
1427500 1813.3
1427510 1809.6
1427520 1809.6
1427530 1796.5
1427540 1795.7
1427550 1795.7
1427560 1795.7
1427570 1782.3
1427580 1782.3
1427590 1755.3
1427600 1737.2
1427610 1737.2
1427620 1732.5
1427630 1726.9
1427640 1726.9
1427650 1721.2
1427660 1715.8
1427670 1715.8
1427680 1709.7
1427690 1703.9
1427700 1703.9
1427710 1700.5
1427720 1697.3
1427730 1695.3
1427740 1695.3
1427750 1693.1
1427760 1690.4
1427770 1690.4
1427780 1686.8
1427790 1685.3
1427800 1685.3
1427810 1687.2
1427820 1686.3
1427830 1686.3
1427840 1685.9
1427850 1687.7
1427860 1687.7
1427870 1690.0
1427880 1692.6
1427890 1692.6
1427900 1694.7
1427910 1695.8
1427920 1695.8
1427930 1696.2
1427940 1697.4
1427950 1697.4
1427960 1699.1
1427970 1701.5
1427980 1701.5
1427990 1704.5
1428000 1705.9
1428010 1705.9
1428020 1699.2
1428030 1698.7
1428040 1698.7
1428050 1695.9
1428060 1693.4
1428070 1689.5
1428080 1689.5
1428090 1688.7
1428100 1688.7
1428110 1688.7
1428120 1687.5
1428130 1685.6
1428140 1685.6
1428150 1685.9
1428160 1687.2
1428170 1687.2
1428180 1689.0
1428190 1690.3
1428200 1690.3
1428210 1691.5
1428220 1692.7
1428230 1692.7
1428240 1694.0
1428250 1696.1
1428260 1700.7
1428270 1701.4
1428280 1703.7
1428290 1703.7
1428300 1706.6
1428310 1707.2
1428320 1707.2
1428330 1706.4
1428340 1705.9
1428350 1705.9
1428360 1703.9
1428370 1702.3
1428380 1702.3
1428390 1699.8
1428400 1697.5
1428410 1697.4
1428420 1697.4
1428430 1696.8
1428440 1699.6
1428450 1699.6
1428460 1703.2
1428470 1706.8
1428480 1706.8
1428490 1711.6
1428500 1713.5
1428510 1713.5
1428520 1710.9
1428530 1706.1
1428540 1706.1
1428550 1704.6
1428560 1705.7
1428570 1705.7
1428580 1706.3
1428590 1707.4
1428600 1707.4
1428610 1709.6
1428620 1710.7
1428630 1710.7
1428640 1711.8
1428650 1711.5
1428660 1711.5
1428670 1712.7
1428680 1713.0
1428690 1713.0
1428700 1710.0
1428710 1709.9
1428720 1709.9
1428730 1708.6
1428740 1708.7
1428750 1708.9
1428760 1708.9
1428770 1707.2
1428780 1705.2
1428790 1705.2
1428800 1702.6
1428810 1703.9
1428820 1703.9
1428830 1705.7
1428840 1706.0
1428850 1706.0
1428860 1706.3
1428870 1707.5
1428880 1707.5
1428890 1709.4
1428900 1710.4
1428910 1710.4
1428920 1711.2
1428930 1713.3
1428940 1713.3
1428950 1716.4
1428960 1718.9
1428970 1718.9
1428980 1720.7
1428990 1721.2
1429000 1721.2
1429010 1722.9
1429020 1724.9
1429030 1724.9
1429040 1728.0
1429050 1729.4
1429060 1728.8
1429070 1728.8
1429080 1728.3
1429090 1728.2
1429100 1728.2
1429110 1728.1
1429120 1727.8
1429130 1727.8
1429140 1728.4
1429150 1726.6
1429160 1726.6
1429170 1725.4
1429180 1727.3
1429190 1727.3
1429200 1729.2
1429210 1731.1
1429220 1731.1
1429230 1732.8
1429240 1732.6
1429250 1732.6
1429260 1732.1
1429270 1732.7
1429280 1732.7
1429290 1734.7
1429300 1737.4
1429310 1737.4
1429320 1739.2
1429330 1740.3
1429340 1740.3
1429350 1738.4
1429360 1739.7
1429370 1739.7
1429380 1740.9
1429390 1742.1
1429400 1746.0
1429410 1746.0
1429420 1747.5
1429430 1749.7
1429440 1749.7
1429450 1753.7
1429460 1756.5
1429470 1756.5
1429480 1757.2
1429490 1757.6
1429500 1757.6
1429510 1756.6
1429520 1750.4
1429530 1750.4
1429540 1748.3
1429550 1746.3
1429560 1746.3
1429570 1745.2
1429580 1747.5
1429590 1747.5
1429600 1745.7
1429610 1744.3
1429620 1744.3
1429630 1741.5
1429640 1737.0
1429650 1737.0
1429660 1733.8
1429670 1731.1
1429680 1731.1
1429690 1727.5
1429700 1722.0
1429710 1722.0
1429720 1716.9
1429730 1715.3
1429740 1716.3
1429750 1716.3
1429760 1714.0
1429770 1710.3
1429780 1710.3
1429790 1706.9
1429800 1704.4
1429810 1704.4
1429820 1701.3
1429830 1699.4
1429840 1699.4
1429850 1698.0
1429860 1695.1
1429870 1695.1
1429880 1693.7
1429890 1692.8
1429900 1692.8
1429910 1689.3
1429920 1685.4
1429930 1685.4
1429940 1683.4
1429950 1681.6
1429960 1681.6
1429970 1680.3
1429980 1679.5
1429990 1679.5
1430000 1679.1
1430010 1678.8
1430020 1678.8
1430030 1678.4
1430040 1677.3
1430050 1677.3
1430060 1676.3
1430070 1675.3
1430080 1675.3
1430090 1675.3
1430100 1674.2
1430110 1676.5
1430120 1676.5
1430130 1679.5
1430140 1676.0
1430150 1676.0
1430160 1674.1
1430170 1671.8
1430180 1671.8
1430190 1670.5
1430200 1672.9
1430210 1672.9
1430220 1673.4
1430230 1675.6
1430240 1675.6
1430250 1677.1
1430260 1678.3
1430270 1678.3
1430280 1676.9
1430290 1674.0
1430300 1674.0
1430310 1673.6
1430320 1672.3
1430330 1672.3
1430340 1672.3
1430350 1674.4
1430360 1674.4
1430370 1674.8
1430380 1677.9
1430390 1677.9
1430400 1678.3
1430410 1676.8
1430420 1673.6
1430430 1673.6
1430440 1671.3
1430450 1671.3
1430460 1671.3
1430470 1670.7
1430480 1669.2
1430490 1669.2
1430500 1666.2
1430510 1666.0
1430520 1666.0
1430530 1666.4
1430540 1664.6
1430550 1664.6
1430560 1663.8
1430570 1663.3
1430580 1663.3
1430590 1664.5
1430600 1664.0
1430610 1664.0
1430620 1662.2
1430630 1662.5
1430640 1662.5
1430650 1662.5
1430660 1661.9
1430670 1661.9
1430680 1662.0
1430690 1660.9
1430700 1660.9
1430710 1660.9
1430720 1663.9
1430730 1663.9
1430740 1665.5
1430750 1666.8
1430760 1667.1
1430770 1667.1
1430780 1666.3
1430790 1665.4
1430800 1665.4
1430810 1665.8
1430820 1671.3
1430830 1671.3
1430840 1671.6
1430850 1672.9
1430860 1672.9
1430870 1677.0
1430880 1679.2
1430890 1679.2
1430900 1679.6
1430910 1680.0
1430920 1680.0
1430930 1681.8
1430940 1683.5
1430950 1683.5
1430960 1685.6
1430970 1685.1
1430980 1685.1
1430990 1684.2
1431000 1685.5
1431010 1685.5
1431020 1686.1
1431030 1687.2
1431040 1687.2
1431050 1688.6
1431060 1687.1
1431070 1687.1
1431080 1687.3
1431090 1687.0
1431100 1687.4
1431110 1687.4
1431120 1688.1
1431130 1689.5
1431140 1689.5
1431150 1689.0
1431160 1689.7
1431170 1689.7
1431180 1689.7
1431190 1690.8
1431200 1690.8
1431210 1691.6
1431220 1690.9
1431230 1690.9
1431240 1687.7
1431250 1686.8
1431260 1686.8
1431270 1683.4
1431280 1681.5
1431290 1681.5
1431300 1683.2
1431310 1687.0
1431320 1687.0
1431330 1685.5
1431340 1684.6
1431350 1684.6
1431360 1685.7
1431370 1687.4
1431380 1687.4
1431390 1686.8
1431400 1687.5
1431410 1687.5
1431420 1687.7
1431430 1691.6
1431440 1691.7
1431450 1691.7
1431460 1691.5
1431470 1694.6
1431480 1694.6
1431490 1696.9
1431500 1697.2
1431510 1697.2
1431520 1697.2
1431530 1701.0
1431540 1701.0
1431550 1704.9
1431560 1707.3
1431570 1707.3
1431580 1710.6
1431590 1715.2
1431600 1715.2
1431610 1714.2
1431620 1717.9
1431630 1717.9
1431640 1720.7
1431650 1722.9
1431660 1722.9
1431670 1722.9
1431680 1726.2
1431690 1726.2
1431700 1730.7
1431710 1730.1
1431720 1730.1
1431730 1733.0
1431740 1736.2
1431750 1736.2
1431760 1740.4
1431770 1742.7
1431780 1744.4
1431790 1744.4
1431800 1747.5
1431810 1748.9
1431820 1748.9
1431830 1749.5
1431840 1752.8
1431850 1752.8
1431860 1757.9
1431870 1763.0
1431880 1763.0
1431890 1756.0
1431900 1743.0
1431910 1743.0
1431920 1736.9
1431930 1743.5
1431940 1743.5
1431950 1746.9
1431960 1745.1
1431970 1745.1
1431980 1744.2
1431990 1743.9
1432000 1743.9
1432010 1750.3
1432020 1754.2
1432030 1754.2
1432040 1758.3
1432050 1769.1
1432060 1769.1
1432070 1773.5
1432080 1772.7
1432090 1772.7
1432100 1772.5
1432110 1775.8
1432120 1778.5
1432130 1778.5
1432140 1776.0
1432150 1766.3
1432160 1766.3
1432170 1765.1
1432180 1767.4
1432190 1767.4
1432200 1770.7
1432210 1784.1
1432220 1784.1
1432230 1799.9
1432240 1810.4
1432250 1810.4
1432260 1818.9
1432270 1821.7
1432280 1821.7
1432290 1826.2
1432300 1829.3
1432310 1829.3
1432320 1830.7
1432330 1833.5
1432340 1833.5
1432350 1840.0
1432360 1844.2
1432370 1844.2
1432380 1845.4
1432390 1846.2
1432400 1846.2
1432410 1850.9
1432420 1854.9
1432430 1854.9
1432440 1859.8
1432450 1862.9
1432460 1865.9
1432470 1865.9
1432480 1868.2
1432490 1866.8
1432500 1866.8
1432510 1864.8
1432520 1866.8
1432530 1866.8
1432540 1868.3
1432550 1869.1
1432560 1869.1
1432570 1869.6
1432580 1874.3
1432590 1874.3
1432600 1880.4
1432610 1882.2
1432620 1882.2
1432630 1886.5
1432640 1888.0
1432650 1888.0
1432660 1889.9
1432670 1892.5
1432680 1892.5
1432690 1893.8
1432700 1897.4
1432710 1897.4
1432720 1902.0
1432730 1904.8
1432740 1904.8
1432750 1906.7
1432760 1909.5
1432770 1909.5
1432780 1913.3
1432790 1914.2
1432800 1914.9
1432810 1914.9
1432820 1916.1
1432830 1917.5
1432840 1917.5
1432850 1918.2
1432860 1919.9
1432870 1919.9
1432880 1923.0
1432890 1925.7
1432900 1925.7
1432910 1925.8
1432920 1927.4
1432930 1927.4
1432940 1927.0
1432950 1928.3
1432960 1928.3
1432970 1928.6
1432980 1930.0
1432990 1930.0
1433000 1933.1
1433010 1935.4
1433020 1935.4
1433030 1936.9
1433040 1942.6
1433050 1942.6
1433060 1944.3
1433070 1945.7
1433080 1945.7
1433090 1949.5
1433100 1952.1
1433110 1952.1
1433120 1955.1
1433130 1957.8
1433140 1959.7
1433150 1959.7
1433160 1961.8
1433170 1964.2
1433180 1964.2
1433190 1967.4
1433200 1974.1
1433210 1974.1
1433220 1979.3
1433230 1980.3
1433240 1980.3
1433250 1981.1
1433260 1985.8
1433270 1985.8
1433280 1986.0
1433290 1985.9
1433300 1985.9
1433310 1987.2
1433320 1986.0
1433330 1986.0
1433340 1986.2
1433350 1986.6
1433360 1986.6
1433370 1987.7
1433380 1987.4
1433390 1987.4
1433400 1991.4
1433410 1992.8
1433420 1992.8
1433430 1993.7
1433440 1995.5
1433450 1995.5
1433460 1997.6
1433470 2001.6
1433480 2005.2
1433490 2005.2
1433500 2006.1
1433510 2007.2
1433520 2007.2
1433530 2009.1
1433540 2012.7
1433550 2012.7
1433560 2016.5
1433570 2022.3
1433580 2022.3
1433590 2028.8
1433600 2059.4
1433610 2059.4
1433620 2085.7
1433630 2101.3
1433640 2101.3
1433650 2111.7
1433660 2123.5
1433670 2123.5
1433680 2135.5
1433690 2139.4
1433700 2139.4
1433710 2151.2
1433720 2166.3
1433730 2166.3
1433740 2166.2
1433750 2163.8
1433760 2163.8
1433770 2168.4
1433780 2173.1
1433790 2173.1
1433800 2174.4
1433810 2179.7
1433820 2181.6
1433830 2181.6
1433840 2171.9
1433850 2177.1
1433860 2177.1
1433870 2174.9
1433880 2168.8
1433890 2168.8
1433900 2175.7
1433910 2170.6
1433920 2170.6
1433930 2161.2
1433940 2150.4
1433950 2150.4
1433960 2148.2
1433970 2161.2
1433980 2161.2
1433990 2155.8
1434000 2153.4
1434010 2153.4
1434020 2149.7
1434030 2148.7
1434040 2148.7
1434050 2145.4
1434060 2142.5
1434070 2142.5
1434080 2142.4
1434090 2141.0
1434100 2141.0
1434110 2138.4
1434120 2134.2
1434130 2134.2
1434140 2130.7
1434150 2133.0
1434160 2134.0
1434170 2134.0
1434180 2132.6
1434190 2135.7
1434200 2135.7
1434210 2141.9
1434220 2145.8
1434230 2145.8
1434240 2147.0
1434250 2147.0
1434260 2147.0
1434270 2146.1
1434280 2144.3
1434290 2144.3
1434300 2140.9
1434310 2130.1
1434320 2130.1
1434330 2126.2
1434340 2125.8
1434350 2125.8
1434360 2127.1
1434370 2130.8
1434380 2130.8
1434390 2135.7
1434400 2137.9
1434410 2137.9
1434420 2138.1
1434430 2137.2
1434440 2137.2
1434450 2134.0
1434460 2130.8
1434470 2125.5
1434480 2125.5
1434490 2122.6
1434500 2118.0
1434510 2118.0
1434520 2116.5
1434530 2113.7
1434540 2113.7
1434550 2112.6
1434560 2106.5
1434570 2106.5
1434580 2104.4
1434590 2105.5
1434600 2105.5
1434610 2103.5
1434620 2102.2
1434630 2102.2
1434640 2096.1
1434650 2085.6
1434660 2085.6
1434670 2080.9
1434680 2078.9
1434690 2078.9
1434700 2077.3
1434710 2079.6
1434720 2079.6
1434730 2078.4
1434740 2076.7
1434750 2076.7
1434760 2075.4
1434770 2072.7
1434780 2072.7
1434790 2069.4
1434800 2067.4
1434810 2066.4
1434820 2066.4
1434830 2064.4
1434840 2062.7
1434850 2062.7
1434860 2059.5
1434870 2055.9
1434880 2055.9
1434890 2055.8
1434900 2057.6
1434910 2057.6
1434920 2054.7
1434930 2052.8
1434940 2052.8
1434950 2050.3
1434960 2052.0
1434970 2052.0
1434980 2052.5
1434990 2051.8
1435000 2051.8
1435010 2051.5
1435020 2054.0
1435030 2054.0
1435040 2055.5
1435050 2055.3
1435060 2055.3
1435070 2054.3
1435080 2054.3
1435090 2054.3
1435100 2054.6
1435110 2053.8
1435120 2053.8
1435130 2052.2
1435140 2051.4
1435150 2049.8
1435160 2049.8
1435170 2048.8
1435180 2045.2
1435190 2045.2
1435200 2044.6
1435210 2043.1
1435220 2043.1
1435230 2042.9
1435240 2046.3
1435250 2046.3
1435260 2048.1
1435270 2049.2
1435280 2049.2
1435290 2045.4
1435300 2040.2
1435310 2040.2
1435320 2038.3
1435330 2036.3
1435340 2036.3
1435350 2034.1
1435360 2036.0
1435370 2036.0
1435380 2036.7
1435390 2041.5
1435400 2041.5
1435410 2044.2
1435420 2043.6
1435430 2043.6
1435440 2039.5
1435450 2034.8
1435460 2034.8
1435470 2033.3
1435480 2033.3
1435490 2035.4
1435500 2035.4
1435510 2032.9
1435520 2035.1
1435530 2035.1
1435540 2038.2
1435550 2038.2
1435560 2038.0
1435570 2036.1
1435580 2032.1
1435590 2032.1
1435600 2028.5
1435610 2027.5
1435620 2027.5
1435630 2027.4
1435640 2023.5
1435650 2023.5
1435660 2021.0
1435670 2017.4
1435680 2017.4
1435690 2011.0
1435700 2008.0
1435710 2008.0
1435720 2004.8
1435730 2002.5
1435740 2002.5
1435750 1997.2
1435760 1991.8
1435770 1991.8
1435780 1991.1
1435790 1991.5
1435800 1991.5
1435810 1990.6
1435820 1988.0
1435830 1984.5
1435840 1984.5
1435850 1984.3
1435860 1986.7
1435870 1986.7
1435880 1986.4
1435890 1984.1
1435900 1984.1
1435910 1982.0
1435920 1977.9
1435930 1977.9
1435940 1971.5
1435950 1964.3
1435960 1964.3
1435970 1958.2
1435980 1955.5
1435990 1955.5
1436000 1952.7
1436010 1948.3
1436020 1948.3
1436030 1947.6
1436040 1945.9
1436050 1945.9
1436060 1943.1
1436070 1944.0
1436080 1944.0
1436090 1945.4
1436100 1944.6
1436110 1944.6
1436120 1943.9
1436130 1942.8
1436140 1942.8
1436150 1939.6
1436160 1935.4
1436170 1934.6
1436180 1934.6
