1420000 850.5
1420010 850.5
1420020 847.7
1420030 845.7
1420040 845.7
1420050 843.3
1420060 839.2
1420070 839.2
1420080 831.6
1420090 821.4
1420100 821.4
1420110 814.9
1420120 809.0
1420130 802.4
1420140 802.4
1420150 796.2
1420160 790.4
1420170 790.4
1420180 785.0
1420190 778.4
1420200 778.4
1420210 770.4
1420220 763.7
1420230 763.7
1420240 761.0
1420250 759.8
1420260 759.8
1420270 755.2
1420280 747.1
1420290 747.1
1420300 740.2
1420310 734.6
1420320 734.6
1420330 725.5
1420340 714.8
1420350 714.8
1420360 706.8
1420370 699.6
1420380 699.6
1420390 695.4
1420400 692.8
1420410 692.8
1420420 690.2
1420430 686.5
1420440 681.9
1420450 681.9
1420460 678.5
1420470 676.1
1420480 676.1
1420490 675.8
1420500 675.3
1420510 675.3
1420520 675.3
1420530 675.5
1420540 675.5
1420550 675.3
1420560 675.1
1420570 675.1
1420580 674.6
1420590 674.2
1420600 674.2
1420610 674.1
1420620 674.3
1420630 674.3
1420640 674.5
1420650 673.7
1420660 673.7
1420670 673.2
1420680 672.0
1420690 672.0
1420700 671.3
1420710 670.3
1420720 670.3
1420730 669.8
1420740 669.6
1420750 669.6
1420760 669.2
1420770 668.9
1420780 668.8
1420790 668.8
1420800 668.9
1420810 669.1
1420820 669.1
1420830 668.2
1420840 667.4
1420850 667.4
1420860 667.4
1420870 668.1
1420880 668.1
1420890 668.9
1420900 668.9
1420910 668.9
1420920 668.8
1420930 668.8
1420940 668.8
1420950 668.8
1420960 668.8
1420970 668.8
1420980 668.9
1420990 669.0
1421000 669.0
1421010 669.0
1421020 669.1
1421030 669.1
1421040 669.1
1421050 669.2
1421060 669.2
1421070 669.7
1421080 670.3
1421090 670.3
1421100 670.1
1421110 669.4
1421120 669.0
1421130 669.0
1421140 669.0
1421150 668.9
1421160 668.9
1421170 668.9
1421180 669.1
1421190 669.1
1421200 669.1
1421210 669.0
1421220 669.0
1421230 669.1
1421240 669.0
1421250 669.0
1421260 668.9
1421270 668.7
1421280 668.7
1421290 668.5
1421300 668.7
1421310 668.7
1421320 669.2
1421330 669.7
1421340 669.7
1421350 669.9
1421360 670.1
1421370 670.1
1421380 670.4
1421390 671.6
1421400 671.6
1421410 673.0
1421420 674.4
1421430 674.4
1421440 675.7
1421450 677.0
1421460 678.8
1421470 678.8
1421480 682.7
1421490 687.1
1421500 687.1
1421510 692.4
1421520 699.5
1421530 699.5
1421540 707.8
1421550 715.5
1421560 715.5
1421570 719.6
1421580 724.4
1421590 724.4
1421600 723.4
1421610 725.0
1421620 725.0
1421630 731.1
1421640 738.5
1421650 738.5
1421660 744.8
1421670 750.7
1421680 750.7
1421690 764.0
1421700 775.9
1421710 775.9
1421720 786.2
1421730 797.2
1421740 797.2
1421750 800.7
1421760 817.1
1421770 817.1
1421780 846.5
1421790 860.6
1421800 863.8
1421810 863.8
1421820 851.8
1421830 847.5
1421840 847.5
1421850 855.0
1421860 848.6
1421870 848.6
1421880 831.5
1421890 821.3
1421900 821.3
1421910 797.5
1421920 800.8
1421930 800.8
1421940 810.4
1421950 822.7
1421960 822.7
1421970 834.1
1421980 840.4
1421990 840.4
1422000 851.0
1422010 862.7
1422020 862.7
1422030 870.7
1422040 885.1
1422050 885.1
1422060 897.0
1422070 907.5
1422080 907.5
1422090 933.3
1422100 959.4
1422110 959.4
1422120 968.4
1422130 965.4
1422140 952.9
1422150 952.9
1422160 931.7
1422170 923.1
1422180 923.1
1422190 929.4
1422200 954.2
1422210 954.2
1422220 968.7
1422230 980.9
1422240 980.9
1422250 985.1
1422260 989.7
1422270 989.7
1422280 992.5
1422290 990.8
1422300 990.8
1422310 987.2
1422320 986.1
1422330 986.1
1422340 985.5
1422350 983.7
1422360 983.7
1422370 976.4
1422380 970.5
1422390 970.5
1422400 965.3
1422410 960.7
1422420 960.7
1422430 956.2
1422440 951.0
1422450 951.0
1422460 946.2
1422470 941.0
1422480 941.6
1422490 941.6
1422500 947.1
1422510 953.0
1422520 953.0
1422530 957.8
1422540 963.4
1422550 963.4
1422560 968.4
1422570 972.5
1422580 972.5
1422590 976.2
1422600 979.7
1422610 979.7
1422620 984.0
1422630 997.1
1422640 997.1
1422650 1004.5
1422660 1013.6
1422670 1013.6
1422680 1035.3
1422690 1049.1
1422700 1049.1
1422710 1056.8
1422720 1066.5
1422730 1066.5
1422740 1073.5
1422750 1078.2
1422760 1078.2
1422770 1081.2
1422780 1084.2
1422790 1084.2
1422800 1089.7
1422810 1094.1
1422820 1095.5
1422830 1095.5
1422840 1098.1
1422850 1101.1
1422860 1101.1
1422870 1105.9
1422880 1109.0
1422890 1109.0
1422900 1112.7
1422910 1118.7
1422920 1118.7
1422930 1125.6
1422940 1130.9
1422950 1130.9
1422960 1134.8
1422970 1138.3
1422980 1138.3
1422990 1140.5
1423000 1141.7
1423010 1141.7
1423020 1127.2
1423030 1121.1
1423040 1121.1
1423050 1117.1
1423060 1116.9
1423070 1116.9
1423080 1117.6
1423090 1120.0
1423100 1120.0
1423110 1122.6
1423120 1125.1
1423130 1125.1
1423140 1125.9
1423150 1126.6
1423160 1127.6
1423170 1127.6
1423180 1129.1
1423190 1129.4
1423200 1129.4
1423210 1129.7
1423220 1130.4
1423230 1130.4
1423240 1130.8
1423250 1130.7
1423260 1130.7
1423270 1130.4
1423280 1129.2
1423290 1129.2
1423300 1127.7
1423310 1126.7
1423320 1126.7
1423330 1126.1
1423340 1126.2
1423350 1126.2
1423360 1127.3
1423370 1129.1
1423380 1129.1
1423390 1130.4
1423400 1132.0
1423410 1132.0
1423420 1133.7
1423430 1136.8
1423440 1136.8
1423450 1141.0
1423460 1145.5
1423470 1145.5
1423480 1151.0
1423490 1158.4
1423500 1163.6
1423510 1163.6
1423520 1168.6
1423530 1174.2
1423540 1174.2
1423550 1180.2
1423560 1183.5
1423570 1183.5
1423580 1185.8
1423590 1188.0
1423600 1188.0
1423610 1190.5
1423620 1194.5
1423630 1194.5
1423640 1199.3
1423650 1203.9
1423660 1203.9
1423670 1207.2
1423680 1210.4
1423690 1210.4
1423700 1215.6
1423710 1223.6
1423720 1223.6
1423730 1231.6
1423740 1241.6
1423750 1241.6
1423760 1249.7
1423770 1255.0
1423780 1255.0
1423790 1258.9
1423800 1264.3
1423810 1264.3
1423820 1269.6
1423830 1276.0
1423840 1281.4
1423850 1281.4
1423860 1287.9
1423870 1293.3
1423880 1293.3
1423890 1295.5
1423900 1300.5
1423910 1300.5
1423920 1305.6
1423930 1311.0
1423940 1311.0
1423950 1315.7
1423960 1318.4
1423970 1318.4
1423980 1319.5
1423990 1320.5
1424000 1320.5
1424010 1321.3
1424020 1323.4
1424030 1323.4
1424040 1327.3
1424050 1331.1
1424060 1331.1
1424070 1335.3
1424080 1334.6
1424090 1334.6
1424100 1331.0
1424110 1330.4
1424120 1330.4
1424130 1333.7
1424140 1339.5
1424150 1339.5
1424160 1341.9
1424170 1349.6
1424180 1358.4
1424190 1358.4
1424200 1364.1
1424210 1373.1
1424220 1373.1
1424230 1383.0
1424240 1389.4
1424250 1389.4
1424260 1397.8
1424270 1405.5
1424280 1405.5
1424290 1410.3
1424300 1413.2
1424310 1413.2
1424320 1413.1
1424330 1415.8
1424340 1415.8
1424350 1419.8
1424360 1423.1
1424370 1423.1
1424380 1426.0
1424390 1427.2
1424400 1427.2
1424410 1428.3
1424420 1430.8
1424430 1430.8
1424440 1432.0
1424450 1433.7
1424460 1433.7
1424470 1436.4
1424480 1440.5
1424490 1440.5
1424500 1443.8
1424510 1446.9
1424520 1450.0
1424530 1450.0
1424540 1453.6
1424550 1457.0
1424560 1457.0
1424570 1459.1
1424580 1462.7
1424590 1462.7
1424600 1463.8
1424610 1466.0
1424620 1466.0
1424630 1464.9
1424640 1463.9
1424650 1463.9
1424660 1464.2
1424670 1466.5
1424680 1466.5
1424690 1468.2
1424700 1470.3
1424710 1470.3
1424720 1471.6
1424730 1471.2
1424740 1471.2
1424750 1474.2
1424760 1476.1
1424770 1476.1
1424780 1476.3
1424790 1476.7
1424800 1476.7
1424810 1481.1
1424820 1486.4
1424830 1486.4
1424840 1488.3
1424850 1490.9
1424860 1494.3
1424870 1494.3
1424880 1497.8
1424890 1502.6
1424900 1502.6
1424910 1506.1
1424920 1506.0
1424930 1506.0
1424940 1505.0
1424950 1503.8
1424960 1503.8
1424970 1502.3
1424980 1500.9
1424990 1500.9
1425000 1498.7
1425010 1496.2
1425020 1496.2
1425030 1495.6
1425040 1494.7
1425050 1494.7
1425060 1493.7
1425070 1494.9
1425080 1494.9
1425090 1495.5
1425100 1494.2
1425110 1494.2
1425120 1494.4
1425130 1497.6
1425140 1497.6
1425150 1498.0
1425160 1497.7
1425170 1497.7
1425180 1497.1
1425190 1495.7
1425200 1495.4
1425210 1495.4
1425220 1497.5
1425230 1497.5
1425240 1497.5
1425250 1497.3
1425260 1497.6
1425270 1497.6
1425280 1496.2
1425290 1497.2
1425300 1497.2
1425310 1495.9
1425320 1495.0
1425330 1495.0
1425340 1494.4
1425350 1492.7
1425360 1492.7
1425370 1491.1
1425380 1489.1
1425390 1489.1
1425400 1486.0
1425410 1485.1
1425420 1485.1
1425430 1484.6
1425440 1484.1
1425450 1484.1
1425460 1483.3
1425470 1481.2
1425480 1481.2
1425490 1479.1
1425500 1475.8
1425510 1475.8
1425520 1473.6
1425530 1470.6
1425540 1469.6
1425550 1469.6
1425560 1466.8
1425570 1463.4
1425580 1463.4
1425590 1458.9
1425600 1456.6
1425610 1456.6
1425620 1452.6
1425630 1447.1
1425640 1447.1
1425650 1443.7
1425660 1433.3
1425670 1433.3
1425680 1404.7
1425690 1384.5
1425700 1384.5
1425710 1373.6
1425720 1358.9
1425730 1358.9
1425740 1340.6
1425750 1322.4
1425760 1322.4
1425770 1307.0
1425780 1294.5
1425790 1294.5
1425800 1283.2
1425810 1278.8
1425820 1278.8
1425830 1277.2
1425840 1275.9
1425850 1275.9
1425860 1272.4
1425870 1268.0
1425880 1267.1
1425890 1267.1
1425900 1264.2
1425910 1254.5
1425920 1254.5
1425930 1247.3
1425940 1241.9
1425950 1241.9
1425960 1234.1
1425970 1222.2
1425980 1222.2
1425990 1214.3
1426000 1205.9
1426010 1205.9
1426020 1197.4
1426030 1189.0
1426040 1189.0
1426050 1181.6
1426060 1171.4
1426070 1171.4
1426080 1170.2
1426090 1175.8
1426100 1175.8
1426110 1181.0
1426120 1186.7
1426130 1186.7
1426140 1191.6
1426150 1198.1
1426160 1198.1
1426170 1205.2
1426180 1214.3
1426190 1214.3
1426200 1225.0
1426210 1230.5
1426220 1233.6
1426230 1233.6
1426240 1239.5
1426250 1246.6
1426260 1246.6
1426270 1254.9
1426280 1265.0
1426290 1265.0
1426300 1277.2
1426310 1294.1
1426320 1294.1
1426330 1304.5
1426340 1310.4
1426350 1310.4
1426360 1314.5
1426370 1315.8
1426380 1315.8
1426390 1318.5
1426400 1321.1
1426410 1321.1
1426420 1323.0
1426430 1325.7
1426440 1325.7
1426450 1329.4
1426460 1333.2
1426470 1333.2
1426480 1337.9
1426490 1343.6
1426500 1343.6
1426510 1349.5
1426520 1356.8
1426530 1356.8
1426540 1363.6
1426550 1370.6
1426560 1377.5
1426570 1377.5
1426580 1389.2
1426590 1413.5
1426600 1413.5
1426610 1430.4
1426620 1449.8
1426630 1449.8
1426640 1459.8
1426650 1473.7
1426660 1473.7
1426670 1496.6
1426680 1541.2
1426690 1541.2
1426700 1562.1
1426710 1569.3
1426720 1569.3
1426730 1572.5
1426740 1576.6
1426750 1576.6
1426760 1581.4
1426770 1584.0
1426780 1584.0
1426790 1587.0
1426800 1587.0
1426810 1587.0
1426820 1586.5
1426830 1586.8
1426840 1586.8
1426850 1588.0
1426860 1585.9
1426870 1585.9
1426880 1587.2
1426890 1590.0
1426900 1589.0
1426910 1589.0
1426920 1586.7
1426930 1587.0
1426940 1587.0
1426950 1587.0
1426960 1586.2
1426970 1586.2
1426980 1587.9
1426990 1589.6
1427000 1589.6
1427010 1589.7
1427020 1589.7
1427030 1589.7
1427040 1590.4
1427050 1590.9
1427060 1590.9
1427070 1590.3
1427080 1590.3
1427090 1590.3
1427100 1589.4
1427110 1592.5
1427120 1592.5
1427130 1600.0
1427140 1605.8
1427150 1605.8
1427160 1611.6
1427170 1617.6
1427180 1617.6
1427190 1624.5
1427200 1634.7
1427210 1634.7
1427220 1644.6
1427230 1655.6
1427240 1667.7
1427250 1667.7
1427260 1680.2
1427270 1687.8
1427280 1687.8
1427290 1692.5
1427300 1695.9
1427310 1695.9
1427320 1702.2
1427330 1699.9
1427340 1699.9
1427350 1697.1
1427360 1694.9
1427370 1694.9
1427380 1694.2
1427390 1693.3
1427400 1693.3
1427410 1690.5
1427420 1687.4
1427430 1687.4
1427440 1686.4
1427450 1685.1
1427460 1685.1
1427470 1674.7
1427480 1652.4
1427490 1652.4
1427500 1648.9
1427510 1645.5
1427520 1645.5
1427530 1642.4
1427540 1639.5
1427550 1639.5
1427560 1636.4
1427570 1633.3
1427580 1629.5
1427590 1629.5
1427600 1624.6
1427610 1621.5
1427620 1621.5
1427630 1616.9
1427640 1612.6
1427650 1612.6
1427660 1608.9
1427670 1604.7
1427680 1604.7
1427690 1602.7
1427700 1601.5
1427710 1601.5
1427720 1600.4
1427730 1601.8
1427740 1601.8
1427750 1603.5
1427760 1605.1
1427770 1605.1
1427780 1608.3
1427790 1609.8
1427800 1609.8
1427810 1611.0
1427820 1612.6
1427830 1612.6
1427840 1613.1
1427850 1613.3
1427860 1613.3
1427870 1613.2
1427880 1614.5
1427890 1614.5
1427900 1615.3
1427910 1617.3
1427920 1619.4
1427930 1619.4
1427940 1619.8
1427950 1620.5
1427960 1620.5
1427970 1621.1
1427980 1620.5
1427990 1620.5
1428000 1622.1
1428010 1623.5
1428020 1623.5
1428030 1622.3
1428040 1620.3
1428050 1620.3
1428060 1616.2
1428070 1611.7
1428080 1611.7
1428090 1610.6
1428100 1611.9
1428110 1611.9
1428120 1613.8
1428130 1613.5
1428140 1613.5
1428150 1614.1
1428160 1614.9
1428170 1614.9
1428180 1614.7
1428190 1613.7
1428200 1613.7
1428210 1615.2
1428220 1616.1
1428230 1616.1
1428240 1614.8
1428250 1614.0
1428260 1615.1
1428270 1615.1
1428280 1616.6
1428290 1618.8
1428300 1618.8
1428310 1621.4
1428320 1625.9
1428330 1625.9
1428340 1630.1
1428350 1632.7
1428360 1632.7
1428370 1633.0
1428380 1634.7
1428390 1634.7
1428400 1635.3
1428410 1636.1
1428420 1636.1
1428430 1636.0
1428440 1636.1
1428450 1636.1
1428460 1636.9
1428470 1639.1
1428480 1639.1
1428490 1639.8
1428500 1637.4
1428510 1637.4
1428520 1638.5
1428530 1635.8
1428540 1635.8
1428550 1633.7
1428560 1627.9
1428570 1627.9
1428580 1622.3
1428590 1619.8
1428600 1618.7
1428610 1618.7
1428620 1615.2
1428630 1612.7
1428640 1612.7
1428650 1610.3
1428660 1607.2
1428670 1607.2
1428680 1604.5
1428690 1604.5
1428700 1604.5
1428710 1603.7
1428720 1598.9
1428730 1598.9
1428740 1594.8
1428750 1595.0
1428760 1595.0
1428770 1597.0
1428780 1600.2
1428790 1600.2
1428800 1602.9
1428810 1606.4
1428820 1606.4
1428830 1613.2
1428840 1616.2
1428850 1616.2
1428860 1615.1
1428870 1618.9
1428880 1618.9
1428890 1621.8
1428900 1620.2
1428910 1620.2
1428920 1618.9
1428930 1617.4
1428940 1616.0
1428950 1616.0
1428960 1614.9
1428970 1615.0
1428980 1615.0
1428990 1615.4
1429000 1614.3
1429010 1614.3
1429020 1614.7
1429030 1614.7
1429040 1614.7
1429050 1614.4
1429060 1613.9
1429070 1613.9
1429080 1616.3
1429090 1617.0
1429100 1617.0
1429110 1617.5
1429120 1618.7
1429130 1618.7
1429140 1619.5
1429150 1621.2
1429160 1621.2
1429170 1622.6
1429180 1622.9
1429190 1622.9
1429200 1624.0
1429210 1625.1
1429220 1625.1
1429230 1631.5
1429240 1635.4
1429250 1635.4
1429260 1637.4
1429270 1637.1
1429280 1635.6
1429290 1635.6
1429300 1635.0
1429310 1633.6
1429320 1633.6
1429330 1629.6
1429340 1627.0
1429350 1627.0
1429360 1624.9
1429370 1622.0
1429380 1622.0
1429390 1620.5
1429400 1618.5
1429410 1618.5
1429420 1616.7
1429430 1616.8
1429440 1616.8
1429450 1615.8
1429460 1610.9
1429470 1610.9
1429480 1610.0
1429490 1608.7
1429500 1608.7
1429510 1607.7
1429520 1605.5
1429530 1605.5
1429540 1604.6
1429550 1603.4
1429560 1603.4
1429570 1603.5
1429580 1601.3
1429590 1601.3
1429600 1604.0
1429610 1602.6
1429620 1602.4
1429630 1602.4
1429640 1600.8
1429650 1601.4
1429660 1601.4
1429670 1601.4
1429680 1598.5
1429690 1598.5
1429700 1595.0
1429710 1593.8
1429720 1593.8
1429730 1593.2
1429740 1589.9
1429750 1589.9
1429760 1585.3
1429770 1578.5
1429780 1578.5
1429790 1578.1
1429800 1576.3
1429810 1576.3
1429820 1579.5
1429830 1581.0
1429840 1581.0
1429850 1581.9
1429860 1579.4
1429870 1579.4
1429880 1577.0
1429890 1573.7
1429900 1573.7
1429910 1571.0
1429920 1568.9
1429930 1568.9
1429940 1566.7
1429950 1564.8
1429960 1563.1
1429970 1563.1
1429980 1560.0
1429990 1558.2
1430000 1558.2
1430010 1559.0
1430020 1559.2
1430030 1559.2
1430040 1558.9
1430050 1557.8
1430060 1557.8
1430070 1557.7
1430080 1557.6
1430090 1557.6
1430100 1553.7
1430110 1552.6
1430120 1552.6
1430130 1552.0
1430140 1552.4
1430150 1552.4
1430160 1552.9
1430170 1553.5
1430180 1553.5
1430190 1550.8
1430200 1550.4
1430210 1550.4
1430220 1550.8
1430230 1550.4
1430240 1550.4
1430250 1550.6
1430260 1550.0
1430270 1550.0
1430280 1549.6
1430290 1550.9
1430300 1552.5
1430310 1552.5
1430320 1553.0
1430330 1552.3
1430340 1552.3
1430350 1552.3
1430360 1551.3
1430370 1551.3
1430380 1553.5
1430390 1556.1
1430400 1556.1
1430410 1559.0
1430420 1560.3
1430430 1560.3
1430440 1561.2
1430450 1562.5
1430460 1562.5
1430470 1563.9
1430480 1565.1
1430490 1565.1
1430500 1565.6
1430510 1565.7
1430520 1565.7
1430530 1565.8
1430540 1564.9
1430550 1564.9
1430560 1563.8
1430570 1565.8
1430580 1565.8
1430590 1566.2
1430600 1568.4
1430610 1568.4
1430620 1567.7
1430630 1567.1
1430640 1567.3
1430650 1567.3
1430660 1566.8
1430670 1567.3
1430680 1567.3
1430690 1566.2
1430700 1566.0
1430710 1566.0
1430720 1565.9
1430730 1566.0
1430740 1566.0
1430750 1566.2
1430760 1565.3
1430770 1565.3
1430780 1561.2
1430790 1557.1
1430800 1557.1
1430810 1554.9
1430820 1553.4
1430830 1553.4
1430840 1552.4
1430850 1550.8
1430860 1550.8
1430870 1550.1
1430880 1546.0
1430890 1546.0
1430900 1544.5
1430910 1542.6
1430920 1542.6
1430930 1542.1
1430940 1542.5
1430950 1542.5
1430960 1540.9
1430970 1540.6
1430980 1540.9
1430990 1540.9
1431000 1542.7
1431010 1544.1
1431020 1544.1
1431030 1546.0
1431040 1547.7
1431050 1547.7
1431060 1545.9
1431070 1544.8
1431080 1544.8
1431090 1547.2
1431100 1548.6
1431110 1548.6
1431120 1546.7
1431130 1547.0
1431140 1547.0
1431150 1546.5
1431160 1546.1
1431170 1546.1
1431180 1546.7
1431190 1548.4
1431200 1548.4
1431210 1550.5
1431220 1554.1
1431230 1554.1
1431240 1558.0
1431250 1559.1
1431260 1559.1
1431270 1557.6
1431280 1556.7
1431290 1556.7
1431300 1557.4
1431310 1557.9
1431320 1558.3
1431330 1558.3
1431340 1558.6
1431350 1560.4
1431360 1560.4
1431370 1561.6
1431380 1562.6
1431390 1562.6
1431400 1562.3
1431410 1563.2
1431420 1563.2
1431430 1565.4
1431440 1567.1
1431450 1567.1
1431460 1566.8
1431470 1565.1
1431480 1565.1
1431490 1565.3
1431500 1565.8
1431510 1565.8
1431520 1567.0
1431530 1569.2
1431540 1569.2
1431550 1573.8
1431560 1576.8
1431570 1576.8
1431580 1576.1
1431590 1578.3
1431600 1578.3
1431610 1581.4
1431620 1582.9
1431630 1582.9
1431640 1584.0
1431650 1584.7
1431660 1587.6
1431670 1587.6
1431680 1589.1
1431690 1589.9
1431700 1589.9
1431710 1591.0
1431720 1592.4
1431730 1592.4
1431740 1594.2
1431750 1596.5
1431760 1596.5
1431770 1597.7
1431780 1598.2
1431790 1598.2
1431800 1598.6
1431810 1600.5
1431820 1600.5
1431830 1600.9
1431840 1602.5
1431850 1602.5
1431860 1604.1
1431870 1604.7
1431880 1604.7
1431890 1606.2
1431900 1607.1
1431910 1607.1
1431920 1608.9
1431930 1610.5
1431940 1610.5
1431950 1611.7
1431960 1612.9
1431970 1615.1
1431980 1615.8
1431990 1617.8
1432000 1619.3
1432010 1619.3
1432020 1621.4
1432030 1624.6
1432040 1624.6
1432050 1627.3
1432060 1628.8
1432070 1628.8
1432080 1630.8
1432090 1633.2
1432100 1633.2
1432110 1636.0
1432120 1638.3
1432130 1638.3
1432140 1640.8
1432150 1643.3
1432160 1643.3
1432170 1645.7
1432180 1647.9
1432190 1647.9
1432200 1649.4
1432210 1650.6
1432220 1650.6
1432230 1654.3
1432240 1657.3
1432250 1657.3
1432260 1659.8
1432270 1663.3
1432280 1663.3
1432290 1667.0
1432300 1671.3
1432310 1673.6
1432320 1673.6
1432330 1675.9
1432340 1679.2
1432350 1679.2
1432360 1682.2
1432370 1685.9
1432380 1685.9
1432390 1691.0
1432400 1695.2
1432410 1695.2
1432420 1698.3
1432430 1701.2
1432440 1701.2
1432450 1706.7
1432460 1711.7
1432470 1711.7
1432480 1718.4
1432490 1724.3
1432500 1724.3
1432510 1730.2
1432520 1736.2
1432530 1736.2
1432540 1742.7
1432550 1748.5
1432560 1748.5
1432570 1754.9
1432580 1760.5
1432590 1760.5
1432600 1794.2
1432610 1839.7
1432620 1839.7
1432630 1840.3
1432640 1843.0
1432650 1847.4
1432660 1847.4
1432670 1850.1
1432680 1855.2
1432690 1855.2
1432700 1864.6
1432710 1871.1
1432720 1871.1
1432730 1876.9
1432740 1880.0
1432750 1880.0
1432760 1883.3
1432770 1884.2
1432780 1884.2
1432790 1883.6
1432800 1882.5
1432810 1882.5
1432820 1884.3
1432830 1884.5
1432840 1884.5
1432850 1883.6
1432860 1884.5
1432870 1884.5
1432880 1885.8
1432890 1885.8
1432900 1885.8
1432910 1882.1
1432920 1882.8
1432930 1882.8
1432940 1886.1
1432950 1888.3
1432960 1888.3
1432970 1890.0
1432980 1890.6
1432990 1892.8
1433000 1892.8
1433010 1896.9
1433020 1898.9
1433030 1898.9
1433040 1898.9
1433050 1902.4
1433060 1902.4
1433070 1907.1
1433080 1908.7
1433090 1908.7
1433100 1909.3
1433110 1909.4
1433120 1909.4
1433130 1911.5
1433140 1913.6
1433150 1913.6
1433160 1914.6
1433170 1914.9
1433180 1914.9
1433190 1915.3
1433200 1915.0
1433210 1915.0
1433220 1914.7
1433230 1914.5
1433240 1914.5
1433250 1915.1
1433260 1916.8
1433270 1916.8
1433280 1918.5
1433290 1921.3
1433300 1921.3
1433310 1925.6
1433320 1931.1
1433330 1936.6
1433340 1936.6
1433350 1941.9
1433360 1946.7
1433370 1946.7
1433380 1952.6
1433390 1959.0
1433400 1959.0
1433410 1965.6
1433420 1972.8
1433430 1972.8
1433440 1985.8
1433450 2014.8
1433460 2014.8
1433470 2037.4
1433480 2057.3
1433490 2057.3
1433500 2073.2
1433510 2084.5
1433520 2084.5
1433530 2095.3
1433540 2101.4
1433550 2101.4
1433560 2107.9
1433570 2115.6
1433580 2115.6
1433590 2121.7
1433600 2125.6
1433610 2125.6
1433620 2135.0
1433630 2144.9
1433640 2144.9
1433650 2153.7
1433660 2165.1
1433670 2175.9
1433680 2175.9
1433690 2195.6
1433700 2209.1
1433710 2209.1
1433720 2209.2
1433730 2208.6
1433740 2208.6
1433750 2214.8
1433760 2216.9
1433770 2216.9
1433780 2216.9
1433790 2215.8
1433800 2215.8
1433810 2213.8
1433820 2211.6
1433830 2211.6
1433840 2211.4
1433850 2209.5
1433860 2209.5
1433870 2206.1
1433880 2206.5
1433890 2206.5
1433900 2208.9
1433910 2207.8
1433920 2207.8
1433930 2210.7
1433940 2211.5
1433950 2211.5
1433960 2211.0
1433970 2212.0
1433980 2212.0
1433990 2214.8
1434000 2217.3
1434010 2218.4
1434020 2218.4
1434030 2220.2
1434040 2220.4
1434050 2220.4
1434060 2222.2
1434070 2222.5
1434080 2222.5
1434090 2221.8
1434100 2221.8
1434110 2221.8
1434120 2223.9
1434130 2222.9
1434140 2222.9
1434150 2221.1
1434160 2220.6
1434170 2220.6
1434180 2217.8
1434190 2216.4
1434200 2216.4
1434210 2215.4
1434220 2210.8
1434230 2210.8
1434240 2207.9
1434250 2204.2
1434260 2204.2
1434270 2201.0
1434280 2194.9
1434290 2194.9
1434300 2193.4
1434310 2189.7
1434320 2189.7
1434330 2184.7
1434340 2177.0
1434350 2172.8
1434360 2172.8
1434370 2166.9
1434380 2163.5
1434390 2163.5
1434400 2159.3
1434410 2152.2
1434420 2152.2
1434430 2150.1
1434440 2142.6
1434450 2142.6
1434460 2138.2
1434470 2133.9
1434480 2132.2
1434490 2125.5
1434500 2123.4
1434510 2123.4
1434520 2123.2
1434530 2121.8
1434540 2121.8
1434550 2121.4
1434560 2118.1
1434570 2118.1
1434580 2115.6
1434590 2112.8
1434600 2112.8
1434610 2108.9
1434620 2106.0
1434630 2106.0
1434640 2101.1
1434650 2097.3
1434660 2097.3
1434670 2093.9
1434680 2089.0
1434690 2086.3
1434700 2086.3
1434710 2078.5
1434720 2073.0
1434730 2073.0
1434740 2069.2
1434750 2064.4
1434760 2064.4
1434770 2057.2
1434780 2052.6
1434790 2052.6
1434800 2054.8
1434810 2054.8
1434820 2054.8
1434830 2053.8
1434840 2054.1
1434850 2054.1
1434860 2054.4
1434870 2052.5
1434880 2052.5
1434890 2050.6
1434900 2048.8
1434910 2048.8
1434920 2047.0
1434930 2043.5
1434940 2043.5
1434950 2042.5
1434960 2042.6
1434970 2042.6
1434980 2041.8
1434990 2040.7
1435000 2040.7
1435010 2041.5
1435020 2041.9
1435030 2042.6
1435040 2042.6
1435050 2041.8
1435060 2038.5
1435070 2038.5
1435080 2035.7
1435090 2033.7
1435100 2033.7
1435110 2035.9
1435120 2037.2
1435130 2037.2
1435140 2036.3
1435150 2037.7
1435160 2037.7
1435170 2037.7
1435180 2038.0
1435190 2038.0
1435200 2035.0
1435210 2034.6
1435220 2034.6
1435230 2032.3
1435240 2033.1
1435250 2033.1
1435260 2034.3
1435270 2033.8
1435280 2033.8
1435290 2033.0
1435300 2029.5
1435310 2029.5
1435320 2028.8
1435330 2029.0
1435340 2029.0
1435350 2027.6
1435360 2025.8
1435370 2022.4
1435380 2022.4
1435390 2022.3
1435400 2026.6
1435410 2026.6
1435420 2028.4
1435430 2029.4
1435440 2029.4
1435450 2029.6
1435460 2025.6
1435470 2025.6
1435480 2017.5
1435490 2008.1
1435500 2008.1
1435510 2006.5
1435520 2006.0
1435530 2006.0
1435540 2006.8
1435550 2005.0
1435560 2005.0
1435570 2002.7
1435580 2000.4
1435590 2000.4
1435600 1998.4
1435610 1994.6
1435620 1994.6
1435630 1991.3
1435640 1988.1
1435650 1988.1
1435660 1983.6
1435670 1978.5
1435680 1978.5
1435690 1976.2
1435700 1975.9
1435710 1974.1
1435720 1974.1
1435730 1970.5
1435740 1967.8
1435750 1967.8
1435760 1964.3
1435770 1962.0
1435780 1962.0
1435790 1959.5
1435800 1956.5
1435810 1956.5
1435820 1956.3
1435830 1955.7
1435840 1955.7
1435850 1954.6
