1420000 822.3
1420010 824.7
1420020 826.2
1420030 826.2
1420040 827.2
1420050 826.4
1420060 826.4
1420070 823.0
1420080 821.1
1420090 821.1
1420100 821.1
1420110 819.4
1420120 819.4
1420130 817.0
1420140 813.9
1420150 810.8
1420160 810.8
1420170 808.0
1420180 803.9
1420190 803.9
1420200 801.7
1420210 800.4
1420220 800.4
1420230 798.0
1420240 794.9
1420250 794.9
1420260 793.1
1420270 789.8
1420280 789.8
1420290 789.8
1420300 791.5
1420310 791.5
1420320 792.5
1420330 793.6
1420340 793.6
1420350 790.4
1420360 786.6
1420370 786.6
1420380 786.9
1420390 790.2
1420400 790.2
1420410 795.6
1420420 802.3
1420430 802.3
1420440 807.4
1420450 806.8
1420460 806.8
1420470 801.7
1420480 795.2
1420490 788.5
1420500 788.5
1420510 781.8
1420520 775.8
1420530 775.8
1420540 775.4
1420550 775.2
1420560 775.2
1420570 773.9
1420580 769.3
1420590 769.3
1420600 762.4
1420610 753.8
1420620 753.8
1420630 744.8
1420640 737.1
1420650 737.1
1420660 729.6
1420670 722.9
1420680 722.9
1420690 719.0
1420700 724.6
1420710 724.6
1420720 731.8
1420730 738.8
1420740 738.8
1420750 741.0
1420760 744.8
1420770 744.8
1420780 747.0
1420790 739.7
1420800 739.7
1420810 743.2
1420820 747.9
1420830 745.8
1420840 745.8
1420850 743.2
1420860 739.0
1420870 739.0
1420880 737.6
1420890 738.9
1420900 738.9
1420910 739.5
1420920 741.2
1420930 741.2
1420940 743.0
1420950 744.8
1420960 744.8
1420970 745.4
1420980 744.7
1420990 744.7
1421000 746.3
1421010 750.2
1421020 750.2
1421030 753.0
1421040 753.7
1421050 753.7
1421060 753.9
1421070 754.9
1421080 754.9
1421090 756.4
1421100 757.6
1421110 757.6
1421120 757.9
1421130 756.6
1421140 756.6
1421150 758.4
1421160 761.0
1421170 762.5
1421180 762.5
1421190 764.0
1421200 764.9
1421210 764.9
1421220 765.6
1421230 766.3
1421240 766.3
1421250 770.3
1421260 774.3
1421270 774.3
1421280 777.0
1421290 779.7
1421300 779.7
1421310 782.6
1421320 784.7
1421330 788.8
1421340 790.8
1421350 791.0
1421360 791.0
1421370 791.6
1421380 793.6
1421390 793.6
1421400 796.5
1421410 799.6
1421420 799.6
1421430 803.2
1421440 807.0
1421450 807.0
1421460 810.2
1421470 813.8
1421480 813.8
1421490 816.9
1421500 821.0
1421510 821.0
1421520 825.8
1421530 830.3
1421540 835.5
1421550 835.5
1421560 839.9
1421570 842.9
1421580 842.9
1421590 844.8
1421600 851.6
1421610 851.6
1421620 858.4
1421630 864.0
1421640 864.0
1421650 866.8
1421660 868.0
1421670 868.0
1421680 869.4
1421690 871.1
1421700 871.1
1421710 873.3
1421720 875.0
1421730 875.0
1421740 876.9
1421750 879.6
1421760 879.6
1421770 882.4
1421780 885.2
1421790 885.2
1421800 889.1
1421810 893.8
1421820 893.8
1421830 899.7
1421840 904.4
1421850 904.4
1421860 909.4
1421870 915.3
1421880 921.3
1421890 921.3
1421900 926.9
1421910 933.1
1421920 933.1
1421930 939.7
1421940 947.0
1421950 947.0
1421960 955.3
1421970 965.1
1421980 965.1
1421990 974.7
1422000 983.8
1422010 983.8
1422020 991.7
1422030 997.7
1422040 997.7
1422050 1003.7
1422060 1008.8
1422070 1008.8
1422080 1015.0
1422090 1020.5
1422100 1020.5
1422110 1027.4
1422120 1034.6
1422130 1034.6
1422140 1040.3
1422150 1046.0
1422160 1046.0
1422170 1052.8
1422180 1058.8
1422190 1058.8
1422200 1065.2
1422210 1071.3
1422220 1076.7
1422230 1076.7
1422240 1082.4
1422250 1088.3
1422260 1088.3
1422270 1094.0
1422280 1099.8
1422290 1099.8
1422300 1105.1
1422310 1110.2
1422320 1110.2
1422330 1115.4
1422340 1120.5
1422350 1120.5
1422360 1126.0
1422370 1131.8
1422380 1131.8
1422390 1142.4
1422400 1153.4
1422410 1153.4
1422420 1162.7
1422430 1188.9
1422440 1188.9
1422450 1203.3
1422460 1212.4
1422470 1212.4
1422480 1222.4
1422490 1230.3
1422500 1230.3
1422510 1236.0
1422520 1239.8
1422530 1239.8
1422540 1244.7
1422550 1251.7
1422560 1257.9
1422570 1257.9
1422580 1264.5
1422590 1273.3
1422600 1273.3
1422610 1281.1
1422620 1288.1
1422630 1288.1
1422640 1296.0
1422650 1325.8
1422660 1325.8
1422670 1348.2
1422680 1366.9
1422690 1366.9
1422700 1386.7
1422710 1404.5
1422720 1404.5
1422730 1421.0
1422740 1435.3
1422750 1435.3
1422760 1448.3
1422770 1465.3
1422780 1465.3
1422790 1476.1
1422800 1482.3
1422810 1482.3
1422820 1487.8
1422830 1492.3
1422840 1492.3
1422850 1497.4
1422860 1506.1
1422870 1506.1
1422880 1531.3
1422890 1548.5
1422900 1548.5
1422910 1559.4
1422920 1563.0
1422930 1569.5
1422940 1569.5
1422950 1577.2
1422960 1586.3
1422970 1586.3
1422980 1592.2
1422990 1594.8
1423000 1594.8
1423010 1598.0
1423020 1599.7
1423030 1599.7
1423040 1604.2
1423050 1606.7
1423060 1606.7
1423070 1608.2
1423080 1608.4
1423090 1608.4
1423100 1605.1
1423110 1598.9
1423120 1598.9
1423130 1594.5
1423140 1592.2
1423150 1592.2
1423160 1590.4
1423170 1587.1
1423180 1587.1
1423190 1585.8
1423200 1585.8
1423210 1585.8
1423220 1586.7
1423230 1585.4
1423240 1585.4
1423250 1581.0
1423260 1584.8
1423270 1598.9
1423280 1598.9
1423290 1632.0
1423300 1649.8
1423310 1649.8
1423320 1661.2
1423330 1679.7
1423340 1679.7
1423350 1692.4
1423360 1703.2
1423370 1704.4
1423380 1711.3
1423390 1714.4
1423400 1714.4
1423410 1709.3
1423420 1711.6
1423430 1711.6
1423440 1711.8
1423450 1708.3
1423460 1708.3
1423470 1708.2
1423480 1706.9
1423490 1706.9
1423500 1705.0
1423510 1705.4
1423520 1705.4
1423530 1694.9
1423540 1694.5
1423550 1694.5
1423560 1694.8
1423570 1694.4
1423580 1694.4
1423590 1689.8
1423600 1684.7
1423610 1681.3
1423620 1681.3
1423630 1676.1
1423640 1675.0
1423650 1675.0
1423660 1671.8
1423670 1663.3
1423680 1663.3
1423690 1654.0
1423700 1651.8
1423710 1651.8
1423720 1648.1
1423730 1638.9
1423740 1638.9
1423750 1627.7
1423760 1618.1
1423770 1618.1
1423780 1608.6
1423790 1600.5
1423800 1600.5
1423810 1588.5
1423820 1579.4
1423830 1579.4
1423840 1571.1
1423850 1563.5
1423860 1563.5
1423870 1555.6
1423880 1548.3
1423890 1548.3
1423900 1538.5
1423910 1528.4
1423920 1528.4
1423930 1520.9
1423940 1514.8
1423950 1512.3
1423960 1512.3
1423970 1510.3
1423980 1508.3
1423990 1508.3
1424000 1506.5
1424010 1503.1
1424020 1503.1
1424030 1501.4
1424040 1501.7
1424050 1501.7
1424060 1499.7
1424070 1496.3
1424080 1496.3
1424090 1497.1
1424100 1498.7
1424110 1498.7
1424120 1499.7
1424130 1503.1
1424140 1503.1
1424150 1506.9
1424160 1511.0
1424170 1511.0
1424180 1516.4
1424190 1526.4
1424200 1526.4
1424210 1537.4
1424220 1542.3
1424230 1542.3
1424240 1547.3
1424250 1552.3
1424260 1552.3
1424270 1557.9
1424280 1565.0
1424290 1565.0
1424300 1572.6
1424310 1574.8
1424320 1570.7
1424330 1570.7
1424340 1565.3
1424350 1556.9
1424360 1556.9
1424370 1544.2
1424380 1524.8
1424390 1524.8
1424400 1510.0
1424410 1499.5
1424420 1499.5
1424430 1492.2
1424440 1484.8
1424450 1484.8
1424460 1477.4
1424470 1470.3
1424480 1470.3
1424490 1464.4
1424500 1457.2
1424510 1457.2
1424520 1448.5
1424530 1439.5
1424540 1439.5
1424550 1429.7
1424560 1421.6
1424570 1421.6
1424580 1421.5
1424590 1426.7
1424600 1426.7
1424610 1425.7
1424620 1416.6
1424630 1416.6
1424640 1406.3
1424650 1397.2
1424660 1387.6
1424670 1387.6
1424680 1383.7
1424690 1387.9
1424700 1387.9
1424710 1391.4
1424720 1389.4
1424730 1389.4
1424740 1390.5
1424750 1395.4
1424760 1395.4
1424770 1398.0
1424780 1401.1
1424790 1401.1
1424800 1403.3
1424810 1404.7
1424820 1404.7
1424830 1406.4
1424840 1409.1
1424850 1409.1
1424860 1411.8
1424870 1413.2
1424880 1413.2
1424890 1413.4
1424900 1413.1
1424910 1413.1
1424920 1412.6
1424930 1411.3
1424940 1411.3
1424950 1409.6
1424960 1408.3
1424970 1408.3
1424980 1407.0
1424990 1405.7
1425000 1403.9
1425010 1403.9
1425020 1401.2
1425030 1397.8
1425040 1397.8
1425050 1393.5
1425060 1387.5
1425070 1387.5
1425080 1380.3
1425090 1372.8
1425100 1372.8
1425110 1365.0
1425120 1357.3
1425130 1357.3
1425140 1349.9
1425150 1343.7
1425160 1343.7
1425170 1337.6
1425180 1330.4
1425190 1330.4
1425200 1321.7
1425210 1312.2
1425220 1312.2
1425230 1306.6
1425240 1308.0
1425250 1308.0
1425260 1306.8
1425270 1302.1
1425280 1302.1
1425290 1296.4
1425300 1292.9
1425310 1292.9
1425320 1291.2
1425330 1288.0
1425340 1283.6
1425350 1283.6
1425360 1279.2
1425370 1274.3
1425380 1274.3
1425390 1267.8
1425400 1259.4
1425410 1259.4
1425420 1252.9
1425430 1242.4
1425440 1242.4
1425450 1234.1
1425460 1234.6
1425470 1234.6
1425480 1245.3
1425490 1257.1
1425500 1259.2
1425510 1270.1
1425520 1278.3
1425530 1278.3
1425540 1280.8
1425550 1281.4
1425560 1281.4
1425570 1284.4
1425580 1287.0
1425590 1287.0
1425600 1291.8
1425610 1297.6
1425620 1297.6
1425630 1303.6
1425640 1309.1
1425650 1309.1
1425660 1313.2
1425670 1316.2
1425680 1316.2
1425690 1321.5
1425700 1325.7
1425710 1326.2
1425720 1326.2
1425730 1327.6
1425740 1330.5
1425750 1330.5
1425760 1334.3
1425770 1338.9
1425780 1338.9
1425790 1343.9
1425800 1349.0
1425810 1349.0
1425820 1354.1
1425830 1357.9
1425840 1357.9
1425850 1360.1
1425860 1361.0
1425870 1361.0
1425880 1361.3
1425890 1362.0
1425900 1362.0
1425910 1362.1
1425920 1361.8
1425930 1361.8
1425940 1361.2
1425950 1360.0
1425960 1360.0
1425970 1359.2
1425980 1360.1
1425990 1360.1
1426000 1362.2
1426010 1362.9
1426020 1362.9
1426030 1358.1
1426040 1353.3
1426050 1350.7
1426060 1350.7
1426070 1350.7
1426080 1351.6
1426090 1351.6
1426100 1352.7
1426110 1353.2
1426120 1353.2
1426130 1353.3
1426140 1353.8
1426150 1353.8
1426160 1353.8
1426170 1352.5
1426180 1352.5
1426190 1350.0
1426200 1346.5
1426210 1346.5
1426220 1343.9
1426230 1342.3
1426240 1342.3
1426250 1341.1
1426260 1340.2
1426270 1340.2
1426280 1338.9
1426290 1338.8
1426300 1338.8
1426310 1339.4
1426320 1342.7
1426330 1342.7
1426340 1345.9
1426350 1349.4
1426360 1349.4
1426370 1352.8
1426380 1355.5
1426390 1357.4
1426400 1357.4
1426410 1358.7
1426420 1358.8
1426430 1358.8
1426440 1357.4
1426450 1355.2
1426460 1355.2
1426470 1352.4
1426480 1350.0
1426490 1350.0
1426500 1348.1
1426510 1346.1
1426520 1346.1
1426530 1343.3
1426540 1339.9
1426550 1339.9
1426560 1337.0
1426570 1333.7
1426580 1333.7
1426590 1330.8
1426600 1328.8
1426610 1328.8
1426620 1326.5
1426630 1323.8
1426640 1323.8
1426650 1319.3
1426660 1313.0
1426670 1313.0
1426680 1302.7
1426690 1292.8
1426700 1292.8
1426710 1282.4
1426720 1276.7
1426730 1276.7
1426740 1268.7
1426750 1255.6
1426760 1241.5
1426770 1241.5
1426780 1236.8
1426790 1241.1
1426800 1241.1
1426810 1247.1
1426820 1252.0
1426830 1252.0
1426840 1254.7
1426850 1257.1
1426860 1257.1
1426870 1259.5
1426880 1261.2
1426890 1261.2
1426900 1261.0
1426910 1259.8
1426920 1259.8
1426930 1259.6
1426940 1258.3
1426950 1258.3
1426960 1256.4
1426970 1257.2
1426980 1257.2
1426990 1257.5
1427000 1259.3
1427010 1259.3
1427020 1262.8
1427030 1266.7
1427040 1266.7
1427050 1270.7
1427060 1274.5
1427070 1274.5
1427080 1277.8
1427090 1281.1
1427100 1285.3
1427110 1285.3
1427120 1290.7
1427130 1297.3
1427140 1297.3
1427150 1301.6
1427160 1304.2
1427170 1304.2
1427180 1306.1
1427190 1307.6
1427200 1307.6
1427210 1310.0
1427220 1313.2
1427230 1313.2
1427240 1317.6
1427250 1321.8
1427260 1321.8
1427270 1323.6
1427280 1325.1
1427290 1325.1
1427300 1326.9
1427310 1328.7
1427320 1328.7
1427330 1331.0
1427340 1334.4
1427350 1334.4
1427360 1336.2
1427370 1335.4
1427380 1335.4
1427390 1330.4
1427400 1327.2
1427410 1327.2
1427420 1324.9
1427430 1323.0
1427440 1319.8
1427450 1319.8
1427460 1309.5
1427470 1306.4
1427480 1306.4
1427490 1303.0
1427500 1299.7
1427510 1299.7
1427520 1297.2
1427530 1294.4
1427540 1294.4
1427550 1292.5
1427560 1287.9
1427570 1287.9
1427580 1283.7
1427590 1281.3
1427600 1281.3
1427610 1279.1
1427620 1275.5
1427630 1275.5
1427640 1273.7
1427650 1271.1
1427660 1271.1
1427670 1268.5
1427680 1266.0
1427690 1266.0
1427700 1261.4
1427710 1270.0
1427720 1270.0
1427730 1268.8
1427740 1266.9
1427750 1266.9
1427760 1264.5
1427770 1263.4
1427780 1262.6
1427790 1262.6
1427800 1261.8
1427810 1262.3
1427820 1262.3
1427830 1264.2
1427840 1265.6
1427850 1265.6
1427860 1267.5
1427870 1261.9
1427880 1261.9
1427890 1258.7
1427900 1259.9
1427910 1259.9
1427920 1261.5
1427930 1263.2
1427940 1263.2
1427950 1265.1
1427960 1267.5
1427970 1267.5
1427980 1270.8
1427990 1274.7
1428000 1274.7
1428010 1280.1
1428020 1283.4
1428030 1283.4
1428040 1287.2
1428050 1287.7
1428060 1287.7
1428070 1287.7
1428080 1291.3
1428090 1291.3
1428100 1296.4
1428110 1301.3
1428120 1301.3
1428130 1305.5
1428140 1308.9
1428150 1311.9
1428160 1311.9
1428170 1316.0
1428180 1322.6
1428190 1322.6
1428200 1330.2
1428210 1337.1
1428220 1337.1
1428230 1344.1
1428240 1351.6
1428250 1351.6
1428260 1362.4
1428270 1370.6
1428280 1370.6
1428290 1373.2
1428300 1372.1
1428310 1372.1
1428320 1376.8
1428330 1384.1
1428340 1384.1
1428350 1391.4
1428360 1398.9
1428370 1398.9
1428380 1406.6
1428390 1411.9
1428400 1411.9
1428410 1416.4
1428420 1422.0
1428430 1422.0
1428440 1424.9
1428450 1430.2
1428460 1430.2
1428470 1435.7
1428480 1438.0
1428490 1442.5
1428500 1442.5
1428510 1445.5
1428520 1447.6
1428530 1447.6
1428540 1447.4
1428550 1447.0
1428560 1447.0
1428570 1445.1
1428580 1443.7
1428590 1443.7
1428600 1439.9
1428610 1434.5
1428620 1434.5
1428630 1427.8
1428640 1419.5
1428650 1419.5
1428660 1411.1
1428670 1404.6
1428680 1404.6
1428690 1400.6
1428700 1400.7
1428710 1400.7
1428720 1399.7
1428730 1396.4
1428740 1396.4
1428750 1396.0
1428760 1398.0
1428770 1398.0
1428780 1398.9
1428790 1399.2
1428800 1399.2
1428810 1398.3
1428820 1397.6
1428830 1396.6
1428840 1396.6
1428850 1396.8
1428860 1397.9
1428870 1397.9
1428880 1398.4
1428890 1399.1
1428900 1399.1
1428910 1398.1
1428920 1397.2
1428930 1397.2
1428940 1397.0
1428950 1397.7
1428960 1397.7
1428970 1399.3
1428980 1399.3
1428990 1399.3
1429000 1400.0
1429010 1400.6
1429020 1400.6
1429030 1401.3
1429040 1402.5
1429050 1402.5
1429060 1404.1
1429070 1405.3
1429080 1405.3
1429090 1406.7
1429100 1408.2
1429110 1408.2
1429120 1409.9
1429130 1411.7
1429140 1411.7
1429150 1413.0
1429160 1414.6
1429170 1416.6
1429180 1416.6
1429190 1418.8
1429200 1421.1
1429210 1421.1
1429220 1423.0
1429230 1425.4
1429240 1425.4
1429250 1428.5
1429260 1430.9
1429270 1430.9
1429280 1433.9
1429290 1436.7
1429300 1436.7
1429310 1438.4
1429320 1440.0
1429330 1440.0
1429340 1441.8
1429350 1443.4
1429360 1443.4
1429370 1445.1
1429380 1447.3
1429390 1447.3
1429400 1449.8
1429410 1451.7
1429420 1451.7
1429430 1453.6
1429440 1454.9
1429450 1454.9
1429460 1458.1
1429470 1464.0
1429480 1464.0
1429490 1467.9
1429500 1471.4
1429510 1471.4
1429520 1475.5
1429530 1479.3
1429540 1483.0
1429550 1483.0
1429560 1487.6
1429570 1492.1
1429580 1492.1
1429590 1494.6
1429600 1497.8
1429610 1497.8
1429620 1500.1
1429630 1502.4
1429640 1502.4
1429650 1504.6
1429660 1506.2
1429670 1506.2
1429680 1508.1
1429690 1510.4
1429700 1510.4
1429710 1513.6
1429720 1516.5
1429730 1516.5
1429740 1520.0
1429750 1523.5
1429760 1523.5
1429770 1527.0
1429780 1530.1
1429790 1530.1
1429800 1533.3
1429810 1537.4
1429820 1537.4
1429830 1541.0
1429840 1544.2
1429850 1544.2
1429860 1547.8
1429870 1550.5
1429880 1554.8
1429890 1554.8
1429900 1559.1
1429910 1563.8
1429920 1563.8
1429930 1568.8
1429940 1573.4
1429950 1573.4
1429960 1578.1
1429970 1582.7
1429980 1582.7
1429990 1588.1
1430000 1594.2
1430010 1594.2
1430020 1598.9
1430030 1604.1
1430040 1604.1
1430050 1609.0
1430060 1613.1
1430070 1613.1
1430080 1617.8
1430090 1622.9
1430100 1622.9
1430110 1627.4
1430120 1632.1
1430130 1632.1
1430140 1636.8
1430150 1641.4
1430160 1641.4
1430170 1645.5
1430180 1650.6
1430190 1650.6
1430200 1655.6
1430210 1660.9
1430220 1666.9
1430230 1666.9
1430240 1672.9
1430250 1678.8
1430260 1678.8
1430270 1684.4
1430280 1690.1
1430290 1690.1
1430300 1695.9
1430310 1702.8
1430320 1702.8
1430330 1708.9
1430340 1715.5
1430350 1715.5
1430360 1720.9
1430370 1727.6
1430380 1727.6
1430390 1733.9
1430400 1740.9
1430410 1740.9
1430420 1747.6
1430430 1754.4
1430440 1754.4
1430450 1761.4
1430460 1768.0
1430470 1768.0
1430480 1773.7
1430490 1779.4
1430500 1779.4
1430510 1786.7
1430520 1797.5
1430530 1797.5
1430540 1811.3
1430550 1824.2
1430560 1824.2
1430570 1838.0
1430580 1853.7
1430590 1867.0
1430600 1867.0
1430610 1877.0
1430620 1893.4
1430630 1893.4
1430640 1915.8
1430650 1924.9
1430660 1924.9
1430670 1935.2
1430680 1945.9
1430690 1945.9
1430700 1976.3
1430710 1991.0
1430720 1991.0
1430730 1996.2
1430740 2003.0
1430750 2003.0
1430760 2006.4
1430770 2017.0
1430780 2017.0
1430790 2031.5
1430800 2042.0
1430810 2042.0
1430820 2048.3
1430830 2051.8
1430840 2051.8
1430850 2057.5
1430860 2058.8
1430870 2058.8
1430880 2062.6
1430890 2065.5
1430900 2065.5
1430910 2066.5
1430920 2066.0
1430930 2065.0
1430940 2065.0
1430950 2064.7
1430960 2063.3
1430970 2063.3
1430980 2063.2
1430990 2064.1
1431000 2064.1
1431010 2063.9
1431020 2063.0
1431030 2063.0
1431040 2060.9
1431050 2062.5
1431060 2062.5
1431070 2067.5
1431080 2069.6
1431090 2069.6
1431100 2068.0
1431110 2066.8
1431120 2066.8
1431130 2067.6
1431140 2069.6
1431150 2069.6
1431160 2071.0
1431170 2074.7
1431180 2074.7
1431190 2076.5
1431200 2079.3
1431210 2079.3
1431220 2081.9
1431230 2083.2
1431240 2083.2
1431250 2085.9
1431260 2093.4
1431270 2102.0
1431280 2102.0
1431290 2110.4
1431300 2114.7
1431310 2114.7
1431320 2115.6
1431330 2118.7
1431340 2118.7
1431350 2123.0
1431360 2129.9
1431370 2129.9
1431380 2137.5
1431390 2145.5
1431400 2145.5
1431410 2154.2
1431420 2161.4
1431430 2161.4
1431440 2155.7
1431450 2149.5
1431460 2149.5
1431470 2141.3
1431480 2134.2
1431490 2134.2
1431500 2129.8
1431510 2124.9
1431520 2124.9
1431530 2115.9
1431540 2106.8
1431550 2106.8
1431560 2104.4
1431570 2100.1
1431580 2100.1
1431590 2093.9
1431600 2091.4
1431610 2088.0
1431620 2088.0
1431630 2084.5
1431640 2083.2
1431650 2083.2
1431660 2080.7
1431670 2083.6
1431680 2083.6
1431690 2085.3
1431700 2087.0
1431710 2087.0
1431720 2092.6
1431730 2095.9
1431740 2095.9
1431750 2100.2
1431760 2101.6
1431770 2101.6
1431780 2121.4
1431790 2123.7
1431800 2123.7
1431810 2122.2
1431820 2121.7
1431830 2121.7
1431840 2120.8
1431850 2121.4
1431860 2121.4
1431870 2123.5
1431880 2123.8
1431890 2123.8
1431900 2127.2
1431910 2126.1
1431920 2126.1
1431930 2123.9
1431940 2123.4
1431950 2123.4
1431960 2124.6
1431970 2126.5
1431980 2126.8
1431990 2126.8
1432000 2127.2
1432010 2120.0
1432020 2120.0
1432030 2103.1
1432040 2094.1
1432050 2094.1
1432060 2083.2
1432070 2073.8
1432080 2073.8
1432090 2066.7
1432100 2049.7
1432110 2049.7
1432120 2040.3
1432130 2032.6
1432140 2032.6
1432150 2019.1
1432160 2008.7
1432170 2008.7
1432180 1998.7
1432190 1995.1
1432200 1995.1
1432210 1973.6
1432220 1961.0
1432230 1961.0
1432240 1950.1
1432250 1942.1
1432260 1942.1
1432270 1934.0
1432280 1926.7
1432290 1926.7
1432300 1917.3
1432310 1909.5
1432320 1903.3
1432330 1903.3
1432340 1894.2
1432350 1887.9
1432360 1887.9
1432370 1876.6
1432380 1865.3
1432390 1865.3
1432400 1858.2
1432410 1845.0
1432420 1845.0
1432430 1836.4
