1420000 837.5
1420010 839.3
1420020 839.6
1420030 839.6
1420040 833.4
1420050 832.6
1420060 832.6
1420070 828.8
1420080 827.7
1420090 827.7
1420100 826.5
1420110 824.2
1420120 821.0
1420130 821.0
1420140 817.6
1420150 814.8
1420160 814.8
1420170 811.3
1420180 807.1
1420190 807.1
1420200 806.7
1420210 804.1
1420220 804.1
1420230 801.0
1420240 798.7
1420250 798.7
1420260 796.7
1420270 793.1
1420280 793.1
1420290 793.7
1420300 795.2
1420310 795.2
1420320 796.1
1420330 797.7
1420340 797.7
1420350 796.6
1420360 792.2
1420370 792.2
1420380 791.0
1420390 794.2
1420400 794.2
1420410 799.8
1420420 806.1
1420430 806.1
1420440 810.4
1420450 810.3
1420460 805.2
1420470 805.2
1420480 798.9
1420490 792.3
1420500 792.3
1420510 784.9
1420520 779.8
1420530 779.8
1420540 779.2
1420550 779.2
1420560 779.2
1420570 779.2
1420580 775.2
1420590 775.2
1420600 768.7
1420610 760.7
1420620 760.7
1420630 753.2
1420640 745.4
1420650 745.4
1420660 737.4
1420670 730.2
1420680 730.2
1420690 723.7
1420700 723.6
1420710 723.6
1420720 731.4
1420730 739.0
1420740 739.0
1420750 743.6
1420760 748.4
1420770 748.4
1420780 753.6
1420790 749.8
1420800 749.8
1420810 735.7
1420820 737.5
1420830 733.1
1420840 733.1
1420850 734.7
1420860 737.4
1420870 737.4
1420880 740.5
1420890 741.2
1420900 741.2
1420910 741.0
1420920 741.1
1420930 741.1
1420940 741.8
1420950 742.2
1420960 742.2
1420970 742.9
1420980 744.4
1420990 744.4
1421000 748.8
1421010 752.7
1421020 752.7
1421030 753.4
1421040 753.9
1421050 753.9
1421060 754.3
1421070 754.8
1421080 754.8
1421090 756.2
1421100 758.3
1421110 758.3
1421120 759.2
1421130 757.3
1421140 757.3
1421150 758.0
1421160 761.1
1421170 762.4
1421180 762.4
1421190 763.3
1421200 763.9
1421210 763.9
1421220 764.6
1421230 765.3
1421240 765.3
1421250 768.2
1421260 773.3
1421270 773.3
1421280 776.2
1421290 777.4
1421300 777.4
1421310 778.2
1421320 780.3
1421330 780.3
1421340 783.2
1421350 786.1
1421360 786.1
1421370 788.9
1421380 793.1
1421390 793.1
1421400 798.6
1421410 804.0
1421420 804.0
1421430 808.4
1421440 812.2
1421450 812.2
1421460 815.6
1421470 818.2
1421480 818.2
1421490 820.6
1421500 823.8
1421510 828.1
1421520 828.1
1421530 831.8
1421540 836.6
1421550 836.6
1421560 841.6
1421570 845.7
1421580 845.7
1421590 847.6
1421600 854.3
1421610 854.3
1421620 859.7
1421630 862.8
1421640 862.8
1421650 864.1
1421660 865.2
1421670 865.2
1421680 866.3
1421690 867.9
1421700 867.9
1421710 870.2
1421720 872.4
1421730 872.4
1421740 873.9
1421750 876.3
1421760 876.3
1421770 879.2
1421780 882.8
1421790 882.8
1421800 885.8
1421810 889.8
1421820 889.8
1421830 895.1
1421840 901.0
1421850 906.7
1421860 906.7
1421870 912.0
1421880 918.2
1421890 918.2
1421900 925.1
1421910 931.6
1421920 931.6
1421930 938.1
1421940 944.4
1421950 944.4
1421960 952.2
1421970 959.8
1421980 959.8
1421990 967.0
1422000 974.6
1422010 974.6
1422020 982.0
1422030 992.5
1422040 992.5
1422050 999.1
1422060 1004.2
1422070 1004.2
1422080 1010.5
1422090 1016.5
1422100 1016.5
1422110 1023.6
1422120 1031.3
1422130 1031.3
1422140 1037.3
1422150 1043.3
1422160 1043.3
1422170 1049.3
1422180 1055.3
1422190 1055.3
1422200 1062.0
1422210 1068.1
1422220 1073.4
1422230 1073.4
1422240 1078.8
1422250 1084.1
1422260 1084.1
1422270 1089.4
1422280 1095.2
1422290 1095.2
1422300 1100.1
1422310 1105.3
1422320 1105.3
1422330 1110.4
1422340 1115.7
1422350 1115.7
1422360 1122.3
1422370 1129.7
1422380 1129.7
1422390 1136.7
1422400 1145.1
1422410 1145.1
1422420 1158.7
1422430 1187.3
1422440 1187.3
1422450 1203.2
1422460 1213.2
1422470 1213.2
1422480 1221.0
1422490 1227.6
1422500 1227.6
1422510 1232.6
1422520 1236.9
1422530 1236.9
1422540 1241.9
1422550 1247.7
1422560 1253.1
1422570 1253.1
1422580 1260.5
1422590 1269.5
1422600 1269.5
1422610 1277.6
1422620 1285.4
1422630 1285.4
1422640 1293.7
1422650 1324.7
1422660 1324.7
1422670 1345.4
1422680 1364.8
1422690 1364.8
1422700 1379.3
1422710 1400.7
1422720 1400.7
1422730 1416.5
1422740 1429.3
1422750 1429.3
1422760 1439.4
1422770 1453.7
1422780 1453.7
1422790 1466.3
1422800 1473.4
1422810 1473.4
1422820 1480.1
1422830 1482.5
1422840 1482.5
1422850 1485.0
1422860 1489.2
1422870 1489.2
1422880 1509.9
1422890 1536.2
1422900 1547.6
1422910 1547.6
1422920 1554.9
1422930 1563.0
1422940 1563.0
1422950 1569.5
1422960 1577.0
1422970 1577.0
1422980 1583.6
1422990 1585.8
1423000 1585.8
1423010 1586.9
1423020 1590.1
1423030 1590.1
1423040 1595.3
1423050 1597.6
1423060 1597.6
1423070 1597.4
1423080 1595.1
1423090 1595.1
1423100 1594.0
1423110 1587.7
1423120 1587.7
1423130 1581.7
1423140 1581.7
1423150 1581.7
1423160 1579.6
1423170 1574.6
1423180 1574.6
1423190 1572.2
1423200 1571.7
1423210 1571.7
1423220 1569.5
1423230 1566.9
1423240 1566.9
1423250 1569.9
1423260 1582.9
1423270 1595.1
1423280 1595.1
1423290 1629.3
1423300 1650.1
1423310 1650.1
1423320 1661.2
1423330 1674.8
1423340 1674.8
1423350 1686.5
1423360 1698.2
1423370 1698.2
1423380 1701.8
1423390 1690.4
1423400 1690.4
1423410 1679.0
1423420 1671.5
1423430 1671.5
1423440 1673.8
1423450 1673.2
1423460 1673.2
1423470 1672.1
1423480 1669.2
1423490 1669.2
1423500 1671.1
1423510 1671.0
1423520 1671.0
1423530 1671.3
1423540 1673.8
1423550 1673.8
1423560 1673.8
1423570 1661.5
1423580 1661.5
1423590 1657.9
1423600 1653.8
1423610 1654.2
1423620 1654.2
1423630 1654.7
1423640 1647.1
1423650 1647.1
1423660 1642.4
1423670 1634.6
1423680 1634.6
1423690 1631.4
1423700 1632.0
1423710 1632.0
1423720 1632.9
1423730 1630.3
1423740 1630.3
1423750 1623.7
1423760 1612.3
1423770 1612.3
1423780 1599.8
1423790 1591.2
1423800 1591.2
1423810 1583.7
1423820 1564.9
1423830 1564.9
1423840 1557.6
1423850 1553.4
1423860 1553.4
1423870 1545.0
1423880 1540.0
1423890 1540.0
1423900 1535.7
1423910 1526.7
1423920 1526.7
1423930 1511.4
1423940 1504.1
1423950 1501.4
1423960 1501.4
1423970 1500.6
1423980 1497.9
1423990 1497.9
1424000 1494.7
1424010 1491.7
1424020 1491.7
1424030 1489.0
1424040 1487.3
1424050 1487.3
1424060 1485.8
1424070 1484.1
1424080 1484.1
1424090 1482.6
1424100 1490.0
1424110 1490.0
1424120 1493.2
1424130 1496.9
1424140 1496.9
1424150 1500.7
1424160 1504.8
1424170 1504.8
1424180 1512.1
1424190 1520.9
1424200 1520.9
1424210 1530.7
1424220 1536.6
1424230 1536.6
1424240 1541.7
1424250 1547.3
1424260 1547.3
1424270 1553.5
1424280 1560.1
1424290 1566.9
1424300 1566.9
1424310 1568.3
1424320 1564.8
1424330 1564.8
1424340 1559.9
1424350 1551.9
1424360 1551.9
1424370 1539.2
1424380 1522.5
1424390 1522.5
1424400 1508.3
1424410 1496.4
1424420 1496.4
1424430 1488.7
1424440 1481.7
1424450 1481.7
1424460 1474.7
1424470 1465.7
1424480 1465.7
1424490 1458.9
1424500 1451.9
1424510 1451.9
1424520 1443.7
1424530 1435.1
1424540 1435.1
1424550 1426.4
1424560 1417.8
1424570 1417.8
1424580 1413.9
1424590 1419.2
1424600 1419.2
1424610 1422.7
1424620 1417.7
1424630 1417.7
1424640 1407.8
1424650 1396.5
1424660 1385.2
1424670 1385.2
1424680 1376.2
1424690 1377.9
1424700 1377.9
1424710 1381.6
1424720 1380.2
1424730 1380.2
1424740 1383.8
1424750 1387.9
1424760 1387.9
1424770 1389.4
1424780 1392.7
1424790 1392.7
1424800 1394.6
1424810 1396.1
1424820 1396.1
1424830 1398.1
1424840 1399.9
1424850 1399.9
1424860 1402.7
1424870 1405.0
1424880 1405.0
1424890 1405.7
1424900 1406.1
1424910 1406.1
1424920 1405.9
1424930 1405.3
1424940 1405.3
1424950 1404.6
1424960 1404.0
1424970 1404.0
1424980 1403.2
1424990 1402.0
1425000 1400.0
1425010 1400.0
1425020 1397.1
1425030 1393.6
1425040 1393.6
1425050 1389.6
1425060 1385.2
1425070 1385.2
1425080 1379.4
1425090 1372.5
1425100 1372.5
1425110 1365.4
1425120 1357.8
1425130 1357.8
1425140 1350.0
1425150 1342.3
1425160 1342.3
1425170 1335.5
1425180 1329.3
1425190 1329.3
1425200 1322.9
1425210 1315.1
1425220 1315.1
1425230 1305.0
1425240 1298.9
1425250 1298.9
1425260 1300.2
1425270 1299.8
1425280 1299.8
1425290 1295.3
1425300 1290.1
1425310 1290.1
1425320 1286.8
1425330 1284.2
1425340 1280.1
1425350 1280.1
1425360 1273.4
1425370 1267.6
1425380 1267.6
1425390 1260.9
1425400 1254.7
1425410 1254.7
1425420 1246.9
1425430 1237.7
1425440 1237.7
1425450 1229.6
1425460 1231.3
1425470 1231.3
1425480 1242.8
1425490 1254.2
1425500 1254.2
1425510 1262.4
1425520 1268.3
1425530 1268.3
1425540 1268.5
1425550 1271.7
1425560 1271.7
1425570 1277.5
1425580 1281.6
1425590 1281.6
1425600 1287.0
1425610 1291.1
1425620 1291.1
1425630 1295.0
1425640 1298.2
1425650 1298.2
1425660 1301.6
1425670 1308.6
1425680 1314.3
1425690 1314.3
1425700 1315.8
1425710 1318.5
1425720 1318.5
1425730 1322.9
1425740 1326.1
1425750 1326.1
1425760 1329.3
1425770 1333.9
1425780 1333.9
1425790 1339.3
1425800 1344.5
1425810 1344.5
1425820 1348.5
1425830 1351.0
1425840 1351.0
1425850 1351.9
1425860 1352.1
1425870 1352.1
1425880 1352.4
1425890 1352.8
1425900 1352.8
1425910 1353.0
1425920 1352.5
1425930 1352.5
1425940 1351.7
1425950 1350.5
1425960 1350.5
1425970 1351.6
1425980 1354.1
1425990 1354.1
1426000 1355.8
1426010 1356.8
1426020 1356.8
1426030 1352.4
1426040 1347.5
1426050 1344.8
1426060 1344.8
1426070 1345.5
1426080 1347.3
1426090 1347.3
1426100 1348.4
1426110 1348.7
1426120 1348.7
1426130 1348.6
1426140 1348.8
1426150 1348.8
1426160 1347.4
1426170 1345.5
1426180 1345.5
1426190 1343.2
1426200 1341.3
1426210 1341.3
1426220 1339.1
1426230 1338.0
1426240 1338.0
1426250 1337.7
1426260 1338.6
1426270 1338.6
1426280 1336.5
1426290 1338.0
1426300 1338.0
1426310 1340.5
1426320 1344.7
1426330 1344.7
1426340 1348.6
1426350 1352.0
1426360 1352.0
1426370 1354.5
1426380 1356.3
1426390 1357.6
1426400 1357.6
1426410 1357.9
1426420 1356.9
1426430 1356.9
1426440 1354.8
1426450 1352.7
1426460 1352.7
1426470 1350.6
1426480 1348.4
1426490 1348.4
1426500 1346.1
1426510 1344.0
1426520 1344.0
1426530 1340.6
1426540 1337.7
1426550 1337.7
1426560 1334.4
1426570 1330.5
1426580 1330.5
1426590 1329.1
1426600 1327.7
1426610 1327.7
1426620 1324.8
1426630 1319.3
1426640 1319.3
1426650 1311.0
1426660 1302.5
1426670 1302.5
1426680 1292.0
1426690 1283.5
1426700 1283.5
1426710 1275.9
1426720 1267.5
1426730 1263.1
1426740 1263.1
1426750 1255.4
1426760 1241.4
1426770 1241.4
1426780 1232.9
1426790 1236.8
1426800 1236.8
1426810 1243.0
1426820 1247.5
1426830 1247.5
1426840 1250.5
1426850 1253.1
1426860 1253.1
1426870 1255.9
1426880 1257.8
1426890 1257.8
1426900 1257.4
1426910 1256.9
1426920 1256.9
1426930 1256.0
1426940 1254.5
1426950 1254.5
1426960 1252.2
1426970 1253.4
1426980 1253.4
1426990 1253.5
1427000 1254.7
1427010 1254.7
1427020 1258.1
1427030 1262.1
1427040 1262.1
1427050 1265.8
1427060 1269.0
1427070 1269.0
1427080 1272.7
1427090 1276.6
1427100 1281.4
1427110 1281.4
1427120 1287.7
1427130 1294.2
1427140 1294.2
1427150 1298.4
1427160 1301.1
1427170 1301.1
1427180 1303.1
1427190 1305.1
1427200 1305.1
1427210 1308.5
1427220 1312.6
1427230 1312.6
1427240 1315.7
1427250 1317.7
1427260 1317.7
1427270 1318.7
1427280 1320.2
1427290 1320.2
1427300 1321.6
1427310 1323.2
1427320 1323.2
1427330 1326.2
1427340 1329.3
1427350 1329.3
1427360 1330.3
1427370 1327.8
1427380 1327.8
1427390 1321.2
1427400 1317.6
1427410 1317.6
1427420 1315.1
1427430 1305.8
1427440 1300.9
1427450 1300.9
1427460 1299.5
1427470 1298.2
1427480 1298.2
1427490 1294.8
1427500 1291.4
1427510 1291.4
1427520 1288.2
1427530 1285.6
1427540 1285.6
1427550 1283.6
1427560 1280.2
1427570 1280.2
1427580 1275.9
1427590 1273.3
1427600 1273.3
1427610 1271.7
1427620 1269.9
1427630 1269.9
1427640 1266.3
1427650 1264.4
1427660 1264.4
1427670 1261.7
1427680 1259.0
1427690 1259.0
1427700 1254.5
1427710 1255.0
1427720 1255.0
1427730 1254.9
1427740 1252.7
1427750 1252.7
1427760 1249.7
1427770 1249.4
1427780 1249.5
1427790 1249.5
1427800 1251.5
1427810 1254.1
1427820 1254.1
1427830 1255.7
1427840 1254.4
1427850 1254.4
1427860 1248.0
1427870 1244.7
1427880 1244.7
1427890 1244.0
1427900 1246.0
1427910 1246.0
1427920 1248.5
1427930 1251.8
1427940 1251.8
1427950 1255.0
1427960 1257.1
1427970 1257.1
1427980 1260.2
1427990 1264.7
1428000 1264.7
1428010 1267.0
1428020 1268.9
1428030 1268.9
1428040 1272.1
1428050 1275.3
1428060 1275.3
1428070 1278.0
1428080 1281.4
1428090 1281.4
1428100 1285.3
1428110 1289.5
1428120 1293.0
1428130 1293.0
1428140 1296.6
1428150 1299.8
1428160 1299.8
1428170 1303.8
1428180 1309.2
1428190 1309.2
1428200 1314.5
1428210 1320.0
1428220 1320.0
1428230 1326.2
1428240 1331.0
1428250 1331.0
1428260 1338.3
1428270 1348.6
1428280 1348.6
1428290 1355.4
1428300 1363.0
1428310 1363.0
1428320 1371.0
1428330 1378.5
1428340 1378.5
1428350 1386.6
1428360 1393.4
1428370 1393.4
1428380 1396.2
1428390 1400.1
1428400 1400.1
1428410 1406.1
1428420 1410.2
1428430 1410.2
1428440 1414.8
1428450 1417.2
1428460 1417.2
1428470 1420.8
1428480 1426.3
1428490 1435.7
1428500 1435.7
1428510 1437.8
1428520 1440.0
1428530 1440.0
1428540 1442.1
1428550 1440.5
1428560 1440.5
1428570 1436.9
1428580 1429.0
1428590 1429.0
1428600 1426.3
1428610 1422.4
1428620 1422.4
1428630 1414.8
1428640 1407.2
1428650 1407.2
1428660 1401.5
1428670 1397.3
1428680 1397.3
1428690 1395.4
1428700 1395.6
1428710 1395.6
1428720 1395.0
1428730 1392.8
1428740 1392.8
1428750 1393.3
1428760 1394.6
1428770 1394.6
1428780 1395.1
1428790 1394.8
1428800 1394.8
1428810 1394.8
1428820 1394.5
1428830 1394.2
1428840 1394.2
1428850 1394.2
1428860 1394.9
1428870 1394.9
1428880 1395.3
1428890 1395.6
1428900 1395.6
1428910 1395.1
1428920 1395.3
1428930 1395.3
1428940 1395.5
1428950 1395.6
1428960 1395.6
1428970 1396.8
1428980 1398.0
1428990 1398.0
1429000 1398.7
1429010 1399.7
1429020 1399.7
1429030 1400.7
1429040 1402.0
1429050 1402.0
1429060 1403.4
1429070 1404.8
1429080 1404.8
1429090 1406.3
1429100 1407.8
1429110 1407.8
1429120 1409.3
1429130 1411.2
1429140 1411.2
1429150 1413.2
1429160 1415.3
1429170 1417.3
1429180 1417.3
1429190 1420.2
1429200 1422.7
1429210 1422.7
1429220 1424.1
1429230 1426.1
1429240 1426.1
1429250 1428.8
1429260 1431.1
1429270 1431.1
1429280 1433.8
1429290 1436.1
1429300 1436.1
1429310 1438.2
1429320 1440.7
1429330 1440.7
1429340 1443.3
1429350 1445.2
1429360 1445.2
1429370 1446.7
1429380 1448.4
1429390 1448.4
1429400 1449.5
1429410 1451.6
1429420 1451.6
1429430 1454.9
1429440 1457.0
1429450 1457.0
1429460 1459.0
1429470 1461.8
1429480 1461.8
1429490 1465.9
1429500 1469.5
1429510 1473.4
1429520 1473.4
1429530 1476.5
1429540 1480.0
1429550 1480.0
1429560 1484.2
1429570 1488.6
1429580 1488.6
1429590 1491.9
1429600 1494.4
1429610 1494.4
1429620 1496.4
1429630 1499.5
1429640 1499.5
1429650 1502.0
1429660 1503.8
1429670 1503.8
1429680 1506.1
1429690 1508.4
1429700 1508.4
1429710 1512.1
1429720 1514.9
1429730 1514.9
1429740 1518.3
1429750 1521.9
1429760 1521.9
1429770 1524.9
1429780 1528.2
1429790 1528.2
1429800 1531.6
1429810 1535.0
1429820 1535.0
1429830 1538.1
1429840 1541.3
1429850 1541.3
1429860 1544.3
1429870 1548.4
1429880 1552.6
1429890 1552.6
1429900 1557.1
1429910 1561.8
1429920 1561.8
1429930 1566.9
1429940 1571.6
1429950 1571.6
1429960 1576.1
1429970 1580.5
1429980 1580.5
1429990 1585.7
1430000 1590.4
1430010 1590.4
1430020 1595.0
1430030 1599.0
1430040 1599.0
1430050 1603.4
1430060 1608.2
1430070 1608.2
1430080 1613.1
1430090 1617.5
1430100 1617.5
1430110 1621.7
1430120 1626.2
1430130 1626.2
1430140 1630.6
1430150 1635.5
1430160 1635.5
1430170 1640.6
1430180 1645.8
1430190 1645.8
1430200 1651.5
1430210 1657.2
1430220 1663.5
1430230 1663.5
1430240 1669.0
1430250 1674.7
1430260 1674.7
1430270 1681.0
1430280 1687.1
1430290 1687.1
1430300 1693.3
1430310 1699.2
1430320 1699.2
1430330 1705.2
1430340 1711.9
1430350 1711.9
1430360 1718.5
1430370 1724.8
1430380 1724.8
1430390 1732.2
1430400 1739.4
1430410 1739.4
1430420 1745.5
1430430 1751.6
1430440 1751.6
1430450 1756.0
1430460 1760.8
1430470 1760.8
1430480 1766.5
1430490 1773.2
1430500 1773.2
1430510 1780.1
1430520 1789.5
1430530 1789.5
1430540 1796.9
1430550 1806.8
1430560 1832.9
1430570 1832.9
1430580 1847.5
1430590 1857.4
1430600 1857.4
1430610 1868.3
1430620 1897.1
1430630 1897.1
1430640 1913.3
1430650 1930.8
1430660 1930.8
1430670 1944.5
1430680 1959.3
1430690 1959.3
1430700 1973.6
1430710 1977.1
1430720 1977.1
1430730 1981.2
1430740 1986.8
1430750 1986.8
1430760 1990.9
1430770 1994.9
1430780 1994.9
1430790 2004.4
1430800 2016.9
1430810 2016.9
1430820 2032.4
1430830 2044.5
1430840 2044.5
1430850 2049.4
1430860 2052.7
1430870 2052.7
1430880 2057.9
1430890 2061.1
1430900 2061.1
1430910 2062.6
1430920 2064.1
1430930 2065.2
1430940 2065.2
1430950 2065.1
1430960 2065.2
1430970 2065.2
1430980 2065.7
1430990 2064.5
1431000 2064.5
1431010 2065.1
1431020 2063.7
1431030 2063.7
1431040 2061.1
1431050 2063.9
1431060 2063.9
1431070 2066.8
1431080 2066.8
1431090 2066.8
1431100 2065.9
1431110 2065.4
1431120 2065.4
1431130 2066.8
1431140 2068.1
1431150 2068.1
1431160 2070.1
1431170 2073.0
1431180 2073.0
1431190 2074.4
1431200 2075.7
1431210 2075.7
1431220 2076.6
1431230 2079.7
1431240 2079.7
1431250 2086.3
1431260 2093.5
1431270 2100.4
1431280 2100.4
1431290 2105.3
1431300 2107.4
1431310 2107.4
1431320 2109.8
1431330 2115.1
1431340 2115.1
1431350 2120.9
1431360 2128.0
1431370 2128.0
1431380 2135.4
1431390 2143.3
1431400 2143.3
1431410 2153.9
1431420 2163.6
1431430 2163.6
1431440 2158.0
1431450 2150.7
1431460 2150.7
1431470 2142.6
1431480 2137.5
1431490 2137.5
1431500 2133.6
1431510 2126.2
1431520 2126.2
1431530 2117.3
1431540 2112.8
1431550 2112.8
1431560 2108.7
1431570 2102.5
1431580 2102.5
1431590 2099.8
1431600 2096.9
1431610 2094.0
1431620 2094.0
1431630 2090.6
1431640 2088.9
1431650 2088.9
1431660 2086.7
1431670 2088.3
1431680 2088.3
1431690 2091.2
1431700 2091.7
1431710 2091.7
1431720 2096.4
1431730 2103.1
1431740 2103.1
1431750 2107.3
1431760 2109.4
1431770 2109.4
1431780 2124.7
1431790 2128.8
1431800 2128.8
1431810 2128.5
1431820 2128.2
1431830 2128.2
1431840 2126.0
1431850 2127.2
1431860 2127.2
1431870 2127.5
1431880 2127.3
1431890 2127.3
1431900 2127.9
1431910 2127.6
1431920 2127.6
1431930 2126.9
1431940 2126.9
1431950 2126.5
1431960 2126.5
1431970 2127.9
1431980 2128.0
1431990 2128.0
1432000 2126.4
1432010 2117.0
1432020 2117.0
1432030 2102.7
1432040 2094.0
1432050 2094.0
1432060 2089.4
1432070 2090.6
1432080 2090.6
1432090 2089.7
1432100 2060.2
1432110 2060.2
1432120 2045.1
1432130 2039.6
1432140 2039.6
1432150 2031.0
1432160 2024.2
1432170 2024.2
1432180 2026.6
1432190 2013.4
1432200 2013.4
1432210 1987.2
1432220 1971.6
1432230 1971.6
1432240 1955.7
1432250 1944.8
1432260 1944.8
1432270 1946.0
1432280 1937.3
1432290 1937.3
1432300 1927.3
1432310 1924.3
1432320 1925.4
1432330 1925.4
1432340 1921.0
1432350 1913.6
1432360 1913.6
