1420000 1084.9
1420010 1084.9
1420020 1082.8
1420030 1082.0
1420040 1082.0
1420050 1081.9
1420060 1081.7
1420070 1078.4
1420080 1078.4
1420090 1079.7
1420100 1080.5
1420110 1080.5
1420120 1080.0
1420130 1079.6
1420140 1079.6
1420150 1078.7
1420160 1076.5
1420170 1076.5
1420180 1072.4
1420190 1071.3
1420200 1071.3
1420210 1072.1
1420220 1071.1
1420230 1071.1
1420240 1069.8
1420250 1068.9
1420260 1068.9
1420270 1067.8
1420280 1066.2
1420290 1066.2
1420300 1063.8
1420310 1060.1
1420320 1060.1
1420330 1059.7
1420340 1062.2
1420350 1062.2
1420360 1059.3
1420370 1053.5
1420380 1053.5
1420390 1047.2
1420400 1041.0
1420410 1041.0
1420420 1035.1
1420430 1030.0
1420440 1024.4
1420450 1024.4
1420460 1018.8
1420470 1015.0
1420480 1015.0
1420490 1009.8
1420500 1004.2
1420510 1004.2
1420520 1000.4
1420530 996.7
1420540 996.7
1420550 993.3
1420560 989.5
1420570 989.5
1420580 984.9
1420590 980.1
1420600 980.1
1420610 975.5
1420620 965.8
1420630 965.8
1420640 958.1
1420650 969.4
1420660 969.4
1420670 978.1
1420680 983.1
1420690 983.1
1420700 987.3
1420710 990.3
1420720 990.3
1420730 993.4
1420740 994.7
1420750 994.7
1420760 996.6
1420770 998.3
1420780 1000.5
1420790 1000.5
1420800 1003.2
1420810 1006.7
1420820 1006.7
1420830 1010.2
1420840 1012.8
1420850 1012.8
1420860 1015.7
1420870 1019.4
1420880 1019.4
1420890 1023.1
1420900 1026.1
1420910 1026.1
1420920 1029.5
1420930 1033.6
1420940 1033.6
1420950 1038.5
1420960 1043.2
1420970 1043.2
1420980 1047.8
1420990 1052.1
1421000 1052.1
1421010 1057.2
1421020 1062.8
1421030 1062.8
1421040 1066.3
1421050 1067.3
1421060 1067.3
1421070 1067.3
1421080 1067.3
1421090 1067.3
1421100 1066.6
1421110 1063.7
1421120 1058.9
1421130 1058.9
1421140 1053.5
1421150 1048.8
1421160 1048.8
1421170 1044.6
1421180 1041.0
1421190 1041.0
1421200 1037.8
1421210 1034.9
1421220 1034.9
1421230 1031.8
1421240 1028.9
1421250 1028.9
1421260 1026.3
1421270 1024.0
1421280 1024.0
1421290 1021.5
1421300 1021.8
1421310 1021.8
1421320 1019.9
1421330 1017.0
1421340 1017.0
1421350 1014.2
1421360 1010.9
1421370 1010.9
1421380 1008.2
1421390 1004.8
1421400 1004.8
1421410 1001.7
1421420 998.0
1421430 998.0
1421440 994.5
1421450 990.2
1421460 990.2
1421470 986.0
1421480 982.1
1421490 977.7
1421500 977.7
1421510 973.6
1421520 968.8
1421530 968.8
1421540 963.4
1421550 958.8
1421560 958.8
1421570 953.3
1421580 949.1
1421590 949.1
1421600 945.1
1421610 941.3
1421620 941.3
1421630 938.8
1421640 935.7
1421650 935.7
1421660 933.4
1421670 930.3
1421680 930.3
1421690 925.8
1421700 921.1
1421710 921.1
1421720 918.5
1421730 913.7
1421740 913.7
1421750 909.5
1421760 909.4
1421770 909.4
1421780 911.1
1421790 911.3
1421800 911.3
1421810 911.2
1421820 909.2
1421830 905.7
1421840 905.7
1421850 905.5
1421860 904.4
1421870 904.4
1421880 903.1
1421890 898.3
1421900 898.3
1421910 891.7
1421920 887.2
1421930 887.2
1421940 885.5
1421950 890.0
1421960 890.0
1421970 898.3
1421980 902.4
1421990 902.4
1422000 901.6
1422010 899.2
1422020 899.2
1422030 899.2
1422040 900.0
1422050 900.0
1422060 900.4
1422070 900.8
1422080 900.8
1422090 901.5
1422100 902.3
1422110 902.3
1422120 903.4
1422130 904.6
1422140 904.6
1422150 905.8
1422160 907.5
1422170 909.2
1422180 909.2
1422190 910.9
1422200 912.4
1422210 912.4
1422220 913.7
1422230 915.6
1422240 915.6
1422250 917.2
1422260 917.5
1422270 917.5
1422280 917.8
1422290 919.6
1422300 919.6
1422310 922.7
1422320 926.5
1422330 926.5
1422340 930.8
1422350 934.7
1422360 934.7
1422370 938.9
1422380 943.0
1422390 943.0
1422400 947.1
1422410 950.6
1422420 950.6
1422430 954.3
1422440 958.2
1422450 958.2
1422460 961.7
1422470 965.0
1422480 965.0
1422490 969.3
1422500 973.5
1422510 977.4
1422520 982.7
1422530 987.5
1422540 992.6
1422550 992.6
1422560 997.2
1422570 1002.1
1422580 1002.1
1422590 1006.9
1422600 1011.5
1422610 1011.5
1422620 1015.6
1422630 1019.6
1422640 1019.6
1422650 1023.9
1422660 1027.9
1422670 1027.9
1422680 1031.8
1422690 1036.6
1422700 1036.6
1422710 1043.5
1422720 1050.2
1422730 1050.2
1422740 1055.7
1422750 1059.4
1422760 1059.4
1422770 1062.8
1422780 1067.2
1422790 1067.2
1422800 1070.9
1422810 1071.9
1422820 1071.9
1422830 1073.0
1422840 1075.0
1422850 1075.0
1422860 1079.9
1422870 1085.9
1422880 1092.1
1422890 1092.1
1422900 1098.8
1422910 1106.4
1422920 1106.4
1422930 1113.7
1422940 1120.6
1422950 1120.6
1422960 1125.0
1422970 1126.2
1422980 1126.2
1422990 1126.5
1423000 1128.2
1423010 1128.2
1423020 1131.9
1423030 1137.5
1423040 1137.5
1423050 1143.5
1423060 1149.7
1423070 1149.7
1423080 1156.1
1423090 1165.3
1423100 1165.3
1423110 1174.6
1423120 1181.7
1423130 1181.7
1423140 1187.9
1423150 1192.9
1423160 1192.9
1423170 1196.0
1423180 1197.8
1423190 1197.8
1423200 1199.3
1423210 1201.2
1423220 1203.7
1423230 1203.7
1423240 1206.5
1423250 1209.8
1423260 1209.8
1423270 1213.5
1423280 1217.2
1423290 1217.2
1423300 1221.3
1423310 1224.4
1423320 1224.4
1423330 1226.7
1423340 1229.5
1423350 1229.5
1423360 1240.8
1423370 1251.7
1423380 1251.7
1423390 1255.9
1423400 1257.7
1423410 1257.7
1423420 1253.5
1423430 1249.4
1423440 1249.4
1423450 1247.6
1423460 1245.0
1423470 1245.0
1423480 1241.5
1423490 1237.7
1423500 1237.7
1423510 1235.5
1423520 1233.8
1423530 1233.8
1423540 1233.4
1423550 1235.2
1423560 1235.2
1423570 1237.4
1423580 1235.3
1423590 1231.7
1423600 1231.7
1423610 1229.0
1423620 1226.2
1423630 1226.2
1423640 1223.9
1423650 1223.8
1423660 1223.8
1423670 1224.0
1423680 1223.9
1423690 1223.9
1423700 1224.3
1423710 1225.2
1423720 1225.2
1423730 1226.4
1423740 1228.0
1423750 1228.0
1423760 1229.7
1423770 1231.3
1423780 1231.3
1423790 1232.3
1423800 1233.4
1423810 1233.4
1423820 1233.5
1423830 1232.4
1423840 1232.4
1423850 1233.0
1423860 1235.0
1423870 1235.0
1423880 1235.6
1423890 1233.1
1423900 1233.1
1423910 1231.7
1423920 1234.2
1423930 1237.4
1423940 1237.4
1423950 1240.6
1423960 1243.7
1423970 1243.7
1423980 1245.4
1423990 1244.4
1424000 1244.4
1424010 1241.2
1424020 1237.8
1424030 1237.8
1424040 1234.9
1424050 1230.3
1424060 1230.3
1424070 1225.5
1424080 1221.3
1424090 1221.3
1424100 1218.1
1424110 1215.3
1424120 1215.3
1424130 1213.6
1424140 1212.2
1424150 1212.2
1424160 1211.3
1424170 1209.9
1424180 1209.9
1424190 1208.6
1424200 1207.5
1424210 1207.5
1424220 1206.6
1424230 1209.3
1424240 1209.3
1424250 1214.8
1424260 1219.4
1424270 1221.1
1424280 1221.1
1424290 1219.5
1424300 1219.8
1424310 1219.8
1424320 1220.8
1424330 1221.4
1424340 1221.4
1424350 1220.8
1424360 1219.0
1424370 1219.0
1424380 1215.9
1424390 1212.1
1424400 1212.1
1424410 1208.7
1424420 1206.8
1424430 1206.8
1424440 1205.2
1424450 1202.2
1424460 1202.2
1424470 1198.0
1424480 1195.1
1424490 1195.1
1424500 1194.5
1424510 1195.8
1424520 1195.8
1424530 1194.7
1424540 1191.4
1424550 1191.4
1424560 1186.5
1424570 1182.3
1424580 1182.3
1424590 1179.7
1424600 1182.7
1424610 1182.7
1424620 1180.8
1424630 1180.5
1424640 1180.9
1424650 1180.9
1424660 1179.6
1424670 1178.4
1424680 1178.4
1424690 1176.8
1424700 1172.6
1424710 1172.6
1424720 1168.0
1424730 1165.5
1424740 1165.5
1424750 1162.4
1424760 1158.4
1424770 1158.4
1424780 1154.6
1424790 1153.2
1424800 1153.2
1424810 1155.0
1424820 1154.0
1424830 1154.0
1424840 1150.7
1424850 1149.7
1424860 1149.7
1424870 1150.5
1424880 1149.7
1424890 1149.7
1424900 1147.2
1424910 1144.8
1424920 1144.8
1424930 1148.6
1424940 1150.5
1424950 1150.5
1424960 1150.3
1424970 1149.7
1424980 1147.4
1424990 1147.4
1425000 1143.1
1425010 1149.2
1425020 1149.2
1425030 1156.5
1425040 1162.2
1425050 1162.2
1425060 1166.6
1425070 1170.3
1425080 1170.3
1425090 1172.8
1425100 1175.1
1425110 1175.1
1425120 1177.3
1425130 1179.1
1425140 1179.1
1425150 1180.1
1425160 1181.5
1425170 1181.5
1425180 1182.0
1425190 1181.8
1425200 1181.8
1425210 1181.3
1425220 1180.3
1425230 1180.3
1425240 1177.8
1425250 1173.3
1425260 1173.3
1425270 1167.5
1425280 1160.5
1425290 1160.5
1425300 1154.2
1425310 1149.2
1425320 1145.0
1425330 1145.0
1425340 1142.0
1425350 1144.8
1425360 1144.8
1425370 1147.5
1425380 1150.0
1425390 1150.0
1425400 1151.2
1425410 1155.7
1425420 1155.7
1425430 1160.3
1425440 1161.0
1425450 1161.0
1425460 1160.1
1425470 1156.8
1425480 1156.8
1425490 1150.4
1425500 1149.6
1425510 1149.6
1425520 1152.9
1425530 1152.5
1425540 1152.5
1425550 1149.6
1425560 1144.5
1425570 1144.5
1425580 1142.4
1425590 1142.8
1425600 1142.8
1425610 1140.5
1425620 1137.9
1425630 1137.9
1425640 1134.7
1425650 1131.5
1425660 1131.5
1425670 1128.0
1425680 1124.3
1425690 1121.6
1425700 1121.6
1425710 1117.7
1425720 1112.1
1425730 1112.1
1425740 1107.8
1425750 1102.0
1425760 1102.0
1425770 1096.2
1425780 1095.9
1425790 1095.9
1425800 1103.1
1425810 1111.2
1425820 1111.2
1425830 1115.0
1425840 1116.5
1425850 1116.5
1425860 1118.1
1425870 1118.3
1425880 1118.3
1425890 1119.1
1425900 1117.5
1425910 1117.5
1425920 1117.1
1425930 1116.6
1425940 1116.6
1425950 1116.3
1425960 1116.1
1425970 1116.1
1425980 1116.0
1425990 1117.0
1426000 1117.0
1426010 1117.7
1426020 1117.8
1426030 1116.5
1426040 1116.5
1426050 1114.7
1426060 1113.7
1426070 1113.7
1426080 1113.3
1426090 1112.9
1426100 1112.9
1426110 1113.6
1426120 1113.4
1426130 1113.4
1426140 1114.0
1426150 1114.5
1426160 1114.5
1426170 1114.4
1426180 1113.9
1426190 1113.9
1426200 1113.1
1426210 1111.5
1426220 1111.5
1426230 1110.6
1426240 1109.8
1426250 1109.8
1426260 1105.7
1426270 1107.2
1426280 1107.2
1426290 1112.3
1426300 1110.5
1426310 1110.5
1426320 1106.0
1426330 1102.2
1426340 1102.2
1426350 1095.4
1426360 1087.6
1426370 1083.6
1426380 1083.6
1426390 1081.4
1426400 1078.0
1426410 1078.0
1426420 1077.4
1426430 1078.5
1426440 1078.5
1426450 1080.4
1426460 1083.6
1426470 1083.6
1426480 1085.8
1426490 1085.7
1426500 1085.7
1426510 1086.0
1426520 1085.4
1426530 1085.4
1426540 1084.7
1426550 1085.3
1426560 1085.3
1426570 1086.2
1426580 1087.7
1426590 1087.7
1426600 1088.5
1426610 1089.3
1426620 1089.3
1426630 1093.6
1426640 1099.1
1426650 1099.1
1426660 1107.5
1426670 1119.0
1426680 1119.0
1426690 1127.9
1426700 1132.9
1426710 1132.9
1426720 1133.0
1426730 1132.7
1426740 1132.3
1426750 1132.3
1426760 1132.6
1426770 1134.9
1426780 1133.9
1426790 1137.0
1426800 1142.3
1426810 1142.3
1426820 1146.7
1426830 1150.3
1426840 1150.3
1426850 1152.7
1426860 1154.6
1426870 1154.6
1426880 1156.4
1426890 1158.8
1426900 1158.8
1426910 1161.7
1426920 1163.2
1426930 1163.2
1426940 1164.3
1426950 1166.0
1426960 1166.0
1426970 1168.6
1426980 1170.6
1426990 1170.6
1427000 1170.8
1427010 1172.1
1427020 1172.1
1427030 1173.5
1427040 1174.6
1427050 1174.6
1427060 1176.6
1427070 1179.6
1427080 1181.7
1427090 1181.7
1427100 1182.2
1427110 1179.7
1427120 1179.7
1427130 1176.8
1427140 1176.3
1427150 1176.3
1427160 1178.5
1427170 1182.5
1427180 1182.5
1427190 1184.8
1427200 1187.4
1427210 1187.4
1427220 1190.1
1427230 1194.0
1427240 1194.0
1427250 1196.8
1427260 1197.5
1427270 1197.5
1427280 1197.1
1427290 1196.9
1427300 1196.9
1427310 1197.5
1427320 1199.8
1427330 1199.8
1427340 1203.3
1427350 1204.4
1427360 1204.4
1427370 1205.4
1427380 1205.7
1427390 1205.7
1427400 1207.2
1427410 1209.1
1427420 1209.0
1427430 1209.0
1427440 1207.2
1427450 1206.8
1427460 1206.8
1427470 1207.7
1427480 1208.6
1427490 1208.6
1427500 1209.1
1427510 1209.6
1427520 1209.6
1427530 1211.1
1427540 1212.1
1427550 1212.1
1427560 1213.0
1427570 1213.3
1427580 1213.3
1427590 1213.0
1427600 1215.0
1427610 1215.0
1427620 1217.9
1427630 1220.2
1427640 1220.2
1427650 1221.9
1427660 1223.7
1427670 1223.7
1427680 1224.6
1427690 1225.6
1427700 1225.6
1427710 1225.4
1427720 1225.6
1427730 1225.6
1427740 1225.4
1427750 1221.9
1427760 1221.9
1427770 1215.5
1427780 1213.0
1427790 1213.1
1427800 1213.1
1427810 1216.8
1427820 1219.6
1427830 1219.6
1427840 1220.4
1427850 1222.1
1427860 1222.1
1427870 1226.3
1427880 1229.9
1427890 1229.9
1427900 1232.0
1427910 1234.0
1427920 1234.0
1427930 1237.0
1427940 1240.4
1427950 1240.4
1427960 1243.1
1427970 1245.7
1427980 1245.7
1427990 1248.1
1428000 1250.6
1428010 1250.6
1428020 1252.3
1428030 1253.7
1428040 1253.7
1428050 1254.8
1428060 1257.0
1428070 1257.0
1428080 1260.5
1428090 1266.1
1428100 1266.1
1428110 1272.4
1428120 1279.0
1428130 1285.5
1428140 1285.5
1428150 1290.9
1428160 1295.9
1428170 1295.9
1428180 1301.4
1428190 1307.0
1428200 1307.0
1428210 1313.7
1428220 1320.1
1428230 1320.1
1428240 1326.0
1428250 1330.0
1428260 1330.0
1428270 1335.3
1428280 1339.9
1428290 1339.9
1428300 1343.8
1428310 1347.5
1428320 1347.5
1428330 1351.0
1428340 1355.8
1428350 1355.8
1428360 1360.1
1428370 1361.8
1428380 1361.8
1428390 1364.0
1428400 1369.2
1428410 1369.2
1428420 1373.7
1428430 1377.4
1428440 1377.4
1428450 1381.4
1428460 1384.0
1428470 1388.4
1428480 1388.4
1428490 1394.5
1428500 1401.0
1428510 1401.0
1428520 1407.1
1428530 1410.4
1428540 1410.4
1428550 1413.7
1428560 1415.9
1428570 1415.9
1428580 1420.4
1428590 1426.8
1428600 1426.8
1428610 1432.5
1428620 1437.2
1428630 1437.2
1428640 1441.6
1428650 1446.3
1428660 1446.3
1428670 1451.4
1428680 1457.2
1428690 1457.2
1428700 1463.1
1428710 1468.5
1428720 1468.5
1428730 1473.3
1428740 1477.6
1428750 1477.6
1428760 1481.9
1428770 1485.9
1428780 1485.9
1428790 1490.0
1428800 1494.3
1428810 1494.3
1428820 1498.7
1428830 1502.8
1428840 1507.2
1428850 1507.2
1428860 1512.7
1428870 1518.8
1428880 1518.8
1428890 1526.5
1428900 1535.6
1428910 1535.6
1428920 1545.3
1428930 1554.1
1428940 1554.1
1428950 1560.9
1428960 1566.5
1428970 1566.5
1428980 1571.9
1428990 1577.0
1429000 1577.0
1429010 1582.2
1429020 1587.4
1429030 1583.6
1429040 1588.9
1429050 1595.4
1429060 1595.4
1429070 1601.7
1429080 1607.8
1429090 1607.8
1429100 1613.4
1429110 1619.0
1429120 1619.0
1429130 1624.0
1429140 1629.8
1429150 1629.8
1429160 1636.1
1429170 1642.3
1429180 1648.7
1429190 1648.7
1429200 1655.5
1429210 1658.1
1429220 1658.1
1429230 1655.8
1429240 1655.4
1429250 1655.4
1429260 1662.3
1429270 1670.3
1429280 1670.3
1429290 1674.4
1429300 1679.0
1429310 1679.0
1429320 1681.0
1429330 1683.8
1429340 1683.8
1429350 1686.4
1429360 1686.5
1429370 1686.5
1429380 1688.1
1429390 1695.4
1429400 1695.4
1429410 1711.5
1429420 1724.5
1429430 1724.5
1429440 1726.4
1429450 1720.6
1429460 1720.6
1429470 1716.1
1429480 1713.1
1429490 1713.1
1429500 1714.4
1429510 1718.3
1429520 1720.1
1429530 1720.1
1429540 1721.4
1429550 1723.0
1429560 1723.0
1429570 1723.7
1429580 1726.0
1429590 1726.0
1429600 1729.2
1429610 1733.3
1429620 1733.3
1429630 1733.7
1429640 1736.3
1429650 1736.3
1429660 1739.9
1429670 1744.5
1429680 1744.5
1429690 1748.6
1429700 1750.8
1429710 1750.8
1429720 1750.7
1429730 1747.5
1429740 1747.5
1429750 1750.8
1429760 1757.9
1429770 1757.9
1429780 1767.6
1429790 1775.5
1429800 1775.5
1429810 1785.5
1429820 1792.4
1429830 1792.4
1429840 1798.2
1429850 1803.8
1429860 1803.8
1429870 1810.2
1429880 1810.1
1429890 1808.0
1429900 1808.0
1429910 1811.9
1429920 1814.4
1429930 1814.4
1429940 1813.5
1429950 1814.7
1429960 1814.7
1429970 1816.1
1429980 1819.9
1429990 1819.9
1430000 1824.3
1430010 1833.9
1430020 1833.9
1430030 1845.9
1430040 1855.4
1430050 1855.4
1430060 1865.7
1430070 1866.6
1430080 1866.6
1430090 1859.9
1430100 1852.9
1430110 1852.9
1430120 1848.5
1430130 1847.3
1430140 1847.3
1430150 1845.9
1430160 1851.9
1430170 1851.9
1430180 1852.6
1430190 1849.8
1430200 1849.8
1430210 1847.2
1430220 1845.8
1430230 1837.1
1430240 1837.1
1430250 1833.8
1430260 1847.5
1430270 1847.5
1430280 1875.8
1430290 1883.2
1430300 1883.2
1430310 1879.0
1430320 1871.7
1430330 1871.7
1430340 1867.9
1430350 1867.7
1430360 1867.7
1430370 1864.9
1430380 1862.1
1430390 1862.1
1430400 1859.3
1430410 1856.9
1430420 1856.9
1430430 1857.3
1430440 1856.5
1430450 1856.5
1430460 1858.1
1430470 1862.1
1430480 1862.1
1430490 1865.8
1430500 1869.8
1430510 1869.8
1430520 1874.8
1430530 1880.2
1430540 1880.2
1430550 1885.2
1430560 1891.3
1430570 1901.1
1430580 1901.1
1430590 1916.3
1430600 1950.0
1430610 1950.0
1430620 1974.2
1430630 1982.3
1430640 1982.3
1430650 1985.6
1430660 1985.5
1430670 1985.5
1430680 1983.6
1430690 1984.8
1430700 1984.8
1430710 1984.4
1430720 1983.4
1430730 1983.4
1430740 1983.1
1430750 1983.2
1430760 1983.2
1430770 1981.8
1430780 1975.5
1430790 1975.5
1430800 1972.4
1430810 1971.4
1430820 1971.4
1430830 1969.7
1430840 1965.3
1430850 1965.3
1430860 1961.4
1430870 1957.4
1430880 1957.4
1430890 1952.9
1430900 1947.7
1430910 1947.7
1430920 1942.9
1430930 1937.7
1430940 1934.0
1430950 1934.0
1430960 1929.9
1430970 1928.1
1430980 1928.1
1430990 1925.3
1431000 1921.6
1431010 1921.6
1431020 1918.8
1431030 1913.1
1431040 1913.1
1431050 1906.6
1431060 1900.6
1431070 1900.6
1431080 1887.2
1431090 1853.5
1431100 1853.5
1431110 1845.9
1431120 1842.8
1431130 1842.8
1431140 1841.3
1431150 1841.2
1431160 1841.2
1431170 1841.3
