1420000 1273.3
1420010 1272.6
1420020 1295.9
1420030 1295.9
1420040 1306.2
1420050 1303.3
1420060 1309.5
1420070 1310.4
1420080 1313.1
1420090 1313.1
1420100 1315.7
1420110 1317.5
1420120 1317.5
1420130 1319.2
1420140 1322.3
1420150 1322.3
1420160 1326.6
1420170 1330.9
1420180 1330.9
1420190 1334.5
1420200 1337.3
1420210 1337.3
1420220 1341.6
1420230 1344.4
1420240 1344.4
1420250 1346.9
1420260 1349.5
1420270 1349.5
1420280 1352.4
1420290 1354.1
1420300 1356.5
1420310 1356.5
1420320 1358.9
1420330 1361.1
1420340 1361.1
1420350 1363.4
1420360 1365.8
1420370 1365.8
1420380 1368.4
1420390 1371.9
1420400 1371.9
1420410 1376.0
1420420 1377.9
1420430 1377.9
1420440 1379.3
1420450 1381.5
1420460 1381.5
1420470 1381.6
1420480 1382.3
1420490 1382.3
1420500 1383.3
1420510 1382.8
1420520 1382.8
1420530 1381.7
1420540 1381.3
1420550 1381.3
1420560 1382.4
1420570 1384.8
1420580 1384.8
1420590 1386.2
1420600 1387.2
1420610 1387.2
1420620 1389.2
1420630 1392.0
1420640 1392.0
1420650 1393.5
1420660 1394.2
1420670 1394.3
1420680 1394.3
1420690 1392.8
1420700 1391.4
1420710 1391.4
1420720 1392.6
1420730 1393.1
1420740 1393.1
1420750 1395.0
1420760 1397.2
1420770 1397.2
1420780 1399.1
1420790 1400.3
1420800 1400.3
1420810 1403.2
1420820 1406.3
1420830 1406.3
1420840 1410.1
1420850 1410.6
1420860 1410.6
1420870 1411.6
1420880 1412.4
1420890 1412.4
1420900 1412.9
1420910 1410.8
1420920 1410.8
1420930 1410.6
1420940 1412.1
1420950 1412.1
1420960 1415.3
1420970 1421.5
1420980 1421.5
1420990 1426.5
1421000 1430.5
1421010 1431.8
1421020 1431.8
1421030 1433.0
1421040 1434.8
1421050 1434.8
1421060 1438.0
1421070 1440.9
1421080 1440.9
1421090 1442.6
1421100 1444.0
1421110 1444.0
1421120 1444.8
1421130 1446.0
1421140 1446.0
1421150 1451.1
1421160 1454.8
1421170 1454.8
1421180 1458.5
1421190 1459.7
1421200 1459.7
1421210 1463.5
1421220 1466.5
1421230 1466.5
1421240 1468.4
1421250 1470.9
1421260 1470.9
1421270 1474.3
1421280 1478.1
1421290 1478.1
1421300 1483.1
1421310 1485.1
1421320 1485.1
1421330 1484.9
1421340 1486.6
1421350 1486.6
1421360 1490.8
1421370 1493.5
1421380 1494.3
1421390 1494.3
1421400 1496.6
1421410 1497.1
1421420 1497.1
1421430 1496.5
1421440 1497.6
1421450 1497.6
1421460 1500.3
1421470 1502.4
1421480 1502.4
1421490 1503.3
1421500 1503.0
1421510 1503.0
1421520 1506.1
1421530 1509.4
1421540 1509.4
1421550 1512.3
1421560 1516.7
1421570 1516.7
1421580 1520.5
1421590 1523.5
1421600 1523.5
1421610 1527.2
1421620 1529.5
1421630 1529.5
1421640 1530.7
1421650 1532.8
1421660 1532.8
1421670 1534.5
1421680 1535.2
1421690 1535.2
1421700 1535.4
1421710 1535.3
1421720 1535.3
1421730 1533.4
1421740 1532.5
1421750 1534.2
1421760 1534.2
1421770 1534.0
1421780 1535.3
1421790 1535.3
1421800 1534.1
1421810 1531.8
1421820 1531.8
1421830 1529.0
1421840 1526.9
1421850 1526.9
1421860 1525.6
1421870 1523.7
1421880 1523.7
1421890 1521.7
1421900 1520.6
1421910 1520.6
1421920 1518.2
1421930 1514.3
1421940 1514.3
1421950 1511.1
1421960 1510.4
1421970 1510.4
1421980 1512.3
1421990 1514.0
1422000 1514.0
1422010 1514.1
1422020 1512.8
1422030 1512.8
1422040 1510.4
1422050 1507.5
1422060 1507.5
1422070 1504.9
1422080 1503.2
1422090 1499.5
1422100 1499.5
1422110 1496.7
1422120 1494.0
1422130 1494.0
1422140 1491.5
1422150 1489.9
1422160 1489.9
1422170 1487.3
1422180 1486.0
1422190 1486.0
1422200 1486.1
1422210 1486.3
1422220 1486.3
1422230 1488.3
1422240 1490.5
1422250 1490.5
1422260 1494.3
1422270 1499.5
1422280 1499.5
1422290 1507.0
1422300 1511.0
1422310 1511.0
1422320 1515.0
1422330 1516.9
1422340 1516.9
1422350 1518.7
1422360 1521.6
1422370 1521.6
1422380 1525.5
1422390 1531.1
1422400 1531.1
1422410 1539.4
1422420 1545.4
1422430 1545.4
1422440 1551.9
1422450 1557.6
1422460 1563.5
1422470 1563.5
1422480 1568.5
1422490 1572.3
1422500 1572.3
1422510 1573.7
1422520 1575.9
1422530 1575.9
1422540 1578.5
1422550 1583.1
1422560 1583.1
1422570 1587.7
1422580 1590.8
1422590 1590.8
1422600 1592.6
1422610 1595.3
1422620 1595.3
1422630 1596.9
1422640 1596.2
1422650 1596.2
1422660 1593.4
1422670 1586.3
1422680 1586.3
1422690 1578.1
1422700 1548.4
1422710 1548.4
1422720 1529.1
1422730 1517.0
1422740 1517.0
1422750 1509.3
1422760 1503.0
1422770 1503.0
1422780 1496.5
1422790 1489.5
1422800 1489.5
1422810 1482.5
1422820 1476.1
1422830 1469.6
1422840 1469.6
1422850 1463.0
1422860 1457.0
1422870 1457.0
1422880 1450.0
1422890 1443.9
1422900 1443.9
1422910 1437.8
1422920 1431.7
1422930 1431.7
1422940 1427.1
1422950 1422.1
1422960 1422.1
1422970 1417.5
1422980 1413.2
1422990 1413.2
1423000 1409.0
1423010 1405.0
1423020 1405.0
1423030 1402.4
1423040 1400.2
1423050 1400.2
1423060 1394.9
1423070 1388.0
1423080 1388.0
1423090 1385.5
1423100 1385.7
1423110 1385.7
1423120 1387.7
1423130 1389.5
1423140 1389.5
1423150 1392.5
1423160 1392.8
1423170 1392.0
1423180 1392.0
1423190 1390.9
1423200 1388.9
1423210 1388.9
1423220 1387.6
1423230 1386.1
1423240 1386.1
1423250 1384.9
1423260 1383.3
1423270 1383.3
1423280 1381.9
1423290 1380.8
1423300 1380.8
1423310 1380.5
1423320 1377.8
1423330 1377.8
1423340 1374.6
1423350 1372.5
1423360 1372.5
1423370 1373.2
1423380 1375.7
1423390 1375.7
1423400 1379.9
1423410 1384.2
1423420 1384.2
1423430 1388.6
1423440 1392.1
1423450 1392.1
1423460 1394.9
1423470 1397.7
1423480 1397.7
1423490 1401.2
1423500 1404.7
1423510 1404.7
1423520 1406.5
1423530 1406.0
1423540 1406.4
1423550 1406.4
1423560 1410.2
1423570 1414.0
1423580 1414.0
1423590 1416.1
1423600 1417.7
1423610 1417.7
1423620 1415.7
1423630 1412.0
1423640 1412.0
1423650 1409.7
1423660 1408.4
1423670 1408.4
1423680 1404.7
1423690 1400.7
1423700 1400.7
1423710 1396.1
1423720 1389.1
1423730 1389.1
1423740 1380.4
1423750 1370.9
1423760 1370.9
1423770 1363.2
1423780 1356.9
1423790 1356.9
1423800 1349.3
1423810 1343.2
1423820 1343.2
1423830 1339.1
1423840 1333.4
1423850 1333.4
1423860 1326.7
1423870 1319.7
1423880 1311.8
1423890 1311.8
1423900 1303.9
1423910 1295.7
1423920 1295.7
1423930 1288.0
1423940 1281.4
1423950 1281.4
1423960 1275.5
1423970 1268.4
1423980 1268.4
1423990 1261.2
1424000 1254.2
1424010 1254.2
1424020 1248.3
1424030 1243.7
1424040 1243.7
1424050 1238.0
1424060 1230.8
1424070 1230.8
1424080 1224.9
1424090 1220.7
1424100 1220.7
1424110 1216.3
1424120 1211.8
1424130 1211.8
1424140 1208.9
1424150 1209.1
1424160 1209.1
1424170 1204.1
1424180 1197.3
1424190 1197.3
1424200 1190.8
1424210 1185.9
1424220 1185.9
1424230 1180.8
1424240 1175.5
1424250 1171.6
1424260 1171.6
1424270 1168.8
1424280 1166.1
1424290 1166.1
1424300 1162.9
1424310 1160.5
1424320 1160.5
1424330 1158.0
1424340 1155.1
1424350 1155.1
1424360 1152.8
1424370 1151.8
1424380 1151.8
1424390 1150.3
1424400 1148.8
1424410 1148.8
1424420 1147.1
1424430 1145.7
1424440 1145.7
1424450 1147.7
1424460 1149.7
1424470 1149.7
1424480 1150.0
1424490 1150.8
1424500 1150.8
1424510 1152.6
1424520 1153.8
1424530 1153.8
1424540 1154.0
1424550 1154.5
1424560 1154.5
1424570 1157.1
1424580 1163.1
1424590 1163.1
1424600 1170.3
1424610 1178.9
1424620 1190.8
1424630 1190.8
1424640 1201.6
1424650 1205.3
1424660 1205.3
1424670 1208.0
1424680 1212.4
1424690 1212.4
1424700 1216.6
1424710 1220.6
1424720 1220.6
1424730 1221.8
1424740 1224.1
1424750 1224.1
1424760 1227.6
1424770 1231.8
1424780 1231.8
1424790 1236.8
1424800 1242.6
1424810 1242.6
1424820 1248.7
1424830 1255.3
1424840 1255.3
1424850 1262.7
1424860 1269.5
1424870 1269.5
1424880 1276.5
1424890 1283.6
1424900 1283.6
1424910 1290.5
1424920 1296.7
1424930 1296.7
1424940 1302.6
1424950 1309.6
1424960 1315.6
1424970 1315.6
1424980 1322.1
1424990 1329.2
1425000 1329.2
1425010 1335.3
1425020 1342.1
1425030 1342.1
1425040 1348.8
1425050 1355.9
1425060 1355.9
1425070 1363.2
1425080 1370.7
1425090 1370.7
1425100 1377.8
1425110 1384.8
1425120 1384.8
1425130 1391.5
1425140 1398.2
1425150 1398.2
1425160 1405.3
1425170 1414.4
1425180 1414.4
1425190 1423.8
1425200 1433.3
1425210 1433.3
1425220 1442.1
1425230 1449.2
1425240 1449.2
1425250 1456.2
1425260 1469.6
1425270 1469.6
1425280 1491.1
1425290 1500.1
1425300 1500.1
1425310 1513.9
1425320 1543.6
1425330 1556.9
1425340 1556.9
1425350 1560.1
1425360 1563.9
1425370 1563.9
1425380 1569.0
1425390 1573.7
1425400 1573.7
1425410 1574.4
1425420 1578.2
1425430 1578.2
1425440 1578.3
1425450 1578.2
1425460 1578.2
1425470 1577.4
1425480 1575.6
1425490 1575.6
1425500 1582.2
1425510 1590.5
1425520 1590.5
1425530 1599.4
1425540 1613.6
1425550 1613.6
1425560 1630.4
1425570 1655.5
1425580 1655.5
1425590 1680.1
1425600 1691.6
1425610 1691.6
1425620 1700.8
1425630 1709.1
1425640 1709.1
1425650 1712.9
1425660 1715.6
1425670 1718.4
1425680 1718.4
1425690 1719.6
1425700 1716.8
1425710 1716.8
1425720 1715.6
1425730 1714.2
1425740 1714.2
1425750 1713.5
1425760 1712.1
1425770 1712.1
1425780 1712.3
1425790 1716.3
1425800 1716.3
1425810 1724.1
1425820 1739.8
1425830 1739.8
1425840 1748.9
1425850 1754.6
1425860 1754.6
1425870 1755.2
1425880 1754.9
1425890 1754.9
1425900 1757.0
1425910 1758.7
1425920 1758.7
1425930 1760.2
1425940 1760.9
1425950 1760.9
1425960 1762.1
1425970 1765.1
1425980 1765.1
1425990 1766.4
1426000 1767.2
1426010 1767.2
1426020 1769.5
1426030 1769.7
1426040 1769.6
1426050 1769.6
1426060 1765.7
1426070 1762.6
1426080 1762.6
1426090 1760.1
1426100 1755.2
1426110 1755.2
1426120 1749.7
1426130 1746.5
1426140 1746.5
1426150 1741.4
1426160 1740.9
1426170 1740.9
1426180 1744.7
1426190 1749.7
1426200 1749.7
1426210 1755.2
1426220 1758.4
1426230 1758.4
1426240 1761.9
1426250 1766.7
1426260 1766.7
1426270 1770.9
1426280 1772.5
1426290 1772.5
1426300 1784.1
1426310 1788.8
1426320 1788.8
1426330 1788.2
1426340 1792.3
1426350 1792.3
1426360 1793.5
1426370 1789.1
1426380 1789.1
1429550 2437.2
1429560 2437.2
1429570 2427.2
1429580 2413.9
1429590 2413.9
1429600 2402.2
1429610 2400.5
1429620 2388.1
1429630 2388.1
1429640 2363.3
1429650 2348.8
1429660 2348.8
1429670 2337.3
1429680 2332.2
1429690 2332.2
1429700 2327.3
1429710 2321.9
1429720 2321.9
