1420000 968.6
1420010 972.5
1420020 972.5
1420030 975.9
1420040 978.7
1420050 978.7
1420060 981.0
1420070 983.1
1420080 983.1
1420090 985.2
1420100 987.0
1420110 987.0
1420120 987.8
1420130 986.8
1420140 986.8
1420150 985.1
1420160 985.3
1420170 985.3
1420180 985.6
1420190 986.3
1420200 986.3
1420210 985.4
1420220 983.2
1420230 983.2
1420240 981.1
1420250 981.0
1420260 981.0
1420270 982.6
1420280 984.1
1420290 984.1
1420300 983.7
1420310 984.0
1420320 984.0
1420330 986.4
1420340 989.8
1420350 989.8
1420360 992.1
1420370 992.5
1420380 993.0
1420390 993.0
1420400 993.8
1420410 992.1
1420420 992.1
1420430 991.0
1420440 999.7
1420450 999.7
1420460 1003.3
1420470 1006.3
1420480 1006.3
1420490 1007.4
1420500 1008.1
1420510 1008.1
1420520 1007.3
1420530 1005.3
1420540 1005.3
1420550 1003.8
1420560 1005.5
1420570 1005.5
1420580 1011.3
1420590 1014.5
1420600 1014.5
1420610 1010.9
1420620 1004.9
1420630 1004.9
1420640 1000.7
1420650 1001.6
1420660 1001.6
1420670 1001.6
1420680 1001.2
1420690 1001.2
1420700 1004.2
1420710 1006.7
1420720 1006.7
1420730 1008.9
1420740 1010.7
1420750 1012.0
1420760 1012.0
1420770 1013.7
1420780 1016.1
1420790 1016.1
1420800 1018.5
1420810 1021.1
1420820 1021.1
1420830 1023.2
1420840 1023.5
1420850 1023.5
1420860 1027.0
1420870 1031.6
1420880 1031.6
1420890 1033.2
1420900 1034.9
1420910 1034.9
1420920 1036.1
1420930 1039.5
1420940 1039.5
1420950 1043.9
1420960 1046.7
1420970 1046.7
1420980 1050.2
1420990 1053.1
1421000 1053.1
1421010 1055.4
1421020 1059.0
1421030 1059.0
1421040 1063.3
1421050 1067.5
1421060 1067.5
1421070 1070.4
1421080 1072.3
1421090 1074.4
1421100 1074.4
1421110 1075.5
1421120 1078.6
1421130 1078.6
1421140 1079.5
1421150 1078.5
1421160 1078.5
1421170 1073.0
1421180 1071.2
1421190 1071.2
1421200 1077.5
1421210 1083.5
1421220 1083.5
1421230 1088.9
1421240 1094.9
1421250 1094.9
1421260 1099.4
1421270 1102.5
1421280 1102.5
1421290 1103.8
1421300 1104.1
1421310 1104.1
1421320 1106.4
1421330 1108.4
1421340 1108.4
1421350 1110.3
1421360 1114.0
1421370 1114.0
1421380 1116.7
1421390 1120.0
1421400 1120.0
1421410 1122.8
1421420 1125.3
1421430 1125.3
1421440 1128.6
1421450 1132.2
1421460 1136.4
1421470 1136.4
1421480 1140.1
1421490 1143.1
1421500 1143.1
1421510 1145.6
1421520 1149.1
1421530 1149.1
1421540 1151.7
1421550 1153.4
1421560 1153.4
1421570 1155.1
1421580 1156.7
1421590 1156.7
1421600 1158.2
1421610 1159.1
1421620 1159.1
1421630 1159.4
1421640 1160.0
1421650 1160.0
1421660 1160.9
1421670 1161.1
1421680 1161.1
1421690 1159.1
1421700 1158.4
1421710 1158.4
1421720 1158.7
1421730 1160.5
1421740 1160.5
1421750 1162.3
1421760 1164.2
1421770 1164.2
1421780 1167.6
1421790 1173.6
1421800 1173.6
1421810 1178.6
1421820 1182.6
1421830 1185.3
1421840 1185.3
1421850 1187.3
1421860 1189.4
1421870 1189.4
1421880 1192.4
1421890 1195.5
1421900 1195.5
1421910 1198.5
1421920 1201.2
1421930 1201.2
1421940 1203.1
1421950 1206.5
1421960 1206.5
1421970 1209.1
1421980 1211.3
1421990 1211.3
1422000 1213.7
1422010 1217.7
1422020 1217.7
1422030 1223.3
1422040 1228.0
1422050 1228.0
1422060 1230.5
1422070 1231.9
1422080 1231.9
1422090 1233.6
1422100 1235.2
1422110 1235.2
1422120 1238.2
1422130 1242.3
1422140 1242.3
1422150 1244.3
1422160 1245.9
1422170 1245.9
1422180 1250.9
1422190 1254.7
1422200 1257.8
1422210 1257.8
1422220 1260.6
1422230 1263.0
1422240 1263.0
1422250 1265.7
1422260 1269.5
1422270 1269.5
1422280 1272.9
1422290 1274.2
1422300 1274.2
1422310 1275.4
1422320 1281.8
1422330 1281.8
1422340 1287.6
1422350 1292.1
1422360 1292.1
1422370 1297.5
1422380 1303.0
1422390 1303.0
1422400 1307.0
1422410 1311.0
1422420 1311.0
1422430 1315.5
1422440 1319.8
1422450 1319.8
1422460 1325.2
1422470 1329.6
1422480 1329.6
1422490 1334.7
1422500 1339.9
1422510 1339.9
1422520 1344.7
1422530 1350.2
1422540 1350.2
1422550 1356.6
1422560 1363.2
1422570 1368.7
1422580 1368.7
1422590 1374.3
1422600 1378.6
1422610 1378.6
1422620 1382.6
1422630 1386.9
1422640 1386.9
1422650 1390.7
1422660 1396.4
1422670 1396.4
1422680 1401.4
1422690 1404.7
1422700 1404.7
1422710 1410.2
1422720 1415.5
1422730 1415.5
1422740 1420.1
1422750 1424.5
1422760 1424.5
1422770 1428.3
1422780 1432.7
1422790 1432.7
1422800 1438.0
1422810 1443.2
1422820 1443.2
1422830 1447.9
1422840 1452.5
1422850 1452.5
1422860 1456.5
1422870 1458.9
1422880 1458.9
1422890 1457.7
1422900 1451.7
1422910 1444.5
1422920 1444.5
1422930 1437.7
1422940 1431.1
1422950 1431.1
1422960 1424.9
1422970 1419.3
1422980 1419.3
1422990 1413.0
1423000 1406.8
1423010 1406.8
1423020 1399.4
1423030 1392.5
1423040 1392.5
1423050 1388.2
1423060 1384.4
1423070 1384.4
1423080 1382.0
1423090 1380.3
1423100 1380.3
1423110 1376.6
1423120 1370.9
1423130 1370.9
1423140 1368.2
1423150 1365.9
1423160 1365.9
1423170 1361.3
1423180 1355.7
1423190 1355.7
1423200 1350.3
1423210 1346.8
1423220 1346.8
1423230 1345.8
1423240 1345.2
1423250 1345.2
1423260 1342.3
1423270 1338.6
1423280 1335.3
1423290 1335.3
1423300 1331.5
1423310 1327.3
1423320 1327.3
1423330 1322.8
1423340 1319.4
1423350 1319.4
1423360 1317.9
1423370 1317.4
1423380 1317.4
1423390 1317.3
1423400 1318.0
1423410 1318.0
1423420 1318.9
1423430 1317.7
1423440 1317.7
1423450 1314.8
1423460 1312.1
1423470 1312.1
1423480 1308.5
1423490 1304.7
1423500 1304.7
1423510 1305.3
1423520 1306.9
1423530 1306.9
1423540 1308.5
1423550 1309.8
1423560 1309.8
1423570 1309.3
1423580 1308.3
1423590 1308.3
1423600 1307.7
1423610 1307.4
1423620 1307.4
1423630 1307.9
1423640 1308.2
1423650 1307.9
1423660 1307.9
1423670 1306.8
1423680 1303.5
1423690 1303.5
1423700 1295.4
1423710 1286.3
1423720 1286.3
1423730 1276.6
1423740 1266.9
1423750 1266.9
1423760 1257.4
1423770 1249.8
1423780 1249.8
1423790 1243.2
1423800 1235.9
1423810 1235.9
1423820 1228.4
1423830 1222.3
1423840 1222.3
1423850 1217.3
1423860 1212.5
1423870 1212.5
1423880 1207.3
1423890 1202.8
1423900 1202.8
1423910 1199.2
1423920 1196.1
1423930 1196.1
1423940 1193.4
1423950 1191.9
1423960 1191.9
1423970 1190.6
1423980 1188.3
1423990 1186.4
1424000 1186.4
1424010 1184.4
1424020 1181.9
1424030 1181.9
1424040 1180.8
1424050 1179.5
1424060 1179.5
1424070 1177.8
1424080 1176.2
1424090 1176.2
1424100 1175.1
1424110 1171.4
1424120 1171.4
1424130 1166.9
1424140 1162.9
1424150 1162.9
1424160 1158.4
1424170 1155.3
1424180 1155.3
1424190 1153.8
1424200 1152.7
1424210 1152.7
1424220 1150.8
1424230 1147.7
1424240 1147.7
1424250 1146.7
1424260 1146.2
1424270 1146.2
1424280 1145.9
1424290 1145.3
1424300 1145.3
1424310 1144.6
1424320 1145.1
1424330 1145.1
1424340 1144.3
1424350 1143.5
1424360 1142.7
1424370 1142.7
1424380 1142.5
1424390 1141.4
1424400 1141.4
1424410 1142.2
1424420 1142.6
1424430 1142.6
1424440 1141.3
1424450 1142.0
1424460 1142.0
1424470 1143.4
1424480 1144.7
1424490 1144.7
1424500 1147.8
1424510 1151.1
1424520 1151.1
1424530 1153.8
1424540 1158.9
1424550 1160.5
1424560 1167.6
1424570 1175.0
1424580 1175.0
1424590 1182.5
1424600 1192.1
1424610 1192.1
1424620 1201.5
1424630 1199.1
1424640 1199.1
1424650 1186.2
1424660 1171.4
1424670 1171.4
1424680 1168.7
1424690 1166.3
1424700 1166.3
1424710 1166.0
1424720 1166.6
1424730 1167.2
1424740 1167.2
1424750 1170.5
1424760 1174.5
1424770 1174.5
1424780 1178.7
1424790 1184.5
1424800 1184.5
1424810 1191.2
1424820 1198.1
1424830 1198.1
1424840 1205.3
1424850 1214.9
1424860 1214.9
1424870 1222.7
1424880 1228.6
1424890 1228.6
1424900 1235.1
1424910 1241.8
1424920 1241.8
1424930 1248.3
1424940 1256.5
1424950 1256.5
1424960 1266.0
1424970 1275.0
1424980 1275.0
