1420000 1045.3
1420010 1045.3
1420020 1044.8
1420030 1043.3
1420040 1043.3
1420050 1042.6
1420060 1042.1
1420070 1042.1
1420080 1040.1
1420090 1037.7
1420100 1037.7
1420110 1036.0
1420120 1033.9
1420130 1033.9
1420140 1032.4
1420150 1029.6
1420160 1029.6
1420170 1026.2
1420180 1022.7
1420190 1022.7
1420200 1020.4
1420210 1018.7
1420220 1018.7
1420230 1016.5
1420240 1013.9
1420250 1013.9
1420260 1011.2
1420270 1008.4
1420280 1005.4
1420290 1005.4
1420300 1002.0
1420310 997.8
1420320 997.8
1420330 992.5
1420340 986.4
1420350 986.4
1420360 980.5
1420370 977.3
1420380 977.3
1420390 975.5
1420400 973.9
1420410 973.9
1420420 972.4
1420430 973.9
1420440 973.9
1420450 976.2
1420460 973.6
1420470 973.6
1420480 969.5
1420490 965.5
1420500 965.5
1420510 964.1
1420520 963.0
1420530 963.0
1420540 961.3
1420550 958.8
1420560 958.8
1420570 956.0
1420580 952.0
1420590 952.0
1420600 945.0
1420610 935.2
1420620 935.2
1420630 927.9
1420640 924.5
1420650 923.6
1420660 923.6
1420670 921.2
1420680 928.3
1420690 928.3
1420700 947.1
1420710 956.6
1420720 956.6
1420730 963.2
1420740 969.2
1420750 969.2
1420760 977.2
1420770 987.7
1420780 987.7
1420790 997.8
1420800 1006.6
1420810 1006.6
1420820 1013.9
1420830 1019.0
1420840 1019.0
1420850 1024.3
1420860 1030.0
1420870 1030.0
1420880 1035.8
1420890 1038.4
1420900 1038.4
1420910 1042.4
1420920 1045.5
1420930 1045.5
1420940 1050.1
1420950 1054.9
1420960 1054.9
1420970 1058.8
1420980 1062.0
1420990 1062.0
1421000 1066.0
1421010 1070.4
1421020 1074.6
1421030 1074.6
1421040 1077.8
1421050 1080.0
1421060 1080.0
1421070 1081.3
1421080 1082.3
1421090 1082.3
1421100 1082.9
1421110 1082.9
1421120 1082.9
1421130 1082.3
1421140 1081.2
1421150 1081.2
1421160 1079.1
1421170 1076.3
1421180 1076.3
1421190 1074.8
1421200 1072.9
1421210 1072.9
1421220 1070.0
1421230 1066.2
1421240 1066.2
1421250 1055.9
1421260 1052.8
1421270 1052.8
1421280 1049.5
1421290 1044.5
1421300 1044.5
1421310 1037.9
1421320 1030.8
1421330 1030.8
1421340 1028.9
1421350 1027.7
1421360 1027.7
1421370 1024.3
1421380 1021.4
1421390 1018.3
1421400 1018.3
1421410 1017.3
1421420 1016.3
1421430 1016.3
1421440 1013.8
1421450 1011.1
1421460 1011.1
1421470 1008.4
1421480 1005.5
1421490 1005.5
1421500 1003.3
1421510 1000.6
1421520 1000.6
1421530 998.5
1421540 996.0
1421550 996.0
1421560 991.2
1421570 985.2
1421580 985.2
1421590 985.3
1421600 987.1
1421610 987.1
1421620 988.6
1421630 988.2
1421640 988.2
1421650 988.6
1421660 987.3
1421670 987.3
1421680 986.9
1421690 989.4
1421700 989.4
1421710 992.9
1421720 996.5
1421730 1000.4
1421740 1000.4
1421750 1003.2
1421760 1006.9
1421770 1006.9
1421780 1010.9
1421790 1013.6
1421800 1013.6
1421810 1014.5
1421820 1011.9
1421830 1011.9
1421840 1013.5
1421850 1012.9
1421860 1012.9
1421870 1014.4
1421880 1018.6
1421890 1018.6
1421900 1017.6
1421910 1018.9
1421920 1018.9
1421930 1021.6
1421940 1023.9
1421950 1023.9
1421960 1029.6
1421970 1037.0
1421980 1037.0
1421990 1043.5
1422000 1049.2
1422010 1049.2
1422020 1055.0
1422030 1059.3
1422040 1059.3
1422050 1062.5
1422060 1061.0
1422070 1061.0
1422080 1054.9
1422090 1051.3
1422100 1049.9
1422110 1049.9
1422120 1050.2
1422130 1050.8
1422140 1050.8
1422150 1050.5
1422160 1050.2
1422170 1050.2
1422180 1053.1
1422190 1053.9
1422200 1053.9
1422210 1055.7
1422220 1055.7
1422230 1055.7
1422240 1056.8
1422250 1059.9
1422260 1059.9
1422270 1062.5
1422280 1065.2
1422290 1065.2
1422300 1068.0
1422310 1070.9
1422320 1070.9
1422330 1073.4
1422340 1076.5
1422350 1076.5
1422360 1078.6
1422370 1080.6
1422380 1080.6
1422390 1082.6
1422400 1085.4
1422410 1085.4
1422420 1088.0
1422430 1091.1
1422440 1091.1
1422450 1095.6
1422460 1098.1
1422470 1097.4
1422480 1097.4
1422490 1100.7
1422500 1108.2
1422510 1108.2
1422520 1113.7
1422530 1117.0
1422540 1117.0
1422550 1121.1
1422560 1125.8
1422570 1125.8
1422580 1127.7
1422590 1127.5
1422600 1127.5
1422610 1131.6
1422620 1136.1
1422630 1136.1
1422640 1137.5
1422650 1140.7
1422660 1140.7
1422670 1147.7
1422680 1152.6
1422690 1152.6
1422700 1156.9
1422710 1160.1
1422720 1160.1
1422730 1158.6
1422740 1159.6
1422750 1159.6
1422760 1159.7
1422770 1165.3
1422780 1165.3
1422790 1172.0
1422800 1177.6
1422810 1177.6
1422820 1183.7
1422830 1189.8
1422840 1196.0
1422850 1196.0
1422860 1200.8
1422870 1204.4
1422880 1204.4
1422890 1210.1
1422900 1220.9
1422910 1220.9
1422920 1243.1
1422930 1263.9
1422940 1263.9
1422950 1277.0
1422960 1270.6
1422970 1270.6
1422980 1275.5
1422990 1295.0
1423000 1295.0
1423010 1309.2
1423020 1319.8
1423030 1319.8
1423040 1322.6
1423050 1310.5
1423060 1310.5
1423070 1302.7
1423080 1304.6
1423090 1304.6
1423100 1283.8
1423110 1274.5
1423120 1274.5
1423130 1275.8
1423140 1290.4
1423150 1290.4
1423160 1312.9
1423170 1318.8
1423180 1318.8
1423190 1321.7
1423200 1324.8
1423210 1328.8
1423220 1328.8
1423230 1332.9
1423240 1336.5
1423250 1336.5
1423260 1341.1
1423270 1350.1
1423280 1350.1
1423290 1361.6
1423300 1358.7
1423310 1358.7
1423320 1355.8
1423330 1352.0
1423340 1352.0
1423350 1356.5
1423360 1366.6
1423370 1366.6
1423380 1377.4
1423390 1383.8
1423400 1383.8
1423410 1393.7
1423420 1402.1
1423430 1402.1
1423440 1407.5
1423450 1409.8
1423460 1409.8
1423470 1408.8
1423480 1407.1
1423490 1407.1
1423500 1405.0
1423510 1405.9
1423520 1405.9
1423530 1406.8
1423540 1403.7
1423550 1403.7
1423560 1399.7
1423570 1394.4
1423580 1391.4
1423590 1391.4
1423600 1389.0
1423610 1386.1
1423620 1386.1
1423630 1383.6
1423640 1381.7
1423650 1381.7
1423660 1379.4
1423670 1375.8
1423680 1375.8
1423690 1370.2
1423700 1367.7
1423710 1367.7
1423720 1367.5
1423730 1366.0
1423740 1366.0
1423750 1359.8
1423760 1350.9
1423770 1350.9
1423780 1343.1
1423790 1339.3
1423800 1339.3
1423810 1339.6
1423820 1339.5
1423830 1339.5
1423840 1335.4
1423850 1333.8
1423860 1333.8
1423870 1334.3
1423880 1336.7
1423890 1336.7
1423900 1339.9
1423910 1342.1
1423920 1342.1
1423930 1342.1
1423940 1341.7
1423950 1342.1
1423960 1342.1
1423970 1342.7
1423980 1344.8
1423990 1344.8
1424000 1348.5
1424010 1352.8
1424020 1352.8
1424030 1355.3
1424040 1357.1
1424050 1357.1
1424060 1355.3
1424070 1350.9
1424080 1350.9
1424090 1349.4
1424100 1349.5
1424110 1349.5
1424120 1348.1
1424130 1342.0
1424140 1342.0
1424150 1331.1
1424160 1320.8
1424170 1320.8
1424180 1312.4
1424190 1303.7
1424200 1303.7
1424210 1295.5
1424220 1287.3
1424230 1287.3
1424240 1278.7
1424250 1270.6
1424260 1270.6
1424270 1262.8
1424280 1255.1
1424290 1255.1
1424300 1247.3
1424310 1239.7
1424320 1232.0
1424330 1232.0
1424340 1224.6
