1420000 1303.6
1420010 1298.1
1420020 1294.2
1420030 1294.2
1420040 1291.9
1420050 1290.3
1420060 1290.3
1420070 1288.4
1420080 1284.8
1420090 1284.8
1420100 1281.3
1420110 1278.4
1420120 1278.4
1420130 1273.2
1420140 1264.4
1420150 1264.4
1420160 1253.0
1420170 1242.4
1420180 1242.4
1420190 1235.8
1420200 1229.1
1420210 1229.1
1420220 1221.0
1420230 1214.3
1420240 1214.3
1420250 1207.1
1420260 1200.3
1420270 1200.3
1420280 1195.2
1420290 1190.9
1420300 1190.9
1420310 1186.0
1420320 1179.6
1420330 1179.6
1420340 1174.0
1420350 1171.3
1420360 1169.3
1420370 1169.3
1420380 1165.5
1420390 1162.9
1420400 1162.9
1420410 1162.7
1420420 1162.0
1420430 1162.0
1420440 1158.9
1420450 1155.2
1420460 1155.2
1420470 1151.1
1420480 1148.7
1420490 1148.7
1420500 1147.1
1420510 1147.2
1420520 1147.2
1420530 1146.8
1420540 1147.6
1420550 1147.6
1420560 1147.8
1420570 1144.2
1420580 1144.2
1420590 1139.9
1420600 1139.1
1420610 1139.1
1420620 1140.5
1420630 1141.4
1420640 1141.4
1420650 1140.2
1420660 1135.8
1420670 1135.8
1420680 1128.9
1420690 1122.0
1420700 1122.0
1420710 1117.5
1420720 1117.8
1420730 1115.8
1420740 1115.8
1420750 1111.2
1420760 1105.4
1420770 1105.4
1420780 1104.2
1420790 1100.1
1420800 1100.1
1420810 1093.2
1420820 1090.6
1420830 1090.6
1420840 1097.4
1420850 1107.3
1420860 1107.3
1420870 1114.8
1420880 1120.7
1420890 1120.7
1420900 1127.4
1420910 1129.8
1420920 1129.8
1420930 1129.9
1420940 1130.4
1420950 1130.4
1420960 1130.0
1420970 1131.7
1420980 1131.7
1420990 1133.1
1421000 1134.1
1421010 1134.1
1421020 1134.8
1421030 1134.6
1421040 1134.6
1421050 1133.8
1421060 1133.8
1421070 1133.8
1421080 1133.6
1421090 1137.0
1421100 1143.5
1421110 1143.5
1421120 1142.2
1421130 1138.7
1421140 1138.7
1421150 1137.2
1421160 1136.2
1421170 1136.2
1421180 1134.2
1421190 1132.6
1421200 1132.6
1421210 1131.4
1421220 1134.6
1421230 1134.6
1421240 1135.9
1421250 1137.4
1421260 1137.4
1421270 1138.3
1421280 1139.3
1421290 1139.3
1421300 1140.1
1421310 1139.6
1421320 1139.6
1421330 1139.2
1421340 1138.4
1421350 1138.4
1421360 1138.4
1421370 1141.7
1421380 1141.7
1421390 1144.9
1421400 1149.2
1421410 1149.2
1421420 1154.9
1421430 1161.4
1421440 1161.4
1421450 1170.3
1421460 1177.2
1421470 1183.0
1421480 1183.0
1421490 1190.1
1421500 1193.1
1421510 1193.1
1421520 1191.6
1421530 1190.3
1421540 1190.3
1421550 1188.2
1421560 1186.9
1421570 1186.9
1421580 1180.0
1421590 1183.9
1421600 1183.9
1421610 1185.9
1421620 1189.4
1421630 1189.4
1421640 1192.0
1421650 1194.5
1421660 1194.5
1421670 1195.8
1421680 1198.9
1421690 1198.9
1421700 1197.7
1421710 1194.8
1421720 1194.8
1421730 1194.8
1421740 1195.7
1421750 1195.7
1421760 1197.6
1421770 1201.3
1421780 1201.3
1421790 1203.1
1421800 1200.0
1421810 1200.0
1421820 1199.8
1421830 1205.8
1421840 1211.3
1421850 1211.3
1421860 1217.1
1421870 1223.9
1421880 1223.9
1421890 1228.2
1421900 1235.1
1421910 1235.1
1421920 1244.5
1421930 1258.4
1421940 1258.4
1421950 1272.5
1421960 1281.3
1421970 1281.3
1421980 1276.4
1421990 1270.1
1422000 1270.1
1422010 1277.4
1422020 1295.5
1422030 1295.5
1422040 1305.9
1422050 1316.1
1422060 1316.1
1422070 1330.2
1422080 1346.4
1422090 1346.4
1422100 1352.8
1422110 1362.7
1422120 1362.7
1422130 1370.7
1422140 1380.1
1422150 1380.1
1422160 1395.6
1422170 1415.5
1422180 1415.5
1422190 1440.3
1422200 1450.4
1422210 1457.3
1422220 1457.3
1422230 1465.8
1422240 1467.9
1422250 1467.9
1422260 1467.1
1422270 1469.4
1422280 1469.4
1422290 1476.9
1422300 1490.9
1422310 1490.9
1422320 1504.9
1422330 1513.6
1422340 1513.6
1422350 1515.9
1422360 1521.7
1422370 1521.7
1422380 1537.1
1422390 1540.8
1422400 1540.8
1422410 1536.7
1422420 1540.6
1422430 1540.6
1422440 1549.2
1422450 1560.2
1422460 1560.2
1422470 1557.0
1422480 1544.6
1422490 1544.6
1422500 1537.2
1422510 1539.0
1422520 1539.0
1422530 1563.3
1422540 1563.2
1422550 1563.2
1422560 1546.0
1422570 1531.0
1422580 1509.9
1422590 1509.9
1422600 1503.9
1422610 1511.6
1422620 1511.6
1422630 1516.4
1422640 1511.8
1422650 1511.8
1422660 1503.9
1422670 1498.2
1422680 1498.2
1422690 1490.5
1422700 1493.6
1422710 1493.6
1422720 1504.3
1422730 1517.4
1422740 1517.4
1422750 1526.3
1422760 1539.9
1422770 1539.9
1422780 1550.5
1422790 1560.2
1422800 1560.2
1422810 1568.6
1422820 1578.2
1422830 1578.2
1422840 1593.7
1422850 1608.1
1422860 1608.1
1422870 1620.3
1422880 1628.1
1422890 1628.1
1422900 1635.4
1422910 1644.9
1422920 1644.9
1422930 1653.0
1422940 1660.1
1422950 1662.0
1422960 1662.0
1422970 1657.3
1422980 1641.8
1422990 1641.8
1423000 1629.9
1423010 1620.6
1423020 1620.6
1423030 1609.3
1423040 1599.0
1423050 1599.0
1423060 1588.7
1423070 1576.6
1423080 1576.6
1423090 1565.3
1423100 1556.0
1423110 1556.0
1423120 1550.3
1423130 1544.7
1423140 1544.7
1423150 1535.1
1423160 1525.9
1423170 1525.9
1423180 1513.5
1423190 1501.4
1423200 1501.4
1423210 1492.5
1423220 1490.9
1423230 1490.9
1423240 1485.2
1423250 1477.0
1423260 1477.0
