1420000 1238.3
1420010 1222.7
1420020 1222.7
1420030 1214.0
1420040 1205.8
1420050 1205.8
1420060 1204.3
1420070 1202.0
1420080 1202.0
1420090 1196.2
1420100 1190.6
1420110 1190.6
1420120 1186.1
1420130 1183.3
1420140 1183.3
1420150 1182.2
1420160 1180.7
1420170 1175.6
1420180 1175.6
1420190 1167.2
1420200 1156.8
1420210 1156.8
1420220 1151.9
1420230 1153.5
1420240 1153.5
1420250 1157.2
1420260 1161.8
1420270 1161.8
1420280 1163.4
1420290 1161.8
1420300 1161.8
1420310 1158.3
1420320 1154.0
1420330 1154.0
1420340 1148.3
1420350 1141.6
1420360 1141.6
1420370 1135.2
1420380 1129.4
1420390 1129.4
1420400 1122.9
1420410 1107.7
1420420 1113.0
1420430 1102.1
1420440 1093.3
1420450 1093.3
1420460 1084.5
1420470 1076.8
1420480 1076.8
1420490 1072.6
1420500 1073.8
1420510 1073.8
1420520 1074.2
1420530 1074.3
1420540 1076.6
1420550 1076.6
1420560 1073.9
1420570 1070.3
1420580 1070.3
1420590 1070.6
1420600 1071.3
1420610 1071.3
1420620 1066.9
1420630 1058.8
1420640 1058.8
1420650 1050.9
1420660 1043.8
1420670 1043.8
1420680 1040.9
1420690 1039.6
1420700 1039.6
1420710 1039.8
1420720 1038.6
1420730 1038.6
1420740 1036.1
1420750 1031.6
1420760 1031.6
1420770 1028.0
1420780 1026.5
1420790 1026.5
1420800 1026.7
1420810 1032.0
1420820 1032.0
1420830 1036.4
1420840 1038.1
1420850 1038.1
1420860 1034.0
1420870 1029.5
1420880 1029.5
1420890 1027.5
1420900 1025.1
1420910 1020.5
1420920 1020.5
1420930 1015.6
1420940 1016.0
1420950 1016.0
1420960 1021.9
1420970 1027.8
1420980 1027.8
1420990 1035.6
1421000 1044.9
1421010 1044.9
1421020 1052.4
1421030 1062.0
1421040 1062.0
1421050 1070.7
1421060 1071.2
1421070 1071.2
1421080 1070.9
1421090 1072.9
1421100 1072.9
1421110 1075.2
1421120 1076.1
1421130 1076.1
1421140 1077.0
1421150 1078.6
1421160 1078.6
1421170 1081.2
1421180 1084.1
1421190 1084.1
1421200 1086.7
1421210 1087.9
1421220 1087.9
1421230 1084.9
1421240 1081.6
1421250 1081.6
1421260 1078.8
1421270 1078.5
1421280 1077.4
1421290 1077.4
1421300 1074.7
1421310 1072.1
1421320 1072.1
1421330 1068.6
1421340 1070.0
1421350 1070.0
1421360 1072.7
1421370 1073.8
1421380 1073.8
1421390 1072.2
1421400 1068.7
1421410 1068.7
1421420 1065.0
1421430 1060.9
1421440 1060.9
1421450 1062.2
1421460 1065.8
1421470 1065.8
1421480 1071.5
1421490 1079.6
1421500 1079.6
1421510 1090.1
1421520 1098.3
1421530 1098.3
1421540 1104.4
1421550 1112.4
1421560 1112.4
1421570 1119.2
1421580 1120.2
1421590 1120.2
1421600 1121.9
1421610 1128.8
1421620 1128.8
1421630 1137.2
1421640 1144.7
1421650 1150.5
1421660 1150.5
1421670 1152.6
1421680 1156.7
1421690 1156.7
1421700 1162.9
1421710 1170.6
1421720 1170.6
1421730 1177.1
1421740 1180.0
1421750 1180.0
1421760 1183.9
1421770 1190.7
1421780 1190.7
1421790 1198.2
1421800 1206.0
1421810 1206.0
1421820 1213.3
1421830 1219.1
1421840 1219.1
1421850 1225.4
1421860 1229.8
1421870 1229.8
1421880 1228.4
1421890 1227.6
1421900 1227.6
1421910 1230.3
1421920 1233.3
1421930 1233.3
1421940 1236.1
1421950 1240.9
1421960 1240.9
1421970 1245.4
1421980 1251.7
1421990 1251.7
1422000 1258.0
1422010 1264.6
1422020 1272.1
1422030 1272.1
1422040 1280.2
1422050 1286.9
1422060 1286.9
1422070 1291.4
1422080 1296.8
1422090 1296.8
1422100 1306.6
1422110 1314.1
1422120 1314.1
1422130 1321.9
1422140 1329.1
1422150 1329.1
1422160 1334.8
1422170 1340.7
1422180 1340.7
1422190 1344.4
1422200 1352.2
1422210 1352.2
1422220 1360.1
1422230 1367.8
1422240 1367.8
1422250 1374.5
1422260 1380.4
1422270 1380.4
1422280 1380.5
1422290 1377.3
1422300 1377.3
1422310 1373.8
1422320 1369.2
1422330 1369.2
1422340 1362.6
1422350 1357.5
1422360 1357.5
1422370 1353.3
1422380 1350.9
1422390 1355.7
1422400 1355.7
1422410 1358.1
1422420 1355.8
1422430 1355.8
1422440 1340.1
1422450 1332.7
1422460 1332.7
1422470 1333.5
1422480 1336.3
1422490 1336.3
1422500 1342.6
1422510 1352.4
1422520 1352.4
1422530 1373.8
1422540 1385.1
1422550 1385.1
1422560 1397.7
1422570 1409.9
1422580 1409.9
1422590 1411.3
1422600 1418.4
1422610 1418.4
1422620 1422.6
1422630 1415.3
1422640 1415.3
1422650 1405.3
1422660 1412.2
1422670 1412.2
1422680 1421.6
1422690 1429.2
1422700 1429.2
1422710 1436.6
1422720 1443.9
1422730 1443.9
1422740 1454.2
1422750 1448.7
1422760 1453.1
1422770 1453.1
1422780 1466.3
1422790 1469.7
1422800 1469.7
1422810 1470.9
1422820 1466.5
1422830 1466.5
1422840 1458.7
1422850 1467.1
1422860 1467.1
1422870 1479.3
1422880 1468.8
1422890 1468.8
1422900 1453.4
1422910 1461.9
1422920 1461.9
1422930 1479.7
1422940 1481.3
1422950 1481.3
1422960 1477.9
1422970 1491.3
1422980 1491.3
1422990 1504.5
1423000 1518.4
1423010 1518.4
1423020 1535.3
1423030 1548.4
1423040 1548.4
1423050 1560.3
1423060 1569.8
1423070 1569.8
1423080 1571.0
1423090 1571.5
1423100 1571.5
1423110 1569.4
1423120 1566.9
1423130 1566.6
1423140 1566.6
1423150 1559.8
1423160 1548.6
1423170 1548.6
1423180 1542.4
1423190 1537.3
1423200 1537.3
1423210 1525.3
1423220 1516.8
1423230 1516.8
1423240 1510.8
1423250 1508.3
1423260 1508.3
1423270 1505.8
1423280 1501.4
1423290 1501.4
1423300 1495.4
1423310 1488.0
1423320 1488.0
1423330 1471.9
1423340 1460.4
1423350 1460.4
1423360 1451.5
1423370 1443.2
1423380 1443.2
1423390 1435.9
1423400 1428.5
1423410 1428.5
1423420 1422.1
