1420000 1342.1
1420010 1339.6
1420020 1339.6
1420030 1336.1
1420040 1332.5
1420050 1332.5
1420060 1328.2
1420070 1322.9
1420080 1322.9
1420090 1318.2
1420100 1316.0
1420110 1316.0
1420120 1316.2
1420130 1316.4
1420140 1316.4
1420150 1317.7
1420160 1318.6
1420170 1320.0
1420180 1320.0
1420190 1322.6
1420200 1324.7
1420210 1324.7
1420220 1324.0
1420230 1322.9
1420240 1322.9
1420250 1323.0
1420260 1324.8
1420270 1324.8
1420280 1328.4
1420290 1331.7
1420300 1331.7
1420310 1333.1
1420320 1333.1
1420330 1333.1
1420340 1332.7
1420350 1334.1
1420360 1334.1
1420370 1336.1
1420380 1337.6
1420390 1337.6
1420400 1338.3
1420410 1338.0
1420420 1338.0
1420430 1338.2
1420440 1338.8
1420450 1338.8
1420460 1338.4
1420470 1339.5
1420480 1339.5
1420490 1343.3
1420500 1344.2
1420510 1344.2
1420520 1343.3
1420530 1338.6
1420540 1334.4
1420550 1334.4
1420560 1332.9
1420570 1332.2
1420580 1332.2
1420590 1332.9
1420600 1335.2
1420610 1335.2
1420620 1335.1
1420630 1334.7
1420640 1334.7
1420650 1334.0
1420660 1331.7
1420670 1331.7
1420680 1330.2
1420690 1323.3
1420700 1323.3
1420710 1321.0
1420720 1321.6
1420730 1321.6
1420740 1325.9
1420750 1328.6
1420760 1328.6
1420770 1327.1
1420780 1325.3
1420790 1325.3
1420800 1318.9
1420810 1312.1
1420820 1312.1
1420830 1304.3
1420840 1299.6
1420850 1299.6
1420860 1295.6
1420870 1291.9
1420880 1291.9
1420890 1288.5
1420900 1286.3
1420910 1286.3
1420920 1283.5
1420930 1278.4
1420940 1277.8
1420950 1277.8
1420960 1286.4
1420970 1295.7
1420980 1295.7
1420990 1304.0
1421000 1312.6
1421010 1312.6
1421020 1321.3
1421030 1331.4
1421040 1331.4
1421050 1340.0
1421060 1345.1
1421070 1345.1
1421080 1354.7
1421090 1365.9
1421100 1365.9
1421110 1372.4
1421120 1378.2
1421130 1378.2
1421140 1383.9
1421150 1392.0
1421160 1392.0
1421170 1399.6
1421180 1404.3
1421190 1404.3
1421200 1408.8
1421210 1412.2
1421220 1412.2
1421230 1417.4
1421240 1423.4
1421250 1423.4
1421260 1426.5
1421270 1429.5
1421280 1429.5
1421290 1430.8
1421300 1432.3
1421310 1436.2
1421320 1436.2
1421330 1439.5
1421340 1444.3
1421350 1444.3
1421360 1451.6
1421370 1458.9
1421380 1458.9
1421390 1467.9
1421400 1475.0
1421410 1475.0
1421420 1480.6
1421430 1486.6
1421440 1486.6
1421450 1493.8
1421460 1495.6
1421470 1495.6
1421480 1483.0
1421490 1469.8
1421500 1469.8
1421510 1456.6
1421520 1447.8
1421530 1447.8
1421540 1442.4
1421550 1436.6
1421560 1436.6
1421570 1432.0
1421580 1426.4
1421590 1426.4
1421600 1428.8
1421610 1438.5
1421620 1438.5
1421630 1451.2
1421640 1463.2
1421650 1463.2
1421660 1469.9
1421670 1480.1
1421680 1491.3
1421690 1491.3
1421700 1500.9
1421710 1510.0
1421720 1510.0
1421730 1519.1
1421740 1519.3
1421750 1519.3
1421760 1516.4
1421770 1511.6
1421780 1511.6
1421790 1508.1
1421800 1520.3
1421810 1520.3
1421820 1531.4
1421830 1537.4
1421840 1537.4
1421850 1541.2
1421860 1542.4
1421870 1542.4
1421880 1543.3
1421890 1546.9
1421900 1546.9
1421910 1553.0
1421920 1561.3
1421930 1561.3
1421940 1570.4
1421950 1578.3
1421960 1578.3
1421970 1586.1
1421980 1595.5
1421990 1595.5
1422000 1603.5
1422010 1607.3
1422020 1607.3
1422030 1604.7
1422040 1611.9
1422050 1617.2
1422060 1617.2
1422070 1617.6
1422080 1634.7
1422090 1634.7
1422100 1650.6
1422110 1654.9
1422120 1654.9
1422130 1653.5
1422140 1651.9
1422150 1651.9
1422160 1644.8
1422170 1638.0
1422180 1638.0
1422190 1625.2
1422200 1610.6
1422210 1610.6
1422220 1596.6
1422230 1596.8
1422240 1596.8
1422250 1593.5
1422260 1587.9
1422270 1587.9
1422280 1588.5
1422290 1583.8
1422300 1583.8
1422310 1574.3
1422320 1566.6
1422330 1566.6
1422340 1568.9
1422350 1571.3
1422360 1571.3
1422370 1570.4
1422380 1574.9
1422390 1574.9
1422400 1575.3
1422410 1577.7
1422420 1582.0
1422430 1582.0
1422440 1584.5
1422450 1588.5
1422460 1588.5
1422470 1591.5
1422480 1592.2
1422490 1592.2
1422500 1596.8
1422510 1609.0
1422520 1610.2
1422530 1620.3
1422540 1618.1
1422550 1618.1
1422560 1613.6
1422570 1611.8
1422580 1611.8
1422590 1621.5
1422600 1633.8
1422610 1633.8
1422620 1644.3
1422630 1655.9
1422640 1655.9
1422650 1655.8
1422660 1647.4
1422670 1647.4
1422680 1641.3
1422690 1634.1
1422700 1634.1
1422710 1643.0
1422720 1659.4
1422730 1659.4
1422740 1691.9
1422750 1736.5
1422760 1736.5
1422770 1749.8
1422780 1756.2
1422790 1756.2
1422800 1771.8
1422810 1789.8
1422820 1796.6
1422830 1796.6
1422840 1810.5
1422850 1817.9
1422860 1817.9
1422870 1809.9
1422880 1802.6
1422890 1802.6
1422900 1794.6
1422910 1783.7
1422920 1783.7
1422930 1774.5
1422940 1762.0
1422950 1762.0
1422960 1742.8
1422970 1726.1
1422980 1726.1
1422990 1712.8
1423000 1702.5
1423010 1702.5
1423020 1693.4
1423030 1684.2
1423040 1684.2
1423050 1675.4
1423060 1667.0
1423070 1667.0
1423080 1658.9
1423090 1655.2
1423100 1655.2
1423110 1646.5
1423120 1635.9
1423130 1635.9
1423140 1623.1
1423150 1611.9
1423160 1611.9
1423170 1603.9
