1420000 1376.5
1420010 1372.4
1420020 1372.4
1420030 1370.1
1420040 1369.2
1420050 1369.2
1420060 1367.6
1420070 1365.0
1420080 1365.0
1420090 1362.0
1420100 1359.4
1420110 1359.4
1420120 1355.8
1420130 1351.4
1420140 1351.4
1420150 1347.0
1420160 1342.1
1420170 1342.1
1420180 1337.0
1420190 1331.6
1420200 1331.6
1420210 1326.6
1420220 1321.1
1420230 1321.1
1420240 1316.3
1420250 1312.5
1420260 1312.5
1420270 1309.9
1420280 1308.3
1420290 1308.3
1420300 1306.5
1420310 1302.4
1420320 1302.4
1420330 1296.5
1420340 1293.7
1420350 1293.7
1420360 1299.1
1420370 1301.9
1420380 1301.9
1420390 1299.9
1420400 1296.8
1420410 1295.3
1420420 1295.3
1420430 1296.6
1420440 1297.7
1420450 1297.7
1420460 1297.8
1420470 1299.0
1420480 1299.0
1420490 1301.1
1420500 1304.0
1420510 1304.0
1420520 1307.4
1420530 1311.8
1420540 1311.8
1420550 1316.8
1420560 1321.4
1420570 1321.4
1420580 1325.0
1420590 1326.9
1420600 1326.9
1420610 1327.4
1420620 1327.9
1420630 1327.9
1420640 1329.5
1420650 1332.5
1420660 1332.5
1420670 1336.2
1420680 1340.2
1420690 1340.2
1420700 1342.7
1420710 1343.1
1420720 1343.1
1420730 1342.5
1420740 1341.3
1420750 1341.3
1420760 1339.3
1420770 1337.8
1420780 1337.7
1420790 1337.7
1420800 1337.9
1420810 1337.3
1420820 1337.3
1420830 1336.3
1420840 1333.9
1420850 1333.9
1420860 1332.4
1420870 1331.1
1420880 1331.1
1420890 1329.2
1420900 1328.5
1420910 1328.5
1420920 1329.7
1420930 1331.5
1420940 1331.5
1420950 1333.6
1420960 1335.8
1420970 1335.8
1420980 1338.3
1420990 1340.9
1421000 1340.9
1421010 1343.4
1421020 1345.7
1421030 1345.7
1421040 1348.3
1421050 1348.4
1421060 1348.4
1421070 1346.2
1421080 1346.6
1421090 1346.6
1421100 1350.0
1421110 1355.7
1421120 1355.7
1421130 1360.7
1421140 1364.6
1421150 1369.3
1421160 1369.3
1421170 1377.3
1421180 1385.2
1421190 1385.2
1421200 1389.5
1421210 1393.1
1421220 1393.1
1421230 1399.1
1421240 1406.4
1421250 1406.4
1421260 1412.3
1421270 1422.7
1421280 1422.7
1421290 1433.6
1421300 1445.8
1421310 1445.8
1421320 1458.4
1421330 1471.4
1421340 1471.4
1421350 1475.1
1421360 1481.4
1421370 1481.4
1421380 1485.8
1421390 1497.2
1421400 1497.2
1421410 1507.7
1421420 1516.5
1421430 1516.5
1421440 1525.3
1421450 1530.7
1421460 1530.7
1421470 1532.9
1421480 1541.6
1421490 1541.6
1421500 1551.1
1421510 1558.6
1421520 1566.4
1421530 1566.4
1421540 1574.4
1421550 1581.0
1421560 1581.0
1421570 1587.8
1421580 1594.7
1421590 1594.7
1421600 1598.3
1421610 1602.0
1421620 1602.0
1421630 1604.3
1421640 1599.9
1421650 1599.9
1421660 1599.6
1421670 1594.3
1421680 1594.3
1421690 1600.2
1421700 1610.3
1421710 1610.3
1421720 1616.2
1421730 1624.8
1421740 1624.8
1421750 1631.4
1421760 1634.2
1421770 1634.2
1421780 1643.7
1421790 1651.4
1421800 1651.4
1421810 1657.1
1421820 1661.7
1421830 1661.7
1421840 1664.7
1421850 1667.1
1421860 1667.1
1421870 1671.7
1421880 1678.6
1421890 1679.7
1421900 1679.7
1421910 1680.3
1421920 1684.1
1421930 1684.1
1421940 1681.6
1421950 1671.1
1421960 1671.1
1421970 1661.0
1421980 1672.1
1421990 1672.1
1422000 1687.3
1422010 1696.2
1422020 1696.2
1422030 1704.2
1422040 1718.3
1422050 1718.3
1422060 1718.1
1422070 1714.8
1422080 1714.8
1422090 1709.8
1422100 1710.0
1422110 1710.0
1422120 1712.3
1422130 1714.4
1422140 1714.4
1422150 1715.7
1422160 1717.3
1422170 1717.3
1422180 1721.3
1422190 1726.7
1422200 1726.7
1422210 1731.9
1422220 1737.2
1422230 1737.2
1422240 1740.6
1422250 1742.7
1422260 1746.1
1422270 1746.1
1422280 1751.4
1422290 1757.1
1422300 1757.1
1422310 1762.6
1422320 1767.7
1422330 1767.7
1422340 1755.5
1422350 1745.8
1422360 1745.8
1422370 1753.0
1422380 1781.0
1422390 1781.0
1422400 1797.1
1422410 1808.1
1422420 1808.1
1422430 1812.3
1422440 1815.0
1422450 1815.0
1422460 1817.2
1422470 1821.2
1422480 1821.2
1422490 1829.8
1422500 1841.1
1422510 1841.1
1422520 1853.7
1422530 1872.8
1422540 1872.8
1422550 1879.2
1422560 1867.4
1422570 1867.4
1422580 1861.4
1422590 1852.4
1422600 1852.4
1422610 1850.3
1422620 1845.6
1422630 1845.6
1422640 1842.0
1422650 1847.3
1422660 1856.1
1422670 1856.1
1422680 1861.8
1422690 1867.0
1422700 1867.0
1422710 1869.0
1422720 1858.8
1422730 1858.8
1422740 1849.5
1422750 1838.0
1422760 1838.0
1422770 1839.6
1422780 1849.2
1422790 1849.2
1422800 1829.5
1422810 1804.2
1422820 1804.2
1422830 1785.9
1422840 1770.7
1422850 1770.7
1422860 1762.5
1422870 1754.3
1422880 1754.3
1422890 1737.8
1422900 1728.8
1422910 1728.8
1422920 1723.1
1422930 1718.3
1422940 1718.3
1422950 1715.6
1422960 1711.3
1422970 1711.3
1422980 1702.9
1422990 1694.3
1423000 1694.3
1423010 1682.1
1423020 1672.5
1423030 1668.3
1423040 1668.3
