1420000 992.3
1420010 986.6
1420020 986.6
1420030 981.6
1420040 976.1
1420050 976.1
1420060 972.7
1420070 969.8
1420080 969.8
1420090 967.5
1420100 961.5
1420110 961.5
1420120 954.4
1420130 955.8
1420140 955.8
1420150 959.8
1420160 960.7
1420170 960.7
1420180 957.7
1420190 956.0
1420200 956.0
1420210 955.3
1420220 952.3
1420230 952.3
1420240 950.9
1420250 957.6
1420260 960.9
1420270 960.9
1420280 960.6
1420290 959.0
1420300 959.0
1420310 958.3
1420320 960.2
1420330 960.2
1420340 963.8
1420350 965.4
1420360 965.4
1420370 962.8
1420380 960.7
1420390 960.7
1420400 964.5
1420410 969.2
1420420 969.2
1420430 976.0
1420440 984.5
1420450 984.5
1420460 991.3
1420470 996.0
1420480 996.0
1420490 998.6
1420500 1000.1
1420510 1000.1
1420520 1002.0
1420530 1004.0
1420540 1004.0
1420550 1006.2
1420560 1009.5
1420570 1009.5
1420580 1012.5
1420590 1014.4
1420600 1014.4
1420610 1017.7
1420620 1019.4
1420630 1020.3
1420640 1020.3
1420650 1020.1
1420660 1019.9
1420670 1019.9
1420680 1021.3
1420690 1022.9
1420700 1022.9
1420710 1025.0
1420720 1027.8
1420730 1027.8
1420740 1029.7
1420750 1032.1
1420760 1032.1
1420770 1037.2
1420780 1041.8
1420790 1041.8
1420800 1045.8
1420810 1050.6
1420820 1050.6
1420830 1054.9
1420840 1058.7
1420850 1058.7
1420860 1060.4
1420870 1057.3
1420880 1057.3
1420890 1059.3
1420900 1064.6
1420910 1064.6
1420920 1070.2
1420930 1077.1
1420940 1077.1
1420950 1083.8
1420960 1089.5
1420970 1089.5
1420980 1093.0
1420990 1096.0
1421000 1096.0
1421010 1099.7
1421020 1103.9
1421030 1107.5
1421040 1107.5
1421050 1111.0
1421060 1114.8
1421070 1114.8
1421080 1118.1
1421090 1121.0
1421100 1121.0
1421110 1124.0
1421120 1127.3
1421130 1127.3
1421140 1130.5
1421150 1133.8
1421160 1133.8
1421170 1136.8
1421180 1139.2
1421190 1139.2
1421200 1141.9
1421210 1145.7
1421220 1145.7
1421230 1148.8
1421240 1151.5
1421250 1151.5
1421260 1153.9
1421270 1156.3
1421280 1156.3
1421290 1157.2
1421300 1157.7
1421310 1157.7
1421320 1160.0
1421330 1162.9
1421340 1162.9
1421350 1166.6
1421360 1169.7
1421370 1169.7
1421380 1173.6
1421390 1177.0
1421400 1181.1
1421410 1181.1
1421420 1186.3
1421430 1190.8
1421440 1190.8
1421450 1193.2
1421460 1194.0
1421470 1194.0
1421480 1197.5
1421490 1199.8
1421500 1199.8
1421510 1202.5
1421520 1205.0
1421530 1205.0
1421540 1207.3
1421550 1210.6
1421560 1210.6
1421570 1212.8
1421580 1213.7
1421590 1213.7
1421600 1215.4
1421610 1217.5
1421620 1217.5
1421630 1219.8
1421640 1222.5
1421650 1217.9
1421660 1220.4
1421670 1222.4
1421680 1222.4
1421690 1224.4
1421700 1226.7
1421710 1226.7
1421720 1228.7
1421730 1228.2
1421740 1228.2
1421750 1226.6
1421760 1221.3
1421770 1221.3
1421780 1220.1
1421790 1227.7
1421800 1232.0
1421810 1232.0
1421820 1235.6
1421830 1240.1
1421840 1240.1
1421850 1247.4
1421860 1253.7
1421870 1253.7
1421880 1257.4
1421890 1259.7
1421900 1259.7
1421910 1261.6
1421920 1263.9
1421930 1263.9
1421940 1267.7
1421950 1273.0
1421960 1273.0
1421970 1277.7
1421980 1278.8
1421990 1278.8
1422000 1281.0
1422010 1284.8
1422020 1284.8
1422030 1290.1
1422040 1294.4
1422050 1294.4
1422060 1296.4
1422070 1298.8
1422080 1298.8
1422090 1301.3
1422100 1304.4
1422110 1304.4
1422120 1307.9
1422130 1312.4
1422140 1312.4
1422150 1316.9
1422160 1322.1
1422170 1327.2
1422180 1327.2
1422190 1331.5
1422200 1335.4
1422210 1335.4
1422220 1339.2
1422230 1343.0
1422240 1343.0
1422250 1346.3
1422260 1349.2
1422270 1349.2
1422280 1351.5
1422290 1353.5
1422300 1353.5
1422310 1355.2
1422320 1356.8
1422330 1356.8
1422340 1358.4
1422350 1360.2
1422360 1360.2
1422370 1362.8
1422380 1365.4
1422390 1365.4
1422400 1367.4
1422410 1370.5
1422420 1370.5
1422430 1373.2
1422440 1377.3
1422450 1377.3
1422460 1380.0
1422470 1381.5
1422480 1381.5
1422490 1382.0
1422500 1380.3
1422510 1380.3
1422520 1376.2
1422530 1378.2
1422540 1385.8
1422550 1385.8
1422560 1393.9
1422570 1402.0
1422580 1402.0
1422590 1409.8
1422600 1418.5
1422610 1418.5
1422620 1426.9
1422630 1435.9
1422640 1435.9
1422650 1442.7
1422660 1448.1
1422670 1448.1
1422680 1453.1
1422690 1459.8
1422700 1459.8
1422710 1463.6
1422720 1465.6
1422730 1465.6
1422740 1467.5
1422750 1469.3
1422760 1469.3
1422770 1471.1
1422780 1472.7
1422790 1472.7
1422800 1474.6
1422810 1476.2
1422820 1476.2
1422830 1476.2
1422840 1478.0
1422850 1478.0
1422860 1481.8
1422870 1484.1
1422880 1484.1
1422890 1483.0
1422900 1481.8
1422910 1481.8
1422920 1491.5
1422930 1501.5
1422940 1509.0
1422950 1509.0
1422960 1514.6
1422970 1512.4
1422980 1512.4
1422990 1509.0
1423000 1504.1
1423010 1504.1
1423020 1503.4
1423030 1510.8
1423040 1510.8
1423050 1514.3
1423060 1516.2
1423070 1516.2
1423080 1518.4
1423090 1520.2
1423100 1520.2
1423110 1526.1
1423120 1534.1
1423130 1534.1
1423140 1539.7
1423150 1535.4
1423160 1535.4
1423170 1529.4
1423180 1533.4
1423190 1533.4
1423200 1539.7
1423210 1547.0
1423220 1547.0
1423230 1552.4
1423240 1552.9
1423250 1552.9
1423260 1559.6
1423270 1566.8
1423280 1566.8
1423290 1570.5
1423300 1570.8
1423310 1570.5
1423320 1570.5
1423330 1575.0
1423340 1582.1
1423350 1582.1
1423360 1589.0
1423370 1594.5
1423380 1594.5
1423390 1599.6
1423400 1603.4
1423410 1603.4
1423420 1607.4
1423430 1612.3
1423440 1612.3
1423450 1617.1
1423460 1623.6
1423470 1623.6
1423480 1628.9
1423490 1633.3
1423500 1633.3
1423510 1636.5
1423520 1640.4
1423530 1640.4
1423540 1645.2
1423550 1649.5
1423560 1649.5
1423570 1654.5
1423580 1659.2
1423590 1659.2
1423600 1664.9
1423610 1670.4
1423620 1670.4
1423630 1676.2
1423640 1682.5
1423650 1682.5
1423660 1688.7
1423670 1694.4
1423680 1694.4
1423690 1699.2
1423700 1703.6
1423710 1707.9
1423720 1702.9
1423730 1709.4
1423740 1719.5
1423750 1719.5
1423760 1726.5
1423770 1733.2
1423780 1733.2
1423790 1740.4
1423800 1748.2
1423810 1748.2
1423820 1754.9
1423830 1762.2
1423840 1762.2
1423850 1768.4
1423860 1779.9
1423870 1779.9
1423880 1799.0
1423890 1818.8
1423900 1818.8
1423910 1834.4
1423920 1843.9
1423930 1843.9
1423940 1852.3
1423950 1861.7
1423960 1861.7
1423970 1871.7
1423980 1885.6
1423990 1885.6
1424000 1897.4
1424010 1904.3
1424020 1904.3
1424030 1909.9
1424040 1922.2
1424050 1922.2
1424060 1945.4
1424070 1958.1
1424080 1971.8
1424090 1971.8
1424100 1995.1
1424110 2004.6
1424120 2004.6
1424130 2013.0
1424140 2031.5
1424150 2031.5
1424160 2071.8
1424170 2106.0
1424180 2106.0
1424190 2119.8
1424200 2132.1
1424210 2132.1
1424220 2151.7
1424230 2169.3
1424240 2169.3
1424250 2188.1
1424260 2216.2
1424270 2216.2
1424280 2235.8
1424290 2246.7
1424300 2246.7
1424310 2252.7
1424320 2258.6
1424330 2258.6
1424340 2262.7
1424350 2265.9
1424360 2265.9
1424370 2269.1
1424380 2271.1
1424390 2271.1
1424400 2266.8
1424410 2256.5
1424420 2256.5
1424430 2244.8
1424440 2231.6
1424450 2231.6
1424460 2202.4
1424470 2183.0
1424480 2170.5
1424490 2170.5
1424500 2153.6
1424510 2136.4
1424520 2136.4
1424530 2127.5
1424540 2121.8
1424550 2121.8
1424560 2117.8
1424570 2106.9
1424580 2106.9
1424590 2097.4
1424600 2085.4
1424610 2085.4
1424620 2075.2
1424630 2066.5
1424640 2066.5
1424650 2060.4
1424660 2060.5
1424670 2060.5
