1420000 1097.0
1420010 1097.0
1420020 1099.1
1420030 1100.4
1420040 1100.4
1420050 1102.0
1420060 1103.9
1420070 1103.9
1420080 1105.0
1420090 1106.0
1420100 1106.0
1420110 1106.7
1420120 1108.5
1420130 1108.5
1420140 1109.8
1420150 1110.7
1420160 1110.7
1420170 1111.8
1420180 1113.2
1420190 1113.2
1420200 1115.0
1420210 1116.5
1420220 1116.5
1420230 1117.6
1420240 1119.3
1420250 1119.3
1420260 1121.8
1420270 1123.8
1420280 1123.8
1420290 1125.2
1420300 1126.9
1420310 1126.9
1420320 1128.1
1420330 1129.4
1420340 1132.2
1420350 1132.2
1420360 1135.8
1420370 1139.7
1420380 1139.7
1420390 1143.5
1420400 1147.4
1420410 1147.4
1420420 1151.5
1420430 1155.0
1420440 1155.0
1420450 1157.6
1420460 1160.7
1420470 1160.7
1420480 1164.4
1420490 1163.4
1420500 1163.4
1420510 1158.5
1420520 1157.5
1420530 1157.5
1420540 1162.4
1420550 1168.2
1420560 1168.2
1420570 1172.3
1420580 1178.7
1420590 1178.7
1420600 1184.6
1420610 1189.3
1420620 1189.3
1420630 1192.6
1420640 1195.0
1420650 1195.0
1420660 1197.2
1420670 1199.2
1420680 1199.2
1420690 1201.3
1420700 1203.8
1420710 1207.0
1420720 1207.0
1420730 1210.8
1420740 1215.0
1420750 1215.0
1420760 1218.3
1420770 1222.9
1420780 1222.9
1420790 1228.3
1420800 1233.6
1420810 1233.6
1420820 1238.9
1420830 1244.0
1420840 1244.0
1420850 1248.5
1420860 1252.7
1420870 1252.7
1420880 1256.9
1420890 1260.5
1420900 1260.5
1420910 1264.0
1420920 1268.2
1420930 1268.2
1420940 1272.8
1420950 1277.0
1420960 1277.0
1420970 1280.1
1420980 1281.8
1420990 1281.8
1421000 1283.0
1421010 1284.6
1421020 1284.6
1421030 1287.9
1421040 1291.9
1421050 1291.9
1421060 1295.8
1421070 1300.9
1421080 1300.9
1421090 1306.9
1421100 1312.8
1421110 1318.2
1421120 1318.2
1421130 1324.9
1421140 1331.7
1421150 1331.7
1421160 1337.2
1421170 1341.6
1421180 1341.6
1421190 1345.4
1421200 1349.4
1421210 1349.4
1421220 1353.5
1421230 1357.6
1421240 1357.6
1421250 1361.7
1421260 1366.0
1421270 1366.0
1421280 1370.3
1421290 1374.3
1421300 1374.3
1421310 1377.8
1421320 1381.4
1421330 1381.4
1421340 1386.6
1421350 1391.7
1421360 1391.7
1421370 1396.8
1421380 1401.5
1421390 1401.5
1421400 1406.2
1421410 1411.2
1421420 1411.2
1421430 1416.0
1421440 1420.6
1421450 1420.6
1421460 1425.2
1421470 1429.8
1421480 1434.3
1421490 1434.3
1421500 1439.1
1421510 1443.9
1421520 1443.9
1421530 1448.9
1421540 1453.9
1421550 1453.9
1421560 1458.5
1421570 1463.3
1421580 1463.3
1421590 1467.9
1421600 1472.7
1421610 1472.7
1421620 1477.2
1421630 1481.8
1421640 1481.8
1421650 1484.8
1421660 1487.5
1421670 1487.5
1421680 1492.1
1421690 1497.7
1421700 1497.7
1421710 1501.8
1421720 1506.3
1421730 1506.3
1421740 1511.4
1421750 1516.1
1421760 1516.1
1421770 1520.8
1421780 1526.0
1421790 1526.0
1421800 1530.3
1421810 1532.7
1421820 1532.7
1421830 1535.9
1421840 1538.6
1421850 1538.6
1421860 1543.6
1421870 1550.0
1421880 1555.5
1421890 1555.5
1421900 1560.2
1421910 1564.8
1421920 1564.8
1421930 1572.2
1421940 1579.7
1421950 1579.7
1421960 1586.3
1421970 1591.8
1421980 1591.8
1421990 1597.6
1422000 1603.5
1422010 1603.5
1422020 1610.6
1422030 1617.2
1422040 1617.2
1422050 1627.6
1422060 1639.6
1422070 1639.6
1422080 1651.3
1422090 1661.7
1422100 1661.7
1422110 1669.1
1422120 1677.7
1422130 1677.7
1422140 1686.6
1422150 1721.6
1422160 1721.6
1422170 1747.4
1422180 1771.5
1422190 1771.5
1422200 1787.0
1422210 1800.0
1422220 1800.0
1422230 1811.0
1422240 1824.3
1422250 1838.2
1422260 1838.2
1422270 1850.6
1422280 1854.8
1422290 1854.8
1422300 1857.2
1422310 1860.6
1422320 1860.6
1422330 1863.1
1422340 1866.5
1422350 1866.5
1422360 1870.1
1422370 1873.3
1422380 1873.3
1422390 1876.6
1422400 1879.3
1422410 1879.3
1422420 1882.0
1422430 1887.6
1422440 1887.6
1422450 1892.0
1422460 1898.4
1422470 1898.4
1422480 1913.7
1422490 1928.0
1422500 1928.0
1422510 1936.4
1422520 1942.4
1422530 1942.4
1422540 1949.8
1422550 1958.8
1422560 1958.8
1422570 1962.5
1422580 1953.2
1422590 1953.2
1422600 1947.6
1422610 1947.2
1422620 1947.2
1422630 1930.4
1422640 1931.1
1422650 1937.9
1422660 1937.9
1422670 1936.7
1422680 1924.9
1422690 1924.9
1422700 1923.0
1422710 1918.3
1422720 1918.3
1422730 1907.1
1422740 1901.4
1422750 1901.4
1422760 1902.0
1422770 1898.9
1422780 1898.9
1422790 1891.4
1422800 1887.9
1422810 1887.9
1422820 1891.6
1422830 1892.7
1422840 1892.7
1422850 1894.2
1422860 1895.0
1422870 1895.0
1422880 1894.2
1422890 1894.5
1422900 1894.5
1422910 1895.0
1422920 1896.6
1422930 1896.6
1422940 1903.4
1422950 1913.6
1422960 1913.6
1422970 1922.5
1422980 1926.3
1422990 1926.3
1423000 1933.7
1423010 1948.6
1423020 1966.4
1423030 1966.4
1423040 1980.6
1423050 1995.5
1423060 1995.5
1423070 2004.6
1423080 2011.6
1423090 2011.6
1423100 2024.5
1423110 2038.6
1423120 2038.6
1423130 2050.1
1423140 2059.3
1423150 2059.3
1423160 2067.8
1423170 2074.7
1423180 2074.7
1423190 2081.5
1423200 2090.3
1423210 2090.3
1423220 2102.3
1423230 2116.4
1423240 2116.4
1423250 2136.5
1423260 2158.0
1423270 2158.0
1423280 2165.8
1423290 2165.0
1423300 2165.0
1423310 2161.8
1423320 2161.2
1423330 2161.2
1423340 2158.7
1423350 2166.3
1423360 2166.3
1423370 2171.6
1423380 2167.5
1423390 2167.5
1423400 2162.1
1423410 2163.6
1423420 2154.7
1423430 2154.7
1423440 2145.6
1423450 2140.1
1423460 2140.1
1423470 2136.8
1423480 2137.2
1423490 2137.2
1423500 2137.0
1423510 2136.2
1423520 2136.2
1423530 2132.8
1423540 2128.1
1423550 2128.1
1423560 2121.7
1423570 2115.8
1423580 2115.8
1423590 2109.2
1423600 2103.7
1423610 2103.7
1423620 2099.5
1423630 2100.1
1423640 2100.1
1423650 2103.0
1423660 2107.2
1423670 2107.2
1423680 2114.3
1423690 2120.0
1423700 2120.0
1423710 2121.2
1423720 2122.8
1423730 2122.8
1423740 2122.1
1423750 2118.4
1423760 2118.4
1423770 2117.0
1423780 2116.9
1423790 2116.9
1423800 2115.7
1423810 2112.1
1423820 2109.3
1423830 2109.3
1423840 2103.8
1423850 2101.3
1423860 2101.3
1423870 2098.7
1423880 2096.7
1423890 2096.7
1423900 2098.2
1423910 2097.7
1423920 2097.7
1423930 2096.8
1423940 2096.2
1423950 2096.2
1423960 2093.8
1423970 2091.9
1423980 2091.9
1423990 2088.6
1424000 2083.4
1424010 2083.4
1424020 2079.5
1424030 2075.5
1424040 2075.5
1424050 2072.1
1424060 2068.8
1424070 2068.8
1424080 2068.2
1424090 2068.3
1424100 2068.3
1424110 2067.1
1424120 2066.0
1424130 2066.0
1424140 2063.8
1424150 2060.4
1424160 2060.4
1424170 2056.4
1424180 2052.2
1424190 2048.6
1424200 2048.6
1424210 2044.6
1424220 2044.9
1424230 2044.9
1424240 2042.9
1424250 2037.5
1424260 2037.5
1424270 2034.9
1424280 2026.6
1424290 2026.6
1424300 2022.1
1424310 2018.7
1424320 2018.7
1424330 2014.6
1424340 2009.5
1424350 2009.5
1424360 2006.9
1424370 2006.0
1424380 2006.0
1424390 2004.8
1424400 2004.7
1424410 2004.7
1424420 2004.0
1424430 2002.3
1424440 2002.3
1424450 1998.8
1424460 1996.5
1424470 1996.5
1424480 1995.1
1424490 1993.8
1424500 1993.8
1424510 1993.1
1424520 1994.5
1424530 1994.5
1424540 1996.0
1424550 1997.1
1424560 1997.1
1424570 1998.5
1424580 1999.4
1424590 2001.5
1424600 2001.5
1424610 2002.1
1424620 1999.5
1424630 1999.5
1424640 1998.5
1424650 1997.2
1424660 1997.2
1424670 1997.3
1424680 1998.8
1424690 1998.8
1424700 2000.1
1424710 1999.2
1424720 1999.2
1424730 1997.3
