1420000 1110.6
1420010 1115.3
1420020 1119.8
1420030 1119.8
1420040 1124.5
1420050 1129.5
1420060 1129.5
1420070 1133.8
1420080 1138.4
1420090 1138.4
1420100 1143.2
1420110 1147.7
1420120 1147.7
1420130 1154.3
1420140 1161.0
1420150 1161.0
1420160 1165.2
1420170 1170.9
1420180 1170.9
1420190 1175.5
1420200 1180.5
1420210 1180.5
1420220 1185.1
1420230 1188.9
1420240 1188.9
1420250 1192.1
1420260 1195.3
1420270 1195.3
1420280 1199.5
1420290 1204.4
1420300 1204.4
1420310 1209.3
1420320 1214.1
1420330 1214.1
1420340 1218.7
1420350 1223.5
1420360 1223.5
1420370 1228.8
1420380 1233.8
1420390 1238.7
1420400 1238.7
1420410 1244.8
1420420 1250.2
1420430 1250.2
1420440 1255.1
1420450 1259.4
1420460 1259.4
1420470 1263.9
1420480 1268.8
1420490 1268.8
1420500 1273.0
1420510 1277.5
1420520 1277.5
1420530 1282.0
1420540 1286.3
1420550 1286.3
1420560 1290.6
1420570 1294.9
1420580 1294.9
1420590 1298.5
1420600 1301.7
1420610 1301.7
1420620 1305.3
1420630 1309.7
1420640 1309.7
1420650 1315.0
1420660 1320.9
1420670 1320.9
1420680 1326.5
1420690 1332.4
1420700 1332.4
1420710 1338.7
1420720 1345.2
1420730 1345.2
1420740 1352.2
1420750 1359.2
1420760 1359.2
1420770 1365.6
1420780 1371.8
1420790 1377.3
1420800 1377.3
1420810 1382.5
1420820 1388.2
1420830 1383.6
1420840 1389.1
1420850 1395.6
1420860 1395.6
1420870 1401.8
1420880 1407.9
1420890 1407.9
1420900 1413.1
1420910 1420.8
1420920 1420.8
1420930 1429.2
1420940 1438.7
1420950 1438.7
1420960 1452.3
1420970 1473.3
1420980 1473.3
1420990 1507.7
1421000 1551.1
1421010 1551.1
1421020 1571.7
1421030 1600.3
1421040 1600.3
1421050 1618.4
1421060 1622.4
1421070 1622.4
1421080 1627.8
1421090 1631.9
1421100 1631.9
1421110 1635.6
1421120 1638.7
1421130 1638.7
1421140 1643.1
1421150 1648.5
1421160 1648.5
1421170 1654.1
1421180 1660.8
1421190 1670.4
1421200 1670.4
1421210 1690.9
1421220 1717.3
1421230 1717.3
1421240 1739.5
1421250 1752.3
1421260 1752.3
1421270 1770.1
1421280 1792.7
1421290 1792.7
1421300 1805.9
1421310 1810.4
1421320 1810.4
1421330 1803.6
1421340 1793.8
1421350 1793.8
1421360 1782.2
1421370 1776.4
1421380 1776.4
1421390 1772.4
1421400 1755.6
1421410 1755.6
1421420 1739.2
1421430 1729.2
1421440 1729.2
1421450 1715.5
1421460 1702.7
1421470 1702.7
1421480 1689.0
1421490 1680.0
1421500 1680.0
1421510 1672.5
1421520 1659.4
1421530 1659.4
1421540 1646.0
1421550 1639.6
1421560 1633.3
1421570 1633.3
1421580 1619.9
1421590 1614.1
1421600 1614.1
1421610 1607.9
1421620 1595.4
1421630 1595.4
1421640 1585.4
1421650 1577.8
1421660 1577.8
1421670 1573.0
1421680 1569.9
1421690 1569.9
1421700 1566.6
1421710 1564.8
1421720 1564.8
1421730 1566.3
1421740 1570.6
1421750 1570.6
1421760 1569.4
1421770 1561.0
1421780 1561.0
1421790 1557.4
1421800 1558.5
1421810 1558.5
1421820 1561.3
1421830 1562.6
1421840 1562.6
1421850 1563.1
1421860 1574.3
1421870 1574.3
1421880 1586.5
1421890 1610.3
1421900 1610.3
1421910 1638.8
1421920 1657.2
1421930 1657.2
1421940 1675.9
1421950 1693.0
1421960 1698.3
1421970 1698.3
1421980 1706.5
1421990 1708.4
1422000 1708.4
1422010 1711.2
1422020 1726.8
1422030 1726.8
1422040 1745.7
1422050 1757.9
1422060 1757.9
1422070 1761.0
1422080 1751.2
1422090 1751.2
1422100 1769.6
1422110 1761.2
1422120 1761.2
1422130 1762.0
1422140 1778.9
1422150 1778.9
1422160 1805.6
1422170 1836.9
1422180 1836.9
1422190 1843.5
1422200 1850.0
1422210 1850.0
1422220 1855.3
1422230 1861.4
1422240 1861.4
1422250 1871.2
1422260 1875.2
1422270 1875.2
1422280 1875.0
1422290 1874.1
1422300 1874.1
1422310 1873.5
1422320 1873.4
1422330 1873.4
1422340 1874.2
1422350 1869.3
1422360 1865.5
1422370 1865.5
1422380 1864.3
1422390 1861.2
1422400 1861.2
1422410 1870.6
1422420 1881.7
1422430 1881.7
1422440 1887.7
1422450 1895.4
1422460 1895.4
1422470 1903.5
1422480 1913.2
1422490 1913.2
1422500 1923.7
1422510 1932.0
1422520 1932.0
1422530 1938.6
1422540 1948.4
1422550 1948.4
1422560 1962.8
1422570 1979.3
1422580 1979.3
1422590 1991.6
1422600 1999.7
1422610 1999.7
1422620 2010.0
1422630 2016.3
1422640 2016.3
1422650 2021.2
1422660 2025.5
1422670 2025.5
1422680 2029.3
1422690 2034.1
1422700 2034.1
1422710 2038.7
1422720 2042.7
1422730 2046.8
1422740 2046.8
1422750 2050.5
1422760 2054.1
1422770 2054.1
1422780 2057.6
1422790 2060.2
1422800 2060.2
1422810 2062.3
1422820 2061.8
1422830 2061.8
1422840 2056.4
1422850 2056.1
1422860 2056.1
1422870 2061.2
1422880 2068.4
1422890 2068.4
1422900 2071.1
1422910 2072.4
1422920 2072.4
1422930 2073.4
1422940 2074.1
1422950 2074.1
1422960 2074.5
1422970 2074.9
1422980 2074.9
1422990 2073.5
1423000 2068.5
1423010 2068.5
1423020 2068.8
1423030 2062.4
1423040 2062.4
1423050 2052.8
1423060 2048.7
1423070 2048.7
1423080 2044.8
1423090 2042.4
1423100 2042.4
1423110 2043.9
1423120 2042.4
1423130 2038.2
1423140 2038.2
1423150 2037.0
1423160 2035.0
1423170 2035.0
1423180 2029.2
1423190 2030.0
1423200 2030.0
1423210 2029.7
1423220 2028.2
1423230 2028.2
1423240 2023.2
1423250 2017.8
1423260 2017.8
1423270 2001.1
1423280 1989.7
1423290 1989.7
1423300 1972.2
1423310 1953.9
1423320 1953.9
1423330 1944.9
1423340 1939.8
1423350 1939.8
1423360 1933.1
1423370 1929.5
1423380 1929.5
1423390 1924.1
1423400 1923.3
1423410 1923.3
1423420 1927.1
1423430 1929.8
1423440 1929.8
1423450 1928.2
1423460 1923.4
1423470 1923.4
1423480 1920.1
1423490 1914.0
1423500 1914.0
1423510 1904.1
1423520 1898.5
1423530 1894.4
1423540 1894.4
1423550 1890.3
1423560 1884.9
1423570 1884.9
1423580 1882.6
1423590 1877.9
1423600 1877.9
1423610 1874.2
1423620 1870.3
1423630 1870.3
1423640 1867.4
1423650 1868.4
1423660 1868.4
1423670 1870.2
1423680 1872.1
1423690 1872.1
1423700 1876.4
1423710 1881.0
1423720 1881.0
1423730 1890.5
1423740 1903.2
1423750 1903.2
1423760 1911.0
1423770 1919.6
1423780 1919.6
1423790 1926.4
1423800 1932.3
1423810 1932.3
1423820 1930.5
1423830 1926.3
1423840 1926.3
1423850 1928.2
1423860 1931.6
1423870 1931.6
1423880 1934.4
1423890 1928.6
1423900 1926.6
1423910 1926.6
1423920 1927.3
1423930 1935.6
1423940 1935.6
1423950 1941.7
1423960 1945.9
1423970 1945.9
1423980 1951.1
1423990 1953.2
1424000 1953.2
1424010 1951.2
1424020 1951.4
1424030 1951.4
1424040 1954.6
1424050 1952.1
1424060 1952.1
1424070 1949.0
1424080 1945.3
1424090 1945.3
1424100 1937.7
1424110 1931.1
1424120 1931.1
1424130 1928.9
1424140 1925.1
1424150 1925.1
1424160 1922.9
1424170 1925.6
1424180 1925.6
1424190 1927.6
1424200 1929.4
1424210 1929.4
1424220 1939.7
1424230 1945.3
1424240 1945.3
1424250 1949.1
1424260 1956.2
1424270 1956.2
1424280 1958.2
1424290 1962.7
1424300 1963.7
1424310 1963.7
1424320 1969.1
1424330 1972.2
1424340 1972.2
1424350 1972.8
1424360 1975.9
1424370 1975.9
1424380 1985.6
1424390 1991.3
1424400 1991.3
1424410 1990.8
1424420 1987.7
1424430 1987.7
1424440 1987.9
1424450 1993.9
1424460 1993.9
1424470 1995.2
1424480 1997.2
1424490 1997.2
1424500 1999.0
1424510 2000.3
1424520 2000.3
1424530 2002.2
1424540 2004.2
1424550 2004.2
1424560 2004.6
1424570 2010.8
1424580 2010.8
1424590 2016.1
1424600 2020.9
1424610 2020.9
1424620 2026.0
1424630 2032.6
1424640 2032.6
1424650 2042.8
1424660 2054.7
1424670 2054.7
1424680 2059.3
1424690 2060.0
1424700 2059.4
1424710 2059.4
1424720 2062.0
1424730 2065.1
1424740 2065.1
1424750 2067.7
1424760 2071.0
1424770 2071.0
1424780 2074.5
1424790 2076.5
1424800 2076.5
1424810 2076.7
1424820 2076.5
1424830 2076.5
1424840 2075.8
1424850 2074.9
1424860 2074.9
1424870 2073.9
1424880 2071.1
1424890 2071.1
1424900 2062.3
1424910 2052.7
1424920 2052.7
1424930 2042.7
1424940 2033.2
1424950 2033.2
1424960 2025.6
1424970 2020.2
1424980 2020.2
1424990 2018.5
1425000 2016.0
1425010 2016.0
1425020 2014.1
1425030 2009.3
1425040 2009.3
1425050 2005.1
1425060 2001.9
1425070 2001.1
1425080 2001.1
1425090 2001.6
1425100 2000.8
1425110 2000.8
1425120 2008.0
1425130 2013.7
1425140 2013.7
1425150 2017.8
1425160 2020.9
1425170 2020.9
1425180 2026.6
1425190 2028.9
1425200 2028.9
1425210 2032.5
1425220 2037.1
1425230 2037.1
1425240 2040.3
1425250 2040.0
1425260 2040.0
1425270 2038.9
1425280 2040.7
1425290 2040.7
1425300 2045.7
1425310 2050.7
1425320 2050.7
1425330 2054.8
1425340 2056.6
1425350 2056.6
1425360 2053.6
1425370 2048.8
1425380 2048.8
1425390 2044.3
1425400 2040.7
1425410 2040.7
1425420 2036.5
1425430 2035.6
1425440 2035.6
1425450 2032.8
1425460 2030.7
1425470 2028.6
1425480 2028.6
1425490 2027.7
1425500 2027.9
1425510 2027.9
1425520 2029.9
1425530 2029.6
1425540 2029.6
1425550 2028.1
1425560 2026.6
1425570 2026.6
1425580 2028.2
1425590 2027.1
1425600 2027.1
1425610 2027.5
1425620 2028.4
1425630 2028.4
1425640 2029.3
1425650 2030.1
1425660 2030.1
1425670 2030.3
1425680 2029.8
1425690 2029.8
1425700 2029.0
1425710 2028.0
1425720 2028.0
1425730 2026.8
1425740 2027.6
1425750 2027.6
1427270 2011.1
1427280 2012.7
1427290 2012.7
1427300 2015.3
1427310 2017.1
1427320 2017.1
1427330 2018.7
1427340 2021.5
1427350 2021.5
1427360 2024.0
1427370 2026.4
1427380 2026.4
1427390 2029.2
1427400 2030.6
1427410 2030.6
1427420 2018.4
1427430 2005.8
1427440 1995.6
1427450 1995.6
1427460 1992.1
1427470 1986.9
1427480 1986.9
1427490 1981.1
1427500 1972.9
1427510 1972.9
1427520 1963.2
1427530 1964.9
1427540 1964.9
1427550 1973.8
1427560 1971.8
1427570 1971.8
1427580 1964.2
