1420000 954.9
1420010 954.9
1420020 956.3
1420030 958.1
1420040 958.1
1420050 960.6
1420060 964.3
1420070 964.3
1420080 968.2
1420090 971.6
1420100 971.6
1420110 975.6
1420120 979.2
1420130 979.2
1420140 982.8
1420150 987.2
1420160 987.2
1420170 991.9
1420180 997.3
1420190 997.3
1420200 1002.6
1420210 1008.2
1420220 1008.2
1420230 1013.3
1420240 1019.0
1420250 1026.5
1420260 1026.5
1420270 1034.7
1420280 1037.7
1420290 1037.7
1420300 1040.2
1420310 1041.9
1420320 1041.9
1420330 1046.5
1420340 1047.5
1420350 1047.5
1420360 1046.2
1420370 1044.1
1420380 1044.1
1420390 1042.9
1420400 1042.7
1420410 1042.7
1420420 1042.2
1420430 1041.8
1420440 1041.8
1420450 1042.2
1420460 1043.8
1420470 1043.8
1420480 1046.0
1420490 1048.8
1420500 1048.8
1420510 1052.4
1420520 1056.3
1420530 1056.3
1420540 1059.7
1420550 1063.7
1420560 1063.7
1420570 1067.7
1420580 1072.0
1420590 1072.0
1420600 1076.7
1420610 1081.3
1420620 1081.3
1420630 1085.7
1420640 1088.8
1420650 1091.9
1420660 1091.9
1420670 1096.7
1420680 1103.7
1420690 1103.7
1420700 1109.5
1420710 1115.1
1420720 1115.1
1420730 1121.6
1420740 1127.1
1420750 1127.1
1420760 1132.3
1420770 1139.2
1420780 1139.2
1420790 1145.6
1420800 1149.0
1420810 1149.0
1420820 1153.2
1420830 1158.8
1420840 1158.8
1420850 1166.2
1420860 1178.4
1420870 1178.4
1420880 1192.5
1420890 1202.0
1420900 1202.0
1420910 1209.5
1420920 1218.2
1420930 1218.2
1420940 1228.7
1420950 1236.4
1420960 1236.4
1420970 1244.7
1420980 1252.5
1420990 1252.5
1421000 1259.3
1421010 1265.3
1421020 1265.3
1421030 1270.1
1421040 1274.3
1421050 1274.1
1421060 1274.1
1421070 1273.2
1421080 1274.2
1421090 1274.2
1421100 1274.1
1421110 1274.5
1421120 1274.5
1421130 1276.1
1421140 1277.8
1421150 1277.8
1421160 1279.8
1421170 1282.7
1421180 1282.7
1421190 1285.9
1421200 1289.8
1421210 1289.8
1421220 1298.5
1421230 1301.8
1421240 1301.8
1421250 1305.9
1421260 1309.8
1421270 1309.8
1421280 1313.3
1421290 1314.8
1421300 1314.8
1421310 1316.0
1421320 1321.1
1421330 1321.1
1421340 1326.0
1421350 1330.4
1421360 1330.4
1421370 1334.4
1421380 1341.1
1421390 1341.1
1421400 1348.4
1421410 1354.4
1421420 1354.4
1421430 1359.3
1421440 1363.8
1421450 1369.9
1421460 1369.9
1421470 1379.1
1421480 1406.4
1421490 1406.4
1421500 1425.7
1421510 1433.5
1421520 1433.5
1421530 1435.6
1421540 1435.1
1421550 1435.1
1421560 1444.7
1421570 1458.7
1421580 1458.7
1421590 1469.4
1421600 1474.3
1421610 1474.3
1421620 1481.7
1421630 1489.5
1421640 1489.5
1421650 1495.1
1421660 1511.3
1421670 1511.3
1421680 1539.0
1421690 1560.4
1421700 1560.4
1421710 1593.1
1421720 1628.0
1421730 1628.0
1421740 1652.8
1421750 1672.6
1421760 1672.6
1421770 1672.1
1421780 1675.0
1421790 1675.0
1421800 1695.4
1421810 1714.7
1421820 1714.7
1421830 1717.6
1421840 1701.7
1421850 1705.5
1421860 1705.5
1421870 1700.8
1421880 1689.9
1421890 1689.9
1421900 1675.5
1421910 1660.7
1421920 1660.7
1421930 1647.5
1421940 1650.0
1421950 1650.0
1421960 1666.3
1421970 1696.3
1421980 1696.3
1421990 1727.9
1422000 1747.7
1422010 1747.7
1422020 1759.9
1422030 1772.0
1422040 1772.0
1422050 1778.0
1422060 1778.2
1422070 1778.2
1422080 1774.1
1422090 1778.2
1422100 1778.2
1422110 1786.4
1422120 1790.7
1422130 1790.7
1422140 1797.6
1422150 1802.1
1422160 1802.1
1422170 1803.6
1422180 1807.2
1422190 1807.2
1422200 1815.1
1422210 1818.8
1422220 1818.8
1422230 1821.2
1422240 1825.3
1422250 1831.9
1422260 1831.9
1422270 1841.0
1422280 1848.0
1422290 1848.0
1422300 1855.0
1422310 1854.9
1422320 1854.9
1422330 1844.8
1422340 1823.8
1422350 1823.8
1422360 1808.4
1422370 1798.0
1422380 1798.0
1422390 1780.2
1422400 1758.3
1422410 1758.3
1422420 1745.6
1422430 1734.2
1422440 1734.2
1422450 1728.8
1422460 1726.7
1422470 1726.7
1422480 1726.0
1422490 1728.0
1422500 1728.0
1422510 1730.9
1422520 1734.4
1422530 1734.4
1422540 1748.3
1422550 1785.7
1422560 1785.7
1422570 1809.7
1422580 1811.2
1422590 1811.2
1422600 1810.3
1422610 1810.1
1422620 1810.1
1422630 1810.5
1422640 1810.0
1422650 1809.4
1422660 1809.4
1422670 1807.9
1422680 1805.3
1422690 1805.3
1422700 1801.7
1422710 1797.4
1422720 1797.4
1422730 1793.9
1422740 1791.0
1422750 1791.0
1422760 1787.4
1422770 1784.8
1422780 1784.8
1422790 1782.4
1422800 1779.5
1422810 1779.5
1422820 1777.3
1422830 1775.4
1422840 1775.4
1422850 1773.3
1422860 1770.7
1422870 1770.7
1422880 1767.7
1422890 1767.0
1422900 1767.0
1422910 1766.6
1422920 1765.4
1422930 1765.4
1422940 1764.1
1422950 1762.3
1422960 1762.3
1422970 1760.8
1422980 1759.2
1422990 1759.2
1423000 1756.7
1423010 1754.8
1423020 1754.8
1423030 1753.2
1423040 1753.3
1423050 1753.4
1423060 1753.4
1423070 1753.5
1423080 1754.0
1423090 1754.0
1423100 1755.3
1423110 1756.7
1423120 1756.7
1423130 1758.5
1423140 1760.0
1423150 1760.0
1423160 1761.9
1423170 1763.5
1423180 1763.5
1423190 1766.0
1423200 1767.2
1423210 1767.2
1423220 1765.5
1423230 1765.7
1423240 1765.7
1423250 1762.9
1423260 1755.2
1423270 1755.2
1423280 1744.0
1423290 1738.6
1423300 1738.6
1423310 1728.1
1423320 1708.7
1423330 1708.7
1423340 1683.0
1423350 1668.2
1423360 1668.2
1423370 1662.8
1423380 1658.1
1423390 1658.1
1423400 1653.7
1423410 1648.5
1423420 1648.5
1423430 1644.4
1423440 1640.3
1423450 1636.9
1423460 1636.9
1423470 1633.7
1423480 1631.8
1423490 1631.8
1423500 1631.0
1423510 1628.9
1423520 1628.9
1423530 1626.5
1423540 1623.8
1423550 1623.8
1423560 1620.8
1423570 1618.1
1423580 1618.1
1423590 1614.2
1423600 1610.9
1423610 1610.9
1423620 1608.2
1423630 1605.9
1423640 1605.9
1423650 1606.0
1423660 1606.8
1423670 1606.8
1423680 1604.3
1423690 1600.8
1423700 1600.8
1423710 1598.1
1423720 1596.0
1423730 1596.0
1423740 1594.0
1423750 1592.6
1423760 1592.6
1423770 1591.8
1423780 1589.7
1423790 1589.7
1423800 1588.5
1423810 1587.6
1423820 1587.6
1423830 1586.4
1423840 1583.7
1423850 1580.9
1423860 1580.9
1423870 1579.3
1423880 1578.7
1423890 1578.7
1423900 1577.7
1423910 1577.0
1423920 1577.0
1423930 1576.0
1423940 1574.6
1423950 1574.6
1423960 1573.5
1423970 1570.2
1423980 1570.2
1423990 1567.1
1424000 1564.8
1424010 1564.8
1424020 1563.6
1424030 1562.7
1424040 1562.7
1424050 1562.0
1424060 1562.6
1424070 1562.6
1424080 1564.7
1424090 1568.1
1424100 1568.1
1424110 1571.4
1424120 1573.2
1424130 1573.2
1424140 1574.0
1424150 1574.7
1424160 1574.7
1424170 1574.4
1424180 1572.6
1424190 1572.6
1424200 1571.1
1424210 1570.6
1424220 1570.6
1424230 1570.6
1424240 1569.6
1424250 1567.9
1424260 1567.9
1424270 1566.1
1424280 1564.1
1424290 1564.1
1424300 1562.0
1424310 1559.9
1424320 1559.9
1424330 1556.3
1424340 1554.0
1424350 1554.0
1424360 1552.1
1424370 1549.9
1424380 1549.9
1424390 1548.3
1424400 1546.3
1424410 1546.3
1424420 1545.1
1424430 1544.4
1424440 1544.4
1424450 1543.0
1424460 1542.9
1424470 1542.9
1424480 1543.9
1424490 1544.4
1424500 1544.4
1424510 1544.3
1424520 1542.9
1424530 1542.9
1424540 1541.8
1424550 1540.7
1424560 1540.7
1424570 1540.4
1424580 1540.7
1424590 1540.7
1424600 1541.3
1424610 1541.5
1424620 1541.5
1424630 1541.3
1424640 1541.2
1424650 1540.7
1424660 1540.7
1424670 1540.2
1424680 1539.8
1424690 1539.8
1424700 1539.6
1424710 1539.5
1424720 1539.5
1424730 1538.7
1424740 1538.3
1424750 1538.3
1424760 1538.8
1424770 1541.1
1424780 1541.1
1424790 1544.2
1424800 1548.7
1424810 1548.7
1424820 1555.7
1424830 1558.3
1424840 1558.3
1424850 1560.0
1424860 1559.5
1424870 1559.5
1424880 1558.0
1424890 1558.4
1424900 1558.4
1424910 1559.6
1424920 1555.8
1424930 1555.8
1424940 1554.1
1424950 1554.1
1424960 1554.1
1424970 1554.2
1424980 1557.8
1424990 1557.8
1425000 1565.2
1425010 1568.7
1425020 1568.7
1425030 1570.8
1425040 1574.0
1425050 1578.7
1425060 1578.7
1425070 1578.4
1425080 1578.4
1425090 1578.4
1425100 1579.2
1425110 1580.7
1425120 1580.7
1425130 1581.2
1425140 1582.3
1425150 1582.3
1425160 1583.5
1425170 1586.7
1425180 1586.7
1425190 1588.7
1425200 1589.3
1425210 1589.3
1425220 1589.2
1425230 1587.5
1425240 1587.5
1425250 1584.2
1425260 1584.3
1425270 1584.3
1425280 1583.9
1425290 1583.3
1425300 1583.3
1425310 1585.4
1425320 1587.1
1425330 1587.1
1425340 1588.8
1425350 1592.1
1425360 1592.1
1425370 1593.4
1425380 1596.3
1425390 1596.3
1425400 1599.3
1425410 1603.2
1425420 1603.2
1425430 1605.1
1425440 1609.3
1425450 1611.2
1425460 1611.2
