1420000 954.7
1420010 954.7
1420020 959.0
1420030 963.1
1420040 963.1
1420050 966.8
1420060 969.9
1420070 969.9
1420080 972.8
1420090 976.4
1420100 976.4
1420110 980.1
1420120 984.5
1420130 984.5
1420140 989.8
1420150 994.8
1420160 994.8
1420170 999.4
1420180 1003.9
1420190 1008.6
1420200 1008.6
1420210 1013.7
1420220 1018.8
1420230 1018.8
1420240 1023.9
1420250 1028.0
1420260 1028.0
1420270 1031.8
1420280 1036.6
1420290 1036.6
1420300 1041.9
1420310 1045.8
1420320 1045.8
1420330 1048.3
1420340 1052.2
1420350 1052.2
1420360 1057.9
1420370 1063.1
1420380 1063.1
1420390 1068.2
1420400 1071.8
1420410 1071.8
1420420 1074.4
1420430 1076.1
1420440 1076.1
1420450 1076.1
1420460 1074.1
1420470 1074.1
1420480 1072.2
1420490 1072.9
1420500 1072.9
1420510 1074.5
1420520 1076.2
1420530 1076.2
1420540 1078.8
1420550 1083.3
1420560 1083.3
1420570 1089.2
1420580 1095.1
1420590 1101.2
1420600 1101.2
1420610 1107.5
1420620 1112.8
1420630 1112.8
1420640 1117.0
1420650 1120.7
1420660 1120.7
1420670 1124.7
1420680 1124.1
1420690 1124.1
1420700 1127.9
1420710 1132.7
1420720 1132.7
1420730 1138.7
1420740 1144.9
1420750 1144.9
1420760 1150.6
1420770 1156.2
1420780 1156.2
1420790 1162.2
1420800 1169.6
1420810 1169.6
1420820 1176.2
1420830 1182.5
1420840 1182.5
1420850 1188.5
1420860 1194.3
1420870 1194.3
1420880 1200.4
1420890 1206.9
1420900 1206.9
1420910 1214.2
1420920 1222.4
1420930 1222.4
1420940 1228.0
1420950 1230.8
1420960 1230.8
1420970 1234.6
1420980 1238.5
1420990 1243.0
1421000 1243.0
1421010 1246.1
1421020 1243.8
1421030 1243.8
1421040 1241.8
1421050 1241.0
1421060 1241.0
1421070 1240.5
1421080 1239.7
1421090 1239.7
1421100 1241.0
1421110 1243.0
1421120 1243.0
1421130 1247.0
1421140 1251.8
1421150 1251.8
1421160 1254.8
1421170 1256.5
1421180 1256.5
1421190 1259.0
1421200 1262.1
1421210 1262.1
1421220 1263.6
1421230 1265.3
1421240 1265.3
1421250 1268.2
1421260 1271.7
1421270 1271.7
1421280 1276.5
1421290 1282.0
1421300 1282.0
1421310 1288.2
1421320 1296.5
1421330 1296.5
1421340 1304.6
1421350 1312.3
1421360 1312.3
1421370 1318.3
1421380 1324.8
1421390 1330.6
1421400 1330.6
1421410 1337.0
1421420 1343.0
1421430 1343.0
1421440 1349.1
1421450 1355.3
1421460 1355.3
1421470 1361.8
1421480 1367.6
1421490 1367.6
1421500 1373.0
1421510 1377.4
1421520 1377.4
1421530 1381.0
1421540 1387.5
1421550 1387.5
1421560 1399.1
1421570 1406.8
1421580 1406.8
1421590 1413.6
1421600 1421.9
1421610 1421.9
1421620 1435.9
1421630 1439.6
1421640 1439.6
1421650 1449.3
1421660 1461.5
1421670 1461.5
1421680 1464.7
1421690 1466.3
1421700 1466.3
1421710 1467.9
1421720 1469.7
1421730 1469.7
1421740 1477.4
1421750 1475.7
1421760 1475.7
1421770 1475.1
1421780 1485.4
1421790 1490.4
1421800 1490.4
1421810 1485.8
1421820 1485.0
1421830 1485.0
1421840 1494.7
1421850 1515.9
1421860 1515.9
1421870 1529.0
1421880 1539.5
1421890 1539.5
1421900 1556.1
1421910 1568.5
1421920 1568.5
1421930 1580.5
1421940 1589.0
1421950 1589.0
1421960 1596.0
1421970 1606.8
1421980 1606.8
1421990 1618.3
1422000 1636.1
1422010 1636.1
1422020 1650.9
1422030 1658.6
1422040 1658.6
1422050 1679.2
1422060 1698.3
1422070 1698.3
1422080 1719.9
1422090 1744.2
1422100 1744.2
1422110 1776.1
1422120 1804.7
1422130 1804.7
1422140 1820.1
1422150 1831.4
1422160 1831.4
1422170 1841.2
1422180 1849.6
1422190 1854.6
1422200 1854.6
1422210 1859.9
1422220 1863.1
1422230 1863.1
1422240 1830.9
1422250 1795.3
1422260 1795.3
1422270 1778.9
1422280 1757.2
1422290 1757.2
1422300 1741.1
1422310 1725.0
1422320 1725.0
1422330 1715.3
1422340 1710.8
1422350 1710.8
1422360 1716.1
1422370 1703.1
1422380 1703.1
1422390 1683.1
1422400 1678.1
1422410 1678.1
1422420 1675.4
1422430 1674.8
1422440 1674.8
1422450 1674.8
1422460 1675.6
1422470 1675.6
1422480 1678.0
1422490 1680.6
1422500 1680.6
1422510 1684.2
1422520 1687.1
1422530 1687.1
1422540 1690.6
1422550 1694.5
1422560 1694.5
1422570 1698.5
1422580 1705.1
1422590 1722.4
1422600 1722.4
1422610 1748.3
1422620 1788.0
1422630 1788.0
1422640 1821.4
1422650 1836.0
1422660 1836.0
1422670 1834.7
1422680 1830.2
1422690 1830.2
1422700 1827.0
1422710 1823.4
1422720 1820.7
1422730 1817.0
1422740 1813.4
1422750 1813.4
1422760 1809.1
1422770 1805.2
1422780 1805.2
1422790 1801.9
1422800 1798.7
1422810 1798.7
1422820 1795.5
1422830 1792.0
1422840 1792.0
1422850 1788.7
1422860 1786.3
1422870 1786.3
1422880 1784.0
1422890 1781.9
1422900 1781.9
1422910 1779.1
1422920 1777.1
1422930 1777.1
1422940 1775.9
1422950 1774.4
1422960 1774.4
1422970 1773.0
1422980 1772.1
1422990 1770.3
1423000 1770.3
1423010 1770.1
1423020 1770.4
1423030 1770.4
1423040 1771.4
1423050 1771.9
1423060 1771.9
1423070 1772.7
1423080 1774.5
1423090 1774.5
1423100 1776.7
1423110 1778.8
1423120 1778.8
1423130 1780.0
1423140 1781.3
1423150 1781.3
1423160 1782.4
1423170 1782.8
1423180 1782.8
1423190 1784.2
1423200 1785.6
1423210 1785.6
1423220 1785.2
1423230 1780.3
1423240 1780.3
1423250 1773.7
1423260 1767.2
1423270 1767.2
1423280 1760.8
1423290 1755.1
1423300 1755.1
1423310 1748.3
1423320 1740.4
1423330 1740.4
1423340 1732.3
1423350 1723.0
1423360 1723.0
1423370 1709.8
1423380 1706.1
1423390 1698.6
1423400 1698.6
1423410 1689.7
1423420 1686.8
1423430 1686.8
1423440 1680.7
1423450 1677.7
1423460 1677.7
1423470 1673.9
1423480 1671.2
1423490 1671.2
1423500 1667.4
1423510 1663.1
1423520 1663.1
1423530 1660.7
1423540 1659.3
1423550 1659.3
1423560 1658.6
1423570 1658.8
1423580 1658.8
1423590 1660.1
1423600 1661.6
1423610 1661.6
1423620 1659.7
1423630 1653.4
1423640 1653.4
1423650 1644.7
1423660 1641.8
1423670 1641.8
1423680 1640.0
1423690 1639.1
1423700 1639.1
1423710 1637.3
1423720 1634.4
1423730 1634.4
1423740 1632.9
1423750 1631.0
1423760 1631.0
1423770 1627.6
1423780 1624.7
1423790 1621.2
1423800 1621.2
1423810 1617.5
1423820 1614.7
1423830 1614.7
1423840 1611.4
1423850 1608.1
1423860 1608.1
1423870 1605.6
1423880 1603.3
1423890 1603.3
1423900 1601.5
1423910 1600.3
1423920 1600.3
1423930 1599.3
1423940 1598.6
1423950 1598.6
1423960 1599.2
1423970 1600.3
1423980 1600.3
1423990 1600.7
1424000 1599.1
1424010 1599.1
1424020 1597.8
1424030 1596.4
1424040 1596.4
1424050 1595.2
1424060 1595.0
1424070 1595.0
1424080 1595.6
1424090 1594.6
1424100 1594.6
1424110 1594.8
1424120 1592.6
1424130 1592.6
1424140 1590.2
1424150 1588.6
1424160 1588.6
1424170 1589.0
1424180 1589.5
1424190 1587.6
1424200 1587.6
1424210 1586.8
1424220 1586.3
1424230 1586.3
1424240 1586.2
1424250 1587.1
1424260 1587.1
1424270 1587.2
1424280 1586.7
1424290 1586.7
1424300 1585.8
1424310 1584.9
1424320 1584.9
1424330 1581.0
1424340 1578.4
1424350 1578.4
1424360 1580.5
1424370 1581.7
1424380 1581.7
1424390 1584.8
1424400 1587.2
1424410 1587.2
1424420 1586.1
1424430 1583.4
1424440 1583.4
1424450 1578.5
1424460 1569.5
1424470 1569.5
1424480 1567.4
1424490 1567.1
1424500 1567.1
1424510 1568.5
1424520 1565.0
1424530 1565.0
1424540 1561.8
1424550 1559.9
1424560 1559.9
1424570 1558.4
1424580 1556.3
1424590 1554.9
1424600 1554.9
1424610 1553.4
1424620 1552.5
1424630 1552.5
1424640 1551.6
1424650 1550.5
1424660 1550.5
1424670 1548.7
1424680 1546.6
1424690 1546.6
1424700 1545.1
1424710 1542.7
1424720 1542.7
1424730 1541.7
1424740 1541.2
1424750 1541.2
1424760 1540.4
1424770 1541.7
1424780 1541.7
1424790 1543.7
1424800 1544.4
1424810 1544.4
1424820 1545.4
1424830 1552.7
1424840 1552.7
1424850 1553.7
1424860 1557.6
1424870 1557.6
1424880 1558.1
1424890 1560.0
1424900 1560.0
1424910 1561.0
1424920 1559.8
1424930 1559.8
1424940 1561.9
1424950 1565.8
1424960 1565.8
1424970 1569.7
1424980 1570.9
1424990 1571.3
1425000 1571.3
1425010 1572.6
1425020 1575.5
1425030 1575.5
1425040 1574.6
1425050 1576.2
1425060 1576.2
1425070 1579.2
1425080 1581.9
1425090 1581.9
1425100 1585.2
1425110 1586.2
1425120 1586.2
1425130 1588.0
1425140 1591.2
1425150 1591.2
1425160 1594.0
1425170 1594.8
1425180 1594.8
1425190 1593.7
1425200 1592.0
1425210 1592.0
1425220 1590.1
1425230 1585.6
1425240 1585.6
1425250 1582.8
1425260 1581.9
1425270 1581.9
1425280 1584.0
1425290 1589.7
1425300 1589.7
