1420000 980.2
1420010 982.1
1420020 983.3
1420030 983.3
1420040 985.5
1420050 989.0
1420060 989.0
1420070 992.0
1420080 993.9
1420090 994.9
1420100 994.9
1420110 995.8
1420120 997.2
1420130 997.2
1420140 999.5
1420150 1003.2
1420160 1003.2
1420170 1007.1
1420180 1008.8
1420190 1008.8
1420200 1010.8
1420210 1010.3
1420220 1010.3
1420230 1009.2
1420240 1011.1
1420250 1011.1
1420260 1015.3
1420270 1018.5
1420280 1018.5
1420290 1019.7
1420300 1020.1
1420310 1020.1
1420320 1022.9
1420330 1027.9
1420340 1027.9
1420350 1031.9
1420360 1034.9
1420370 1034.9
1420380 1039.4
1420390 1045.5
1420400 1045.5
1420410 1052.1
1420420 1058.9
1420430 1058.9
1420440 1065.9
1420450 1071.7
1420460 1071.7
1420470 1075.6
1420480 1079.0
1420490 1081.9
1420500 1081.9
1420510 1086.1
1420520 1091.0
1420530 1091.0
1420540 1095.8
1420550 1101.5
1420560 1101.5
1420570 1107.5
1420580 1113.4
1420590 1113.4
1420600 1118.4
1420610 1123.3
1420620 1123.3
1420630 1128.9
1420640 1134.8
1420650 1134.8
1420660 1140.2
1420670 1145.7
1420680 1145.7
1420690 1151.3
1420700 1156.6
1420710 1156.6
1420720 1161.9
1420730 1167.9
1420740 1167.9
1420750 1174.1
1420760 1180.9
1420770 1180.9
1420780 1188.7
1420790 1195.8
1420800 1195.8
1420810 1196.9
1420820 1196.0
1420830 1196.0
1420840 1195.2
1420850 1201.9
1420860 1201.9
1420870 1207.9
1420880 1209.6
1420890 1215.6
1420900 1215.6
1420910 1216.2
1420920 1223.6
1420930 1223.6
1420940 1235.4
1420950 1246.8
1420960 1246.8
1420970 1249.3
1420980 1238.1
1420990 1238.1
1421000 1225.3
1421010 1236.0
1421020 1236.0
1421030 1248.4
1421040 1243.9
1421050 1243.9
1421060 1242.6
1421070 1249.5
1421080 1249.5
1421090 1258.5
1421100 1268.4
1421110 1268.4
1421120 1277.2
1421130 1278.5
1421140 1278.5
1421150 1279.2
1421160 1290.9
1421170 1290.9
1421180 1310.5
1421190 1317.1
1421200 1317.1
1421210 1320.1
1421220 1337.2
1421230 1337.2
1421240 1358.7
1421250 1368.3
1421260 1368.3
1421270 1377.5
1421280 1385.5
1421290 1393.9
1421300 1393.9
1421310 1405.0
1421320 1419.1
1421330 1419.1
1421340 1436.8
1421350 1458.0
1421360 1458.0
1421370 1471.6
1421380 1481.8
1421390 1477.8
1421400 1488.5
1421410 1500.1
1421420 1500.1
1421430 1511.0
1421440 1519.4
1421450 1519.4
1421460 1527.1
1421470 1535.0
1421480 1535.0
1421490 1548.1
1421500 1568.6
1421510 1568.6
1421520 1588.3
1421530 1603.0
1421540 1603.0
1421550 1615.9
1421560 1631.3
1421570 1631.3
1421580 1633.6
1421590 1641.8
1421600 1641.8
1421610 1650.4
1421620 1655.4
1421630 1655.4
1421640 1658.6
1421650 1649.0
1421660 1649.0
1421670 1631.5
1421680 1623.1
1421690 1592.1
1421700 1592.1
1421710 1590.0
1421720 1589.3
1421730 1589.3
1421740 1582.2
1421750 1579.5
1421760 1579.5
1421770 1595.0
1421780 1599.0
1421790 1599.0
1421800 1602.4
1421810 1607.4
1421820 1607.4
1421830 1614.3
1421840 1618.8
1421850 1618.8
1421860 1618.5
1421870 1623.4
1421880 1623.4
1421890 1626.8
1421900 1637.4
1421910 1637.4
1421920 1651.7
1421930 1663.3
1421940 1663.3
1421950 1668.5
1421960 1660.8
1421970 1660.8
1421980 1633.2
1421990 1616.0
1422000 1616.0
1422010 1602.4
1422020 1591.6
1422030 1591.6
1422040 1577.2
1422050 1570.9
1422060 1570.9
1422070 1569.3
1422080 1570.4
1422090 1573.4
1422100 1573.4
1422110 1580.5
1422120 1593.3
1422130 1593.3
1422140 1603.9
1422150 1611.4
1422160 1611.4
1422170 1621.4
1422180 1629.8
1422190 1629.8
1422200 1636.9
1422210 1646.4
1422220 1646.4
1422230 1654.5
1422240 1666.5
1422250 1666.5
1422260 1682.5
1422270 1690.5
1422280 1690.5
1422290 1694.9
1422300 1698.5
1422310 1698.5
1422320 1703.1
1422330 1707.5
1422340 1707.5
1422350 1711.0
1422360 1713.8
1422370 1713.8
1422380 1715.9
1422390 1719.6
1422400 1719.6
1422410 1719.8
1422420 1719.1
1422430 1719.1
1422440 1716.8
1422450 1714.0
1422460 1714.0
1422470 1710.5
1422480 1701.8
1422490 1692.3
1422500 1692.3
1422510 1684.4
1422520 1676.4
1422530 1676.4
1422540 1666.7
1422550 1657.4
1422560 1657.4
1422570 1652.2
1422580 1647.3
1422590 1647.3
1422600 1642.2
1422610 1637.8
1422620 1637.8
1422630 1634.6
1422640 1631.2
1422650 1631.2
1422660 1628.1
1422670 1624.9
1422680 1624.9
1422690 1621.5
1422700 1617.9
1422710 1617.9
1422720 1615.6
1422730 1614.2
1422740 1614.2
1422750 1612.9
1422760 1611.2
1422770 1611.2
1422780 1609.6
1422790 1607.4
1422800 1607.4
1422810 1606.9
1422820 1607.6
1422830 1607.6
1422840 1607.6
1422850 1606.6
1422860 1606.6
1422870 1605.5
1422880 1606.2
1422890 1609.3
1422900 1609.3
1422910 1609.3
1422920 1608.9
1422930 1608.9
1422940 1610.9
1422950 1612.3
1422960 1612.3
1422970 1614.2
1422980 1614.7
1422990 1614.7
1423000 1615.5
1423010 1617.3
1423020 1617.3
1423030 1618.7
1423040 1623.3
1423050 1623.3
1423060 1626.5
1423070 1629.2
1423080 1629.2
1423090 1631.6
1423100 1634.1
1423110 1634.1
1423120 1635.2
1423130 1636.1
1423140 1636.1
1423150 1638.2
1423160 1637.2
1423170 1637.2
1423180 1635.6
1423190 1633.7
1423200 1633.7
1423210 1631.9
1423220 1630.0
1423230 1630.0
1423240 1628.5
1423250 1626.5
1423260 1626.5
1423270 1621.7
1423280 1607.7
1423290 1601.8
1423300 1601.8
1423310 1599.1
1423320 1598.4
1423330 1598.4
1423340 1597.5
1423350 1597.3
1423360 1597.3
1423370 1595.1
1423380 1591.9
1423390 1591.9
1423400 1590.5
1423410 1590.6
1423420 1590.6
1423430 1592.6
1423440 1593.8
1423450 1595.7
1423460 1596.3
1423470 1598.2
1423480 1598.2
1423490 1600.0
1423500 1600.4
1423510 1600.4
1423520 1600.4
1423530 1600.6
1423540 1600.6
1423550 1599.1
1423560 1596.7
1423570 1596.7
1423580 1592.2
1423590 1586.5
1423600 1586.5
1423610 1585.3
1423620 1580.0
1423630 1580.0
1423640 1575.0
1423650 1572.0
1423660 1572.0
1423670 1570.7
1423680 1566.4
1423690 1563.4
1423700 1563.4
1423710 1562.9
1423720 1561.4
1423730 1561.4
1423740 1561.2
1423750 1561.3
1423760 1561.3
1423770 1562.1
1423780 1563.2
1423790 1563.2
1423800 1561.9
1423810 1558.8
1423820 1558.8
1423830 1557.5
1423840 1557.5
1423850 1557.5
1423860 1558.7
1423870 1556.9
1423880 1556.9
1423890 1556.4
1423900 1557.7
1423910 1557.7
1423920 1560.2
1423930 1563.7
1423940 1563.7
1423950 1570.7
1423960 1577.2
1423970 1577.2
1423980 1580.8
1423990 1582.1
1424000 1582.1
1424010 1581.2
1424020 1583.8
1424030 1583.8
1424040 1585.9
1424050 1585.2
1424060 1585.2
1424070 1583.3
1424080 1581.2
1424090 1578.7
1424100 1578.7
1424110 1577.5
1424120 1576.6
1424130 1576.6
1424140 1573.9
1424150 1572.0
1424160 1572.0
1424170 1571.4
1424180 1573.3
1424190 1573.3
1424200 1574.2
1424210 1575.4
1424220 1575.4
1424230 1577.8
1424240 1579.3
1424250 1579.3
1424260 1579.9
1424270 1579.3
1424280 1579.3
1424290 1577.0
1424300 1573.3
1424310 1573.3
1424320 1566.8
1424330 1559.3
1424340 1559.3
1424350 1552.3
1424360 1549.3
1424370 1549.3
1424380 1547.0
1424390 1544.1
1424400 1544.1
1424410 1540.7
1424420 1537.6
1424430 1537.6
1424440 1534.7
1424450 1532.8
1424460 1532.8
1424470 1532.1
1424480 1531.3
1424490 1530.4
1424500 1530.4
1424510 1529.6
1424520 1528.8
1424530 1528.8
1424540 1527.9
1424550 1527.3
1424560 1527.3
1424570 1527.2
1424580 1527.7
1424590 1527.7
1424600 1527.5
1424610 1527.5
1424620 1527.5
1424630 1527.6
1424640 1527.5
1424650 1527.5
1424660 1527.6
1424670 1527.4
1424680 1527.4
1424690 1527.2
1424700 1527.0
1424710 1527.0
1424720 1526.3
1424730 1528.7
1424740 1528.7
1424750 1535.6
1424760 1537.0
1424770 1537.0
1424780 1537.2
1424790 1535.5
1424800 1535.5
1424810 1536.4
1424820 1540.7
1424830 1540.7
1424840 1543.9
1424850 1552.4
1424860 1552.4
1424870 1563.0
1424880 1571.1
1424890 1575.2
1424900 1575.2
1424910 1576.3
1424920 1577.8
1424930 1577.8
1424940 1581.1
1424950 1585.8
1424960 1585.8
1424970 1587.9
1424980 1588.4
1424990 1588.4
1425000 1589.9
1425010 1589.0
1425020 1589.0
1425030 1584.1
1425040 1585.0
1425050 1585.0
1425060 1587.4
1425070 1590.1
1425080 1590.1
1425090 1591.6
1425100 1590.0
1425110 1590.0
1425120 1588.7
1425130 1591.0
1425140 1591.0
1425150 1589.6
1425160 1590.2
1425170 1590.2
1425180 1592.8
1425190 1596.9
1425200 1596.9
1425210 1600.2
1425220 1602.0
1425230 1602.0
1425240 1603.4
1425250 1602.6
1425260 1602.6
1425270 1594.1
1425280 1588.1
1425290 1585.1
1425300 1585.1
1425310 1583.7
1425320 1582.8
1425330 1582.8
1425340 1582.4
1425350 1586.6
1425360 1586.6
1425370 1590.2
1425380 1593.3
1425390 1593.3
1425400 1595.6
1425410 1598.0
1425420 1598.0
1425430 1601.4
1425440 1602.7
1425450 1602.7
1425460 1604.0
1425470 1605.0
1425480 1605.0
1425490 1604.0
1425500 1601.9
1425510 1601.9
1425520 1602.4
1425530 1602.7
1425540 1602.7
1425550 1602.6
1425560 1603.6
1425570 1603.6
1425580 1604.6
1425590 1603.9
1425600 1603.9
1425610 1605.1
1425620 1607.6
1425630 1607.6
1425640 1610.6
1425650 1613.9
1425660 1613.9
1425670 1618.0
1425680 1620.9
1425690 1621.1
1425700 1621.1
1425710 1623.4
1425720 1627.8
1425730 1627.8
1425740 1630.7
1425750 1629.9
1425760 1629.9
1425770 1629.4
1425780 1631.7
1425790 1631.7
1425800 1633.1
1425810 1635.9
1425820 1635.9
1425830 1636.8
1425840 1640.6
1425850 1640.6
1425860 1643.0
1425870 1641.6
1425880 1641.6
1425890 1639.9
1425900 1639.4
1425910 1639.4
1425920 1640.0
1425930 1643.9
1425940 1643.9
1425950 1646.2
1425960 1645.5
1425970 1645.5
1425980 1644.4
1425990 1643.8
1426000 1643.8
1426010 1642.7
1426020 1638.6
1426030 1638.6
1426040 1638.5
1426050 1641.2
1426060 1641.2
1426070 1643.6
1426080 1643.6
1426090 1644.9
1426100 1644.9
1426110 1646.8
