1420000 945.1
1420010 945.1
1420020 947.2
1420030 949.9
1420040 949.9
1420050 954.0
1420060 958.7
1420070 958.7
1420080 963.4
1420090 967.3
1420100 967.3
1420110 970.3
1420120 973.8
1420130 973.8
1420140 977.3
1420150 981.3
1420160 981.3
1420170 985.9
1420180 989.8
1420190 989.8
1420200 991.8
1420210 993.6
1420220 993.6
1420230 995.6
1420240 999.0
1420250 999.0
1420260 1002.6
1420270 1005.4
1420280 1007.2
1420290 1007.2
1420300 1009.2
1420310 1011.0
1420320 1011.0
1420330 1012.6
1420340 1013.8
1420350 1013.8
1420360 1015.3
1420370 1016.4
1420380 1016.4
1420390 1017.1
1420400 1019.6
1420410 1019.6
1420420 1020.4
1420430 1023.8
1420440 1023.8
1420450 1032.2
1420460 1035.7
1420470 1035.7
1420480 1038.9
1420490 1042.4
1420500 1042.4
1420510 1046.5
1420520 1050.7
1420530 1050.7
1420540 1054.5
1420550 1058.2
1420560 1058.2
1420570 1062.0
1420580 1067.0
1420590 1067.0
1420600 1072.8
1420610 1078.8
1420620 1078.8
1420630 1084.6
1420640 1090.5
1420650 1090.5
1420660 1096.5
1420670 1103.0
1420680 1109.4
1420690 1109.4
1420700 1114.8
1420710 1120.2
1420720 1120.2
1420730 1126.6
1420740 1133.2
1420750 1133.2
1420760 1139.9
1420770 1145.7
1420780 1145.7
1420790 1151.4
1420800 1157.5
1420810 1157.5
1420820 1163.5
1420830 1170.0
1420840 1170.0
1420850 1176.9
1420860 1184.3
1420870 1184.3
1420880 1192.0
1420890 1199.2
1420900 1199.2
1420910 1207.0
1420920 1213.9
1420930 1213.9
1420940 1219.2
1420950 1224.0
1420960 1224.0
1420970 1229.1
1420980 1234.5
1420990 1234.5
1421000 1240.0
1421010 1245.3
1421020 1245.3
1421030 1251.0
1421040 1257.2
1421050 1257.2
1421060 1263.7
1421070 1270.7
1421080 1277.5
1421090 1277.5
1421100 1284.0
1421110 1290.2
1421120 1290.2
1421130 1296.3
1421140 1301.9
1421150 1301.9
1421160 1306.6
1421170 1309.8
1421180 1309.8
1421190 1313.5
1421200 1317.8
1421210 1317.8
1421220 1322.7
1421230 1330.7
1421240 1330.7
1421250 1334.4
1421260 1336.5
1421270 1336.5
1421280 1341.5
1421290 1347.1
1421300 1347.1
1421310 1352.3
1421320 1356.5
1421330 1356.5
1421340 1359.3
1421350 1362.6
1421360 1362.6
1421370 1366.0
1421380 1367.9
1421390 1367.9
1421400 1376.5
1421410 1391.7
1421420 1391.7
1421430 1398.4
1421440 1405.8
1421450 1405.8
1421460 1407.9
1421470 1415.2
1421480 1422.2
1421490 1422.2
1421500 1429.7
1421510 1439.1
1421520 1439.1
1421530 1447.6
1421540 1456.4
1421550 1456.4
1421560 1463.5
1421570 1470.6
1421580 1470.6
1421590 1480.3
1421600 1501.8
1421610 1501.8
1421620 1521.6
1421630 1542.1
1421640 1542.1
1421650 1564.3
1421660 1575.6
1421670 1575.6
1421680 1579.0
1421690 1604.8
1421700 1604.8
1421710 1625.2
1421720 1640.0
1421730 1640.0
1421740 1666.1
1421750 1692.3
1421760 1692.3
1421770 1707.0
1421780 1718.7
1421790 1718.7
1421800 1729.0
1421810 1751.7
1421820 1751.7
1421830 1753.6
1421840 1756.5
1421850 1756.5
1421860 1760.2
1421870 1753.4
1421880 1753.4
1421890 1743.1
1421900 1745.8
1421910 1751.2
1421920 1751.2
1421930 1719.4
1421940 1692.7
1421950 1692.7
1421960 1689.9
1421970 1695.8
1421980 1695.8
1421990 1705.9
1422000 1714.4
1422010 1714.4
1422020 1718.8
1422030 1722.9
1422040 1722.9
1422050 1727.6
1422060 1731.3
1422070 1731.3
1422080 1736.0
1422090 1741.9
1422100 1741.9
1422110 1747.5
1422120 1753.9
1422130 1753.9
1422140 1758.8
1422150 1761.4
1422160 1761.4
1422170 1761.3
1422180 1767.6
1422190 1767.6
1422200 1777.2
1422210 1785.7
1422220 1785.7
1422230 1796.9
1422240 1811.4
1422250 1811.4
1422260 1819.6
1422270 1821.1
1422280 1821.1
1422290 1821.7
1422300 1824.0
1422310 1829.2
1422320 1829.2
1422330 1834.8
1422340 1837.0
1422350 1837.0
1422360 1832.5
1422370 1820.4
1422380 1820.4
1422390 1800.2
1422400 1789.1
1422410 1789.1
1422420 1783.7
1422430 1801.5
1422440 1801.5
1422450 1806.3
1422460 1806.0
1422470 1806.0
1422480 1800.4
1422490 1797.9
1422500 1797.9
1422510 1794.7
1422520 1791.5
1422530 1791.5
1422540 1789.3
1422550 1787.4
1422560 1787.4
1422570 1785.9
1422580 1785.1
1422590 1785.1
1422600 1784.0
1422610 1783.5
1422620 1783.5
1422630 1782.0
1422640 1779.3
1422650 1779.3
1422660 1778.3
1422670 1775.1
1422680 1775.1
1422690 1772.9
1422700 1769.6
1422710 1765.8
1422720 1765.8
1422730 1764.3
1422740 1762.6
1422750 1762.6
1422760 1760.2
1422770 1757.5
1422780 1757.5
1422790 1754.4
1422800 1751.2
1422810 1751.2
1422820 1747.9
1422830 1743.7
1422840 1743.7
1422850 1741.8
1422860 1737.4
1422870 1737.4
1422880 1734.4
1422890 1733.2
1422900 1733.2
1422910 1729.6
1422920 1726.7
1422930 1726.7
1422940 1725.2
1422950 1724.9
1422960 1724.9
1422970 1725.3
1422980 1723.9
1422990 1723.9
1423000 1723.2
1423010 1723.3
1423020 1723.3
1423030 1723.4
1423040 1723.5
1423050 1723.5
1423060 1723.1
1423070 1721.5
1423080 1721.5
1423090 1720.3
1423100 1719.7
1423110 1718.6
1423120 1718.6
1423130 1716.8
1423140 1715.8
1423150 1715.8
1423160 1718.9
1423170 1720.5
1423180 1720.5
1423190 1723.6
1423200 1725.8
1423210 1725.8
1423220 1729.1
1423230 1729.3
1423240 1729.3
1423250 1725.6
1423260 1725.5
1423270 1725.5
1423280 1721.6
1423290 1715.1
1423300 1715.1
1423310 1707.8
1423320 1699.7
1423330 1699.7
1423340 1682.1
1423350 1659.8
1423360 1659.8
1423370 1645.1
1423380 1640.6
1423390 1640.6
1423400 1636.4
1423410 1628.5
1423420 1628.5
1423430 1623.2
1423440 1620.2
1423450 1620.2
1423460 1618.2
1423470 1615.9
1423480 1615.9
1423490 1613.2
1423500 1610.7
1423510 1608.5
1423520 1608.5
1423530 1606.0
1423540 1604.6
1423550 1604.6
1423560 1603.7
1423570 1603.1
1423580 1603.1
1423590 1602.4
1423600 1601.4
1423610 1601.4
1423620 1599.1
1423630 1597.8
1423640 1597.8
1423650 1597.8
1423660 1593.8
1423670 1593.8
1423680 1589.5
1423690 1585.5
1423700 1585.5
1423710 1582.2
1423720 1580.8
1423730 1580.8
1423740 1581.0
1423750 1582.0
1423760 1582.0
1423770 1582.8
1423780 1584.2
1423790 1584.2
1423800 1582.5
1423810 1579.8
1423820 1579.8
1423830 1577.5
1423840 1575.3
1423850 1575.3
1423860 1573.0
1423870 1570.8
1423880 1570.8
1423890 1570.5
1423900 1569.6
1423910 1568.9
1423920 1568.9
1423930 1567.7
1423940 1566.4
1423950 1566.4
1423960 1565.3
1423970 1563.8
1423980 1563.8
1423990 1561.9
1424000 1559.6
1424010 1559.6
1424020 1559.2
1424030 1561.1
1424040 1561.1
1424050 1565.2
1424060 1567.2
1424070 1567.2
1424080 1568.6
1424090 1570.6
1424100 1570.6
1424110 1572.6
1424120 1573.8
1424130 1573.8
1424140 1574.6
1424150 1576.7
1424160 1576.7
1424170 1578.1
1424180 1577.2
1424190 1577.2
1424200 1575.1
1424210 1573.1
1424220 1573.1
1424230 1572.3
1424240 1569.0
1424250 1569.0
1424260 1564.8
1424270 1561.6
1424280 1561.6
1424290 1560.8
1424300 1561.2
1424310 1561.0
1424320 1561.0
1424330 1559.5
1424340 1557.5
1424350 1557.5
1424360 1555.0
1424370 1551.3
1424380 1551.3
1424390 1546.9
1424400 1544.6
1424410 1544.6
1424420 1543.7
1424430 1542.3
1424440 1542.3
1424450 1540.8
1424460 1539.8
1424470 1539.8
1424480 1539.0
1424490 1537.7
1424500 1537.7
1424510 1536.6
1424520 1536.1
1424530 1536.1
1424540 1535.8
1424550 1535.4
1424560 1535.4
1424570 1535.0
1424580 1534.7
1424590 1535.0
1424600 1534.2
1424610 1533.7
1424620 1533.7
1424630 1533.4
1424640 1533.5
1424650 1533.5
1424660 1533.6
1424670 1534.5
1424680 1534.5
1424690 1535.2
1424700 1536.1
1424710 1537.2
1424720 1537.2
1424730 1537.5
1424740 1535.7
1424750 1535.7
1424760 1534.0
1424770 1533.6
1424780 1533.6
1424790 1533.2
1424800 1533.8
1424810 1533.8
1424820 1535.0
1424830 1535.4
1424840 1535.4
1424850 1535.3
1424860 1535.0
1424870 1535.0
1424880 1534.7
1424890 1534.2
1424900 1534.2
1424910 1534.9
1424920 1535.9
1424930 1535.9
1424940 1537.7
1424950 1538.8
1424960 1538.8
1424970 1539.6
1424980 1540.8
1424990 1540.8
1425000 1542.5
1425010 1543.7
1425020 1543.7
1425030 1544.4
1425040 1545.9
1425050 1545.9
1425060 1548.7
1425070 1551.1
1425080 1551.1
1425090 1552.5
1425100 1553.3
1425110 1554.7
1425120 1554.7
1425130 1557.4
1425140 1560.3
1425150 1560.3
1425160 1562.8
1425170 1564.5
1425180 1564.5
1425190 1565.0
1425200 1566.7
1425210 1566.7
1425220 1567.5
1425230 1567.3
1425240 1567.3
1425250 1567.2
1425260 1567.6
1425270 1567.6
1425280 1568.3
1425290 1570.6
1425300 1570.6
1425310 1573.6
1425320 1576.6
1425330 1576.6
1425340 1581.7
1425350 1588.2
1425360 1588.2
1425370 1592.1
1425380 1594.5
1425390 1594.5
1425400 1597.0
1425410 1598.7
1425420 1598.7
1425430 1601.1
1425440 1605.3
1425450 1605.3
1425460 1608.8
1425470 1612.4
1425480 1612.4
1425490 1616.8
1425500 1620.4
1425510 1624.2
1425520 1624.2
1425530 1627.2
1425540 1629.8
1425550 1629.8
1425560 1628.5
1425570 1628.1
1425580 1628.1
