1420000 862.2
1420010 862.2
1420020 861.5
1420030 860.0
1420040 860.0
1420050 858.3
1420060 856.6
1420070 856.6
1420080 854.5
1420090 854.0
1420100 854.0
1420110 856.3
1420120 858.5
1420130 858.5
1420140 859.2
1420150 860.3
1420160 860.7
1420170 860.7
1420180 861.1
1420190 863.7
1420200 863.7
1420210 865.4
1420220 863.2
1420230 863.2
1420240 861.6
1420250 862.1
1420260 862.1
1420270 862.9
1420280 864.5
1420290 864.5
1420300 868.4
1420310 873.3
1420320 873.3
1420330 877.0
1420340 877.2
1420350 877.2
1420360 875.7
1420370 874.7
1420380 874.7
1420390 877.1
1420400 878.5
1420410 878.5
1420420 877.6
1420430 875.2
1420440 875.2
1420450 873.7
1420460 873.5
1420470 873.5
1420480 875.5
1420490 877.7
1420500 878.8
1420510 879.8
1420520 877.3
1420530 877.3
1420540 878.0
1420550 880.9
1420560 880.9
1420570 884.3
1420580 894.4
1420590 903.7
1420600 903.7
1420610 908.9
1420620 914.9
1420630 914.9
1420640 921.8
1420650 929.7
1420660 929.7
1420670 936.8
1420680 941.3
1420690 941.3
1420700 944.9
1420710 947.5
1420720 947.5
1420730 950.4
1420740 953.9
1420750 953.9
1420760 960.0
1420770 963.3
1420780 963.3
1420790 963.5
1420800 964.3
1420810 964.3
1420820 966.7
1420830 970.6
1420840 970.6
1420850 973.4
1420860 974.0
1420870 974.0
1420880 973.4
1420890 972.4
1420900 972.4
1420910 969.4
1420920 964.0
1420930 964.0
1420940 956.6
1420950 951.2
1420960 951.2
1420970 946.6
1420980 943.7
1420990 943.9
1421000 943.9
1421010 944.1
1421020 942.8
1421030 942.8
1421040 941.6
1421050 941.6
1421060 941.6
1421070 943.0
1421080 945.7
1421090 945.7
1421100 951.4
1421110 957.7
1421120 957.7
1421130 964.2
1421140 971.4
1421150 971.4
1421160 979.0
1421170 986.3
1421180 986.3
1421190 990.3
1421200 990.2
1421210 990.2
1421220 989.9
1421230 987.6
1421240 987.6
1421250 987.9
1421260 993.6
1421270 993.6
1421280 999.8
1421290 1006.3
1421300 1006.3
1421310 1013.1
1421320 1017.3
1421330 1017.3
1421340 1020.4
1421350 1023.4
1421360 1023.4
1421370 1026.0
1421380 1029.4
1421390 1031.8
1421400 1031.8
1421410 1032.0
1421420 1034.6
1421430 1034.6
1421440 1038.4
1421450 1040.8
1421460 1040.8
1421470 1043.4
1421480 1048.2
1421490 1048.2
1421500 1050.2
1421510 1050.2
1421520 1050.2
1421530 1047.7
1421540 1044.6
1421550 1044.6
1421560 1041.6
1421570 1038.6
1421580 1038.6
1421590 1036.8
1421600 1034.8
1421610 1034.8
1421620 1034.9
1421630 1038.2
1421640 1038.2
1421650 1042.2
1421660 1045.6
1421670 1045.6
1421680 1045.6
1421690 1039.1
1421700 1039.1
1421710 1033.3
1421720 1027.9
1421730 1027.9
1421740 1020.8
1421750 1013.8
1421760 1013.8
1421770 1006.8
1421780 1003.6
1421790 1003.6
1421800 999.7
1421810 996.0
1421820 998.9
1421830 998.9
1421840 1004.7
1421850 1009.6
1421860 1009.6
1421870 1014.0
1421880 1018.8
1421890 1018.8
1421900 1026.8
1421910 1034.6
1421920 1034.6
1421930 1042.9
1421940 1046.4
1421950 1046.4
1421960 1048.8
1421970 1055.1
1421980 1055.1
1421990 1063.6
1422000 1070.5
1422010 1070.5
1422020 1075.8
1422030 1083.6
1422040 1083.6
1422050 1089.2
1422060 1090.8
1422070 1090.8
1422080 1096.3
1422090 1104.8
1422100 1104.8
1422110 1112.8
1422120 1119.6
1422130 1119.6
1422140 1125.0
1422150 1130.5
1422160 1130.5
1422170 1134.7
1422180 1140.0
1422190 1140.0
1422200 1146.2
1422210 1151.6
1422220 1154.8
1422230 1154.8
