1420000 866.2
1420010 866.2
1420020 871.2
1420030 875.8
1420040 875.8
1420050 876.9
1420060 878.7
1420070 878.7
1420080 880.9
1420090 885.0
1420100 885.0
1420110 890.3
1420120 896.9
1420130 896.9
1420140 905.1
1420150 913.8
1420160 913.8
1420170 922.3
1420180 928.8
1420190 928.8
1420200 934.4
1420210 940.1
1420220 940.1
1420230 945.0
1420240 947.3
1420250 947.3
1420260 948.3
1420270 949.4
1420280 949.4
1420290 949.7
1420300 949.3
1420310 949.3
1420320 947.6
1420330 945.6
1420340 945.6
1420350 945.1
1420360 945.4
1420370 945.4
1420380 945.1
1420390 944.3
1420400 944.3
1420410 942.5
1420420 940.8
1420430 940.1
1420440 940.1
1420450 938.5
1420460 936.2
1420470 936.2
1420480 932.9
1420490 931.1
1420500 931.1
1420510 929.2
1420520 925.7
1420530 925.7
1420540 925.3
1420550 926.6
1420560 926.6
1420570 930.1
1420580 935.3
1420590 935.3
1420600 940.2
1420610 945.1
1420620 945.1
1420630 950.0
1420640 953.1
1420650 953.1
1420660 954.3
1420670 954.4
1420680 954.4
1420690 952.5
1420700 948.9
1420710 948.9
1420720 947.6
1420730 947.7
1420740 947.7
1420750 947.5
1420760 946.6
1420770 946.6
1420780 946.0
1420790 947.6
1420800 947.6
1420810 950.6
1420820 952.7
1420830 954.9
1420840 954.9
1420850 957.8
1420860 957.7
1420870 957.7
1420880 953.7
1420890 956.2
1420900 956.2
1420910 957.4
1420920 958.2
1420930 958.2
1420940 958.8
1420950 960.1
1420960 960.1
1420970 961.6
1420980 963.2
1420990 963.2
1421000 964.6
1421010 966.0
1421020 966.0
1421030 967.6
1421040 969.4
1421050 969.4
1421060 971.3
1421070 973.1
1421080 973.1
1421090 975.5
1421100 977.9
1421110 977.9
1421120 979.8
1421130 982.5
1421140 982.5
1421150 984.7
1421160 987.1
1421170 987.1
1421180 989.4
1421190 990.8
1421200 990.8
1421210 992.2
1421220 994.3
1421230 996.7
1421240 996.7
1421250 999.8
1421260 1003.0
1421270 1003.0
1421280 1006.3
1421290 1009.2
1421300 1009.2
1421310 1014.2
1421320 1016.9
1421330 1016.9
1421340 1024.3
1421350 1019.7
1421360 1019.7
1421370 1021.2
1421380 1023.5
1421390 1023.5
1421400 1026.1
1421410 1028.0
1421420 1028.0
1421430 1029.3
1421440 1032.1
1421450 1032.1
1421460 1038.0
1421470 1043.4
1421480 1043.4
1421490 1048.2
1421500 1053.8
1421510 1053.8
1421520 1055.9
1421530 1055.8
1421540 1055.8
1421550 1057.0
1421560 1057.9
1421570 1057.9
1421580 1059.2
1421590 1061.5
1421600 1061.5
1421610 1063.4
1421620 1065.3
1421630 1065.3
1421640 1067.1
1421650 1069.0
1421660 1071.1
1421670 1071.1
1421680 1074.7
1421690 1081.1
1421700 1081.1
1421710 1087.6
1421720 1094.7
1421730 1094.7
1421740 1101.6
1421750 1108.5
1421760 1108.5
1421770 1115.4
1421780 1121.3
1421790 1121.3
1421800 1124.0
1421810 1127.7
1421820 1127.7
1421830 1131.7
1421840 1135.6
1421850 1135.6
1421860 1139.6
1421870 1144.0
1421880 1144.0
1421890 1148.8
1421900 1154.3
1421910 1154.3
1421920 1158.9
1421930 1162.3
1421940 1162.3
1421950 1166.0
1421960 1169.3
1421970 1169.3
1421980 1171.7
1421990 1172.6
1422000 1172.6
1422010 1173.0
1422020 1172.1
1422030 1172.1
1422040 1166.4
1422050 1160.3
1422060 1158.5
1422070 1158.5
1422080 1158.9
1422090 1161.7
1422100 1161.7
1422110 1160.8
1422120 1153.6
1422130 1153.6
1422140 1149.2
1422150 1150.8
1422160 1150.8
1422170 1153.8
1422180 1150.2
1422190 1150.2
1422200 1148.8
1422210 1146.2
1422220 1146.2
1422230 1151.2
1422240 1161.7
1422250 1161.7
1422260 1170.4
1422270 1175.4
1422280 1175.4
1422290 1179.8
1422300 1185.3
1422310 1185.3
1422320 1191.3
1422330 1197.0
1422340 1197.0
1422350 1202.8
1422360 1209.3
1422370 1209.3
1422380 1215.9
1422390 1223.3
1422400 1223.3
1422410 1229.1
1422420 1233.7
1422430 1233.7
1422440 1234.3
1422450 1235.9
1422460 1238.2
1422470 1238.2
1422480 1241.4
1422490 1246.0
1422500 1246.0
1422510 1251.0
1422520 1255.8
1422530 1255.8
1422540 1261.0
1422550 1266.2
1422560 1266.2
1422570 1271.5
1422580 1276.6
1422590 1276.6
1422600 1280.9
1422610 1285.2
1422620 1285.2
1422630 1291.2
