1420000 809.4
1420010 811.2
1420020 811.2
1420030 814.0
1420040 817.4
1420050 817.4
1420060 819.7
1420070 821.6
1420080 821.6
1420090 823.0
1420100 823.5
1420110 823.5
1420120 823.0
1420130 823.8
1420140 823.8
1420150 825.1
1420160 823.1
1420170 823.1
1420180 822.4
1420190 824.5
1420200 824.5
1420210 825.2
1420220 825.3
1420230 825.3
1420240 827.1
1420250 827.7
1420260 827.7
1420270 828.3
1420280 830.9
1420290 830.9
1420300 835.3
1420310 837.9
1420320 840.1
1420330 840.1
1420340 842.7
1420350 845.2
1420360 845.2
1420370 846.5
1420380 847.0
1420390 847.0
1420400 847.2
1420410 847.3
1420420 847.3
1420430 847.5
1420440 848.4
1420450 848.4
1420460 848.6
1420470 849.9
1420480 849.9
1420490 854.6
1420500 858.0
1420510 858.0
1420520 858.7
1420530 857.5
1420540 857.5
1420550 853.6
1420560 850.9
1420570 850.9
1420580 851.4
1420590 853.8
1420600 853.8
1420610 858.1
1420620 861.7
1420630 861.7
1420640 865.2
1420650 868.3
1420660 868.3
1420670 870.4
1420680 870.9
1420690 870.9
1420700 872.5
1420710 874.6
1420720 874.6
1420730 875.7
1420740 876.4
1420750 874.3
1420760 874.3
1420770 872.4
1420780 873.8
1420790 873.8
1420800 875.7
1420810 878.5
1420820 878.5
1420830 884.4
1420840 890.8
1420850 890.8
1420860 896.6
1420870 897.6
1420880 897.6
1420890 898.5
1420900 899.5
1420910 899.5
1420920 900.0
1420930 901.2
1420940 901.2
1420950 902.3
1420960 905.6
1420970 905.6
1420980 908.4
1420990 910.8
1421000 910.8
1421010 912.7
1421020 914.5
1421030 914.5
1421040 913.6
1421050 913.7
1421060 913.7
1421070 913.8
1421080 914.4
1421090 914.4
1421100 916.0
1421110 916.1
1421120 916.1
1421130 917.8
1421140 920.8
1421150 925.2
1421160 925.2
1421170 925.0
1421180 922.8
1421190 922.8
1421200 922.5
1421210 921.2
1421220 921.2
1421230 921.5
1421240 921.6
1421250 921.6
1421260 920.1
1421270 920.9
1421280 920.9
1421290 925.3
1421300 929.4
1421310 929.4
1421320 934.2
1421330 940.1
1421340 940.1
1421350 941.7
1421360 941.5
1421370 941.5
1421380 942.5
1421390 944.4
1421400 944.4
1421410 946.1
1421420 947.7
1421430 947.7
1421440 950.1
1421450 953.3
1421460 953.3
1421470 956.4
1421480 955.7
1421490 955.7
1421500 953.4
1421510 953.1
1421520 953.1
1421530 957.3
1421540 960.0
1421550 962.9
1421560 962.9
1421570 964.1
1421580 958.3
1421590 958.3
1421600 952.3
1421610 946.0
1421620 946.0
1421630 943.1
1421640 947.0
1421650 947.0
1421660 955.5
1421670 964.1
1421680 964.1
1421690 972.5
1421700 982.3
1421710 982.3
1421720 990.5
1421730 998.7
1421740 998.7
1421750 1009.6
1421760 1028.5
1421770 1028.5
1421780 1041.2
1421790 1046.9
1421800 1046.9
1421810 1050.0
1421820 1053.0
1421830 1053.0
1421840 1053.7
1421850 1051.2
1421860 1051.2
1421870 1055.1
1421880 1057.5
1421890 1057.5
1421900 1058.2
1421910 1054.4
1421920 1054.4
1421930 1053.0
1421940 1056.5
1421950 1056.5
