1420000 981.4
1420010 960.3
1420020 947.4
1420030 947.4
1420040 944.5
1420050 943.5
1420060 943.5
1420070 945.5
1420080 949.0
1420090 949.0
1420100 950.9
1420110 951.3
1420120 951.3
1420130 949.6
1420140 946.7
1420150 946.7
1420160 943.7
1420170 941.4
1420180 939.6
1420190 939.6
1420200 938.8
1420210 939.5
1420220 939.5
1420230 936.8
1420240 932.0
1420250 932.0
1420260 928.4
1420270 927.6
1420280 927.6
1420290 926.7
1420300 925.6
1420310 925.6
1420320 924.2
1420330 922.4
1420340 922.4
1420350 919.6
1420360 917.5
1420370 917.5
1420380 916.2
1420390 915.2
1420400 915.2
1420410 914.5
1420420 913.7
1420430 913.7
1420440 912.7
1420450 911.9
1420460 911.9
1420470 910.6
1420480 908.1
1420490 908.1
1420500 906.4
1420510 905.5
1420520 905.5
1420530 905.4
1420540 905.6
1420550 905.6
1420560 904.0
1420570 900.8
1420580 900.8
1420590 898.3
1420600 897.5
1420610 894.6
1420620 894.6
1420630 891.0
1420640 887.2
1420650 887.2
1420660 884.5
1420670 879.3
1420680 879.3
1420690 872.7
1420700 866.6
1420710 866.6
1420720 864.3
1420730 861.7
1420740 861.7
1420750 855.3
1420760 852.3
1420770 852.3
1420780 853.9
1420790 854.0
1420800 854.0
1420810 854.4
1420820 854.5
1420830 854.5
1420840 854.4
1420850 854.5
1420860 854.5
1420870 854.6
1420880 854.8
1420890 854.8
1420900 854.8
1420910 855.0
1420920 855.0
1420930 855.3
1420940 855.5
1420950 855.5
1420960 855.5
1420970 856.0
1420980 856.0
1420990 856.1
1421000 855.7
1421010 854.6
1421020 854.6
1421030 856.0
1421040 856.0
1421050 856.0
1421060 855.9
1421070 855.9
1421080 855.9
1421090 856.2
1421100 856.7
1421110 856.7
1421120 856.8
1421130 856.8
1421140 856.8
1421150 857.0
1421160 857.3
1421170 857.3
1421180 857.3
1421190 857.4
1421200 857.4
1421210 858.2
1421220 857.1
1421230 857.1
1421240 856.4
1421250 856.5
1421260 856.5
1421270 856.3
1421280 855.7
1421290 855.7
1421300 854.8
