1420000 581.3
1420010 581.3
1420020 582.1
1420030 582.7
1420040 582.7
1420050 584.9
1420060 590.2
1420070 590.2
1420080 594.0
1420090 596.8
1420100 596.8
1420110 596.8
1420120 598.2
1420130 598.2
1420140 601.8
1420150 603.0
1420160 603.0
1420170 602.8
1420180 602.7
1420190 602.7
1420200 603.3
1420210 603.6
1420220 603.6
1420230 603.3
1420240 601.6
1420250 601.6
1420260 599.8
1420270 598.9
1420280 598.9
1420290 597.3
1420300 594.1
1420310 597.4
1420320 596.2
1420330 596.2
1420340 597.8
1420350 597.8
1420360 600.6
1420370 604.8
1420380 604.8
1420390 608.1
1420400 610.5
1420410 610.5
1420420 613.3
1420430 615.3
1420440 615.3
1420450 615.5
1420460 614.9
1420470 614.9
1420480 618.1
1420490 621.6
1420500 621.6
1420510 624.1
1420520 626.5
1420530 626.5
1420540 629.0
1420550 631.4
1420560 631.4
1420570 632.2
1420580 629.5
1420590 629.5
1420600 625.0
1420610 620.7
1420620 620.7
1420630 617.6
1420640 612.5
1420650 612.5
1420660 606.8
1420670 605.8
1420680 605.8
1420690 608.5
1420700 612.0
1420710 612.0
1420720 613.5
1420730 614.2
1420740 617.1
1420750 617.1
1420760 618.9
1420770 620.6
1420780 620.6
1420790 622.8
1420800 624.6
1420810 624.6
1420820 626.7
1420830 626.6
1420840 626.6
1420850 626.5
1420860 628.6
1420870 628.6
1420880 629.1
1420890 629.2
1420900 629.2
1420910 629.1
1420920 626.7
1420930 626.7
1420940 625.2
1420950 624.5
1420960 624.5
1420970 624.5
1420980 628.4
1420990 628.4
1421000 631.4
1421010 633.5
1421020 633.5
1421030 636.0
1421040 636.6
1421050 636.6
1421060 637.6
1421070 639.7
1421080 639.7
1421090 640.5
1421100 640.9
1421110 640.9
1421120 641.4
1421130 641.6
1421140 641.6
1421150 641.1
1421160 640.8
1421170 641.2
1421180 641.2
1421190 641.2
1421200 640.4
1421210 640.4
1421220 639.2
1421230 638.3
1421240 638.3
1421250 636.4
1421260 634.3
1421270 634.3
1421280 634.1
1421290 634.4
1421300 634.4
1421310 635.6
1421320 636.3
1421330 636.3
1421340 637.4
1421350 639.7
1421360 639.7
1421370 641.3
1421380 641.6
1421390 641.6
1421400 640.4
1421410 638.8
1421420 638.8
1421430 646.2
1421440 660.0
1421450 660.0
1421460 683.3
1421470 691.3
1421480 691.3
1421490 673.4
1421500 659.6
1421510 659.6
1421520 656.2
1421530 659.4
1421540 659.4
1421550 667.5
1421560 673.0
1421570 673.0
1421580 678.4
1421590 683.5
1421600 687.5
1421610 687.5
1421620 694.4
1421630 699.2
1421640 699.2
1421650 694.6
1421660 688.4
1421670 688.4
1421680 683.8
1421690 679.9
1421700 679.9
1421710 679.4
1421720 683.7
1421730 683.7
1421740 686.0
1421750 689.1
1421760 689.1
1421770 698.0
1421780 705.6
1421790 705.6
1421800 713.9
1421810 723.2
1421820 723.2
1421830 733.4
1421840 742.2
1421850 742.2
1421860 753.1
1421870 773.7
1421880 773.7
1421890 792.1
1421900 800.8
1421910 800.8
1421920 797.4
1421930 793.9
1421940 793.9
1421950 798.8
1421960 809.0
1421970 809.0
1421980 814.8
1421990 821.9
1422000 821.9
1422010 827.2
1422020 832.4
1422030 834.7
1422040 834.7
1422050 833.5
1422060 835.3
1422070 835.3
1422080 845.2
1422090 853.4
1422100 853.4
1422110 860.6
1422120 869.1
1422130 869.1
1422140 877.4
1422150 883.9
1422160 883.9
1422170 889.4
1422180 893.6
1422190 893.6
1422200 897.6
1422210 900.0
1422220 900.0
1422230 901.7
1422240 907.5
1422250 907.5
1422260 914.2
1422270 920.5
1422280 920.5
1422290 926.5
1422300 928.6
1422310 928.6
1422320 925.8
1422330 922.3
1422340 927.9
1422350 929.8
1422360 932.2
1422370 932.2
1422380 938.9
1422390 947.3
1422400 947.3
1422410 951.3
1422420 950.4
1422430 950.4
1422440 948.0
1422450 949.0
1422460 951.7
1422470 951.7
1422480 952.5
1422490 954.5
1422500 954.5
1422510 953.8
1422520 948.8
1422530 948.8
1422540 945.4
1422550 943.9
1422560 943.9
1422570 943.0
1422580 942.5
1422590 942.5
1422600 939.0
1422610 935.4
1422620 935.4
1422630 931.4
1422640 924.7
1422650 924.7
1422660 913.3
1422670 905.3
1422680 905.3
1422690 898.6
1422700 887.7
1422710 887.7
1422720 874.0
1422730 867.8
1422740 867.8
1422750 864.5
1422760 859.6
1422770 859.6
1422780 854.0
