1437790 574.7
1437800 574.7
1437810 577.4
1437820 582.6
1437830 582.6
1437840 586.0
1437850 586.5
1437860 586.5
1437870 586.6
1437880 586.8
1437890 586.8
1437900 587.0
1437910 587.9
1437920 587.9
1437930 588.5
1437940 588.2
1437950 587.6
1437960 587.6
1437970 586.9
1437980 587.6
1437990 587.6
1438000 586.6
1438010 586.1
1438020 586.1
1438030 585.1
1438040 583.8
1438050 583.8
1438060 582.4
1438070 580.8
1438080 580.8
1438090 579.6
1438100 578.9
1438110 578.9
1438120 578.4
1438130 578.3
1438140 578.3
1438150 578.5
1438160 578.6
1438170 578.6
1438180 578.7
1438190 578.9
1438200 578.9
1438210 579.2
1438220 579.3
1438230 579.3
1438240 579.2
1438250 579.2
1438260 579.2
1438270 579.4
1438280 579.5
1438290 579.5
1438300 579.6
1438310 579.7
1438320 579.7
1438330 580.7
1438340 581.1
1438350 581.1
1438360 580.8
1438370 581.3
1438380 581.3
1438390 580.9
1438400 579.5
1438410 579.5
1438420 579.0
1438430 579.6
1438440 580.0
1438450 580.0
1438460 580.5
1438470 582.8
1438480 582.8
1438490 583.3
1438500 582.4
1438510 582.4
1438520 583.1
1438530 586.1
1438540 586.1
1438550 590.3
1438560 594.0
1438570 594.0
1438580 596.8
1438590 598.7
1438600 598.7
1438610 600.1
1438620 601.7
1438630 601.7
1438640 604.8
1438650 608.5
1438660 608.5
1438670 612.7
1438680 616.2
1438690 616.2
1438700 619.3
1438710 622.0
1438720 622.0
1438730 624.3
1438740 626.5
1438750 626.5
1438760 628.4
1438770 631.4
1438780 631.4
1438790 635.8
1438800 640.1
1438810 640.1
1438820 644.2
1438830 647.3
1438840 647.3
1438850 650.1
1438860 653.4
1438870 653.4
1438880 657.1
1438890 660.3
1438900 663.8
1438910 663.8
1438920 666.7
1438930 669.7
1438940 669.7
1438950 673.0
1438960 675.9
1438970 675.9
1438980 678.7
1438990 681.4
1439000 681.4
1439010 684.1
1439020 686.4
1439030 686.4
1439040 688.2
1439050 689.1
1439060 689.1
1439070 688.9
1439080 687.4
1439090 687.4
1439100 685.9
1439110 685.4
1439120 685.4
1439130 687.4
1439140 690.4
1439150 690.4
1439160 693.5
1439170 695.4
1439180 695.4
1439190 696.7
1439200 697.3
1439210 697.5
1439220 693.1
1439230 684.1
1439240 684.1
1439250 682.2
1439260 682.5
1439270 682.5
1439280 684.1
1439290 685.4
1439300 685.4
1439310 687.6
1439320 690.2
1439330 690.2
1439340 694.1
1439350 699.8
1439360 706.7
1439370 706.7
1439380 714.5
1439390 723.5
1439400 723.5
1439410 737.0
1439420 759.7
1439430 759.7
1439440 772.9
1439450 782.2
1439460 782.2
1439470 788.5
1439480 792.5
1439490 792.5
1439500 795.3
1439510 798.0
1439520 798.0
1439530 801.1
1439540 803.7
1439550 803.7
1439560 806.4
1439570 811.2
1439580 811.2
1439590 821.0
1439600 835.6
1439610 835.6
1439620 846.7
1439630 853.9
1439640 853.9
1439650 859.1
1439660 863.1
1439670 863.1
1439680 867.5
1439690 872.2
1439700 872.2
1439710 878.1
1439720 885.0
1439730 885.0
1439740 888.8
1439750 891.6
1439760 891.6
1439770 894.1
1439780 896.8
1439790 896.8
1439800 899.3
1439810 902.3
1439820 904.9
1439830 904.9
1439840 908.2
1439850 912.1
1439860 912.1
1439870 916.4
1439880 921.5
1439890 921.5
1439900 926.8
1439910 931.2
1439920 931.2
1439930 936.2
1439940 941.6
1439950 941.6
1439960 946.8
1439970 951.7
1439980 951.7
1439990 956.5
