1437090 549.7
1437100 549.7
1437110 550.5
1437120 550.9
1437130 550.9
1437140 551.0
1437150 551.0
1437160 551.0
1437170 551.0
1437180 551.0
1437190 551.3
1437200 551.3
1437210 551.5
1437220 551.5
1437230 551.5
1437240 551.6
1437250 551.9
1437260 551.9
1437270 552.0
1437280 552.4
1437290 552.4
1437300 552.8
1437310 552.8
1437320 552.8
1437330 553.2
1437340 553.9
1437350 553.9
1437360 554.4
1437370 554.3
1437380 554.3
1437390 552.9
1437400 549.6
1437410 549.6
1437420 547.8
1437430 548.9
1437440 548.9
1437450 549.4
1437460 551.1
1437470 551.1
1437480 553.5
1437490 554.7
1437500 554.7
1437510 555.2
1437520 555.4
1437530 555.4
1437540 556.0
1437550 556.4
1437560 556.4
1437570 555.4
1437580 556.1
1437590 556.1
1437600 556.2
1437610 556.2
1437620 556.2
1437630 556.3
1437640 556.6
1437650 557.0
1437660 557.0
1437670 557.4
1437680 559.5
1437690 559.5
1437700 560.1
1437710 561.3
1437720 561.3
1437730 561.9
1437740 562.5
1437750 562.5
1437760 562.7
1437770 562.8
1437780 562.8
1437790 563.2
1437800 564.1
1437810 564.1
1437820 564.8
1437830 566.1
1437840 566.1
1437850 567.2
1437860 568.0
1437870 568.0
1437880 569.2
1437890 570.3
1437900 570.3
1437910 570.9
1437920 571.3
1437930 571.3
1437940 572.1
1437950 573.8
1437960 573.8
1437970 575.2
1437980 576.7
1437990 576.7
1438000 578.6
1438010 580.5
1438020 580.5
1438030 581.5
1438040 581.9
1438050 581.9
1438060 582.3
1438070 582.5
1438080 582.5
1438090 581.5
1438100 580.7
1438110 582.2
1438120 582.2
1438130 583.9
1438140 584.9
1438150 584.9
1438160 585.6
1438170 586.4
1438180 586.4
1438190 587.0
1438200 587.4
1438210 587.4
1438220 587.7
1438230 587.9
1438240 587.9
1438250 588.5
1438260 589.8
1438270 589.8
1438280 590.5
1438290 591.1
1438300 591.1
1438310 592.1
1438320 593.2
1438330 593.2
1438340 595.0
1438350 597.1
1438360 597.1
1438370 599.3
1438380 601.6
1438390 601.6
1438400 603.7
1438410 605.1
1438420 605.1
1438430 606.6
1438440 608.1
1438450 608.1
1438460 609.0
1438470 610.0
1438480 610.0
1438490 609.6
1438500 608.0
1438510 608.0
1438520 607.9
1438530 611.7
1438540 611.7
1438550 614.6
1438560 616.6
1438570 618.8
1438580 618.8
1438590 620.5
1438600 621.3
1438610 621.3
1438620 622.7
1438630 623.6
1438640 623.6
1438650 624.2
1438660 624.8
1438670 624.8
1438680 625.5
1438690 626.1
1438700 626.1
1438710 626.2
1438720 625.4
1438730 625.4
1438740 623.6
1438750 622.6
1438760 622.6
1438770 622.6
1438780 621.9
1438790 621.9
1438800 619.9
1438810 618.4
1438820 618.4
1438830 617.4
1438840 619.5
1438850 619.5
1438860 621.5
1438870 622.3
1438880 622.3
1438890 623.4
1438900 625.3
1438910 625.3
1438920 627.6
1438930 631.8
1438940 631.8
1438950 636.7
1438960 641.1
1438970 641.1
1438980 645.4
1438990 649.0
1439000 649.0
1439010 652.3
1439020 656.6
1439030 661.8
1439040 661.8
1439050 666.9
1439060 670.6
1439070 670.6
1439080 673.8
1439090 676.2
1439100 676.2
1439110 678.1
1439120 680.0
1439130 680.0
1439140 682.1
1439150 683.9
1439160 683.9
1439170 686.4
1439180 690.1
1439190 690.9
1439200 695.5
1439210 699.5
1439220 699.5
1439230 702.7
1439240 702.3
1439250 702.3
1439260 693.7
1439270 685.3
1439280 685.3
1439290 678.0
1439300 671.5
1439310 671.5
1439320 667.9
1439330 667.4
1439340 667.4
1439350 667.8
1439360 668.5
1439370 668.5
1439380 668.9
1439390 671.4
1439400 671.4
1439410 676.8
1439420 684.2
1439430 684.2
1439440 690.6
1439450 694.4
1439460 694.4
1439470 697.6
1439480 702.8
1439490 702.8
1439500 709.6
1439510 717.0
1439520 724.5
1439530 724.5
1439540 737.8
1439550 748.2
1439560 748.2
1439570 752.6
1439580 757.1
1439590 757.1
1439600 761.1
1439610 764.7
1439620 764.7
1439630 768.1
1439640 772.4
1439650 772.4
1439660 776.7
1439670 779.5
1439680 779.5
1439690 782.7
1439700 788.6
1439710 788.6
1439720 798.3
1439730 801.9
1439740 801.9
1439750 804.3
1439760 805.5
1439770 805.5
1439780 801.9
1439790 805.0
1439800 805.0
1439810 812.0
1439820 818.7
1439830 818.7
1439840 824.6
1439850 830.9
1439860 830.9
1439870 835.1
1439880 839.0
1439890 839.0
1439900 839.4
1439910 842.5
1439920 842.5
1439930 849.4
1439940 854.8
1439950 854.8
1439960 860.2
1439970 864.3
1439980 867.5
1439990 867.5
