1437020 505.0
1437030 504.4
1437040 503.3
1437050 503.3
1437060 500.5
1437070 497.8
1437080 497.8
1437090 496.3
1437100 495.2
1437110 495.2
1437120 494.2
1437130 492.6
1437140 492.6
1437150 491.4
1437160 490.0
1437170 490.0
1437180 489.2
1437190 488.3
1437200 488.3
1437210 487.6
1437220 486.6
1437230 486.6
1437240 486.3
1437250 486.4
1437260 486.4
1437270 485.6
1437280 485.0
1437290 485.0
1437300 484.4
1437310 483.2
1437320 483.2
1437330 483.8
1437340 484.8
1437350 484.8
1437360 484.0
1437370 481.6
1437380 481.6
1437390 482.9
1437400 487.1
1437410 487.1
1437420 491.3
1437430 495.8
1437440 495.8
1437450 499.2
1437460 501.9
1437470 501.9
1437480 504.4
1437490 505.5
1437500 507.7
1437510 507.7
1437520 511.4
1437530 515.8
1437540 515.8
1437550 519.2
1437560 521.7
1437570 521.7
1437580 523.6
1437590 524.9
1437600 524.9
1437610 525.8
1437620 526.2
1437630 526.2
1437640 526.6
1437650 527.2
1437660 527.2
1437670 528.1
1437680 529.0
1437690 529.0
1437700 529.5
1437710 529.9
1437720 529.9
1437730 530.2
1437740 530.7
1437750 530.7
1437760 531.3
1437770 532.0
1437780 532.0
1437790 532.9
1437800 534.2
1437810 534.2
1437820 536.4
1437830 539.4
1437840 539.4
1437850 543.1
1437860 547.2
1437870 547.2
1437880 551.2
1437890 556.6
1437900 556.6
1437910 563.4
1437920 569.6
1437930 569.6
1437940 574.4
1437950 576.3
1437960 576.3
1437970 577.3
1437980 577.5
1437990 575.5
1438000 575.5
1438010 571.7
1438020 570.5
1438030 570.5
1438040 572.4
1438050 573.8
1438060 573.8
1438070 571.0
1438080 566.3
1438090 566.3
1438100 561.6
1438110 557.4
1438120 557.4
1438130 554.0
1438140 551.7
1438150 551.7
1438160 550.4
1438170 549.0
1438180 549.0
1438190 547.4
1438200 545.1
1438210 545.1
1438220 542.9
1438230 541.4
1438240 541.4
1438250 540.5
1438260 539.8
1438270 539.8
1438280 539.2
1438290 538.8
1438300 538.8
1438310 538.7
1438320 538.4
1438330 538.4
1438340 538.2
1438350 537.9
1438360 537.9
1438370 537.8
1438380 537.7
1438390 537.7
1438400 537.6
1438410 538.3
1438420 538.3
1438430 539.6
1438440 541.1
1438450 541.1
1438460 542.6
1438470 543.6
1438480 544.5
1438490 544.5
1438500 545.9
1438510 547.6
1438520 547.6
1438530 548.6
1438540 548.6
1438550 548.6
1438560 548.7
1438570 548.6
1438580 548.6
1438590 545.9
1438600 543.2
1438610 543.2
1438620 542.4
1438630 541.0
1438640 541.0
1438650 541.0
1438660 540.9
1438670 540.9
1438680 540.7
1438690 540.8
1438700 540.8
1438710 541.3
1438720 543.1
1438730 543.1
1438740 548.8
1438750 553.6
1438760 553.6
1438770 557.7
1438780 561.4
1438790 561.4
1438800 564.6
1438810 567.1
1438820 567.1
1438830 570.6
1438840 574.0
1438850 574.0
1438860 576.1
1438870 577.7
1438880 577.7
1438890 579.0
1438900 579.3
1438910 579.3
1438920 578.4
1438930 576.9
1438940 576.9
1438950 575.4
1438960 574.3
1438970 572.9
1438980 572.9
1438990 571.6
1439000 571.2
1439010 571.2
1439020 570.0
1439030 567.8
1439040 567.8
1439050 566.3
1439060 565.6
1439070 565.6
1439080 564.8
1439090 563.4
1439100 563.4
1439110 561.8
1439120 559.8
1439130 559.8
1439140 557.8
1439150 555.3
1439160 555.3
1439170 553.7
1439180 552.1
1439190 552.1
1439200 550.9
1439210 549.9
1439220 549.9
1439230 548.5
1439240 547.4
1439250 547.4
1439260 546.3
1439270 545.3
1439280 545.3
1439290 544.3
1439300 544.0
1439310 544.0
1439320 544.0
1439330 544.2
1439340 544.2
1439350 544.3
1439360 544.4
1439370 544.4
1439380 544.4
1439390 544.4
1439400 544.4
1439410 544.3
1439420 544.3
1439430 544.3
1439440 544.2
1439450 544.1
1439460 543.9
1439470 543.9
1439480 543.8
1439490 543.7
1439500 543.7
1439510 543.6
1439520 543.7
1439530 543.7
1439540 543.8
1439550 543.9
1439560 543.9
1439570 544.2
1439580 544.4
1439590 544.4
1439600 544.6
1439610 545.0
1439620 545.0
1439630 545.2
1439640 545.4
1439650 545.4
1439660 545.6
1439670 545.7
1439680 545.7
1439690 546.0
1439700 546.3
1439710 546.3
1439720 546.1
1439730 546.4
1439740 546.4
1439750 546.4
1439760 546.3
1439770 546.3
1439780 546.7
1439790 546.9
1439800 546.9
1439810 547.1
1439820 547.2
1439830 547.2
1439840 547.4
1439850 547.4
1439860 547.4
1439870 547.7
1439880 547.9
1439890 547.9
1439900 548.0
1439910 548.2
1439920 548.5
1439930 548.5
1439940 548.8
1439950 549.4
1439960 549.4
1439970 549.9
1439980 550.3
1439990 550.3
