1437100 525.5
1437110 525.5
1437120 524.3
1437130 522.7
1437140 522.7
1437150 521.1
1437160 519.0
1437170 519.0
1437180 516.8
1437190 515.0
1437200 515.0
1437210 513.4
1437220 512.3
1437230 512.3
1437240 511.3
1437250 509.8
1437260 509.8
1437270 507.9
1437280 505.8
1437290 505.8
1437300 503.9
1437310 502.9
1437320 502.9
1437330 502.0
1437340 499.4
1437350 499.4
1437360 495.5
1437370 491.7
1437380 491.7
1437390 487.2
1437400 483.9
1437410 482.1
1437420 482.1
1437430 479.5
1437440 478.9
1437450 478.9
1437460 479.5
1437470 480.3
1437480 480.3
1437490 479.7
1437500 479.5
1437510 479.5
1437520 481.4
1437530 483.8
1437540 483.8
1437550 487.1
1437560 488.7
1437570 488.7
1437580 489.9
1437590 490.3
1437600 490.3
1437610 491.5
1437620 494.1
1437630 494.1
1437640 496.7
1437650 498.5
1437660 498.5
1437670 502.3
1437680 507.3
1437690 507.3
1437700 511.7
1437710 513.6
1437720 513.6
1437730 513.8
1437740 516.8
1437750 516.8
1437760 522.7
1437770 528.2
1437780 528.2
1437790 531.7
1437800 534.8
1437810 534.8
1437820 538.6
1437830 543.4
1437840 543.4
1437850 548.9
1437860 554.4
1437870 554.4
1437880 559.9
1437890 563.3
1437900 565.2
1437910 565.2
1437920 566.6
1437930 567.3
1437940 567.3
1437950 566.2
1437960 563.5
1437970 566.1
1437980 563.5
1437990 561.3
1438000 561.3
1438010 558.7
1438020 558.3
1438030 558.3
1438040 558.3
1438050 555.2
1438060 555.2
1438070 550.7
1438080 547.1
1438090 547.1
1438100 544.9
1438110 543.7
1438120 543.7
1438130 543.5
1438140 543.4
1438150 543.4
1438160 543.3
1438170 543.2
1438180 543.2
1438190 543.0
1438200 542.5
1438210 542.5
1438220 541.6
1438230 540.6
1438240 540.6
1438250 539.7
1438260 539.0
1438270 539.0
1438280 538.5
1438290 538.2
1438300 538.2
1438310 537.8
1438320 537.4
1438330 537.4
1438340 537.0
1438350 536.7
1438360 536.7
1438370 536.5
1438380 536.5
1438390 536.3
1438400 536.3
1438410 536.3
1438420 536.5
1438430 536.5
1438440 536.6
1438450 536.6
1438460 536.6
1438470 536.6
1438480 536.8
1438490 536.8
1438500 536.9
1438510 536.8
1438520 536.8
1438530 536.9
1438540 537.2
1438550 537.2
1438560 538.2
1438570 538.9
1438580 538.9
1438590 539.2
1438600 539.8
1438610 539.8
1438620 540.6
1438630 541.1
1438640 541.1
1438650 540.9
1438660 540.1
1438670 540.1
1438680 539.9
1438690 539.9
1438700 539.9
1438710 539.7
1438720 539.7
1438730 539.7
1438740 539.5
1438750 539.2
1438760 539.2
1438770 539.1
1438780 539.2
1438790 539.2
1438800 539.2
1438810 539.3
1438820 539.3
1438830 539.4
1438840 539.6
1438850 539.6
1438860 540.9
1438870 543.0
1438880 544.4
1438890 544.4
1438900 545.5
1438910 546.6
1438920 546.6
1438930 547.6
1438940 548.3
1438950 548.3
1438960 549.9
1438970 552.5
1438980 552.5
1438990 554.0
1439000 554.8
1439010 554.8
1439020 554.9
1439030 554.5
1439040 554.5
1439050 553.9
1439060 553.0
1439070 553.0
1439080 552.0
1439090 551.0
1439100 551.0
1439110 549.8
1439120 548.8
1439130 548.8
1439140 547.9
1439150 547.3
1439160 547.3
1439170 546.8
1439180 546.2
1439190 546.2
1439200 545.7
1439210 545.3
1439220 545.3
1439230 545.0
1439240 544.8
1439250 544.8
1439260 544.4
1439270 543.3
1439280 543.3
1439290 541.5
1439300 541.5
1439310 541.5
1439320 541.5
1439330 541.2
1439340 541.2
1439350 540.8
1439360 540.4
1439370 540.1
1439380 540.1
1439390 540.2
1439400 540.3
1439410 540.3
1439420 540.2
1439430 540.2
1439440 540.2
1439450 540.3
1439460 540.5
1439470 540.5
1439480 540.8
1439490 541.0
1439500 541.0
1439510 541.2
1439520 541.3
1439530 541.3
1439540 541.5
1439550 541.6
1439560 541.6
1439570 541.8
1439580 541.9
1439590 541.9
1439600 542.1
1439610 542.4
1439620 542.4
1439630 542.6
1439640 542.6
1439650 542.6
1439660 542.7
1439670 542.8
1439680 542.8
1439690 542.9
1439700 543.1
1439710 543.1
1439720 543.2
1439730 543.2
1439740 543.2
1439750 540.5
1439760 534.6
1439770 534.6
1439780 528.3
1439790 531.5
1439800 531.5
1439810 537.7
1439820 542.8
1439830 544.5
1439840 544.5
1439850 544.7
1439860 544.6
1439870 544.6
1439880 544.8
1439890 545.1
1439900 545.1
1439910 545.2
1439920 545.4
1439930 545.4
1439940 545.8
1439950 546.0
1439960 546.0
1439970 546.2
1439980 546.5
1439990 546.5
