1439350 482.6
1439360 482.6
1439370 482.4
1439380 482.2
1439390 482.2
1439400 482.0
1439410 482.0
1439420 482.0
1439430 482.1
1439440 482.8
1439450 484.0
1439460 484.0
1439470 485.8
1439480 487.5
1439490 487.5
1439500 488.2
1439510 488.2
1439520 488.2
1439530 488.2
1439540 488.3
1439550 488.3
1439560 488.4
1439570 488.4
1439580 488.4
1439590 488.3
1439600 488.2
1439610 488.2
1439620 488.1
1439630 488.6
1439640 488.6
1439650 489.8
1439660 490.6
1439670 490.6
1439680 491.9
1439690 492.2
1439700 492.2
1439710 491.7
1439720 491.2
1439730 491.2
1439740 490.6
1439750 490.2
1439760 490.2
1439770 489.8
1439780 490.0
1439790 490.0
1439800 490.2
1439810 490.4
1439820 490.4
1439830 490.2
1439840 489.6
1439850 489.6
1439860 489.0
1439870 487.8
1439880 487.8
1439890 486.1
1439900 485.0
1439910 485.0
1439920 484.2
1439930 482.7
1439940 482.7
1439950 482.0
1439960 482.2
1439970 482.0
1439980 482.0
1439990 482.0
