1438330 451.9
1438340 451.9
1438350 451.9
1438360 451.7
1438370 451.7
1438380 451.6
1438390 451.3
1438400 451.3
1438410 450.8
1438420 450.4
1438430 450.4
1438440 449.6
1438450 449.1
1438460 449.1
1438470 449.1
1438480 449.1
1438490 449.1
1438500 449.0
1438510 448.9
1438520 448.9
1438530 448.8
1438540 448.7
1438550 448.7
1438560 448.6
1438570 448.5
1438580 448.5
1438590 448.5
1438600 448.5
1438610 448.5
1438620 448.4
1438630 448.3
1438640 448.3
1438650 448.1
1438660 448.0
1438670 448.0
1438680 448.0
1438690 448.1
1438700 448.1
1438710 448.1
1438720 448.0
1438730 448.0
1438740 448.0
1438750 448.0
1438760 448.0
1438770 448.0
1438780 447.9
1438790 447.9
1438800 447.9
1438810 447.9
1438820 447.9
1438830 447.9
1438840 447.8
1438850 447.7
1438860 447.7
1438870 447.6
1438880 447.5
1438890 447.5
1438900 447.4
1438910 447.4
1438920 447.4
1438930 447.3
1438940 447.5
1438950 447.5
1438960 447.5
1438970 447.4
1438980 447.4
1438990 446.8
1439000 446.1
1439010 446.1
1439020 446.2
1439030 447.0
1439040 447.0
1439050 445.7
1439060 445.0
1439070 445.0
1439080 445.0
1439090 445.1
1439100 445.1
1439110 445.3
1439120 445.6
1439130 445.6
1439140 445.9
1439150 445.9
1439160 445.9
1439170 445.8
1439180 446.0
1439190 446.0
1439200 446.4
1439210 445.4
1439220 445.4
1439230 444.4
1439240 444.4
1439250 444.4
1439260 444.4
1439270 444.4
1439280 444.7
1439290 444.7
1439300 445.8
1439310 445.9
1439320 445.9
1439330 446.2
1439340 446.4
1439350 446.4
1439360 446.4
1439370 446.3
1439380 446.3
1439390 446.2
1439400 446.3
1439410 446.3
1439420 446.4
1439430 446.8
1439440 446.8
1439450 446.6
1439460 446.7
1439470 446.7
1439480 448.5
1439490 448.4
1439500 448.4
1439510 448.6
1439520 449.5
1439530 449.5
1439540 450.4
1439550 451.1
1439560 451.1
1439570 452.2
1439580 453.4
1439590 453.4
1439600 454.5
1439610 455.6
1439620 455.6
1439630 456.6
1439640 458.0
1439650 458.0
1439660 460.0
1439670 461.8
1439680 461.8
1439690 464.0
1439700 465.9
1439710 465.9
1439720 467.6
1439730 469.5
1439740 469.5
1439750 472.0
1439760 474.5
1439770 474.5
1439780 476.6
1439790 477.9
1439800 478.5
1439810 478.5
1439820 479.6
1439830 481.7
1439840 481.7
1439850 483.1
1439860 483.4
1439870 483.4
1439880 483.7
1439890 483.7
1439900 483.7
1439910 483.7
1439920 483.4
1439930 483.4
1439940 483.2
1439950 483.6
1439960 483.6
1439970 484.3
1439980 484.8
1439990 484.8
