1439130 503.2
1439140 503.0
1439150 503.0
1439160 502.8
1439170 502.1
1439180 502.1
1439190 501.7
1439200 501.1
1439210 501.1
1439220 500.0
1439230 498.8
1439240 498.8
1439250 498.5
1439260 498.3
1439270 498.3
1439280 497.9
1439290 497.3
1439300 497.3
1439310 496.7
1439320 495.7
1439330 495.7
1439340 494.5
1439350 493.2
1439360 493.2
1439370 491.6
1439380 489.7
1439390 489.7
1439400 488.0
1439410 486.3
1439420 486.3
1439430 485.8
1439440 485.8
1439450 485.8
1439460 486.3
1439470 487.6
1439480 487.6
1439490 488.8
1439500 489.4
1439510 489.4
1439520 489.1
1439530 487.6
1439540 487.6
1439550 484.3
1439560 482.6
1439570 482.6
1439580 481.1
1439590 478.8
1439600 478.8
1439610 476.1
1439620 473.3
1439630 471.5
1439640 471.5
1439650 471.2
1439660 472.6
1439670 472.6
1439680 474.2
1439690 477.4
1439700 477.4
1439710 480.4
1439720 483.5
1439730 483.5
1439740 485.6
1439750 486.6
1439760 486.6
1439770 487.2
1439780 487.4
1439790 487.4
1439800 487.1
1439810 486.6
1439820 486.6
1439830 486.0
1439840 485.2
1439850 485.2
1439860 484.3
1439870 483.5
1439880 483.5
1439890 482.7
1439900 481.7
1439910 481.7
1439920 480.8
1439930 480.2
1439940 480.2
1439950 479.6
1439960 479.0
1439970 479.0
1439980 478.4
1439990 477.8
