1439000 494.6
1439010 494.8
1439020 494.8
1439030 494.9
1439040 494.8
1439050 494.8
1439060 494.9
1439070 495.0
1439080 495.0
1439090 495.0
1439100 495.1
1439110 495.1
1439120 495.0
1439130 494.7
1439140 494.7
1439150 494.6
1439160 494.2
1439170 494.2
1439180 493.6
1439190 493.3
1439200 493.3
1439210 492.9
1439220 492.7
1439230 492.6
1439240 492.6
1439250 492.0
1439260 491.7
1439270 491.7
1439280 491.8
1439290 492.1
1439300 492.1
1439310 492.2
1439320 492.0
1439330 492.0
1439340 491.0
1439350 489.9
1439360 489.9
1439370 489.1
1439380 488.4
1439390 488.4
1439400 488.0
1439410 487.6
1439420 487.6
1439430 487.0
1439440 485.2
1439450 485.2
1439460 484.5
1439470 484.7
1439480 484.7
1439490 484.7
1439500 484.0
1439510 484.0
1439520 483.1
1439530 482.2
1439540 482.2
1439550 481.1
1439560 479.7
1439570 479.7
1439580 477.9
1439590 475.7
1439600 475.7
1439610 474.1
1439620 474.7
1439630 474.7
1439640 476.8
1439650 479.9
1439660 479.9
1439670 482.2
1439680 483.3
1439690 483.3
1439700 483.8
1439710 484.1
1439720 484.1
1439730 484.2
1439740 484.5
1439750 484.6
1439760 484.6
1439770 484.8
1439780 484.8
1439790 484.8
1439800 484.5
1439810 484.2
1439820 484.2
1439830 483.5
1439840 482.7
1439850 482.7
1439860 481.9
1439870 481.2
1439880 481.2
1439890 480.5
1439900 479.8
1439910 479.8
1439920 478.9
1439930 477.8
1439940 477.8
1439950 476.2
1439960 472.4
1439970 472.4
1439980 467.8
1439990 466.1
