1439170 503.7
1439180 503.7
1439190 503.6
1439200 503.2
1439210 503.2
1439220 503.1
1439230 502.7
1439240 502.7
1439250 502.2
1439260 501.4
1439270 501.4
1439280 499.9
1439290 498.2
1439300 498.2
1439310 496.9
1439320 495.7
1439330 495.7
1439340 494.8
1439350 494.1
1439360 494.1
1439370 493.3
1439380 492.4
1439390 492.4
1439400 491.5
1439410 490.6
1439420 490.6
1439430 489.5
1439440 487.9
1439450 487.9
1439460 485.3
1439470 483.0
1439480 483.0
1439490 483.1
1439500 482.7
1439510 482.7
1439520 482.7
1439530 481.9
1439540 481.9
1439550 481.4
1439560 481.1
1439570 481.1
1439580 481.4
1439590 479.3
1439600 477.8
1439610 477.8
1439620 476.4
1439630 474.1
1439640 474.1
1439650 471.5
1439660 470.6
1439670 470.6
1439680 469.6
1439690 469.2
1439700 469.2
1439710 471.4
1439720 475.3
1439730 475.3
1439740 478.9
1439750 481.8
1439760 481.8
1439770 483.6
1439780 484.2
1439790 484.2
1439800 483.8
1439810 483.3
1439820 483.3
1439830 482.6
1439840 481.8
1439850 481.8
1439860 481.1
1439870 480.4
1439880 480.4
1439890 479.8
1439900 479.2
1439910 479.2
1439920 478.7
1439930 478.3
1439940 478.3
1439950 477.8
1439960 477.4
1439970 477.4
1439980 477.0
1439990 476.6
