1439490 431.0
1439500 431.0
1439510 430.8
1439520 430.5
1439530 430.5
1439540 430.4
1439550 430.4
1439560 430.4
1439570 430.4
1439580 430.4
1439590 430.4
1439600 430.3
1439610 430.2
1439620 430.2
1439630 430.0
1439640 429.8
1439650 429.8
1439660 429.6
1439670 429.4
1439680 429.4
1439690 429.1
1439700 428.9
1439710 428.9
1439720 428.6
1439730 428.3
1439740 428.3
1439750 428.1
1439760 427.8
1439770 427.8
1439780 427.5
1439790 427.4
1439800 427.4
1439810 427.3
1439820 427.1
1439830 427.1
1439840 426.9
1439850 426.7
1439860 426.7
1439870 426.6
1439880 426.4
1439890 426.4
1439900 426.2
1439910 426.1
1439920 426.1
1439930 426.0
1439940 425.1
1439950 425.1
1439960 423.2
1439970 420.4
1439980 418.3
1439990 418.3
