1437630 452.7
1437640 453.1
1437650 453.1
1437660 453.6
1437670 454.1
1437680 454.1
1437690 454.5
1437700 454.6
1437710 454.6
1437720 454.4
1437730 454.0
1437740 454.0
1437750 453.4
1437760 452.6
1437770 451.6
1437780 451.6
1437790 450.6
1437800 449.7
1437810 449.7
1437820 448.9
1437830 448.3
1437840 448.3
1437850 448.0
1437860 447.9
1437870 447.9
1437880 447.9
1437890 448.0
1437900 448.0
1437910 447.9
1437920 447.8
1437930 447.8
1437940 447.9
1437950 447.9
1437960 447.9
1437970 447.9
1437980 447.8
1437990 447.8
1438000 447.9
1438010 447.8
1438020 447.8
1438030 447.4
1438040 446.7
1438050 446.7
1438060 446.4
1438070 446.1
1438080 446.1
1438090 446.0
1438100 445.9
1438110 445.9
1438120 446.0
1438130 446.1
1438140 446.1
1438150 446.2
1438160 446.6
1438170 446.6
1438180 447.2
1438190 447.9
1438200 447.9
1438210 448.8
1438220 449.7
1438230 449.7
1438240 450.4
1438250 450.9
1438260 450.9
1438270 451.4
1438280 451.6
1438290 451.6
1438300 451.5
1438310 451.3
1438320 451.3
1438330 451.0
1438340 450.3
1438350 450.3
1438360 449.9
1438370 449.6
1438380 449.6
1438390 449.2
1438400 448.6
1438410 448.6
1438420 448.0
1438430 447.0
1438440 447.0
1438450 446.0
1438460 445.4
1438470 445.4
1438480 445.0
1438490 444.7
1438500 444.7
1438510 444.3
1438520 444.0
1438530 443.6
1438540 443.6
1438550 443.1
1438560 442.6
1438570 442.6
1438580 442.2
1438590 441.8
1438600 441.8
1438610 441.0
1438620 441.5
1438630 441.5
1438640 441.5
1438650 439.8
1438660 439.8
1438670 437.9
1438680 437.3
1438690 437.3
1438700 436.9
1438710 435.4
1438720 436.1
1438730 434.8
1438740 433.6
1438750 433.6
1438760 432.9
1438770 432.3
1438780 432.3
1438790 431.8
1438800 431.4
1438810 431.4
1438820 431.1
1438830 431.0
1438840 431.0
1438850 430.5
1438860 430.0
1438870 430.0
1438880 430.3
1438890 430.8
1438900 430.8
1438910 430.7
1438920 430.5
1438930 430.5
1438940 430.5
1438950 430.6
1438960 430.6
1438970 430.8
1438980 431.1
1438990 431.1
1439000 431.2
1439010 431.3
1439020 431.3
1439030 431.5
1439040 431.5
1439050 431.5
1439060 431.5
1439070 431.1
1439080 431.1
1439090 430.3
1439100 429.6
1439110 429.6
1439120 428.9
1439130 428.0
1439140 428.0
1439150 427.1
1439160 426.8
1439170 426.8
1439180 426.1
1439190 425.1
1439200 425.1
1439210 424.3
1439220 424.0
1439230 424.0
1439240 424.0
1439250 423.7
1439260 423.7
1439270 423.6
1439280 423.5
1439290 423.7
1439300 423.7
1439310 423.9
1439320 423.8
1439330 423.8
1439340 423.6
1439350 423.2
1439360 423.2
1439370 422.9
1439380 422.8
1439390 422.8
1439400 422.7
1439410 422.6
1439420 422.6
1439430 422.3
1439440 422.2
1439450 422.2
1439460 422.2
1439470 422.3
1439480 422.3
1439490 422.5
1439500 422.7
1439510 422.7
1439520 423.0
1439530 423.1
1439540 423.1
1439550 422.9
1439560 422.7
1439570 422.7
1439580 422.8
1439590 423.0
1439600 423.0
1439610 423.1
1439620 423.3
1439630 423.3
1439640 423.4
1439650 423.3
1439660 423.3
1439670 423.6
1439680 423.6
1439690 423.6
1439700 423.6
1439710 423.6
1439720 423.6
1439730 423.5
1439740 423.4
1439750 423.4
1439760 423.4
1439770 423.3
1439780 423.3
1439790 423.2
1439800 423.2
1439810 423.2
1439820 423.3
1439830 423.2
1439840 423.2
1439850 423.1
1439860 422.8
1439870 422.8
1439880 422.5
1439890 422.4
1439900 422.4
1439910 422.2
1439920 422.1
1439930 422.1
1439940 422.1
1439950 422.0
1439960 422.0
1439970 421.9
1439980 421.8
1439990 421.8
