1437620 434.8
1437630 435.0
1437640 435.0
1437650 435.3
1437660 435.6
1437670 435.6
1437680 436.0
1437690 436.6
1437700 436.6
1437710 437.4
1437720 438.6
1437730 438.6
1437740 439.6
1437750 440.2
1437760 440.2
1437770 440.6
1437780 441.1
1437790 441.1
1437800 441.5
1437810 441.8
1437820 441.8
1437830 442.0
1437840 442.1
1437850 442.1
1437860 442.1
1437870 442.0
1437880 442.0
1437890 441.7
1437900 441.4
1437910 441.4
1437920 441.3
1437930 441.3
1437940 441.3
1437950 441.5
1437960 441.8
1437970 441.8
1437980 442.0
1437990 442.1
1438000 442.1
1438010 441.6
1438020 434.7
1438030 434.7
1438040 426.4
1438050 420.2
1438060 410.0
1438070 410.0
1438080 401.1
1438090 394.9
1438100 394.9
1438110 391.8
1438120 389.6
1438130 389.6
1438140 387.7
1438150 387.6
1438160 387.6
1438170 387.6
1438180 387.6
1438190 387.6
1438200 387.6
1438210 387.6
1438220 387.6
1438230 387.6
1438240 387.6
1438250 387.6
1438260 387.6
1438270 387.6
1438280 387.6
1438290 390.0
1438300 392.4
1438310 392.4
1438320 393.3
1438330 395.1
1438340 395.1
1438350 399.4
1438360 403.3
1438370 403.3
1438380 404.3
1438390 404.6
1438400 404.6
1438410 405.4
1438420 406.4
1438430 406.4
1438440 407.1
1438450 407.7
1438460 407.7
1438470 408.0
1438480 408.1
1438490 408.1
1438500 408.5
1438510 409.8
1438520 409.8
1438530 412.0
1438540 413.4
1438550 413.4
1438560 413.9
1438570 414.4
1438580 414.4
1438590 414.7
1438600 414.9
1438610 414.9
1438620 415.1
1438630 415.2
1438640 415.2
1438650 415.2
1438660 415.3
1438670 415.3
1438680 415.4
1438690 415.4
1438700 415.4
1438710 415.4
1438720 415.7
1438730 415.7
1438740 416.1
1438750 416.4
1438760 416.4
1438770 416.8
1438780 417.2
1438790 417.2
1438800 417.7
1438810 418.2
1438820 418.2
1438830 418.7
1438840 419.2
1438850 419.5
1438860 419.5
1438870 419.9
1438880 420.3
1438890 420.3
1438900 420.8
1438910 421.3
1438920 421.3
1438930 421.8
1438940 422.3
1438950 422.3
1438960 422.9
1438970 423.5
1438980 423.5
1438990 424.1
1439000 424.7
1439010 424.7
1439020 425.2
1439030 425.9
1439040 425.9
1439050 426.7
1439060 427.5
1439070 427.5
1439080 428.0
1439090 428.6
1439100 428.6
1439110 429.3
1439120 430.0
1439130 430.0
1439140 430.6
1439150 431.3
1439160 431.3
1439170 431.8
1439180 432.3
1439190 432.3
1439200 432.7
1439210 433.1
1439220 433.1
1439230 433.3
1439240 433.4
1439250 433.4
1439260 433.2
1439270 432.7
1439280 432.7
1439290 432.2
1439300 432.0
1439310 432.0
1439320 431.8
1439330 431.5
1439340 431.5
1439350 431.2
1439360 431.2
1439370 431.2
1439380 430.9
1439390 430.6
1439400 430.6
1439410 430.5
1439420 430.4
1439430 430.4
1439440 430.4
1439450 430.4
1439460 430.4
1439470 430.2
1439480 430.0
1439490 430.0
1439500 430.1
1439510 430.1
1439520 430.1
1439530 430.0
1439540 429.8
1439550 429.8
1439560 429.7
1439570 429.0
1439580 429.0
1439590 426.7
1439600 427.0
1439610 427.0
1439620 427.8
1439630 425.4
1439640 420.1
1439650 420.1
1439660 413.4
1439670 407.8
1439680 407.8
1439690 400.4
1439700 399.9
1439710 399.9
1439720 398.5
1439730 398.0
1439740 398.0
1439750 398.1
1439760 398.1
1439770 398.1
1439780 397.4
1439790 393.0
1439800 393.0
1439810 390.1
1439820 389.2
1439830 389.2
1439840 389.1
1439850 389.1
1439860 389.1
1439870 389.2
1439880 389.2
1439890 389.2
1439900 389.2
1439910 389.1
1439920 389.1
1439930 389.1
1439940 389.5
1439950 389.5
1439960 393.0
1439970 394.2
1439980 394.2
1439990 396.4
