1431560 435.4
1431570 435.4
1431580 435.4
1431590 435.6
1431600 435.6
1431610 435.7
1431620 435.8
1431630 435.8
1431640 436.0
1431650 436.2
1431660 436.2
1431670 436.4
1431680 436.7
1431690 436.7
1431700 437.0
1431710 437.3
1431720 437.2
1431730 437.6
1431740 437.8
1431750 437.8
1431760 437.9
1431770 438.0
1431780 438.0
1431790 438.2
1431800 438.3
1431810 438.3
1431820 438.5
1431830 438.7
1431840 438.7
1431850 438.9
1431860 439.3
1431870 439.3
1431880 439.7
1431890 440.3
1431900 440.3
1431910 440.8
1431920 441.0
1431930 441.0
1431940 440.9
1431950 440.0
1431960 438.8
1431970 438.8
1431980 436.8
1431990 434.8
1432000 434.8
1432010 432.6
1432020 430.1
1432030 430.1
1432040 428.5
1432050 427.7
1432060 427.7
1432070 426.3
1432080 424.8
1432090 424.8
1432100 423.8
1432110 422.9
1432120 422.9
1432130 422.2
1432140 421.5
1432150 421.5
1432160 420.8
1432170 420.0
1432180 420.0
1432190 419.3
1432200 417.8
1432210 417.8
1432220 413.1
1432230 409.1
1432240 409.1
1432250 406.6
1432260 405.2
1432270 405.2
1432280 404.5
1432290 404.3
1432300 404.3
1432310 404.3
1432320 404.1
1432330 404.1
1432340 404.2
1432350 404.0
1432360 404.0
1432370 403.9
1432380 403.8
1432390 403.8
1432400 403.7
1432410 403.7
1432420 403.7
1432430 403.8
1432440 404.2
1432450 404.2
1432460 404.4
1432470 403.9
1432480 403.9
1432490 403.7
1432500 403.6
1432510 403.6
1432520 403.6
1432530 403.6
1432540 403.6
1432550 403.7
1432560 403.8
1432570 403.8
1432580 403.9
1432590 404.0
1432600 404.0
1432610 404.0
1432620 404.1
1432630 404.1
1432640 404.1
1432650 404.1
1432660 404.1
1432670 404.1
1432680 404.2
1432690 404.2
1432700 404.2
1432710 404.2
1432720 404.2
1432730 404.3
1432740 404.4
1432750 404.4
1432760 404.5
1432770 404.5
1432780 404.5
1432790 404.5
1432800 405.2
1432810 405.6
1432820 405.6
1432830 405.5
1432840 405.7
1432850 405.7
1432860 406.0
1432870 406.2
1432880 406.2
1432890 406.4
1432900 406.6
1432910 406.6
1432920 406.8
1432930 406.9
1432940 406.9
1432950 407.1
1432960 407.2
1432970 407.2
1432980 407.5
1432990 407.7
1433000 407.7
1433010 407.6
1433020 406.7
1433030 406.7
1433040 405.2
1433050 403.8
1433060 403.8
1433070 402.8
1433080 402.4
1433090 402.4
1433100 401.9
1433110 397.0
1433120 397.0
1433130 390.7
1433140 388.3
1433150 388.3
1433160 383.5
1433170 385.8
1433180 385.8
1433190 393.8
1433200 401.1
1433210 401.1
1433220 402.3
1433230 402.3
1433240 402.3
1433250 402.3
1433260 402.5
1433270 402.5
1433280 402.7
1433290 403.0
1433300 403.0
1433310 403.3
1433320 403.6
1433330 403.6
1433340 403.8
1433350 404.1
1433360 404.1
1433370 404.2
1433380 404.3
1433390 404.3
1433400 404.3
1433410 404.3
1433420 404.3
1433430 404.4
1433440 404.6
1433450 404.6
1433460 404.6
1433470 404.3
1433480 404.3
1433490 403.9
1433500 402.2
1433510 402.2
1433520 398.2
1433530 392.5
1433540 392.5
1433550 388.2
1433560 386.7
1433570 386.7
1433580 386.5
1433590 386.5
1433600 386.5
1433610 386.4
1433620 386.4
1433630 386.4
1433640 386.4
1433650 386.4
1433660 386.4
1433670 386.4
1433680 386.3
1433690 386.5
1433700 386.5
1433710 386.7
1433720 386.8
1433730 386.8
1433740 387.1
1433750 387.2
1433760 387.2
1433770 387.2
1433780 386.8
1433790 386.8
1433800 385.5
1433810 383.9
1433820 383.9
1433830 383.1
1433840 383.0
1433850 383.0
1433860 383.0
1433870 383.0
1433880 383.0
1433890 383.0
1433900 383.0
1433910 383.0
1433920 383.0
1433930 383.0
1433940 383.0
1433950 383.0
1433960 383.0
1433970 383.0
1433980 383.0
1433990 383.1
1434000 383.1
1434010 383.0
1434020 383.1
1434030 383.1
1434040 383.1
1434050 383.1
1434060 383.1
1434070 383.1
1434080 383.1
1434090 383.1
1434100 383.1
1434110 383.1
1434120 383.1
1434130 383.1
1434140 383.2
1434150 383.2
1434160 383.5
1434170 384.2
1434180 384.2
1434190 385.5
1434200 386.4
1434210 386.4
1434220 386.9
1434230 385.9
1434240 385.9
1434250 386.7
1434260 387.2
1434270 387.2
1434280 387.6
1434290 387.8
1434300 387.8
1434310 387.8
1434320 387.7
1434330 387.7
1434340 387.6
1434350 387.5
1434360 387.5
1434370 387.4
1434380 387.3
1434390 387.3
1434400 387.3
1434410 387.4
1434420 387.4
1434430 387.3
1434440 387.2
1434450 387.2
1434460 387.2
1434470 387.2
1434480 387.2
1434490 387.2
1434500 387.1
1434510 387.1
1434520 387.1
1434530 387.1
1434540 387.2
1434550 387.2
1434560 387.1
1434570 387.1
1434580 387.1
1434590 387.2
1434600 388.5
1434610 388.5
1434620 390.7
1434630 392.9
1434640 392.9
1434650 395.3
1434660 397.7
1434670 397.7
1434680 400.1
1434690 401.7
1434700 401.7
1434710 402.9
1434720 403.7
1434730 403.7
1434740 403.8
1434750 403.8
1434760 403.8
1434770 403.7
1434780 403.6
1434790 403.6
1434800 403.8
1434810 403.9
1434820 403.9
1434830 404.1
1434840 404.3
1434850 404.3
1434860 404.5
1434870 404.6
1434880 404.6
1434890 404.6
1434900 404.7
1434910 404.7
1434920 404.8
1434930 404.8
1434940 404.8
1434950 404.9
1434960 405.0
1434970 405.0
1434980 405.1
1434990 405.2
1435000 405.2
1435010 405.2
1435020 405.3
1435030 405.3
1435040 405.2
1435050 405.0
1435060 405.0
1435070 405.1
1435080 405.1
1435090 405.1
1435100 405.1
1435110 405.0
1435120 405.0
1435130 405.0
1435140 405.0
1435150 405.0
1435160 404.9
1435170 405.0
1435180 405.0
1435190 405.1
1435200 405.1
1435210 405.1
1435220 405.2
1435230 405.3
1435240 405.3
1435250 405.4
1435260 405.4
1435270 405.4
1435280 405.5
1435290 405.4
1435300 405.4
1435310 405.4
1435320 405.3
1435330 405.2
1435340 405.2
1435350 405.3
1435360 405.2
1435370 405.2
1435380 405.4
1435390 405.4
1435400 405.4
1435410 405.6
1435420 405.6
1435430 405.6
1435440 405.7
1435450 405.8
1435460 405.8
1435470 406.0
1435480 406.2
1435490 406.2
1435500 406.1
1435510 406.2
1435520 406.2
1435530 406.0
1435540 405.9
1435550 405.9
1435560 406.1
1435570 405.9
1435580 405.9
1435590 406.0
1435600 406.1
1435610 406.1
1435620 406.2
1435630 406.3
1435640 406.3
1435650 406.2
1435660 406.1
1435670 406.1
1435680 406.2
1435690 406.3
1435700 406.3
1435710 406.4
1435720 406.5
1435730 406.5
1435740 406.7
1435750 406.9
1435760 406.9
1435770 407.2
1435780 407.4
1435790 407.4
1435800 407.6
1435810 407.8
1435820 407.8
1435830 408.0
1435840 408.4
1435850 408.4
1435860 408.7
1435870 409.1
1435880 409.1
1435890 409.4
1435900 409.7
1435910 409.7
1435920 410.1
1435930 410.7
1435940 410.7
1435950 411.5
1435960 412.4
1435970 412.4
1435980 413.3
1435990 414.2
1436000 414.2
1436010 415.1
1436020 415.9
1436030 415.9
1436040 416.8
1436050 417.8
1436060 417.8
1436070 418.5
1436080 418.3
1436090 418.3
1436100 416.9
1436110 415.5
1436120 414.5
1436130 414.5
1436140 414.0
1436150 413.8
1436160 413.8
1436170 413.7
1436180 413.6
1436190 413.6
1436200 413.6
1436210 413.5
1436220 413.5
1436230 413.5
1436240 413.6
1436250 413.6
1436260 413.7
1436270 413.7
1436280 413.7
1436290 413.8
1436300 413.8
1436310 413.8
1436320 413.8
1436330 413.5
1436340 413.5
1436350 413.1
1436360 411.2
1436370 411.2
1436380 408.6
1436390 408.5
1436400 408.5
1436410 408.9
1436420 407.5
1436430 407.5
1436440 407.2
1436450 406.0
1436460 406.0
1436470 405.4
1436480 405.5
1436490 405.5
1436500 405.1
1436510 404.9
1436520 404.9
1436530 404.8
1436540 404.9
1436550 404.9
1436560 405.0
1436570 405.6
1436580 405.6
1436590 406.4
1436600 407.1
1436610 407.1
1436620 407.8
1436630 408.5
1436640 408.5
1436650 409.4
1436660 410.5
1436670 410.5
1436680 411.5
1436690 412.7
1436700 412.7
1436710 415.1
1436720 419.3
1436730 419.3
1436740 423.4
1436750 425.5
1436760 425.5
1436770 425.0
1436780 423.9
1436790 423.9
1436800 423.9
1436810 424.4
1436820 424.4
1436830 424.5
1436840 424.3
1436850 424.3
1436860 422.8
1436870 422.9
1436880 422.9
1436890 422.8
1436900 422.4
1436910 422.4
1436920 422.2
1436930 421.9
1436940 421.9
1436950 421.6
1436960 421.4
1436970 421.4
1436980 421.4
1436990 421.6
1437000 421.7
1437010 421.7
1437020 421.7
1437030 421.4
1437040 421.4
1437050 421.1
1437060 420.8
1437070 420.8
1437080 420.8
1437090 421.1
1437100 421.1
1437110 421.5
1437120 421.9
1437130 421.9
1437140 422.4
1437150 423.1
1437160 423.1
1437170 424.1
1437180 425.3
1437190 425.3
1437200 426.2
1437210 426.6
1437220 426.6
1437230 426.0
1437240 425.4
1437250 425.4
1437260 424.6
1437270 424.2
1437280 424.2
1437290 424.3
1437300 424.6
1437310 424.6
1437320 425.0
1437330 425.3
1437340 425.3
1437350 425.5
1437360 425.2
1437370 425.2
1437380 424.4
1437390 423.1
1437400 423.1
1437410 421.4
1437420 418.7
1437430 418.7
1437440 416.9
1437450 415.9
1437460 415.9
1437470 415.0
1437480 412.5
1437490 412.5
1437500 409.2
1437510 407.4
1437520 407.4
1437530 406.9
1437540 410.6
1437550 410.6
1437560 414.8
1437570 416.9
1437580 416.9
1437590 418.4
1437600 420.7
1437610 420.7
1437620 422.1
1437630 423.5
1437640 423.5
1437650 425.8
1437660 426.5
1437670 426.5
1437680 426.4
1437690 426.2
1437700 426.2
1437710 426.0
1437720 425.8
1437730 425.8
1437740 425.8
1437750 425.5
1437760 425.5
1437770 425.7
1437780 426.1
1437790 426.4
1437800 426.4
1437810 426.8
1437820 427.5
1437830 427.5
1437840 428.5
1437850 429.7
1437860 429.7
1437870 430.6
1437880 431.2
1437890 431.2
1437900 431.4
1437910 431.8
1437920 431.8
1437930 432.1
1437940 432.0
1437950 432.0
1437960 432.8
1437970 434.3
1437980 434.3
1437990 434.9
1438000 435.2
1438010 435.2
1438020 435.6
1438030 435.8
1438040 435.8
1438050 435.9
1438060 435.8
1438070 435.8
1438080 435.6
1438090 435.4
1438100 435.4
1438110 435.5
1438120 435.5
1438130 435.5
1438140 435.7
1438150 435.8
1438160 435.8
1438170 435.8
1438180 435.7
1438190 435.7
1438200 435.8
1438210 436.0
1438220 436.0
1438230 436.2
1438240 436.3
1438250 436.3
1438260 436.3
1438270 436.2
1438280 436.2
1438290 436.2
1438300 436.1
1438310 436.1
1438320 436.0
1438330 435.8
1438340 435.8
1438350 435.6
1438360 435.5
1438370 435.5
1438380 435.4
1438390 435.4
1438400 435.4
1438410 435.4
1438420 435.3
1438430 435.3
1438440 435.4
1438450 435.4
1438460 435.4
1438470 435.5
1438480 435.5
1438490 435.5
1438500 435.6
1438510 436.0
1438520 436.0
1438530 436.3
1438540 436.6
1438550 436.6
1438560 436.9
1438570 437.6
1438580 437.6
1438590 437.4
1438600 437.5
1438610 437.4
1438620 437.4
1438630 437.7
1438640 437.9
1438650 437.9
1438660 438.1
1438670 438.2
1438680 438.2
1438690 438.5
1438700 438.8
1438710 438.8
1438720 438.8
1438730 438.6
1438740 438.6
1438750 438.6
1438760 438.5
1438770 438.5
1438780 438.1
1438790 437.9
1438800 437.9
1438810 437.8
1438820 437.6
1438830 437.6
1438840 437.3
1438850 436.9
1438860 436.9
1438870 436.7
1438880 436.5
1438890 436.5
1438900 436.2
1438910 436.1
1438920 436.1
1438930 436.1
1438940 436.1
1438950 436.1
1438960 436.2
1438970 436.2
1438980 436.2
1438990 436.3
1439000 436.4
1439010 436.4
1439020 436.7
1439030 436.8
1439040 436.8
1439050 436.8
1439060 436.7
1439070 436.7
1439080 436.5
1439090 436.1
1439100 436.1
1439110 435.5
1439120 435.3
1439130 435.3
1439140 435.3
1439150 435.1
1439160 435.1
1439170 435.0
1439180 435.0
1439190 435.0
1439200 435.0
1439210 435.2
1439220 435.2
1439230 435.4
1439240 435.7
1439250 435.7
1439260 436.1
1439270 436.3
1439280 436.3
1439290 436.5
1439300 436.6
1439310 436.6
1439320 436.8
1439330 437.1
1439340 437.1
1439350 437.4
1439360 437.9
1439370 437.9
1439380 438.5
1439390 439.0
1439400 439.0
1439410 439.3
1439420 439.4
1439430 439.4
1439440 439.3
1439450 439.2
1439460 439.2
1439470 439.2
1439480 439.2
1439490 439.4
1439500 439.4
1439510 439.8
1439520 440.3
1439530 440.3
1439540 441.0
1439550 441.5
1439560 441.5
1439570 442.0
1439580 442.4
1439590 442.4
1439600 442.5
1439610 442.5
1439620 442.5
1439630 442.7
1439640 442.7
1439650 442.7
1439660 442.7
1439670 442.5
1439680 442.5
1439690 442.0
1439700 441.6
1439710 441.6
1439720 440.8
1439730 440.0
1439740 440.0
1439750 439.5
1439760 439.2
1439770 439.2
1439780 438.9
1439790 438.4
1439800 438.4
1439810 437.9
1439820 437.5
1439830 437.5
1439840 437.3
1439850 437.2
1439860 437.2
1439870 437.1
1439880 437.2
1439890 437.2
1439900 437.2
1439910 437.2
1439920 437.2
1439930 437.3
1439940 437.3
1439950 437.3
1439960 437.3
1439970 437.3
1439980 437.3
1439990 437.4
