1431560 433.8
1431570 433.8
1431580 434.0
1431590 434.3
1431600 434.3
1431610 434.9
1431620 435.3
1431630 435.3
1431640 435.4
1431650 435.6
1431660 435.6
1431670 436.0
1431680 436.4
1431690 436.4
1431700 436.8
1431710 437.2
1431720 437.2
1431730 437.7
1431740 437.9
1431750 437.9
1431760 438.2
1431770 438.4
1431780 438.4
1431790 438.8
1431800 438.9
1431810 439.0
1431820 439.0
1431830 439.0
1431840 438.8
1431850 438.8
1431860 438.5
1431870 438.1
1431880 438.1
1431890 437.4
1431900 436.9
1431910 436.9
1431920 435.9
1431930 434.3
1431940 434.3
1431950 433.6
1431960 431.7
1431970 431.7
1431980 429.8
1431990 428.5
1432000 428.5
1432010 427.4
1432020 426.6
1432030 426.6
1432040 425.8
1432050 425.0
1432060 425.0
1432070 424.3
1432080 423.7
1432090 423.7
1432100 423.2
1432110 422.9
1432120 422.9
1432130 422.4
1432140 420.7
1432150 420.7
1432160 416.9
1432170 411.2
1432180 411.2
1432190 406.5
1432200 404.4
1432210 404.4
1432220 403.5
1432230 403.2
1432240 403.2
1432250 403.0
1432260 402.8
1432270 402.8
1432280 402.8
1432290 402.8
1432300 402.8
1432310 402.6
1432320 402.8
1432330 402.8
1432340 402.8
1432350 403.0
1432360 403.0
1432370 403.2
1432380 403.3
1432390 403.3
1432400 403.2
1432410 403.1
1432420 403.1
1432430 403.0
1432440 403.0
1432450 403.0
1432460 403.1
1432470 403.2
1432480 403.2
1432490 403.2
1432500 403.3
1432510 403.3
1432520 403.4
1432530 403.6
1432540 403.6
1432550 403.8
1432560 403.9
1432570 403.9
1432580 403.9
1432590 403.9
1432600 403.9
1432610 404.0
1432620 404.2
1432630 404.2
1432640 404.1
1432650 404.0
1432660 404.0
1432670 404.0
1432680 404.1
1432690 404.4
1432700 404.4
1432710 405.1
1432720 405.6
1432730 405.6
1432740 405.9
1432750 405.9
1432760 405.9
1432770 405.9
1432780 406.1
1432790 406.1
1432800 406.3
1432810 406.4
1432820 406.4
1432830 406.6
1432840 406.8
1432850 406.8
1432860 407.0
1432870 407.1
1432880 407.1
1432890 407.2
1432900 407.3
1432910 407.3
1432920 407.5
1432930 407.7
1432940 407.7
1432950 407.7
1432960 407.9
1432970 407.9
1432980 407.9
1432990 407.8
1433000 407.8
1433010 406.9
1433020 405.4
1433030 405.4
1433040 403.8
1433050 402.8
1433060 402.8
1433070 402.1
1433080 398.1
1433090 398.1
1433100 392.1
1433110 389.2
1433120 389.2
1433130 387.3
1433140 384.0
1433150 384.0
1433160 383.2
1433170 386.4
1433180 386.4
1433190 391.7
1433200 399.4
1433210 399.4
1433220 402.1
1433230 402.8
1433240 402.8
1433250 402.1
1433260 401.9
1433270 401.9
1433280 400.3
1433290 396.7
1433300 396.7
1433310 391.8
1433320 388.1
1433330 388.1
1433340 386.6
1433350 386.3
1433360 386.3
1433370 386.2
1433380 386.3
1433390 386.3
1433400 386.2
1433410 386.2
1433420 386.2
1433430 386.1
1433440 386.1
1433450 386.1
1433460 386.1
1433470 386.1
1433480 386.2
1433490 386.2
1433500 386.4
1433510 386.7
1433520 386.7
1433530 387.1
1433540 387.1
1433550 387.1
1433560 386.9
1433570 386.0
1433580 386.0
1433590 384.1
1433600 382.9
1433610 382.9
1433620 382.8
1433630 382.8
1433640 382.8
1433650 382.8
1433660 382.8
1433670 382.8
1433680 382.8
1433690 382.8
1433700 382.8
1433710 382.8
1433720 382.8
1433730 382.8
1433740 382.8
1433750 382.8
1433760 382.8
1433770 382.8
1433780 382.8
1433790 382.8
1433800 382.8
1433810 382.8
1433820 382.8
1433830 382.9
1433840 382.9
1433850 382.9
1433860 382.9
1433870 383.4
1433880 383.4
1433890 384.7
1433900 386.0
1433910 386.0
1433920 386.8
1433930 387.4
1433940 387.4
1433950 387.5
1433960 387.3
1433970 387.3
1433980 387.1
1433990 386.9
1434000 386.9
1434010 386.8
1434020 386.6
1434030 386.6
1434040 386.6
1434050 386.7
1434060 386.7
1434070 386.7
1434080 386.7
1434090 386.7
1434100 386.8
1434110 386.8
1434120 386.8
1434130 386.9
1434140 386.8
1434150 386.8
1434160 386.8
1434170 386.8
1434180 386.8
1434190 386.8
1434200 386.9
1434210 386.9
1434220 387.1
1434230 388.1
1434240 388.1
1434250 389.8
1434260 391.9
1434270 391.9
1434280 394.4
1434290 397.5
1434300 397.5
1434310 399.2
1434320 398.2
1434330 396.7
1434340 396.7
1434350 399.3
1434360 401.2
1434370 401.2
1434380 401.3
1434390 401.6
1434400 401.6
1434410 401.9
1434420 402.2
1434430 402.2
1434440 402.5
1434450 402.7
1434460 402.7
1434470 403.0
1434480 403.2
1434490 403.2
1434500 403.4
1434510 403.5
1434520 403.5
1434530 403.6
1434540 403.6
1434550 403.6
1434560 403.7
1434570 403.7
1434580 403.7
1434590 403.7
1434600 403.8
1434610 403.8
1434620 403.8
1434630 403.8
1434640 403.8
1434650 403.8
1434660 403.7
1434670 403.7
1434680 403.7
1434690 403.7
1434700 403.7
1434710 403.7
1434720 403.6
1434730 403.6
1434740 403.6
1434750 403.7
1434760 403.7
1434770 403.7
1434780 403.8
1434790 403.8
1434800 403.9
1434810 403.9
1434820 403.9
1434830 404.0
1434840 404.1
1434850 404.1
1434860 404.2
1434870 404.3
1434880 404.3
1434890 404.3
1434900 404.3
1434910 404.3
1434920 404.4
1434930 404.5
1434940 404.5
1434950 404.5
1434960 404.5
1434970 404.5
1434980 404.5
1434990 404.5
1435000 404.5
1435010 404.6
1435020 404.7
1435030 404.7
1435040 404.7
1435050 404.7
1435060 404.7
1435070 404.7
1435080 404.9
1435090 404.9
1435100 404.9
1435110 405.0
1435120 405.0
1435130 405.1
1435140 405.1
1435150 405.2
1435160 405.1
1435170 405.1
1435180 405.3
1435190 405.3
1435200 405.2
1435210 405.2
1435220 405.2
1435230 405.4
1435240 405.4
1435250 405.4
1435260 405.1
1435270 405.2
1435280 405.2
1435290 405.2
1435300 405.4
1435310 405.4
1435320 405.4
1435330 405.4
1435340 405.4
1435350 405.6
1435360 405.6
1435370 405.6
1435380 405.8
1435390 405.7
1435400 405.7
1435410 405.8
1435420 405.7
1435430 405.7
1435440 405.7
1435450 405.6
1435460 405.6
1435470 405.5
1435480 405.6
1435490 405.6
1435500 405.7
1435510 405.9
1435520 405.9
1435530 405.9
1435540 406.0
1435550 406.0
1435560 406.2
1435570 406.3
1435580 406.3
1435590 406.5
1435600 406.9
1435610 406.9
1435620 407.6
1435630 408.9
1435640 408.9
1435650 410.8
1435660 412.4
1435670 412.4
1435680 413.7
1435690 415.2
1435700 415.2
1435710 416.5
1435720 418.6
1435730 418.6
1435740 421.8
1435750 424.5
1435760 424.5
1435770 426.6
1435780 428.2
1435790 428.2
1435800 428.0
1435810 427.1
1435820 427.1
1435830 427.2
1435840 428.6
1435850 428.6
1435860 430.6
1435870 432.6
1435880 432.6
1435890 435.1
1435900 438.3
1435910 438.3
1435920 441.4
1435930 443.5
1435940 443.5
1435950 444.7
1435960 444.8
1435970 444.8
1435980 443.1
1435990 440.5
1436000 438.4
1436010 438.4
1436020 436.8
1436030 435.7
1436040 435.7
1436050 435.0
1436060 434.8
1436070 434.8
1436080 435.1
1436090 435.1
1436100 435.1
1436110 435.1
1436120 435.0
1436130 435.0
1436140 434.3
1436150 433.4
1436160 433.4
1436170 432.4
1436180 431.3
1436190 431.3
1436200 430.0
1436210 428.8
1436220 428.8
1436230 427.5
1436240 426.2
1436250 426.2
1436260 425.0
1436270 423.9
1436280 423.9
1436290 423.0
1436300 422.3
1436310 422.3
1436320 421.5
1436330 420.9
1436340 420.9
1436350 420.7
1436360 421.0
1436370 421.0
1436380 421.9
1436390 422.3
1436400 422.3
1436410 422.9
1436420 423.6
1436430 423.6
1436440 424.5
1436450 425.6
1436460 425.6
1436470 426.7
1436480 427.7
1436490 427.7
1436500 428.6
1436510 429.4
1436520 429.4
1436530 428.6
1436540 426.7
1436550 426.7
1436560 424.3
1436570 423.0
1436580 423.0
1436590 422.8
1436600 423.0
1436610 423.0
1436620 423.4
1436630 424.4
1436640 424.4
1436650 426.0
1436660 427.9
1436670 427.9
1436680 429.4
1436690 430.3
1436700 430.3
1436710 430.7
1436720 430.7
1436730 430.7
1436740 430.7
1436750 430.6
1436760 430.6
1436770 430.4
1436780 430.3
1436790 430.3
1436800 430.3
1436810 430.2
1436820 430.2
1436830 430.2
1436840 430.1
1436850 430.2
1436860 430.2
1436870 430.1
1436880 430.2
1436890 430.2
1436900 430.1
1436910 430.1
1436920 430.1
1436930 429.9
1436940 429.8
1436950 429.8
1436960 429.7
1436970 429.7
1436980 429.7
1436990 429.5
1437000 429.2
1437010 429.2
1437020 428.8
1437030 428.6
1437040 428.6
1437050 428.7
1437060 429.0
1437070 429.0
1437080 429.2
1437090 429.6
1437100 429.6
1437110 429.8
1437120 429.6
1437130 429.6
1437140 429.8
1437150 429.7
1437160 429.7
1437170 429.6
1437180 429.6
1437190 429.6
1437200 429.4
1437210 429.0
1437220 429.0
1437230 428.0
1437240 426.4
1437250 426.4
1437260 425.8
1437270 426.0
1437280 426.0
1437290 426.7
1437300 427.3
1437310 427.3
1437320 427.8
1437330 427.9
1437340 427.9
1437350 427.9
1437360 427.6
1437370 427.6
1437380 426.8
1437390 426.3
1437400 426.3
1437410 426.0
1437420 426.0
1437430 426.0
1437440 426.1
1437450 426.2
1437460 426.2
1437470 426.5
1437480 426.2
1437490 426.2
1437500 425.9
1437510 425.6
1437520 425.6
1437530 425.4
1437540 425.2
1437550 425.2
1437560 425.0
1437570 424.6
1437580 424.6
1437590 423.6
1437600 422.4
1437610 422.4
1437620 421.4
1437630 421.3
1437640 421.3
1437650 422.3
1437660 422.8
1437670 423.3
1437680 423.3
1437690 423.8
1437700 424.2
1437710 424.2
1437720 424.6
1437730 425.0
1437740 425.0
1437750 425.5
1437760 426.3
1437770 426.3
1437780 427.3
1437790 428.3
1437800 428.3
1437810 429.1
1437820 429.6
1437830 429.6
1437840 430.0
1437850 430.6
1437860 430.6
1437870 431.0
1437880 431.5
1437890 431.5
1437900 432.2
1437910 432.7
1437920 432.7
1437930 433.0
1437940 433.4
1437950 433.4
1437960 433.9
1437970 434.5
1437980 434.5
1437990 435.1
1438000 435.7
1438010 435.7
1438020 436.2
1438030 436.7
1438040 436.7
1438050 437.0
1438060 437.2
1438070 437.2
1438080 437.4
1438090 437.5
1438100 437.5
1438110 437.5
1438120 437.4
1438130 437.4
1438140 437.1
1438150 436.9
1438160 436.9
1438170 436.7
1438180 436.5
1438190 436.5
1438200 436.2
1438210 436.0
1438220 436.0
1438230 436.1
1438240 436.3
1438250 436.3
1438260 436.6
1438270 436.8
1438280 436.8
1438290 436.9
1438300 436.9
1438310 436.9
1438320 436.9
1438330 436.8
1438340 436.8
1438350 436.6
1438360 436.5
1438370 436.5
1438380 436.3
1438390 436.1
1438400 436.1
1438410 436.0
1438420 435.8
1438430 435.8
1438440 435.9
1438450 435.9
1438460 435.9
1438470 435.7
1438480 435.6
1438490 435.6
1438500 435.6
1438510 435.6
1438520 435.6
1438530 435.6
1438540 435.7
1438550 435.8
1438560 435.8
1438570 435.9
1438580 436.1
1438590 436.1
1438600 436.3
1438610 436.5
1438620 436.5
1438630 436.8
1438640 436.8
1438650 436.8
1438660 436.6
1438670 436.7
1438680 436.7
1438690 436.7
1438700 436.7
1438710 436.7
1438720 436.9
1438730 437.0
1438740 437.0
1438750 437.0
1438760 436.9
1438770 436.9
1438780 437.0
1438790 437.0
1438800 437.0
1438810 437.1
1438820 437.1
1438830 437.1
1438840 437.1
1438850 437.2
1438860 437.2
1438870 437.3
1438880 437.3
1438890 437.3
1438900 437.2
1438910 437.1
1438920 437.1
1438930 437.0
1438940 436.9
1438950 436.9
1438960 436.9
1438970 436.9
1438980 436.9
1438990 437.1
1439000 437.3
1439010 437.3
1439020 437.5
1439030 437.7
1439040 437.7
1439050 437.7
1439060 437.9
1439070 437.9
1439080 438.0
1439090 437.9
1439100 437.9
1439110 437.9
1439120 438.0
1439130 438.0
1439140 438.0
1439150 437.8
1439160 437.8
1439170 437.5
1439180 437.2
1439190 437.2
1439200 437.2
1439210 437.2
1439220 437.2
1439230 437.5
1439240 437.6
1439250 437.6
1439260 437.6
1439270 437.5
1439280 437.5
1439290 437.3
1439300 437.1
1439310 437.1
1439320 436.9
1439330 436.8
1439340 436.6
1439350 436.6
1439360 436.4
1439370 437.3
1439380 437.3
1439390 437.3
1439400 437.4
1439410 437.4
1439420 437.6
1439430 437.8
1439440 437.8
1439450 438.1
1439460 438.3
1439470 438.3
1439480 438.6
1439490 439.0
1439500 439.0
1439510 439.3
1439520 439.7
1439530 439.7
1439540 440.0
1439550 440.3
1439560 440.3
1439570 440.5
1439580 440.8
1439590 440.8
1439600 441.1
1439610 441.6
1439620 441.6
1439630 442.0
1439640 442.2
1439650 442.2
1439660 442.2
1439670 442.3
1439680 442.3
1439690 442.4
1439700 442.1
1439710 442.1
1439720 441.5
1439730 441.2
1439740 441.2
1439750 440.6
1439760 440.1
1439770 440.1
1439780 439.9
1439790 439.9
1439800 439.9
1439810 439.9
1439820 440.0
1439830 440.0
1439840 439.5
1439850 438.8
1439860 438.8
1439870 438.3
1439880 437.7
1439890 437.7
1439900 437.7
1439910 437.8
1439920 437.8
1439930 437.7
1439940 437.7
1439950 437.7
1439960 437.6
1439970 437.5
1439980 437.5
1439990 437.4
