1431530 394.9
1431540 394.9
1431550 394.9
1431560 394.8
1431570 394.8
1431580 394.6
1431590 394.6
1431600 394.6
1431610 394.6
1431620 394.6
1431630 394.6
1431640 394.6
1431650 394.6
1431660 394.6
1431670 394.7
1431680 394.8
1431690 394.8
1431700 394.9
1431710 394.9
1431720 394.9
1431730 395.0
1431740 395.2
1431750 395.2
1431760 395.3
1431770 395.4
1431780 395.4
1431790 395.4
1431800 395.4
1431810 395.4
1431820 395.4
1431830 395.4
1431840 395.4
1431850 395.4
1431860 395.5
1431870 395.5
1431880 395.5
1431890 395.6
1431900 395.6
1431910 395.6
1431920 395.7
1431930 395.8
1431940 395.8
1431950 396.0
1431960 396.2
1431970 396.2
1431980 396.5
1431990 397.3
1432000 397.3
1432010 397.9
1432020 397.5
1432030 397.5
1432040 396.8
1432050 393.8
1432060 393.8
1432070 388.3
1432080 385.3
1432090 385.3
1432100 384.2
1432110 384.0
1432120 384.0
1432130 383.5
1432140 383.2
1432150 383.2
1432160 383.9
1432170 384.3
1432180 384.3
1432190 383.1
1432200 384.1
1432210 384.1
1432220 384.8
1432230 385.1
1432240 385.1
1432250 384.4
1432260 382.0
1432270 382.0
1432280 380.8
1432290 380.8
1432300 380.8
1432310 380.8
1432320 380.8
1432330 380.8
1432340 380.8
1432350 380.8
1432360 380.8
1432370 380.8
1432380 380.8
1432390 380.8
1432400 380.8
1432410 380.8
1432420 380.8
1432430 382.5
1432440 384.8
1432450 384.8
1432460 385.2
1432470 385.2
1432480 385.2
1432490 385.2
1432500 385.0
1432510 385.0
1432520 384.9
1432530 384.8
1432540 384.8
1432550 385.0
1432560 384.8
1432570 384.8
1432580 384.5
1432590 384.5
1432600 384.5
1432610 384.4
1432620 384.2
1432630 384.2
1432640 384.5
1432650 384.4
1432660 384.4
1432670 384.3
1432680 384.3
1432690 384.4
1432700 384.4
1432710 384.5
1432720 384.2
1432730 384.2
1432740 383.2
1432750 383.1
1432760 383.1
1432770 384.2
1432780 384.6
1432790 384.6
1432800 384.7
1432810 385.3
1432820 385.3
1432830 385.7
1432840 385.7
1432850 385.7
1432860 385.7
1432870 385.6
1432880 385.6
1432890 385.6
1432900 385.5
1432910 385.5
1432920 385.5
1432930 385.5
1432940 385.6
1432950 386.0
1432960 386.3
1432970 386.3
1432980 386.3
1432990 386.3
1433000 386.3
1433010 386.1
1433020 385.9
1433030 385.9
1433040 385.7
1433050 385.7
1433060 385.7
1433070 385.8
1433080 386.1
1433090 386.1
1433100 386.5
1433110 386.8
1433120 386.8
1433130 387.1
1433140 387.5
1433150 387.5
1433160 387.8
1433170 387.9
1433180 387.9
1433190 388.0
1433200 388.0
1433210 388.0
1433220 388.0
1433230 388.0
1433240 388.0
1433250 388.2
1433260 388.4
1433270 388.4
1433280 388.0
1433290 387.8
1433300 387.8
1433310 387.8
1433320 388.1
1433330 388.1
1433340 388.6
1433350 389.2
1433360 389.2
1433370 389.8
1433380 390.5
1433390 390.5
1433400 391.1
1433410 391.7
1433420 391.7
1433430 392.2
1433440 392.8
1433450 392.8
1433460 393.3
1433470 393.9
1433480 393.9
1433490 394.4
1433500 394.8
1433510 394.8
1433520 395.2
1433530 395.5
1433540 395.5
1433550 395.8
1433560 396.1
1433570 396.1
1433580 396.1
1433590 395.9
1433600 395.8
1433610 395.8
1433620 395.6
1433630 395.6
1433640 395.6
1433650 395.5
1433660 395.4
1433670 395.4
1433680 395.6
1433690 395.8
1433700 395.8
1433710 395.9
1433720 396.0
1433730 396.0
1433740 396.1
1433750 395.8
1433760 395.8
1433770 395.4
1433780 394.9
1433790 394.9
1433800 394.9
1433810 395.0
1433820 395.0
1433830 395.1
1433840 395.3
1433850 395.3
1433860 394.9
1433870 393.9
1433880 393.9
1433890 394.9
1433900 395.6
1433910 395.6
1433920 395.8
1433930 396.2
1433940 396.2
1433950 397.4
1433960 398.1
1433970 398.1
1433980 398.3
1433990 398.2
1434000 398.2
1434010 397.8
1434020 397.3
1434030 397.3
1434040 397.3
1434050 397.6
1434060 397.6
1434070 398.0
1434080 398.2
1434090 398.2
1434100 398.6
1434110 398.8
1434120 398.8
1434130 399.0
1434140 399.4
1434150 399.4
1434160 399.9
1434170 400.2
1434180 400.2
1434190 400.6
1434200 400.9
1434210 400.9
1434220 401.0
1434230 401.1
1434240 401.1
1434250 401.1
1434260 401.4
1434270 401.4
1434280 401.8
1434290 402.0
1434300 402.0
1434310 402.1
1434320 402.2
1434330 402.2
1434340 402.1
1434350 402.2
1434360 402.2
1434370 402.4
1434380 402.2
1434390 402.2
1434400 402.0
1434410 401.9
1434420 402.1
1434430 402.1
1434440 402.2
1434450 402.0
1434460 402.0
1434470 401.4
1434480 401.4
1434490 401.4
1434500 401.4
1434510 401.3
1434520 401.3
1434530 401.3
1434540 401.2
1434550 401.2
1434560 401.2
1434570 401.1
1434580 401.1
1434590 401.1
1434600 401.1
1434610 401.1
1434620 400.9
1434630 400.8
1434640 400.8
1434650 400.8
1434660 400.8
1434670 400.8
1434680 400.7
1434690 400.7
1434700 400.7
1434710 400.7
1434720 400.6
1434730 400.6
1434740 400.7
1434750 400.7
1434760 400.7
1434770 400.6
1434780 400.7
1434790 400.7
1434800 400.6
1434810 400.6
1434820 400.6
1434830 400.5
1434840 400.4
1434850 400.4
1434860 400.3
1434870 400.2
1434880 400.2
1434890 400.2
1434900 400.4
1434910 400.4
1434920 400.7
1434930 401.1
1434940 401.1
1434950 400.9
1434960 400.6
1434970 400.6
1434980 400.0
1434990 399.9
1435000 399.9
1435010 400.0
1435020 400.1
1435030 400.1
1435040 400.2
1435050 400.2
1435060 400.2
1435070 400.4
1435080 400.5
1435090 400.5
1435100 400.5
1435110 400.6
1435120 400.6
1435130 400.6
1435140 400.6
1435150 400.6
1435160 400.7
1435170 400.7
1435180 400.7
1435190 400.8
1435200 400.9
1435210 400.9
1435220 400.9
1435230 400.8
1435240 400.8
1435250 400.5
1435260 400.2
1435270 400.2
1435280 400.0
1435290 399.8
1435300 399.6
1435310 399.6
1435320 399.5
1435330 399.4
1435340 399.4
1435350 399.5
1435360 399.5
1435370 399.5
1435380 399.5
1435390 399.6
1435400 399.6
1435410 399.7
1435420 399.6
1435430 399.6
1435440 399.6
1435450 399.4
1435460 399.4
1435470 399.1
1435480 398.7
1435490 398.7
1435500 398.7
1435510 398.7
1435520 398.7
1435530 398.8
1435540 398.8
1435550 398.8
1435560 398.7
1435570 398.5
1435580 398.5
1435590 398.3
1435600 398.2
1435610 398.2
1435620 398.8
1435630 400.9
1435640 400.9
1435650 404.2
1435660 408.0
1435670 408.0
1435680 412.2
1435690 416.0
1435700 416.0
1435710 418.7
1435720 421.5
1435730 421.5
1435740 424.2
1435750 427.4
1435760 427.4
1435770 432.0
1435780 434.9
1435790 434.9
1435800 435.2
1435810 436.1
1435820 436.1
1435830 436.6
1435840 436.9
1435850 436.9
1435860 437.1
1435870 437.4
1435880 437.4
1435890 437.6
1435900 437.8
1435910 437.8
1435920 437.9
1435930 437.8
1435940 437.8
1435950 437.6
1435960 437.4
1435970 437.4
1435980 437.3
1435990 437.1
1436000 437.1
1436010 436.7
1436020 436.6
1436030 436.6
1436040 436.4
1436050 436.2
1436060 436.2
1436070 435.9
1436080 435.7
1436090 435.7
1436100 435.3
1436110 435.1
1436120 435.1
1436130 434.9
1436140 434.8
1436150 434.8
1436160 434.6
1436170 434.7
1436180 434.7
1436190 434.7
1436200 434.6
1436210 434.6
1436220 434.6
1436230 434.6
1436240 434.6
1436250 434.6
1436260 434.6
1436270 434.6
1436280 434.6
1436290 434.6
1436300 434.5
1436310 434.5
1436320 434.5
1436330 434.4
1436340 434.4
1436350 434.3
1436360 434.2
1436370 434.2
1436380 434.0
1436390 433.9
1436400 433.9
1436410 433.9
1436420 433.7
1436430 433.7
1436440 433.4
1436450 433.0
1436460 433.0
1436470 432.7
1436480 432.3
1436490 432.3
1436500 431.9
1436510 431.5
1436520 431.5
1436530 431.2
1436540 431.0
1436550 431.0
1436560 430.7
1436570 430.5
1436580 430.5
1436590 430.2
1436600 429.8
1436610 429.8
1436620 429.4
1436630 429.0
1436640 429.0
1436650 428.8
1436660 428.9
1436670 428.9
1436680 428.9
1436690 428.8
1436700 428.8
1436710 428.6
1436720 428.4
1436730 428.4
1436740 428.3
1436750 428.2
1436760 428.2
1436770 428.3
1436780 428.4
1436790 428.4
1436800 428.7
1436810 429.0
1436820 429.0
1436830 429.3
1436840 429.6
1436850 429.6
1436860 430.0
1436870 430.4
1436880 430.4
1436890 430.5
1436900 430.6
1436910 430.6
1436920 430.7
1436930 431.0
1436940 431.0
1436950 431.3
1436960 431.5
1436970 431.5
1436980 431.7
1436990 431.8
1437000 431.8
1437010 432.1
1437020 432.2
1437030 432.2
1437040 432.1
1437050 431.9
1437060 431.6
1437070 431.6
1437080 431.3
1437090 430.9
1437100 430.9
1437110 430.6
1437120 430.3
1437130 430.3
1437140 429.9
1437150 429.5
1437160 429.5
1437170 429.3
1437180 429.2
1437190 429.2
1437200 429.4
1437210 429.4
1437220 429.4
1437230 429.5
1437240 429.6
1437250 429.6
1437260 429.7
1437270 429.8
1437280 429.8
1437290 430.0
1437300 430.1
1437310 430.1
1437320 430.2
1437330 430.3
1437340 430.3
1437350 430.3
1437360 430.3
1437370 430.3
1437380 430.3
1437390 430.4
1437400 430.4
1437410 430.4
1437420 430.5
1437430 430.5
1437440 430.5
1437450 430.6
1437460 430.6
1437470 430.9
1437480 431.3
1437490 431.3
1437500 431.1
1437510 431.3
1437520 431.3
1437530 431.2
1437540 431.3
1437550 431.3
1437560 431.0
1437570 430.6
1437580 430.6
1437590 430.5
1437600 430.4
1437610 430.4
1437620 430.3
1437630 430.2
1437640 430.2
1437650 430.4
1437660 430.6
1437670 430.6
1437680 430.7
1437690 431.0
1437700 431.0
1437710 431.4
1437720 432.0
1437730 432.0
1437740 432.4
1437750 432.4
1437760 432.4
1437770 432.3
1437780 432.2
1437790 432.2
1437800 431.7
1437810 431.3
1437820 431.3
1437830 431.0
1437840 430.8
1437850 430.8
1437860 430.5
1437870 430.3
1437880 430.3
1437890 430.1
1437900 430.0
1437910 430.0
1437920 430.1
1437930 430.2
1437940 430.4
1437950 430.4
1437960 430.7
1437970 431.1
1437980 431.1
1437990 431.6
1438000 431.9
1438010 431.9
1438020 431.8
1438030 431.4
1438040 431.4
1438050 430.7
1438060 430.2
1438070 430.2
1438080 430.2
1438090 430.4
1438100 430.4
1438110 430.7
1438120 431.2
1438130 431.2
1438140 431.5
1438150 431.7
1438160 431.7
1438170 431.6
1438180 431.8
1438190 431.8
1438200 432.0
1438210 431.8
1438220 431.8
1438230 431.9
1438240 432.3
1438250 432.3
1438260 432.7
1438270 433.0
1438280 433.0
1438290 433.2
1438300 433.3
1438310 433.3
1438320 433.4
1438330 433.6
1438340 433.6
1438350 433.7
1438360 433.8
1438370 433.8
1438380 434.0
1438390 434.1
1438400 434.1
1438410 434.1
1438420 433.8
1438430 433.8
1438440 434.4
1438450 434.7
1438460 434.7
1438470 434.6
1438480 434.7
1438490 434.7
1438500 434.9
1438510 435.1
1438520 435.1
1438530 435.3
1438540 435.6
1438550 435.6
1438560 435.7
1438570 435.6
1438580 435.6
1438590 435.5
1438600 435.4
1438610 435.4
1438620 435.3
1438630 435.6
1438640 435.6
1438650 435.8
1438660 435.9
1438670 435.9
1438680 436.0
1438690 436.1
1438700 436.1
1438710 436.0
1438720 436.2
1438730 436.2
1438740 436.3
1438750 435.9
1438760 435.9
1438770 435.7
1438780 435.6
1438790 435.6
1438800 435.6
1438810 435.7
1438820 435.7
1438830 435.7
1438840 435.7
1438850 435.8
1438860 435.8
1438870 435.7
1438880 435.6
1438890 435.6
1438900 435.6
1438910 435.6
1438920 435.6
1438930 435.4
1438940 435.6
1438950 435.6
1438960 435.8
1438970 435.4
1438980 435.4
1438990 434.9
1439000 434.2
1439010 434.2
1439020 433.5
1439030 433.0
1439040 433.0
1439050 432.8
1439060 432.8
1439070 432.8
1439080 432.4
1439090 432.0
1439100 432.0
1439110 432.2
1439120 432.3
1439130 432.3
1439140 432.1
1439150 431.9
1439160 431.9
1439170 431.6
1439180 431.4
1439190 431.4
1439200 431.2
1439210 431.3
1439220 431.3
1439230 431.3
1439240 431.1
1439250 431.1
1439260 430.8
1439270 430.7
1439280 430.7
1439290 430.5
1439300 429.8
1439310 429.8
1439320 429.1
1439330 427.6
1439340 427.6
1439350 427.5
1439360 428.7
1439370 428.7
1439380 429.0
1439390 429.2
1439400 429.2
1439410 429.3
1439420 429.3
1439430 429.3
1439440 429.2
1439450 429.3
1439460 429.3
1439470 429.3
1439480 429.5
1439490 429.5
1439500 429.7
1439510 429.9
1439520 429.9
1439530 429.9
1439540 430.0
1439550 430.0
1439560 430.2
1439570 430.4
1439580 430.4
1439590 430.8
1439600 431.1
1439610 431.1
1439620 431.5
1439630 431.7
1439640 431.7
1439650 432.0
1439660 432.2
1439670 432.2
1439680 432.5
1439690 433.0
1439700 433.6
1439710 433.6
1439720 433.9
1439730 433.7
1439740 433.7
1439750 433.5
1439760 433.3
1439770 433.3
1439780 433.2
1439790 433.1
1439800 433.1
1439810 433.2
1439820 433.3
1439830 433.3
1439840 433.1
1439850 433.0
1439860 433.0
1439870 433.0
1439880 432.9
1439890 432.9
1439900 432.8
1439910 433.0
1439920 433.0
1439930 433.1
1439940 433.2
1439950 433.2
1439960 433.1
1439970 433.2
1439980 433.2
1439990 433.3
