1429820 379.7
1429830 379.1
1429840 379.1
1429850 378.5
1429860 378.5
1429870 378.5
1429880 378.4
1429890 378.6
1429900 378.6
1429910 378.7
1429920 378.8
1429930 378.8
1429940 379.0
1429950 379.1
1429960 379.1
1429970 379.1
1429980 379.2
1429990 379.2
1430000 379.3
1430010 379.3
1430020 379.3
1430030 379.2
1430040 379.2
1430050 379.2
1430060 379.3
1430070 379.3
1430080 379.3
1430090 379.3
1430100 379.2
1430110 379.1
1430120 379.1
1430130 379.1
1430140 379.4
1430150 379.4
1430160 379.5
1430170 379.4
1430180 379.4
1430190 379.4
1430200 379.4
1430210 379.4
1430220 379.4
1430230 379.3
1430240 379.3
1430250 379.3
1430260 379.2
1430270 379.2
1430280 379.3
1430290 379.4
1430300 379.4
1430310 379.5
1430320 379.7
1430330 379.7
1430340 379.8
1430350 379.9
1430360 379.9
1430370 380.1
1430380 380.2
1430390 380.2
1430400 380.0
1430410 380.2
1430420 380.2
1430430 380.2
1430440 380.1
1430450 380.1
1430460 380.0
1430470 380.1
1430480 380.1
1430490 380.1
1430500 380.2
1430510 380.2
1430520 380.2
1430530 380.2
1430540 380.2
1430550 380.2
1430560 380.2
1430570 380.2
1430580 380.2
1430590 380.0
1430600 380.0
1430610 379.7
1430620 379.7
1430630 379.7
1430640 379.7
1430650 380.0
1430660 380.0
1430670 380.2
1430680 380.0
1430690 380.0
1430700 378.2
1430710 378.6
1430720 378.6
1430730 379.4
1430740 380.3
1430750 380.3
1430760 380.3
1430770 380.3
1430780 380.3
1430790 380.2
1430800 380.1
1430810 380.1
1430820 380.1
1430830 379.9
1430840 379.9
1430850 379.9
1430860 380.0
1430870 380.0
1430880 380.0
1430890 380.0
1430900 380.0
1430910 380.2
1430920 380.3
1430930 380.3
1430940 380.2
1430950 380.2
1430960 380.2
1430970 380.0
1430980 379.8
1430990 379.8
1431000 379.9
1431010 379.9
1431020 379.9
1431030 380.1
1431040 380.9
1431050 382.5
1431060 382.5
1431070 380.4
1431080 380.2
1431090 380.2
1431100 380.2
1431110 380.3
1431120 380.3
1431130 380.3
1431140 380.3
1431150 380.3
1431160 380.3
1431170 380.4
1431180 380.4
1431190 380.4
1431200 380.6
1431210 380.6
1431220 380.6
1431230 381.1
1431240 381.1
1431250 381.4
1431260 381.5
1431270 381.5
1431280 380.1
1431290 376.8
1431300 376.8
1431310 376.7
1431320 376.7
1431330 376.7
1431340 376.7
1431350 376.7
1431360 376.7
1431370 376.7
1431380 376.8
1431390 376.8
1431400 376.8
1431410 376.8
1431420 376.8
1431430 376.9
1431440 377.5
1431450 377.5
1431460 380.7
1431470 381.7
1431480 381.7
1431490 381.6
1431500 381.2
1431510 381.2
1431520 380.7
1431530 380.5
1431540 380.5
1431550 380.4
1431560 380.4
1431570 380.4
1431580 380.3
1431590 380.1
1431600 380.1
1431610 380.1
1431620 379.9
1431630 379.9
1431640 379.7
1431650 379.6
1431660 379.6
1431670 379.8
1431680 379.8
1431690 379.8
1431700 379.9
1431710 379.9
1431720 379.9
1431730 379.8
1431740 379.8
1431750 379.8
1431760 379.8
1431770 379.9
1431780 379.9
1431790 379.9
1431800 379.8
1431810 379.8
1431820 379.7
1431830 379.4
1431840 379.4
1431850 379.6
1431860 379.7
1431870 379.7
1431880 379.6
1431890 378.9
1431900 378.9
1431910 379.0
1431920 379.8
1431930 379.8
1431940 380.1
1431950 380.3
1431960 380.3
1431970 380.4
1431980 380.3
1431990 380.3
1432000 380.0
1432010 379.9
1432020 380.0
1432030 380.0
1432040 380.1
1432050 380.3
1432060 380.3
1432070 381.8
1432080 383.8
1432090 383.8
1432100 384.6
1432110 384.4
1432120 384.4
1432130 384.5
1432140 384.5
1432150 384.5
1432160 383.4
1432170 380.6
1432180 380.6
1432190 379.6
1432200 379.4
1432210 379.4
1432220 379.5
1432230 379.4
1432240 379.4
1432250 379.7
1432260 382.4
1432270 382.4
1432280 385.1
1432290 389.6
1432300 389.6
1432310 393.3
1432320 394.8
1432330 394.8
1432340 394.9
1432350 394.8
1432360 394.8
1432370 394.7
1432380 394.6
1432390 394.6
1432400 394.6
1432410 394.6
1432420 394.6
1432430 394.7
1432440 395.0
1432450 395.0
1432460 395.4
1432470 396.6
1432480 396.6
1432490 399.4
1432500 403.1
1432510 403.1
1432520 404.8
1432530 406.5
1432540 406.5
1432550 408.3
1432560 409.6
1432570 409.6
1432580 410.5
1432590 410.6
1432600 410.6
1432610 410.4
1432620 410.0
1432630 410.0
1432640 409.9
1432650 408.4
1432660 408.4
1432670 408.1
1432680 409.2
1432690 409.2
1432700 408.6
1432710 407.9
1432720 407.9
1432730 407.6
1432740 407.9
1432750 407.9
1432760 408.2
1432770 409.5
1432780 409.5
1432790 410.5
1432800 410.3
1432810 410.3
1432820 409.5
1432830 410.0
1432840 410.0
1432850 412.2
1432860 415.6
1432870 415.6
1432880 418.1
1432890 420.3
1432900 420.3
1432910 421.6
1432920 422.2
1432930 422.2
1432940 422.5
1432950 422.3
1432960 422.3
1432970 421.9
1432980 421.6
1432990 421.4
1433000 421.4
1433010 421.5
1433020 421.5
1433030 421.5
1433040 421.5
1433050 421.6
1433060 421.6
1433070 421.6
1433080 421.8
1433090 421.8
1433100 421.9
1433110 422.0
1433120 422.0
1433130 422.1
1433140 422.1
1433150 422.1
1433160 422.1
1433170 422.0
1433180 422.2
1433190 422.2
1433200 422.1
1433210 422.1
1433220 422.1
1433230 422.1
1433240 422.1
1433250 422.0
1433260 421.9
1433270 421.9
1433280 421.7
1433290 421.4
1433300 421.4
1433310 421.2
1433320 420.8
1433330 420.8
1433340 418.9
1433350 415.3
1433360 415.3
1433370 410.8
1433380 407.2
1433390 407.2
1433400 408.2
1433410 412.9
1433420 412.9
1433430 418.8
1433440 421.1
1433450 421.1
1433460 421.5
1433470 421.9
1433480 421.9
1433490 422.3
1433500 422.6
1433510 422.6
1433520 422.8
1433530 422.9
1433540 422.9
1433550 423.1
1433560 423.3
1433570 423.3
1433580 423.6
1433590 423.9
1433600 423.9
1433610 424.1
1433620 424.4
1433630 424.4
1433640 424.7
1433650 424.9
1433660 424.9
1433670 425.2
1433680 425.2
1433690 425.2
1433700 424.4
1433710 424.0
1433720 424.0
1433730 425.1
1433740 425.8
1433750 425.8
1433760 426.4
1433770 426.7
1433780 426.7
1433790 426.9
1433800 426.9
1433810 426.9
1433820 426.9
1433830 426.9
1433840 426.9
1433850 426.8
1433860 426.7
1433870 426.7
1433880 426.6
1433890 426.3
1433900 426.3
1433910 426.0
1433920 425.8
1433930 425.8
1433940 425.7
1433950 425.5
1433960 425.3
1433970 425.3
1433980 425.1
1433990 424.9
1434000 424.9
1434010 424.7
1434020 424.5
1434030 424.5
1434040 424.3
1434050 424.1
1434060 424.1
1434070 424.0
1434080 424.0
1434090 424.0
1434100 424.0
1434110 424.1
1434120 424.1
1434130 424.2
1434140 424.2
1434150 424.2
1434160 424.2
1434170 424.3
1434180 424.3
1434190 424.4
1434200 424.5
1434210 424.5
1434220 424.8
1434230 425.1
1434240 425.1
1434250 425.7
1434260 426.2
1434270 426.2
1434280 426.7
1434290 427.3
1434300 427.3
1434310 427.8
1434320 428.2
1434330 428.2
1434340 428.7
1434350 429.1
1434360 429.1
1434370 429.5
1434380 429.9
1434390 429.9
1434400 430.1
1434410 430.3
1434420 430.3
1434430 430.5
1434440 430.7
1434450 430.7
1434460 431.0
1434470 431.3
1434480 431.3
1434490 431.5
1434500 431.9
1434510 431.9
1434520 432.1
1434530 432.3
1434540 432.3
1434550 432.6
1434560 432.8
1434570 432.8
1434580 433.0
1434590 433.2
1434600 433.2
1434610 433.3
1434620 433.4
1434630 433.4
1434640 433.8
1434650 434.2
1434660 434.2
1434670 434.3
1434680 434.7
1434690 434.7
1434700 435.4
1434710 435.8
1434720 435.8
1434730 436.1
1434740 436.5
1434750 436.5
1434760 437.4
1434770 437.9
1434780 437.9
1434790 438.6
1434800 439.3
1434810 439.3
1434820 440.1
1434830 440.8
1434840 440.8
1434850 441.5
1434860 442.1
1434870 442.1
1434880 442.6
1434890 443.2
1434900 443.2
1434910 443.0
1434920 442.9
1434930 442.8
1434940 442.8
1434950 442.8
1434960 442.7
1434970 442.7
1434980 442.6
1434990 442.6
1435000 442.6
1435010 442.6
1435020 442.7
1435030 442.7
1435040 442.7
1435050 442.8
1435060 442.8
1435070 442.9
1435080 442.9
1435090 442.9
1435100 443.1
1435110 443.2
1435120 443.2
1435130 443.3
1435140 443.3
1435150 443.3
1435160 443.3
1435170 443.3
1435180 443.3
1435190 443.2
1435200 443.0
1435210 443.0
1435220 442.7
1435230 442.1
1435240 442.1
1435250 441.4
1435260 440.6
1435270 440.6
1435280 440.0
1435290 439.4
1435300 439.4
1435310 438.9
1435320 438.0
1435330 438.0
1435340 437.0
1435350 436.0
1435360 436.0
1435370 435.1
1435380 434.1
1435390 434.1
1435400 433.1
1435410 432.3
1435420 432.3
1435430 431.8
1435440 431.3
1435450 431.3
1435460 430.7
1435470 430.1
1435480 430.1
1435490 429.6
1435500 429.1
1435510 429.1
1435520 428.5
1435530 428.1
1435540 428.1
1435550 427.8
1435560 427.4
1435570 427.4
1435580 427.1
1435590 426.7
1435600 426.7
1435610 426.4
1435620 426.3
1435630 426.3
1435640 426.0
1435650 425.6
1435660 425.6
1435670 424.7
1435680 423.2
1435690 423.2
1435700 421.7
1435710 420.5
1435720 420.5
1435730 418.5
1435740 417.0
1435750 416.8
1435760 415.6
1435770 415.4
1435780 415.4
1435790 416.2
1435800 416.6
1435810 416.6
1435820 416.5
1435830 415.8
1435840 415.8
1435850 416.2
1435860 417.6
1435870 417.6
1435880 419.2
1435890 421.4
1435900 426.1
1435910 426.1
1435920 431.7
1435930 433.7
1435940 433.7
1435950 434.4
1435960 435.1
1435970 435.1
1435980 435.7
1435990 436.3
1436000 436.3
1436010 436.9
1436020 437.5
1436030 437.5
1436040 438.2
1436050 439.0
1436060 439.0
1436070 440.1
1436080 441.0
1436090 441.0
1436100 441.8
1436110 442.6
1436120 442.6
1436130 443.3
1436140 443.9
1436150 443.9
1436160 444.4
1436170 444.8
1436180 444.8
1436190 445.2
1436200 445.4
1436210 445.4
1436220 445.1
1436230 444.7
1436240 444.7
1436250 444.0
1436260 443.2
1436270 443.2
1436280 442.5
1436290 441.4
1436300 441.4
1436310 440.4
1436320 439.6
1436330 439.6
1436340 439.0
1436350 438.6
1436360 438.6
1436370 438.3
1436380 438.2
1436390 438.2
1436400 438.2
1436410 438.2
1436420 438.2
1436430 438.3
1436440 438.5
1436450 438.5
1436460 438.6
1436470 439.0
1436480 439.0
1436490 439.3
1436500 439.7
1436510 439.7
1436520 440.1
1436530 440.4
1436540 440.4
1436550 440.3
1436560 440.4
1436570 440.4
1436580 440.6
1436590 440.5
1436600 440.5
1436610 440.5
1436620 440.5
1436630 440.5
1436640 440.6
1436650 440.7
1436660 440.7
1436670 440.7
1436680 440.6
1436690 440.6
1436700 440.3
1436710 439.8
1436720 439.8
1436730 438.9
1436740 437.8
1436750 437.8
1436760 436.9
1436770 436.1
1436780 436.1
1436790 435.3
1436800 434.5
1436810 434.5
1436820 433.3
1436830 432.0
1436840 432.0
1436850 431.1
1436860 430.6
1436870 430.1
1436880 430.1
1436890 429.6
1436900 429.3
1436910 429.3
1436920 429.0
1436930 428.8
1436940 428.8
1436950 428.7
1436960 428.6
1436970 428.6
1436980 428.6
1436990 428.6
1437000 428.6
1437010 428.5
1437020 428.5
1437030 428.5
1437040 428.4
1437050 428.4
1437060 428.4
1437070 428.5
1437080 428.5
1437090 428.5
1437100 428.5
1437110 428.3
1437120 428.3
1437130 428.8
1437140 429.4
1437150 429.4
1437160 429.7
1437170 430.1
1437180 430.1
1437190 430.4
1437200 430.8
1437210 430.8
1437220 431.1
1437230 431.4
1437240 431.4
1437250 431.4
1437260 431.2
1437270 431.2
1437280 431.2
1437290 431.1
1437300 431.1
1437310 430.9
1437320 430.7
1437330 430.7
1437340 430.6
1437350 430.6
1437360 430.6
1437370 430.6
1437380 430.6
1437390 430.6
1437400 430.5
1437410 430.3
1437420 430.3
1437430 430.3
1437440 430.1
1437450 430.1
1437460 430.7
1437470 431.1
1437480 431.1
1437490 431.3
1437500 431.5
1437510 431.5
1437520 431.6
1437530 431.7
1437540 431.7
1437550 431.9
1437560 432.1
1437570 432.1
1437580 432.5
1437590 432.7
1437600 432.7
1437610 433.0
1437620 433.1
1437630 433.1
1437640 433.2
1437650 433.2
1437660 433.2
1437670 433.3
1437680 433.3
1437690 433.3
1437700 433.3
1437710 433.6
1437720 433.6
1437730 433.4
1437740 433.4
1437750 433.4
1437760 433.2
1437770 433.2
1437780 433.2
1437790 433.0
1437800 432.8
1437810 432.8
1437820 432.6
1437830 432.7
1437840 432.6
1437850 432.6
1437860 432.7
1437870 432.9
1437880 432.9
1437890 433.1
1437900 433.5
1437910 433.5
1437920 433.6
1437930 433.8
1437940 433.8
1437950 433.9
1437960 434.0
1437970 434.0
1437980 434.0
1437990 433.9
1438000 433.9
1438010 433.9
1438020 433.9
1438030 433.9
1438040 433.9
1438050 433.8
1438060 433.8
1438070 433.7
1438080 433.7
1438090 433.7
1438100 433.7
1438110 433.8
1438120 433.8
1438130 434.0
1438140 434.1
1438150 434.1
1438160 434.2
1438170 434.5
1438180 434.5
1438190 434.8
1438200 435.1
1438210 435.1
1438220 435.5
1438230 435.8
1438240 435.8
1438250 436.0
1438260 436.5
1438270 436.5
1438280 436.8
1438290 437.0
1438300 437.0
1438310 436.9
1438320 437.1
1438330 437.1
1438340 437.1
1438350 437.2
1438360 437.2
1438370 437.3
1438380 437.6
1438390 437.6
1438400 437.9
1438410 438.2
1438420 438.2
1438430 438.5
1438440 438.9
1438450 438.9
1438460 439.3
1438470 439.5
1438480 439.5
1438490 439.6
1438500 439.7
1438510 439.7
1438520 439.8
1438530 439.7
1438540 439.7
1438550 439.8
1438560 439.6
1438570 439.6
1438580 439.4
1438590 439.3
1438600 439.3
1438610 439.2
1438620 439.0
1438630 439.0
1438640 439.0
1438650 438.8
1438660 438.8
1438670 438.5
1438680 438.4
1438690 438.4
1438700 438.1
1438710 438.1
1438720 438.1
1438730 438.1
1438740 438.1
1438750 438.1
1438760 438.1
1438770 438.2
1438780 438.3
1438790 438.3
1438800 438.2
1438810 438.1
1438820 438.1
1438830 438.0
1438840 437.9
1438850 437.9
1438860 437.7
1438870 437.8
1438880 437.8
1438890 437.8
1438900 437.8
1438910 437.8
1438920 437.7
1438930 437.5
1438940 437.5
1438950 437.2
1438960 437.0
1438970 437.0
1438980 436.7
1438990 436.6
1439000 436.6
1439010 436.5
1439020 436.3
1439030 436.3
1439040 436.2
1439050 436.0
1439060 436.0
1439070 436.2
1439080 436.7
1439090 436.7
1439100 437.2
1439110 437.5
1439120 437.5
1439130 437.8
1439140 438.1
1439150 438.1
1439160 438.5
1439170 439.0
1439180 439.0
1439190 439.5
1439200 440.0
1439210 440.0
1439220 440.4
1439230 440.8
1439240 440.8
1439250 440.9
1439260 441.1
1439270 441.1
1439280 441.0
1439290 441.0
1439300 441.0
1439310 441.0
1439320 440.9
1439330 440.9
1439340 440.9
1439350 440.9
1439360 440.9
1439370 440.8
1439380 440.8
1439390 440.8
1439400 440.8
1439410 440.7
1439420 440.7
1439430 440.5
1439440 440.3
1439450 440.3
1439460 440.1
1439470 440.0
1439480 440.0
1439490 439.7
1439500 439.6
1439510 439.6
1439520 439.4
1439530 439.2
1439540 439.2
1439550 439.2
1439560 439.2
1439570 439.2
1439580 439.2
1439590 439.3
1439600 439.3
1439610 439.3
1439620 439.5
1439630 439.5
1439640 439.6
1439650 439.0
1439660 439.0
1439670 438.7
1439680 438.9
1439690 438.9
1439700 439.5
1439710 439.7
1439720 439.7
1439730 439.4
1439740 439.1
1439750 438.8
1439760 438.8
1439770 438.5
1439780 438.4
1439790 438.4
1439800 438.7
1439810 438.8
1439820 438.8
1439830 438.4
1439840 437.8
1439850 437.8
1439860 437.5
1439870 437.6
1439880 437.6
1439890 437.5
1439900 437.3
1439910 437.3
1439920 437.0
1439930 436.9
1439940 436.9
1439950 437.0
1439960 437.4
1439970 437.4
1439980 438.3
1439990 438.9
