1426040 375.4
1426050 375.4
1426060 375.2
1426070 375.2
1426080 375.2
1426090 375.2
1426100 375.2
1426110 375.2
1426120 375.3
1426130 375.3
1426140 375.3
1426150 375.4
1426160 375.4
1426170 375.4
1426180 375.4
1426190 375.4
1426200 375.4
1426210 375.4
1426220 375.5
1426230 375.5
1426240 375.5
1426250 375.5
1426260 375.5
1426270 375.5
1426280 375.5
1426290 375.5
1426300 375.5
1426310 375.6
1426320 375.6
1426330 375.6
1426340 375.6
1426350 375.6
1426360 375.4
1426370 375.2
1426380 375.2
1426390 374.9
1426400 374.5
1426410 374.0
1426420 374.0
1426430 373.7
1426440 373.6
1426450 373.6
1426460 373.5
1426470 373.7
1426480 373.7
1426490 373.8
1426500 373.8
1426510 373.8
1426520 374.0
1426530 374.1
1426540 374.1
1426550 374.4
1426560 374.5
1426570 374.3
1426580 374.3
1426590 374.3
1426600 374.3
1426610 374.5
1426620 374.5
1426630 374.5
1426640 374.4
1426650 374.4
1426660 374.4
1426670 374.4
1426680 374.4
1426690 374.4
1426700 374.4
1426710 374.5
1426720 374.5
1426730 374.5
1426740 374.5
1426750 374.5
1426760 374.5
1426770 374.5
1426780 374.5
1426790 374.5
1426800 374.5
1426810 374.5
1426820 374.5
1426830 374.5
1426840 374.5
1426850 374.4
1426860 374.3
1426870 374.3
1426880 374.3
1426890 374.1
1426900 374.1
1426910 374.0
1426920 374.0
1426930 374.0
1426940 374.1
1426950 374.1
1426960 374.1
1426970 374.1
1426980 374.2
1426990 374.2
1427000 374.2
1427010 374.3
1427020 374.3
1427030 374.4
1427040 374.5
1427050 374.5
1427060 374.5
1427070 374.4
1427080 374.4
1427090 374.3
1427100 374.3
1427110 374.3
1427120 374.4
1427130 374.6
1427140 374.6
1427150 374.6
1427160 374.7
1427170 374.7
1427180 374.7
1427190 374.8
1427200 374.8
1427210 374.8
1427220 374.8
1427230 374.8
1427240 374.8
1427250 374.9
1427260 374.9
1427270 375.2
1427280 375.3
1427290 375.3
1427300 375.3
1427310 375.3
1427320 375.3
1427330 375.1
1427340 375.2
1427350 375.2
1427360 375.2
1427370 375.2
1427380 375.2
1427390 375.3
1427400 375.4
1427410 375.4
1427420 375.4
1427430 375.4
1427440 375.4
1427450 375.4
1427460 375.3
1427470 375.2
1427480 375.2
1427490 375.3
1427500 375.4
1427510 375.4
1427520 375.3
1427530 375.3
1427540 375.3
1427550 375.4
1427560 375.3
1427570 375.3
1427580 375.4
1427590 375.5
1427600 375.5
1427610 375.4
1427620 375.3
1427630 375.3
1427640 375.3
1427650 375.4
1427660 375.4
1427670 375.8
1427680 375.0
1427690 375.0
1427700 374.4
1427710 374.9
1427720 374.9
1427730 375.6
1427740 375.8
1427750 375.8
1427760 375.7
1427770 375.9
1427780 375.9
1427790 376.1
1427800 376.3
1427810 376.3
1427820 376.7
1427830 377.2
1427840 377.2
1427850 378.3
1427860 378.5
1427870 378.5
1427880 377.4
1427890 376.7
1427900 376.7
1427910 376.5
1427920 376.1
1427930 376.1
1427940 375.7
1427950 374.9
1427960 374.9
1427970 374.6
1427980 375.5
1427990 375.5
1428000 375.9
1428010 376.0
1428020 376.0
1428030 375.1
1428040 375.7
1428050 375.7
1428060 376.4
1428070 376.0
1428080 376.0
1428090 375.5
1428100 376.0
1428110 376.0
1428120 376.8
1428130 377.3
1428140 377.3
1428150 377.7
1428160 377.9
1428170 377.9
1428180 377.7
1428190 375.8
1428200 375.8
1428210 373.9
1428220 373.2
1428230 373.2
1428240 373.1
1428250 373.1
1428260 373.1
1428270 373.1
1428280 373.2
1428290 373.2
1428300 373.1
1428310 373.2
1428320 373.2
1428330 373.2
1428340 373.2
1428350 373.2
1428360 373.2
1428370 373.3
1428380 373.3
1428390 373.3
1428400 373.6
1428410 373.6
1428420 375.0
1428430 376.7
1428440 376.7
1428450 377.7
1428460 377.8
1428470 377.8
1428480 377.9
1428490 377.8
1428500 377.8
1428510 377.8
1428520 377.8
1428530 377.8
1428540 377.7
1428550 377.6
1428560 377.4
1428570 377.4
1428580 377.3
1428590 377.2
1428600 377.2
1428610 377.2
1428620 377.1
1428630 377.1
1428640 377.1
1428650 377.1
1428660 377.1
1428670 377.0
1428680 377.1
1428690 377.1
1428700 377.0
1428710 377.1
1428720 377.1
1428730 377.1
1428740 377.1
1428750 377.1
1428760 377.0
1428770 376.6
1428780 376.6
1428790 376.8
1428800 376.9
1428810 376.9
1428820 376.8
1428830 376.6
1428840 376.5
1428850 376.4
1428860 376.2
1428870 376.2
1428880 376.0
1428890 376.1
1428900 376.1
1428910 376.0
1428920 376.0
1428930 376.0
1428940 376.0
1428950 376.1
1428960 376.1
1428970 376.0
1428980 376.1
1428990 376.1
1429000 376.3
1429010 376.3
1429020 376.3
1429030 376.3
1429040 376.4
1429050 376.4
1429060 376.5
1429070 376.6
1429080 376.6
1429090 376.8
1429100 377.1
1429110 377.1
1429120 376.9
1429130 376.9
1429140 376.9
1429150 377.1
1429160 377.0
1429170 377.0
1429180 377.3
1429190 377.2
1429200 377.2
1429210 377.2
1429220 377.3
1429230 377.3
1429240 377.3
1429250 377.4
1429260 377.4
1429270 377.6
1429280 379.5
1429290 379.5
1429300 382.2
1429310 385.9
1429320 385.9
1429330 388.5
1429340 389.1
1429350 389.1
1429360 389.3
1429370 389.9
1429380 389.9
1429390 390.8
1429400 392.1
1429410 392.1
1429420 392.8
1429430 392.9
1429440 392.9
1429450 392.9
1429460 393.0
1429470 393.0
1429480 393.5
1429490 393.7
1429500 393.7
1429510 393.7
1429520 393.9
1429530 393.9
1429540 393.9
1429550 393.9
1429560 393.9
1429570 394.3
1429580 394.6
1429590 394.6
1429600 395.4
1429610 395.5
1429620 395.5
1429630 395.5
1429640 395.6
1429650 396.0
1429660 396.0
1429670 396.2
1429680 395.9
1429690 395.9
1429700 396.6
1429710 397.2
1429720 397.2
1429730 398.6
1429740 400.7
1429750 400.7
1429760 400.0
1429770 399.3
1429780 399.3
1429790 399.4
1429800 403.4
1429810 403.4
1429820 414.9
1429830 418.3
1429840 418.3
1429850 418.4
1429860 418.5
1429870 418.5
1429880 418.3
1429890 417.5
1429900 417.5
1429910 416.3
1429920 415.1
1429930 415.1
1429940 411.0
1429950 406.5
1429960 406.5
1429970 404.3
1429980 404.4
1429990 404.4
1430000 407.5
1430010 412.8
1430020 412.8
1430030 415.1
1430040 414.7
1430050 414.7
1430060 413.6
1430070 412.0
1430080 412.0
1430090 409.2
1430100 406.8
1430110 406.8
1430120 405.8
1430130 405.5
1430140 405.5
1430150 405.4
1430160 405.4
1430170 405.4
1430180 405.5
1430190 405.5
1430200 405.5
1430210 405.6
1430220 405.8
1430230 405.8
1430240 405.9
1430250 406.1
1430260 406.1
1430270 406.2
1430280 406.3
1430290 406.3
1430300 406.4
1430310 406.5
1430320 406.5
1430330 406.6
1430340 406.8
1430350 406.8
1430360 406.9
1430370 407.2
1430380 407.2
1430390 407.4
1430400 407.7
1430410 407.7
1430420 408.1
1430430 408.6
1430440 408.6
1430450 409.1
1430460 409.5
1430470 409.5
1430480 410.0
1430490 410.6
1430500 410.6
1430510 411.2
1430520 411.9
1430530 411.9
1430540 412.7
1430550 413.4
1430560 413.4
1430570 414.1
1430580 414.8
1430590 414.8
1430600 415.5
1430610 416.3
1430620 416.3
1430630 416.9
1430640 417.3
1430650 417.3
1430660 417.9
1430670 418.3
1430680 418.5
1430690 418.5
1430700 418.5
1430710 418.6
1430720 418.6
1430730 418.6
1430740 418.7
1430750 418.7
1430760 418.8
1430770 419.0
1430780 419.0
1430790 419.2
1430800 419.4
1430810 419.4
1430820 419.6
1430830 419.7
1430840 419.7
1430850 420.0
1430860 420.0
1430870 420.0
1430880 420.1
1430890 420.1
1430900 420.1
1430910 420.1
1430920 420.1
1430930 420.1
1430940 420.1
1430950 420.2
1430960 420.2
1430970 420.3
1430980 420.3
1430990 420.3
1431000 420.3
1431010 420.2
1431020 420.2
1431030 420.2
1431040 420.3
1431050 420.3
1431060 420.3
1431070 420.3
1431080 420.3
1431090 420.5
1431100 420.4
1431110 420.4
1431120 420.4
1431130 420.4
1431140 420.4
1431150 420.4
1431160 420.6
1431170 420.6
1431180 420.5
1431190 420.2
1431200 420.2
1431210 420.6
1431220 420.5
1431230 420.5
1431240 420.5
1431250 420.5
1431260 420.5
1431270 420.6
1431280 420.7
1431290 420.7
1431300 421.0
1431310 421.1
1431320 421.1
1431330 421.0
1431340 421.0
1431350 421.0
1431360 421.4
1431370 421.5
1431380 421.5
1431390 421.3
1431400 421.2
1431410 421.2
1431420 421.3
1431430 421.3
1431440 421.3
1431450 421.4
1431460 421.5
1431470 421.5
1431480 421.7
1431490 422.0
1431500 422.0
1431510 422.4
1431520 422.7
1431530 422.7
1431540 423.0
1431550 423.2
1431560 423.2
1431570 423.3
1431580 423.4
1431590 423.4
1431600 423.5
1431610 425.0
1431620 425.0
1431630 425.3
1431640 425.2
1431650 425.2
1431660 425.1
1431670 424.5
1431680 424.5
1431690 422.7
1431700 421.8
1431710 421.8
1431720 421.6
1431730 422.4
1431740 422.4
1431750 423.9
1431760 424.9
1431770 425.9
1431780 425.9
1431790 427.0
1431800 427.9
1431810 427.9
1431820 427.7
1431830 427.7
1431840 427.7
1431850 428.0
1431860 428.1
1431870 428.1
1431880 428.0
1431890 428.8
1431900 428.8
1431910 429.5
1431920 428.8
1431930 428.8
1431940 428.9
1431950 428.9
1431960 428.9
1431970 430.7
1431980 433.4
1431990 433.4
1432000 433.6
1432010 431.7
1432020 431.7
1432030 431.3
1432040 431.9
1432050 431.9
1432060 431.9
1432070 432.3
1432080 432.3
1432090 432.9
1432100 433.6
1432110 433.6
1432120 434.4
1432130 435.0
1432140 435.0
1432150 435.5
1432160 436.0
1432170 436.0
1432180 436.4
1432190 436.8
1432200 436.8
1432210 437.1
1432220 437.3
1432230 437.3
1432240 437.5
1432250 437.8
1432260 437.8
1432270 438.0
1432280 438.4
1432290 438.4
1432300 439.5
1432310 439.4
1432320 439.4
1432330 439.6
1432340 440.0
1432350 440.0
1432360 440.2
1432370 440.5
1432380 440.5
1432390 440.8
1432400 441.3
1432410 441.3
1432420 441.7
1432430 442.0
1432440 442.0
1432450 442.3
1432460 442.6
1432470 442.6
1432480 443.0
1432490 443.3
1432500 443.3
1432510 443.8
1432520 444.2
1432530 444.2
1432540 444.4
1432550 444.6
1432560 444.6
1432570 444.8
1432580 445.0
1432590 445.0
1432600 445.2
1432610 445.4
1432620 445.4
1432630 445.6
1432640 445.9
1432650 445.9
1432660 446.3
1432670 447.1
1432680 447.1
1432690 447.6
1432700 447.9
1432710 447.9
1432720 448.0
1432730 448.4
1432740 448.4
1432750 449.7
1432760 450.4
1432770 450.4
1432780 450.5
1432790 450.3
1432800 450.3
1432810 450.4
1432820 450.8
1432830 451.1
1432840 451.1
1432850 451.5
1432860 451.9
1432870 451.9
1432880 452.2
1432890 452.4
1432900 452.4
1432910 452.6
1432920 452.9
1432930 452.9
1432940 453.0
1432950 453.1
1432960 453.1
1432970 453.1
1432980 453.1
1432990 453.1
1433000 453.0
1433010 452.9
1433020 452.9
1433030 452.7
1433040 452.4
1433050 452.4
1433060 452.2
1433070 452.1
1433080 452.1
1433090 452.0
1433100 451.9
1433110 451.9
1433120 451.5
1433130 450.9
1433140 450.9
1433150 449.9
1433160 448.7
1433170 448.7
1433180 447.5
1433190 446.5
1433200 446.5
1433210 445.5
1433220 444.4
1433230 444.4
1433240 443.9
1433250 444.1
1433260 444.1
1433270 445.2
1433280 447.4
1433290 447.4
1433300 449.8
1433310 452.6
1433320 452.6
1433330 456.4
1433340 458.1
1433350 458.1
1433360 458.7
1433370 459.1
1433380 459.1
1433390 459.2
1433400 459.2
1433410 459.2
1433420 459.1
1433430 458.9
1433440 458.9
1433450 458.7
1433460 458.5
1433470 458.5
1433480 458.5
1433490 458.5
1433500 458.5
1433510 458.5
1433520 458.5
1433530 458.5
1433540 458.5
1433550 458.5
1433560 458.5
1433570 458.6
1433580 458.7
1433590 458.7
1433600 458.8
1433610 459.0
1433620 459.0
1433630 459.1
1433640 459.2
1433650 459.2
1433660 459.2
1433670 459.3
1433680 459.3
1433690 459.4
1433700 459.7
1433710 459.7
1433720 460.0
1433730 460.4
1433740 460.4
1433750 460.8
1433760 461.3
1433770 461.3
1433780 461.9
1433790 462.5
1433800 462.5
1433810 462.7
1433820 462.8
1433830 462.8
1433840 462.9
1433850 463.1
1433860 463.1
1433870 463.3
1433880 463.6
1433890 463.9
1433900 463.9
1433910 464.4
1433920 464.8
1433930 464.8
1433940 465.3
1433950 465.8
1433960 465.8
1433970 466.3
1433980 467.1
1433990 467.1
1434000 467.8
1434010 468.4
1434020 468.4
1434030 468.9
1434040 469.5
1434050 469.5
1434060 470.0
1434070 470.4
1434080 470.4
1434090 470.8
1434100 471.2
1434110 471.2
1434120 471.4
1434130 471.5
1434140 471.5
1434150 471.6
1434160 471.6
1434170 471.6
1434180 471.5
1434190 471.5
1434200 471.5
1434210 471.5
1434220 471.6
1434230 471.6
1434240 471.7
1434250 471.7
1434260 471.7
1434270 471.8
1434280 471.7
1434290 471.7
1434300 471.7
1434310 471.6
1434320 471.6
1434330 471.5
1434340 471.1
1434350 471.1
1434360 470.7
1434370 470.1
1434380 470.1
1434390 469.3
1434400 468.6
1434410 468.6
1434420 467.7
1434430 466.8
1434440 466.8
1434450 465.9
1434460 465.0
1434470 465.0
1434480 464.0
1434490 462.8
1434500 462.8
1434510 461.7
1434520 460.7
1434530 460.7
1434540 459.6
1434550 458.7
1434560 458.7
1434570 457.8
1434580 457.1
1434590 457.1
1434600 456.6
1434610 456.1
1434620 456.1
1434630 455.4
1434640 455.1
1434650 455.1
1434660 455.1
1434670 455.4
1434680 455.4
1434690 456.2
1434700 457.1
1434710 457.1
1434720 458.4
1434730 459.8
1434740 459.8
1434750 460.3
1434760 459.9
1434770 459.9
1434780 458.5
1434790 456.0
1434800 456.0
1434810 453.5
1434820 451.1
1434830 451.1
1434840 449.4
1434850 448.4
1434860 448.4
1434870 448.3
1434880 448.3
1434890 448.3
1434900 448.3
1434910 448.1
1434920 448.1
1434930 448.4
1434940 448.4
1434950 448.4
1434960 447.9
1434970 447.7
1434980 447.5
1434990 447.5
1435000 447.3
1435010 447.1
1435020 447.1
1435030 447.0
1435040 446.8
1435050 446.8
1435060 446.7
1435070 446.6
1435080 446.6
1435090 446.5
1435100 446.5
1435110 446.5
1435120 446.5
1435130 446.5
1435140 446.5
1435150 446.5
1435160 446.5
1435170 446.5
1435180 446.5
1435190 446.5
1435200 446.5
1435210 446.5
1435220 446.5
1435230 446.5
1435240 446.6
1435250 446.9
1435260 446.9
1435270 447.5
1435280 448.2
1435290 448.2
1435300 448.7
1435310 449.2
1435320 449.2
1435330 449.8
1435340 450.6
1435350 450.6
1435360 451.4
1435370 452.2
1435380 452.2
1435390 453.1
1435400 453.6
1435410 453.6
1435420 454.1
1435430 454.6
1435440 454.6
1435450 455.3
1435460 456.1
1435470 456.1
1435480 457.1
1435490 458.2
1435500 458.2
1435510 459.6
1435520 461.3
1435530 461.3
1435540 462.8
1435550 464.2
1435560 464.2
1435570 465.5
1435580 466.8
1435590 466.8
1435600 467.8
1435610 468.7
1435620 468.7
1435630 469.6
1435640 470.4
1435650 470.4
1435660 471.3
1435670 472.3
1435680 472.3
1435690 473.2
1435700 474.1
1435710 474.1
1435720 475.1
1435730 476.1
1435740 476.1
1435750 476.8
1435760 477.6
1435770 477.6
1435780 478.3
1435790 479.0
1435800 479.0
1435810 479.6
1435820 480.2
1435830 480.2
1435840 480.8
1435850 481.5
1435860 481.5
1435870 482.1
1435880 482.8
1435890 482.8
1435900 483.6
1435910 484.4
1435920 484.4
1435930 485.4
1435940 486.4
1435950 486.4
1435960 487.2
1435970 488.0
1435980 488.0
1435990 488.6
1436000 489.2
1436010 489.2
1436020 489.8
1436030 490.5
1436040 490.5
1436050 491.0
1436060 491.5
1436070 492.0
1436080 492.0
1436090 492.3
1436100 492.4
1436110 492.4
1436120 492.6
1436130 492.8
1436140 492.8
1436150 492.9
1436160 492.8
1436170 492.8
1436180 492.7
1436190 492.3
1436200 492.3
1436210 491.7
1436220 490.9
1436230 490.9
1436240 489.9
1436250 488.4
1436260 488.4
1436270 486.9
1436280 485.6
1436290 485.6
1436300 484.1
1436310 483.0
1436320 483.0
1436330 482.2
1436340 481.5
1436350 481.5
1436360 480.8
1436370 480.0
1436380 480.0
1436390 479.4
1436400 478.7
1436410 478.7
1436420 478.0
1436430 477.4
1436440 477.4
1436450 476.8
1436460 476.2
1436470 476.2
1436480 475.4
1436490 474.5
1436500 474.5
1436510 473.5
1436520 472.7
1436530 472.7
1436540 471.7
1436550 470.6
1436560 470.6
1436570 469.6
1436580 468.8
1436590 468.8
1436600 468.0
1436610 467.2
1436620 467.2
1436630 466.3
1436640 465.3
1436650 465.3
1436660 464.6
1436670 463.9
1436680 463.9
1436690 463.3
1436700 462.4
1436710 462.4
1436720 461.3
1436730 460.2
1436740 460.2
1436750 459.0
1436760 457.9
1436770 457.9
1436780 456.7
1436790 455.5
1436800 455.5
1436810 454.1
1436820 452.8
1436830 452.8
1436840 451.5
1436850 450.0
1436860 450.0
1436870 448.7
1436880 447.5
1436890 447.5
1436900 446.5
1436910 445.9
1436920 445.9
1436930 445.4
1436940 445.0
1436950 445.0
1436960 444.6
1436970 444.3
1436980 444.3
1436990 444.0
1437000 443.7
1437010 443.7
1437020 443.4
1437030 443.0
1437040 443.0
1437050 442.5
1437060 442.2
1437070 442.2
1437080 442.1
1437090 442.4
1437100 442.4
1437110 442.7
1437120 443.2
1437130 443.4
1437140 443.4
1437150 443.6
1437160 443.5
1437170 443.5
1437180 443.5
1437190 443.4
1437200 443.4
1437210 443.3
1437220 443.2
1437230 443.2
1437240 443.3
1437250 443.5
1437260 443.5
1437270 443.6
1437280 443.6
1437290 443.6
1437300 443.5
1437310 443.4
1437320 443.4
1437330 443.5
1437340 443.6
1437350 443.6
1437360 444.3
1437370 444.9
1437380 444.9
1437390 445.7
1437400 446.3
1437410 446.3
1437420 446.7
1437430 447.0
1437440 447.0
1437450 447.1
1437460 447.2
1437470 447.2
1437480 447.1
1437490 446.9
1437500 446.9
1437510 446.9
1437520 446.8
1437530 446.8
1437540 446.5
1437550 446.2
1437560 446.2
1437570 445.9
1437580 445.6
1437590 445.6
1437600 445.2
1437610 444.9
1437620 444.9
1437630 444.6
1437640 444.3
1437650 444.3
1437660 443.7
1437670 442.9
1437680 442.9
1437690 441.7
1437700 440.1
1437710 440.1
1437720 438.4
1437730 436.9
1437740 436.9
1437750 435.3
1437760 433.9
1437770 433.9
1437780 432.6
1437790 431.4
1437800 431.4
1437810 430.5
1437820 430.1
1437830 430.1
1437840 429.7
1437850 429.5
1437860 429.5
1437870 429.4
1437880 429.2
1437890 429.2
1437900 429.1
1437910 429.0
1437920 429.0
1437930 428.9
1437940 428.7
1437950 428.7
1437960 428.5
1437970 428.4
1437980 428.4
1437990 428.3
1438000 428.2
1438010 428.2
1438020 428.1
1438030 427.9
1438040 427.9
1438050 427.8
1438060 427.8
1438070 427.8
1438080 427.2
1438090 426.9
1438100 426.9
1438110 426.8
1438120 426.6
1438130 426.6
1438140 426.5
1438150 426.4
1438160 426.4
1438170 426.3
1438180 426.3
1438190 426.2
1438200 426.2
1438210 426.1
1438220 426.0
1438230 426.0
1438240 425.9
1438250 425.9
1438260 425.9
1438270 425.7
1438280 425.7
1438290 425.7
1438300 425.9
1438310 426.0
1438320 426.0
1438330 425.8
1438340 425.5
1438350 425.5
1438360 425.4
1438370 425.2
1438380 425.2
1438390 425.1
1438400 425.1
1438410 425.1
1438420 425.0
1438430 425.0
1438440 425.0
1438450 425.0
1438460 425.0
1438470 425.0
1438480 425.0
1438490 425.1
1438500 425.1
1438510 425.1
1438520 425.1
1438530 425.1
1438540 424.9
1438550 424.8
1438560 424.8
1438570 424.8
1438580 424.7
1438590 424.7
1438600 424.6
1438610 424.6
1438620 424.6
1438630 424.5
1438640 424.3
1438650 424.3
1438660 424.1
1438670 424.0
1438680 424.0
1438690 423.6
1438700 423.4
1438710 423.4
1438720 423.4
1438730 423.3
1438740 423.3
1438750 423.2
1438760 423.2
1438770 423.2
1438780 423.2
1438790 423.2
1438800 423.2
1438810 423.1
1438820 423.0
1438830 423.0
1438840 423.1
1438850 423.4
1438860 423.4
1438870 423.6
1438880 423.6
1438890 423.6
1438900 423.3
1438910 423.1
1438920 423.1
1438930 423.0
1438940 423.0
1438950 423.0
1438960 422.9
1438970 422.9
1438980 422.9
1438990 423.0
1439000 423.1
1439010 423.1
1439020 423.2
1439030 423.3
1439040 423.3
1439050 423.3
1439060 423.2
1439070 423.2
1439080 423.1
1439090 423.1
1439100 423.1
1439110 423.2
1439120 423.3
1439130 423.3
1439140 423.1
1439150 422.4
1439160 422.4
1439170 421.4
1439180 421.3
1439190 421.3
1439200 421.8
1439210 422.3
1439220 422.3
1439230 422.4
1439240 422.7
1439250 422.7
1439260 422.7
1439270 423.0
1439280 422.9
1439290 422.9
1439300 423.1
1439310 423.1
1439320 423.1
1439330 423.1
1439340 423.1
1439350 423.1
1439360 423.0
1439370 423.1
1439380 423.1
1439390 423.1
1439400 423.2
1439410 423.2
1439420 423.1
1439430 423.0
1439440 423.0
1439450 423.0
1439460 423.0
1439470 423.0
1439480 423.0
1439490 423.1
1439500 423.1
1439510 423.1
1439520 423.2
1439530 423.2
1439540 423.2
1439550 423.2
1439560 423.2
1439570 423.3
1439580 423.3
1439590 423.3
1439600 423.4
1439610 423.4
1439620 423.4
1439630 423.4
1439640 423.2
1439650 423.2
1439660 423.3
1439670 423.3
1439680 423.3
1439690 423.1
1439700 423.1
1439710 423.1
1439720 423.1
1439730 423.2
1439740 423.2
1439750 423.2
1439760 423.1
1439770 423.1
1439780 423.3
1439790 423.3
1439800 423.3
1439810 423.2
1439820 422.9
1439830 422.9
1439840 422.8
1439850 422.3
1439860 422.3
1439870 421.8
1439880 422.2
1439890 422.2
1439900 422.5
1439910 422.4
1439920 422.4
1439930 422.1
1439940 421.9
1439950 421.9
1439960 421.8
1439970 421.8
1439980 421.8
1439990 421.6
