1425380 375.7
1425390 375.7
1425400 375.8
1425410 375.6
1425420 375.6
1425430 375.4
1425440 375.3
1425450 375.3
1425460 375.2
1425470 375.2
1425480 375.2
1425490 375.1
1425500 374.8
1425510 374.8
1425520 374.4
1425530 374.3
1425540 374.3
1425550 374.6
1425560 374.9
1425570 374.9
1425580 375.0
1425590 375.0
1425600 375.0
1425610 374.8
1425620 373.5
1425630 372.5
1425640 372.5
1425650 372.5
1425660 372.5
1425670 372.5
1425680 372.8
1425690 373.0
1425700 373.0
1425710 373.2
1425720 373.5
1425730 373.5
1425740 373.7
1425750 373.8
1425760 373.8
1425770 373.8
1425780 373.8
1425790 373.8
1425800 373.9
1425810 373.9
1425820 373.9
1425830 374.0
1425840 374.1
1425850 374.1
1425860 374.1
1425870 374.0
1425880 374.0
1425890 374.0
1425900 374.2
1425910 374.2
1425920 374.3
1425930 374.3
1425940 374.3
1425950 374.2
1425960 374.2
1425970 374.2
1425980 374.2
1425990 374.1
1426000 374.1
1426010 374.1
1426020 374.1
1426030 374.1
1426040 374.1
1426050 374.0
1426060 374.0
1426070 374.1
1426080 374.0
1426090 374.0
1426100 374.0
1426110 374.1
1426120 374.1
1426130 374.1
1426140 374.1
1426150 374.1
1426160 374.0
1426170 374.0
1426180 374.0
1426190 374.0
1426200 374.0
1426210 374.0
1426220 374.0
1426230 373.9
1426240 373.9
1426250 374.0
1426260 374.0
1426270 374.0
1426280 374.0
1426290 374.1
1426300 374.1
1426310 374.1
1426320 374.1
1426330 374.1
1426340 374.2
1426350 374.2
1426360 374.2
1426370 374.2
1426380 374.2
1426390 374.2
1426400 374.2
1426410 374.3
1426420 374.3
1426430 374.4
1426440 374.4
1426450 374.4
1426460 374.4
1426470 374.3
1426480 374.3
1426490 374.3
1426500 374.5
1426510 374.5
1426520 374.6
1426530 374.7
1426540 374.7
1426550 374.7
1426560 374.7
1426570 374.7
1426580 374.7
1426590 374.7
1426600 374.7
1426610 374.7
1426620 373.3
1426630 373.3
1426640 374.2
1426650 374.4
1426660 374.4
1426670 374.3
1426680 374.3
1426690 374.4
1426700 374.4
1426710 374.4
1426720 374.5
1426730 374.5
1426740 374.7
1426750 374.8
1426760 374.8
1426770 374.6
1426780 373.7
1426790 373.7
1426800 374.0
1426810 373.8
1426820 373.8
1426830 373.5
1426840 374.3
1426850 374.3
1426860 374.7
1426870 374.7
1426880 374.7
1426890 374.6
1426900 374.6
1426910 374.6
1426920 374.7
1426930 374.7
1426940 374.7
1426950 374.7
1426960 374.7
1426970 374.7
1426980 374.8
1426990 374.8
1427000 374.8
1427010 374.7
1427020 374.7
1427030 374.7
1427040 374.6
1427050 374.8
1427060 374.8
1427070 374.8
1427080 374.9
1427090 374.9
1427100 374.9
1427110 374.9
1427120 374.9
1427130 374.9
1427140 375.1
1427150 375.1
1427160 375.1
1427170 375.2
1427180 375.2
1427190 375.1
1427200 375.5
1427210 375.5
1427220 376.2
1427230 377.0
1427240 377.0
1427250 378.0
1427260 378.3
1427270 378.3
1427280 377.0
1427290 376.0
1427300 376.0
1427310 375.6
1427320 375.6
1427330 375.6
1427340 375.8
1427350 375.9
1427360 375.9
1427370 375.8
1427380 375.5
1427390 375.5
1427400 374.9
1427410 374.7
1427420 374.7
1427430 375.5
1427440 375.9
1427450 375.9
1427460 376.2
1427470 376.2
1427480 376.2
1427490 376.2
1427500 375.9
1427510 375.9
1427520 375.4
1427530 375.3
1427540 375.3
1427550 376.4
1427560 377.0
1427570 377.0
1427580 376.8
1427590 376.7
1427600 376.7
1427610 374.8
1427620 373.3
1427630 373.3
1427640 372.7
1427650 372.7
1427660 372.7
1427670 372.7
1427680 372.7
1427690 372.7
1427700 372.7
1427710 372.7
1427720 372.7
1427730 372.7
1427740 372.7
1427750 372.7
1427760 372.7
1427770 372.7
1427780 372.7
1427790 372.7
1427800 373.1
1427810 375.2
1427820 375.2
1427830 376.6
1427840 377.3
1427850 377.3
1427860 377.4
1427870 377.2
1427880 377.2
1427890 377.0
1427900 377.2
1427910 377.2
1427920 377.2
1427930 377.0
1427940 377.0
1427950 376.8
1427960 376.7
1427970 376.7
1427980 376.8
1427990 376.9
1428000 376.9
1428010 376.9
1428020 376.8
1428030 376.8
1428040 376.8
1428050 376.6
1428060 376.6
1428070 376.6
1428080 376.5
1428090 376.5
1428100 376.4
1428110 376.4
1428120 376.4
1428130 376.4
1428140 376.3
1428150 376.3
1428160 376.2
1428170 376.0
1428180 376.0
1428190 376.1
1428200 376.1
1428210 376.1
1428220 376.0
1428230 375.9
1428240 375.9
1428250 375.9
1428260 376.0
1428270 376.0
1428280 376.1
1428290 376.2
1428300 376.2
1428310 375.9
1428320 374.8
1428330 374.8
1428340 375.5
1428350 375.9
1428360 375.9
1428370 375.6
1428380 375.5
1428390 375.5
1428400 375.5
1428410 375.5
1428420 375.5
1428430 375.8
1428440 375.8
1428450 375.8
1428460 375.9
1428470 375.8
1428480 375.8
1428490 376.0
1428500 376.0
1428510 376.0
1428520 376.0
1428530 376.0
1428540 376.0
1428550 376.2
1428560 376.2
1428570 376.2
1428580 376.3
1428590 376.1
1428600 376.1
1428610 375.9
1428620 375.9
1428630 375.9
1428640 375.9
1428650 376.0
1428660 376.0
1428670 376.1
1428680 376.3
1428690 376.3
1428700 376.3
1428710 376.1
1428720 376.1
1428730 376.0
1428740 376.4
1428750 376.4
1428760 378.0
1428770 378.5
1428780 378.5
1428790 378.7
1428800 381.7
1428810 381.7
1428820 386.8
1428830 391.6
1428840 391.6
1428850 392.0
1428860 391.7
1428870 392.7
1428880 392.7
1428890 393.2
1428900 393.2
1428910 393.2
1428920 393.3
1428930 393.5
1428940 393.5
1428950 393.5
1428960 393.5
1428970 393.5
1428980 393.4
1428990 393.4
1429000 393.4
1429010 393.4
1429020 394.6
1429030 394.6
1429040 393.1
1429050 393.8
1429060 393.8
1429070 394.2
1429080 394.2
1429090 394.2
1429100 394.3
1429110 395.6
1429120 395.6
1429130 394.8
1429140 394.6
1429150 394.6
1429160 394.3
1429170 394.2
1429180 394.2
1429190 394.2
1429200 394.2
1429210 394.2
1429220 394.3
1429230 394.4
1429240 394.4
1429250 394.6
1429260 394.9
1429270 394.9
1429280 395.3
1429290 395.8
1429300 395.8
1429310 396.0
1429320 396.5
1429330 396.5
1429340 396.5
1429350 396.4
1429360 396.4
1429370 396.0
1429380 395.9
1429390 395.9
1429400 395.9
1429410 395.9
1429420 395.9
1429430 396.0
1429440 396.2
1429450 396.2
1429460 396.4
1429470 396.6
1429480 396.6
1429490 396.5
1429500 396.4
1429510 396.4
1429520 396.5
1429530 396.6
1429540 396.6
1429550 396.8
1429560 396.9
1429570 396.9
1429580 397.2
1429590 397.4
1429600 397.4
1429610 397.6
1429620 397.9
1429630 397.9
1429640 398.4
1429650 398.9
1429660 398.9
1429670 399.6
1429680 400.5
1429690 400.5
1429700 401.8
1429710 402.5
1429720 402.5
1429730 403.1
1429740 403.6
1429750 403.6
1429760 403.9
1429770 403.8
1429780 403.8
1429790 403.7
1429800 403.7
1429810 403.7
1429820 403.6
1429830 403.7
1429840 403.7
1429850 403.6
1429860 403.6
1429870 403.6
1429880 403.4
1429890 402.9
1429900 402.9
1429910 402.8
1429920 403.1
1429930 403.1
1429940 403.4
1429950 403.6
1429960 403.7
1429970 403.7
1429980 403.6
1429990 403.6
1430000 403.6
1430010 403.3
1430020 402.7
1430030 402.7
1430040 401.4
1430050 398.5
1430060 398.5
1430070 395.1
1430080 391.3
1430090 391.3
1430100 390.2
1430110 390.0
1430120 390.0
1430130 391.1
1430140 393.9
1430150 393.9
1430160 397.9
1430170 400.2
1430180 400.2
1430190 398.6
1430200 396.2
1430210 396.2
1430220 396.2
1430230 396.9
1430240 396.9
1430250 397.4
1430260 397.4
1430270 397.4
1430280 398.0
1430290 399.7
1430300 399.7
1430310 401.8
1430320 402.7
1430330 402.7
1430340 403.6
1430350 405.7
1430360 405.7
1430370 406.4
1430380 406.7
1430390 406.7
1430400 406.9
1430410 406.9
1430420 406.9
1430430 407.0
1430440 406.9
1430450 406.9
1430460 406.8
1430470 406.4
1430480 406.4
1430490 406.2
1430500 406.2
1430510 406.2
1430520 406.3
1430530 406.4
1430540 406.4
1430550 406.5
1430560 406.5
1430570 406.5
1430580 406.6
1430590 406.8
1430600 406.8
1430610 407.0
1430620 407.1
1430630 407.1
1430640 407.2
1430650 407.3
1430660 407.3
1430670 407.3
1430680 407.4
1430690 407.4
1430700 407.5
1430710 407.6
1430720 407.6
1430730 407.8
1430740 408.0
1430750 408.0
1430760 408.3
1430770 408.9
1430780 408.9
1430790 409.6
1430800 410.1
1430810 410.1
1430820 410.5
1430830 410.9
1430840 410.9
1430850 411.0
1430860 411.0
1430870 411.0
1430880 411.1
1430890 411.1
1430900 411.1
1430910 411.0
1430920 410.7
1430930 410.7
1430940 410.5
1430950 410.5
1430960 410.5
1430970 410.6
1430980 410.8
1430990 410.8
1431000 410.9
1431010 410.9
1431020 410.9
1431030 411.0
1431040 411.3
1431050 411.7
1431060 411.7
1431070 412.2
1431080 412.5
1431090 412.5
1431100 412.6
1431110 412.7
1431120 412.7
1431130 412.8
1431140 413.0
1431150 413.0
1431160 413.1
1431170 413.3
1431180 413.3
1431190 413.6
1431200 413.8
1431210 413.8
1431220 414.1
1431230 414.3
1431240 414.3
1431250 414.5
1431260 414.5
1431270 414.5
1431280 414.1
1431290 413.6
1431300 413.6
1431310 413.1
1431320 412.6
1431330 412.6
1431340 412.6
1431350 412.7
1431360 412.4
1431370 412.8
1431380 413.3
1431390 413.3
1431400 413.9
1431410 414.7
1431420 414.7
1431430 415.5
1431440 416.1
1431450 416.1
1431460 416.5
1431470 416.6
1431480 416.6
1431490 416.7
1431500 417.0
1431510 417.0
1431520 417.4
1431530 418.0
1431540 418.0
1431550 418.5
1431560 418.9
1431570 418.9
1431580 419.3
1431590 419.7
1431600 419.7
1431610 420.0
1431620 420.2
1431630 420.2
1431640 420.2
1431650 420.1
1431660 420.1
1431670 419.9
1431680 419.8
1431690 419.8
1431700 419.8
1431710 420.0
1431720 420.0
1431730 420.3
1431740 420.6
1431750 420.6
1431760 421.0
1431770 421.5
1431780 421.5
1431790 422.5
1431800 423.8
1431810 423.8
1431820 425.2
1431830 426.3
1431840 426.3
1431850 427.7
1431860 428.9
1431870 428.9
1431880 429.9
1431890 430.7
1431900 430.7
1431910 430.3
1431920 430.5
1431930 430.5
1431940 430.3
1431950 430.6
1431960 430.6
1431970 431.2
1431980 431.6
1431990 431.6
1432000 432.0
1432010 432.4
1432020 432.4
1432030 432.8
1432040 433.1
1432050 433.1
1432060 433.6
1432070 434.0
1432080 434.0
1432090 434.6
1432100 435.1
1432110 435.1
1432120 435.8
1432130 436.7
1432140 437.7
1432150 437.7
1432160 438.9
1432170 440.2
1432180 440.2
1432190 441.6
1432200 442.7
1432210 442.7
1432220 443.5
1432230 444.1
1432240 444.1
1432250 444.3
1432260 444.3
1432270 444.3
1432280 443.8
1432290 443.3
1432300 443.3
1432310 443.0
1432320 442.9
1432330 442.9
1432340 442.9
1432350 442.9
1432360 442.9
1432370 442.9
1432380 442.9
1432390 442.9
1432400 442.8
1432410 442.9
1432420 442.9
1432430 443.1
1432440 443.3
1432450 443.3
1432460 443.7
1432470 444.1
1432480 444.1
1432490 444.5
1432500 444.8
1432510 444.8
1432520 445.1
1432530 445.3
1432540 445.3
1432550 445.4
1432560 445.4
1432570 445.4
1432580 445.5
1432590 445.7
1432600 445.7
1432610 446.0
1432620 446.5
1432630 446.5
1432640 447.2
1432650 447.8
1432660 447.8
1432670 448.5
1432680 449.3
1432690 449.3
1432700 449.9
1432710 450.4
1432720 450.4
1432730 450.9
1432740 451.3
1432750 451.3
1432760 451.7
1432770 452.0
1432780 452.0
1432790 452.4
1432800 452.7
1432810 452.7
1432820 453.0
1432830 453.3
1432840 453.3
1432850 453.5
1432860 453.6
1432870 453.6
1432880 453.7
1432890 453.8
1432900 453.8
1432910 454.3
1432920 454.1
1432930 454.1
1432940 454.1
1432950 454.3
1432960 454.3
1432970 454.5
1432980 454.9
1432990 454.9
1433000 455.3
1433010 455.6
1433020 455.6
1433030 455.8
1433040 455.9
1433050 455.9
1433060 455.8
1433070 455.5
1433080 455.5
1433090 455.2
1433100 454.7
1433110 454.7
1433120 454.0
1433130 453.2
1433140 453.2
1433150 452.6
1433160 451.4
1433170 451.4
1433180 450.4
1433190 449.7
1433200 449.4
1433210 449.4
1433220 449.3
1433230 449.3
1433240 449.3
1433250 449.3
1433260 449.3
1433270 449.3
1433280 449.3
1433290 449.1
1433300 449.1
1433310 448.8
1433320 448.3
1433330 448.3
1433340 447.4
1433350 446.5
1433360 446.5
1433370 446.1
1433380 446.4
1433390 446.4
1433400 447.5
1433410 448.8
1433420 448.8
1433430 450.5
1433440 452.6
1433450 452.6
1433460 454.0
1433470 454.8
1433480 454.8
1433490 455.6
1433500 456.4
1433510 456.4
1433520 457.2
1433530 457.9
1433540 457.9
1433550 458.4
1433560 459.0
1433570 459.0
1433580 459.5
1433590 459.8
1433600 459.8
1433610 460.0
1433620 460.0
1433630 460.0
1433640 460.1
1433650 460.1
1433660 460.1
1433670 460.1
1433680 460.0
1433690 460.0
1433700 460.0
1433710 460.1
1433720 460.1
1433730 460.1
1433740 460.0
1433750 460.0
1433760 459.9
1433770 459.8
1433780 459.8
1433790 459.5
1433800 459.2
1433810 459.2
1433820 458.8
1433830 458.4
1433840 458.4
1433850 458.3
1433860 458.0
1433870 458.0
1433880 457.9
1433890 457.8
1433900 457.8
1433910 457.9
1433920 457.4
1433930 457.4
1433940 456.8
1433950 456.3
1433960 456.3
1433970 456.0
1433980 455.8
1433990 455.8
1434000 455.6
1434010 455.4
1434020 455.4
1434030 455.1
1434040 455.0
1434050 455.0
1434060 455.0
1434070 455.1
1434080 455.1
1434090 455.2
1434100 455.3
1434110 455.3
1434120 455.6
1434130 456.0
1434140 456.0
1434150 456.4
1434160 456.8
1434170 456.8
1434180 457.2
1434190 457.6
1434200 457.6
1434210 458.3
1434220 458.8
1434230 458.8
1434240 459.2
1434250 459.5
1434260 459.5
1434270 459.7
1434280 459.7
1434290 459.7
1434300 459.7
1434310 459.8
1434320 459.9
1434330 459.9
1434340 459.9
1434350 460.2
1434360 460.2
1434370 460.1
1434380 460.2
1434390 460.2
1434400 460.1
1434410 459.6
1434420 459.6
1434430 459.0
1434440 458.4
1434450 458.4
1434460 457.8
1434470 457.3
1434480 457.3
1434490 457.0
1434500 456.6
1434510 456.6
1434520 456.3
1434530 456.1
1434540 456.1
1434550 455.9
1434560 455.7
1434570 455.7
1434580 455.3
1434590 455.1
1434600 455.1
1434610 455.2
1434620 455.4
1434630 455.4
1434640 455.8
1434650 456.1
1434660 456.1
1434670 456.4
1434680 456.7
1434690 456.7
1434700 457.3
1434710 457.8
1434720 457.8
1434730 458.5
1434740 459.2
1434750 459.2
1434760 459.6
1434770 459.9
1434780 459.9
1434790 460.3
1434800 460.6
1434810 460.6
1434820 461.2
1434830 462.0
1434840 462.0
1434850 463.0
1434860 463.8
1434870 463.8
1434880 464.4
1434890 464.7
1434900 464.7
1434910 464.8
1434920 464.9
1434930 464.9
1434940 465.2
1434950 465.3
1434960 465.3
1434970 464.9
1434980 464.1
1434990 464.1
1435000 463.5
1435010 463.0
1435020 463.0
1435030 462.4
1435040 462.1
1435050 462.1
1435060 461.7
1435070 461.2
1435080 461.2
1435090 460.9
1435100 460.4
1435110 460.4
1435120 459.8
1435130 459.3
1435140 459.3
1435150 458.8
1435160 458.5
1435170 458.5
1435180 458.3
1435190 458.3
1435200 458.3
1435210 458.4
1435220 458.5
1435230 458.5
1435240 458.7
1435250 458.9
1435260 458.9
1435270 459.1
1435280 459.3
1435290 459.3
1435300 459.3
1435310 459.0
1435320 459.0
1435330 458.2
1435340 457.2
1435350 457.2
1435360 456.3
1435370 455.2
1435380 455.2
1435390 454.0
1435400 452.7
1435410 451.6
1435420 451.6
1435430 450.5
1435440 449.7
1435450 449.7
1435460 448.8
1435470 448.3
1435480 448.3
1435490 447.8
1435500 447.4
1435510 447.4
1435520 447.3
1435530 447.1
1435540 447.1
1435550 446.8
1435560 446.7
1435570 446.7
1435580 446.6
1435590 446.5
1435600 446.5
1435610 446.5
1435620 446.4
1435630 446.4
1435640 446.3
1435650 446.3
1435660 446.3
1435670 446.4
1435680 446.6
1435690 446.6
1435700 447.0
1435710 447.4
1435720 447.4
1435730 447.9
1435740 448.6
1435750 448.6
1435760 449.4
1435770 450.3
1435780 450.3
1435790 451.1
1435800 451.7
1435810 451.7
1435820 452.5
1435830 453.1
1435840 453.1
1435850 454.0
1435860 455.0
1435870 455.0
1435880 456.3
1435890 457.7
1435900 457.7
1435910 459.3
1435920 460.9
1435930 460.9
1435940 462.7
1435950 464.6
1435960 464.6
1435970 466.2
1435980 467.5
1435990 467.5
1436000 469.0
1436010 470.5
1436020 470.5
1436030 471.7
1436040 472.5
1436050 472.5
1436060 473.4
1436070 474.6
1436080 474.6
1436090 475.9
1436100 477.1
1436110 477.1
1436120 478.0
1436130 478.7
1436140 478.7
1436150 479.4
1436160 480.2
1436170 480.2
1436180 481.1
1436190 482.0
1436200 482.0
1436210 483.2
1436220 484.3
1436230 484.3
1436240 485.2
1436250 486.0
1436260 486.0
1436270 486.5
1436280 486.9
1436290 486.9
1436300 487.2
1436310 487.5
1436320 487.5
1436330 487.7
1436340 487.7
1436350 487.7
1436360 487.5
1436370 487.0
1436380 487.0
1436390 486.2
1436400 484.1
1436410 484.1
1436420 482.0
1436430 480.9
1436440 480.9
1436450 479.9
1436460 478.1
1436470 478.1
1436480 476.1
1436490 474.3
1436500 472.3
1436510 472.3
1436520 470.7
1436530 469.1
1436540 469.1
1436550 467.7
1436560 466.6
1436570 466.6
1436580 465.5
1436590 464.4
1436600 464.4
1436610 461.4
1436620 459.3
1436630 459.3
1436640 458.3
1436650 457.2
1436660 457.2
1436670 456.1
1436680 455.1
1436690 455.1
1436700 454.0
1436710 453.2
1436720 453.2
1436730 452.6
1436740 451.7
1436750 451.7
1436760 450.7
1436770 450.1
1436780 450.1
1436790 449.3
1436800 448.8
1436810 448.8
1436820 448.3
1436830 447.9
1436840 447.9
1436850 447.4
1436860 447.0
1436870 447.0
1436880 446.8
1436890 446.5
1436900 446.5
1436910 446.4
1436920 446.3
1436930 446.3
1436940 446.2
1436950 446.2
1436960 446.2
1436970 446.2
1436980 446.4
1436990 446.4
1437000 446.6
1437010 446.5
1437020 446.5
1437030 446.4
1437040 446.4
1437050 446.4
1437060 446.4
1437070 446.5
1437080 446.5
1437090 446.6
1437100 446.8
1437110 446.8
1437120 447.1
1437130 447.6
1437140 447.6
1437150 448.0
1437160 448.5
1437170 448.5
1437180 449.0
1437190 449.6
1437200 449.6
1437210 450.2
1437220 450.9
1437230 450.9
1437240 451.7
1437250 452.6
1437260 452.6
1437270 453.6
1437280 454.7
1437290 454.7
1437300 455.9
1437310 457.0
1437320 457.0
1437330 458.2
1437340 459.3
1437350 459.3
1437360 460.2
1437370 461.1
1437380 461.1
1437390 462.0
1437400 462.7
1437410 462.7
1437420 463.3
1437430 463.8
1437440 463.8
1437450 464.2
1437460 464.4
1437470 464.4
1437480 463.9
1437490 463.2
1437500 463.2
1437510 462.0
1437520 460.5
1437530 460.5
1437540 458.8
1437550 456.9
1437560 456.9
1437570 455.2
1437580 453.7
1437590 452.3
1437600 452.3
1437610 451.0
1437620 449.8
1437630 449.8
1437640 448.7
1437650 447.7
1437660 447.7
1437670 446.8
1437680 446.1
1437690 446.1
1437700 445.6
1437710 445.2
1437720 445.2
1437730 444.8
1437740 444.6
1437750 444.6
1437760 444.5
1437770 444.5
1437780 444.5
1437790 444.5
1437800 444.4
1437810 444.4
1437820 444.2
1437830 443.9
1437840 443.9
1437850 443.5
1437860 443.0
1437870 443.0
1437880 442.4
1437890 441.8
1437900 441.8
1437910 440.9
1437920 440.0
1437930 440.0
1437940 439.2
1437950 438.6
1437960 438.6
1437970 437.9
1437980 437.5
1437990 437.5
1438000 437.2
1438010 437.0
1438020 437.0
1438030 436.8
1438040 436.7
1438050 436.7
1438060 436.6
1438070 436.6
1438080 436.6
1438090 436.6
1438100 436.7
1438110 436.7
1438120 437.0
1438130 437.4
1438140 437.4
1438150 437.9
1438160 438.0
1438170 438.0
1438180 437.9
1438190 437.4
1438200 437.4
1438210 436.3
1438220 435.1
1438230 435.1
1438240 433.9
1438250 432.9
1438260 432.9
1438270 432.0
1438280 431.3
1438290 431.3
1438300 430.6
1438310 429.9
1438320 429.9
1438330 429.3
1438340 428.8
1438350 428.8
1438360 428.4
1438370 428.0
1438380 428.0
1438390 427.8
1438400 427.4
1438410 427.4
1438420 427.1
1438430 426.7
1438440 426.7
1438450 426.3
1438460 426.2
1438470 426.2
1438480 425.9
1438490 425.5
1438500 425.5
1438510 425.1
1438520 425.0
1438530 425.0
1438540 424.9
1438550 424.8
1438560 424.8
1438570 424.7
1438580 424.6
1438590 424.6
1438600 424.6
1438610 424.6
1438620 424.6
1438630 424.8
1438640 425.0
1438650 425.0
1438660 425.0
1438670 424.9
1438680 424.5
1438690 424.5
1438700 424.1
1438710 424.3
1438720 424.3
1438730 424.4
1438740 424.2
1438750 424.2
1438760 423.8
1438770 423.7
1438780 423.7
1438790 423.5
1438800 423.4
1438810 423.4
1438820 423.5
1438830 423.5
1438840 423.5
1438850 423.6
1438860 423.7
1438870 423.7
1438880 423.9
1438890 423.9
1438900 423.9
1438910 424.1
1438920 424.1
1438930 424.1
1438940 424.3
1438950 424.4
1438960 424.4
1438970 424.4
1438980 424.5
1438990 424.5
1439000 424.5
1439010 424.5
1439020 424.5
1439030 424.5
1439040 424.5
1439050 424.5
1439060 424.5
1439070 424.6
1439080 424.6
1439090 424.6
1439100 424.7
1439110 424.7
1439120 424.5
1439130 424.2
1439140 424.2
1439150 423.8
1439160 423.6
1439170 423.6
1439180 423.5
1439190 423.5
1439200 423.5
1439210 423.7
1439220 423.8
1439230 423.8
1439240 423.7
1439250 423.5
1439260 423.5
1439270 423.3
1439280 423.3
1439290 423.3
1439300 423.5
1439310 423.6
1439320 423.6
1439330 423.8
1439340 423.9
1439350 423.9
1439360 423.8
1439370 423.6
1439380 423.6
1439390 423.6
1439400 423.6
1439410 423.6
1439420 423.6
1439430 423.8
1439440 423.8
1439450 423.7
1439460 423.5
1439470 423.5
1439480 423.4
1439490 423.3
1439500 423.3
1439510 423.3
1439520 423.2
1439530 423.2
1439540 423.1
1439550 423.0
1439560 423.0
1439570 422.9
1439580 422.7
1439590 422.7
1439600 422.4
1439610 422.2
1439620 422.2
1439630 422.0
1439640 421.8
1439650 421.8
1439660 421.2
1439670 422.4
1439680 422.4
1439690 422.8
1439700 422.6
1439710 422.6
1439720 422.7
1439730 422.8
1439740 422.7
1439750 422.7
1439760 422.6
1439770 422.5
1439780 422.5
1439790 422.5
1439800 422.5
1439810 422.5
1439820 422.3
1439830 422.1
1439840 422.1
1439850 422.0
1439860 421.6
1439870 421.6
1439880 421.4
1439890 421.2
1439900 421.2
1439910 421.0
1439920 421.0
1439930 421.0
1439940 421.3
1439950 421.7
1439960 421.7
1439970 421.6
1439980 421.8
1439990 421.8
