1424210 375.2
1424220 375.1
1424230 375.1
1424240 374.9
1424250 374.6
1424260 374.6
1424270 374.2
1424280 373.9
1424290 373.9
1424300 373.7
1424310 373.7
1424320 373.7
1424330 373.7
1424340 373.7
1424350 373.7
1424360 373.6
1424370 373.5
1424380 373.5
1424390 373.4
1424400 373.4
1424410 373.4
1424420 373.4
1424430 373.4
1424440 373.4
1424450 373.4
1424460 373.6
1424470 373.6
1424480 373.8
1424490 373.8
1424500 373.8
1424510 373.8
1424520 373.7
1424530 373.7
1424540 373.7
1424550 373.8
1424560 373.8
1424570 373.8
1424580 373.7
1424590 373.7
1424600 373.7
1424610 373.8
1424620 373.8
1424630 373.9
1424640 373.6
1424650 373.6
1424660 373.0
1424670 372.5
1424680 372.5
1424690 372.4
1424700 372.6
1424710 372.6
1424720 372.7
1424730 372.9
1424740 372.8
1424750 373.0
1424760 373.0
1424770 373.0
1424780 371.6
1424790 371.7
1424800 371.7
1424810 372.2
1424820 373.0
1424830 373.0
1424840 373.1
1424850 372.9
1424860 372.9
1424870 372.8
1424880 373.0
1424890 373.0
1424900 372.9
1424910 372.9
1424920 372.9
1424930 372.8
1424940 372.8
1424950 372.8
1424960 372.7
1424970 372.7
1424980 372.7
1424990 372.7
1425000 372.6
1425010 372.6
1425020 372.7
1425030 372.9
1425040 372.9
1425050 372.5
1425060 372.3
1425070 372.3
1425080 372.3
1425090 372.2
1425100 372.6
1425110 372.6
1425120 372.8
1425130 372.9
1425140 372.9
1425150 372.9
1425160 372.9
1425170 372.9
1425180 372.9
1425190 372.9
1425200 372.9
1425210 372.9
1425220 372.9
1425230 372.9
1425240 372.8
1425250 372.8
1425260 372.8
1425270 372.8
1425280 372.8
1425290 372.8
1425300 372.6
1425310 372.4
1425320 372.4
1425330 372.8
1425340 372.9
1425350 372.9
1425360 373.0
1425370 373.0
1425380 373.0
1425390 373.3
1425400 373.2
1425410 373.2
1425420 373.1
1425430 373.0
1425440 373.0
1425450 372.9
1425460 372.9
1425470 372.9
1425480 372.8
1425490 372.8
1425500 372.8
1425510 373.1
1425520 373.3
1425530 373.3
1425540 373.5
1425550 373.5
1425560 373.5
1425570 373.4
1425580 373.3
1425590 373.3
1425600 373.3
1425610 373.4
1425620 373.4
1425630 373.5
1425640 373.5
1425650 373.5
1425660 373.4
1425670 373.3
1425680 373.3
1425690 373.4
1425700 373.5
1425710 373.5
1425720 373.5
1425730 373.5
1425740 373.5
1425750 373.7
1425760 373.6
1425770 373.6
1425780 373.7
1425790 373.7
1425800 373.7
1425810 373.8
1425820 373.8
1425830 373.8
1425840 373.8
1425850 373.6
1425860 373.6
1425870 373.7
1425880 373.9
1425890 373.9
1425900 373.9
1425910 373.9
1425920 373.9
1425930 373.9
1425940 373.9
1425950 373.9
1425960 374.1
1425970 374.4
1425980 374.4
1425990 375.0
1426000 375.6
1426010 375.6
1426020 376.5
1426030 377.2
1426040 377.2
1426050 376.0
1426060 375.0
1426070 375.0
1426080 374.5
1426090 374.4
1426100 374.4
1426110 374.5
1426120 374.6
1426130 374.6
1426140 374.6
1426150 374.6
1426160 374.6
1426170 374.7
1426180 374.7
1426190 374.9
1426200 374.9
1426210 375.1
1426220 375.3
1426230 375.3
1426240 375.4
1426250 375.4
1426260 375.4
1426270 374.4
1426280 373.7
1426290 373.7
1426300 374.2
1426310 375.2
1426320 375.2
1426330 375.7
1426340 376.0
1426350 376.0
1426360 375.7
1426370 374.3
1426380 374.3
1426390 372.6
1426400 371.8
1426410 371.8
1426420 371.8
1426430 371.8
1426440 371.8
1426450 371.8
1426460 371.8
1426470 371.8
1426480 371.8
1426490 371.8
1426500 371.8
1426510 371.8
1426520 371.8
1426530 371.8
1426540 371.9
1426550 371.8
1426560 371.8
1426570 371.9
1426580 371.9
1426590 371.9
1426600 372.2
1426610 373.7
1426620 373.7
1426630 375.2
1426640 376.2
1426650 376.2
1426660 376.4
1426670 376.2
1426680 376.2
1426690 376.1
1426700 376.0
1426710 376.0
1426720 375.7
1426730 375.5
1426740 375.5
1426750 375.5
1426760 375.4
1426770 375.4
1426780 375.2
1426790 375.0
1426800 375.0
1426810 374.8
1426820 374.9
1426830 374.9
1426840 374.9
1426850 375.0
1426860 375.0
1426870 375.0
1426880 375.0
1426890 375.0
1426900 375.0
1426910 375.0
1426920 375.0
1426930 375.0
1426940 374.9
1426950 374.9
1426960 375.0
1426970 375.0
1426980 375.0
1426990 375.1
1427000 375.1
1427010 375.1
1427020 375.1
1427030 374.9
1427040 374.9
1427050 374.9
1427060 374.6
1427070 374.6
1427080 374.5
1427090 373.5
1427100 373.5
1427110 373.4
1427120 374.0
1427130 374.0
1427140 374.2
1427150 374.6
1427160 374.6
1427170 374.7
1427180 374.7
1427190 374.7
1427200 374.7
1427210 374.7
1427220 374.7
1427230 374.8
1427240 374.9
1427250 374.9
1427260 374.9
1427270 374.8
1427280 374.8
1427290 373.8
1427300 373.1
1427310 373.8
1427320 373.8
1427330 374.7
1427340 375.0
1427350 375.0
1427360 374.9
1427370 374.7
1427380 374.7
1427390 374.7
1427400 374.8
1427410 374.8
1427420 374.8
1427430 375.0
1427440 375.0
1427450 375.3
1427460 375.4
1427470 375.4
1427480 375.3
1427490 375.4
1427500 375.4
1427510 375.3
1427520 375.4
1427530 375.4
1427540 375.4
1427550 375.5
1427560 375.5
1427570 375.3
1427580 375.4
1427590 375.4
1427600 375.4
1427610 375.2
1427620 375.2
1427630 375.3
1427640 375.3
1427650 375.3
1427660 375.3
1427670 375.2
1427680 375.2
1427690 375.3
1427700 375.4
1427710 375.4
1427720 375.4
1427730 375.4
1427740 375.4
1427750 375.4
1427760 375.3
1427770 375.3
1427780 375.3
1427790 375.3
1427800 375.3
1427810 375.4
1427820 375.3
1427830 375.3
1427840 375.4
1427850 375.4
1427860 375.4
1427870 375.3
1427880 375.3
1427890 375.3
1427900 375.2
1427910 375.1
1427920 375.1
1427930 375.1
1427940 375.2
1427950 375.2
1427960 375.2
1427970 375.2
1427980 375.2
1427990 375.1
1428000 375.0
1428010 375.0
1428020 375.1
1428030 375.0
1428040 375.0
1428050 374.9
1428060 374.8
1428070 374.8
1428080 374.9
1428090 374.9
1428100 374.9
1428110 374.9
1428120 375.1
1428130 375.1
1428140 375.2
1428150 375.4
1428160 375.4
1428170 375.3
1428180 375.3
1428190 375.3
1428200 375.2
1428210 375.0
1428220 375.0
1428230 374.8
1428240 374.8
1428250 374.8
1428260 374.8
1428270 374.6
1428280 374.6
1428290 374.5
1428300 375.0
1428310 375.0
1428320 376.9
1428330 380.4
1428340 380.4
1428350 385.0
1428360 386.5
1428370 386.5
1428380 386.6
1428390 386.7
1428400 386.7
1428410 388.9
1428420 391.2
1428430 392.0
1428440 392.0
1428450 392.0
1428460 392.1
1428470 392.1
1428480 392.2
1428490 392.7
1428500 392.7
1428510 392.3
1428520 391.8
1428530 391.8
1428540 391.8
1428550 391.7
1428560 391.7
1428570 391.7
1428580 391.1
1428590 391.1
1428600 391.0
1428610 391.1
1428620 391.1
1428630 392.2
1428640 393.0
1428650 393.0
1428660 393.3
1428670 393.3
1428680 393.3
1428690 393.6
1428700 393.8
1428710 393.8
1428720 393.6
1428730 393.4
1428740 393.4
1428750 393.4
1428760 393.2
1428770 393.2
1428780 393.2
1428790 393.2
1428800 393.2
1428810 393.3
1428820 393.5
1428830 393.5
1428840 393.4
1428850 393.7
1428860 393.7
1428870 393.8
1428880 393.8
1428890 393.8
1428900 393.7
1428910 394.0
1428920 394.0
1428930 394.9
1428940 396.5
1428950 396.5
1428960 399.2
1428970 402.3
1428980 402.3
1428990 405.2
1429000 408.3
1429010 408.3
1429020 410.3
1429030 411.5
1429040 411.5
1429050 412.8
1429060 413.7
1429070 413.7
1429080 413.9
1429090 414.4
1429100 414.4
1429110 415.1
1429120 415.9
1429130 415.9
1429140 416.6
1429150 417.4
1429160 417.4
1429170 418.3
1429180 418.7
1429190 418.7
1429200 419.2
1429210 419.5
1429220 419.5
1429230 419.6
1429240 419.5
1429250 419.5
1429260 419.5
1429270 420.0
1429280 420.0
1429290 421.2
1429300 421.9
1429310 421.9
1429320 422.1
1429330 422.1
1429340 422.1
1429350 422.2
1429360 422.2
1429370 422.2
1429380 422.1
1429390 422.0
1429400 422.0
1429410 421.8
1429420 421.6
1429430 421.6
1429440 421.3
1429450 421.2
1429460 421.2
1429470 421.1
1429480 420.9
1429490 420.9
1429500 420.5
1429510 420.2
1429520 420.2
1429530 419.7
1429540 419.2
1429550 418.8
1429560 418.8
1429570 418.6
1429580 418.4
1429590 418.4
1429600 418.1
1429610 417.7
1429620 417.7
1429630 417.0
1429640 416.3
1429650 416.3
1429660 415.6
1429670 415.1
1429680 415.1
1429690 414.7
1429700 414.3
1429710 414.3
1429720 413.7
1429730 413.2
1429740 413.2
1429750 412.8
1429760 412.4
1429770 412.4
1429780 412.1
1429790 412.0
1429800 412.0
1429810 411.6
1429820 411.1
1429830 411.1
1429840 410.6
1429850 410.3
1429860 410.3
1429870 410.1
1429880 410.0
1429890 410.0
1429900 409.9
1429910 409.9
1429920 409.9
1429930 409.9
1429940 409.9
1429950 409.9
1429960 410.0
1429970 410.0
1429980 410.0
1429990 409.9
1430000 409.8
1430010 409.8
1430020 409.5
1430030 409.3
1430040 409.3
1430050 409.2
1430060 409.2
1430070 409.2
1430080 409.1
1430090 409.0
1430100 409.0
1430110 408.9
1430120 409.0
1430130 409.0
1430140 409.1
1430150 409.2
1430160 409.2
1430170 409.2
1430180 409.1
1430190 409.1
1430200 408.4
1430210 407.6
1430220 407.6
1430230 407.5
1430240 407.6
1430250 407.6
1430260 407.6
1430270 407.8
1430280 407.8
1430290 408.0
1430300 408.3
1430310 408.3
1430320 408.5
1430330 408.9
1430340 408.9
1430350 409.5
1430360 410.0
1430370 410.0
1430380 410.3
1430390 410.6
1430400 410.6
1430410 411.1
1430420 411.8
1430430 411.8
1430440 411.9
1430450 412.5
1430460 412.5
1430470 413.0
1430480 413.5
1430490 413.5
1430500 414.0
1430510 414.3
1430520 414.3
1430530 414.7
1430540 414.9
1430550 414.9
1430560 415.2
1430570 415.6
1430580 415.6
1430590 415.9
1430600 416.2
1430610 416.2
1430620 416.6
1430630 416.9
1430640 416.9
1430650 417.4
1430660 417.9
1430670 418.4
1430680 418.4
1430690 419.0
1430700 419.8
1430710 419.8
1430720 420.9
1430730 421.7
1430740 421.7
1430750 422.6
1430760 423.5
1430770 423.5
1430780 424.6
1430790 425.8
1430800 425.8
1430810 426.7
1430820 427.6
1430830 427.6
1430840 428.7
1430850 430.1
1430860 430.1
1430870 431.5
1430880 432.7
1430890 432.7
1430900 433.7
1430910 434.5
1430920 434.5
1430930 435.2
1430940 434.8
1430950 434.8
1430960 434.4
1430970 432.6
1430980 432.6
1430990 429.4
1431000 425.2
1431010 425.2
1431020 423.3
1431030 423.4
1431040 423.4
1431050 424.2
1431060 425.7
1431070 425.7
1431080 427.4
1431090 430.0
1431100 430.0
1431110 432.2
1431120 432.8
1431130 432.8
1431140 432.5
1431150 432.2
1431160 432.2
1431170 431.9
1431180 431.7
1431190 431.7
1431200 431.6
1431210 431.5
1431220 431.5
1431230 431.7
1431240 431.9
1431250 431.9
1431260 432.2
1431270 432.6
1431280 432.6
1431290 432.9
1431300 433.3
1431310 433.3
1431320 433.9
1431330 434.6
1431340 434.6
1431350 435.4
1431360 436.5
1431370 436.5
1431380 437.9
1431390 439.1
1431400 439.1
1431410 440.4
1431420 441.7
1431430 441.7
1431440 443.0
1431450 444.4
1431460 444.4
1431470 445.6
1431480 446.8
1431490 446.8
1431500 448.1
1431510 449.4
1431520 449.4
1431530 450.6
1431540 451.6
1431550 451.6
1431560 452.5
1431570 453.1
1431580 453.1
1431590 453.4
1431600 452.8
1431610 452.8
1431620 452.2
1431630 451.5
1431640 451.5
1431650 450.4
1431660 448.5
1431670 448.5
1431680 446.8
1431690 445.5
1431700 445.5
1431710 444.6
1431720 444.1
1431730 444.1
1431740 444.0
1431750 444.0
1431760 444.0
1431770 443.8
1431780 443.5
1431790 443.0
1431800 443.0
1431810 442.8
1431820 443.6
1431830 443.6
1431840 444.7
1431850 445.4
1431860 445.4
1431870 445.8
1431880 446.1
1431890 446.1
1431900 446.2
1431910 446.4
1431920 446.4
1431930 446.6
1431940 446.8
1431950 446.8
1431960 447.3
1431970 448.2
1431980 448.2
1431990 449.4
1432000 450.7
1432010 450.7
1432020 452.0
1432030 453.2
1432040 453.2
1432050 454.4
1432060 455.0
1432070 455.0
1432080 455.9
1432090 456.6
1432100 456.6
1432110 457.3
1432120 457.7
1432130 457.7
1432140 457.9
1432150 458.0
1432160 458.0
1432170 458.0
1432180 457.9
1432190 457.9
1432200 457.6
1432210 457.4
1432220 457.4
1432230 457.3
1432240 457.5
1432250 457.5
1432260 457.9
1432270 458.4
1432280 458.4
1432290 458.9
1432300 459.5
1432310 459.5
1432320 460.0
1432330 460.5
1432340 460.5
1432350 461.0
1432360 461.5
1432370 461.5
1432380 462.1
1432390 463.0
1432400 463.0
1432410 463.9
1432420 465.0
1432430 465.0
1432440 465.8
1432450 466.1
1432460 466.1
1432470 466.0
1432480 465.7
1432490 465.7
1432500 465.4
1432510 464.8
1432520 464.8
1432530 464.1
1432540 463.6
1432550 463.6
1432560 463.2
1432570 462.9
1432580 462.9
1432590 462.2
1432600 461.4
1432610 461.4
1432620 460.6
1432630 459.9
1432640 459.9
1432650 459.3
1432660 458.8
1432670 458.8
1432680 458.5
1432690 458.4
1432700 458.4
1432710 458.4
1432720 458.4
1432730 458.4
1432740 458.2
1432750 458.1
1432760 458.1
1432770 458.2
1432780 458.5
1432790 458.5
1432800 458.8
1432810 459.0
1432820 459.0
1432830 459.3
1432840 459.7
1432850 459.7
1432860 460.1
1432870 460.5
1432880 460.8
1432890 460.8
1432900 461.2
1432910 461.5
1432920 461.5
1432930 461.9
1432940 462.3
1432950 462.3
1432960 463.1
1432970 463.5
1432980 463.5
1432990 464.2
1433000 464.9
1433010 464.9
1433020 465.5
1433030 466.0
1433040 466.0
1433050 466.5
1433060 466.9
1433070 466.9
1433080 467.5
1433090 469.7
1433100 469.7
1433110 471.9
1433120 472.8
1433130 472.8
1433140 473.4
1433150 473.2
1433160 473.2
1433170 473.0
1433180 472.6
1433190 472.6
1433200 473.3
1433210 472.8
1433220 472.8
1433230 472.0
1433240 471.7
1433250 471.7
1433260 471.1
1433270 470.3
1433280 470.3
1433290 469.1
1433300 467.7
1433310 467.7
1433320 466.0
1433330 464.3
1433340 464.3
1433350 462.8
1433360 461.4
1433370 461.4
1433380 460.0
1433390 458.8
1433400 458.8
1433410 457.7
1433420 456.8
1433430 456.8
1433440 456.1
1433450 455.6
1433460 455.6
1433470 455.3
1433480 454.9
1433490 454.9
1433500 454.6
1433510 454.5
1433520 454.5
1433530 453.8
1433540 453.4
1433550 453.4
1433560 453.1
1433570 452.9
1433580 452.9
1433590 452.7
1433600 452.6
1433610 452.6
1433620 452.5
1433630 452.3
1433640 452.3
1433650 452.1
1433660 452.0
1433670 452.0
1433680 451.8
1433690 451.7
1433700 451.7
1433710 451.6
1433720 451.5
1433730 451.5
1433740 451.4
1433750 451.3
1433760 451.3
1433770 451.3
1433780 451.3
1433790 451.3
1433800 451.2
1433810 451.3
1433820 451.3
1433830 451.3
1433840 451.3
1433850 451.3
1433860 451.5
1433870 451.6
1433880 451.6
1433890 451.7
1433900 451.9
1433910 451.9
1433920 452.0
1433930 452.1
1433940 452.1
1433950 452.4
1433960 452.8
1433970 452.8
1433980 453.2
1433990 453.8
1434000 453.8
1434010 454.4
1434020 455.3
1434030 456.5
1434040 456.5
1434050 457.9
1434060 459.5
1434070 459.5
1434080 461.0
1434090 462.4
1434100 462.4
1434110 463.7
1434120 464.9
1434130 465.3
1434140 466.4
1434150 467.5
1434160 467.5
1434170 468.4
1434180 469.5
1434190 469.5
1434200 470.6
1434210 471.6
1434220 471.6
1434230 472.8
1434240 474.1
1434250 474.1
1434260 475.5
1434270 476.9
1434280 476.9
1434290 478.1
1434300 479.2
1434310 479.2
1434320 479.9
1434330 480.5
1434340 480.5
1434350 480.8
1434360 481.0
1434370 481.0
1434380 480.8
1434390 480.6
1434400 480.6
1434410 480.2
1434420 479.8
1434430 479.8
1434440 479.4
1434450 479.0
1434460 479.0
1434470 478.4
1434480 477.6
1434490 477.6
1434500 476.8
1434510 476.1
1434520 476.1
1434530 475.6
1434540 475.3
1434550 475.3
1434560 475.2
1434570 475.2
1434580 475.2
1434590 475.3
1434600 475.4
1434610 475.4
1434620 475.5
1434630 475.4
1434640 475.4
1434650 475.3
1434660 475.1
1434670 475.1
1434680 474.8
1434690 474.7
1434700 474.7
1434710 474.7
1434720 474.7
1434730 474.7
1434740 474.5
1434750 474.2
1434760 474.2
1434770 473.7
1434780 473.5
1434790 473.5
1434800 473.3
1434810 473.2
1434820 473.2
1434830 473.3
1434840 473.5
1434850 473.5
1434860 473.7
1434870 474.1
1434880 474.1
1434890 474.3
1434900 474.6
1434910 474.6
1434920 475.0
1434930 475.3
1434940 475.3
1434950 475.5
1434960 475.9
1434970 475.9
1434980 476.1
1434990 476.4
1435000 476.4
1435010 476.9
1435020 477.5
1435030 477.5
1435040 478.0
1435050 478.3
1435060 478.3
1435070 478.0
1435080 477.1
1435090 477.1
1435100 476.4
1435110 475.7
1435120 475.7
1435130 475.0
1435140 474.2
1435150 473.3
1435160 473.3
1435170 472.5
1435180 471.7
1435190 471.7
1435200 470.9
1435210 470.1
1435220 470.1
1435230 469.4
1435240 468.9
1435250 468.9
1435260 468.6
1435270 468.2
1435280 468.2
1435290 467.9
1435300 467.6
1435310 467.6
1435320 467.3
1435330 467.1
1435340 467.1
1435350 466.9
1435360 466.7
1435370 466.7
1435380 466.5
1435390 466.5
1435400 466.5
1435410 466.5
1435420 466.5
1435430 466.5
1435440 466.4
1435450 466.5
1435460 466.5
1435470 466.7
1435480 466.4
1435490 466.4
1435500 465.8
1435510 465.5
1435520 465.5
1435530 465.2
1435540 464.8
1435550 464.8
1435560 464.5
1435570 464.3
1435580 464.3
1435590 464.0
1435600 463.3
1435610 463.3
1435620 462.9
1435630 462.6
1435640 462.6
1435650 462.3
1435660 461.9
1435670 461.9
1435680 461.5
1435690 461.0
1435700 461.0
1435710 460.2
1435720 459.5
1435730 459.5
1435740 458.6
1435750 457.7
1435760 457.7
1435770 456.9
1435780 456.0
1435790 456.0
1435800 455.1
1435810 454.4
1435820 454.4
1435830 453.7
1435840 453.3
1435850 453.3
1435860 452.9
1435870 452.6
1435880 452.6
1435890 452.4
1435900 452.3
1435910 452.3
1435920 452.1
1435930 452.0
1435940 452.0
1435950 452.0
1435960 451.9
1435970 451.9
1435980 451.8
1435990 451.4
1436000 451.4
1436010 451.1
1436020 450.8
1436030 450.8
1436040 450.4
1436050 450.0
1436060 450.0
1436070 449.6
1436080 449.1
1436090 449.1
1436100 448.7
1436110 448.4
1436120 448.4
1436130 447.9
1436140 447.2
1436150 447.2
1436160 446.5
1436170 446.0
1436180 446.0
1436190 445.5
1436200 445.1
1436210 445.1
1436220 444.7
1436230 443.9
1436240 443.9
1436250 442.5
1436260 441.1
1436270 440.1
1436280 440.1
1436290 439.4
1436300 438.8
1436310 438.8
1436320 438.4
1436330 437.8
1436340 437.8
1436350 437.0
1436360 436.2
1436370 436.2
1436380 435.6
1436390 435.2
1436400 435.2
1436410 434.8
1436420 434.6
1436430 434.6
1436440 434.4
1436450 434.2
1436460 434.2
1436470 434.1
1436480 434.0
1436490 434.0
1436500 433.9
1436510 433.8
1436520 433.8
1436530 433.7
1436540 433.6
1436550 433.6
1436560 433.5
1436570 433.4
1436580 433.4
1436590 433.3
1436600 433.2
1436610 433.2
1436620 433.2
1436630 433.1
1436640 433.1
1436650 433.1
1436660 433.1
1436670 433.1
1436680 433.0
1436690 433.0
1436700 433.0
1436710 433.0
1436720 433.0
1436730 433.0
1436740 433.1
1436750 433.1
1436760 433.5
1436770 433.6
1436780 433.6
1436790 433.6
1436800 433.9
1436810 434.5
1436820 434.5
1436830 435.5
1436840 437.2
1436850 437.2
1436860 439.5
1436870 442.1
1436880 442.1
1436890 445.1
1436900 448.4
1436910 448.4
1436920 451.5
1436930 454.1
1436940 454.1
1436950 455.0
1436960 454.7
1436970 454.7
1436980 455.3
1436990 457.6
1437000 457.6
1437010 459.5
1437020 461.7
1437030 461.7
1437040 464.3
1437050 465.7
1437060 465.7
1437070 466.6
1437080 468.0
1437090 468.0
1437100 469.9
1437110 471.6
1437120 471.6
1437130 472.5
1437140 472.9
1437150 472.9
1437160 473.7
1437170 474.8
1437180 474.8
1437190 475.4
1437200 475.5
1437210 475.5
1437220 475.3
1437230 475.0
1437240 475.0
1437250 474.7
1437260 474.7
1437270 474.7
1437280 474.6
1437290 474.5
1437300 474.5
1437310 474.3
1437320 474.0
1437330 474.0
1437340 473.8
1437350 473.7
1437360 473.7
1437370 473.8
1437380 474.1
1437390 474.4
1437400 474.4
1437410 474.7
1437420 475.1
1437430 475.1
1437440 475.6
1437450 476.0
1437460 476.0
1437470 476.3
1437480 476.5
1437490 476.5
1437500 476.8
1437510 477.1
1437520 477.1
1437530 477.2
1437540 477.0
1437550 477.0
1437560 476.3
1437570 475.1
1437580 475.1
1437590 473.8
1437600 472.2
1437610 472.2
1437620 470.9
1437630 469.7
1437640 469.7
1437650 468.5
1437660 467.3
1437670 467.3
1437680 466.4
1437690 465.8
1437700 465.8
1437710 465.2
1437720 464.6
1437730 464.6
1437740 464.3
1437750 463.9
1437760 463.9
1437770 463.1
1437780 462.0
1437790 462.0
1437800 460.8
1437810 459.9
1437820 459.9
1437830 458.9
1437840 457.8
1437850 457.8
1437860 456.9
1437870 456.2
1437880 456.2
1437890 455.8
1437900 455.7
1437910 455.7
1437920 455.9
1437930 456.3
1437940 456.3
1437950 456.4
1437960 456.5
1437970 456.5
1437980 456.4
1437990 456.2
1438000 456.2
1438010 456.0
1438020 455.5
1438030 455.5
1438040 455.0
1438050 454.1
1438060 454.1
1438070 453.4
1438080 452.8
1438090 452.8
1438100 452.0
1438110 451.3
1438120 451.3
1438130 450.5
1438140 449.7
1438150 449.7
1438160 448.7
1438170 447.8
1438180 447.8
1438190 446.8
1438200 445.7
1438210 445.7
1438220 444.6
1438230 443.4
1438240 443.4
1438250 442.4
1438260 441.2
1438270 441.2
1438280 439.9
1438290 438.4
1438300 438.4
1438310 437.3
1438320 436.3
1438330 436.3
1438340 435.5
1438350 435.0
1438360 435.0
1438370 434.5
1438380 434.0
1438390 434.0
1438400 433.3
1438410 432.5
1438420 432.5
1438430 431.8
1438440 430.9
1438450 430.9
1438460 430.1
1438470 429.2
1438480 428.8
1438490 428.8
1438500 428.5
1438510 428.0
1438520 428.0
1438530 427.5
1438540 427.2
1438550 427.2
1438560 427.0
1438570 426.9
1438580 426.9
1438590 426.9
1438600 426.9
1438610 426.9
1438620 426.9
1438630 426.8
1438640 426.8
1438650 426.8
1438660 426.7
1438670 426.7
1438680 426.6
1438690 426.5
1438700 426.5
1438710 426.5
1438720 426.3
1438730 426.3
1438740 426.3
1438750 426.2
1438760 426.2
1438770 426.1
1438780 426.1
1438790 426.1
1438800 426.1
1438810 426.0
1438820 426.0
1438830 425.9
1438840 425.8
1438850 425.8
1438860 425.6
1438870 425.6
1438880 425.6
1438890 425.5
1438900 425.2
1438910 425.2
1438920 424.8
1438930 424.5
1438940 424.5
1438950 424.4
1438960 424.2
1438970 424.2
1438980 424.1
1438990 424.1
1439000 424.1
1439010 424.1
1439020 424.1
1439030 424.1
1439040 423.6
1439050 423.6
1439060 423.6
1439070 423.8
1439080 424.0
1439090 424.0
1439100 424.1
1439110 424.3
1439120 424.3
1439130 424.3
1439140 424.4
1439150 424.4
1439160 424.4
1439170 424.5
1439180 424.5
1439190 424.7
1439200 424.9
1439210 424.9
1439220 425.7
1439230 426.9
1439240 426.9
1439250 427.9
1439260 428.3
1439270 428.3
1439280 428.6
1439290 428.4
1439300 428.4
1439310 428.1
1439320 427.8
1439330 427.8
1439340 427.3
1439350 426.8
1439360 426.8
1439370 426.3
1439380 426.1
1439390 426.1
1439400 425.8
1439410 425.4
1439420 425.4
1439430 425.1
1439440 424.9
1439450 424.9
1439460 424.6
1439470 424.4
1439480 424.4
1439490 424.3
1439500 424.3
1439510 424.3
1439520 424.2
1439530 424.2
1439540 424.1
1439550 424.2
1439560 424.2
1439570 424.2
1439580 424.3
1439590 424.3
1439600 424.4
1439610 424.4
1439620 424.6
1439630 424.5
1439640 424.5
1439650 424.3
1439660 424.2
1439670 424.2
1439680 424.2
1439690 424.1
1439700 424.1
1439710 424.1
1439720 424.1
1439730 424.1
1439740 424.1
1439750 424.1
1439760 424.1
1439770 424.1
1439780 424.0
1439790 424.0
1439800 424.0
1439810 424.0
1439820 424.0
1439830 424.2
1439840 424.1
1439850 424.1
1439860 424.1
1439870 424.2
1439880 424.2
1439890 424.2
1439900 424.2
1439910 424.2
1439920 424.3
1439930 424.3
1439940 424.3
1439950 424.2
1439960 424.0
1439970 424.0
1439980 424.0
1439990 424.1
