1422950 374.5
1422960 374.6
1422970 374.6
1422980 374.7
1422990 374.7
1423000 374.7
1423010 374.8
1423020 374.7
1423030 374.7
1423040 374.6
1423050 374.6
1423060 374.6
1423070 374.7
1423080 374.7
1423090 374.7
1423100 374.6
1423110 374.1
1423120 374.1
1423130 372.8
1423140 372.6
1423150 372.6
1423160 372.4
1423170 372.8
1423180 372.8
1423190 373.1
1423200 373.0
1423210 373.0
1423220 372.7
1423230 372.1
1423240 372.1
1423250 372.5
1423260 372.9
1423270 372.9
1423280 373.2
1423290 373.8
1423300 373.8
1423310 374.1
1423320 374.3
1423330 374.3
1423340 374.2
1423350 374.1
1423360 374.1
1423370 374.1
1423380 374.0
1423390 374.0
1423400 374.0
1423410 374.0
1423420 374.0
1423430 374.0
1423440 374.1
1423450 374.1
1423460 374.1
1423470 374.1
1423480 374.1
1423490 374.1
1423500 374.1
1423510 374.1
1423520 374.1
1423530 374.1
1423540 374.1
1423550 374.1
1423560 374.1
1423570 374.1
1423580 374.1
1423590 374.1
1423600 374.2
1423610 374.2
1423620 374.2
1423630 374.2
1423640 374.2
1423650 374.2
1423660 374.1
1423670 374.1
1423680 374.0
1423690 373.9
1423700 373.9
1423710 373.9
1423720 373.9
1423730 373.9
1423740 373.9
1423750 373.8
1423760 373.8
1423770 373.8
1423780 373.8
1423790 373.8
1423800 374.0
1423810 374.1
1423820 374.1
1423830 371.7
1423840 371.5
1423850 371.5
1423860 371.8
1423870 372.1
1423880 372.1
1423890 372.3
1423900 372.4
1423910 372.4
1423920 372.2
1423930 371.0
1423940 371.0
1423950 370.9
1423960 371.1
1423970 371.1
1423980 371.0
1423990 371.1
1424000 371.1
1424010 372.0
1424020 372.0
1424030 372.0
1424040 371.9
1424050 371.8
1424060 371.8
1424070 371.9
1424080 371.8
1424090 371.8
1424100 371.8
1424110 371.7
1424120 371.7
1424130 371.7
1424140 371.7
1424150 371.7
1424160 371.7
1424170 371.9
1424180 371.9
1424190 372.0
1424200 372.1
1424210 372.1
1424220 372.2
1424230 372.1
1424240 372.4
1424250 372.4
1424260 372.2
1424270 372.2
1424280 371.7
1424290 372.0
1424300 372.0
1424310 372.3
1424320 372.3
1424330 372.3
1424340 372.2
1424350 372.4
1424360 372.4
1424370 372.3
1424380 372.3
1424390 372.3
1424400 372.4
1424410 372.4
1424420 372.4
1424430 372.5
1424440 372.5
1424450 372.5
1424460 372.4
1424470 372.4
1424480 372.4
1424490 372.4
1424500 372.5
1424510 372.5
1424520 372.5
1424530 372.5
1424540 372.5
1424550 372.6
1424560 372.6
1424570 372.6
1424580 372.6
1424590 372.5
1424600 372.5
1424610 372.5
1424620 372.5
1424630 372.6
1424640 372.6
1424650 372.7
1424660 372.7
1424670 372.7
1424680 372.7
1424690 372.7
1424700 372.7
1424710 372.8
1424720 372.9
1424730 372.9
1424740 372.7
1424750 372.4
1424760 372.4
1424770 372.7
1424780 373.3
1424790 373.3
1424800 374.1
1424810 375.2
1424820 375.2
1424830 376.1
1424840 375.4
1424850 375.4
1424860 374.3
1424870 373.7
1424880 373.7
1424890 373.5
1424900 373.5
1424910 373.5
1424920 373.5
1424930 373.5
1424940 373.5
1424950 373.7
1424960 373.8
1424970 373.8
1424980 373.9
1424990 373.9
1425000 373.9
1425010 374.0
1425020 374.1
1425030 374.1
1425040 374.1
1425050 373.8
1425060 373.8
1425070 373.2
1425080 372.8
1425090 372.8
1425100 372.6
1425110 373.7
1425120 373.7
1425130 374.5
1425140 374.8
1425150 374.8
1425160 374.8
1425170 374.0
1425180 374.0
1425190 372.0
1425200 370.9
1425210 370.9
1425220 370.7
1425230 370.7
1425240 370.7
1425250 370.7
1425260 370.7
1425270 370.7
1425280 370.7
1425290 370.8
1425300 370.8
1425310 370.7
1425320 370.8
1425330 370.8
1425340 370.8
1425350 370.8
1425360 370.8
1425370 370.8
1425380 370.8
1425390 370.8
1425400 370.9
1425410 371.3
1425420 371.3
1425430 373.1
1425440 374.3
1425450 374.3
1425460 374.8
1425470 375.0
1425480 375.0
1425490 374.9
1425500 374.6
1425510 374.6
1425520 374.6
1425530 374.6
1425540 374.6
1425550 374.6
1425560 374.5
1425570 374.5
1425580 374.5
1425590 374.4
1425600 374.4
1425610 374.2
1425620 374.2
1425630 374.2
1425640 374.2
1425650 374.0
1425660 374.0
1425670 373.9
1425680 374.0
1425690 374.0
1425700 373.9
1425710 373.7
1425720 373.8
1425730 373.8
1425740 373.7
1425750 373.7
1425760 373.7
1425770 373.7
1425780 373.6
1425790 373.6
1425800 373.5
1425810 373.5
1425820 373.5
1425830 373.4
1425840 373.4
1425850 373.4
1425860 373.3
1425870 373.2
1425880 373.2
1425890 373.3
1425900 373.2
1425910 373.2
1425920 373.2
1425930 373.6
1425940 373.6
1425950 372.4
1425960 373.0
1425970 373.0
1425980 373.5
1425990 373.5
1426000 373.5
1426010 373.4
1426020 373.4
1426030 373.4
1426040 373.4
1426050 373.5
1426060 373.5
1426070 373.5
1426080 373.6
1426090 373.6
1426100 373.7
1426110 373.7
1426120 373.7
1426130 373.8
1426140 373.8
1426150 373.8
1426160 374.0
1426170 374.0
1426180 374.0
1426190 374.0
1426200 373.8
1426210 373.8
1426220 373.5
1426230 373.0
1426240 373.0
1426250 372.8
1426260 373.2
1426270 373.2
1426280 373.6
1426290 373.7
1426300 373.7
1426310 372.7
1426320 372.8
1426330 372.8
1426340 372.6
1426350 372.6
1426360 372.6
1426370 372.9
1426380 373.6
1426390 373.6
1426400 373.9
1426410 373.8
1426420 373.7
1426430 373.9
1426440 373.9
1426450 373.9
1426460 373.8
1426470 373.8
1426480 373.8
1426490 373.8
1426500 373.8
1426510 373.8
1426520 373.8
1426530 373.7
1426540 373.7
1426550 373.6
1426560 373.6
1426570 373.6
1426580 373.6
1426590 373.6
1426600 373.6
1426610 373.6
1426620 373.6
1426630 373.6
1426640 373.8
1426650 374.0
1426660 374.0
1426670 374.6
1426680 375.7
1426690 375.7
1426700 377.7
1426710 380.3
1426720 380.3
1426730 382.6
1426740 384.4
1426750 384.4
1426760 386.1
1426770 388.0
1426780 388.0
1426790 389.7
1426800 390.8
1426810 390.8
1426820 392.4
1426830 394.0
1426840 394.0
1426850 395.6
1426860 396.9
1426870 398.0
1426880 398.0
1426890 398.9
1426900 399.5
1426910 399.5
1426920 399.8
1426930 400.0
1426940 400.0
1426950 400.2
1426960 400.3
1426970 400.3
1426980 400.3
1426990 400.4
1427000 400.4
1427010 400.6
1427020 400.8
1427030 400.8
1427040 401.2
1427050 401.7
1427060 401.7
1427070 402.4
1427080 402.9
1427090 402.9
1427100 403.4
1427110 403.8
1427120 403.8
1427130 404.4
1427140 405.0
1427150 405.0
1427160 405.6
1427170 406.1
1427180 406.1
1427190 406.3
1427200 406.1
1427210 406.1
1427220 405.7
1427230 405.2
1427240 405.2
1427250 404.5
1427260 403.9
1427270 403.9
1427280 403.2
1427290 402.3
1427300 402.3
1427310 401.3
1427320 399.9
1427330 399.9
1427340 398.0
1427350 395.1
1427360 395.1
1427370 393.4
1427380 392.8
1427390 392.8
1427400 392.5
1427410 392.4
1427420 392.4
1427430 392.3
1427440 392.3
1427450 392.3
1427460 392.3
1427470 392.4
1427480 392.4
1427490 392.3
1427500 392.3
1427510 392.3
1427520 392.1
1427530 392.1
1427540 392.1
1427550 392.0
1427560 392.0
1427570 392.0
1427580 392.0
1427590 392.1
1427600 392.1
1427610 392.1
1427620 392.0
1427630 392.0
1427640 392.1
1427650 392.3
1427660 392.3
1427670 392.5
1427680 392.5
1427690 392.5
1427700 392.4
1427710 392.6
1427720 392.6
1427730 392.8
1427740 393.0
1427750 393.0
1427760 392.8
1427770 392.7
1427780 392.7
1427790 392.7
1427800 392.7
1427810 392.7
1427820 392.8
1427830 393.2
1427840 393.2
1427850 393.1
1427860 393.0
1427870 393.0
1427880 393.0
1427890 393.0
1427900 393.0
1427910 393.0
1427920 393.0
1427930 393.0
1427940 393.0
1427950 393.2
1427960 393.2
1427970 393.2
1427980 393.2
1427990 393.8
1428000 393.8
1428010 393.8
1428020 393.8
1428030 393.8
1428040 393.5
1428050 393.1
1428060 393.1
1428070 393.0
1428080 392.9
1428090 392.9
1428100 392.7
1428110 392.1
1428120 392.1
1428130 392.6
1428140 392.5
1428150 392.5
1428160 390.3
1428170 389.4
1428180 389.4
1428190 389.3
1428200 389.4
1428210 389.4
1428220 389.7
1428230 390.0
1428240 390.0
1428250 390.3
1428260 390.7
1428270 390.7
1428280 391.7
1428290 393.8
1428300 393.8
1428310 395.1
1428320 396.6
1428330 396.6
1428340 399.8
1428350 405.4
1428360 405.4
1428370 409.3
1428380 410.4
1428390 410.4
1428400 410.8
1428410 412.3
1428420 412.3
1428430 412.8
1428440 412.9
1428450 412.9
1428460 412.7
1428470 411.8
1428480 411.8
1428490 411.2
1428500 411.0
1428510 411.0
1428520 411.2
1428530 411.3
1428540 411.3
1428550 411.3
1428560 411.0
1428570 411.0
1428580 410.9
1428590 410.5
1428600 410.5
1428610 410.5
1428620 410.6
1428630 410.6
1428640 410.5
1428650 410.3
1428660 410.3
1428670 410.4
1428680 410.4
1428690 411.5
1428700 411.5
1428710 411.4
1428720 411.4
1428730 410.7
1428740 410.2
1428750 410.2
1428760 409.7
1428770 409.5
1428780 409.5
1428790 409.1
1428800 408.8
1428810 408.8
1428820 408.4
1428830 408.0
1428840 408.0
1428850 407.3
1428860 405.7
1428870 405.7
1428880 404.1
1428890 403.3
1428900 403.3
1428910 402.0
1428920 403.2
1428930 403.2
1428940 403.8
1428950 404.2
1428960 404.2
1428970 404.6
1428980 405.2
1428990 405.2
1429000 405.7
1429010 406.4
1429020 406.4
1429030 407.0
1429040 407.4
1429050 407.4
1429060 407.8
1429070 408.4
1429080 408.4
1429090 409.0
1429100 409.6
1429110 409.6
1429120 410.0
1429130 410.3
1429140 410.4
1429150 410.4
1429160 410.4
1429170 410.3
1429180 410.3
1429190 410.3
1429200 410.5
1429210 410.5
1429220 410.6
1429230 410.8
1429240 410.8
1429250 410.8
1429260 410.7
1429270 410.7
1429280 410.6
1429290 410.5
1429300 410.5
1429310 410.6
1429320 410.8
1429330 410.8
1429340 410.9
1429350 411.1
1429360 411.1
1429370 411.1
1429380 410.9
1429390 410.9
1429400 410.9
1429410 410.8
1429420 410.8
1429430 410.8
1429440 410.8
1429450 410.8
1429460 411.0
1429470 411.2
1429480 411.2
1429490 411.8
1429500 411.9
1429510 411.9
1429520 412.0
1429530 412.0
1429540 412.0
1429550 412.4
1429560 412.7
1429570 412.7
1429580 413.1
1429590 413.5
1429600 413.5
1429610 414.0
1429620 414.4
1429630 414.4
1429640 414.8
1429650 415.1
1429660 415.1
1429670 415.3
1429680 415.8
1429690 415.8
1429700 416.6
1429710 417.4
1429720 417.4
1429730 418.0
1429740 418.7
1429750 418.7
1429760 419.4
1429770 419.8
1429780 419.8
1429790 419.9
1429800 419.7
1429810 419.7
1429820 419.8
1429830 421.9
1429840 421.9
1429850 422.9
1429860 423.7
1429870 423.7
1429880 424.6
1429890 425.5
1429900 425.5
1429910 426.4
1429920 427.2
1429930 427.2
1429940 427.9
1429950 428.6
1429960 428.6
1429970 429.4
1429980 430.1
1429990 430.1
1430000 430.8
1430010 431.5
1430020 431.5
1430030 432.2
1430040 432.9
1430050 432.9
1430060 433.8
1430070 434.7
1430080 434.7
1430090 436.5
1430100 439.2
1430110 439.2
1430120 440.5
1430130 441.0
1430140 441.0
1430150 441.3
1430160 441.6
1430170 441.6
1430180 441.8
1430190 442.0
1430200 442.0
1430210 442.2
1430220 442.4
1430230 442.4
1430240 442.8
1430250 443.2
1430260 443.2
1430270 443.7
1430280 444.2
1430290 444.9
1430300 444.9
1430310 445.6
1430320 446.6
1430330 446.6
1430340 447.3
1430350 447.6
1430360 447.6
1430370 447.8
1430380 448.0
1430390 448.0
1430400 448.1
1430410 448.0
1430420 448.0
1430430 448.0
1430440 448.0
1430450 448.0
1430460 448.0
1430470 448.0
1430480 448.0
1430490 448.1
1430500 448.1
1430510 448.1
1430520 448.2
1430530 448.2
1430540 448.2
1430550 448.2
1430560 448.0
1430570 448.0
1430580 448.1
1430590 448.2
1430600 448.2
1430610 448.3
1430620 448.7
1430630 448.7
1430640 449.2
1430650 449.8
1430660 449.8
1430670 450.5
1430680 451.2
1430690 451.2
1430700 451.7
1430710 452.1
1430720 452.1
1430730 452.4
1430740 452.7
1430750 452.7
1430760 452.8
1430770 452.8
1430780 452.8
1430790 452.8
1430800 453.0
1430810 453.0
1430820 453.4
1430830 454.0
1430840 454.0
1430850 455.0
1430860 456.1
1430870 456.1
1430880 457.5
1430890 458.4
1430900 458.4
1430910 459.7
1430920 461.0
1430930 461.0
1430940 462.2
1430950 463.4
1430960 463.4
1430970 464.3
1430980 465.1
1430990 465.1
1431000 465.5
1431010 465.4
1431020 465.4
1431030 465.4
1431040 465.3
1431050 465.3
1431060 465.3
1431070 465.0
1431080 465.0
1431090 464.3
1431100 463.5
1431110 463.5
1431120 462.5
1431130 461.5
1431140 461.5
1431150 460.7
1431160 460.2
1431170 460.2
1431180 459.7
1431190 459.2
1431200 459.2
1431210 458.5
1431220 458.0
1431230 458.0
1431240 457.9
1431250 457.8
1431260 457.8
1431270 457.8
1431280 458.0
1431290 458.0
1431300 458.2
1431310 458.5
1431320 458.5
1431330 458.9
1431340 459.3
1431350 459.3
1431360 459.8
1431370 460.3
1431380 460.3
1431390 461.0
1431400 461.8
1431410 461.8
1431420 462.5
1431430 463.6
1431440 464.6
1431450 464.6
1431460 465.6
1431470 466.6
1431480 466.6
1431490 467.6
1431500 468.6
1431510 468.6
1431520 469.6
1431530 470.3
1431540 470.3
1431550 470.7
1431560 471.1
1431570 471.1
1431580 471.6
1431590 471.9
1431600 471.9
1431610 471.9
1431620 472.0
1431630 472.0
1431640 471.8
1431650 471.4
1431660 471.4
1431670 471.1
1431680 470.9
1431690 470.9
1431700 470.5
1431710 470.0
1431720 470.0
1431730 469.2
1431740 468.3
1431750 468.3
1431760 467.7
1431770 467.2
1431780 467.2
1431790 466.8
1431800 466.4
1431810 466.4
1431820 465.8
1431830 465.2
1431840 465.2
1431850 464.5
1431860 464.0
1431870 464.0
1431880 463.4
1431890 462.9
1431900 462.9
1431910 462.6
1431920 462.2
1431930 462.2
1431940 461.9
1431950 461.6
1431960 461.6
1431970 461.4
1431980 461.2
1431990 461.2
1432000 461.0
1432010 460.9
1432020 460.9
1432030 460.9
1432040 460.8
1432050 460.8
1432060 460.7
1432070 460.6
1432080 460.6
1432090 460.5
1432100 460.4
1432110 460.4
1432120 460.4
1432130 460.5
1432140 460.5
1432150 460.6
1432160 460.8
1432170 460.8
1432180 461.0
1432190 460.9
1432200 460.9
1432210 460.5
1432220 460.3
1432230 460.3
1432240 460.1
1432250 459.9
1432260 459.9
1432270 459.9
1432280 459.8
1432290 459.8
1432300 459.8
1432310 459.8
1432320 459.8
1432330 459.9
1432340 460.0
1432350 460.0
1432360 460.2
1432370 460.6
1432380 460.6
1432390 461.2
1432400 462.1
1432410 462.1
1432420 463.4
1432430 464.9
1432440 464.9
1432450 466.4
1432460 467.7
1432470 467.7
1432480 468.9
1432490 469.8
1432500 469.8
1432510 470.6
1432520 471.1
1432530 471.1
1432540 471.7
1432550 472.1
1432560 472.1
1432570 472.4
1432580 472.5
1432590 472.5
1432600 472.5
1432610 472.4
1432620 472.3
1432630 472.3
1432640 472.1
1432650 471.8
1432660 471.8
1432670 471.6
1432680 471.4
1432690 471.4
1432700 471.2
1432710 471.1
1432720 471.1
1432730 470.8
1432740 470.4
1432750 470.4
1432760 469.8
1432770 469.3
1432780 469.3
1432790 468.9
1432800 468.6
1432810 468.6
1432820 468.4
1432830 468.3
1432840 468.3
1432850 468.2
1432860 468.1
1432870 468.1
1432880 468.1
1432890 468.1
1432900 468.1
1432910 468.1
1432920 468.0
1432930 468.0
1432940 467.9
1432950 467.9
1432960 467.9
1432970 468.0
1432980 468.2
1432990 468.2
1433000 468.5
1433010 468.9
1433020 468.9
1433030 469.3
1433040 469.8
1433050 469.8
1433060 470.0
1433070 470.0
1433080 470.0
1433090 470.1
1433100 470.2
1433110 470.2
1433120 470.5
1433130 471.0
1433140 471.0
1433150 471.7
1433160 472.5
1433170 472.5
1433180 473.6
1433190 474.7
1433200 474.7
1433210 475.8
1433220 477.0
1433230 477.0
1433240 478.4
1433250 479.3
1433260 479.3
1433270 479.5
1433280 479.8
1433290 479.8
1433300 479.9
1433310 479.9
1433320 479.9
1433330 479.8
1433340 479.8
1433350 479.8
1433360 479.8
1433370 479.9
1433380 479.9
1433390 479.9
1433400 479.9
1433410 479.9
1433420 480.1
1433430 480.4
1433440 480.4
1433450 480.4
1433460 480.4
1433470 480.4
1433480 480.4
1433490 480.5
1433500 480.5
1433510 480.5
1433520 480.7
1433530 481.2
1433540 481.3
1433550 481.5
1433560 481.5
1433570 481.7
1433580 482.0
1433590 482.0
1433600 482.3
1433610 482.7
1433620 482.7
1433630 482.9
1433640 483.1
1433650 483.1
1433660 483.2
1433670 483.3
1433680 483.3
1433690 483.2
1433700 483.1
1433710 483.1
1433720 482.9
1433730 482.5
1433740 481.9
1433750 481.9
1433760 481.2
1433770 480.6
1433780 480.6
1433790 480.0
1433800 479.3
1433810 479.3
1433820 478.6
1433830 477.8
1433840 477.8
1433850 476.8
1433860 475.6
1433870 475.6
1433880 474.3
1433890 473.1
1433900 473.1
1433910 472.2
1433920 471.3
1433930 471.3
1433940 470.5
1433950 469.8
1433960 469.8
1433970 469.1
1433980 468.5
1433990 468.5
1434000 468.1
1434010 467.9
1434020 467.9
1434030 467.6
1434040 467.3
1434050 467.3
1434060 466.9
1434070 466.4
1434080 466.4
1434090 466.0
1434100 465.7
1434110 465.7
1434120 465.6
1434130 465.5
1434140 465.5
1434150 465.5
1434160 465.4
1434170 465.4
1434180 465.2
1434190 465.0
1434200 465.0
1434210 464.8
1434220 464.5
1434230 464.5
1434240 464.0
1434250 463.6
1434260 463.6
1434270 463.2
1434280 462.7
1434290 462.7
1434300 462.1
1434310 461.6
1434320 461.6
1434330 461.3
1434340 461.2
1434350 461.2
1434360 461.1
1434370 461.0
1434380 461.0
1434390 460.8
1434400 460.4
1434410 460.4
1434420 460.0
1434430 459.9
1434440 459.9
1434450 460.0
1434460 460.7
1434470 460.7
1434480 462.5
1434490 464.1
1434500 464.1
1434510 465.2
1434520 466.0
1434530 466.0
1434540 466.8
1434550 467.6
1434560 467.6
1434570 468.4
1434580 469.2
1434590 469.2
1434600 470.0
1434610 470.9
1434620 470.9
1434630 471.8
1434640 472.9
1434650 472.9
1434660 473.8
1434670 474.3
1434680 474.3
1434690 474.6
1434700 474.6
1434710 474.6
1434720 474.4
1434730 473.7
1434740 473.7
1434750 472.8
1434760 472.0
1434770 472.0
1434780 471.4
1434790 470.8
1434800 470.8
1434810 470.3
1434820 469.8
1434830 469.8
1434840 469.3
1434850 468.8
1434860 468.8
1434870 468.5
1434880 468.1
1434890 467.7
1434900 467.7
1434910 467.3
1434920 467.1
1434930 467.1
1434940 467.0
1434950 467.1
1434960 467.1
1434970 467.2
1434980 467.3
1434990 467.3
1435000 467.6
1435010 467.9
1435020 467.9
1435030 467.9
1435040 467.8
1435050 467.8
1435060 467.9
1435070 467.7
1435080 467.7
1435090 467.6
1435100 467.4
1435110 467.4
1435120 467.3
1435130 467.2
1435140 467.2
1435150 466.8
1435160 466.7
1435170 466.7
1435180 467.0
1435190 467.4
1435200 467.4
1435210 467.8
1435220 468.1
1435230 468.1
1435240 468.5
1435250 469.0
1435260 469.0
1435270 469.7
1435280 470.2
1435290 470.2
1435300 470.6
1435310 471.0
1435320 471.0
1435330 471.2
1435340 471.4
1435350 471.4
1435360 471.5
1435370 471.5
1435380 471.5
1435390 471.5
1435400 471.4
1435410 471.4
1435420 471.0
1435430 470.5
1435440 470.5
1435450 470.0
1435460 469.6
1435470 469.6
1435480 469.2
1435490 469.0
1435500 469.0
1435510 468.6
1435520 468.1
1435530 468.1
1435540 467.6
1435550 467.2
1435560 467.2
1435570 466.7
1435580 466.2
1435590 466.2
1435600 465.7
1435610 465.3
1435620 465.3
1435630 464.8
1435640 464.3
1435650 464.3
1435660 464.0
1435670 463.6
1435680 463.6
1435690 463.4
1435700 463.0
1435710 463.0
1435720 462.7
1435730 462.3
1435740 462.3
1435750 461.9
1435760 461.6
1435770 461.6
1435780 461.3
1435790 460.9
1435800 460.9
1435810 460.6
1435820 460.1
1435830 460.1
1435840 459.6
1435850 459.2
1435860 459.2
1435870 458.8
1435880 458.4
1435890 458.4
1435900 458.0
1435910 457.6
1435920 457.6
1435930 457.3
1435940 456.9
1435950 456.9
1435960 456.6
1435970 456.3
1435980 456.3
1435990 456.0
1436000 455.8
1436010 455.8
1436020 455.7
1436030 455.7
1436040 455.7
1436050 455.7
1436060 455.7
1436070 455.8
1436080 455.8
1436090 456.0
1436100 455.8
1436110 455.8
1436120 455.4
1436130 455.4
1436140 454.5
1436150 454.4
1436160 454.1
1436170 454.1
1436180 453.6
1436190 453.1
1436200 453.1
1436210 452.4
1436220 452.0
1436230 452.0
1436240 451.7
1436250 451.2
1436260 451.2
1436270 450.4
1436280 450.1
1436290 450.1
1436300 449.9
1436310 449.7
1436320 449.7
1436330 449.5
1436340 449.0
1436350 449.0
1436360 448.7
1436370 448.6
1436380 448.6
1436390 448.4
1436400 448.0
1436410 448.0
1436420 447.6
1436430 447.2
1436440 447.2
1436450 447.0
1436460 446.9
1436470 446.9
1436480 446.9
1436490 447.3
1436500 447.3
1436510 447.5
1436520 448.2
1436530 448.2
1436540 448.2
1436550 448.2
1436560 448.2
1436570 448.1
1436580 448.1
1436590 448.1
1436600 448.2
1436610 448.3
1436620 448.3
1436630 448.4
1436640 448.4
1436650 448.4
1436660 448.5
1436670 448.6
1436680 448.6
1436690 448.8
1436700 449.0
1436710 449.0
1436720 449.3
1436730 449.5
1436740 449.5
1436750 449.4
1436760 448.9
1436770 448.9
1436780 448.4
1436790 447.9
1436800 447.9
1436810 447.5
1436820 447.2
1436830 447.2
1436840 446.9
1436850 446.5
1436860 446.5
1436870 445.9
1436880 445.1
1436890 445.1
1436900 442.9
1436910 440.6
1436920 440.6
1436930 438.6
1436940 437.1
1436950 437.1
1436960 435.9
1436970 434.6
1436980 434.6
1436990 434.0
1437000 433.7
1437010 433.7
1437020 433.5
1437030 433.4
1437040 433.4
1437050 433.2
1437060 432.9
1437070 432.9
1437080 432.7
1437090 432.5
1437100 432.5
1437110 432.4
1437120 432.4
1437130 432.4
1437140 432.2
1437150 432.2
1437160 432.2
1437170 432.1
1437180 432.0
1437190 431.8
1437200 431.8
1437210 431.7
1437220 431.6
1437230 431.6
1437240 431.5
1437250 431.4
1437260 431.4
1437270 431.4
1437280 431.4
1437290 431.4
1437300 431.4
1437310 431.4
1437320 431.4
1437330 431.4
1437340 431.4
1437350 431.4
1437360 431.4
1437370 431.4
1437380 431.4
1437390 431.3
1437400 431.2
1437410 431.2
1437420 431.2
1437430 431.1
1437440 431.1
1437450 431.0
1437460 430.9
1437470 430.9
1437480 430.8
1437490 430.7
1437500 430.7
1437510 430.7
1437520 430.7
1437530 430.7
1437540 430.7
1437550 430.8
1437560 430.8
1437570 430.8
1437580 430.8
1437590 430.8
1437600 430.8
1437610 430.9
1437620 430.9
1437630 431.0
1437640 431.0
1437650 431.0
1437660 431.0
1437670 431.2
1437680 431.2
1437690 431.6
1437700 431.4
1437710 431.4
1437720 431.5
1437730 431.7
1437740 431.7
1437750 431.9
1437760 432.2
1437770 432.2
1437780 432.4
1437790 432.5
1437800 432.5
1437810 432.6
1437820 432.5
1437830 432.5
1437840 432.1
1437850 431.7
1437860 431.7
1437870 431.4
1437880 430.8
1437890 430.8
1437900 430.4
1437910 430.1
1437920 430.1
1437930 429.9
1437940 429.9
1437950 429.9
1437960 429.9
1437970 429.9
1437980 429.9
1437990 429.8
1438000 429.8
1438010 429.8
1438020 429.8
1438030 430.0
1438040 430.0
1438050 430.3
1438060 430.5
1438070 430.5
1438080 430.7
1438090 430.9
1438100 430.9
1438110 431.0
1438120 431.0
1438130 431.0
1438140 430.9
1438150 430.5
1438160 430.5
1438170 429.8
1438180 428.9
1438190 428.9
1438200 428.4
1438210 428.7
1438220 428.7
1438230 429.1
1438240 429.3
1438250 429.3
1438260 429.4
1438270 429.8
1438280 429.8
1438290 430.1
1438300 430.3
1438310 430.3
1438320 430.5
1438330 430.8
1438340 430.9
1438350 430.9
1438360 430.8
1438370 430.6
1438380 430.6
1438390 430.4
1438400 430.2
1438410 430.2
1438420 430.0
1438430 429.8
1438440 429.8
1438450 429.5
1438460 429.2
1438470 429.2
1438480 428.9
1438490 428.5
1438500 428.5
1438510 428.3
1438520 428.1
1438530 428.1
1438540 427.9
1438550 427.7
1438560 427.7
1438570 427.6
1438580 427.5
1438590 427.5
1438600 427.5
1438610 427.4
1438620 427.4
1438630 427.3
1438640 427.2
1438650 427.2
1438660 427.1
1438670 427.1
1438680 427.1
1438690 427.1
1438700 427.1
1438710 427.1
1438720 427.0
1438730 427.0
1438740 427.0
1438750 426.8
1438760 426.7
1438770 426.7
1438780 426.6
1438790 426.4
1438800 426.4
1438810 426.3
1438820 426.3
1438830 426.3
1438840 426.8
1438850 427.3
1438860 427.3
1438870 427.6
1438880 427.8
1438890 427.8
1438900 427.7
1438910 427.6
1438920 427.6
1438930 427.7
1438940 427.9
1438950 427.9
1438960 428.3
1438970 428.9
1438980 428.9
1438990 429.4
1439000 429.6
1439010 429.6
1439020 430.0
1439030 430.4
1439040 430.4
1439050 431.0
1439060 431.6
1439070 431.6
1439080 432.3
1439090 432.9
1439100 432.9
1439110 433.7
1439120 434.5
1439130 434.5
1439140 435.3
1439150 436.2
1439160 436.2
1439170 437.0
1439180 437.8
1439190 437.8
1439200 438.5
1439210 439.0
1439220 439.0
1439230 439.4
1439240 439.7
1439250 439.7
1439260 440.0
1439270 440.4
1439280 440.4
1439290 440.7
1439300 441.0
1439310 441.0
1439320 441.3
1439330 441.5
1439340 441.5
1439350 441.7
1439360 441.8
1439370 441.8
1439380 441.9
1439390 441.9
1439400 441.9
1439410 441.8
1439420 441.6
1439430 441.6
1439440 441.5
1439450 441.3
1439460 441.3
1439470 441.2
1439480 441.0
1439490 440.7
1439500 440.7
1439510 440.4
1439520 440.1
1439530 440.1
1439540 439.8
1439550 439.4
1439560 439.4
1439570 439.1
1439580 438.9
1439590 438.9
1439600 438.7
1439610 438.7
1439620 438.7
1439630 438.6
1439640 438.7
1439650 438.7
1439660 438.8
1439670 439.0
1439680 439.0
1439690 439.3
1439700 439.6
1439710 439.6
1439720 439.9
1439730 440.1
1439740 440.1
1439750 440.0
1439760 439.7
1439770 439.7
1439780 439.2
1439790 438.6
1439800 438.6
1439810 437.6
1439820 436.1
1439830 436.1
1439840 434.6
1439850 433.3
1439860 433.3
1439870 432.0
1439880 430.6
1439890 430.6
1439900 429.2
1439910 427.7
1439920 427.7
1439930 426.6
1439940 425.8
1439950 425.8
1439960 425.3
1439970 425.0
1439980 425.0
1439990 424.8
