1423410 375.2
1423420 375.2
1423430 375.1
1423440 375.0
1423450 375.0
1423460 375.0
1423470 375.1
1423480 375.1
1423490 375.1
1423500 375.1
1423510 375.1
1423520 374.8
1423530 374.7
1423540 374.7
1423550 374.6
1423560 374.5
1423570 374.5
1423580 374.5
1423590 374.5
1423600 374.5
1423610 374.4
1423620 374.4
1423630 374.4
1423640 374.4
1423650 374.5
1423660 374.5
1423670 374.6
1423680 374.6
1423690 374.6
1423700 374.7
1423710 374.7
1423720 374.7
1423730 374.8
1423740 374.7
1423750 374.7
1423760 374.7
1423770 374.7
1423780 374.7
1423790 374.7
1423800 374.7
1423810 374.7
1423820 374.8
1423830 374.7
1423840 374.7
1423850 374.6
1423860 374.5
1423870 374.5
1423880 374.3
1423890 374.1
1423900 374.1
1423910 373.8
1423920 373.5
1423930 373.5
1423940 373.2
1423950 372.8
1423960 372.8
1423970 371.8
1423980 371.7
1423990 371.7
1424000 371.9
1424010 372.0
1424020 372.0
1424030 372.1
1424040 372.2
1424050 372.2
1424060 372.3
1424070 372.5
1424080 372.5
1424090 372.6
1424100 372.7
1424110 372.4
1424120 372.4
1424130 371.0
1424140 371.0
1424150 370.4
1424160 370.8
1424170 371.2
1424180 371.2
1424190 371.3
1424200 371.3
1424210 371.3
1424220 371.4
1424230 371.5
1424240 371.5
1424250 371.9
1424260 372.3
1424270 372.3
1424280 372.6
1424290 372.7
1424300 372.7
1424310 372.6
1424320 372.6
1424330 372.6
1424340 372.5
1424350 372.5
1424360 372.5
1424370 372.3
1424380 372.2
1424390 372.2
1424400 372.0
1424410 371.7
1424420 371.7
1424430 371.3
1424440 370.7
1424450 370.7
1424460 370.6
1424470 370.7
1424480 370.7
1424490 371.1
1424500 371.4
1424510 371.4
1424520 371.5
1424530 371.5
1424540 371.5
1424550 371.6
1424560 371.7
1424570 371.7
1424580 371.7
1424590 371.4
1424600 371.4
1424610 371.1
1424620 371.3
1424630 371.3
1424640 372.2
1424650 372.7
1424660 372.7
1424670 372.7
1424680 372.7
1424690 372.7
1424700 372.8
1424710 372.8
1424720 372.8
1424730 372.7
1424740 372.8
1424750 372.8
1424760 372.9
1424770 372.9
1424780 372.9
1424790 373.1
1424800 373.2
1424810 373.2
1424820 373.1
1424830 371.8
1424840 371.8
1424850 372.6
1424860 373.1
1424870 373.1
1424880 372.9
1424890 372.9
1424900 372.9
1424910 372.8
1424920 372.7
1424930 372.7
1424940 372.7
1424950 372.8
1424960 372.8
1424970 372.7
1424980 372.8
1424990 372.8
1425000 372.9
1425010 373.1
1425020 373.1
1425030 373.2
1425040 372.8
1425050 372.8
1425060 373.1
1425070 373.3
1425080 373.3
1425090 373.3
1425100 373.3
1425110 373.3
1425120 373.5
1425130 373.6
1425140 373.6
1425150 373.7
1425160 373.8
1425170 373.8
1425180 373.4
1425190 372.0
1425200 372.0
1425210 372.7
1425220 373.5
1425230 373.6
1425240 373.6
1425250 374.1
1425260 374.6
1425270 374.6
1425280 375.4
1425290 376.4
1425300 376.4
1425310 375.9
1425320 375.1
1425330 375.1
1425340 374.3
1425350 373.7
1425360 373.7
1425370 373.4
1425380 373.7
1425390 373.7
1425400 373.9
1425410 373.9
1425420 373.9
1425430 374.2
1425440 373.9
1425450 373.9
1425460 373.9
1425470 374.1
1425480 374.1
1425490 374.2
1425500 373.8
1425510 373.8
1425520 373.6
1425530 373.5
1425540 373.5
1425550 372.9
1425560 372.6
1425570 372.6
1425580 373.2
1425590 374.5
1425600 374.5
1425610 375.2
1425620 375.4
1425630 375.4
1425640 375.2
1425650 372.8
1425660 372.8
1425670 371.5
1425680 371.2
1425690 371.2
1425700 371.1
1425710 371.1
1425720 371.1
1425730 371.2
1425740 371.2
1425750 371.2
1425760 371.2
1425770 371.2
1425780 371.2
1425790 371.2
1425800 371.2
1425810 371.2
1425820 371.2
1425830 371.2
1425840 371.2
1425850 371.2
1425860 371.2
1425870 371.2
1425880 371.6
1425890 373.2
1425900 373.2
1425910 374.5
1425920 375.4
1425930 375.4
1425940 375.7
1425950 375.5
1425960 375.5
1425970 375.2
1425980 375.0
1425990 375.0
1426000 374.9
1426010 374.9
1426020 374.9
1426030 374.8
1426040 374.7
1426050 374.7
1426060 374.6
1426070 374.5
1426080 374.5
1426090 374.4
1426100 374.3
1426110 374.3
1426120 374.3
1426130 374.2
1426140 374.2
1426150 374.3
1426160 374.1
1426170 374.1
1426180 374.2
1426190 374.3
1426200 374.3
1426210 374.3
1426220 373.9
1426230 373.9
1426240 374.2
1426250 374.5
1426260 374.5
1426270 374.4
1426280 374.4
1426290 374.4
1426300 374.4
1426310 374.2
1426320 374.2
1426330 374.0
1426340 374.0
1426350 373.9
1426360 373.9
1426370 373.9
1426380 374.0
1426390 374.0
1426400 374.1
1426410 374.1
1426420 374.1
1426430 374.1
1426440 374.2
1426450 374.2
1426460 374.1
1426470 372.8
1426480 372.8
1426490 373.2
1426500 373.7
1426510 373.7
1426520 373.8
1426530 373.7
1426540 373.7
1426550 373.1
1426560 373.3
1426570 373.3
1426580 373.7
1426590 374.1
1426600 374.1
1426610 374.2
1426620 374.2
1426630 374.2
1426640 374.0
1426650 373.5
1426660 373.5
1426670 373.0
1426680 372.4
1426690 372.4
1426700 373.5
1426710 374.0
1426720 374.0
1426730 374.0
1426740 374.0
1426750 374.0
1426760 373.9
1426770 374.0
1426780 374.0
1426790 373.8
1426800 373.7
1426810 373.7
1426820 373.2
1426830 373.8
1426840 373.8
1426850 374.1
1426860 374.0
1426870 374.0
1426880 373.7
1426890 373.8
1426900 373.8
1426910 375.1
1426920 377.8
1426930 377.8
1426940 380.2
1426950 381.2
1426960 381.2
1426970 382.2
1426980 384.4
1426990 384.4
1427000 386.5
1427010 389.1
1427020 389.1
1427030 391.1
1427040 391.8
1427050 391.8
1427060 391.9
1427070 391.8
1427080 391.8
1427090 391.8
1427100 391.6
1427110 391.6
1427120 391.8
1427130 391.7
1427140 391.7
1427150 389.8
1427160 384.9
1427170 384.9
1427180 381.7
1427190 380.2
1427200 380.2
1427210 379.2
1427220 377.6
1427230 377.6
1427240 376.3
1427250 375.1
1427260 375.1
1427270 374.0
1427280 373.6
1427290 373.6
1427300 373.4
1427310 373.4
1427320 373.4
1427330 373.9
1427340 374.0
1427350 374.0
1427360 374.1
1427370 374.1
1427380 374.1
1427390 374.1
1427400 374.1
1427410 374.1
1427420 374.1
1427430 374.1
1427440 374.1
1427450 374.0
1427460 374.0
1427470 374.0
1427480 374.0
1427490 374.0
1427500 374.1
1427510 374.1
1427520 374.1
1427530 374.1
1427540 374.1
1427550 374.1
1427560 374.2
1427570 374.2
1427580 374.2
1427590 374.6
1427600 374.6
1427610 375.4
1427620 375.9
1427630 375.9
1427640 376.2
1427650 376.3
1427660 376.3
1427670 376.4
1427680 376.8
1427690 376.8
1427700 376.9
1427710 377.2
1427720 377.2
1427730 377.5
1427740 377.6
1427750 377.6
1427760 377.5
1427770 376.8
1427780 376.8
1427790 377.3
1427800 377.6
1427810 377.6
1427820 377.9
1427830 379.2
1427840 379.2
1427850 383.2
1427860 388.8
1427870 388.8
1427880 391.7
1427890 392.7
1427900 392.7
1427910 392.7
1427920 392.7
1427930 392.7
1427940 391.6
1427950 387.0
1427960 387.0
1427970 381.2
1427980 377.8
1427990 377.8
1428000 376.7
1428010 378.4
1428020 378.4
1428030 383.4
1428040 388.4
1428050 388.4
1428060 389.6
1428070 389.5
1428080 389.5
1428090 389.3
1428100 389.3
1428110 389.3
1428120 389.3
1428130 389.3
1428140 389.3
1428150 389.3
1428160 389.5
1428170 389.5
1428180 389.7
1428190 389.8
1428200 389.8
1428210 390.0
1428220 390.1
1428230 390.1
1428240 390.3
1428250 390.5
1428260 390.5
1428270 390.7
1428280 391.0
1428290 391.0
1428300 391.1
1428310 391.2
1428320 391.2
1428330 391.2
1428340 391.1
1428350 391.1
1428360 391.4
1428370 392.0
1428380 392.0
1428390 392.1
1428400 391.9
1428410 391.9
1428420 391.7
1428430 391.5
1428440 391.5
1428450 391.4
1428460 391.3
1428470 391.3
1428480 391.3
1428490 391.4
1428500 391.4
1428510 391.7
1428520 391.6
1428530 391.6
1428540 391.8
1428550 392.1
1428560 392.1
1428570 392.5
1428580 392.9
1428590 392.9
1428600 393.1
1428610 393.4
1428620 393.8
1428630 393.8
1428640 393.9
1428650 394.2
1428660 394.2
1428670 396.1
1428680 398.9
1428690 398.9
1428700 402.3
1428710 406.6
1428720 406.6
1428730 411.7
1428740 416.4
1428750 416.4
1428760 421.1
1428770 423.7
1428780 423.7
1428790 424.0
1428800 423.9
1428810 423.9
1428820 424.1
1428830 424.5
1428840 424.5
1428850 424.6
1428860 424.0
1428870 424.0
1428880 423.5
1428890 423.3
1428900 423.3
1428910 423.3
1428920 423.2
1428930 423.2
1428940 423.1
1428950 423.1
1428960 423.1
1428970 422.9
1428980 422.7
1428990 422.7
1429000 422.3
1429010 421.9
1429020 421.9
1429030 421.6
1429040 421.3
1429050 421.3
1429060 421.1
1429070 420.9
1429080 420.9
1429090 420.7
1429100 420.5
1429110 420.5
1429120 420.3
1429130 420.0
1429140 420.0
1429150 419.8
1429160 419.5
1429170 419.5
1429180 419.2
1429190 418.8
1429200 418.8
1429210 418.3
1429220 417.8
1429230 417.8
1429240 417.4
1429250 416.9
1429260 416.9
1429270 416.4
1429280 415.9
1429290 415.9
1429300 415.4
1429310 414.9
1429320 414.9
1429330 414.3
1429340 413.9
1429350 413.9
1429360 413.7
1429370 413.1
1429380 413.1
1429390 412.7
1429400 412.2
1429410 412.2
1429420 411.8
1429430 411.7
1429440 411.7
1429450 411.6
1429460 411.3
1429470 411.3
1429480 411.2
1429490 411.0
1429500 411.0
1429510 410.8
1429520 410.8
1429530 410.8
1429540 410.8
1429550 410.8
1429560 410.8
1429570 410.9
1429580 410.9
1429590 410.9
1429600 411.0
1429610 411.1
1429620 411.1
1429630 411.4
1429640 411.5
1429650 411.5
1429660 411.5
1429670 411.5
1429680 411.5
1429690 411.5
1429700 411.4
1429710 411.4
1429720 411.3
1429730 411.3
1429740 411.3
1429750 411.3
1429760 411.3
1429770 411.5
1429780 411.5
1429790 411.8
1429800 412.2
1429810 412.2
1429820 412.6
1429830 412.9
1429840 412.9
1429850 413.0
1429860 413.2
1429870 413.2
1429880 413.2
1429890 413.2
1429900 413.2
1429910 413.2
1429920 413.3
1429930 413.3
1429940 413.4
1429950 413.9
1429960 413.9
1429970 414.5
1429980 415.1
1429990 415.1
1430000 415.6
1430010 416.2
1430020 416.2
1430030 416.7
1430040 417.3
1430050 417.3
1430060 417.8
1430070 418.2
1430080 418.2
1430090 418.7
1430100 418.9
1430110 418.9
1430120 419.2
1430130 419.7
1430140 419.7
1430150 420.0
1430160 420.5
1430170 420.5
1430180 420.9
1430190 421.3
1430200 421.3
1430210 421.9
1430220 422.4
1430230 422.4
1430240 423.0
1430250 423.8
1430260 423.8
1430270 424.7
1430280 425.7
1430290 425.7
1430300 426.7
1430310 427.5
1430320 427.5
1430330 428.2
1430340 429.0
1430350 429.0
1430360 429.6
1430370 430.2
1430380 430.2
1430390 431.0
1430400 432.1
1430410 432.1
1430420 433.1
1430430 434.0
1430440 434.0
1430450 435.0
1430460 436.3
1430470 436.3
1430480 437.7
1430490 439.3
1430500 439.3
1430510 440.8
1430520 442.2
1430530 442.2
1430540 443.6
1430550 444.3
1430560 444.3
1430570 444.7
1430580 444.8
1430590 444.8
1430600 444.8
1430610 444.9
1430620 444.9
1430630 445.4
1430640 445.7
1430650 445.7
1430660 445.6
1430670 445.8
1430680 445.8
1430690 446.0
1430700 446.2
1430710 446.2
1430720 446.7
1430730 447.1
1430740 447.1
1430750 447.5
1430760 447.8
1430770 447.8
1430780 448.6
1430790 449.4
1430800 449.4
1430810 450.4
1430820 451.2
1430830 451.2
1430840 451.6
1430850 451.7
1430860 451.7
1430870 451.8
1430880 451.7
1430890 451.6
1430900 451.6
1430910 451.4
1430920 451.2
1430930 451.2
1430940 451.0
1430950 451.0
1430960 450.7
1430970 450.6
1430980 450.7
1430990 450.7
1431000 450.5
1431010 450.4
1431020 450.4
1431030 450.3
1431040 450.3
1431050 450.3
1431060 450.3
1431070 450.2
1431080 450.2
1431090 450.0
1431100 449.8
1431110 449.8
1431120 449.8
1431130 450.0
1431140 450.0
1431150 450.1
1431160 449.9
1431170 449.9
1431180 450.1
1431190 450.0
1431200 450.0
1431210 450.2
1431220 450.2
1431230 450.2
1431240 450.2
1431250 450.4
1431260 450.4
1431270 450.6
1431280 450.9
1431290 450.9
1431300 451.3
1431310 451.4
1431320 451.4
1431330 451.0
1431340 451.5
1431350 451.5
1431360 452.3
1431370 453.0
1431380 453.0
1431390 453.8
1431400 454.6
1431410 454.6
1431420 455.7
1431430 457.2
1431440 457.2
1431450 458.0
1431460 458.3
1431470 458.3
1431480 459.1
1431490 459.9
1431500 459.9
1431510 460.3
1431520 460.4
1431530 460.4
1431540 460.6
1431550 460.7
1431560 460.7
1431570 460.8
1431580 460.9
1431590 460.9
1431600 460.9
1431610 460.8
1431620 460.8
1431630 460.5
1431640 460.2
1431650 460.2
1431660 459.7
1431670 459.2
1431680 459.2
1431690 458.6
1431700 458.2
1431710 458.2
1431720 457.7
1431730 457.3
1431740 457.3
1431750 457.0
1431760 456.6
1431770 456.6
1431780 456.4
1431790 456.2
1431800 456.2
1431810 456.0
1431820 455.9
1431830 455.9
1431840 455.8
1431850 455.6
1431860 455.6
1431870 455.5
1431880 455.2
1431890 455.2
1431900 454.8
1431910 455.2
1431920 455.2
1431930 456.2
1431940 457.1
1431950 457.1
1431960 457.6
1431970 458.0
1431980 458.0
1431990 458.4
1432000 458.9
1432010 459.2
1432020 459.2
1432030 459.6
1432040 459.9
1432050 459.9
1432060 460.3
1432070 460.8
1432080 460.8
1432090 461.4
1432100 462.0
1432110 462.0
1432120 462.5
1432130 463.1
1432140 463.1
1432150 463.6
1432160 464.1
1432170 464.1
1432180 464.3
1432190 464.4
1432200 464.4
1432210 464.2
1432220 463.7
1432230 463.7
1432240 463.1
1432250 462.5
1432260 462.5
1432270 462.1
1432280 461.9
1432290 461.9
1432300 461.7
1432310 461.7
1432320 461.7
1432330 461.6
1432340 461.5
1432350 461.5
1432360 461.2
1432370 461.1
1432380 461.1
1432390 461.2
1432400 461.2
1432410 461.2
1432420 461.1
1432430 461.0
1432440 461.0
1432450 461.0
1432460 461.2
1432470 461.2
1432480 461.5
1432490 461.8
1432500 461.8
1432510 462.3
1432520 462.8
1432530 462.8
1432540 463.2
1432550 463.7
1432560 463.7
1432570 464.1
1432580 464.6
1432590 464.6
1432600 464.9
1432610 465.4
1432620 465.4
1432630 465.9
1432640 466.0
1432650 466.0
1432660 466.0
1432670 466.0
1432680 466.0
1432690 466.0
1432700 466.1
1432710 466.1
1432720 466.4
1432730 466.7
1432740 466.7
1432750 466.8
1432760 466.9
1432770 466.9
1432780 467.1
1432790 467.3
1432800 467.3
1432810 467.4
1432820 467.5
1432830 467.5
1432840 467.4
1432850 467.2
1432860 467.2
1432870 466.9
1432880 466.6
1432890 466.6
1432900 466.2
1432910 465.7
1432920 465.7
1432930 465.3
1432940 464.9
1432950 464.9
1432960 464.8
1432970 464.8
1432980 464.8
1432990 465.0
1433000 465.8
1433010 465.8
1433020 466.9
1433030 468.2
1433040 468.2
1433050 469.3
1433060 470.3
1433070 470.3
1433080 471.2
1433090 471.5
1433100 471.5
1433110 471.7
1433120 471.9
1433130 471.9
1433140 472.2
1433150 472.6
1433160 473.2
1433170 473.2
1433180 474.0
1433190 474.7
1433200 474.7
1433210 475.5
1433220 476.0
1433230 476.0
1433240 476.5
1433250 476.9
1433260 476.9
1433270 477.2
1433280 477.3
1433290 477.3
1433300 477.5
1433310 477.8
1433320 477.8
1433330 478.2
1433340 478.5
1433350 478.5
1433360 478.7
1433370 478.7
1433380 478.7
1433390 478.6
1433400 478.5
1433410 478.5
1433420 478.3
1433430 478.2
1433440 477.9
1433450 477.8
1433460 477.7
1433470 477.7
1433480 477.6
1433490 477.6
1433500 477.6
1433510 477.6
1433520 477.5
1433530 477.5
1433540 477.0
1433550 476.5
1433560 476.5
1433570 476.2
1433580 475.9
1433590 475.9
1433600 475.7
1433610 475.5
1433620 475.5
1433630 475.4
1433640 475.1
1433650 475.1
1433660 473.3
1433670 471.9
1433680 471.9
1433690 470.8
1433700 469.8
1433710 469.8
1433720 469.0
1433730 468.3
1433740 468.3
1433750 467.6
1433760 466.9
1433770 466.9
1433780 466.4
1433790 466.1
1433800 466.1
1433810 465.7
1433820 465.2
1433830 465.2
1433840 464.9
1433850 464.2
1433860 464.2
1433870 463.5
1433880 463.0
1433890 463.0
1433900 462.2
1433910 461.6
1433920 461.6
1433930 461.1
1433940 460.8
1433950 460.8
1433960 460.5
1433970 460.4
1433980 460.4
1433990 460.3
1434000 460.3
1434010 460.3
1434020 460.2
1434030 460.2
1434040 460.2
1434050 460.0
1434060 459.2
1434070 459.2
1434080 458.4
1434090 458.3
1434100 458.3
1434110 458.2
1434120 458.2
1434130 458.2
1434140 458.2
1434150 458.2
1434160 458.2
1434170 458.3
1434180 458.4
1434190 458.4
1434200 458.5
1434210 458.4
1434220 458.4
1434230 458.3
1434240 458.4
1434250 458.4
1434260 458.5
1434270 458.4
1434280 458.4
1434290 458.4
1434300 458.4
1434310 458.6
1434320 458.6
1434330 458.8
1434340 459.1
1434350 459.1
1434360 459.3
1434370 459.4
1434380 459.4
1434390 459.5
1434400 459.6
1434410 459.6
1434420 459.7
1434430 459.6
1434440 459.6
1434450 460.2
1434460 461.9
1434470 461.9
1434480 463.6
1434490 464.3
1434500 464.3
1434510 465.1
1434520 466.0
1434530 466.0
1434540 467.0
1434550 468.4
1434560 468.4
1434570 469.9
1434580 471.4
1434590 471.4
1434600 472.7
1434610 473.9
1434620 473.9
1434630 475.1
1434640 475.6
1434650 475.6
1434660 475.8
1434670 476.3
1434680 476.3
1434690 476.4
1434700 476.2
1434710 476.2
1434720 476.3
1434730 476.4
1434740 476.4
1434750 476.8
1434760 477.2
1434770 477.2
1434780 477.7
1434790 478.1
1434800 478.1
1434810 478.0
1434820 477.7
1434830 477.7
1434840 477.3
1434850 476.9
1434860 476.9
1434870 476.4
1434880 476.0
1434890 476.0
1434900 475.7
1434910 475.6
1434920 475.6
1434930 475.5
1434940 475.4
1434950 475.4
1434960 475.0
1434970 474.5
1434980 474.5
1434990 473.8
1435000 473.0
1435010 473.0
1435020 472.3
1435030 471.8
1435040 471.8
1435050 471.3
1435060 471.0
1435070 471.0
1435080 470.7
1435090 470.5
1435100 470.5
1435110 470.3
1435120 469.8
1435130 469.8
1435140 468.6
1435150 467.7
1435160 467.7
1435170 467.0
1435180 466.6
1435190 466.6
1435200 466.2
1435210 466.1
1435220 466.1
1435230 465.9
1435240 465.8
1435250 465.8
1435260 465.6
1435270 465.5
1435280 465.5
1435290 465.3
1435300 465.4
1435310 465.4
1435320 465.5
1435330 465.5
1435340 465.5
1435350 465.4
1435360 465.3
1435370 465.3
1435380 465.1
1435390 464.8
1435400 464.8
1435410 464.6
1435420 464.4
1435430 464.4
1435440 463.9
1435450 463.4
1435460 463.1
1435470 463.1
1435480 462.9
1435490 462.7
1435500 462.7
1435510 462.5
1435520 462.2
1435530 462.2
1435540 462.1
1435550 462.0
1435560 462.0
1435570 461.8
1435580 461.6
1435590 461.6
1435600 461.4
1435610 461.2
1435620 461.2
1435630 461.1
1435640 460.8
1435650 460.8
1435660 460.6
1435670 460.3
1435680 460.3
1435690 460.0
1435700 459.6
1435710 459.6
1435720 459.3
1435730 459.1
1435740 459.1
1435750 458.9
1435760 458.9
1435770 458.9
1435780 459.1
1435790 459.1
1435800 459.1
1435810 459.2
1435820 459.3
1435830 459.3
1435840 459.4
1435850 459.5
1435860 459.5
1435870 459.6
1435880 459.7
1435890 459.7
1435900 459.7
1435910 459.8
1435920 459.8
1435930 459.9
1435940 460.0
1435950 460.0
1435960 460.2
1435970 460.2
1435980 460.2
1435990 460.3
1436000 460.6
1436010 460.6
1436020 460.8
1436030 460.7
1436040 460.6
1436050 460.8
1436060 460.8
1436070 460.8
1436080 460.6
1436090 460.2
1436100 460.2
1436110 459.5
1436120 458.7
1436130 458.7
1436140 457.9
1436150 457.0
1436160 457.0
1436170 455.9
1436180 455.0
1436190 455.0
1436200 454.2
1436210 453.4
1436220 453.4
1436230 452.7
1436240 452.1
1436250 452.1
1436260 451.4
1436270 450.9
1436280 450.9
1436290 450.2
1436300 449.5
1436310 449.5
1436320 448.8
1436330 448.2
1436340 448.2
1436350 447.6
1436360 447.0
1436370 447.0
1436380 446.3
1436390 445.8
1436400 445.8
1436410 445.5
1436420 445.3
1436430 445.3
1436440 445.1
1436450 444.6
1436460 444.6
1436470 443.9
1436480 443.4
1436490 443.4
1436500 442.9
1436510 442.4
1436520 442.4
1436530 442.0
1436540 441.6
1436550 441.6
1436560 441.2
1436570 440.9
1436580 440.5
1436590 440.5
1436600 440.1
1436610 439.7
1436620 439.7
1436630 439.3
1436640 439.0
1436650 439.0
1436660 438.7
1436670 438.5
1436680 438.5
1436690 438.4
1436700 438.2
1436710 438.2
1436720 438.1
1436730 437.9
1436740 437.9
1436750 437.8
1436760 437.7
1436770 437.7
1436780 437.6
1436790 437.5
1436800 437.5
1436810 437.3
1436820 436.8
1436830 436.8
1436840 436.4
1436850 436.3
1436860 436.3
1436870 436.0
1436880 435.9
1436890 435.9
1436900 435.9
1436910 435.7
1436920 435.7
1436930 435.6
1436940 435.4
1436950 435.4
1436960 435.2
1436970 435.0
1436980 435.0
1436990 434.9
1437000 434.8
1437010 434.8
1437020 434.6
1437030 434.5
1437040 434.5
1437050 434.3
1437060 434.1
1437070 434.1
1437080 434.0
1437090 433.9
1437100 433.9
1437110 433.7
1437120 433.7
1437130 433.7
1437140 433.7
1437150 433.7
1437160 433.7
1437170 433.7
1437180 433.5
1437190 433.5
1437200 433.4
1437210 433.3
1437220 433.3
1437230 433.1
1437240 432.9
1437250 432.9
1437260 432.7
1437270 432.6
1437280 432.6
1437290 432.5
1437300 432.3
1437310 432.3
1437320 432.1
1437330 431.8
1437340 431.8
1437350 431.6
1437360 431.3
1437370 431.3
1437380 431.1
1437390 431.0
1437400 431.0
1437410 430.9
1437420 430.9
1437430 430.9
1437440 431.1
1437450 431.5
1437460 431.5
1437470 432.1
1437480 433.1
1437490 433.1
1437500 434.1
1437510 434.7
1437520 434.7
1437530 435.3
1437540 435.8
1437550 435.8
1437560 435.0
1437570 433.0
1437580 433.0
1437590 431.6
1437600 431.1
1437610 431.1
1437620 430.9
1437630 430.6
1437640 430.6
1437650 430.5
1437660 430.5
1437670 430.5
1437680 430.6
1437690 429.9
1437700 429.9
1437710 429.7
1437720 429.5
1437730 429.5
1437740 429.5
1437750 429.6
1437760 429.7
1437770 429.7
1437780 429.7
1437790 429.8
1437800 429.8
1437810 429.8
1437820 429.7
1437830 429.7
1437840 429.9
1437850 431.2
1437860 431.2
1437870 431.8
1437880 432.9
1437890 432.9
1437900 434.9
1437910 437.2
1437920 437.2
1437930 439.7
1437940 442.3
1437950 442.3
1437960 445.1
1437970 448.6
1437980 448.6
1437990 452.7
1438000 456.5
1438010 456.5
1438020 459.8
1438030 462.3
1438040 462.3
1438050 464.2
1438060 466.0
1438070 466.0
1438080 468.0
1438090 469.5
1438100 469.5
1438110 469.7
1438120 469.1
1438130 469.1
1438140 468.2
1438150 467.4
1438160 467.4
1438170 466.7
1438180 466.2
1438190 466.2
1438200 465.5
1438210 464.6
1438220 464.6
1438230 463.3
1438240 461.6
1438250 461.6
1438260 459.7
1438270 457.7
1438280 457.7
1438290 455.7
1438300 453.7
1438310 453.7
1438320 451.8
1438330 449.5
1438340 449.5
1438350 447.0
1438360 444.4
1438370 444.4
1438380 442.0
1438390 439.9
1438400 439.9
1438410 438.2
1438420 436.7
1438430 436.7
1438440 435.0
1438450 433.5
1438460 433.5
1438470 431.6
1438480 430.1
1438490 430.1
1438500 428.8
1438510 428.0
1438520 428.0
1438530 427.4
1438540 427.0
1438550 427.0
1438560 426.7
1438570 426.5
1438580 426.5
1438590 426.3
1438600 426.1
1438610 426.1
1438620 425.6
1438630 425.0
1438640 425.0
1438650 425.4
1438660 425.6
1438670 425.6
1438680 425.6
1438690 425.6
1438700 425.6
1438710 425.6
1438720 425.5
1438730 425.5
1438740 425.5
1438750 425.6
1438760 425.6
1438770 425.6
1438780 425.6
1438790 425.6
1438800 425.8
1438810 426.0
1438820 426.0
1438830 426.3
1438840 426.9
1438850 427.6
1438860 427.6
1438870 428.4
1438880 429.1
1438890 429.1
1438900 429.8
1438910 430.4
1438920 430.4
1438930 431.2
1438940 432.0
1438950 432.0
1438960 432.6
1438970 433.0
1438980 433.0
1438990 433.4
1439000 433.6
1439010 433.6
1439020 433.8
1439030 433.9
1439040 433.9
1439050 434.0
1439060 434.1
1439070 434.1
1439080 434.0
1439090 433.9
1439100 433.9
1439110 433.8
1439120 433.8
1439130 433.8
1439140 433.7
1439150 433.3
1439160 433.3
1439170 432.8
1439180 432.5
1439190 432.5
1439200 432.2
1439210 431.8
1439220 431.8
1439230 431.5
1439240 431.2
1439250 431.2
1439260 430.8
1439270 430.3
1439280 430.3
1439290 429.9
1439300 429.6
1439310 429.6
1439320 429.3
1439330 429.0
1439340 429.0
1439350 428.7
1439360 428.3
1439370 428.3
1439380 428.0
1439390 427.7
1439400 427.7
1439410 427.3
1439420 427.0
1439430 427.0
1439440 426.8
1439450 426.7
1439460 426.7
1439470 426.5
1439480 426.6
1439490 426.6
1439500 426.6
1439510 426.7
1439520 426.7
1439530 426.8
1439540 426.8
1439550 426.8
1439560 426.7
1439570 426.5
1439580 426.5
1439590 426.5
1439600 426.5
1439610 426.5
1439620 426.4
1439630 426.4
1439640 426.4
1439650 426.5
1439660 426.8
1439670 426.8
1439680 427.1
1439690 427.4
1439700 427.4
1439710 427.6
1439720 428.0
1439730 428.0
1439740 428.1
1439750 428.1
1439760 428.1
1439770 427.8
1439780 427.3
1439790 427.3
1439800 426.8
1439810 426.4
1439820 426.4
1439830 426.0
1439840 425.8
1439850 425.8
1439860 425.7
1439870 425.6
1439880 425.6
1439890 425.4
1439900 425.3
1439910 425.3
1439920 425.2
1439930 425.1
1439940 425.1
1439950 424.9
1439960 424.8
1439970 424.9
1439980 424.9
1439990 424.9
