1420280 444.4
1420290 444.4
1420300 443.9
1420310 443.4
1420320 443.4
1420330 443.0
1420340 442.4
1420350 442.4
1420360 442.1
1420370 441.4
1420380 441.4
1420390 440.9
1420400 440.4
1420410 440.4
1420420 439.8
1420430 439.3
1420440 439.3
1420450 438.7
1420460 437.7
1420470 437.7
1420480 436.5
1420490 434.4
1420500 434.4
1420510 430.2
1420520 425.9
1420530 425.9
1420540 423.7
1420550 422.4
1420560 422.4
1420570 419.1
1420580 416.9
1420590 416.9
1420600 413.8
1420610 410.1
1420620 410.1
1420630 407.6
1420640 405.3
1420650 405.3
1420660 403.2
1420670 400.2
1420680 400.2
1420690 397.7
1420700 396.7
1420710 396.7
1420720 397.2
1420730 398.9
1420740 398.9
1420750 400.6
1420760 404.3
1420770 404.3
1420780 406.6
1420790 407.2
1420800 407.2
1420810 407.4
1420820 408.5
1420830 408.5
1420840 411.9
1420850 417.1
1420860 417.1
1420870 418.8
1420880 416.2
1420890 416.2
1420900 414.4
1420910 410.8
1420920 410.8
1420930 408.8
1420940 405.9
1420950 405.9
1420960 402.8
1420970 399.2
1420980 399.2
1420990 397.1
1421000 395.9
1421010 395.9
1421020 394.2
1421030 392.7
1421040 392.7
1421050 390.2
1421060 387.7
1421070 387.7
1421080 386.5
1421090 385.9
1421100 385.9
1421110 385.0
1421120 384.1
1421130 384.1
1421140 383.8
1421150 383.6
1421160 383.6
1421170 383.5
1421180 383.6
1421190 383.6
1421200 383.7
1421210 383.8
1421220 383.8
1421230 383.7
1421240 383.6
1421250 383.6
1421260 383.6
1421270 383.6
1421280 383.6
1421290 383.5
1421300 383.4
1421310 383.4
1421320 383.3
1421330 383.2
1421340 383.2
1421350 383.0
1421360 383.0
1421370 383.0
1421380 382.9
1421390 382.9
1421400 382.9
1421410 382.9
1421420 383.0
1421430 383.0
1421440 383.0
1421450 382.9
1421460 382.9
1421470 382.7
1421480 380.4
1421490 374.2
1421500 374.2
1421510 370.6
1421520 369.6
1421530 369.6
1421540 368.9
1421550 369.4
1421560 369.4
1421570 369.5
1421580 369.4
1421590 369.4
1421600 369.5
1421610 369.6
1421620 369.6
1421630 369.5
1421640 369.5
1421650 369.5
1421660 369.6
1421670 369.6
1421680 369.6
1421690 369.7
1421700 369.9
1421710 369.9
1421720 370.3
1421730 371.4
1421740 371.4
1421750 372.0
1421760 370.6
1421770 370.6
1421780 370.0
1421790 370.0
1421800 370.0
1421810 370.0
1421820 369.6
1421830 369.6
1421840 370.0
1421850 370.1
1421860 369.7
1421870 370.1
1421880 370.2
1421890 370.2
1421900 370.2
1421910 370.3
1421920 370.3
1421930 370.4
1421940 370.5
1421950 370.5
1421960 370.5
1421970 370.6
1421980 370.6
1421990 370.7
1422000 370.7
1422010 370.7
1422020 370.7
1422030 370.8
1422040 370.8
1422050 370.8
1422060 370.8
1422070 370.8
1422080 370.7
1422090 370.7
1422100 370.7
1422110 370.9
1422120 371.3
1422130 371.3
1422140 371.5
1422150 371.4
1422160 371.4
1422170 371.6
1422180 372.0
1422190 372.0
1422200 372.2
1422210 372.3
1422220 372.3
1422230 372.4
1422240 372.5
1422250 372.5
1422260 372.7
1422270 372.6
1422280 372.6
1422290 371.1
1422300 369.0
1422310 369.0
1422320 368.4
1422330 368.6
1422340 368.6
1422350 368.5
1422360 368.3
1422370 368.3
1422380 368.3
1422390 368.3
1422400 368.3
1422410 368.3
1422420 368.3
1422430 368.3
1422440 368.3
1422450 368.4
1422460 368.4
1422470 368.6
1422480 368.8
1422490 368.8
1422500 369.1
1422510 369.2
1422520 369.2
1422530 369.0
1422540 368.8
1422550 368.8
1422560 369.2
1422570 371.3
1422580 371.3
1422590 372.7
1422600 372.8
1422610 372.8
1422620 372.7
1422630 372.6
1422640 372.6
1422650 372.5
1422660 372.3
1422670 372.3
1422680 372.3
1422690 371.8
1422700 371.8
1422710 371.8
1422720 371.8
1422730 371.5
1422740 371.5
1422750 371.4
1422760 371.2
1422770 371.2
1422780 371.3
1422790 371.3
1422800 371.3
1422810 371.2
1422820 371.1
1422830 371.1
1422840 371.0
1422850 371.1
1422860 371.1
1422870 371.1
1422880 371.1
1422890 371.1
1422900 371.1
1422910 371.1
1422920 371.1
1422930 371.3
1422940 371.2
1422950 371.2
1422960 371.0
1422970 371.1
1422980 371.1
1422990 371.2
1423000 371.2
1423010 371.2
1423020 371.1
1423030 371.1
1423040 371.1
1423050 371.1
1423060 371.2
1423070 371.2
1423080 371.5
1423090 372.0
1423100 372.0
1423110 371.8
1423120 369.6
1423130 369.6
1423140 371.1
1423150 371.7
1423160 371.7
1423170 371.4
1423180 370.4
1423190 370.4
1423200 369.4
1423210 370.8
1423220 370.8
1423230 371.6
1423240 371.5
1423250 371.5
1423260 371.3
1423270 371.3
1423280 371.3
1423290 371.3
1423300 371.1
1423310 371.1
1423320 371.0
1423330 370.8
1423340 370.8
1423350 370.7
1423360 370.4
1423370 370.4
1423380 370.5
1423390 370.8
1423400 370.8
1423410 370.8
1423420 369.3
1423430 369.3
1423440 368.7
1423450 370.3
1423460 370.3
1423470 371.1
1423480 371.2
1423490 371.2
1423500 371.0
1423510 370.7
1423520 370.7
1423530 370.1
1423540 369.9
1423550 369.9
1423560 370.2
1423570 370.6
1423580 370.6
1423590 370.7
1423600 370.7
1423610 370.7
1423620 370.8
1423630 371.8
1423640 371.8
1423650 373.0
1423660 373.2
1423670 373.2
1423680 372.2
1423690 371.3
1423700 371.3
1423710 370.7
1423720 370.3
1423730 370.3
1423740 370.2
1423750 370.2
1423760 370.2
1423770 370.2
1423780 370.2
1423790 370.2
1423800 370.3
1423810 370.3
1423820 370.3
1423830 370.2
1423840 370.3
1423850 370.3
1423860 370.3
1423870 370.4
1423880 370.4
1423890 370.5
1423900 370.5
1423910 370.5
1423920 370.5
1423930 370.6
1423940 370.7
1423950 370.7
1423960 370.6
1423970 370.5
1423980 370.5
1423990 370.6
1424000 370.7
1424010 370.7
1424020 370.7
1424030 370.8
1424040 370.8
1424050 370.8
1424060 370.7
1424070 370.7
1424080 370.5
1424090 370.4
1424100 370.4
1424110 370.2
1424120 370.2
1424130 370.2
1424140 370.1
1424150 370.1
1424160 370.1
1424170 370.0
1424180 370.0
1424190 370.0
1424200 370.0
1424210 369.8
1424220 369.8
1424230 370.4
1424240 371.0
1424250 371.0
1424260 372.0
1424270 372.7
1424280 372.7
1424290 373.3
1424300 374.4
1424310 374.4
1424320 375.3
1424330 376.3
1424340 376.3
1424350 377.4
1424360 378.9
1424370 378.9
1424380 380.4
1424390 381.8
1424400 381.8
1424410 381.8
1424420 382.0
1424430 382.0
1424440 381.9
1424450 382.1
1424460 382.1
1424470 383.3
1424480 386.1
1424490 386.1
1424500 389.4
1424510 394.0
1424520 394.0
1424530 400.0
1424540 406.3
1424550 406.3
1424560 412.9
1424570 417.8
1424580 417.8
1424590 421.1
1424600 424.2
1424610 424.2
1424620 428.6
1424630 431.1
1424640 431.1
1424650 431.5
1424660 431.4
1424670 431.4
1424680 430.9
1424690 430.5
1424700 430.5
1424710 430.3
1424720 429.9
1424730 429.9
1424740 429.3
1424750 428.9
1424760 428.9
1424770 428.6
1424780 428.4
1424790 428.4
1424800 428.2
1424810 428.1
1424820 428.1
1424830 428.0
1424840 427.9
1424850 427.9
1424860 427.9
1424870 427.9
1424880 427.9
1424890 427.7
1424900 427.8
1424910 427.8
1424920 427.9
1424930 427.8
1424940 427.8
1424950 427.8
1424960 427.9
1424970 427.9
1424980 428.2
1424990 428.4
1425000 428.4
1425010 428.6
1425020 428.6
1425030 428.6
1425040 428.3
1425050 427.7
1425060 427.7
1425070 427.1
1425080 426.4
1425090 426.4
1425100 425.5
1425110 424.9
1425120 424.9
1425130 424.5
1425140 424.1
1425150 424.1
1425160 423.7
1425170 423.4
1425180 423.2
1425190 423.2
1425200 423.1
1425210 423.0
1425220 423.0
1425230 423.0
1425240 423.0
1425250 423.0
1425260 423.0
1425270 423.0
1425280 423.0
1425290 423.0
1425300 423.1
1425310 423.1
1425320 423.3
1425330 423.3
1425340 423.3
1425350 423.2
1425360 422.9
1425370 422.9
1425380 422.5
1425390 421.7
1425400 421.7
1425410 420.7
1425420 419.8
1425430 419.8
1425440 418.9
1425450 418.1
1425460 418.1
1425470 417.6
1425480 417.0
1425490 417.0
1425500 416.5
1425510 416.0
1425520 416.0
1425530 415.6
1425540 415.2
1425550 415.2
1425560 414.6
1425570 414.7
1425580 414.7
1425590 414.7
1425600 414.7
1425610 414.7
1425620 414.6
1425630 414.6
1425640 414.6
1425650 414.4
1425660 414.4
1425670 414.4
1425680 414.4
1425690 414.6
1425700 414.6
1425710 415.0
1425720 415.4
1425730 415.4
1425740 415.8
1425750 416.2
1425760 416.2
1425770 416.5
1425780 417.0
1425790 417.0
1425800 417.4
1425810 417.6
1425820 417.6
1425830 417.8
1425840 418.1
1425850 418.1
1425860 418.3
1425870 418.4
1425880 418.4
1425890 418.4
1425900 418.3
1425910 418.3
1425920 418.2
1425930 418.1
1425940 418.1
1425950 417.9
1425960 417.7
1425970 417.7
1425980 417.7
1425990 417.6
1426000 417.6
1426010 417.2
1426020 415.1
1426030 415.1
1426040 413.7
1426050 414.5
1426060 414.5
1426070 416.0
1426080 416.8
1426090 416.8
1426100 416.8
1426110 416.6
1426120 416.6
1426130 416.2
1426140 415.9
1426150 415.9
1426160 415.7
1426170 415.5
1426180 415.5
1426190 415.4
1426200 415.2
1426210 415.2
1426220 415.3
1426230 415.3
1426240 415.3
1426250 415.3
1426260 415.3
1426270 415.3
1426280 414.5
1426290 411.8
1426300 411.8
1426310 408.5
1426320 405.1
1426330 405.1
1426340 402.0
1426350 398.9
1426360 398.9
1426370 396.6
1426380 395.1
1426390 394.3
1426400 394.3
1426410 393.9
1426420 393.8
1426430 393.8
1426440 393.5
1426450 393.4
1426460 393.4
1426470 393.5
1426480 393.5
1426490 393.5
1426500 393.6
1426510 393.7
1426520 393.7
1426530 394.1
1426540 394.3
1426550 394.3
1426560 394.6
1426570 395.0
1426580 395.0
1426590 395.4
1426600 396.0
1426610 396.0
1426620 396.9
1426630 397.9
1426640 397.9
1426650 399.0
1426660 400.5
1426670 400.5
1426680 401.8
1426690 403.2
1426700 403.2
1426710 404.2
1426720 405.1
1426730 405.1
1426740 405.9
1426750 406.3
1426760 406.3
1426770 406.4
1426780 406.1
1426790 406.1
1426800 405.6
1426810 404.8
1426820 404.8
1426830 404.1
1426840 403.7
1426850 403.7
1426860 403.4
1426870 403.2
1426880 403.2
1426890 403.2
1426900 403.1
1426910 403.1
1426920 403.0
1426930 402.8
1426940 402.8
1426950 402.6
1426960 402.3
1426970 402.3
1426980 402.0
1426990 401.4
1427000 401.4
1427010 400.8
1427020 400.0
1427030 400.0
1427040 398.9
1427050 398.4
1427060 398.4
1427070 397.8
1427080 397.0
1427090 397.0
1427100 395.8
1427110 394.6
1427120 394.6
1427130 393.5
1427140 392.8
1427150 392.8
1427160 392.2
1427170 390.9
1427180 390.9
1427190 391.4
1427200 392.9
1427210 392.9
1427220 393.6
1427230 394.0
1427240 394.0
1427250 394.1
1427260 393.8
1427270 393.8
1427280 392.9
1427290 392.5
1427300 392.5
1427310 392.8
1427320 393.0
1427330 393.0
1427340 393.0
1427350 393.4
1427360 393.4
1427370 393.8
1427380 394.1
1427390 394.1
1427400 394.5
1427410 394.9
1427420 394.9
1427430 395.3
1427440 395.7
1427450 395.7
1427460 396.2
1427470 396.7
1427480 396.7
1427490 397.3
1427500 397.9
1427510 397.9
1427520 398.6
1427530 399.2
1427540 399.2
1427550 399.8
1427560 400.5
1427570 400.5
1427580 401.3
1427590 402.4
1427600 402.4
1427610 403.4
1427620 404.5
1427630 405.4
1427640 405.4
1427650 406.2
1427660 407.0
1427670 407.0
1427680 407.6
1427690 408.0
1427700 408.0
1427710 408.3
1427720 408.4
1427730 408.4
1427740 408.5
1427750 408.5
1427760 408.5
1427770 408.6
1427780 408.6
1427790 408.6
1427800 408.7
1427810 408.8
1427820 408.8
1427830 408.9
1427840 409.1
1427850 409.1
1427860 409.2
1427870 409.3
1427880 409.3
1427890 409.6
1427900 410.1
1427910 410.1
1427920 410.6
1427930 411.1
1427940 411.1
1427950 411.6
1427960 412.0
1427970 412.0
1427980 412.6
1427990 413.2
1428000 413.2
1428010 413.9
1428020 414.7
1428030 414.7
1428040 415.8
1428050 416.8
1428060 416.8
1428070 417.7
1428080 418.9
1428090 418.9
1428100 420.3
1428110 421.9
1428120 421.9
1428130 424.4
1428140 426.8
1428150 426.8
1428160 428.9
1428170 430.5
1428180 430.5
1428190 431.2
1428200 431.6
1428210 431.6
1428220 431.9
1428230 432.2
1428240 432.2
1428250 432.6
1428260 433.0
1428270 433.0
1428280 433.1
1428290 433.3
1428300 433.3
1428310 433.5
1428320 433.6
1428330 433.6
1428340 433.7
1428350 433.9
1428360 433.9
1428370 434.0
1428380 434.1
1428390 434.1
1428400 434.3
1428410 434.5
1428420 434.5
1428430 434.6
1428440 434.8
1428450 434.8
1428460 434.9
1428470 434.8
1428480 434.8
1428490 434.8
1428500 434.8
1428510 434.8
1428520 435.0
1428530 435.0
1428540 435.0
1428550 435.0
1428560 434.9
1428570 434.9
1428580 434.9
1428590 434.9
1428600 434.9
1428610 435.1
1428620 435.2
1428630 435.2
1428640 435.4
1428650 435.6
1428660 435.6
1428670 435.9
1428680 436.2
1428690 436.2
1428700 436.7
1428710 437.3
1428720 437.3
1428730 437.9
1428740 438.6
1428750 438.6
1428760 439.2
1428770 439.9
1428780 439.9
1428790 440.5
1428800 441.0
1428810 441.0
1428820 441.3
1428830 441.6
1428840 442.2
1428850 442.2
1428860 442.7
1428870 443.1
1428880 443.1
1428890 443.5
1428900 444.0
1428910 444.0
1428920 444.4
1428930 444.6
1428940 444.6
1428950 444.8
1428960 444.9
1428970 444.9
1428980 444.9
1428990 444.9
1429000 444.9
1429010 444.9
1429020 444.9
1429030 444.9
1429040 445.0
1429050 445.1
1429060 445.1
1429070 445.3
1429080 445.4
1429090 445.4
1429100 445.5
1429110 445.5
1429120 445.5
1429130 445.6
1429140 445.8
1429150 445.8
1429160 446.0
1429170 446.1
1429180 446.1
1429190 446.1
1429200 446.4
1429210 446.4
1429220 446.5
1429230 446.5
1429240 446.5
1429250 446.5
1429260 446.6
1429270 446.6
1429280 446.6
1429290 446.5
1429300 446.5
1429310 446.5
1429320 446.6
1429330 446.6
1429340 446.6
1429350 446.7
1429360 446.7
1429370 446.6
1429380 446.5
1429390 446.5
1429400 446.5
1429410 446.4
1429420 446.4
1429430 446.4
1429440 446.3
1429450 446.3
1429460 446.3
1429470 446.4
1429480 446.4
1429490 446.4
1429500 446.5
1429510 446.5
1429520 446.4
1429530 446.0
1429540 446.0
1429550 446.3
1429560 447.0
1429570 447.0
1429580 447.5
1429590 447.5
1429600 447.5
1429610 447.3
1429620 447.6
1429630 447.6
1429640 448.2
1429650 448.8
1429660 448.8
1429670 449.6
1429680 450.2
1429690 450.2
1429700 450.7
1429710 451.3
1429720 451.3
1429730 452.8
1429740 453.1
1429750 453.1
1429760 455.4
1429770 456.5
1429780 456.5
1429790 459.5
1429800 460.9
1429810 460.9
1429820 461.3
1429830 462.0
1429840 462.0
1429850 463.2
1429860 464.1
1429870 464.1
1429880 464.6
1429890 464.4
1429900 464.4
1429910 463.7
1429920 463.2
1429930 463.2
1429940 461.9
1429950 460.3
1429960 460.3
1429970 459.7
1429980 460.0
1429990 460.0
1430000 459.1
1430010 458.8
1430020 458.8
1430030 462.9
1430040 468.6
1430050 468.6
1430060 469.9
1430070 469.9
1430080 469.3
1430090 469.3
1430100 470.4
1430110 476.9
1430120 476.9
1430130 477.8
1430140 477.1
1430150 477.1
1430160 476.5
1430170 475.9
1430180 475.9
1430190 475.5
1430200 475.0
1430210 475.0
1430220 474.6
1430230 474.3
1430240 474.3
1430250 474.1
1430260 474.0
1430270 474.0
1430280 473.9
1430290 473.9
1430300 473.9
1430310 473.9
1430320 474.0
1430330 474.0
1430340 474.0
1430350 474.0
1430360 474.0
1430370 474.1
1430380 474.4
1430390 474.4
1430400 474.7
1430410 474.6
1430420 474.6
1430430 474.6
1430440 474.6
1430450 474.6
1430460 474.5
1430470 474.4
1430480 474.4
1430490 474.3
1430500 474.2
1430510 474.2
1430520 474.0
1430530 473.7
1430540 473.7
1430550 473.3
1430560 473.0
1430570 473.0
1430580 472.7
1430590 472.5
1430600 472.5
1430610 472.4
1430620 472.4
1430630 472.4
1430640 472.5
1430650 472.6
1430660 472.6
1430670 472.8
1430680 473.0
1430690 473.0
1430700 473.3
1430710 473.5
1430720 473.5
1430730 473.6
1430740 473.7
1430750 474.5
1430760 474.7
1430770 474.9
1430780 474.9
1430790 475.1
1430800 475.1
1430810 475.1
1430820 475.1
1430830 474.9
1430840 474.9
1430850 474.7
1430860 474.4
1430870 474.4
1430880 474.1
1430890 473.9
1430900 473.9
1430910 473.8
1430920 473.6
1430930 473.6
1430940 473.3
1430950 473.1
1430960 473.1
1430970 472.9
1430980 472.8
1430990 472.8
1431000 472.6
1431010 472.6
1431020 472.6
1431030 472.3
1431040 471.8
1431050 471.8
1431060 471.3
1431070 470.8
1431080 470.8
1431090 470.1
1431100 469.5
1431110 469.5
1431120 468.9
1431130 468.3
1431140 468.3
1431150 467.8
1431160 467.3
1431170 467.3
1431180 466.7
1431190 466.1
1431200 466.1
1431210 465.3
1431220 464.5
1431230 464.5
1431240 463.5
1431250 462.5
1431260 462.5
1431270 461.5
1431280 460.8
1431290 460.4
1431300 460.4
1431310 460.2
1431320 460.1
1431330 460.1
1431340 459.8
1431350 459.5
1431360 459.5
1431370 459.3
1431380 459.3
1431390 459.3
1431400 459.2
1431410 459.2
1431420 459.2
1431430 459.2
1431440 459.2
1431450 459.2
1431460 459.1
1431470 459.1
1431480 459.1
1431490 459.1
1431500 459.2
1431510 459.2
1431520 460.0
1431530 460.7
1431540 460.7
1431550 461.5
1431560 462.3
1431570 462.3
1431580 463.1
1431590 463.8
1431600 463.8
1431610 464.6
1431620 465.4
1431630 465.4
1431640 466.3
1431650 467.3
1431660 467.3
1431670 469.1
1431680 472.0
1431690 472.0
1431700 475.8
1431710 477.8
1431720 477.8
1431730 479.6
1431740 480.3
1431750 480.3
1431760 483.4
1431770 488.4
1431780 488.4
1431790 490.8
1431800 491.7
1431810 491.7
1431820 492.6
1431830 493.5
1431840 493.5
1431850 494.3
1431860 495.1
1431870 495.1
1431880 495.7
1431890 495.9
1431900 495.9
1431910 496.0
1431920 495.8
1431930 495.8
1431940 495.6
1431950 495.2
1431960 495.2
1431970 494.9
1431980 494.6
1431990 494.6
1432000 494.2
1432010 493.9
1432020 493.9
1432030 493.6
1432040 493.2
1432050 493.2
1432060 492.6
1432070 491.1
1432080 491.1
1432090 489.1
1432100 487.3
1432110 487.3
1432120 486.1
1432130 485.5
1432140 485.5
1432150 485.2
1432160 485.1
1432170 485.1
1432180 485.0
1432190 485.0
1432200 485.0
1432210 484.9
1432220 484.7
1432230 484.7
1432240 484.5
1432250 484.6
1432260 484.6
1432270 485.2
1432280 486.0
1432290 486.0
1432300 486.7
1432310 487.0
1432320 487.0
1432330 486.8
1432340 486.2
1432350 486.2
1432360 485.7
1432370 485.0
1432380 485.0
1432390 483.4
1432400 482.1
1432410 482.1
1432420 481.5
1432430 481.5
1432440 481.5
1432450 482.0
1432460 483.2
1432470 483.2
1432480 484.7
1432490 486.9
1432500 486.9
1432510 490.0
1432520 492.8
1432530 494.6
1432540 494.6
1432550 495.2
1432560 494.9
1432570 494.9
1432580 494.0
1432590 492.6
1432600 492.6
1432610 491.0
1432620 489.7
1432630 489.7
1432640 488.9
1432650 488.2
1432660 488.2
1432670 487.6
1432680 487.1
1432690 487.1
1432700 486.5
1432710 485.6
1432720 485.6
1432730 484.4
1432740 483.1
1432750 483.1
1432760 482.2
1432770 481.3
1432780 481.3
1432790 480.3
1432800 479.6
1432810 479.6
1432820 479.5
1432830 479.8
1432840 479.8
1432850 480.2
1432860 481.0
1432870 481.0
1432880 482.3
1432890 483.6
1432900 483.6
1432910 483.8
1432920 483.4
1432930 483.4
1432940 482.9
1432950 482.7
1432960 482.7
1432970 482.6
1432980 482.7
1432990 482.7
1433000 482.4
1433010 481.8
1433020 481.8
1433030 480.7
1433040 479.9
1433050 479.9
1433060 479.6
1433070 479.4
1433080 479.4
1433090 479.4
1433100 479.2
1433110 479.2
1433120 478.1
1433130 476.3
1433140 476.3
1433150 474.2
1433160 473.1
1433170 473.1
1433180 472.8
1433190 472.3
1433200 472.4
1433210 472.0
1433220 471.7
1433230 471.7
1433240 471.2
1433250 470.6
1433260 470.6
1433270 470.8
1433280 471.0
1433290 471.0
1433300 471.5
1433310 473.0
1433320 473.0
1433330 474.7
1433340 475.5
1433350 475.5
1433360 475.8
1433370 476.1
1433380 476.1
1433390 476.3
1433400 476.6
1433410 476.6
1433420 476.9
1433430 476.9
1433440 476.9
1433450 476.8
1433460 476.5
1433470 476.5
1433480 476.0
1433490 475.2
1433500 475.2
1433510 474.3
1433520 474.7
1433530 474.7
1433540 475.9
1433550 476.0
1433560 476.0
1433570 476.2
1433580 476.7
1433590 476.7
1433600 477.1
1433610 477.4
1433620 477.4
1433630 477.4
1433640 477.0
1433650 477.0
1433660 476.5
1433670 476.6
1433680 476.6
1433690 477.4
1433700 478.3
1433710 478.3
1433720 479.3
1433730 479.9
1433740 479.9
1433750 480.4
1433760 480.9
1433770 480.9
1433780 480.9
1433790 480.9
1433800 482.0
1433810 482.0
1433820 482.9
1433830 483.3
1433840 483.3
1433850 483.3
1433860 483.8
1433870 483.8
1433880 483.8
1433890 482.5
1433900 482.5
1433910 481.2
1433920 480.2
1433930 480.2
1433940 479.2
1433950 478.8
1433960 478.8
1433970 478.7
1433980 478.9
1433990 478.9
1434000 478.9
1434010 479.2
1434020 479.2
1434030 480.1
1434040 481.4
1434050 481.4
1434060 480.0
1434070 477.5
1434080 477.5
1434090 475.9
1434100 476.0
1434110 476.0
1434120 477.3
1434130 479.3
1434140 479.3
1434150 480.6
1434160 480.4
1434170 480.4
1434180 478.4
1434190 476.4
1434200 476.4
1434210 475.6
1434220 475.3
1434230 475.3
1434240 474.9
1434250 474.6
1434260 474.6
1434270 475.4
1434280 476.4
1434290 476.4
1434300 476.6
1434310 475.8
1434320 475.8
1434330 475.2
1434340 475.5
1434350 475.5
1434360 475.8
1434370 475.4
1434380 475.4
1434390 474.6
1434400 474.6
1434410 474.6
1434420 474.9
1434430 476.0
1434440 476.0
1434450 476.7
1434460 475.5
1434470 475.5
1434480 474.1
1434490 473.7
1434500 473.7
1434510 473.8
1434520 474.0
1434530 474.0
1434540 474.1
1434550 474.3
1434560 474.3
1434570 474.2
1434580 474.2
1434590 474.2
1434600 474.4
1434610 474.2
1434620 474.2
1434630 473.1
1434640 472.0
1434650 472.0
1434660 472.0
1434670 473.1
1434680 473.1
1434690 474.2
1434700 475.1
1434710 475.1
1434720 476.0
1434730 477.1
1434740 477.1
1434750 478.2
1434760 479.3
1434770 479.3
1434780 480.3
1434790 481.3
1434800 481.3
1434810 481.7
1434820 481.8
1434830 481.8
1434840 481.8
1434850 481.7
1434860 481.7
1434870 481.5
1434880 481.3
1434890 481.3
1434900 481.3
1434910 481.2
1434920 481.2
1434930 480.9
1434940 481.2
1434950 481.2
1434960 481.7
1434970 481.9
1434980 481.8
1434990 481.8
1435000 481.4
1435010 480.9
1435020 480.9
1435030 480.4
1435040 479.7
1435050 479.7
1435060 478.9
1435070 478.3
1435080 478.3
1435090 478.3
1435100 478.5
1435110 478.5
1435120 478.8
1435130 478.6
1435140 478.6
1435150 478.1
1435160 477.5
1435170 477.5
1435180 477.0
1435190 476.8
1435200 476.8
1435210 476.4
1435220 475.2
1435230 475.2
1435240 473.6
1435250 472.0
1435260 472.0
1435270 471.1
1435280 470.4
1435290 470.4
1435300 469.8
1435310 469.5
1435320 469.5
1435330 469.2
1435340 468.6
1435350 468.6
1435360 467.9
1435370 467.3
1435380 467.3
1435390 466.9
1435400 466.1
1435410 466.1
1435420 465.3
1435430 464.9
1435440 464.9
1435450 464.6
1435460 464.2
1435470 464.2
1435480 464.2
1435490 464.1
1435500 464.1
1435510 464.1
1435520 464.1
1435530 464.1
1435540 464.1
1435550 464.2
1435560 464.2
1435570 464.6
1435580 464.2
1435590 464.2
1435600 464.0
1435610 464.2
1435620 464.2
1435630 465.0
1435640 466.6
1435650 466.6
1435660 467.5
1435670 467.3
1435680 467.3
1435690 466.2
1435700 465.2
1435710 465.2
1435720 465.0
1435730 465.2
1435740 465.2
1435750 465.1
1435760 464.9
1435770 464.9
1435780 464.7
1435790 464.4
1435800 464.4
1435810 464.4
1435820 464.6
1435830 464.6
1435840 465.4
1435850 466.9
1435860 466.9
1435870 468.3
1435880 469.4
1435890 469.4
1435900 470.9
1435910 472.6
1435920 472.6
1435930 474.5
1435940 475.9
1435950 475.9
1435960 476.6
1435970 477.1
1435980 477.1
1435990 477.3
1436000 477.1
1436010 477.1
1436020 476.7
1436030 476.1
1436040 476.1
1436050 475.6
1436060 475.6
1436070 475.6
1436080 475.7
1436090 476.0
1436100 476.0
1436110 476.4
1436120 476.7
1436130 476.7
1436140 477.0
1436150 477.6
1436160 477.6
1436170 478.3
1436180 479.1
1436190 479.1
1436200 479.8
1436210 480.4
1436220 480.8
1436230 480.8
1436240 480.9
1436250 480.8
1436260 480.8
1436270 480.5
1436280 479.8
1436290 479.8
1436300 478.9
1436310 476.8
1436320 476.8
1436330 474.8
1436340 473.2
1436350 473.2
1436360 472.0
1436370 471.0
1436380 471.0
1436390 470.4
1436400 470.0
1436410 470.0
1436420 469.9
1436430 469.8
1436440 469.8
1436450 469.8
1436460 469.7
1436470 469.7
1436480 469.7
1436490 470.4
1436500 470.4
1436510 471.1
1436520 471.2
1436530 471.2
1436540 470.7
1436550 470.1
1436560 470.1
1436570 468.5
1436580 467.1
1436590 467.1
1436600 465.8
1436610 465.1
1436620 465.1
1436630 464.4
1436640 463.6
1436650 463.6
1436660 462.8
1436670 461.1
1436680 461.1
1436690 459.9
1436700 459.0
1436710 459.0
1436720 458.1
1436730 457.4
1436740 457.4
1436750 456.9
1436760 456.7
1436770 456.7
1436780 456.5
1436790 456.6
1436800 456.6
1436810 456.7
1436820 456.8
1436830 456.8
1436840 456.9
1436850 457.1
1436860 457.1
1436870 457.1
1436880 457.2
1436890 457.2
1436900 457.2
1436910 457.3
1436920 457.3
1436930 457.5
1436940 457.8
1436950 457.8
1436960 458.2
1436970 458.6
1436980 458.6
1436990 459.2
1437000 460.0
1437010 460.0
1437020 460.6
1437030 460.6
1437040 460.6
1437050 460.4
1437060 460.3
1437070 460.3
1437080 460.4
1437090 460.4
1437100 460.4
1437110 460.4
1437120 459.8
1437130 459.8
1437140 458.9
1437150 458.3
1437160 458.3
1437170 457.7
1437180 457.3
1437190 457.3
1437200 456.9
1437210 456.6
1437220 456.6
1437230 456.4
1437240 456.2
1437250 456.2
1437260 456.1
1437270 455.8
1437280 455.8
1437290 455.5
1437300 455.2
1437310 455.2
1437320 454.8
1437330 454.5
1437340 454.5
1437350 454.2
1437360 454.0
1437370 454.0
1437380 453.9
1437390 453.7
1437400 453.7
1437410 453.6
1437420 453.5
1437430 453.5
1437440 453.4
1437450 453.3
1437460 453.1
1437470 453.1
1437480 452.9
1437490 452.8
1437500 452.8
1437510 452.8
1437520 452.7
1437530 452.7
1437540 452.6
1437550 452.5
1437560 452.5
1437570 452.4
1437580 452.2
1437590 452.2
1437600 452.0
1437610 451.9
1437620 451.9
1437630 451.8
1437640 451.7
1437650 451.7
1437660 451.7
1437670 451.9
1437680 451.9
1437690 452.2
1437700 452.5
1437710 452.5
1437720 452.4
1437730 452.4
1437740 452.4
1437750 452.1
1437760 451.9
1437770 451.9
1437780 451.8
1437790 451.6
1437800 451.6
1437810 451.3
1437820 451.1
1437830 451.1
1437840 450.9
1437850 450.8
1437860 450.8
1437870 450.8
1437880 451.1
1437890 451.1
1437900 450.9
1437910 450.2
1437920 450.2
1437930 449.9
1437940 449.8
1437950 449.8
1437960 449.7
1437970 449.7
1437980 449.7
1437990 449.7
1438000 449.7
1438010 449.7
1438020 449.7
1438030 449.4
1438040 449.4
1438050 449.1
1438060 448.4
1438070 448.4
1438080 447.2
1438090 448.4
1438100 448.4
1438110 449.5
1438120 450.6
1438130 450.6
1438140 451.5
1438150 452.3
1438160 452.3
1438170 453.0
1438180 453.7
1438190 453.7
1438200 454.3
1438210 454.9
1438220 454.9
1438230 455.6
1438240 456.1
1438250 456.1
1438260 456.6
1438270 457.2
1438280 457.2
1438290 457.6
1438300 458.1
1438310 458.1
1438320 458.6
1438330 459.0
1438340 459.0
1438350 459.1
1438360 458.8
1438370 458.8
1438380 458.2
1438390 457.7
1438400 457.7
1438410 457.5
1438420 457.7
1438430 457.7
1438440 458.3
1438450 459.1
1438460 459.1
1438470 460.1
1438480 461.1
1438490 461.1
1438500 462.1
1438510 463.2
1438520 463.2
1438530 464.2
1438540 465.1
1438550 465.1
1438560 465.8
1438570 466.5
1438580 466.5
1438590 467.3
1438600 468.0
1438610 468.0
1438620 468.7
1438630 469.4
1438640 469.4
1438650 470.0
1438660 470.7
1438670 470.7
1438680 471.3
1438690 471.9
1438700 472.5
1438710 472.5
1438720 473.1
1438730 473.8
1438740 473.8
1438750 474.4
1438760 474.9
1438770 474.9
1438780 475.0
1438790 475.0
1438800 475.0
1438810 474.8
1438820 474.5
1438830 474.5
1438840 473.9
1438850 473.1
1438860 473.1
1438870 471.9
1438880 470.7
1438890 470.7
1438900 469.1
1438910 467.2
1438920 467.2
1438930 464.7
1438940 462.4
1438950 462.4
1438960 460.1
1438970 458.2
1438980 458.2
1438990 456.6
1439000 455.2
1439010 455.2
1439020 454.1
1439030 453.3
1439040 453.3
1439050 452.6
1439060 451.6
1439070 451.6
1439080 450.8
1439090 450.0
1439100 450.0
1439110 449.3
1439120 448.7
1439130 448.7
1439140 448.3
1439150 448.0
1439160 448.0
1439170 447.8
1439180 447.4
1439190 447.4
1439200 446.9
1439210 446.2
1439220 446.2
1439230 445.4
1439240 444.6
1439250 444.6
1439260 444.0
1439270 443.6
1439280 443.6
1439290 443.7
1439300 444.2
1439310 444.2
1439320 444.4
1439330 444.3
1439340 444.3
1439350 443.9
1439360 443.4
1439370 443.4
1439380 442.9
1439390 442.3
1439400 442.3
1439410 441.8
1439420 441.2
1439430 441.2
1439440 440.5
1439450 439.8
1439460 439.8
1439470 439.1
1439480 438.4
1439490 438.4
1439500 437.8
1439510 437.3
1439520 437.3
1439530 436.9
1439540 436.6
1439550 436.6
1439560 436.2
1439570 435.7
1439580 435.7
1439590 434.9
1439600 434.2
1439610 434.2
1439620 433.7
1439630 433.3
1439640 433.3
1439650 432.6
1439660 431.9
1439670 431.9
1439680 431.5
1439690 431.3
1439700 431.3
1439710 431.1
1439720 430.7
1439730 430.7
1439740 430.5
1439750 430.3
1439760 430.3
1439770 429.8
1439780 429.3
1439790 429.3
1439800 428.9
1439810 428.6
1439820 428.6
1439830 428.2
1439840 427.9
1439850 427.9
1439860 427.6
1439870 427.3
1439880 427.3
1439890 426.9
1439900 426.7
1439910 426.5
1439920 426.5
1439930 426.4
1439940 426.3
1439950 426.3
1439960 426.3
1439970 426.2
1439980 426.2
1439990 426.2
