1420000 460.2
1420010 459.6
1420020 456.8
1420030 456.8
1420040 453.9
1420050 453.2
1420060 453.2
1420070 454.2
1420080 456.2
1420090 456.2
1420100 457.5
1420110 457.8
1420120 458.1
1420130 458.1
1420140 457.9
1420150 455.0
1420160 455.0
1420170 450.0
1420180 444.9
1420190 444.9
1420200 439.1
1420210 434.2
1420220 434.2
1420230 430.4
1420240 428.0
1420250 428.0
1420260 424.3
1420270 420.8
1420280 420.8
1420290 413.8
1420300 406.0
1420310 406.0
1420320 399.9
1420330 399.2
1420340 399.2
1420350 395.3
1420360 389.4
1420370 389.4
1420380 383.7
1420390 379.6
1420400 379.6
1420410 376.3
1420420 373.2
1420430 373.2
1420440 370.9
1420450 369.6
1420460 369.6
1420470 368.4
1420480 367.9
1420490 367.9
1420500 368.3
1420510 368.8
1420520 368.8
1420530 368.6
1420540 368.5
1420550 368.5
1420560 368.6
1420570 368.7
1420580 368.7
1420590 368.8
1420600 368.9
1420610 368.9
1420620 369.0
1420630 369.0
1420640 369.0
1420650 369.0
1420660 369.0
1420670 369.0
1420680 369.2
1420690 369.4
1420700 369.4
1420710 369.1
1420720 368.2
1420730 368.2
1420740 367.9
1420750 368.6
1420760 368.6
1420770 369.1
1420780 369.7
1420790 369.7
1420800 370.8
1420810 370.9
1420820 370.9
1420830 370.4
1420840 369.8
1420850 369.8
1420860 369.2
1420870 368.9
1420880 368.9
1420890 369.6
1420900 370.6
1420910 370.6
1420920 371.2
1420930 370.4
1420940 370.4
1420950 368.2
1420960 367.2
1420970 367.2
1420980 367.1
1420990 367.1
1421000 367.1
1421010 367.1
1421020 367.1
1421030 367.1
1421040 367.1
1421050 367.1
1421060 367.1
1421070 367.1
1421080 367.1
1421090 367.1
1421100 367.1
1421110 367.1
1421120 367.1
1421130 367.1
1421140 368.2
1421150 368.2
1421160 370.2
1421170 371.3
1421180 371.3
1421190 371.5
1421200 371.3
1421210 371.3
1421220 371.1
1421230 371.0
1421240 371.0
1421250 370.9
1421260 370.9
1421270 370.9
1421280 370.6
1421290 370.1
1421300 370.1
1421310 370.4
1421320 370.5
1421330 370.5
1421340 370.4
1421350 370.2
1421360 370.2
1421370 370.0
1421380 369.8
1421390 369.7
1421400 369.7
1421410 369.6
1421420 369.6
1421430 369.6
1421440 369.5
1421450 369.3
1421460 369.3
1421470 369.1
1421480 369.0
1421490 369.0
1421500 369.1
1421510 369.2
1421520 369.2
1421530 369.1
1421540 369.3
1421550 369.3
1421560 369.5
1421570 369.6
1421580 369.6
1421590 369.6
1421600 369.4
1421610 369.4
1421620 369.2
1421630 368.9
1421640 368.9
1421650 368.8
1421660 369.0
1421670 369.0
1421680 369.5
1421690 369.6
1421700 369.6
1421710 369.4
1421720 369.3
1421730 369.3
1421740 369.2
1421750 369.2
1421760 369.2
1421770 369.3
1421780 369.2
1421790 369.2
1421800 369.1
1421810 369.1
1421820 369.1
1421830 369.2
1421840 369.2
1421850 369.2
1421860 369.2
1421870 369.1
1421880 369.1
1421890 369.2
1421900 369.4
1421910 369.4
1421920 369.5
1421930 369.3
1421940 369.3
1421950 369.3
1421960 369.2
1421970 369.2
1421980 369.2
1421990 369.2
1422000 369.2
1422010 369.3
1422020 369.3
1422030 369.3
1422040 369.4
1422050 369.5
1422060 369.5
1422070 369.4
1422080 369.4
1422090 369.4
1422100 369.4
1422110 370.0
1422120 370.0
1422130 371.4
1422140 371.2
1422150 371.2
1422160 370.4
1422170 369.8
1422180 369.8
1422190 369.3
1422200 369.4
1422210 369.4
1422220 369.3
1422230 369.2
1422240 369.2
1422250 369.3
1422260 369.3
1422270 369.3
1422280 369.3
1422290 369.2
1422300 369.2
1422310 369.4
1422320 369.9
1422330 369.9
1422340 369.9
1422350 369.7
1422360 369.7
1422370 369.7
1422380 369.7
1422390 369.7
1422400 369.6
1422410 368.6
1422420 368.6
1422430 368.8
1422440 369.0
1422450 369.0
1422460 369.0
1422470 369.1
1422480 369.1
1422490 369.2
1422500 369.2
1422510 369.2
1422520 369.1
1422530 369.1
1422540 369.1
1422550 369.0
1422560 369.0
1422570 369.0
1422580 369.2
1422590 369.4
1422600 369.4
1422610 369.5
1422620 369.7
1422630 369.7
1422640 369.7
1422650 369.6
1422660 369.6
1422670 369.5
1422680 369.4
1422690 369.4
1422700 369.4
1422710 369.6
1422720 369.7
1422730 369.7
1422740 369.7
1422750 369.6
1422760 369.6
1422770 369.5
1422780 369.4
1422790 369.4
1422800 369.5
1422810 369.7
1422820 369.7
1422830 369.8
1422840 369.7
1422850 369.7
1422860 369.7
1422870 369.6
1422880 369.6
1422890 369.5
1422900 369.4
1422910 369.4
1422920 369.5
1422930 369.6
1422940 369.6
1422950 369.7
1422960 369.6
1422970 369.6
1422980 369.5
1422990 369.5
1423000 369.5
1423010 369.6
1423020 369.6
1423030 369.6
1423040 369.5
1423050 369.4
1423060 369.4
1423070 369.0
1423080 369.8
1423090 369.8
1423100 370.0
1423110 370.0
1423120 370.0
1423130 370.1
1423140 370.2
1423150 370.2
1423160 370.1
1423170 370.0
1423180 370.0
1423190 369.9
1423200 369.9
1423210 369.9
1423220 369.9
1423230 369.9
1423240 369.9
1423250 369.9
1423260 369.8
1423270 369.8
1423280 369.8
1423290 369.9
1423300 369.9
1423310 369.9
1423320 369.9
1423330 369.9
1423340 369.9
1423350 369.9
1423360 369.9
1423370 369.8
1423380 369.7
1423390 369.7
1423400 369.8
1423410 369.9
1423420 369.9
1423430 369.7
1423440 369.7
1423450 369.7
1423460 369.8
1423470 370.1
1423480 370.1
1423490 370.4
1423500 370.5
1423510 370.5
1423520 370.5
1423530 370.5
1423540 370.5
1423550 370.5
1423560 370.5
1423570 370.5
1423580 370.6
1423590 370.6
1423600 370.6
1423610 370.7
1423620 370.8
1423630 370.8
1423640 371.0
1423650 371.3
1423660 371.3
1423670 371.7
1423680 372.6
1423690 372.6
1423700 372.9
1423710 373.1
1423720 373.1
1423730 373.7
1423740 374.3
1423750 374.3
1423760 374.6
1423770 374.9
1423780 374.9
1423790 375.7
1423800 376.5
1423810 376.5
1423820 376.9
1423830 377.4
1423840 377.4
1423850 378.2
1423860 378.9
1423870 378.9
1423880 379.6
1423890 380.4
1423900 380.4
1423910 381.3
1423920 382.7
1423930 382.7
1423940 384.3
1423950 385.7
1423960 389.2
1423970 389.2
1423980 393.5
1423990 399.3
1424000 399.3
1424010 404.8
1424020 408.6
1424030 408.6
1424040 410.6
1424050 414.0
1424060 414.0
1424070 418.2
1424080 423.4
1424090 423.4
1424100 428.0
1424110 433.5
1424120 433.5
1424130 440.2
1424140 442.9
1424150 442.6
1424160 442.9
1424170 443.3
1424180 443.3
1424190 443.5
1424200 443.7
1424210 443.7
1424220 444.1
1424230 444.5
1424240 444.5
1424250 444.9
1424260 445.4
1424270 445.4
1424280 445.9
1424290 446.2
1424300 446.2
1424310 446.4
1424320 446.6
1424330 446.6
1424340 446.8
1424350 447.0
1424360 447.0
1424370 447.1
1424380 447.3
1424390 447.3
1424400 447.4
1424410 447.4
1424420 447.4
1424430 447.5
1424440 447.7
1424450 447.7
1424460 447.9
1424470 448.0
1424480 448.0
1424490 448.0
1424500 448.1
1424510 448.1
1424520 447.9
1424530 447.8
1424540 447.8
1424550 447.8
1424560 447.9
1424570 447.9
1424580 448.0
1424590 447.8
1424600 447.8
1424610 447.7
1424620 447.5
1424630 447.5
1424640 447.3
1424650 447.2
1424660 447.2
1424670 447.0
1424680 446.9
1424690 446.9
1424700 446.9
1424710 446.9
1424720 446.9
1424730 446.8
1424740 446.7
1424750 446.7
1424760 446.6
1424770 446.5
1424780 446.5
1424790 446.2
1424800 445.9
1424810 445.9
1424820 445.5
1424830 445.2
1424840 445.2
1424850 444.8
1424860 444.4
1424870 444.4
1424880 444.1
1424890 443.6
1424900 443.6
1424910 442.9
1424920 442.1
1424930 442.1
1424940 441.3
1424950 440.6
1424960 440.6
1424970 440.0
1424980 439.3
1424990 439.3
1425000 438.7
1425010 438.2
1425020 438.2
1425030 437.8
1425040 437.5
1425050 437.5
1425060 437.2
1425070 437.0
1425080 437.0
1425090 436.9
1425100 436.8
1425110 436.8
1425120 436.8
1425130 436.8
1425140 436.8
1425150 436.8
1425160 436.6
1425170 436.6
1425180 436.3
1425190 435.9
1425200 435.9
1425210 435.6
1425220 435.2
1425230 434.8
1425240 434.8
1425250 434.3
1425260 433.9
1425270 433.9
1425280 433.6
1425290 433.2
1425300 433.2
1425310 432.8
1425320 432.6
1425330 432.6
1425340 432.3
1425350 432.1
1425360 432.1
1425370 431.9
1425380 431.8
1425390 431.8
1425400 431.6
1425410 431.3
1425420 431.3
1425430 430.9
1425440 430.6
1425450 430.6
1425460 430.3
1425470 430.0
1425480 430.0
1425490 429.6
1425500 429.3
1425510 429.3
1425520 429.1
1425530 429.0
1425540 429.0
1425550 428.9
1425560 428.7
1425570 428.7
1425580 428.1
1425590 427.3
1425600 427.3
1425610 426.6
1425620 425.9
1425630 425.9
1425640 425.2
1425650 424.6
1425660 424.6
1425670 424.0
1425680 423.3
1425690 423.3
1425700 422.7
1425710 422.0
1425720 422.0
1425730 421.3
1425740 420.7
1425750 420.7
1425760 420.4
1425770 420.3
1425780 420.3
1425790 420.2
1425800 420.0
1425810 420.0
1425820 419.8
1425830 419.8
1425840 419.8
1425850 419.8
1425860 419.8
1425870 419.8
1425880 419.8
1425890 419.7
1425900 419.7
1425910 419.6
1425920 419.4
1425930 419.4
1425940 419.2
1425950 418.9
1425960 418.9
1425970 418.8
1425980 418.6
1425990 418.6
1426000 418.3
1426010 418.1
1426020 418.1
1426030 418.0
1426040 417.9
1426050 417.9
1426060 417.8
1426070 417.7
1426080 417.7
1426090 417.4
1426100 417.3
1426110 417.3
1426120 417.4
1426130 417.5
1426140 417.5
1426150 417.6
1426160 417.7
1426170 417.7
1426180 417.9
1426190 418.1
1426200 418.1
1426210 418.4
1426220 418.7
1426230 418.7
1426240 419.1
1426250 419.3
1426260 419.3
1426270 419.4
1426280 419.5
1426290 419.5
1426300 419.5
1426310 419.4
1426320 419.4
1426330 419.2
1426340 419.0
1426350 419.0
1426360 418.8
1426370 418.4
1426380 418.4
1426390 418.0
1426400 417.5
1426410 417.5
1426420 417.1
1426430 416.7
1426440 416.7
1426450 416.2
1426460 415.7
1426470 415.7
1426480 415.2
1426490 414.5
1426500 414.5
1426510 413.4
1426520 412.7
1426530 414.8
1426540 414.8
1426550 415.8
1426560 416.1
1426570 416.1
1426580 416.7
1426590 417.4
1426600 417.4
1426610 417.9
1426620 418.4
1426630 418.4
1426640 418.9
1426650 419.3
1426660 419.3
1426670 419.3
1426680 419.2
1426690 419.2
1426700 419.3
1426710 419.5
1426720 419.5
1426730 419.5
1426740 419.4
1426750 419.4
1426760 419.3
1426770 419.3
1426780 419.3
1426790 418.9
1426800 418.7
1426810 418.7
1426820 418.1
1426830 417.4
1426840 417.4
1426850 416.4
1426860 415.3
1426870 415.3
1426880 414.1
1426890 412.9
1426900 412.9
1426910 411.7
1426920 410.7
1426930 410.7
1426940 409.9
1426950 409.5
1426960 409.5
1426970 409.0
1426980 408.5
1426990 408.5
1427000 408.2
1427010 408.0
1427020 408.0
1427030 407.8
1427040 407.7
1427050 407.7
1427060 407.6
1427070 407.6
1427080 407.6
1427090 407.5
1427100 407.3
1427110 407.3
1427120 407.0
1427130 406.6
1427140 406.6
1427150 405.9
1427160 405.6
1427170 405.6
1427180 406.1
1427190 406.7
1427200 406.7
1427210 407.2
1427220 407.4
1427230 407.4
1427240 407.5
1427250 407.5
1427260 407.5
1427270 407.4
1427280 407.4
1427290 407.4
1427300 407.3
1427310 407.1
1427320 407.1
1427330 406.8
1427340 406.4
1427350 406.4
1427360 405.5
1427370 403.9
1427380 403.9
1427390 402.4
1427400 401.1
1427410 401.1
1427420 400.0
1427430 399.2
1427440 399.2
1427450 400.2
1427460 400.9
1427470 400.9
1427480 401.5
1427490 402.4
1427500 402.4
1427510 403.3
1427520 403.8
1427530 403.8
1427540 404.3
1427550 405.1
1427560 405.1
1427570 405.8
1427580 406.3
1427590 406.3
1427600 406.7
1427610 407.2
1427620 407.2
1427630 407.9
1427640 408.5
1427650 408.5
1427660 408.9
1427670 409.3
1427680 409.3
1427690 409.7
1427700 410.1
1427710 410.1
1427720 410.4
1427730 410.7
1427740 410.7
1427750 411.1
1427760 411.9
1427770 411.9
1427780 412.8
1427790 413.7
1427800 414.6
1427810 414.6
1427820 415.6
1427830 416.6
1427840 416.6
1427850 417.5
1427860 418.5
1427870 418.5
1427880 419.3
1427890 420.2
1427900 420.2
1427910 421.0
1427920 421.8
1427930 421.8
1427940 422.6
1427950 423.4
1427960 423.4
1427970 424.0
1427980 424.9
1427990 424.9
1428000 425.8
1428010 426.8
1428020 426.8
1428030 427.7
1428040 428.5
1428050 428.5
1428060 429.2
1428070 429.8
1428080 429.8
1428090 430.3
1428100 430.9
1428110 430.9
1428120 431.6
1428130 432.2
1428140 432.2
1428150 433.0
1428160 433.6
1428170 433.6
1428180 434.2
1428190 434.7
1428200 434.7
1428210 435.8
1428220 436.6
1428230 436.6
1428240 436.9
1428250 437.5
1428260 437.5
1428270 438.0
1428280 438.7
1428290 438.7
1428300 439.3
1428310 439.5
1428320 439.5
1428330 439.7
1428340 441.4
1428350 441.4
1428360 442.7
1428370 443.7
1428380 443.7
1428390 444.1
1428400 444.2
1428410 444.2
1428420 444.5
1428430 445.2
1428440 445.2
1428450 446.7
1428460 447.9
1428470 447.9
1428480 448.5
1428490 449.2
1428500 449.2
1428510 450.0
1428520 450.8
1428530 450.8
1428540 451.7
1428550 452.7
1428560 452.7
1428570 453.7
1428580 454.7
1428590 454.7
1428600 455.0
1428610 456.0
1428620 456.0
1428630 456.9
1428640 457.7
1428650 457.7
1428660 458.4
1428670 459.0
1428680 459.0
1428690 459.3
1428700 459.6
1428710 459.6
1428720 460.0
1428730 460.4
1428740 460.4
1428750 460.8
1428760 461.2
1428770 461.2
1428780 461.2
1428790 461.2
1428800 461.2
1428810 461.2
1428820 461.2
1428830 461.2
1428840 461.3
1428850 461.3
1428860 461.3
1428870 461.3
1428880 461.2
1428890 461.2
1428900 461.3
1428910 461.3
1428920 461.3
1428930 461.5
1428940 461.8
1428950 461.8
1428960 462.3
1428970 462.8
1428980 462.8
1428990 463.4
1429000 463.7
1429010 463.7
1429020 463.9
1429030 464.1
1429040 464.1
1429050 464.3
1429060 464.5
1429070 464.6
1429080 464.6
1429090 464.7
1429100 464.8
1429110 464.8
1429120 465.1
1429130 465.4
1429140 465.4
1429150 465.6
1429160 465.8
1429170 465.8
1429180 466.0
1429190 466.1
1429200 466.1
1429210 466.3
1429220 466.3
1429230 466.3
1429240 466.4
1429250 466.6
1429260 466.6
1429270 466.7
1429280 466.9
1429290 466.9
1429300 467.0
1429310 467.1
1429320 467.1
1429330 467.2
1429340 467.2
1429350 467.2
1429360 467.3
1429370 467.5
1429380 467.5
1429390 467.7
1429400 468.1
1429410 468.1
1429420 468.6
1429430 469.2
1429440 469.2
1429450 470.0
1429460 470.9
1429470 470.9
1429480 471.9
1429490 472.9
1429500 472.9
1429510 473.8
1429520 474.8
1429530 474.8
1429540 475.3
1429550 475.9
1429560 475.9
1429570 476.5
1429580 477.3
1429590 477.3
1429600 478.1
1429610 478.9
1429620 478.9
1429630 479.8
1429640 480.4
1429650 480.4
1429660 480.8
1429670 481.0
1429680 481.0
1429690 480.8
1429700 480.8
1429710 480.8
1429720 480.7
1429730 480.7
1429740 480.7
1429750 480.7
1429760 480.8
1429770 480.8
1429780 480.9
1429790 481.1
1429800 481.1
1429810 481.3
1429820 481.6
1429830 481.6
1429840 482.2
1429850 482.2
1429860 482.2
1429870 482.8
1429880 482.8
1429890 482.8
1429900 482.7
1429910 483.0
1429920 483.0
1429930 483.2
1429940 483.3
1429950 483.3
1429960 483.2
1429970 482.6
1429980 482.6
1429990 482.2
1430000 482.0
1430010 482.0
1430020 481.6
1430030 481.1
1430040 481.1
1430050 480.2
1430060 479.0
1430070 479.0
1430080 477.9
1430090 476.9
1430100 476.9
1430110 475.9
1430120 474.5
1430130 474.5
1430140 472.9
1430150 471.6
1430160 471.6
1430170 470.4
1430180 469.5
1430190 469.5
1430200 468.9
1430210 468.7
1430220 468.7
1430230 468.6
1430240 468.2
1430250 468.2
1430260 468.0
1430270 467.9
1430280 467.9
1430290 467.9
1430300 467.9
1430310 467.9
1430320 467.9
1430330 467.8
1430340 467.8
1430350 467.9
1430360 467.8
1430370 467.8
1430380 467.8
1430390 468.0
1430400 468.6
1430410 468.6
1430420 469.3
1430430 469.9
1430440 469.9
1430450 469.9
1430460 469.7
1430470 469.7
1430480 470.3
1430490 470.5
1430500 470.5
1430510 470.0
1430520 469.3
1430530 469.3
1430540 469.1
1430550 469.1
1430560 469.1
1430570 468.9
1430580 469.1
1430590 469.1
1430600 469.4
1430610 469.7
1430620 469.7
1430630 469.9
1430640 470.5
1430650 470.5
1430660 471.2
1430670 471.3
1430680 471.3
1430690 471.4
1430700 472.7
1430710 472.7
1430720 473.8
1430730 474.8
1430740 474.8
1430750 475.8
1430760 476.6
1430770 476.6
1430780 477.4
1430790 478.3
1430800 478.3
1430810 479.1
1430820 479.4
1430830 479.4
1430840 479.8
1430850 480.5
1430860 480.5
1430870 480.9
1430880 481.2
1430890 481.2
1430900 481.4
1430910 481.3
1430920 481.3
1430930 481.0
1430940 480.8
1430950 480.8
1430960 480.3
1430970 481.0
1430980 481.0
1430990 480.0
1431000 478.3
1431010 478.3
1431020 476.3
1431030 475.0
1431040 475.0
1431050 474.0
1431060 473.0
1431070 473.0
1431080 471.7
1431090 470.0
1431100 470.0
1431110 468.3
1431120 466.9
1431130 466.9
1431140 465.8
1431150 464.9
1431160 464.9
1431170 464.6
1431180 464.6
1431190 464.6
1431200 464.6
1431210 464.6
1431220 464.6
1431230 464.7
1431240 465.1
1431250 465.1
1431260 465.3
1431270 465.2
1431280 465.2
1431290 465.1
1431300 465.0
1431310 465.0
1431320 464.6
1431330 464.5
1431340 464.5
1431350 464.5
1431360 464.6
1431370 464.6
1431380 464.6
1431390 464.6
1431400 464.6
1431410 464.5
1431420 464.4
1431430 464.4
1431440 464.4
1431450 464.5
1431460 464.5
1431470 464.6
1431480 464.7
1431490 464.7
1431500 464.6
1431510 464.7
1431520 464.7
1431530 464.7
1431540 464.6
1431550 464.6
1431560 464.6
1431570 464.5
1431580 464.5
1431590 464.5
1431600 464.5
1431610 464.5
1431620 464.5
1431630 464.5
1431640 464.7
1431650 464.7
1431660 464.8
1431670 464.9
1431680 464.9
1431690 464.8
1431700 464.8
1431710 464.8
1431720 464.7
1431730 464.6
1431740 464.6
1431750 464.3
1431760 464.1
1431770 464.1
1431780 464.3
1431790 463.9
1431800 463.9
1431810 464.2
1431820 464.4
1431830 464.4
1431840 464.3
1431850 464.3
1431860 464.3
1431870 464.3
1431880 464.3
1431890 464.3
1431900 464.3
1431910 464.4
1431920 464.4
1431930 464.4
1431940 464.3
1431950 464.3
1431960 464.3
1431970 464.4
1431980 464.4
1431990 464.5
1432000 464.4
1432010 464.4
1432020 464.3
1432030 464.1
1432040 464.1
1432050 464.1
1432060 464.2
1432070 464.2
1432080 464.3
1432090 464.7
1432100 464.7
1432110 465.7
1432120 466.8
1432130 466.8
1432140 467.8
1432150 468.7
1432160 468.7
1432170 469.6
1432180 470.2
1432190 470.2
1432200 470.6
1432210 470.8
1432220 470.8
1432230 470.9
1432240 471.0
1432250 471.0
1432260 470.9
1432270 470.7
1432280 470.7
1432290 470.4
1432300 470.0
1432310 470.0
1432320 469.9
1432330 470.1
1432340 470.1
1432350 470.6
1432360 471.6
1432370 471.6
1432380 472.8
1432390 474.0
1432400 474.0
1432410 475.0
1432420 475.6
1432430 475.6
1432440 475.9
1432450 476.0
1432460 476.0
1432470 475.9
1432480 475.9
1432490 475.9
1432500 475.6
1432510 475.1
1432520 475.1
1432530 474.5
1432540 474.0
1432550 474.0
1432560 473.4
1432570 472.9
1432580 472.9
1432590 472.4
1432600 472.1
1432610 472.1
1432620 471.9
1432630 471.8
1432640 471.8
1432650 471.8
1432660 471.9
1432670 471.9
1432680 472.2
1432690 472.8
1432700 472.8
1432710 473.4
1432720 473.8
1432730 473.8
1432740 474.1
1432750 474.4
1432760 474.4
1432770 474.7
1432780 474.8
1432790 474.8
1432800 474.9
1432810 474.8
1432820 474.8
1432830 474.4
1432840 474.2
1432850 474.2
1432860 474.1
1432870 474.2
1432880 474.2
1432890 474.1
1432900 474.0
1432910 473.8
1432920 473.8
1432930 473.5
1432940 473.3
1432950 473.3
1432960 473.0
1432970 473.0
1432980 473.0
1432990 473.1
1433000 473.2
1433010 473.2
1433020 473.5
1433030 473.9
1433040 473.9
1433050 474.4
1433060 474.8
1433070 474.8
1433080 475.2
1433090 475.6
1433100 475.6
1433110 476.2
1433120 476.7
1433130 476.7
1433140 477.1
1433150 477.1
1433160 477.1
1433170 477.0
1433180 476.8
1433190 476.8
1433200 476.6
1433210 476.3
1433220 476.3
1433230 475.9
1433240 475.4
1433250 475.4
1433260 474.8
1433270 474.2
1433280 474.2
1433290 473.8
1433300 473.7
1433310 473.7
1433320 473.7
1433330 473.8
1433340 473.8
1433350 473.8
1433360 473.8
1433370 473.8
1433380 473.6
1433390 473.3
1433400 473.3
1433410 472.9
1433420 472.6
1433430 472.6
1433440 472.2
1433450 471.9
1433460 471.9
1433470 471.9
1433480 471.9
1433490 471.9
1433500 471.8
1433510 471.8
1433520 471.8
1433530 471.8
1433540 471.6
1433550 471.6
1433560 471.5
1433570 471.2
1433580 471.2
1433590 471.0
1433600 470.8
1433610 470.8
1433620 471.0
1433630 471.4
1433640 471.4
1433650 471.8
1433660 472.1
1433670 472.1
1433680 472.3
1433690 472.3
1433700 472.3
1433710 472.3
1433720 472.4
1433730 472.4
1433740 472.4
1433750 472.5
1433760 472.5
1433770 472.6
1433780 472.8
1433790 472.8
1433800 473.1
1433810 473.4
1433820 473.4
1433830 473.3
1433840 472.9
1433850 472.9
1433860 472.7
1433870 472.8
1433880 472.8
1433890 473.0
1433900 473.2
1433910 473.2
1433920 472.9
1433930 472.8
1433940 472.8
1433950 472.7
1433960 472.8
1433970 472.8
1433980 473.2
1433990 473.8
1434000 473.8
1434010 474.4
1434020 474.7
1434030 474.7
1434040 474.8
1434050 475.0
1434060 475.0
1434070 475.4
1434080 475.5
1434090 475.5
1434100 475.5
1434110 475.0
1434120 475.0
1434130 474.4
1434140 474.1
1434150 474.1
1434160 473.9
1434170 473.8
1434180 473.8
1434190 473.3
1434200 473.5
1434210 474.3
1434220 474.3
1434230 474.6
1434240 474.5
1434250 474.5
1434260 474.5
1434270 474.7
1434280 474.7
1434290 475.0
1434300 475.4
1434310 475.4
1434320 475.6
1434330 475.7
1434340 475.7
1434350 476.5
1434360 477.4
1434370 477.4
1434380 477.6
1434390 477.1
1434400 477.1
1434410 476.7
1434420 476.4
1434430 476.4
1434440 476.5
1434450 476.7
1434460 476.7
1434470 476.8
1434480 477.8
1434490 477.8
1434500 479.1
1434510 479.8
1434520 479.8
1434530 480.3
1434540 480.8
1434550 480.8
1434560 481.2
1434570 481.8
1434580 481.8
1434590 482.4
1434600 483.1
1434610 483.1
1434620 483.1
1434630 483.2
1434640 483.2
1434650 483.8
1434660 483.8
1434670 483.8
1434680 483.3
1434690 482.6
1434700 482.6
1434710 481.7
1434720 480.6
1434730 480.6
1434740 479.8
1434750 479.5
1434760 479.5
1434770 479.1
1434780 478.3
1434790 478.3
1434800 477.1
1434810 475.9
1434820 475.9
1434830 474.4
1434840 472.7
1434850 472.7
1434860 471.0
1434870 469.3
1434880 469.3
1434890 467.9
1434900 466.9
1434910 466.9
1434920 466.3
1434930 465.7
1434940 465.7
1434950 464.8
1434960 463.5
1434970 463.5
1434980 462.4
1434990 461.6
1435000 461.6
1435010 460.8
1435020 460.0
1435030 460.0
1435040 459.9
1435050 460.3
1435060 460.3
1435070 461.0
1435080 461.6
1435090 461.6
1435100 461.8
1435110 461.8
1435120 461.8
1435130 461.7
1435140 461.8
1435150 461.8
1435160 462.2
1435170 463.0
1435180 463.0
1435190 463.6
1435200 464.2
1435210 464.2
1435220 464.5
1435230 464.7
1435240 464.7
1435250 464.9
1435260 464.7
1435270 464.7
1435280 463.9
1435290 462.8
1435300 462.8
1435310 461.7
1435320 460.4
1435330 460.4
1435340 459.1
1435350 458.1
1435360 458.1
1435370 457.5
1435380 457.5
1435390 457.5
1435400 457.9
1435410 459.0
1435420 459.0
1435430 460.3
1435440 461.3
1435450 461.3
1435460 462.1
1435470 462.7
1435480 463.1
1435490 463.1
1435500 463.5
1435510 463.9
1435520 463.9
1435530 464.2
1435540 464.5
1435550 464.5
1435560 464.7
1435570 465.0
1435580 465.0
1435590 465.4
1435600 465.7
1435610 465.7
1435620 466.3
1435630 467.0
1435640 467.0
1435650 467.7
1435660 468.5
1435670 468.5
1435680 469.5
1435690 470.2
1435700 470.2
1435710 470.6
1435720 470.8
1435730 470.8
1435740 470.6
1435750 470.6
1435760 470.6
1435770 470.6
1435780 470.6
1435790 470.6
1435800 470.7
1435810 471.0
1435820 471.0
1435830 471.5
1435840 472.1
1435850 472.1
1435860 472.6
1435870 473.3
1435880 473.3
1435890 474.2
1435900 474.9
1435910 474.9
1435920 475.5
1435930 475.9
1435940 475.9
1435950 476.2
1435960 476.5
1435970 476.5
1435980 476.7
1435990 477.0
1436000 477.0
1436010 477.3
1436020 477.6
1436030 476.7
1436040 476.9
1436050 476.9
1436060 476.9
1436070 477.0
1436080 477.0
1436090 477.0
1436100 476.8
1436110 476.3
1436120 476.3
1436130 475.7
1436140 475.2
1436150 475.2
1436160 474.6
1436170 474.7
1436180 474.7
1436190 474.6
1436200 473.9
1436210 473.9
1436220 473.0
1436230 471.8
1436240 471.8
1436250 471.9
1436260 471.7
1436270 471.7
1436280 471.3
1436290 471.0
1436300 471.0
1436310 470.2
1436320 468.7
1436330 468.7
1436340 467.3
1436350 466.5
1436360 466.5
1436370 466.4
1436380 466.8
1436390 466.8
1436400 466.9
1436410 466.6
1436420 466.6
1436430 466.3
1436440 466.5
1436450 466.5
1436460 466.4
1436470 465.4
1436480 465.4
1436490 463.4
1436500 461.8
1436510 461.8
1436520 460.9
1436530 460.6
1436540 460.6
1436550 460.1
1436560 459.9
1436570 459.9
1436580 459.7
1436590 459.6
1436600 459.6
1436610 459.6
1436620 459.6
1436630 459.6
1436640 459.6
1436650 459.4
1436660 459.4
1436670 459.1
1436680 459.4
1436690 459.4
1436700 459.5
1436710 459.6
1436720 459.6
1436730 459.7
1436740 459.9
1436750 460.4
1436760 460.4
1436770 460.8
1436780 461.3
1436790 461.3
1436800 461.7
1436810 462.2
1436820 462.2
1436830 462.5
1436840 462.9
1436850 462.9
1436860 463.4
1436870 463.8
1436880 463.8
1436890 464.1
1436900 464.3
1436910 464.3
1436920 464.6
1436930 464.7
1436940 464.7
1436950 464.9
1436960 465.2
1436970 465.2
1436980 465.4
1436990 465.7
1437000 465.7
1437010 466.2
1437020 466.2
1437030 466.2
1437040 466.1
1437050 466.2
1437060 466.2
1437070 466.5
1437080 466.6
1437090 466.6
1437100 466.7
1437110 466.8
1437120 466.8
1437130 466.7
1437140 466.8
1437150 466.8
1437160 467.0
1437170 467.4
1437180 467.4
1437190 468.1
1437200 468.4
1437210 468.4
1437220 468.0
1437230 467.9
1437240 467.9
1437250 467.9
1437260 467.8
1437270 467.8
1437280 467.7
1437290 467.6
1437300 467.6
1437310 467.8
1437320 467.8
1437330 467.8
1437340 468.1
1437350 468.1
1437360 468.1
1437370 468.0
1437380 467.6
1437390 467.6
1437400 467.0
1437410 466.6
1437420 466.6
1437430 466.5
1437440 467.0
1437450 467.0
1437460 467.3
1437470 467.3
1437480 467.3
1437490 467.4
1437500 467.5
1437510 467.5
1437520 467.6
1437530 467.7
1437540 467.7
1437550 467.8
1437560 468.0
1437570 468.0
1437580 468.3
1437590 468.5
1437600 468.5
1437610 468.6
1437620 468.8
1437630 468.8
1437640 468.9
1437650 468.9
1437660 468.9
1437670 469.1
1437680 469.2
1437690 469.2
1437700 469.1
1437710 468.9
1437720 468.9
1437730 468.9
1437740 469.0
1437750 469.0
1437760 469.1
1437770 469.1
1437780 469.1
1437790 469.0
1437800 468.7
1437810 468.7
1437820 468.4
1437830 468.2
1437840 468.2
1437850 468.2
1437860 468.0
1437870 468.0
1437880 468.0
1437890 467.9
1437900 467.9
1437910 467.9
1437920 467.8
1437930 467.8
1437940 467.9
1437950 468.0
1437960 468.0
1437970 468.0
1437980 468.0
1437990 468.0
1438000 468.0
1438010 468.1
1438020 468.1
1438030 468.2
1438040 468.2
1438050 468.2
1438060 468.2
1438070 468.2
1438080 468.3
1438090 468.3
1438100 468.2
1438110 468.2
1438120 468.2
1438130 468.1
1438140 468.1
1438150 468.1
1438160 468.1
1438170 468.2
1438180 468.2
1438190 468.2
1438200 468.2
1438210 468.2
1438220 467.9
1438230 466.0
1438240 466.0
1438250 465.2
1438260 463.9
1438270 463.9
1438280 463.2
1438290 462.0
1438300 462.0
1438310 461.0
1438320 460.3
1438330 460.3
1438340 460.0
1438350 459.8
1438360 459.8
1438370 459.6
1438380 459.4
1438390 459.4
1438400 459.3
1438410 459.1
1438420 459.1
1438430 458.9
1438440 459.0
1438450 459.0
1438460 458.9
1438470 458.5
1438480 458.5
1438490 458.3
1438500 458.3
1438510 458.3
1438520 458.4
1438530 458.7
1438540 458.7
1438550 459.1
1438560 459.5
1438570 459.5
1438580 459.9
1438590 460.3
1438600 460.3
1438610 461.0
1438620 461.8
1438630 461.8
1438640 462.9
1438650 463.9
1438660 463.9
1438670 464.9
1438680 465.8
1438690 465.8
1438700 466.5
1438710 467.2
1438720 467.2
1438730 467.7
1438740 468.1
1438750 468.1
1438760 468.4
1438770 468.5
1438780 468.5
1438790 468.6
1438800 468.7
1438810 468.7
1438820 468.8
1438830 468.8
1438840 468.8
1438850 468.7
1438860 468.6
1438870 468.6
1438880 468.5
1438890 468.0
1438900 468.0
1438910 467.2
1438920 466.3
1438930 466.3
1438940 465.4
1438950 464.3
1438960 464.3
1438970 463.1
1438980 461.3
1438990 461.3
1439000 459.6
1439010 458.3
1439020 458.3
1439030 457.4
1439040 456.8
1439050 456.8
1439060 456.1
1439070 455.2
1439080 455.2
1439090 454.1
1439100 453.1
1439110 453.1
1439120 452.1
1439130 451.2
1439140 451.2
1439150 450.5
1439160 449.8
1439170 449.8
1439180 448.9
1439190 448.4
1439200 448.4
1439210 448.0
1439220 447.8
1439230 447.8
1439240 447.8
1439250 447.9
1439260 447.9
1439270 448.2
1439280 448.4
1439290 448.4
1439300 448.4
1439310 448.1
1439320 447.7
1439330 447.7
1439340 447.0
1439350 446.1
1439360 446.1
1439370 445.2
1439380 444.3
1439390 444.3
1439400 443.7
1439410 443.1
1439420 443.1
1439430 442.8
1439440 442.7
1439450 442.7
1439460 442.7
1439470 442.6
1439480 442.6
1439490 442.4
1439500 442.2
1439510 442.2
1439520 442.0
1439530 441.8
1439540 441.8
1439550 441.5
1439560 441.2
1439570 441.2
1439580 440.9
1439590 440.7
1439600 440.7
1439610 440.7
1439620 440.7
1439630 440.7
1439640 440.5
1439650 440.0
1439660 440.0
1439670 439.5
1439680 439.1
1439690 439.1
1439700 439.2
1439710 439.2
1439720 439.2
1439730 439.1
1439740 438.8
1439750 438.8
1439760 438.3
1439770 437.9
1439780 437.9
1439790 437.5
1439800 436.9
1439810 436.9
1439820 436.4
1439830 436.6
1439840 436.6
1439850 436.7
1439860 436.7
1439870 436.7
1439880 436.4
1439890 436.2
1439900 436.2
1439910 436.0
1439920 435.9
1439930 435.9
1439940 435.9
1439950 435.9
1439960 435.9
1439970 436.0
1439980 436.4
1439990 436.4
