1420000 366.7
1420010 366.6
1420020 366.6
1420030 366.6
1420040 366.6
1420050 366.7
1420060 366.7
1420070 366.9
1420080 367.0
1420090 367.0
1420100 367.0
1420110 367.0
1420120 367.0
1420130 366.9
1420140 366.9
1420150 366.9
1420160 366.9
1420170 366.9
1420180 366.9
1420190 366.9
1420200 366.9
1420210 366.9
1420220 366.9
1420230 366.9
1420240 366.9
1420250 366.8
1420260 367.3
1420270 367.3
1420280 369.0
1420290 368.7
1420300 368.7
1420310 368.2
1420320 368.0
1420330 368.0
1420340 367.9
1420350 367.8
1420360 367.8
1420370 367.8
1420380 367.9
1420390 367.9
1420400 368.0
1420410 368.1
1420420 368.1
1420430 368.2
1420440 368.2
1420450 368.2
1420460 368.3
1420470 368.5
1420480 368.5
1420490 368.6
1420500 368.6
1420510 368.6
1420520 368.7
1420530 368.8
1420540 368.8
1420550 368.8
1420560 368.8
1420570 368.8
1420580 368.7
1420590 368.6
1420600 368.6
1420610 368.5
1420620 368.5
1420630 368.5
1420640 368.5
1420650 368.5
1420660 368.5
1420670 368.6
1420680 368.7
1420690 368.7
1420700 369.5
1420710 370.4
1420720 370.4
1420730 371.0
1420740 371.6
1420750 371.6
1420760 372.8
1420770 374.3
1420780 374.3
1420790 377.2
1420800 379.7
1420810 379.7
1420820 381.7
1420830 383.7
1420840 383.7
1420850 385.5
1420860 387.5
1420870 387.5
1420880 389.7
1420890 392.0
1420900 392.0
1420910 394.2
1420920 395.9
1420930 395.9
1420940 396.6
1420950 396.8
1420960 396.8
1420970 396.9
1420980 397.8
1420990 400.2
1421000 400.2
1421010 403.5
1421020 407.3
1421030 407.3
1421040 412.8
1421050 418.4
1421060 418.4
1421070 421.2
1421080 421.6
1421090 421.6
1421100 422.3
1421110 424.0
1421120 424.0
1421130 427.0
1421140 430.0
1421150 430.0
1421160 434.8
1421170 437.1
1421180 437.1
1421190 437.1
1421200 437.0
1421210 437.0
1421220 438.5
1421230 440.4
1421240 440.4
1421250 444.5
1421260 449.0
1421270 449.0
1421280 457.0
1421290 464.2
1421300 464.2
1421310 470.4
1421320 476.6
1421330 476.6
1421340 478.9
1421350 479.6
1421360 479.6
1421370 480.1
1421380 480.2
1421390 480.2
1421400 479.8
1421410 479.4
1421420 479.4
1421430 479.1
1421440 478.8
1421450 478.8
1421460 478.8
1421470 478.7
1421480 478.7
1421490 478.7
1421500 478.9
1421510 478.9
1421520 478.9
1421530 479.0
1421540 479.0
1421550 479.1
1421560 479.2
1421570 479.2
1421580 479.0
1421590 479.0
1421600 479.0
1421610 478.5
1421620 478.5
1421630 478.5
1421640 478.3
1421650 478.1
1421660 478.1
1421670 477.9
1421680 477.4
1421690 477.6
1421700 477.2
1421710 476.9
1421720 476.9
1421730 476.6
1421740 476.7
1421750 476.7
1421760 476.5
1421770 476.0
1421780 476.0
1421790 475.8
1421800 475.6
1421810 475.6
1421820 475.5
1421830 475.4
1421840 475.4
1421850 475.3
1421860 475.8
1421870 475.8
1421880 475.8
1421890 475.5
1421900 475.5
1421910 475.4
1421920 475.3
1421930 475.3
1421940 475.3
1421950 475.3
1421960 475.3
1421970 475.3
1421980 475.4
1421990 475.4
1422000 475.4
1422010 475.3
1422020 475.3
1422030 475.3
1422040 475.3
1422050 475.3
1422060 475.3
1422070 475.3
1422080 475.3
1422090 475.3
1422100 475.5
1422110 475.5
1422120 475.5
1422130 475.6
1422140 475.6
1422150 475.7
1422160 475.7
1422170 475.7
1422180 475.7
1422190 475.8
1422200 475.8
1422210 475.8
1422220 475.6
1422230 475.6
1422240 475.5
1422250 475.4
1422260 475.4
1422270 475.3
1422280 475.2
1422290 475.2
1422300 475.1
1422310 475.0
1422320 475.0
1422330 474.9
1422340 474.8
1422350 474.8
1422360 474.8
1422370 474.8
1422380 474.8
1422390 474.8
1422400 474.9
1422410 475.0
1422420 475.0
1422430 475.1
1422440 475.3
1422450 475.3
1422460 475.5
1422470 475.6
1422480 475.6
1422490 475.7
1422500 475.8
1422510 475.8
1422520 475.8
1422530 475.7
1422540 475.7
1422550 475.7
1422560 475.6
1422570 475.6
1422580 475.6
1422590 475.8
1422600 475.8
1422610 475.9
1422620 476.0
1422630 476.0
1422640 475.9
1422650 475.9
1422660 475.9
1422670 475.7
1422680 475.5
1422690 475.5
1422700 475.4
1422710 475.3
1422720 475.3
1422730 475.2
1422740 475.0
1422750 475.0
1422760 474.8
1422770 474.6
1422780 474.6
1422790 474.4
1422800 474.3
1422810 474.3
1422820 474.1
1422830 474.0
1422840 474.0
1422850 473.9
1422860 473.8
1422870 473.8
1422880 473.7
1422890 473.6
1422900 473.6
1422910 473.4
1422920 473.2
1422930 473.2
1422940 473.1
1422950 473.0
1422960 473.0
1422970 472.8
1422980 472.6
1422990 472.6
1423000 472.5
1423010 472.5
1423020 472.5
1423030 472.2
1423040 472.1
1423050 472.1
1423060 472.0
1423070 472.0
1423080 472.0
1423090 471.9
1423100 471.8
1423110 471.8
1423120 471.7
1423130 471.6
1423140 471.6
1423150 471.5
1423160 471.5
1423170 471.5
1423180 471.4
1423190 471.3
1423200 471.3
1423210 471.2
1423220 471.2
1423230 471.2
1423240 471.1
1423250 471.1
1423260 471.1
1423270 471.0
1423280 471.0
1423290 471.0
1423300 471.0
1423310 471.0
1423320 471.0
1423330 470.8
1423340 470.7
1423350 470.7
1423360 470.7
1423370 470.7
1423380 470.7
1423390 470.7
1423400 470.7
1423410 470.7
1423420 470.7
1423430 470.7
1423440 470.7
1423450 470.7
1423460 470.8
1423470 470.8
1423480 470.8
1423490 470.9
1423500 470.9
1423510 470.9
1423520 470.8
1423530 470.8
1423540 470.7
1423550 470.6
1423560 470.6
1423570 470.5
1423580 470.3
1423590 470.3
1423600 470.3
1423610 470.5
1423620 470.5
1423630 470.6
1423640 470.5
1423650 470.5
1423660 470.5
1423670 470.6
1423680 470.6
1423690 470.9
1423700 471.1
1423710 471.1
1423720 471.4
1423730 471.8
1423740 471.8
1423750 472.4
1423760 472.8
1423770 472.8
1423780 473.0
1423790 472.6
1423800 472.6
1423810 472.5
1423820 472.3
1423830 472.3
1423840 472.0
1423850 471.6
1423860 471.4
1423870 471.4
1423880 471.2
1423890 471.3
1423900 471.3
1423910 472.6
1423920 472.6
1423930 472.6
1423940 472.2
1423950 472.3
1423960 472.3
1423970 472.6
1423980 472.9
1423990 472.9
1424000 473.2
1424010 473.3
1424020 473.3
1424030 473.2
1424040 473.0
1424050 473.0
1424060 472.1
1424070 471.1
1424080 471.1
1424090 470.5
1424100 470.2
1424110 470.2
1424120 470.0
1424130 470.1
1424140 470.1
1424150 470.0
1424160 469.9
1424170 469.9
1424180 469.9
1424190 469.9
1424200 469.9
1424210 469.9
1424220 469.9
1424230 469.9
1424240 469.9
1424250 469.9
1424260 469.9
1424270 469.9
1424280 469.8
1424290 469.8
1424300 469.8
1424310 469.8
1424320 469.8
1424330 469.9
1424340 470.1
1424350 470.1
1424360 470.5
1424370 471.3
1424380 471.3
1424390 472.5
1424400 473.3
1424410 473.3
1424420 473.7
1424430 473.9
1424440 473.9
1424450 474.0
1424460 474.1
1424470 474.1
1424480 474.2
1424490 474.2
1424500 474.2
1424510 474.2
1424520 474.1
1424530 474.1
1424540 474.0
1424550 474.0
1424560 474.0
1424570 474.1
1424580 474.5
1424590 474.5
1424600 474.6
1424610 474.7
1424620 474.7
1424630 474.9
1424640 475.1
1424650 475.1
1424660 475.3
1424670 475.6
1424680 475.6
1424690 475.9
1424700 476.2
1424710 476.2
1424720 476.6
1424730 476.9
1424740 476.9
1424750 477.4
1424760 477.8
1424770 477.8
1424780 478.2
1424790 478.7
1424800 478.7
1424810 479.0
1424820 479.5
1424830 479.5
1424840 480.1
1424850 480.6
1424860 480.6
1424870 481.0
1424880 481.2
1424890 481.2
1424900 481.3
1424910 481.4
1424920 481.4
1424930 481.5
1424940 481.5
1424950 481.5
1424960 481.5
1424970 481.4
1424980 481.4
1424990 481.1
1425000 481.0
1425010 481.0
1425020 480.6
1425030 480.5
1425040 480.5
1425050 480.5
1425060 480.6
1425070 480.6
1425080 480.7
1425090 480.8
1425100 480.8
1425110 481.0
1425120 481.1
1425130 481.1
1425140 480.9
1425150 480.4
1425160 480.4
1425170 479.8
1425180 479.3
1425190 479.3
1425200 478.9
1425210 478.6
1425220 478.6
1425230 478.5
1425240 478.5
1425250 478.5
1425260 478.3
1425270 478.1
1425280 477.9
1425290 477.9
1425300 477.7
1425310 477.6
1425320 477.6
1425330 477.7
1425340 477.8
1425350 477.8
1425360 478.2
1425370 478.6
1425380 478.6
1425390 478.7
1425400 478.8
1425410 478.8
1425420 478.9
1425430 478.8
1425440 478.8
1425450 478.8
1425460 478.8
1425470 478.8
1425480 478.8
1425490 478.9
1425500 478.9
1425510 478.8
1425520 478.5
1425530 478.5
1425540 478.0
1425550 477.5
1425560 477.5
1425570 477.3
1425580 477.4
1425590 477.4
1425600 477.6
1425610 477.9
1425620 477.9
1425630 478.3
1425640 478.7
1425650 478.7
1425660 479.1
1425670 479.3
1425680 479.3
1425690 479.3
1425700 479.2
1425710 479.2
1425720 479.1
1425730 479.0
1425740 479.0
1425750 479.0
1425760 479.1
1425770 479.1
1425780 479.0
1425790 479.0
1425800 479.0
1425810 478.9
1425820 478.9
1425830 478.9
1425840 478.8
1425850 478.7
1425860 478.7
1425870 478.5
1425880 478.0
1425890 478.0
1425900 477.3
1425910 476.3
1425920 476.3
1425930 475.0
1425940 473.9
1425950 474.2
1425960 473.0
1425970 471.7
1425980 471.7
1425990 470.6
1426000 469.6
1426010 469.6
1426020 468.7
1426030 468.0
1426040 468.0
1426050 467.1
1426060 466.4
1426070 466.4
1426080 465.8
1426090 464.8
1426100 464.8
1426110 463.7
1426120 462.8
1426130 462.8
1426140 462.1
1426150 461.4
1426160 461.4
1426170 461.3
1426180 460.2
1426190 460.2
1426200 459.1
1426210 458.0
1426220 458.0
1426230 457.1
1426240 456.5
1426250 456.5
1426260 456.0
1426270 455.5
1426280 455.5
1426290 454.9
1426300 454.3
1426310 454.3
1426320 453.8
1426330 452.7
1426340 452.7
1426350 451.7
1426360 450.8
1426370 450.8
1426380 449.8
1426390 448.8
1426400 448.8
1426410 447.8
1426420 446.7
1426430 446.7
1426440 445.9
1426450 445.2
1426460 445.2
1426470 444.4
1426480 443.6
1426490 443.6
1426500 442.9
1426510 442.0
1426520 442.0
1426530 441.0
1426540 440.9
1426550 440.9
1426560 441.0
1426570 441.1
1426580 441.1
1426590 442.6
1426600 446.2
1426610 446.2
1426620 450.2
1426630 452.0
1426640 452.0
1426650 453.2
1426660 454.9
1426670 454.9
1426680 457.0
1426690 459.7
1426700 459.7
1426710 462.2
1426720 463.5
1426730 463.9
1426740 463.9
1426750 464.1
1426760 464.2
1426770 464.2
1426780 464.3
1426790 464.3
1426800 464.3
1426810 464.5
1426820 464.7
1426830 464.7
1426840 464.8
1426850 464.9
1426860 464.9
1426870 464.8
1426880 464.1
1426890 464.1
1426900 463.4
1426910 462.2
1426920 462.2
1426930 462.1
1426940 462.9
1426950 462.9
1426960 463.3
1426970 463.6
1426980 463.6
1426990 463.8
1427000 464.1
1427010 464.1
1427020 464.4
1427030 464.5
1427040 464.5
1427050 464.5
1427060 464.5
1427070 464.5
1427080 464.5
1427090 464.7
1427100 464.7
1427110 465.3
1427120 466.0
1427130 466.0
1427140 466.5
1427150 466.9
1427160 466.9
1427170 467.2
1427180 467.7
1427190 467.7
1427200 469.2
1427210 470.5
1427220 470.5
1427230 471.0
1427240 471.4
1427250 471.4
1427260 471.9
1427270 472.4
1427280 472.4
1427290 472.9
1427300 473.2
1427310 473.2
1427320 473.6
1427330 473.8
1427340 473.8
1427350 473.8
1427360 473.9
1427370 473.9
1427380 474.1
1427390 474.5
1427400 474.5
1427410 474.8
1427420 475.2
1427430 475.2
1427440 475.5
1427450 475.6
1427460 475.6
1427470 475.4
1427480 475.1
1427490 475.1
1427500 474.6
1427510 474.1
1427520 474.1
1427530 473.6
1427540 473.1
1427550 473.1
1427560 472.8
1427570 472.6
1427580 472.6
1427590 472.5
1427600 472.6
1427610 472.6
1427620 472.6
1427630 472.7
1427640 472.7
1427650 473.0
1427660 473.4
1427670 473.4
1427680 473.8
1427690 474.1
1427700 474.1
1427710 474.3
1427720 474.4
1427730 474.4
1427740 474.6
1427750 474.8
1427760 474.8
1427770 475.1
1427780 475.3
1427790 475.3
1427800 475.5
1427810 475.7
1427820 475.7
1427830 475.8
1427840 475.9
1427850 475.9
1427860 476.8
1427870 477.3
1427880 477.3
1427890 477.4
1427900 477.2
1427910 477.2
1427920 476.8
1427930 476.4
1427940 476.4
1427950 475.9
1427960 475.3
1427970 475.3
1427980 474.7
1427990 474.4
1428000 474.4
1428010 474.3
1428020 474.2
1428030 474.2
1428040 474.3
1428050 474.4
1428060 474.4
1428070 474.7
1428080 475.1
1428090 475.1
1428100 475.4
1428110 475.7
1428120 475.7
1428130 476.0
1428140 476.3
1428150 476.5
1428160 476.5
1428170 476.7
1428180 476.9
1428190 476.9
1428200 477.0
1428210 477.3
1428220 477.3
1428230 477.4
1428240 477.6
1428250 477.6
1428260 477.7
1428270 477.8
1428280 477.8
1428290 478.0
1428300 478.0
1428310 478.0
1428320 477.9
1428330 477.5
1428340 477.5
1428350 477.0
1428360 476.4
1428370 476.4
1428380 475.7
1428390 475.2
1428400 475.2
1428410 474.8
1428420 474.5
1428430 474.5
1428440 474.4
1428450 474.3
1428460 474.3
1428470 474.4
1428480 474.6
1428490 474.6
1428500 474.8
1428510 475.0
1428520 475.0
1428530 475.2
1428540 475.4
1428550 475.4
1428560 475.5
1428570 475.5
1428580 475.5
1428590 475.5
1428600 475.4
1428610 475.4
1428620 475.3
1428630 475.1
1428640 475.1
1428650 474.9
1428660 474.6
1428670 474.6
1428680 474.2
1428690 473.9
1428700 473.9
1428710 473.5
1428720 473.1
1428730 473.1
1428740 472.8
1428750 472.6
1428760 472.6
1428770 472.3
1428780 472.1
1428790 472.1
1428800 472.0
1428810 471.9
1428820 471.9
1428830 472.0
1428840 471.8
1428850 471.8
1428860 471.6
1428870 471.4
1428880 471.4
1428890 471.3
1428900 471.1
1428910 471.1
1428920 470.9
1428930 470.7
1428940 470.7
1428950 470.3
1428960 469.9
1428970 469.9
1428980 469.7
1428990 469.7
1429000 469.7
1429010 469.7
1429020 469.7
1429030 469.7
1429040 469.7
1429050 469.7
1429060 469.7
1429070 469.7
1429080 469.7
1429090 469.7
1429100 469.7
1429110 469.7
1429120 469.7
1429130 469.7
1429140 469.7
1429150 469.7
1429160 469.7
1429170 469.8
1429180 469.8
1429190 469.9
1429200 470.0
1429210 470.0
1429220 470.0
1429230 470.0
1429240 470.0
1429250 470.1
1429260 470.0
1429270 470.0
1429280 470.0
1429290 470.0
1429300 470.0
1429310 470.4
1429320 471.3
1429330 471.3
1429340 472.4
1429350 473.3
1429360 473.3
1429370 474.4
1429380 475.6
1429390 475.6
1429400 476.8
1429410 477.4
1429420 477.4
1429430 477.6
1429440 477.2
1429450 477.2
1429460 476.2
1429470 475.4
1429480 475.4
1429490 475.4
1429500 476.2
1429510 476.2
1429520 477.5
1429530 477.8
1429540 477.8
1429550 479.9
1429560 481.7
1429570 481.7
1429580 481.5
1429590 481.0
1429600 480.5
1429610 480.5
1429620 480.2
1429630 480.1
1429640 480.1
1429650 479.8
1429660 479.0
1429670 479.0
1429680 478.1
1429690 477.0
1429700 477.0
1429710 476.5
1429720 476.8
1429730 476.8
1429740 477.6
1429750 478.4
1429760 478.4
1429770 478.6
1429780 478.5
1429790 478.5
1429800 478.1
1429810 477.8
1429820 477.8
1429830 477.4
1429840 477.1
1429850 477.1
1429860 476.2
1429870 475.4
1429880 475.4
1429890 475.3
1429900 475.3
1429910 475.3
1429920 474.8
1429930 473.9
1429940 473.9
1429950 473.1
1429960 472.8
1429970 472.8
1429980 473.3
1429990 473.7
1430000 473.7
1430010 473.4
1430020 472.7
1430030 472.7
1430040 472.1
1430050 471.9
1430060 471.9
1430070 472.4
1430080 473.6
1430090 473.6
1430100 474.3
1430110 474.6
1430120 474.6
1430130 474.5
1430140 474.3
1430150 474.3
1430160 474.8
1430170 476.3
1430180 476.3
1430190 478.4
1430200 480.0
1430210 480.0
1430220 480.2
1430230 480.1
1430240 480.1
1430250 480.2
1430260 480.2
1430270 480.2
1430280 479.9
1430290 479.5
1430300 479.5
1430310 479.0
1430320 478.9
1430330 478.9
1430340 478.5
1430350 477.7
1430360 477.7
1430370 477.0
1430380 476.7
1430390 476.7
1430400 477.0
1430410 477.4
1430420 477.4
1430430 477.8
1430440 477.8
1430450 477.8
1430460 477.9
1430470 478.2
1430480 478.2
1430490 478.1
1430500 477.7
1430510 477.7
1430520 477.6
1430530 478.0
1430540 478.0
1430550 477.8
1430560 478.0
1430570 478.0
1430580 478.0
1430590 478.0
1430600 478.0
1430610 478.3
1430620 478.3
1430630 478.3
1430640 477.9
1430650 477.5
1430660 477.5
1430670 477.0
1430680 476.8
1430690 476.8
1430700 476.7
1430710 476.8
1430720 476.8
1430730 476.8
1430740 476.9
1430750 476.9
1430760 477.0
1430770 477.2
1430780 477.2
1430790 477.2
1430800 476.7
1430810 476.7
1430820 476.4
1430830 476.6
1430840 476.6
1430850 476.9
1430860 477.2
1430870 477.2
1430880 477.6
1430890 477.9
1430900 477.9
1430910 478.1
1430920 478.2
1430930 478.2
1430940 477.9
1430950 477.2
1430960 477.2
1430970 476.6
1430980 476.0
1430990 476.0
1431000 475.7
1431010 475.8
1431020 476.2
1431030 476.2
1431040 476.1
1431050 475.9
1431060 475.9
1431070 475.4
1431080 475.2
1431090 475.2
1431100 475.2
1431110 475.2
1431120 475.2
1431130 474.8
1431140 474.6
1431150 474.6
1431160 475.3
1431170 475.2
1431180 475.2
1431190 474.8
1431200 474.0
1431210 474.0
1431220 472.8
1431230 471.5
1431240 471.5
1431250 470.5
1431260 470.2
1431270 470.2
1431280 469.9
1431290 469.4
1431300 469.4
1431310 468.7
1431320 468.4
1431330 468.4
1431340 468.5
1431350 469.9
1431360 469.9
1431370 471.2
1431380 472.4
1431390 472.4
1431400 473.4
1431410 473.2
1431420 473.2
1431430 473.1
1431440 472.9
1431450 472.9
1431460 472.7
1431470 472.4
1431480 472.4
1431490 472.4
1431500 472.9
1431510 472.9
1431520 473.3
1431530 473.4
1431540 473.4
1431550 473.4
1431560 473.1
1431570 473.1
1431580 472.4
1431590 471.7
1431600 471.7
1431610 470.9
1431620 470.0
1431630 470.0
1431640 469.4
1431650 469.1
1431660 469.1
1431670 468.9
1431680 468.8
1431690 468.8
1431700 468.7
1431710 468.6
1431720 468.6
1431730 468.6
1431740 468.6
1431750 468.6
1431760 468.5
1431770 468.4
1431780 468.4
1431790 468.6
1431800 469.1
1431810 469.1
1431820 469.7
1431830 470.2
1431840 470.2
1431850 470.6
1431860 470.5
1431870 470.5
1431880 470.3
1431890 469.7
1431900 469.7
1431910 469.0
1431920 468.6
1431930 468.6
1431940 468.4
1431950 468.4
1431960 468.4
1431970 468.3
1431980 468.1
1431990 468.1
1432000 467.8
1432010 467.6
1432020 467.6
1432030 467.3
1432040 466.6
1432050 466.6
1432060 465.1
1432070 463.9
1432080 463.9
1432090 463.2
1432100 462.8
1432110 462.8
1432120 462.2
1432130 461.4
1432140 461.4
1432150 461.0
1432160 460.2
1432170 460.2
1432180 458.8
1432190 457.0
1432200 457.0
1432210 455.4
1432220 454.3
1432230 454.3
1432240 453.3
1432250 453.0
1432260 453.0
1432270 452.9
1432280 452.6
1432290 452.6
1432300 452.4
1432310 452.1
1432320 452.1
1432330 451.6
1432340 451.5
1432350 451.5
1432360 451.7
1432370 453.0
1432380 453.0
1432390 456.3
1432400 459.6
1432410 459.6
1432420 461.7
1432430 462.6
1432440 462.6
1432450 464.5
1432460 466.7
1432470 468.2
1432480 468.2
1432490 468.2
1432500 466.2
1432510 466.2
1432520 462.6
1432530 459.6
1432540 459.6
1432550 458.0
1432560 457.1
1432570 457.1
1432580 456.5
1432590 456.0
1432600 456.0
1432610 455.7
1432620 455.4
1432630 455.4
1432640 455.1
1432650 455.2
1432660 455.2
1432670 455.4
1432680 455.4
1432690 455.4
1432700 455.3
1432710 454.8
1432720 454.8
1432730 453.8
1432740 453.7
1432750 453.7
1432760 453.8
1432770 453.9
1432780 453.9
1432790 453.9
1432800 453.9
1432810 453.9
1432820 454.1
1432830 454.2
1432840 454.2
1432850 454.6
1432860 455.2
1432870 455.2
1432880 455.7
1432890 455.9
1432900 455.9
1432910 455.9
1432920 455.8
1432930 455.8
1432940 454.9
1432950 453.9
1432960 453.9
1432970 454.2
1432980 455.0
1432990 455.0
1433000 456.1
1433010 456.7
1433020 456.7
1433030 456.8
1433040 456.8
1433050 456.8
1433060 456.8
1433070 457.0
1433080 457.0
1433090 457.3
1433100 457.5
1433110 457.5
1433120 457.5
1433130 457.5
1433140 457.5
1433150 457.5
1433160 457.4
1433170 457.4
1433180 457.3
1433190 457.4
1433200 457.4
1433210 457.8
1433220 458.0
1433230 458.0
1433240 458.1
1433250 458.4
1433260 458.4
1433270 458.8
1433280 459.4
1433290 459.4
1433300 460.6
1433310 462.4
1433320 462.4
1433330 464.3
1433340 465.7
1433350 465.7
1433360 466.4
1433370 467.0
1433380 467.0
1433390 467.4
1433400 467.7
1433410 467.7
1433420 467.8
1433430 468.1
1433440 468.1
1433450 468.2
1433460 468.0
1433470 468.0
1433480 468.1
1433490 468.0
1433500 468.0
1433510 468.0
1433520 468.3
1433530 468.3
1433540 468.5
1433550 468.7
1433560 468.7
1433570 469.0
1433580 469.1
1433590 469.1
1433600 469.2
1433610 469.0
1433620 469.0
1433630 469.1
1433640 469.0
1433650 469.0
1433660 469.1
1433670 469.0
1433680 469.0
1433690 468.8
1433700 468.8
1433710 468.8
1433720 469.0
1433730 469.3
1433740 469.3
1433750 469.3
1433760 469.2
1433770 469.2
1433780 469.0
1433790 469.0
1433800 469.0
1433810 469.0
1433820 469.0
1433830 469.0
1433840 469.1
1433850 469.3
1433860 469.3
1433870 469.5
1433880 469.7
1433890 469.8
1433900 469.8
1433910 469.9
1433920 469.9
1433930 469.9
1433940 469.8
1433950 469.8
1433960 469.8
1433970 470.0
1433980 470.1
1433990 470.1
1434000 470.1
1434010 470.4
1434020 470.4
1434030 470.4
1434040 470.6
1434050 470.6
1434060 470.7
1434070 470.7
1434080 470.7
1434090 470.7
1434100 470.7
1434110 470.7
1434120 470.7
1434130 470.6
1434140 470.6
1434150 470.6
1434160 470.5
1434170 470.5
1434180 470.6
1434190 470.6
1434200 470.6
1434210 470.6
1434220 470.8
1434230 470.8
1434240 470.7
1434250 470.6
1434260 470.6
1434270 470.7
1434280 470.9
1434290 470.9
1434300 470.8
1434310 470.6
1434320 470.6
1434330 470.8
1434340 471.3
1434350 471.3
1434360 471.8
1434370 472.0
1434380 472.0
1434390 472.1
1434400 472.4
1434410 472.4
1434420 472.5
1434430 472.5
1434440 472.5
1434450 472.5
1434460 472.6
1434470 472.6
1434480 472.4
1434490 472.4
1434500 472.4
1434510 473.0
1434520 474.1
1434530 474.1
1434540 474.8
1434550 475.1
1434560 475.1
1434570 475.4
1434580 475.7
1434590 475.7
1434600 475.8
1434610 475.8
1434620 475.8
1434630 475.8
1434640 475.9
1434650 475.9
1434660 475.9
1434670 475.9
1434680 475.9
1434690 475.5
1434700 475.3
1434710 475.3
1434720 475.4
1434730 475.8
1434740 475.8
1434750 476.6
1434760 477.7
1434770 477.7
1434780 478.2
1434790 478.7
1434800 478.7
1434810 479.3
1434820 479.2
1434830 479.2
1434840 478.2
1434850 477.6
1434860 477.6
1434870 477.4
1434880 477.4
1434890 477.4
1434900 477.5
1434910 478.0
1434920 478.0
1434930 478.7
1434940 478.8
1434950 478.8
1434960 479.1
1434970 479.3
1434980 479.3
1434990 479.1
1435000 479.0
1435010 479.0
1435020 478.8
1435030 478.6
1435040 478.6
1435050 478.1
1435060 477.4
1435070 477.4
1435080 476.1
1435090 475.6
1435100 475.6
1435110 476.0
1435120 476.9
1435130 476.9
1435140 477.2
1435150 477.2
1435160 477.2
1435170 477.1
1435180 477.2
1435190 477.2
1435200 477.3
1435210 477.4
1435220 477.4
1435230 477.6
1435240 478.0
1435250 478.0
1435260 477.9
1435270 477.2
1435280 477.2
1435290 476.5
1435300 476.5
1435310 476.5
1435320 476.2
1435330 475.2
1435340 473.7
1435350 473.7
1435360 472.2
1435370 471.1
1435380 471.1
1435390 470.4
1435400 470.0
1435410 470.0
1435420 469.8
1435430 470.1
1435440 470.1
1435450 470.4
1435460 470.9
1435470 470.9
1435480 471.6
1435490 472.3
1435500 472.3
1435510 472.9
1435520 473.1
1435530 473.1
1435540 473.0
1435550 472.5
1435560 472.5
1435570 472.6
1435580 473.2
1435590 473.2
1435600 473.7
1435610 474.0
1435620 474.0
1435630 474.4
1435640 474.8
1435650 474.8
1435660 475.0
1435670 475.3
1435680 475.3
1435690 475.9
1435700 476.4
1435710 476.4
1435720 476.3
1435730 475.8
1435740 475.8
1435750 475.4
1435760 475.4
1435770 475.4
1435780 475.9
1435790 476.0
1435800 476.0
1435810 475.8
1435820 476.9
1435830 476.9
1435840 479.5
1435850 481.0
1435860 481.0
1435870 480.7
1435880 478.8
1435890 478.8
1435900 476.6
1435910 476.3
1435920 476.3
1435930 476.5
1435940 477.4
1435950 477.4
1435960 477.4
1435970 476.7
1435980 476.7
1435990 476.2
1436000 475.7
1436010 475.7
1436020 475.2
1436030 475.7
1436040 475.7
1436050 476.0
1436060 475.7
1436070 475.7
1436080 475.1
1436090 475.8
1436100 475.8
1436110 476.7
1436120 477.1
1436130 477.1
1436140 477.0
1436150 478.1
1436160 478.1
1436170 479.0
1436180 479.3
1436190 479.3
1436200 479.1
1436210 479.2
1436220 479.2
1436230 479.2
1436240 479.2
1436250 479.2
1436260 479.3
1436270 479.4
1436280 479.4
1436290 479.3
1436300 479.3
1436310 479.3
1436320 479.5
1436330 479.6
1436340 479.6
1436350 479.5
1436360 478.6
1436370 478.6
1436380 478.3
1436390 478.6
1436400 478.6
1436410 479.4
1436420 479.8
1436430 479.8
1436440 480.2
1436450 481.2
1436460 481.2
1436470 482.5
1436480 482.9
1436490 482.9
1436500 482.8
1436510 482.6
1436520 482.6
1436530 482.4
1436540 482.3
1436550 482.3
1436560 482.4
1436570 482.6
1436580 482.6
1436590 482.9
1436600 483.0
1436610 483.0
1436620 483.0
1436630 482.8
1436640 482.8
1436650 482.2
1436660 481.7
1436670 481.7
1436680 481.5
1436690 481.7
1436700 481.7
1436710 481.9
1436720 482.2
1436730 482.2
1436740 482.2
1436750 481.9
1436760 481.8
1436770 481.8
1436780 481.7
1436790 481.5
1436800 481.5
1436810 481.2
1436820 481.1
1436830 481.1
1436840 481.4
1436850 481.8
1436860 481.8
1436870 482.0
1436880 482.0
1436890 482.0
1436900 482.0
1436910 481.8
1436920 481.8
1436930 481.6
1436940 481.4
1436950 481.4
1436960 481.4
1436970 481.8
1436980 481.8
1436990 482.1
1437000 482.1
1437010 482.1
1437020 482.1
1437030 482.3
1437040 482.3
1437050 482.5
1437060 482.8
1437070 482.8
1437080 482.8
1437090 482.8
1437100 482.8
1437110 482.9
1437120 483.2
1437130 483.2
1437140 483.1
1437150 482.9
1437160 482.9
1437170 482.9
1437180 483.2
1437190 483.2
1437200 483.6
1437210 483.7
1437220 483.7
1437230 483.5
1437240 483.3
1437250 483.3
1437260 483.2
1437270 483.2
1437280 483.2
1437290 483.2
1437300 483.3
1437310 483.3
1437320 483.6
1437330 483.9
1437340 483.9
1437350 484.3
1437360 484.8
1437370 484.8
1437380 485.2
1437390 485.3
1437400 485.3
1437410 485.1
1437420 484.8
1437430 484.8
1437440 485.3
1437450 485.9
1437460 485.9
1437470 486.6
1437480 486.8
1437490 486.8
1437500 485.9
1437510 484.9
1437520 484.9
1437530 484.7
1437540 484.6
1437550 484.6
1437560 484.3
1437570 484.1
1437580 484.1
1437590 483.9
1437600 483.9
1437610 483.9
1437620 484.0
1437630 484.0
1437640 484.0
1437650 483.9
1437660 483.8
1437670 483.8
1437680 483.9
1437690 483.8
1437700 483.8
1437710 483.8
1437720 483.8
1437730 483.8
1437740 483.9
1437750 483.8
1437760 483.8
1437770 483.6
1437780 483.1
1437790 483.1
1437800 482.6
1437810 482.4
1437820 482.4
1437830 482.5
1437840 482.3
1437850 482.3
1437860 482.3
1437870 482.7
1437880 482.7
1437890 483.2
1437900 483.6
1437910 483.6
1437920 483.7
1437930 483.9
1437940 483.9
1437950 484.0
1437960 484.1
1437970 484.1
1437980 484.2
1437990 484.3
1438000 484.3
1438010 484.3
1438020 484.3
1438030 484.3
1438040 484.2
1438050 484.0
1438060 484.0
1438070 484.0
1438080 483.7
1438090 483.7
1438100 483.5
1438110 483.8
1438120 483.8
1438130 484.3
1438140 484.6
1438150 484.6
1438160 484.9
1438170 485.7
1438180 485.7
1438190 486.5
1438200 486.8
1438210 487.0
1438220 487.0
1438230 487.0
1438240 487.0
1438250 487.0
1438260 487.1
1438270 487.3
1438280 487.3
1438290 487.4
1438300 487.4
1438310 487.4
1438320 487.6
1438330 487.7
1438340 487.7
1438350 487.8
1438360 487.9
1438370 487.9
1438380 488.0
1438390 488.1
1438400 488.1
1438410 488.2
1438420 488.3
1438430 488.3
1438440 488.4
1438450 488.4
1438460 488.4
1438470 488.3
1438480 488.4
1438490 488.4
1438500 488.5
1438510 488.6
1438520 488.6
1438530 488.6
1438540 488.6
1438550 488.6
1438560 488.6
1438570 488.6
1438580 488.6
1438590 488.6
1438600 488.6
1438610 488.6
1438620 488.7
1438630 488.7
1438640 488.7
1438650 488.6
1438660 488.6
1438670 488.6
1438680 488.5
1438690 488.5
1438700 488.5
1438710 488.5
1438720 488.1
1438730 488.1
1438740 486.8
1438750 485.5
1438760 485.5
1438770 484.8
1438780 484.6
1438790 484.6
1438800 484.6
1438810 484.5
1438820 484.5
1438830 484.5
1438840 484.4
1438850 484.4
1438860 484.3
1438870 483.4
1438880 483.4
1438890 482.2
1438900 481.8
1438910 481.8
1438920 481.8
1438930 481.7
1438940 481.7
1438950 481.5
1438960 481.1
1438970 481.1
1438980 480.9
1438990 480.5
1439000 480.5
1439010 480.4
1439020 480.5
1439030 480.5
1439040 480.6
1439050 480.7
1439060 480.7
1439070 480.6
1439080 480.7
1439090 480.7
1439100 481.1
1439110 482.6
1439120 482.6
1439130 485.3
1439140 487.9
1439150 487.9
1439160 489.2
1439170 489.5
1439180 489.5
1439190 489.6
1439200 489.7
1439210 489.7
1439220 489.9
1439230 490.1
1439240 490.1
1439250 490.3
1439260 490.5
1439270 490.5
1439280 490.6
1439290 490.7
1439300 490.7
1439310 490.8
1439320 491.0
1439330 491.0
1439340 491.1
1439350 491.3
1439360 491.3
1439370 491.4
1439380 491.6
1439390 491.6
1439400 491.7
1439410 491.8
1439420 491.8
1439430 492.0
1439440 492.2
1439450 492.2
1439460 492.4
1439470 492.8
1439480 492.8
1439490 493.2
1439500 493.4
1439510 493.4
1439520 493.5
1439530 493.5
1439540 493.5
1439550 493.7
1439560 494.2
1439570 494.2
1439580 495.4
1439590 497.8
1439600 497.8
1439610 500.2
1439620 501.8
1439630 503.6
1439640 503.6
1439650 505.1
1439660 507.1
1439670 507.1
1439680 509.2
1439690 510.7
1439700 510.7
1439710 512.2
1439720 513.7
1439730 513.7
1439740 515.1
1439750 516.4
1439760 516.4
1439770 518.0
1439780 518.0
1439790 518.0
1439800 516.1
1439810 513.7
1439820 513.7
1439830 509.9
1439840 506.0
1439850 506.0
1439860 503.5
1439870 500.9
1439880 500.9
1439890 498.1
1439900 495.7
1439910 495.7
1439920 494.1
1439930 493.0
1439940 493.0
1439950 492.2
1439960 491.3
1439970 491.3
1439980 490.3
1439990 488.9
