1420000 366.3
1420010 366.3
1420020 366.2
1420030 366.1
1420040 366.1
1420050 366.0
1420060 365.9
1420070 365.9
1420080 365.8
1420090 365.7
1420100 365.7
1420110 365.8
1420120 365.9
1420130 365.9
1420140 365.7
1420150 366.4
1420160 366.4
1420170 366.6
1420180 366.7
1420190 366.7
1420200 366.9
1420210 367.2
1420220 367.2
1420230 367.5
1420240 368.0
1420250 368.0
1420260 368.8
1420270 371.7
1420280 371.7
1420290 375.5
1420300 379.6
1420310 379.6
1420320 384.5
1420330 386.7
1420340 386.7
1420350 386.9
1420360 386.5
1420370 386.5
1420380 386.8
1420390 388.4
1420400 388.4
1420410 389.8
1420420 391.7
1420430 391.7
1420440 393.1
1420450 394.8
1420460 394.8
1420470 396.3
1420480 397.3
1420490 397.3
1420500 397.8
1420510 398.9
1420520 398.9
1420530 401.2
1420540 403.4
1420550 403.4
1420560 406.3
1420570 409.3
1420580 409.3
1420590 411.5
1420600 414.3
1420610 414.3
1420620 416.1
1420630 417.1
1420640 417.1
1420650 417.9
1420660 419.0
1420670 419.0
1420680 422.5
1420690 427.5
1420700 427.5
1420710 432.5
1420720 440.0
1420730 440.0
1420740 445.7
1420750 447.7
1420760 447.7
1420770 450.4
1420780 453.5
1420790 453.5
1420800 454.0
1420810 454.7
1420820 454.7
1420830 458.6
1420840 465.8
1420850 465.8
1420860 473.7
1420870 476.5
1420880 476.5
1420890 476.9
1420900 477.2
1420910 477.2
1420920 477.2
1420930 477.3
1420940 477.3
1420950 477.5
1420960 477.6
1420970 477.6
1420980 477.5
1420990 477.4
1421000 477.4
1421010 477.6
1421020 477.7
1421030 477.7
1421040 477.9
1421050 477.8
1421060 477.8
1421070 477.7
1421080 477.8
1421090 477.8
1421100 477.9
1421110 478.1
1421120 478.2
1421130 478.2
1421140 478.1
1421150 478.1
1421160 478.1
1421170 478.1
1421180 478.1
1421190 478.1
1421200 478.1
1421210 478.3
1421220 478.3
1421230 478.5
1421240 478.6
1421250 478.6
1421260 478.8
1421270 479.0
1421280 479.0
1421290 479.4
1421300 479.8
1421310 479.8
1421320 480.3
1421330 480.7
1421340 480.7
1421350 481.2
1421360 481.7
1421370 481.7
1421380 482.2
1421390 482.6
1421400 482.6
1421410 482.9
1421420 483.3
1421430 483.3
1421440 483.7
1421450 484.0
1421460 484.0
1421470 484.3
1421480 484.6
1421490 484.6
1421500 484.8
1421510 485.2
1421520 485.2
1421530 485.6
1421540 486.1
1421550 486.1
1421560 486.6
1421570 487.3
1421580 487.3
1421590 487.9
1421600 488.4
1421610 488.4
1421620 488.7
1421630 488.7
1421640 488.7
1421650 488.3
1421660 487.7
1421670 487.7
1421680 487.1
1421690 486.6
1421700 486.6
1421710 486.1
1421720 485.3
1421730 485.3
1421740 484.6
1421750 484.0
1421760 484.0
1421770 483.6
1421780 483.2
1421790 483.2
1421800 482.9
1421810 482.8
1421820 482.8
1421830 482.7
1421840 482.7
1421850 482.7
1421860 482.7
1421870 482.8
1421880 482.8
1421890 482.9
1421900 483.0
1421910 483.0
1421920 483.1
1421930 483.3
1421940 483.3
1421950 483.5
1421960 483.7
1421970 483.7
1421980 483.9
1421990 484.3
1422000 484.3
1422010 484.7
1422020 485.2
1422030 485.2
1422040 485.4
1422050 485.6
1422060 485.6
1422070 485.9
1422080 486.5
1422090 486.5
1422100 486.8
1422110 487.1
1422120 487.1
1422130 487.3
1422140 487.4
1422150 487.4
1422160 487.3
1422170 487.1
1422180 487.1
1422190 486.7
1422200 486.5
1422210 486.5
1422220 486.2
1422230 485.7
1422240 485.7
1422250 485.2
1422260 484.3
1422270 484.3
1422280 483.4
1422290 482.8
1422300 482.8
1422310 482.4
1422320 482.1
1422330 482.1
1422340 481.8
1422350 481.7
1422360 481.7
1422370 481.5
1422380 480.9
1422390 480.9
1422400 480.6
1422410 480.5
1422420 480.5
1422430 480.5
1422440 480.5
1422450 480.5
1422460 480.4
1422470 480.3
1422480 480.3
1422490 480.2
1422500 480.2
1422510 480.2
1422520 480.1
1422530 479.9
1422540 479.9
1422550 479.8
1422560 479.6
1422570 479.6
1422580 479.4
1422590 479.2
1422600 479.0
1422610 479.0
1422620 478.9
1422630 478.9
1422640 478.9
1422650 478.7
1422660 478.4
1422670 478.4
1422680 478.2
1422690 477.9
1422700 477.9
1422710 477.7
1422720 477.5
1422730 477.5
1422740 477.3
1422750 477.1
1422760 477.1
1422770 477.1
1422780 476.7
1422790 476.7
1422800 476.6
1422810 476.6
1422820 476.6
1422830 476.8
1422840 477.1
1422850 477.1
1422860 477.4
1422870 477.6
1422880 477.6
1422890 477.9
1422900 477.9
1422910 477.9
1422920 477.2
1422930 477.0
1422940 477.0
1422950 477.1
1422960 477.7
1422970 477.7
1422980 477.9
1422990 477.8
1423000 477.8
1423010 477.9
1423020 477.9
1423030 477.9
1423040 477.8
1423050 477.8
1423060 477.8
1423070 477.7
1423080 477.6
1423090 477.6
1423100 477.6
1423110 477.7
1423120 477.8
1423130 477.9
1423140 478.0
1423150 478.0
1423160 478.1
1423170 478.1
1423180 478.1
1423190 478.2
1423200 478.3
1423210 478.3
1423220 478.4
1423230 478.4
1423240 478.4
1423250 478.5
1423260 478.6
1423270 478.6
1423280 478.6
1423290 478.6
1423300 478.6
1423310 478.7
1423320 478.7
1423330 478.7
1423340 478.6
1423350 478.6
1423360 478.6
1423370 478.5
1423380 478.4
1423390 478.4
1423400 478.2
1423410 478.1
1423420 478.1
1423430 478.1
1423440 478.1
1423450 478.1
1423460 478.0
1423470 477.7
1423480 477.7
1423490 477.6
1423500 477.5
1423510 477.5
1423520 477.3
1423530 477.3
1423540 477.3
1423550 476.9
1423560 476.4
1423570 476.4
1423580 476.1
1423590 476.5
1423600 476.5
1423610 476.1
1423620 475.1
1423630 475.1
1423640 475.9
1423650 476.4
1423660 476.4
1423670 476.5
1423680 476.7
1423690 476.7
1423700 476.9
1423710 477.2
1423720 477.2
1423730 477.4
1423740 477.7
1423750 477.7
1423760 477.7
1423770 477.7
1423780 477.7
1423790 477.8
1423800 477.8
1423810 477.8
1423820 477.6
1423830 477.4
1423840 477.4
1423850 477.3
1423860 477.1
1423870 477.1
1423880 477.1
1423890 477.1
1423900 477.1
1423910 477.3
1423920 477.7
1423930 477.7
1423940 478.2
1423950 478.7
1423960 478.7
1423970 478.8
1423980 478.8
1423990 478.8
1424000 478.7
1424010 478.5
1424020 478.5
1424030 477.9
1424040 477.2
1424050 476.3
1424060 476.3
1424070 475.4
1424080 474.6
1424090 474.6
1424100 474.1
1424110 473.9
1424120 473.9
1424130 473.8
1424140 473.7
1424150 473.7
1424160 473.5
1424170 473.4
1424180 473.4
1424190 473.4
1424200 473.5
1424210 473.5
1424220 473.7
1424230 474.1
1424240 474.1
1424250 474.6
1424260 474.9
1424270 474.9
1424280 475.1
1424290 475.3
1424300 475.3
1424310 475.5
1424320 475.8
1424330 475.8
1424340 476.0
1424350 476.1
1424360 476.1
1424370 476.2
1424380 476.3
1424390 476.3
1424400 476.3
1424410 476.2
1424420 476.2
1424430 476.1
1424440 475.9
1424450 475.9
1424460 475.8
1424470 475.8
1424480 475.8
1424490 475.8
1424500 475.8
1424510 475.8
1424520 476.0
1424530 476.3
1424540 476.3
1424550 476.5
1424560 476.8
1424570 476.8
1424580 477.0
1424590 478.1
1424600 478.1
1424610 479.6
1424620 480.9
1424630 480.9
1424640 481.7
1424650 482.0
1424660 482.0
1424670 482.9
1424680 483.8
1424690 483.8
1424700 484.2
1424710 484.4
1424720 484.4
1424730 484.7
1424740 484.8
1424750 484.8
1424760 485.0
1424770 485.3
1424780 485.3
1424790 485.9
1424800 486.7
1424810 486.7
1424820 487.6
1424830 488.2
1424840 488.2
1424850 488.7
1424860 489.2
1424870 489.2
1424880 489.5
1424890 489.5
1424900 489.5
1424910 489.4
1424920 488.9
1424930 488.9
1424940 488.6
1424950 488.8
1424960 488.8
1424970 489.0
1424980 489.1
1424990 489.1
1425000 489.0
1425010 488.8
1425020 488.8
1425030 488.8
1425040 488.8
1425050 488.8
1425060 488.8
1425070 488.7
1425080 488.7
1425090 488.6
1425100 488.5
1425110 488.5
1425120 488.2
1425130 488.0
1425140 488.0
1425150 487.7
1425160 487.4
1425170 487.4
1425180 487.1
1425190 486.4
1425200 486.4
1425210 485.7
1425220 485.2
1425230 485.2
1425240 484.9
1425250 484.6
1425260 483.9
1425270 483.6
1425280 483.2
1425290 483.2
1425300 482.8
1425310 482.4
1425320 482.4
1425330 482.4
1425340 482.1
1425350 482.1
1425360 481.6
1425370 481.1
1425380 481.1
1425390 480.8
1425400 480.7
1425410 480.7
1425420 480.5
1425430 480.4
1425440 480.4
1425450 480.3
1425460 480.3
1425470 480.3
1425480 480.3
1425490 480.3
1425500 480.3
1425510 480.3
1425520 480.4
1425530 480.6
1425540 480.6
1425550 480.6
1425560 480.5
1425570 480.5
1425580 480.5
1425590 480.6
1425600 480.6
1425610 480.6
1425620 480.6
1425630 480.6
1425640 480.5
1425650 480.3
1425660 480.3
1425670 480.1
1425680 479.8
1425690 479.8
1425700 479.6
1425710 479.4
1425720 479.4
1425730 479.3
1425740 479.2
1425750 479.2
1425760 479.3
1425770 478.9
1425780 478.9
1425790 478.6
1425800 478.5
1425810 478.5
1425820 478.3
1425830 478.0
1425840 478.0
1425850 477.7
1425860 477.4
1425870 477.4
1425880 477.1
1425890 476.8
1425900 476.8
1425910 476.3
1425920 475.8
1425930 475.8
1425940 475.2
1425950 474.6
1425960 474.6
1425970 473.9
1425980 473.0
1425990 473.0
1426000 472.1
1426010 471.4
1426020 471.4
1426030 470.8
1426040 470.2
1426050 470.2
1426060 469.7
1426070 469.4
1426080 469.4
1426090 469.0
1426100 468.5
1426110 468.5
1426120 468.1
1426130 467.8
1426140 467.8
1426150 467.5
1426160 467.2
1426170 467.2
1426180 466.9
1426190 466.6
1426200 466.6
1426210 466.3
1426220 466.0
1426230 466.0
1426240 465.8
1426250 465.6
1426260 465.6
1426270 465.4
1426280 465.2
1426290 465.2
1426300 465.2
1426310 465.2
1426320 465.2
1426330 465.3
1426340 465.1
1426350 465.1
1426360 464.9
1426370 464.8
1426380 464.8
1426390 464.7
1426400 464.6
1426410 464.6
1426420 464.4
1426430 464.4
1426440 464.4
1426450 464.3
1426460 464.3
1426470 464.3
1426480 464.2
1426490 464.2
1426500 464.2
1426510 464.2
1426520 464.2
1426530 464.2
1426540 464.2
1426550 464.3
1426560 464.3
1426570 464.2
1426580 464.2
1426590 464.2
1426600 464.1
1426610 464.0
1426620 464.0
1426630 463.9
1426640 464.1
1426650 464.1
1426660 463.7
1426670 463.3
1426680 463.3
1426690 463.0
1426700 462.8
1426710 462.8
1426720 462.8
1426730 462.9
1426740 462.9
1426750 463.0
1426760 463.1
1426770 463.1
1426780 463.2
1426790 463.2
1426800 463.2
1426810 463.2
1426820 463.0
1426830 463.0
1426840 462.9
1426850 462.6
1426860 462.6
1426870 462.1
1426880 461.1
1426890 461.1
1426900 459.6
1426910 458.3
1426920 458.3
1426930 457.0
1426940 456.3
1426950 456.3
1426960 456.2
1426970 456.4
1426980 457.8
1426990 457.8
1427000 459.9
1427010 461.2
1427020 461.2
1427030 464.2
1427040 465.5
1427050 465.5
1427060 466.2
1427070 466.9
1427080 466.9
1427090 467.8
1427100 468.5
1427110 468.5
1427120 469.2
1427130 469.9
1427140 469.9
1427150 470.4
1427160 470.8
1427170 470.8
1427180 471.1
1427190 471.4
1427200 471.4
1427210 471.6
1427220 471.9
1427230 471.9
1427240 472.2
1427250 472.6
1427260 472.6
1427270 473.0
1427280 473.2
1427290 473.2
1427300 473.4
1427310 473.4
1427320 473.4
1427330 473.4
1427340 473.2
1427350 473.2
1427360 473.2
1427370 473.2
1427380 473.2
1427390 473.4
1427400 473.8
1427410 473.8
1427420 474.3
1427430 474.7
1427440 474.7
1427450 475.3
1427460 475.8
1427470 475.8
1427480 476.4
1427490 477.0
1427500 477.0
1427510 477.7
1427520 478.5
1427530 478.5
1427540 479.4
1427550 480.4
1427560 480.4
1427570 481.4
1427580 482.2
1427590 482.2
1427600 483.1
1427610 483.9
1427620 483.9
1427630 484.3
1427640 484.4
1427650 484.4
1427660 485.0
1427670 486.0
1427680 486.0
1427690 486.9
1427700 487.1
1427710 487.1
1427720 487.0
1427730 487.2
1427740 487.2
1427750 487.1
1427760 486.9
1427770 486.9
1427780 486.7
1427790 486.5
1427800 486.5
1427810 486.1
1427820 485.8
1427830 485.8
1427840 485.6
1427850 485.4
1427860 485.4
1427870 485.2
1427880 484.9
1427890 484.9
1427900 484.8
1427910 484.6
1427920 484.6
1427930 484.4
1427940 484.1
1427950 484.1
1427960 483.8
1427970 483.4
1427980 483.4
1427990 483.2
1428000 483.1
1428010 483.1
1428020 483.0
1428030 483.0
1428040 483.0
1428050 482.9
1428060 482.7
1428070 482.7
1428080 482.0
1428090 481.3
1428100 481.3
1428110 480.9
1428120 480.5
1428130 480.5
1428140 480.3
1428150 480.2
1428160 480.2
1428170 480.2
1428180 480.1
1428190 480.1
1428200 480.1
1428210 480.2
1428220 480.2
1428230 480.4
1428240 480.6
1428250 480.6
1428260 480.8
1428270 481.1
1428280 481.1
1428290 481.3
1428300 481.7
1428310 481.7
1428320 481.9
1428330 482.0
1428340 482.0
1428350 482.2
1428360 482.4
1428370 482.4
1428380 482.1
1428390 482.0
1428400 482.0
1428410 482.0
1428420 481.8
1428430 481.8
1428440 481.7
1428450 481.7
1428460 481.6
1428470 481.6
1428480 481.4
1428490 481.4
1428500 481.4
1428510 481.4
1428520 481.5
1428530 481.5
1428540 481.6
1428550 481.7
1428560 481.7
1428570 481.7
1428580 481.8
1428590 481.8
1428600 481.9
1428610 482.3
1428620 482.3
1428630 482.7
1428640 483.1
1428650 483.1
1428660 483.5
1428670 483.8
1428680 483.8
1428690 483.8
1428700 483.6
1428710 483.6
1428720 483.3
1428730 483.2
1428740 483.2
1428750 483.2
1428760 483.3
1428770 483.3
1428780 483.3
1428790 483.4
1428800 483.4
1428810 483.4
1428820 483.4
1428830 483.4
1428840 483.4
1428850 483.6
1428860 483.6
1428870 483.9
1428880 484.3
1428890 484.3
1428900 484.7
1428910 484.9
1428920 484.9
1428930 484.8
1428940 484.6
1428950 484.6
1428960 483.8
1428970 483.3
1428980 483.3
1428990 483.0
1429000 482.9
1429010 482.9
1429020 482.9
1429030 482.9
1429040 482.9
1429050 483.0
1429060 483.1
1429070 483.1
1429080 483.2
1429090 483.2
1429100 483.2
1429110 483.1
1429120 482.9
1429130 482.9
1429140 482.6
1429150 482.5
1429160 482.5
1429170 482.5
1429180 482.8
1429190 482.8
1429200 483.0
1429210 483.1
1429220 483.1
1429230 483.2
1429240 483.5
1429250 483.5
1429260 483.7
1429270 483.6
1429280 483.6
1429290 483.1
1429300 482.2
1429310 482.2
1429320 481.0
1429330 479.7
1429340 479.7
1429350 478.8
1429360 478.4
1429370 478.4
1429380 478.6
1429390 478.9
1429400 478.9
1429410 478.7
1429420 477.7
1429430 477.7
1429440 476.5
1429450 476.0
1429460 476.0
1429470 476.2
1429480 477.2
1429490 477.2
1429500 478.4
1429510 479.2
1429520 479.2
1429530 479.7
1429540 479.9
1429550 479.9
1429560 480.2
1429570 480.5
1429580 480.5
1429590 480.6
1429600 480.2
1429610 480.2
1429620 479.8
1429630 479.7
1429640 479.7
1429650 479.6
1429660 479.8
1429670 479.8
1429680 480.0
1429690 480.2
1429700 480.2
1429710 480.2
1429720 480.0
1429730 480.0
1429740 479.7
1429750 479.6
1429760 479.6
1429770 479.5
1429780 479.3
1429790 479.3
1429800 479.3
1429810 479.2
1429820 479.2
1429830 479.2
1429840 479.2
1429850 479.2
1429860 479.2
1429870 479.1
1429880 479.1
1429890 478.9
1429900 478.8
1429910 478.8
1429920 478.8
1429930 478.8
1429940 478.8
1429950 478.8
1429960 478.7
1429970 478.7
1429980 478.7
1429990 478.7
1430000 478.8
1430010 478.8
1430020 479.2
1430030 479.5
1430040 479.5
1430050 479.8
1430060 479.9
1430070 479.9
1430080 479.8
1430090 479.7
1430100 479.7
1430110 479.5
1430120 479.5
1430130 479.5
1430140 479.4
1430150 479.3
1430160 479.3
1430170 479.3
1430180 479.2
1430190 479.2
1430200 479.3
1430210 479.5
1430220 479.5
1430230 479.7
1430240 479.6
1430250 479.6
1430260 479.6
1430270 479.5
1430280 479.5
1430290 479.4
1430300 479.2
1430310 479.2
1430320 479.1
1430330 479.1
1430340 479.1
1430350 479.0
1430360 479.0
1430370 479.0
1430380 478.9
1430390 478.8
1430400 478.8
1430410 478.9
1430420 479.0
1430430 479.0
1430440 479.6
1430450 480.6
1430460 480.6
1430470 480.9
1430480 481.0
1430490 481.0
1430500 481.3
1430510 481.7
1430520 481.7
1430530 482.4
1430540 483.0
1430550 483.0
1430560 483.6
1430570 484.1
1430580 484.1
1430590 484.8
1430600 485.8
1430610 485.8
1430620 486.9
1430630 487.6
1430640 487.6
1430650 488.0
1430660 488.5
1430670 488.5
1430680 488.6
1430690 488.5
1430700 488.5
1430710 488.5
1430720 488.4
1430730 488.4
1430740 488.4
1430750 488.3
1430760 488.3
1430770 488.3
1430780 488.3
1430790 488.3
1430800 488.3
1430810 488.5
1430820 488.5
1430830 488.6
1430840 488.4
1430850 488.4
1430860 487.5
1430870 486.0
1430880 486.0
1430890 484.5
1430900 482.9
1430910 482.9
1430920 481.2
1430930 479.6
1430940 479.6
1430950 478.4
1430960 477.6
1430970 477.6
1430980 477.1
1430990 476.5
1431000 476.5
1431010 475.7
1431020 475.3
1431030 475.3
1431040 474.8
1431050 474.2
1431060 474.2
1431070 473.7
1431080 473.3
1431090 473.3
1431100 472.6
1431110 472.2
1431120 472.2
1431130 472.2
1431140 471.4
1431150 471.4
1431160 470.5
1431170 470.6
1431180 470.6
1431190 471.1
1431200 471.8
1431210 471.8
1431220 472.3
1431230 472.5
1431240 472.5
1431250 472.3
1431260 472.0
1431270 472.0
1431280 472.4
1431290 472.3
1431300 472.3
1431310 471.8
1431320 471.7
1431330 471.7
1431340 471.7
1431350 471.5
1431360 471.5
1431370 471.7
1431380 471.4
1431390 470.8
1431400 470.8
1431410 470.9
1431420 470.9
1431430 470.9
1431440 470.8
1431450 470.2
1431460 470.2
1431470 469.4
1431480 469.4
1431490 469.4
1431500 469.7
1431510 469.8
1431520 469.8
1431530 469.8
1431540 469.3
1431550 469.3
1431560 469.4
1431570 469.8
1431580 469.8
1431590 469.4
1431600 468.9
1431610 468.9
1431620 468.6
1431630 468.5
1431640 468.5
1431650 468.7
1431660 469.0
1431670 469.0
1431680 468.9
1431690 468.1
1431700 468.1
1431710 466.1
1431720 464.5
1431730 464.5
1431740 464.4
1431750 465.4
1431760 465.4
1431770 466.5
1431780 466.7
1431790 466.7
1431800 465.9
1431810 465.0
1431820 465.0
1431830 464.5
1431840 464.2
1431850 464.2
1431860 463.4
1431870 461.9
1431880 461.9
1431890 459.3
1431900 456.3
1431910 456.3
1431920 454.5
1431930 453.8
1431940 453.8
1431950 455.2
1431960 457.2
1431970 457.2
1431980 457.4
1431990 455.9
1432000 455.9
1432010 453.4
1432020 452.4
1432030 452.4
1432040 452.4
1432050 452.5
1432060 452.5
1432070 452.5
1432080 452.6
1432090 452.6
1432100 452.6
1432110 452.5
1432120 452.5
1432130 452.5
1432140 452.7
1432150 452.7
1432160 452.9
1432170 452.9
1432180 452.9
1432190 452.8
1432200 452.9
1432210 452.9
1432220 453.2
1432230 453.3
1432240 453.3
1432250 453.2
1432260 453.0
1432270 453.0
1432280 452.6
1432290 452.4
1432300 452.4
1432310 452.4
1432320 452.3
1432330 452.3
1432340 452.3
1432350 452.2
1432360 452.2
1432370 452.1
1432380 452.2
1432390 452.2
1432400 452.1
1432410 452.1
1432420 452.1
1432430 452.1
1432440 452.5
1432450 452.5
1432460 452.8
1432470 453.3
1432480 453.3
1432490 453.9
1432500 454.0
1432510 454.0
1432520 454.1
1432530 454.2
1432540 454.2
1432550 454.3
1432560 454.5
1432570 454.5
1432580 454.5
1432590 454.5
1432600 454.5
1432610 454.4
1432620 454.4
1432630 454.4
1432640 454.5
1432650 454.3
1432660 454.3
1432670 454.2
1432680 454.0
1432690 454.0
1432700 454.0
1432710 454.4
1432720 454.4
1432730 454.6
1432740 454.8
1432750 454.8
1432760 454.9
1432770 454.9
1432780 454.9
1432790 455.0
1432800 455.3
1432810 455.3
1432820 455.7
1432830 455.9
1432840 456.1
1432850 456.1
1432860 456.1
1432870 456.1
1432880 456.1
1432890 456.1
1432900 456.5
1432910 456.5
1432920 457.9
1432930 460.2
1432940 460.2
1432950 462.4
1432960 463.8
1432970 463.8
1432980 464.1
1432990 464.2
1433000 464.2
1433010 464.5
1433020 464.6
1433030 464.6
1433040 464.7
1433050 464.8
1433060 464.8
1433070 464.8
1433080 464.9
1433090 464.9
1433100 465.0
1433110 465.0
1433120 465.0
1433130 465.1
1433140 465.3
1433150 465.3
1433160 465.7
1433170 465.9
1433180 465.9
1433190 466.0
1433200 465.9
1433210 465.9
1433220 466.0
1433230 466.1
1433240 466.1
1433250 466.1
1433260 466.1
1433270 466.1
1433280 466.3
1433290 466.5
1433300 466.5
1433310 466.9
1433320 467.6
1433330 467.6
1433340 468.8
1433350 470.1
1433360 470.1
1433370 471.6
1433380 472.9
1433390 472.9
1433400 474.3
1433410 475.5
1433420 475.5
1433430 476.0
1433440 476.2
1433450 476.2
1433460 476.4
1433470 476.9
1433480 476.9
1433490 478.1
1433500 479.0
1433510 479.0
1433520 479.2
1433530 479.2
1433540 479.2
1433550 478.9
1433560 478.4
1433570 478.4
1433580 478.1
1433590 478.1
1433600 478.1
1433610 478.2
1433620 478.1
1433630 478.1
1433640 478.7
1433650 479.5
1433660 479.5
1433670 479.1
1433680 478.3
1433690 478.3
1433700 477.9
1433710 477.9
1433720 477.9
1433730 477.8
1433740 477.7
1433750 477.7
1433760 477.7
1433770 477.8
1433780 477.8
1433790 477.8
1433800 477.9
1433810 477.9
1433820 477.9
1433830 477.7
1433840 477.7
1433850 477.2
1433860 477.0
1433870 477.0
1433880 477.5
1433890 478.0
1433900 478.0
1433910 478.1
1433920 478.1
1433930 478.1
1433940 478.1
1433950 478.0
1433960 478.0
1433970 478.0
1433980 478.2
1433990 478.2
1434000 478.4
1434010 478.6
1434020 478.6
1434030 478.9
1434040 479.2
1434050 479.2
1434060 479.3
1434070 479.0
1434080 479.0
1434090 478.7
1434100 478.3
1434110 478.3
1434120 478.1
1434130 478.1
1434140 478.1
1434150 478.0
1434160 476.7
1434170 476.7
1434180 475.6
1434190 475.5
1434200 475.5
1434210 475.4
1434220 475.7
1434230 475.7
1434240 476.0
1434250 476.2
1434260 476.2
1434270 476.0
1434280 476.6
1434290 476.6
1434300 477.5
1434310 477.5
1434320 477.1
1434330 477.1
1434340 476.6
1434350 476.1
1434360 476.1
1434370 475.4
1434380 474.6
1434390 474.6
1434400 474.4
1434410 474.9
1434420 474.9
1434430 475.2
1434440 475.5
1434450 475.5
1434460 475.6
1434470 475.7
1434480 475.7
1434490 475.6
1434500 475.6
1434510 475.6
1434520 475.7
1434530 475.7
1434540 475.7
1434550 475.4
1434560 475.2
1434570 475.2
1434580 474.9
1434590 474.1
1434600 474.1
1434610 473.8
1434620 473.8
1434630 473.8
1434640 473.7
1434650 473.8
1434660 473.8
1434670 474.2
1434680 474.9
1434690 474.9
1434700 475.4
1434710 475.6
1434720 475.6
1434730 475.7
1434740 475.7
1434750 476.0
1434760 475.8
1434770 475.4
1434780 475.4
1434790 475.0
1434800 474.4
1434810 474.4
1434820 474.2
1434830 474.3
1434840 474.3
1434850 474.4
1434860 474.3
1434870 474.3
1434880 474.2
1434890 474.2
1434900 474.2
1434910 474.0
1434920 474.0
1434930 474.0
1434940 474.1
1434950 474.3
1434960 474.3
1434970 474.3
1434980 474.4
1434990 474.4
1435000 474.4
1435010 474.4
1435020 474.4
1435030 474.6
1435040 474.6
1435050 474.6
1435060 474.7
1435070 474.9
1435080 474.9
1435090 475.1
1435100 475.1
1435110 475.1
1435120 475.2
1435130 475.4
1435140 475.4
1435150 475.7
1435160 476.0
1435170 476.0
1435180 476.3
1435190 476.7
1435200 476.7
1435210 476.9
1435220 477.0
1435230 477.0
1435240 477.1
1435250 477.4
1435260 477.4
1435270 477.5
1435280 477.4
1435290 477.4
1435300 476.9
1435310 476.0
1435320 476.0
1435330 475.2
1435340 474.8
1435350 474.8
1435360 474.6
1435370 474.6
1435380 474.6
1435390 474.5
1435400 474.2
1435410 474.2
1435420 474.1
1435430 474.4
1435440 474.4
1435450 474.6
1435460 474.7
1435470 474.7
1435480 475.1
1435490 475.9
1435500 475.9
1435510 476.5
1435520 476.8
1435530 476.8
1435540 477.2
1435550 477.9
1435560 477.9
1435570 478.2
1435580 478.3
1435590 478.3
1435600 478.3
1435610 478.7
1435620 478.7
1435630 479.7
1435640 479.4
1435650 479.4
1435660 478.3
1435670 478.3
1435680 478.3
1435690 479.1
1435700 480.0
1435710 480.0
1435720 480.4
1435730 480.1
1435740 480.1
1435750 479.1
1435760 477.5
1435770 475.9
1435780 475.9
1435790 474.9
1435800 474.6
1435810 474.6
1435820 474.5
1435830 474.6
1435840 474.6
1435850 475.0
1435860 475.4
1435870 475.4
1435880 475.7
1435890 475.8
1435900 475.8
1435910 475.9
1435920 476.1
1435930 476.1
1435940 476.8
1435950 478.4
1435960 478.4
1435970 480.5
1435980 481.1
1435990 481.1
1436000 481.3
1436010 481.3
1436020 481.3
1436030 481.1
1436040 480.9
1436050 480.9
1436060 480.4
1436070 480.1
1436080 480.1
1436090 480.1
1436100 479.1
1436110 479.1
1436120 478.5
1436130 478.7
1436140 478.7
1436150 478.9
1436160 479.1
1436170 479.1
1436180 478.9
1436190 477.2
1436200 477.2
1436210 476.0
1436220 475.5
1436230 475.5
1436240 475.2
1436250 475.2
1436260 475.2
1436270 475.2
1436280 475.2
1436290 475.2
1436300 475.2
1436310 475.5
1436320 475.5
1436330 475.6
1436340 475.6
1436350 475.6
1436360 475.6
1436370 475.5
1436380 475.5
1436390 475.4
1436400 475.4
1436410 475.4
1436420 475.5
1436430 475.4
1436440 475.4
1436450 475.5
1436460 475.6
1436470 475.6
1436480 475.4
1436490 475.3
1436500 475.3
1436510 475.3
1436520 475.2
1436530 475.2
1436540 475.2
1436550 475.4
1436560 475.4
1436570 475.3
1436580 475.2
1436590 475.2
1436600 475.2
1436610 475.3
1436620 475.3
1436630 475.1
1436640 475.1
1436650 475.1
1436660 475.0
1436670 475.0
1436680 475.0
1436690 474.9
1436700 474.7
1436710 474.7
1436720 474.9
1436730 475.2
1436740 475.2
1436750 475.3
1436760 475.3
1436770 475.3
1436780 475.6
1436790 476.4
1436800 476.4
1436810 477.3
1436820 477.7
1436830 477.7
1436840 477.7
1436850 477.7
1436860 477.7
1436870 477.8
1436880 477.9
1436890 477.9
1436900 478.0
1436910 478.0
1436920 478.0
1436930 478.0
1436940 478.2
1436950 478.2
1436960 478.2
1436970 478.2
1436980 478.2
1436990 478.3
1437000 478.3
1437010 478.3
1437020 478.3
1437030 478.3
1437040 478.3
1437050 478.4
1437060 478.4
1437070 478.4
1437080 478.3
1437090 478.0
1437100 478.0
1437110 477.9
1437120 478.0
1437130 478.0
1437140 478.1
1437150 478.2
1437160 478.2
1437170 478.2
1437180 478.2
1437190 478.2
1437200 478.2
1437210 478.2
1437220 478.2
1437230 478.4
1437240 478.5
1437250 478.5
1437260 478.5
1437270 478.7
1437280 478.6
1437290 478.6
1437300 478.6
1437310 478.6
1437320 478.6
1437330 478.7
1437340 478.7
1437350 478.7
1437360 478.8
1437370 479.0
1437380 479.0
1437390 479.1
1437400 479.2
1437410 479.2
1437420 479.3
1437430 479.4
1437440 479.4
1437450 479.4
1437460 479.5
1437470 479.5
1437480 479.6
1437490 479.7
1437500 479.7
1437510 479.7
1437520 479.7
1437530 479.7
1437540 479.8
1437550 479.9
1437560 479.9
1437570 479.9
1437580 479.9
1437590 479.9
1437600 480.0
1437610 480.1
1437620 480.1
1437630 480.1
1437640 480.1
1437650 480.1
1437660 480.0
1437670 480.0
1437680 480.0
1437690 480.0
1437700 480.1
1437710 480.1
1437720 480.1
1437730 480.2
1437740 480.2
1437750 480.2
1437760 480.2
1437770 480.2
1437780 480.2
1437790 480.3
1437800 480.3
1437810 480.3
1437820 480.4
1437830 480.4
1437840 480.3
1437850 480.2
1437860 480.2
1437870 480.1
1437880 480.2
1437890 480.2
1437900 480.2
1437910 480.3
1437920 480.3
1437930 480.3
1437940 480.3
1437950 480.3
1437960 480.4
1437970 480.7
1437980 480.7
1437990 481.3
1438000 482.0
1438010 482.0
1438020 482.4
1438030 482.4
1438040 482.4
1438050 482.1
1438060 481.3
1438070 481.3
1438080 480.1
1438090 479.4
1438100 479.4
1438110 478.9
1438120 478.7
1438130 478.7
1438140 478.1
1438150 479.1
1438160 479.1
1438170 481.7
1438180 483.0
1438190 483.0
1438200 483.3
1438210 483.4
1438220 483.4
1438230 483.4
1438240 482.9
1438250 482.9
1438260 481.9
1438270 481.3
1438280 481.3
1438290 481.1
1438300 480.8
1438310 480.8
1438320 480.6
1438330 480.7
1438340 480.7
1438350 480.9
1438360 480.8
1438370 480.8
1438380 480.1
1438390 478.8
1438400 478.8
1438410 478.3
1438420 478.0
1438430 478.0
1438440 477.8
1438450 477.8
1438460 477.8
1438470 477.6
1438480 477.2
1438490 477.2
1438500 477.0
1438510 477.0
1438520 477.0
1438530 477.2
1438540 477.3
1438550 477.3
1438560 477.4
1438570 477.5
1438580 477.5
1438590 477.7
1438600 477.6
1438610 477.6
1438620 477.4
1438630 477.3
1438640 477.3
1438650 477.4
1438660 477.5
1438670 477.5
1438680 477.4
1438690 477.5
1438700 477.7
1438710 477.7
1438720 478.1
1438730 478.4
1438740 478.4
1438750 478.4
1438760 478.4
1438770 478.4
1438780 478.5
1438790 478.7
1438800 478.7
1438810 479.5
1438820 480.3
1438830 480.3
1438840 480.8
1438850 481.0
1438860 481.0
1438870 481.2
1438880 481.4
1438890 481.4
1438900 481.4
1438910 481.4
1438920 481.4
1438930 481.4
1438940 481.2
1438950 481.2
1438960 481.2
1438970 481.3
1438980 481.3
1438990 481.4
1439000 481.4
1439010 481.4
1439020 481.2
1439030 481.1
1439040 481.1
1439050 481.2
1439060 481.2
1439070 481.2
1439080 481.3
1439090 481.6
1439100 481.6
1439110 481.6
1439120 481.7
1439130 481.7
1439140 482.0
1439150 482.3
1439160 482.3
1439170 482.5
1439180 482.8
1439190 482.8
1439200 483.5
1439210 484.9
1439220 484.9
1439230 485.6
1439240 485.8
1439250 485.8
1439260 485.9
1439270 486.0
1439280 486.0
1439290 486.2
1439300 486.3
1439310 486.3
1439320 486.3
1439330 486.4
1439340 486.4
1439350 486.5
1439360 486.4
1439370 486.4
1439380 486.4
1439390 486.4
1439400 486.4
1439410 486.2
1439420 486.0
1439430 486.0
1439440 485.9
1439450 485.9
1439460 485.9
1439470 485.9
1439480 486.0
1439490 486.0
1439500 486.1
1439510 486.3
1439520 486.3
1439530 486.5
1439540 486.6
1439550 486.6
1439560 486.6
1439570 486.7
1439580 486.7
1439590 486.7
1439600 486.7
1439610 486.7
1439620 486.7
1439630 486.6
1439640 486.6
1439650 486.6
1439660 486.7
1439670 486.7
1439680 486.7
1439690 486.8
1439700 486.8
1439710 486.9
1439720 487.0
1439730 487.0
1439740 487.0
1439750 487.2
1439760 487.2
1439770 487.2
1439780 487.3
1439790 487.3
1439800 487.4
1439810 487.5
1439820 487.5
1439830 487.7
1439840 487.9
1439850 487.9
1439860 488.0
1439870 488.1
1439880 488.1
1439890 488.2
1439900 488.4
1439910 488.4
1439920 488.5
1439930 488.7
1439940 488.7
1439950 488.9
1439960 489.1
1439970 489.1
1439980 489.3
1439990 489.4
