1420000 457.9
1420010 457.9
1420020 463.1
1420030 469.7
1420040 469.7
1420050 476.2
1420060 479.7
1420070 479.7
1420080 480.6
1420090 480.9
1420100 480.9
1420110 481.6
1420120 482.8
1420130 482.8
1420140 484.4
1420150 485.6
1420160 485.6
1420170 485.2
1420180 483.3
1420190 483.3
1420200 481.2
1420210 479.5
1420220 479.5
1420230 478.1
1420240 476.9
1420250 476.9
1420260 475.8
1420270 474.4
1420280 474.4
1420290 473.4
1420300 472.6
1420310 472.6
1420320 472.0
1420330 471.4
1420340 471.4
1420350 470.7
1420360 469.7
1420370 469.7
1420380 469.5
1420390 469.8
1420400 469.8
1420410 470.5
1420420 471.1
1420430 471.1
1420440 471.2
1420450 471.2
1420460 471.2
1420470 470.9
1420480 470.5
1420490 470.5
1420500 469.9
1420510 469.8
1420520 469.8
1420530 470.4
1420540 471.9
1420550 471.9
1420560 474.6
1420570 477.5
1420580 477.5
1420590 480.3
1420600 483.2
1420610 483.2
1420620 484.7
1420630 485.1
1420640 485.1
1420650 485.0
1420660 484.6
1420670 484.6
1420680 484.1
1420690 483.8
1420700 483.8
1420710 483.5
1420720 483.2
1420730 483.2
1420740 483.1
1420750 483.3
1420760 483.3
1420770 483.4
1420780 483.4
1420790 483.4
1420800 483.2
1420810 483.1
1420820 483.1
1420830 483.2
1420840 483.2
1420850 483.2
1420860 483.2
1420870 483.2
1420880 483.2
1420890 483.2
1420900 483.1
1420910 483.1
1420920 483.0
1420930 482.9
1420940 482.9
1420950 482.9
1420960 482.8
1420970 482.8
1420980 482.8
1420990 482.7
1421000 482.7
1421010 482.6
1421020 482.4
1421030 482.2
1421040 482.2
1421050 481.9
1421060 481.7
1421070 481.7
1421080 481.5
1421090 481.4
1421100 481.4
1421110 481.4
1421120 481.4
1421130 481.4
1421140 481.6
1421150 481.9
1421160 481.9
1421170 482.1
1421180 482.3
1421190 482.3
1421200 482.3
1421210 482.2
1421220 482.2
1421230 482.0
1421240 481.8
1421250 481.8
1421260 481.7
1421270 481.8
1421280 481.8
1421290 481.9
1421300 482.0
1421310 482.0
1421320 482.1
1421330 482.4
1421340 482.4
1421350 482.7
1421360 482.9
1421370 482.9
1421380 483.2
1421390 483.5
1421400 483.5
1421410 483.9
1421420 484.2
1421430 484.2
1421440 484.5
1421450 484.7
1421460 484.7
1421470 484.8
1421480 484.7
1421490 484.7
1421500 484.3
1421510 483.8
1421520 483.8
1421530 483.6
1421540 483.5
1421550 483.5
1421560 483.2
1421570 483.1
1421580 483.1
1421590 483.2
1421600 483.6
1421610 483.6
1421620 484.1
1421630 484.2
1421640 484.2
1421650 484.1
1421660 483.6
1421670 483.6
1421680 483.1
1421690 483.1
1421700 483.1
1421710 483.0
1421720 483.0
1421730 483.0
1421740 483.1
1421750 483.2
1421760 483.2
1421770 483.1
1421780 482.7
1421790 482.7
1421800 482.5
1421810 482.6
1421820 482.6
1421830 483.0
1421840 483.7
1421850 483.7
1421860 484.1
1421870 484.4
1421880 484.4
1421890 484.4
1421900 484.3
1421910 484.3
1421920 484.2
1421930 484.3
1421940 484.3
1421950 484.7
1421960 485.4
1421970 485.4
1421980 486.1
1421990 486.3
1422000 486.3
1422010 486.5
1422020 486.8
1422030 486.8
1422040 487.4
1422050 488.1
1422060 488.1
1422070 488.6
1422080 488.9
1422090 488.9
1422100 489.2
1422110 489.3
1422120 489.3
1422130 489.5
1422140 489.8
1422150 489.8
1422160 490.2
1422170 490.4
1422180 490.4
1422190 490.6
1422200 491.0
1422210 491.0
1422220 491.5
1422230 491.9
1422240 491.9
1422250 492.6
1422260 493.3
1422270 493.3
1422280 493.9
1422290 494.6
1422300 494.6
1422310 495.3
1422320 495.8
1422330 495.8
1422340 496.3
1422350 496.6
1422360 496.6
1422370 496.3
1422380 495.5
1422390 495.5
1422400 494.8
1422410 494.9
1422420 494.9
1422430 495.8
1422440 496.8
1422450 496.8
1422460 497.6
1422470 498.1
1422480 498.1
1422490 498.9
1422500 499.0
1422510 499.0
1422520 499.3
1422530 499.4
1422540 499.4
1422550 499.6
1422560 500.1
1422570 500.1
1422580 500.7
1422590 501.5
1422600 503.3
1422610 503.3
1422620 504.5
1422630 505.2
1422640 505.2
1422650 505.6
1422660 505.7
1422670 505.7
1422680 506.1
1422690 506.2
1422700 506.2
1422710 506.3
1422720 506.5
1422730 506.5
1422740 506.8
1422750 507.0
1422760 507.0
1422770 507.1
1422780 507.1
1422790 507.1
1422800 507.1
1422810 507.3
1422820 507.3
1422830 507.5
1422840 507.5
1422850 507.5
1422860 507.5
1422870 507.1
1422880 507.1
1422890 506.5
1422900 506.0
1422910 506.0
1422920 505.7
1422930 505.8
1422940 505.8
1422950 506.0
1422960 506.1
1422970 506.1
1422980 506.3
1422990 506.4
1423000 506.4
1423010 505.9
1423020 505.1
1423030 505.1
1423040 504.5
1423050 504.2
1423060 504.2
1423070 504.0
1423080 504.0
1423090 504.0
1423100 503.8
1423110 503.6
1423120 503.6
1423130 503.1
1423140 502.7
1423150 502.7
1423160 502.4
1423170 502.0
1423180 502.0
1423190 501.6
1423200 500.6
1423210 500.6
1423220 500.0
1423230 499.5
1423240 499.5
1423250 499.2
1423260 499.3
1423270 499.3
1423280 499.7
1423290 500.1
1423300 500.1
1423310 500.6
1423320 501.3
1423330 501.3
1423340 502.1
1423350 503.2
1423360 503.2
1423370 504.2
1423380 504.9
1423390 504.9
1423400 505.1
1423410 505.2
1423420 505.2
1423430 504.8
1423440 504.2
1423450 504.2
1423460 504.1
1423470 504.4
1423480 504.4
1423490 504.8
1423500 505.5
1423510 505.5
1423520 506.5
1423530 507.1
1423540 507.1
1423550 507.2
1423560 507.3
1423570 507.3
1423580 507.9
1423590 508.9
1423600 508.9
1423610 509.9
1423620 510.9
1423630 510.9
1423640 511.9
1423650 512.8
1423660 512.8
1423670 513.4
1423680 513.8
1423690 513.8
1423700 513.8
1423710 513.5
1423720 513.5
1423730 513.3
1423740 513.5
1423750 513.5
1423760 514.1
1423770 515.0
1423780 515.0
1423790 515.8
1423800 516.3
1423810 516.3
1423820 516.5
1423830 516.4
1423840 516.4
1423850 516.0
1423860 515.6
1423870 515.6
1423880 515.4
1423890 515.3
1423900 515.3
1423910 515.0
1423920 514.9
1423930 514.9
1423940 515.1
1423950 515.2
1423960 515.2
1423970 514.0
1423980 511.1
1423990 511.1
1424000 507.5
1424010 504.1
1424020 504.1
1424030 501.7
1424040 499.9
1424050 499.9
1424060 498.1
1424070 496.3
1424080 496.3
1424090 494.7
1424100 493.2
1424110 493.2
1424120 492.2
1424130 491.2
1424140 491.2
1424150 490.6
1424160 490.2
1424170 488.4
1424180 488.4
1424190 486.6
1424200 485.4
1424210 485.4
1424220 484.7
1424230 484.0
1424240 484.0
1424250 483.1
1424260 482.4
1424270 482.4
1424280 482.0
1424290 481.8
1424300 481.8
1424310 482.0
1424320 482.5
1424330 482.5
1424340 483.2
1424350 485.0
1424360 485.0
1424370 487.9
1424380 490.9
1424390 490.9
1424400 493.0
1424410 492.8
1424420 492.8
1424430 492.0
1424440 492.6
1424450 492.6
1424460 494.6
1424470 496.8
1424480 496.8
1424490 498.5
1424500 499.9
1424510 499.9
1424520 501.3
1424530 502.9
1424540 502.9
1424550 504.5
1424560 506.3
1424570 506.3
1424580 507.4
1424590 507.8
1424600 507.8
1424610 508.3
1424620 510.4
1424630 510.4
1424640 511.3
1424650 511.1
1424660 511.1
1424670 512.1
1424680 514.0
1424690 514.0
1424700 515.3
1424710 516.1
1424720 516.1
1424730 516.6
1424740 516.9
1424750 516.9
1424760 517.0
1424770 517.1
1424780 517.1
1424790 517.5
1424800 518.9
1424810 518.9
1424820 519.9
1424830 520.3
1424840 520.3
1424850 520.4
1424860 520.3
1424870 520.3
1424880 519.7
1424890 518.8
1424900 518.8
1424910 518.5
1424920 518.4
1424930 518.4
1424940 517.6
1424950 517.1
1424960 517.1
1424970 517.7
1424980 519.2
1424990 519.2
1425000 520.8
1425010 521.5
1425020 521.5
1425030 521.9
1425040 522.2
1425050 522.2
1425060 522.4
1425070 522.2
1425080 522.2
1425090 520.9
1425100 519.0
1425110 519.0
1425120 517.5
1425130 516.9
1425140 516.9
1425150 516.6
1425160 516.1
1425170 516.1
1425180 515.5
1425190 514.7
1425200 514.7
1425210 514.3
1425220 514.1
1425230 514.1
1425240 514.1
1425250 514.6
1425260 514.6
1425270 515.6
1425280 516.9
1425290 516.9
1425300 517.8
1425310 517.3
1425320 517.3
1425330 515.9
1425340 514.4
1425350 514.4
1425360 513.6
1425370 513.3
1425380 513.3
1425390 513.1
1425400 512.6
1425410 512.6
1425420 511.5
1425430 510.4
1425440 510.4
1425450 510.0
1425460 510.1
1425470 510.1
1425480 510.8
1425490 511.5
1425500 511.5
1425510 511.6
1425520 511.2
1425530 511.2
1425540 510.3
1425550 510.0
1425560 510.0
1425570 510.5
1425580 511.3
1425590 511.3
1425600 512.1
1425610 512.1
1425620 512.1
1425630 512.2
1425640 512.4
1425650 512.4
1425660 512.6
1425670 513.5
1425680 513.5
1425690 514.7
1425700 515.1
1425710 515.1
1425720 514.5
1425730 513.5
1425740 512.9
1425750 512.9
1425760 512.8
1425770 512.7
1425780 512.7
1425790 511.9
1425800 510.9
1425810 510.9
1425820 509.9
1425830 509.4
1425840 509.4
1425850 510.3
1425860 511.5
1425870 511.5
1425880 512.6
1425890 514.1
1425900 514.1
1425910 514.8
1425920 514.6
1425930 514.6
1425940 514.1
1425950 513.3
1425960 513.3
1425970 511.9
1425980 510.4
1425990 510.4
1426000 510.1
1426010 510.2
1426020 510.2
1426030 509.9
1426040 509.3
1426050 509.3
1426060 508.3
1426070 507.9
1426080 507.9
1426090 509.2
1426100 510.3
1426110 510.3
1426120 510.6
1426130 510.5
1426140 510.5
1426150 510.1
1426160 509.5
1426170 509.5
1426180 508.8
1426190 508.0
1426200 508.0
1426210 507.4
1426220 506.8
1426230 506.8
1426240 505.5
1426250 504.2
1426260 504.2
1426270 503.1
1426280 502.0
1426290 502.0
1426300 500.9
1426310 500.7
1426320 500.7
1426330 500.9
1426340 500.7
1426350 500.7
1426360 500.0
1426370 499.9
1426380 499.9
1426390 500.5
1426400 501.3
1426410 501.3
1426420 501.8
1426430 502.1
1426440 502.1
1426450 502.5
1426460 502.8
1426470 502.8
1426480 501.4
1426490 499.1
1426500 499.1
1426510 497.9
1426520 497.3
1426530 497.3
1426540 496.8
1426550 496.4
1426560 496.4
1426570 496.2
1426580 496.0
1426590 496.0
1426600 495.2
1426610 494.7
1426620 494.7
1426630 494.5
1426640 494.0
1426650 494.0
1426660 492.8
1426670 491.8
1426680 491.8
1426690 491.1
1426700 490.9
1426710 490.9
1426720 491.3
1426730 491.4
1426740 491.4
1426750 490.8
1426760 490.4
1426770 490.4
1426780 490.2
1426790 490.2
1426800 490.2
1426810 490.0
1426820 489.1
1426830 489.1
1426840 488.3
1426850 487.8
1426860 487.8
1426870 488.1
1426880 488.3
1426890 488.3
1426900 488.2
1426910 487.9
1426920 487.9
1426930 487.3
1426940 486.5
1426950 486.5
1426960 485.4
1426970 484.1
1426980 484.1
1426990 482.9
1427000 482.8
1427010 482.8
1427020 483.4
1427030 484.3
1427040 484.3
1427050 484.8
1427060 484.9
1427070 484.9
1427080 484.8
1427090 484.6
1427100 484.6
1427110 484.2
1427120 483.9
1427130 483.9
1427140 483.3
1427150 482.1
1427160 482.1
1427170 480.2
1427180 478.3
1427190 478.3
1427200 477.0
1427210 476.4
1427220 476.4
1427230 476.5
1427240 477.2
1427250 477.2
1427260 478.9
1427270 481.1
1427280 481.1
1427290 482.7
1427300 483.8
1427310 484.5
1427320 484.5
1427330 485.1
1427340 485.6
1427350 485.6
1427360 485.8
1427370 485.6
1427380 485.6
1427390 485.3
1427400 485.3
1427410 485.3
1427420 485.6
1427430 486.0
1427440 486.0
1427450 486.9
1427460 488.4
1427470 488.4
1427480 490.0
1427490 491.2
1427500 491.2
1427510 492.4
1427520 493.1
1427530 493.1
1427540 493.1
1427550 493.3
1427560 493.3
1427570 493.7
1427580 494.3
1427590 494.3
1427600 494.0
1427610 493.1
1427620 493.1
1427630 492.3
1427640 491.6
1427650 491.6
1427660 491.2
1427670 491.1
1427680 491.1
1427690 491.4
1427700 491.6
1427710 491.6
1427720 491.8
1427730 491.8
1427740 491.8
1427750 492.0
1427760 492.3
1427770 492.3
1427780 492.4
1427790 491.9
1427800 491.9
1427810 489.1
1427820 487.1
1427830 487.1
1427840 488.6
1427850 489.1
1427860 489.1
1427870 489.4
1427880 489.6
1427890 489.6
1427900 489.3
1427910 488.8
1427920 488.8
1427930 488.6
1427940 488.3
1427950 488.3
1427960 487.7
1427970 487.1
1427980 487.1
1427990 486.9
1428000 487.3
1428010 487.3
1428020 487.7
1428030 487.6
1428040 487.6
1428050 487.1
1428060 486.4
1428070 486.4
1428080 485.3
1428090 484.6
1428100 484.6
1428110 484.6
1428120 485.0
1428130 485.0
1428140 484.8
1428150 484.3
1428160 484.3
1428170 484.1
1428180 484.1
1428190 484.1
1428200 483.7
1428210 483.4
1428220 483.4
1428230 483.4
1428240 483.4
1428250 483.4
1428260 483.9
1428270 484.0
1428280 484.0
1428290 483.4
1428300 482.7
1428310 482.7
1428320 482.9
1428330 483.8
1428340 483.8
1428350 484.7
1428360 485.2
1428370 485.2
1428380 485.8
1428390 486.4
1428400 486.4
1428410 487.2
1428420 487.7
1428430 487.7
1428440 488.2
1428450 488.5
1428460 488.5
1428470 488.8
1428480 489.1
1428490 489.1
1428500 489.6
1428510 490.3
1428520 490.3
1428530 491.2
1428540 492.4
1428550 492.4
1428560 493.4
1428570 493.9
1428580 493.9
1428590 493.9
1428600 494.1
1428610 494.1
1428620 493.7
1428630 492.2
1428640 492.2
1428650 491.5
1428660 492.1
1428670 492.1
1428680 492.6
1428690 493.5
1428700 493.5
1428710 494.2
1428720 494.3
1428730 494.3
1428740 494.4
1428750 494.8
1428760 494.8
1428770 495.1
1428780 495.1
1428790 495.1
1428800 494.6
1428810 494.7
1428820 494.7
1428830 495.7
1428840 496.0
1428850 496.0
1428860 495.3
1428870 494.5
1428880 494.5
1428890 494.4
1428900 494.7
1428910 495.1
1428920 495.1
1428930 495.3
1428940 495.6
1428950 495.6
1428960 496.5
1428970 497.5
1428980 497.5
1428990 497.8
1429000 498.0
1429010 498.0
1429020 498.1
1429030 498.1
1429040 498.1
1429050 497.5
1429060 496.2
1429070 496.2
1429080 496.1
1429090 496.6
1429100 496.6
1429110 496.5
1429120 495.9
1429130 495.9
1429140 496.1
1429150 497.2
1429160 497.2
1429170 497.6
1429180 497.1
1429190 497.1
1429200 496.2
1429210 495.7
1429220 495.7
1429230 495.3
1429240 494.9
1429250 494.9
1429260 494.9
1429270 495.1
1429280 495.1
1429290 495.2
1429300 494.5
1429310 494.5
1429320 493.3
1429330 492.6
1429340 492.6
1429350 492.1
1429360 491.0
1429370 491.0
1429380 489.6
1429390 488.5
1429400 488.5
1429410 487.6
1429420 486.9
1429430 486.9
1429440 485.4
1429450 483.9
1429460 483.9
1429470 483.7
1429480 483.9
1429490 483.9
1429500 484.1
1429510 483.8
1429520 483.8
1429530 483.0
1429540 482.1
1429550 482.1
1429560 481.8
1429570 482.8
1429580 482.8
1429590 483.9
1429600 484.1
1429610 484.1
1429620 483.3
1429630 482.7
1429640 482.7
1429650 482.2
1429660 481.9
1429670 481.9
1429680 481.7
1429690 481.9
1429700 481.9
1429710 482.3
1429720 482.5
1429730 482.5
1429740 482.6
1429750 482.6
1429760 482.6
1429770 482.5
1429780 482.1
1429790 482.1
1429800 481.4
1429810 481.3
1429820 481.3
1429830 481.2
1429840 481.0
1429850 481.0
1429860 480.9
1429870 480.8
1429880 480.8
1429890 480.6
1429900 480.4
1429910 480.4
1429920 480.2
1429930 479.8
1429940 479.8
1429950 479.1
1429960 478.1
1429970 478.1
1429980 476.9
1429990 476.4
1430000 476.4
1430010 476.6
1430020 476.8
1430030 476.8
1430040 477.2
1430050 477.4
1430060 477.4
1430070 477.2
1430080 476.9
1430090 476.9
1430100 476.5
1430110 476.4
1430120 476.4
1430130 476.1
1430140 475.4
1430150 475.4
1430160 474.5
1430170 473.9
1430180 473.9
1430190 473.8
1430200 473.7
1430210 473.7
1430220 473.2
1430230 472.5
1430240 472.5
1430250 471.8
1430260 471.3
1430270 471.3
1430280 470.9
1430290 470.3
1430300 470.3
1430310 469.9
1430320 469.9
1430330 469.9
1430340 469.4
1430350 468.6
1430360 468.6
1430370 468.3
1430380 469.5
1430390 469.5
1430400 470.5
1430410 470.6
1430420 470.6
1430430 470.5
1430440 470.1
1430450 470.1
1430460 469.8
1430470 469.3
1430480 468.5
1430490 468.5
1430500 468.6
1430510 469.2
1430520 469.2
1430530 469.1
1430540 468.6
1430550 468.6
1430560 468.4
1430570 468.9
1430580 468.9
1430590 469.9
1430600 470.9
1430610 470.9
1430620 471.8
1430630 472.7
1430640 472.7
1430650 472.9
1430660 472.8
1430670 472.8
1430680 472.7
1430690 472.6
1430700 472.6
1430710 472.3
1430720 471.8
1430730 471.8
1430740 471.4
1430750 471.1
1430760 471.1
1430770 470.7
1430780 470.9
1430790 470.9
1430800 471.2
1430810 471.3
1430820 471.3
1430830 471.3
1430840 471.1
1430850 471.1
1430860 471.0
1430870 471.1
1430880 471.1
1430890 471.5
1430900 472.0
1430910 472.0
1430920 472.2
1430930 471.9
1430940 471.9
1430950 471.2
1430960 470.5
1430970 470.5
1430980 469.7
1430990 469.7
1431000 469.7
1431010 470.0
1431020 470.4
1431030 470.4
1431040 471.1
1431050 472.0
1431060 472.0
1431070 472.6
1431080 473.2
1431090 473.2
1431100 473.8
1431110 474.2
1431120 474.2
1431130 474.3
1431140 474.2
1431150 474.2
1431160 474.1
1431170 473.9
1431180 473.9
1431190 473.8
1431200 473.6
1431210 473.6
1431220 473.7
1431230 473.7
1431240 473.7
1431250 473.8
1431260 473.9
1431270 473.9
1431280 474.1
1431290 474.2
1431300 474.2
1431310 474.3
1431320 474.2
1431330 474.2
1431340 474.2
1431350 474.1
1431360 474.1
1431370 474.2
1431380 474.2
1431390 474.2
1431400 474.2
1431410 474.2
1431420 474.2
1431430 474.1
1431440 474.0
1431450 474.0
1431460 473.9
1431470 473.8
1431480 473.8
1431490 473.7
1431500 473.7
1431510 473.7
1431520 473.7
1431530 472.4
1431540 472.4
1431550 471.8
1431560 473.2
1431570 473.2
1431580 473.5
1431590 473.5
1431600 473.5
1431610 473.4
1431620 473.3
1431630 473.3
1431640 473.2
1431650 473.3
1431660 473.3
1431670 473.2
1431680 473.1
1431690 473.1
1431700 473.0
1431710 472.9
1431720 472.9
1431730 472.8
1431740 472.8
1431750 472.8
1431760 472.8
1431770 472.6
1431780 472.6
1431790 472.4
1431800 472.1
1431810 472.1
1431820 471.6
1431830 471.2
1431840 471.2
1431850 470.8
1431860 471.2
1431870 471.2
1431880 471.2
1431890 470.9
1431900 470.9
1431910 470.5
1431920 470.4
1431930 470.4
1431940 470.5
1431950 470.7
1431960 470.7
1431970 470.7
1431980 470.8
1431990 470.8
1432000 470.7
1432010 470.6
1432020 470.6
1432030 470.5
1432040 470.5
1432050 470.6
1432060 470.6
1432070 470.8
1432080 470.8
1432090 470.8
1432100 470.9
1432110 471.1
1432120 471.1
1432130 471.2
1432140 471.1
1432150 471.1
1432160 471.2
1432170 471.2
1432180 471.2
1432190 471.4
1432200 471.5
1432210 471.5
1432220 471.5
1432230 471.6
1432240 471.6
1432250 471.8
1432260 471.9
1432270 471.9
1432280 471.9
1432290 471.9
1432300 471.9
1432310 471.8
1432320 471.9
1432330 471.9
1432340 471.7
1432350 470.6
1432360 470.6
1432370 466.2
1432380 461.7
1432390 461.7
1432400 459.3
1432410 458.7
1432420 458.7
1432430 458.3
1432440 457.9
1432450 457.9
1432460 457.5
1432470 457.3
1432480 457.3
1432490 457.3
1432500 457.1
1432510 457.1
1432520 456.7
1432530 456.3
1432540 456.3
1432550 455.4
1432560 452.7
1432570 452.7
1432580 450.1
1432590 449.3
1432600 449.3
1432610 449.0
1432620 448.6
1432630 448.6
1432640 448.3
1432650 447.7
1432660 447.7
1432670 447.6
1432680 447.5
1432690 447.5
1432700 447.1
1432710 446.8
1432720 446.8
1432730 446.8
1432740 446.5
1432750 446.5
1432760 446.1
1432770 446.1
1432780 446.1
1432790 446.4
1432800 446.6
1432810 446.6
1432820 447.4
1432830 448.3
1432840 448.3
1432850 450.3
1432860 451.8
1432870 451.8
1432880 452.0
1432890 452.0
1432900 452.0
1432910 451.9
1432920 451.9
1432930 451.9
1432940 451.8
1432950 451.8
1432960 451.8
1432970 451.8
1432980 451.6
1432990 451.6
1433000 451.6
1433010 451.8
1433020 451.8
1433030 452.7
1433040 453.9
1433050 453.9
1433060 454.9
1433070 455.9
1433080 455.9
1433090 456.7
1433100 457.0
1433110 457.0
1433120 457.4
1433130 458.2
1433140 458.2
1433150 459.4
1433160 461.9
1433170 461.9
1433180 465.6
1433190 469.9
1433200 469.9
1433210 473.3
1433220 475.7
1433230 475.7
1433240 478.1
1433250 480.3
1433260 480.3
1433270 482.2
1433280 483.7
1433290 483.7
1433300 484.2
1433310 484.1
1433320 484.1
1433330 484.1
1433340 484.4
1433350 484.4
1433360 484.7
1433370 484.6
1433380 484.6
1433390 483.7
1433400 482.0
1433410 482.0
1433420 480.5
1433430 478.7
1433440 478.7
1433450 476.8
1433460 476.9
1433470 476.9
1433480 479.5
1433490 482.3
1433500 482.3
1433510 484.2
1433520 485.9
1433530 485.9
1433540 488.3
1433550 489.6
1433560 489.6
1433570 489.7
1433580 488.2
1433590 488.2
1433600 484.7
1433610 481.2
1433620 479.3
1433630 479.3
1433640 478.0
1433650 477.0
1433660 477.0
1433670 476.1
1433680 475.5
1433690 475.5
1433700 475.1
1433710 474.9
1433720 474.9
1433730 475.0
1433740 475.6
1433750 475.6
1433760 476.3
1433770 476.4
1433780 476.4
1433790 475.8
1433800 475.0
1433810 475.0
1433820 474.4
1433830 474.1
1433840 474.1
1433850 474.0
1433860 474.3
1433870 474.3
1433880 474.7
1433890 475.2
1433900 475.2
1433910 475.7
1433920 476.4
1433930 476.4
1433940 477.3
1433950 478.3
1433960 478.3
1433970 479.2
1433980 479.5
1433990 479.2
1434000 479.1
1434010 479.5
1434020 479.5
1434030 480.5
1434040 482.3
1434050 482.3
1434060 484.2
1434070 485.0
1434080 485.0
1434090 485.1
1434100 485.3
1434110 485.3
1434120 485.8
1434130 486.3
1434140 486.3
1434150 486.5
1434160 486.6
1434170 486.6
1434180 487.3
1434190 488.9
1434200 488.9
1434210 490.2
1434220 491.1
1434230 491.1
1434240 491.9
1434250 492.7
1434260 492.7
1434270 493.6
1434280 494.6
1434290 494.6
1434300 495.0
1434310 495.0
1434320 495.0
1434330 495.4
1434340 495.7
1434350 495.7
1434360 495.0
1434370 494.6
1434380 494.6
1434390 495.2
1434400 495.7
1434410 495.7
1434420 496.1
1434430 496.4
1434440 496.4
1434450 496.3
1434460 495.6
1434470 495.6
1434480 494.7
1434490 493.2
1434500 493.2
1434510 491.4
1434520 489.9
1434530 489.9
1434540 488.4
1434550 486.1
1434560 486.1
1434570 483.4
1434580 484.0
1434590 484.0
1434600 486.4
1434610 485.2
1434620 485.2
1434630 484.9
1434640 484.6
1434650 484.6
1434660 484.3
1434670 484.3
1434680 484.3
1434690 484.2
1434700 483.7
1434710 483.7
1434720 483.1
1434730 482.5
1434740 482.5
1434750 482.2
1434760 482.2
1434770 482.2
1434780 482.6
1434790 482.9
1434800 482.9
1434810 482.8
1434820 482.5
1434830 482.5
1434840 482.3
1434850 482.2
1434860 482.2
1434870 481.5
1434880 481.5
1434890 481.5
1434900 482.4
1434910 483.4
1434920 483.4
1434930 484.1
1434940 484.1
1434950 484.1
1434960 484.3
1434970 484.0
1434980 484.0
1434990 483.6
1435000 483.9
1435010 483.9
1435020 484.2
1435030 484.0
1435040 484.0
1435050 483.0
1435060 481.5
1435070 481.5
1435080 479.7
1435090 478.0
1435100 478.0
1435110 476.2
1435120 475.1
1435130 475.1
1435140 474.9
1435150 475.2
1435160 475.2
1435170 476.5
1435180 477.4
1435190 477.4
1435200 476.7
1435210 476.7
1435220 476.8
1435230 476.8
1435240 476.8
1435250 476.8
1435260 476.8
1435270 476.7
1435280 476.2
1435290 476.2
1435300 475.1
1435310 473.7
1435320 473.7
1435330 473.6
1435340 474.2
1435350 474.2
1435360 474.5
1435370 474.0
1435380 474.0
1435390 473.7
1435400 474.5
1435410 474.5
1435420 475.2
1435430 474.9
1435440 474.9
1435450 473.7
1435460 473.1
1435470 473.1
1435480 472.3
1435490 472.2
1435500 472.2
1435510 473.5
1435520 474.8
1435530 474.8
1435540 474.2
1435550 472.9
1435560 472.9
1435570 471.8
1435580 471.3
1435590 471.3
1435600 470.7
1435610 469.4
1435620 469.4
1435630 468.0
1435640 467.4
1435650 467.4
1435660 467.4
1435670 467.3
1435680 467.3
1435690 466.6
1435700 465.5
1435710 465.5
1435720 464.3
1435730 463.0
1435740 463.0
1435750 461.8
1435760 461.1
1435770 461.1
1435780 460.7
1435790 460.4
1435800 460.4
1435810 460.1
1435820 460.4
1435830 460.4
1435840 460.6
1435850 461.1
1435860 461.1
1435870 461.4
1435880 461.6
1435890 461.6
1435900 461.7
1435910 461.6
1435920 461.6
1435930 461.6
1435940 461.7
1435950 461.7
1435960 461.9
1435970 462.0
1435980 462.0
1435990 462.0
1436000 461.9
1436010 461.9
1436020 461.9
1436030 462.0
1436040 462.0
1436050 462.1
1436060 462.1
1436070 462.1
1436080 462.1
1436090 462.2
1436100 462.2
1436110 462.1
1436120 462.1
1436130 462.1
1436140 462.3
1436150 462.4
1436160 462.4
1436170 462.4
1436180 462.3
1436190 462.3
1436200 462.5
1436210 462.7
1436220 462.7
1436230 463.0
1436240 463.2
1436250 463.2
1436260 463.3
1436270 463.5
1436280 463.5
1436290 463.6
1436300 463.7
1436310 463.7
1436320 463.8
1436330 463.8
1436340 463.8
1436350 463.8
1436360 463.8
1436370 463.8
1436380 463.8
1436390 463.8
1436400 463.8
1436410 463.9
1436420 464.0
1436430 464.0
1436440 464.0
1436450 463.9
1436460 463.9
1436470 463.9
1436480 464.1
1436490 464.1
1436500 464.3
1436510 464.5
1436520 464.5
1436530 464.6
1436540 464.6
1436550 464.6
1436560 464.4
1436570 464.5
1436580 464.5
1436590 464.4
1436600 464.4
1436610 464.4
1436620 464.4
1436630 464.0
1436640 464.0
1436650 463.9
1436660 463.9
1436670 463.9
1436680 463.7
1436690 463.7
1436700 463.7
1436710 463.8
1436720 463.9
1436730 463.9
1436740 463.9
1436750 463.9
1436760 463.9
1436770 463.7
1436780 463.7
1436790 463.7
1436800 463.7
1436810 463.8
1436820 464.0
1436830 464.0
1436840 464.1
1436850 464.2
1436860 464.2
1436870 464.3
1436880 464.4
1436890 464.4
1436900 464.4
1436910 464.5
1436920 464.5
1436930 464.3
1436940 464.2
1436950 464.2
1436960 463.8
1436970 463.5
1436980 463.5
1436990 463.3
1437000 463.2
1437010 463.2
1437020 463.1
1437030 462.9
1437040 462.9
1437050 463.5
1437060 464.1
1437070 464.1
1437080 464.4
1437090 464.7
1437100 464.7
1437110 465.1
1437120 465.9
1437130 465.9
1437140 467.1
1437150 469.2
1437160 469.2
1437170 471.8
1437180 473.0
1437190 473.0
1437200 473.3
1437210 473.3
1437220 473.3
1437230 473.2
1437240 473.2
1437250 473.2
1437260 473.6
1437270 474.1
1437280 474.1
1437290 474.6
1437300 475.2
1437310 475.2
1437320 475.9
1437330 476.3
1437340 476.3
1437350 476.5
1437360 476.8
1437370 476.8
1437380 477.1
1437390 477.8
1437400 477.8
1437410 478.5
1437420 479.4
1437430 479.4
1437440 479.9
1437450 480.1
1437460 480.1
1437470 480.5
1437480 480.4
1437490 480.4
1437500 479.4
1437510 478.3
1437520 478.3
1437530 478.1
1437540 478.1
1437550 478.1
1437560 477.7
1437570 477.1
1437580 477.1
1437590 476.8
1437600 476.9
1437610 476.9
1437620 477.3
1437630 477.1
1437640 477.1
1437650 476.5
1437660 476.0
1437670 476.0
1437680 476.0
1437690 476.0
1437700 476.0
1437710 475.9
1437720 475.6
1437730 475.6
1437740 475.1
1437750 474.8
1437760 474.8
1437770 474.6
1437780 474.5
1437790 474.5
1437800 474.5
1437810 474.6
1437820 474.6
1437830 474.7
1437840 474.8
1437850 474.8
1437860 474.9
1437870 474.9
1437880 474.9
1437890 474.9
1437900 475.1
1437910 475.1
1437920 475.2
1437930 475.4
1437940 475.4
1437950 475.3
1437960 475.4
1437970 475.4
1437980 475.4
1437990 475.3
1438000 475.3
1438010 475.2
1438020 475.3
1438030 475.3
1438040 475.3
1438050 475.3
1438060 475.3
1438070 475.7
1438080 475.9
1438090 475.9
1438100 475.9
1438110 475.9
1438120 475.9
1438130 475.9
1438140 475.8
1438150 475.8
1438160 475.9
1438170 475.8
1438180 475.8
1438190 475.7
1438200 475.5
1438210 475.5
1438220 475.5
1438230 475.5
1438240 475.5
1438250 475.5
1438260 475.4
1438270 475.4
1438280 475.3
1438290 475.2
1438300 475.2
1438310 475.1
1438320 475.0
1438330 475.0
1438340 475.0
1438350 474.9
1438360 474.8
1438370 474.8
1438380 474.7
1438390 474.6
1438400 474.6
1438410 474.5
1438420 474.5
1438430 474.5
1438440 474.4
1438450 474.3
1438460 474.3
1438470 474.2
1438480 474.0
1438490 474.0
1438500 473.9
1438510 473.8
1438520 473.8
1438530 473.6
1438540 473.4
1438550 473.4
1438560 473.3
1438570 473.0
1438580 473.0
1438590 472.9
1438600 472.7
1438610 472.7
1438620 472.6
1438630 472.4
1438640 472.4
1438650 472.3
1438660 472.2
1438670 472.2
1438680 472.0
1438690 472.1
1438700 472.1
1438710 472.2
1438720 472.3
1438730 472.3
1438740 472.4
1438750 472.5
1438760 472.5
1438770 472.7
1438780 473.0
1438790 473.0
1438800 473.1
1438810 473.3
1438820 473.3
1438830 473.4
1438840 473.5
1438850 473.5
1438860 473.6
1438870 473.8
1438880 473.8
1438890 473.9
1438900 474.0
1438910 474.0
1438920 474.2
1438930 474.2
1438940 474.2
1438950 474.3
1438960 474.4
1438970 474.4
1438980 474.4
1438990 474.5
1439000 474.5
1439010 474.6
1439020 474.7
1439030 474.7
1439040 474.8
1439050 474.9
1439060 474.9
1439070 475.0
1439080 475.3
1439090 475.3
1439100 475.3
1439110 475.4
1439120 475.4
1439130 475.5
1439140 475.6
1439150 475.6
1439160 475.7
1439170 475.9
1439180 475.9
1439190 476.1
1439200 476.2
1439210 476.2
1439220 476.3
1439230 476.4
1439240 476.4
1439250 476.5
1439260 476.6
1439270 476.6
1439280 476.7
1439290 476.9
1439300 476.9
1439310 476.8
1439320 476.9
1439330 476.9
1439340 477.0
1439350 477.0
1439360 477.0
1439370 477.2
1439380 477.3
1439390 477.3
1439400 477.2
1439410 476.0
1439420 476.0
1439430 472.6
1439440 466.4
1439450 466.4
1439460 466.3
1439470 470.6
1439480 470.6
1439490 475.8
1439500 476.5
1439510 476.5
1439520 476.5
1439530 476.7
1439540 476.7
1439550 477.3
1439560 477.9
1439570 477.9
1439580 478.2
1439590 478.0
1439600 478.0
1439610 478.2
1439620 478.3
1439630 478.3
1439640 478.4
1439650 478.5
1439660 478.5
1439670 478.8
1439680 478.9
1439690 478.9
1439700 478.9
1439710 478.8
1439720 478.8
1439730 478.9
1439740 478.9
1439750 478.9
1439760 478.9
1439770 478.9
1439780 478.9
1439790 478.9
1439800 479.0
1439810 479.0
1439820 479.1
1439830 479.2
1439840 479.2
1439850 479.1
1439860 479.0
1439870 479.0
1439880 478.7
1439890 478.4
1439900 478.4
1439910 478.4
1439920 478.6
1439930 478.6
1439940 479.2
1439950 479.4
1439960 479.4
1439970 479.4
1439980 479.4
1439990 478.9
