1420000 406.3
1420010 410.3
1420020 415.4
1420030 415.4
1420040 421.6
1420050 428.1
1420060 428.1
1420070 434.3
1420080 440.8
1420090 440.8
1420100 447.8
1420110 455.4
1420120 455.4
1420130 461.4
1420140 462.9
1420150 462.9
1420160 462.6
1420170 462.4
1420180 462.4
1420190 462.1
1420200 461.6
1420210 461.6
1420220 460.8
1420230 460.1
1420240 460.1
1420250 459.7
1420260 459.3
1420270 459.3
1420280 460.0
1420290 461.6
1420300 461.6
1420310 463.8
1420320 466.6
1420330 466.6
1420340 469.1
1420350 471.2
1420360 471.2
1420370 473.3
1420380 475.5
1420390 475.5
1420400 477.5
1420410 479.7
1420420 479.7
1420430 482.3
1420440 484.9
1420450 484.9
1420460 486.7
1420470 487.7
1420480 487.7
1420490 488.4
1420500 488.8
1420510 488.8
1420520 489.4
1420530 489.9
1420540 489.9
1420550 490.3
1420560 490.4
1420570 490.4
1420580 490.4
1420590 490.0
1420600 490.0
1420610 489.7
1420620 489.6
1420630 489.6
1420640 489.8
1420650 489.5
1420660 489.5
1420670 489.4
1420680 489.6
1420690 489.6
1420700 489.8
1420710 490.0
1420720 490.0
1420730 490.0
1420740 489.8
1420750 489.5
1420760 489.5
1420770 489.2
1420780 489.1
1420790 489.1
1420800 489.1
1420810 489.2
1420820 489.2
1420830 489.4
1420840 489.6
1420850 489.6
1420860 489.5
1420870 489.2
1420880 489.2
1420890 488.8
1420900 488.4
1420910 488.4
1420920 488.0
1420930 487.7
1420940 487.7
1420950 487.8
1420960 488.1
1420970 488.1
1420980 488.2
1420990 487.8
1421000 487.8
1421010 486.9
1421020 485.7
1421030 485.7
1421040 484.6
1421050 483.6
1421060 483.6
1421070 483.1
1421080 482.9
1421090 482.9
1421100 482.9
1421110 482.5
1421120 482.5
1421130 483.1
1421140 483.6
1421150 483.6
1421160 483.9
1421170 484.1
1421180 484.1
1421190 483.9
1421200 483.5
1421210 483.5
1421220 483.2
1421230 483.0
1421240 483.0
1421250 482.9
1421260 482.9
1421270 482.9
1421280 483.1
1421290 483.5
1421300 483.5
1421310 483.9
1421320 484.5
1421330 484.5
1421340 485.0
1421350 485.2
1421360 485.2
1421370 485.5
1421380 485.7
1421390 485.7
1421400 486.0
1421410 486.1
1421420 486.1
1421430 485.9
1421440 485.7
1421450 485.7
1421460 485.1
1421470 484.5
1421480 484.5
1421490 483.9
1421500 483.6
1421510 483.6
1421520 483.5
1421530 483.6
1421540 483.6
1421550 483.6
1421560 483.3
1421570 483.3
1421580 483.1
1421590 482.9
1421600 482.9
1421610 482.6
1421620 482.3
1421630 482.3
1421640 482.2
1421650 482.1
1421660 482.1
1421670 481.5
1421680 480.7
1421690 480.7
1421700 480.0
1421710 479.5
1421720 479.5
1421730 479.2
1421740 479.0
1421750 479.0
1421760 478.8
1421770 478.6
1421780 478.6
1421790 478.4
1421800 478.2
1421810 478.2
1421820 478.0
1421830 477.9
1421840 477.9
1421850 477.7
1421860 477.7
1421870 477.7
1421880 477.6
1421890 477.5
1421900 477.5
1421910 477.5
1421920 477.5
1421930 477.5
1421940 477.6
1421950 477.7
1421960 477.7
1421970 477.8
1421980 477.9
1421990 477.9
1422000 477.9
1422010 478.1
1422020 478.1
1422030 478.2
1422040 478.3
1422050 478.3
1422060 478.5
1422070 478.7
1422080 478.7
1422090 478.9
1422100 479.1
1422110 479.1
1422120 479.3
1422130 479.4
1422140 479.4
1422150 479.3
1422160 479.2
1422170 479.2
1422180 479.1
1422190 479.0
1422200 479.0
1422210 479.2
1422220 479.5
1422230 479.5
1422240 479.8
1422250 480.1
1422260 480.1
1422270 480.4
1422280 480.6
1422290 480.7
1422300 480.7
1422310 480.7
1422320 480.8
1422330 480.8
1422340 481.0
1422350 481.0
1422360 481.0
1422370 481.1
1422380 481.2
1422390 481.2
1422400 481.3
1422410 481.4
1422420 481.4
1422430 481.6
1422440 481.8
1422450 481.8
1422460 481.9
1422470 482.2
1422480 482.2
1422490 482.5
1422500 483.0
1422510 483.0
1422520 483.6
1422530 484.1
1422540 484.1
1422550 484.8
1422560 485.7
1422570 485.7
1422580 486.9
1422590 488.2
1422600 488.2
1422610 489.0
1422620 489.6
1422630 489.6
1422640 490.0
1422650 490.2
1422660 490.2
1422670 490.6
1422680 490.9
1422690 490.9
1422700 491.2
1422710 491.4
1422720 491.4
1422730 491.5
1422740 491.7
1422750 491.7
1422760 492.1
1422770 492.6
1422780 492.6
1422790 493.0
1422800 493.4
1422810 493.4
1422820 493.5
1422830 492.8
1422840 492.8
1422850 493.7
1422860 494.2
1422870 494.2
1422880 494.5
1422890 494.9
1422900 494.9
1422910 495.2
1422920 495.4
1422930 495.4
1422940 495.6
1422950 496.1
1422960 496.1
1422970 496.6
1422980 496.7
1422990 496.7
1423000 496.7
1423010 496.8
1423020 496.8
1423030 497.0
1423040 497.2
1423050 497.2
1423060 497.2
1423070 497.2
1423080 497.2
1423090 497.4
1423100 497.5
1423110 497.5
1423120 497.5
1423130 497.4
1423140 497.4
1423150 497.0
1423160 496.7
1423170 496.7
1423180 496.5
1423190 496.4
1423200 496.4
1423210 496.5
1423220 496.2
1423230 496.2
1423240 495.9
1423250 495.6
1423260 495.6
1423270 495.6
1423280 495.9
1423290 495.9
1423300 496.8
1423310 497.5
1423320 497.5
1423330 497.9
1423340 497.8
1423350 497.8
1423360 497.7
1423370 497.5
1423380 497.5
1423390 497.3
1423400 497.3
1423410 497.3
1423420 497.5
1423430 497.7
1423440 497.7
1423450 498.1
1423460 498.5
1423470 498.5
1423480 499.0
1423490 498.9
1423500 498.9
1423510 498.3
1423520 497.6
1423530 497.6
1423540 497.2
1423550 497.2
1423560 497.2
1423570 497.5
1423580 497.9
1423590 497.9
1423600 498.4
1423610 499.0
1423620 499.0
1423630 499.5
1423640 499.6
1423650 499.6
1423660 499.5
1423670 499.5
1423680 499.5
1423690 499.5
1423700 499.5
1423710 499.5
1423720 499.4
1423730 499.0
1423740 499.0
1423750 498.7
1423760 498.8
1423770 498.8
1423780 499.2
1423790 499.2
1423800 499.2
1423810 498.7
1423820 497.9
1423830 496.5
1423840 496.5
1423850 494.5
1423860 492.5
1423870 492.5
1423880 491.1
1423890 490.8
1423900 490.8
1423910 491.1
1423920 491.7
1423930 491.7
1423940 491.8
1423950 491.7
1423960 491.7
1423970 491.4
1423980 490.9
1423990 490.9
1424000 490.3
1424010 490.1
1424020 490.1
1424030 490.3
1424040 490.6
1424050 490.6
1424060 490.7
1424070 490.6
1424080 490.6
1424090 490.4
1424100 490.0
1424110 490.0
1424120 489.3
1424130 488.6
1424140 488.6
1424150 488.1
1424160 487.6
1424170 487.6
1424180 486.9
1424190 486.2
1424200 486.2
1424210 486.0
1424220 486.2
1424230 486.2
1424240 486.3
1424250 486.5
1424260 486.5
1424270 486.7
1424280 487.1
1424290 487.1
1424300 487.9
1424310 489.0
1424320 489.0
1424330 490.5
1424340 492.6
1424350 492.6
1424360 494.2
1424370 495.4
1424380 495.4
1424390 496.6
1424400 497.3
1424410 497.3
1424420 497.9
1424430 499.0
1424440 499.0
1424450 500.9
1424460 503.0
1424470 503.0
1424480 504.2
1424490 503.8
1424500 503.8
1424510 502.4
1424520 501.2
1424530 501.2
1424540 501.3
1424550 501.9
1424560 501.9
1424570 502.4
1424580 502.6
1424590 502.6
1424600 502.3
1424610 501.3
1424620 501.3
1424630 500.7
1424640 501.5
1424650 501.5
1424660 503.4
1424670 506.3
1424680 506.3
1424690 508.6
1424700 509.2
1424710 509.2
1424720 508.3
1424730 508.4
1424740 508.4
1424750 510.1
1424760 511.3
1424770 511.3
1424780 511.5
1424790 511.1
1424800 511.1
1424810 510.4
1424820 509.4
1424830 509.4
1424840 508.4
1424850 507.6
1424860 507.6
1424870 507.4
1424880 508.1
1424890 508.1
1424900 508.4
1424910 508.1
1424920 508.1
1424930 507.8
1424940 507.5
1424950 507.5
1424960 507.2
1424970 506.8
1424980 506.8
1424990 506.9
1425000 508.1
1425010 508.1
1425020 509.5
1425030 510.5
1425040 510.5
1425050 511.2
1425060 511.2
1425070 511.2
1425080 510.2
1425090 508.5
1425100 508.5
1425110 507.7
1425120 506.5
1425130 506.5
1425140 504.7
1425150 504.5
1425160 504.5
1425170 505.5
1425180 506.5
1425190 506.5
1425200 506.8
1425210 506.7
1425220 506.7
1425230 505.9
1425240 504.2
1425250 504.2
1425260 502.9
1425270 502.3
1425280 502.3
1425290 501.9
1425300 501.4
1425310 501.4
1425320 501.1
1425330 501.1
1425340 501.1
1425350 500.0
1425360 498.1
1425370 496.9
1425380 496.9
1425390 497.3
1425400 498.0
1425410 498.0
1425420 498.4
1425430 498.8
1425440 498.8
1425450 499.2
1425460 500.0
1425470 500.0
1425480 500.8
1425490 501.4
1425500 501.4
1425510 501.5
1425520 500.8
1425530 500.8
1425540 499.8
1425550 500.2
1425560 500.2
1425570 500.4
1425580 499.0
1425590 499.0
1425600 496.7
1425610 494.5
1425620 494.5
1425630 493.0
1425640 492.2
1425650 492.2
1425660 492.7
1425670 494.7
1425680 494.7
1425690 496.0
1425700 496.5
1425710 496.5
1425720 496.5
1425730 496.5
1425740 496.5
1425750 496.2
1425760 495.6
1425770 495.6
1425780 494.8
1425790 494.6
1425800 494.6
1425810 494.6
1425820 494.0
1425830 494.0
1425840 493.5
1425850 493.0
1425860 493.0
1425870 492.4
1425880 491.7
1425890 491.7
1425900 490.8
1425910 489.4
1425920 489.4
1425930 488.4
1425940 487.9
1425950 487.9
1425960 487.4
1425970 486.6
1425980 486.6
1425990 486.0
1426000 486.6
1426010 486.6
1426020 487.5
1426030 487.9
1426040 487.9
1426050 487.8
1426060 487.6
1426070 487.6
1426080 487.1
1426090 487.1
1426100 487.1
1426110 487.0
1426120 486.9
1426130 486.9
1426140 486.6
1426150 486.3
1426160 486.3
1426170 485.8
1426180 485.3
1426190 485.3
1426200 485.0
1426210 484.8
1426220 484.8
1426230 484.6
1426240 484.4
1426250 484.4
1426260 484.2
1426270 484.2
1426280 484.2
1426290 484.1
1426300 484.1
1426310 484.1
1426320 484.0
1426330 483.7
1426340 483.7
1426350 483.8
1426360 484.1
1426370 484.1
1426380 483.8
1426390 483.0
1426400 483.0
1426410 482.3
1426420 481.7
1426430 481.7
1426440 481.4
1426450 481.3
1426460 481.3
1426470 481.5
1426480 481.5
1426490 481.5
1426500 481.5
1426510 481.5
1426520 481.5
1426530 481.5
1426540 481.4
1426550 481.4
1426560 481.3
1426570 481.2
1426580 481.2
1426590 481.2
1426600 481.1
1426610 481.1
1426620 480.9
1426630 480.7
1426640 480.7
1426650 480.4
1426660 480.3
1426670 480.3
1426680 480.1
1426690 480.0
1426700 480.0
1426710 480.0
1426720 479.8
1426730 479.8
1426740 479.6
1426750 479.6
1426760 479.6
1426770 479.6
1426780 479.5
1426790 479.5
1426800 479.3
1426810 479.4
1426820 479.4
1426830 479.8
1426840 480.2
1426850 480.2
1426860 480.2
1426870 480.2
1426880 480.2
1426890 480.2
1426900 480.1
1426910 480.1
1426920 480.1
1426930 479.8
1426940 479.1
1426950 479.1
1426960 478.1
1426970 477.7
1426980 477.7
1426990 477.8
1427000 478.1
1427010 478.1
1427020 478.3
1427030 478.4
1427040 478.4
1427050 478.5
1427060 478.5
1427070 478.5
1427080 478.5
1427090 478.4
1427100 478.4
1427110 478.4
1427120 478.4
1427130 478.4
1427140 478.3
1427150 478.3
1427160 478.3
1427170 478.3
1427180 478.3
1427190 478.3
1427200 478.3
1427210 478.3
1427220 478.3
1427230 478.1
1427240 478.1
1427250 478.1
1427260 478.2
1427270 478.4
1427280 478.4
1427290 478.5
1427300 478.6
1427310 478.6
1427320 478.8
1427330 479.0
1427340 479.0
1427350 479.1
1427360 479.3
1427370 479.3
1427380 479.4
1427390 479.5
1427400 479.5
1427410 479.6
1427420 479.7
1427430 479.7
1427440 479.7
1427450 479.7
1427460 479.7
1427470 479.7
1427480 479.8
1427490 479.8
1427500 479.9
1427510 480.0
1427520 480.0
1427530 480.2
1427540 480.2
1427550 480.2
1427560 479.9
1427570 480.0
1427580 480.0
1427590 480.0
1427600 480.2
1427610 480.2
1427620 480.4
1427630 480.4
1427640 480.4
1427650 480.4
1427660 480.2
1427670 480.2
1427680 480.0
1427690 479.7
1427700 479.7
1427710 479.6
1427720 479.5
1427730 479.5
1427740 479.4
1427750 479.4
1427760 479.4
1427770 479.3
1427780 479.4
1427790 479.4
1427800 479.5
1427810 479.8
1427820 479.8
1427830 480.7
1427840 481.3
1427850 481.3
1427860 480.9
1427870 480.7
1427880 480.7
1427890 480.9
1427900 481.1
1427910 481.1
1427920 481.2
1427930 481.4
1427940 481.4
1427950 481.5
1427960 481.6
1427970 481.6
1427980 481.8
1427990 482.2
1428000 482.2
1428010 482.9
1428020 483.5
1428030 483.5
1428040 484.1
1428050 484.7
1428060 484.7
1428070 485.4
1428080 486.2
1428090 486.2
1428100 487.0
1428110 487.7
1428120 487.7
1428130 488.1
1428140 488.1
1428150 488.1
1428160 488.2
1428170 488.3
1428180 488.3
1428190 488.4
1428200 488.3
1428210 488.3
1428220 488.1
1428230 488.0
1428240 488.0
1428250 487.9
1428260 487.6
1428270 487.6
1428280 487.4
1428290 487.1
1428300 487.1
1428310 486.9
1428320 486.7
1428330 486.7
1428340 486.6
1428350 486.9
1428360 486.9
1428370 487.6
1428380 488.0
1428390 488.0
1428400 488.1
1428410 487.9
1428420 487.9
1428430 487.4
1428440 487.2
1428450 487.5
1428460 487.5
1428470 488.2
1428480 488.6
1428490 488.6
1428500 488.5
1428510 488.4
1428520 488.4
1428530 488.7
1428540 489.2
1428550 489.2
1428560 490.1
1428570 491.2
1428580 491.2
1428590 492.1
1428600 492.6
1428610 492.6
1428620 492.9
1428630 493.2
1428640 493.2
1428650 493.4
1428660 493.4
1428670 493.4
1428680 493.7
1428690 494.6
1428700 494.6
1428710 495.6
1428720 495.7
1428730 495.7
1428740 495.4
1428750 495.4
1428760 495.4
1428770 496.1
1428780 497.0
1428790 497.0
1428800 497.6
1428810 498.1
1428820 498.1
1428830 498.3
1428840 498.4
1428850 498.4
1428860 498.5
1428870 498.4
1428880 498.4
1428890 498.0
1428900 497.5
1428910 497.5
1428920 497.0
1428930 497.0
1428940 497.0
1428950 497.6
1428960 498.4
1428970 498.4
1428980 498.8
1428990 499.2
1429000 499.2
1429010 499.5
1429020 499.6
1429030 499.6
1429040 499.6
1429050 499.2
1429060 499.2
1429070 498.9
1429080 498.8
1429090 498.8
1429100 498.8
1429110 498.7
1429120 498.7
1429130 498.5
1429140 498.3
1429150 498.3
1429160 498.2
1429170 498.8
1429180 498.8
1429190 499.8
1429200 499.7
1429210 499.7
1429220 497.9
1429230 497.5
1429240 497.5
1429250 499.2
1429260 500.3
1429270 500.3
1429280 500.3
1429290 501.1
1429300 501.1
1429310 501.8
1429320 502.8
1429330 502.8
1429340 503.7
1429350 504.7
1429360 504.7
1429370 505.2
1429380 505.3
1429390 505.3
1429400 505.0
1429410 504.7
1429420 504.7
1429430 504.4
1429440 504.1
1429450 504.1
1429460 503.7
1429470 503.4
1429480 503.4
1429490 502.8
1429500 501.9
1429510 501.9
1429520 501.3
1429530 501.1
1429540 501.1
1429550 501.1
1429560 501.1
1429570 501.1
1429580 500.4
1429590 499.4
1429600 499.4
1429610 498.4
1429620 496.7
1429630 496.7
1429640 494.7
1429650 493.6
1429660 493.6
1429670 493.2
1429680 493.1
1429690 493.1
1429700 493.5
1429710 494.2
1429720 494.2
1429730 495.4
1429740 496.6
1429750 496.6
1429760 497.4
1429770 497.7
1429780 497.7
1429790 497.6
1429800 497.5
1429810 497.5
1429820 497.0
1429830 496.2
1429840 496.2
1429850 494.9
1429860 492.7
1429870 492.7
1429880 492.0
1429890 490.2
1429900 490.2
1429910 490.1
1429920 490.9
1429930 490.9
1429940 491.8
1429950 492.3
1429960 492.3
1429970 492.4
1429980 491.8
1429990 491.0
1430000 491.0
1430010 490.2
1430020 489.5
1430030 489.5
1430040 488.9
1430050 488.4
1430060 488.4
1430070 488.2
1430080 488.0
1430090 488.0
1430100 488.1
1430110 488.3
1430120 488.3
1430130 488.7
1430140 489.0
1430150 489.0
1430160 489.2
1430170 489.0
1430180 489.0
1430190 488.6
1430200 488.4
1430210 488.4
1430220 488.9
1430230 490.1
1430240 490.1
1430250 491.3
1430260 492.2
1430270 492.2
1430280 492.3
1430290 491.5
1430300 491.5
1430310 490.6
1430320 489.4
1430330 489.4
1430340 487.5
1430350 486.3
1430360 486.3
1430370 485.4
1430380 484.7
1430390 484.7
1430400 482.9
1430410 481.4
1430420 481.4
1430430 481.4
1430440 479.6
1430450 479.6
1430460 476.3
1430470 473.9
1430480 473.9
1430490 472.7
1430500 472.6
1430510 472.6
1430520 473.1
1430530 473.7
1430540 473.7
1430550 473.4
1430560 473.3
1430570 473.3
1430580 473.5
1430590 473.5
1430600 473.5
1430610 473.7
1430620 474.2
1430630 474.2
1430640 475.1
1430650 476.0
1430660 476.0
1430670 476.9
1430680 477.4
1430690 477.4
1430700 477.6
1430710 477.7
1430720 477.7
1430730 477.8
1430740 478.2
1430750 478.2
1430760 478.9
1430770 479.2
1430780 479.2
1430790 479.0
1430800 478.9
1430810 478.9
1430820 478.7
1430830 478.4
1430840 478.4
1430850 478.3
1430860 478.2
1430870 478.2
1430880 478.0
1430890 477.6
1430900 477.6
1430910 476.4
1430920 475.6
1430930 475.6
1430940 476.2
1430950 476.7
1430960 476.7
1430970 476.7
1430980 476.8
1430990 476.8
1431000 476.8
1431010 477.3
1431020 477.3
1431030 478.1
1431040 479.0
1431050 479.0
1431060 479.9
1431070 480.4
1431080 480.4
1431090 481.4
1431100 482.2
1431110 482.2
1431120 482.7
1431130 483.1
1431140 483.1
1431150 483.3
1431160 483.6
1431170 483.6
1431180 483.8
1431190 483.9
1431200 483.9
1431210 485.1
1431220 486.3
1431230 486.3
1431240 487.0
1431250 487.8
1431260 487.8
1431270 489.0
1431280 489.6
1431290 489.6
1431300 490.0
1431310 490.3
1431320 490.3
1431330 491.2
1431340 492.6
1431350 492.6
1431360 493.2
1431370 493.4
1431380 493.4
1431390 493.8
1431400 494.3
1431410 494.3
1431420 494.9
1431430 495.3
1431440 495.3
1431450 494.9
1431460 494.7
1431470 494.7
1431480 495.6
1431490 496.6
1431500 496.6
1431510 497.8
1431520 498.0
1431530 497.1
1431540 497.1
1431550 495.9
1431560 494.6
1431570 494.6
1431580 493.5
1431590 492.9
1431600 492.9
1431610 492.9
1431620 493.2
1431630 493.2
1431640 491.9
1431650 490.5
1431660 490.5
1431670 488.5
1431680 488.3
1431690 488.3
1431700 488.8
1431710 488.7
1431720 488.7
1431730 487.8
1431740 486.6
1431750 486.6
1431760 486.1
1431770 486.2
1431780 486.2
1431790 486.8
1431800 487.8
1431810 487.8
1431820 488.8
1431830 489.9
1431840 489.9
1431850 490.1
1431860 488.9
1431870 488.9
1431880 488.6
1431890 488.8
1431900 488.8
1431910 489.2
1431920 490.3
1431930 490.3
1431940 491.1
1431950 491.0
1431960 491.0
1431970 490.6
1431980 489.8
1431990 489.8
1432000 488.4
1432010 487.6
1432020 487.6
1432030 487.8
1432040 489.2
1432050 489.2
1432060 490.5
1432070 491.7
1432080 491.7
1432090 492.5
1432100 493.6
1432110 493.6
1432120 494.2
1432130 493.7
1432140 493.7
1432150 492.2
1432160 490.6
1432170 490.6
1432180 489.6
1432190 489.4
1432200 489.4
1432210 489.8
1432220 489.6
1432230 489.6
1432240 487.0
1432250 484.2
1432260 484.2
1432270 482.5
1432280 481.4
1432290 481.4
1432300 479.8
1432310 478.9
1432320 478.9
1432330 477.1
1432340 473.7
1432350 473.7
1432360 470.0
1432370 466.8
1432380 466.8
1432390 462.3
1432400 457.6
1432410 457.6
1432420 453.8
1432430 451.3
1432440 451.3
1432450 450.0
1432460 449.3
1432470 449.3
1432480 448.6
1432490 448.5
1432500 448.5
1432510 448.8
1432520 449.0
1432530 449.0
1432540 448.7
1432550 447.8
1432560 447.8
1432570 447.8
1432580 448.1
1432590 448.1
1432600 448.3
1432610 448.5
1432620 448.5
1432630 448.7
1432640 449.1
1432650 449.1
1432660 450.5
1432670 451.9
1432680 451.9
1432690 452.2
1432700 452.1
1432710 452.1
1432720 451.5
1432730 451.0
1432740 451.0
1432750 451.1
1432760 451.0
1432770 451.0
1432780 450.6
1432790 451.1
1432800 451.1
1432810 451.9
1432820 453.3
1432830 453.3
1432840 455.6
1432850 457.0
1432860 457.0
1432870 457.4
1432880 457.4
1432890 457.4
1432900 457.4
1432910 457.3
1432920 457.3
1432930 457.2
1432940 457.1
1432950 457.1
1432960 457.1
1432970 457.1
1432980 457.1
1432990 457.0
1433000 456.9
1433010 456.9
1433020 456.9
1433030 457.0
1433040 457.0
1433050 456.8
1433060 456.9
1433070 456.9
1433080 457.1
1433090 457.1
1433100 457.2
1433110 457.2
1433120 457.7
1433130 459.4
1433140 459.4
1433150 461.1
1433160 461.8
1433170 461.8
1433180 461.9
1433190 461.9
1433200 461.9
1433210 461.8
1433220 461.8
1433230 461.8
1433240 461.5
1433250 461.2
1433260 461.2
1433270 461.5
1433280 462.5
1433290 462.5
1433300 463.2
1433310 463.6
1433320 463.6
1433330 464.0
1433340 465.0
1433350 465.0
1433360 466.5
1433370 467.9
1433380 467.9
1433390 468.2
1433400 468.4
1433410 468.4
1433420 469.9
1433430 470.8
1433440 470.8
1433450 470.5
1433460 469.8
1433470 469.8
1433480 469.7
1433490 470.0
1433500 470.0
1433510 469.5
1433520 468.2
1433530 468.2
1433540 467.9
1433550 468.5
1433560 468.5
1433570 469.9
1433580 470.1
1433590 470.1
1433600 469.2
1433610 469.5
1433620 469.5
1433630 470.1
1433640 470.8
1433650 470.8
1433660 471.4
1433670 471.1
1433680 471.1
1433690 470.4
1433700 469.7
1433710 469.7
1433720 469.4
1433730 469.6
1433740 469.6
1433750 469.9
1433760 470.0
1433770 470.0
1433780 470.4
1433790 471.3
1433800 471.3
1433810 471.6
1433820 471.4
1433830 471.4
1433840 471.7
1433850 473.0
1433860 473.0
1433870 474.3
1433880 475.3
1433890 475.3
1433900 476.0
1433910 476.5
1433920 476.5
1433930 476.1
1433940 475.0
1433950 475.0
1433960 473.7
1433970 473.1
1433980 473.1
1433990 473.1
1434000 473.2
1434010 473.2
1434020 473.3
1434030 473.8
1434040 473.8
1434050 474.5
1434060 475.3
1434070 475.3
1434080 476.1
1434090 476.4
1434100 476.4
1434110 476.7
1434120 477.7
1434130 477.7
1434140 479.0
1434150 479.9
1434160 479.9
1434170 480.0
1434180 478.7
1434190 478.7
1434200 476.2
1434210 474.6
1434220 474.6
1434230 474.1
1434240 474.1
1434250 474.1
1434260 474.1
1434270 474.3
1434280 474.3
1434290 474.5
1434300 474.6
1434310 474.6
1434320 474.6
1434330 474.7
1434340 474.7
1434350 474.7
1434360 474.9
1434370 474.9
1434380 475.0
1434390 475.1
1434400 475.1
1434410 475.3
1434420 475.7
1434430 475.7
1434440 476.5
1434450 477.1
1434460 477.1
1434470 477.7
1434480 477.8
1434490 477.8
1434500 477.8
1434510 478.1
1434520 478.1
1434530 478.8
1434540 479.6
1434550 479.6
1434560 479.7
1434570 479.2
1434580 479.2
1434590 478.7
1434600 478.6
1434610 478.6
1434620 478.8
1434630 479.0
1434640 479.1
1434650 479.1
1434660 479.0
1434670 478.9
1434680 478.9
1434690 479.0
1434700 479.6
1434710 479.6
1434720 480.4
1434730 481.7
1434740 481.7
1434750 483.3
1434760 484.7
1434770 484.7
1434780 485.4
1434790 485.7
1434800 485.7
1434810 485.6
1434820 485.3
1434830 484.1
1434840 484.1
1434850 484.8
1434860 484.8
1434870 486.2
1434880 487.3
1434890 487.3
1434900 487.9
1434910 488.0
1434920 488.0
1434930 487.7
1434940 487.0
1434950 487.0
1434960 486.1
1434970 485.1
1434980 485.1
1434990 483.9
1435000 483.2
1435010 483.2
1435020 483.6
1435030 484.8
1435040 484.8
1435050 485.9
1435060 486.5
1435070 486.5
1435080 486.5
1435090 486.3
1435100 486.3
1435110 486.4
1435120 486.0
1435130 486.0
1435140 485.2
1435150 484.2
1435160 484.2
1435170 483.2
1435180 482.3
1435190 482.3
1435200 481.6
1435210 481.1
1435220 481.1
1435230 480.7
1435240 480.6
1435250 480.6
1435260 481.0
1435270 481.7
1435280 481.7
1435290 482.3
1435300 482.5
1435310 482.5
1435320 482.8
1435330 483.1
1435340 483.1
1435350 483.1
1435360 483.1
1435370 483.1
1435380 482.8
1435390 482.3
1435400 482.3
1435410 481.8
1435420 481.3
1435430 481.3
1435440 480.6
1435450 479.8
1435460 479.8
1435470 479.1
1435480 478.7
1435490 478.7
1435500 478.7
1435510 478.9
1435520 478.9
1435530 478.9
1435540 478.6
1435550 478.6
1435560 478.3
1435570 478.2
1435580 478.2
1435590 478.6
1435600 479.1
1435610 479.1
1435620 479.2
1435630 479.0
1435640 479.0
1435650 478.6
1435660 478.4
1435670 478.4
1435680 478.6
1435690 479.0
1435700 479.0
1435710 479.3
1435720 479.3
1435730 479.3
1435740 479.3
1435750 479.8
1435760 479.8
1435770 479.7
1435780 479.2
1435790 479.2
1435800 478.0
1435810 476.4
1435820 476.4
1435830 475.8
1435840 475.6
1435850 475.6
1435860 474.5
1435870 471.8
1435880 471.8
1435890 469.4
1435900 467.6
1435910 467.6
1435920 465.7
1435930 464.9
1435940 464.9
1435950 464.3
1435960 464.0
1435970 464.0
1435980 464.0
1435990 463.8
1436000 463.8
1436010 463.7
1436020 463.7
1436030 463.7
1436040 463.7
1436050 463.7
1436060 463.7
1436070 463.9
1436080 464.1
1436090 464.1
1436100 464.2
1436110 464.3
1436120 464.3
1436130 464.4
1436140 464.5
1436150 464.5
1436160 464.6
1436170 464.8
1436180 464.9
1436190 464.9
1436200 464.9
1436210 465.0
1436220 465.0
1436230 465.0
1436240 465.0
1436250 465.0
1436260 465.1
1436270 465.1
1436280 465.1
1436290 465.3
1436300 465.4
1436310 465.4
1436320 465.3
1436330 465.4
1436340 465.4
1436350 465.4
1436360 465.5
1436370 465.5
1436380 465.5
1436390 465.7
1436400 465.7
1436410 465.8
1436420 465.9
1436430 465.9
1436440 466.2
1436450 466.3
1436460 466.3
1436470 466.4
1436480 466.5
1436490 466.5
1436500 466.6
1436510 466.6
1436520 466.6
1436530 466.8
1436540 466.9
1436550 466.9
1436560 466.9
1436570 467.0
1436580 467.0
1436590 467.2
1436600 467.1
1436610 467.1
1436620 467.1
1436630 467.2
1436640 467.2
1436650 467.3
1436660 467.4
1436670 467.4
1436680 467.5
1436690 467.5
1436700 467.5
1436710 467.6
1436720 467.7
1436730 467.7
1436740 467.8
1436750 467.9
1436760 467.9
1436770 468.0
1436780 468.1
1436790 468.1
1436800 468.2
1436810 468.2
1436820 468.2
1436830 468.1
1436840 468.1
1436850 468.1
1436860 468.1
1436870 468.2
1436880 468.2
1436890 468.2
1436900 468.3
1436910 468.3
1436920 468.4
1436930 468.5
1436940 468.5
1436950 468.7
1436960 468.7
1436970 468.7
1436980 468.6
1436990 468.6
1437000 468.6
1437010 468.6
1437020 468.3
1437030 468.3
1437040 468.0
1437050 467.8
1437060 467.8
1437070 467.8
1437080 467.6
1437090 467.6
1437100 467.7
1437110 467.9
1437120 467.9
1437130 468.0
1437140 468.0
1437150 468.0
1437160 467.9
1437170 467.8
1437180 467.8
1437190 467.8
1437200 467.6
1437210 467.6
1437220 467.6
1437230 467.6
1437240 467.6
1437250 467.8
1437260 467.7
1437270 467.7
1437280 467.8
1437290 467.6
1437300 467.6
1437310 467.4
1437320 467.4
1437330 467.4
1437340 467.3
1437350 467.6
1437360 467.6
1437370 467.7
1437380 468.0
1437390 468.0
1437400 468.0
1437410 468.0
1437420 468.0
1437430 467.9
1437440 467.6
1437450 467.6
1437460 467.4
1437470 467.4
1437480 467.4
1437490 467.2
1437500 467.3
1437510 467.3
1437520 467.5
1437530 467.7
1437540 467.7
1437550 467.8
1437560 468.0
1437570 468.0
1437580 468.0
1437590 468.2
1437600 468.2
1437610 468.6
1437620 468.9
1437630 468.9
1437640 469.2
1437650 470.1
1437660 470.1
1437670 471.7
1437680 473.8
1437690 473.8
1437700 476.1
1437710 477.3
1437720 477.3
1437730 478.5
1437740 479.4
1437750 479.6
1437760 479.6
1437770 479.9
1437780 480.0
1437790 480.0
1437800 480.8
1437810 481.9
1437820 481.9
1437830 481.9
1437840 481.4
1437850 481.4
1437860 480.9
1437870 480.9
1437880 480.9
1437890 481.0
1437900 480.9
1437910 480.9
1437920 480.7
1437930 480.7
1437940 480.7
1437950 480.8
1437960 481.2
1437970 481.2
1437980 481.7
1437990 483.3
1438000 483.3
1438010 485.9
1438020 487.5
1438030 487.5
1438040 488.2
1438050 489.0
1438060 489.0
1438070 489.3
1438080 489.8
1438090 489.8
1438100 490.7
1438110 492.2
1438120 492.2
1438130 492.8
1438140 492.1
1438150 492.1
1438160 491.3
1438170 491.2
1438180 491.2
1438190 491.2
1438200 491.3
1438210 491.3
1438220 491.6
1438230 492.5
1438240 492.5
1438250 493.2
1438260 493.7
1438270 493.7
1438280 494.6
1438290 495.6
1438300 495.6
1438310 496.4
1438320 497.2
1438330 497.2
1438340 498.0
1438350 498.0
1438360 498.0
1438370 497.7
1438380 497.7
1438390 497.7
1438400 496.9
1438410 495.7
1438420 495.7
1438430 494.5
1438440 493.4
1438450 493.4
1438460 493.9
1438470 493.7
1438480 493.7
1438490 493.2
1438500 492.4
1438510 492.4
1438520 491.4
1438530 491.3
1438540 491.3
1438550 492.4
1438560 492.9
1438570 492.9
1438580 492.6
1438590 492.5
1438600 492.5
1438610 493.0
1438620 493.0
1438630 493.0
1438640 492.6
1438650 492.0
1438660 492.0
1438670 491.7
1438680 491.4
1438690 491.4
1438700 491.0
1438710 490.3
1438720 490.3
1438730 489.9
1438740 490.2
1438750 490.2
1438760 490.3
1438770 489.8
1438780 489.8
1438790 489.8
1438800 489.9
1438810 489.9
1438820 489.9
1438830 489.2
1438840 489.2
1438850 488.7
1438860 488.2
1438870 488.2
1438880 487.0
1438890 486.7
1438900 486.7
1438910 486.9
1438920 487.1
1438930 487.1
1438940 487.0
1438950 486.4
1438960 486.4
1438970 485.7
1438980 485.2
1438990 485.2
1439000 484.5
1439010 484.0
1439020 484.0
1439030 484.0
1439040 484.3
1439050 484.3
1439060 484.6
1439070 484.7
1439080 484.7
1439090 484.8
1439100 484.9
1439110 484.9
1439120 485.0
1439130 484.8
1439140 484.8
1439150 484.5
1439160 484.1
1439170 484.1
1439180 484.0
1439190 484.2
1439200 484.2
1439210 484.2
1439220 484.3
1439230 484.3
1439240 484.2
1439250 484.4
1439260 484.4
1439270 484.8
1439280 485.2
1439290 485.3
1439300 485.3
1439310 485.6
1439320 485.8
1439330 485.8
1439340 486.0
1439350 486.2
1439360 486.2
1439370 486.5
1439380 486.7
1439390 486.7
1439400 486.8
1439410 486.9
1439420 486.9
1439430 486.9
1439440 486.7
1439450 486.7
1439460 486.2
1439470 485.1
1439480 485.1
1439490 483.8
1439500 482.3
1439510 482.3
1439520 477.5
1439530 474.7
1439540 474.7
1439550 472.9
1439560 470.6
1439570 470.6
1439580 468.2
1439590 468.1
1439600 468.1
1439610 468.1
1439620 468.3
1439630 468.3
1439640 468.3
1439650 468.7
1439660 468.7
1439670 470.0
1439680 469.9
1439690 469.9
1439700 468.5
1439710 468.2
1439720 468.2
1439730 468.3
1439740 468.6
1439750 468.6
1439760 469.3
1439770 474.0
1439780 474.0
1439790 477.0
1439800 480.4
1439810 480.4
1439820 482.3
1439830 483.7
1439840 483.7
1439850 483.5
1439860 483.5
1439870 483.5
1439880 483.6
1439890 483.7
1439900 483.7
1439910 483.8
1439920 483.9
1439930 483.9
1439940 484.0
1439950 484.1
1439960 484.1
1439970 484.2
1439980 484.2
1439990 484.2
