1420000 423.7
1420010 423.7
1420020 423.5
1420030 423.3
1420040 423.3
1420050 423.0
1420060 422.8
1420070 422.8
1420080 422.4
1420090 421.0
1420100 421.0
1420110 415.7
1420120 408.5
1420130 408.5
1420140 401.8
1420150 394.9
1420160 394.9
1420170 387.4
1420180 379.8
1420190 379.8
1420200 373.5
1420210 369.1
1420220 369.1
1420230 366.5
1420240 366.2
1420250 366.2
1420260 364.9
1420270 362.4
1420280 362.4
1420290 361.6
1420300 361.6
1420310 361.6
1420320 361.6
1420330 361.6
1420340 361.6
1420350 361.6
1420360 361.6
1420370 361.6
1420380 361.7
1420390 362.4
1420400 362.4
1420410 364.6
1420420 365.1
1420430 365.1
1420440 364.9
1420450 365.7
1420460 365.7
1420470 367.3
1420480 372.0
1420490 372.0
1420500 378.8
1420510 387.2
1420520 387.2
1420530 394.7
1420540 402.7
1420550 402.7
1420560 410.7
1420570 418.0
1420580 418.0
1420590 421.8
1420600 424.0
1420610 424.0
1420620 426.5
1420630 428.2
1420640 428.2
1420650 429.9
1420660 431.7
1420670 431.7
1420680 432.6
1420690 434.1
1420700 434.1
1420710 436.3
1420720 438.6
1420730 438.6
1420740 440.5
1420750 442.5
1420760 442.5
1420770 442.6
1420780 443.1
1420790 443.1
1420800 446.8
1420810 449.2
1420820 449.2
1420830 451.3
1420840 455.2
1420850 455.2
1420860 458.3
1420870 460.6
1420880 460.6
1420890 462.7
1420900 464.2
1420910 464.2
1420920 464.3
1420930 464.2
1420940 464.2
1420950 464.8
1420960 465.3
1420970 465.3
1420980 465.6
1420990 465.7
1421000 465.7
1421010 465.6
1421020 465.6
1421030 465.6
1421040 465.6
1421050 465.7
1421060 465.6
1421070 465.6
1421080 465.6
1421090 465.7
1421100 465.7
1421110 465.8
1421120 466.0
1421130 466.0
1421140 465.9
1421150 466.0
1421160 466.0
1421170 466.1
1421180 466.3
1421190 466.3
1421200 466.4
1421210 466.4
1421220 466.4
1421230 466.5
1421240 466.7
1421250 466.7
1421260 467.2
1421270 467.8
1421280 467.8
1421290 468.1
1421300 468.2
1421310 468.2
1421320 468.1
1421330 468.1
1421340 468.1
1421350 468.0
1421360 467.9
1421370 467.9
1421380 467.7
1421390 467.6
1421400 467.6
1421410 467.5
1421420 467.3
1421430 467.3
1421440 467.2
1421450 467.1
1421460 467.1
1421470 467.0
1421480 467.0
1421490 467.0
1421500 467.0
1421510 467.1
1421520 467.1
1421530 467.0
1421540 466.9
1421550 466.9
1421560 466.7
1421570 466.4
1421580 466.4
1421590 466.3
1421600 466.2
1421610 466.2
1421620 466.2
1421630 466.2
1421640 466.2
1421650 466.3
1421660 466.1
1421670 466.1
1421680 466.0
1421690 465.9
1421700 465.9
1421710 465.7
1421720 465.7
1421730 465.7
1421740 465.8
1421750 465.8
1421760 465.8
1421770 465.8
1421780 465.8
1421790 465.8
1421800 465.8
1421810 466.0
1421820 466.0
1421830 466.2
1421840 466.1
1421850 466.1
1421860 466.0
1421870 465.8
1421880 465.8
1421890 465.7
1421900 465.7
1421910 465.7
1421920 465.6
1421930 465.6
1421940 465.6
1421950 465.6
1421960 465.5
1421970 465.5
1421980 465.3
1421990 465.2
1422000 465.2
1422010 465.4
1422020 465.3
1422030 465.3
1422040 465.2
1422050 465.1
1422060 465.1
1422070 465.0
1422080 464.9
1422090 464.9
1422100 464.9
1422110 464.8
1422120 464.8
1422130 464.6
1422140 464.6
1422150 464.6
1422160 464.4
1422170 464.3
1422180 464.3
1422190 464.3
1422200 464.5
1422210 464.5
1422220 464.3
1422230 464.0
1422240 464.0
1422250 463.9
1422260 463.9
1422270 463.9
1422280 463.8
1422290 463.7
1422300 463.7
1422310 463.6
1422320 463.6
1422330 463.6
1422340 463.5
1422350 463.3
1422360 463.3
1422370 463.3
1422380 463.6
1422390 463.6
1422400 463.7
1422410 463.5
1422420 463.5
1422430 463.3
1422440 463.0
1422450 463.0
1422460 462.7
1422470 462.5
1422480 462.5
1422490 462.2
1422500 461.2
1422510 461.2
1422520 457.4
1422530 453.8
1422540 453.8
1422550 451.4
1422560 449.2
1422570 449.2
1422580 449.2
1422590 449.6
1422600 449.6
1422610 449.2
1422620 444.9
1422630 444.9
1422640 440.1
1422650 437.1
1422660 437.1
1422670 435.3
1422680 437.6
1422690 437.6
1422700 440.3
1422710 444.6
1422720 444.6
1422730 450.6
1422740 457.9
1422750 457.9
1422760 462.7
1422770 463.8
1422780 464.1
1422790 464.1
1422800 464.2
1422810 464.3
1422820 464.3
1422830 464.5
1422840 464.4
1422850 464.4
1422860 464.6
1422870 464.9
1422880 464.9
1422890 465.2
1422900 465.3
1422910 465.3
1422920 465.4
1422930 465.5
1422940 465.5
1422950 465.5
1422960 465.5
1422970 465.5
1422980 464.8
1422990 464.2
1423000 464.2
1423010 464.9
1423020 465.2
1423030 465.2
1423040 465.1
1423050 464.6
1423060 464.6
1423070 464.5
1423080 464.2
1423090 464.2
1423100 463.2
1423110 462.2
1423120 462.2
1423130 462.9
1423140 461.1
1423150 461.1
1423160 456.4
1423170 450.0
1423180 450.0
1423190 441.7
1423200 437.3
1423210 437.3
1423220 437.7
1423230 436.2
1423240 436.2
1423250 433.1
1423260 430.6
1423270 430.6
1423280 430.8
1423290 434.0
1423300 434.0
1423310 438.3
1423320 442.4
1423330 442.4
1423340 447.8
1423350 455.2
1423360 455.2
1423370 462.9
1423380 467.2
1423390 467.2
1423400 468.4
1423410 468.9
1423420 468.9
1423430 469.8
1423440 471.0
1423450 471.0
1423460 472.2
1423470 473.2
1423480 473.2
1423490 473.9
1423500 474.5
1423510 474.5
1423520 474.9
1423530 475.1
1423540 475.1
1423550 475.2
1423560 475.2
1423570 475.2
1423580 475.3
1423590 475.3
1423600 475.3
1423610 475.3
1423620 475.2
1423630 475.2
1423640 475.1
1423650 474.9
1423660 474.9
1423670 474.8
1423680 474.7
1423690 474.7
1423700 474.8
1423710 474.7
1423720 474.7
1423730 474.3
1423740 474.1
1423750 474.1
1423760 474.0
1423770 473.9
1423780 473.9
1423790 473.8
1423800 473.6
1423810 473.6
1423820 473.4
1423830 473.1
1423840 473.1
1423850 473.0
1423860 472.8
1423870 472.8
1423880 472.5
1423890 472.2
1423900 472.2
1423910 472.1
1423920 471.7
1423930 471.7
1423940 471.3
1423950 470.8
1423960 470.8
1423970 470.2
1423980 469.2
1423990 469.2
1424000 467.9
1424010 467.0
1424020 467.0
1424030 466.6
1424040 466.4
1424050 466.4
1424060 466.3
1424070 466.3
1424080 466.3
1424090 466.0
1424100 466.0
1424110 466.0
1424120 466.2
1424130 466.5
1424140 466.5
1424150 466.7
1424160 466.8
1424170 466.8
1424180 467.0
1424190 467.1
1424200 467.1
1424210 467.1
1424220 467.1
1424230 467.1
1424240 467.1
1424250 467.1
1424260 467.1
1424270 466.9
1424280 466.8
1424290 466.8
1424300 466.7
1424310 466.9
1424320 466.9
1424330 466.9
1424340 467.1
1424350 467.1
1424360 467.2
1424370 467.4
1424380 467.4
1424390 467.5
1424400 467.5
1424410 467.5
1424420 467.7
1424430 467.8
1424440 467.8
1424450 468.1
1424460 468.0
1424470 467.9
1424480 467.9
1424490 467.8
1424500 467.8
1424510 467.8
1424520 467.8
1424530 467.7
1424540 467.7
1424550 467.7
1424560 467.5
1424570 467.5
1424580 467.3
1424590 467.3
1424600 467.3
1424610 467.3
1424620 467.3
1424630 467.3
1424640 467.5
1424650 467.6
1424660 467.6
1424670 467.4
1424680 467.2
1424690 467.2
1424700 467.1
1424710 467.0
1424720 467.0
1424730 467.1
1424740 467.1
1424750 467.1
1424760 466.6
1424770 465.6
1424780 465.6
1424790 465.1
1424800 465.0
1424810 465.0
1424820 464.9
1424830 464.9
1424840 464.9
1424850 464.8
1424860 464.9
1424870 464.9
1424880 465.0
1424890 465.2
1424900 465.2
1424910 465.4
1424920 465.4
1424930 465.4
1424940 465.3
1424950 465.2
1424960 465.2
1424970 465.1
1424980 465.2
1424990 465.2
1425000 465.4
1425010 465.7
1425020 465.7
1425030 465.8
1425040 465.8
1425050 465.8
1425060 465.8
1425070 466.0
1425080 466.0
1425090 466.0
1425100 466.0
1425110 466.0
1425120 466.0
1425130 465.8
1425140 465.8
1425150 465.7
1425160 465.5
1425170 465.5
1425180 465.5
1425190 465.4
1425200 465.4
1425210 465.3
1425220 465.3
1425230 465.3
1425240 465.0
1425250 465.0
1425260 465.0
1425270 465.1
1425280 465.0
1425290 465.0
1425300 464.9
1425310 464.8
1425320 464.8
1425330 464.7
1425340 464.6
1425350 464.6
1425360 464.6
1425370 464.6
1425380 464.6
1425390 464.6
1425400 464.7
1425410 464.7
1425420 464.9
1425430 464.8
1425440 464.8
1425450 464.7
1425460 465.0
1425470 465.0
1425480 465.4
1425490 465.8
1425500 465.8
1425510 466.2
1425520 466.5
1425530 466.5
1425540 466.7
1425550 467.0
1425560 467.0
1425570 467.1
1425580 467.1
1425590 467.1
1425600 467.0
1425610 466.9
1425620 466.9
1425630 466.7
1425640 466.6
1425650 466.6
1425660 466.5
1425670 466.4
1425680 466.4
1425690 466.2
1425700 466.0
1425710 466.0
1425720 465.9
1425730 465.7
1425740 465.7
1425750 465.5
1425760 465.4
1425770 465.4
1425780 465.2
1425790 464.9
1425800 464.9
1425810 464.8
1425820 464.6
1425830 464.6
1425840 464.0
1425850 463.2
1425860 463.2
1425870 462.6
1425880 462.3
1425890 462.3
1425900 462.3
1425910 462.9
1425920 462.9
1425930 463.6
1425940 464.3
1425950 464.3
1425960 464.8
1425970 465.3
1425980 465.3
1425990 465.8
1426000 466.6
1426010 466.6
1426020 468.1
1426030 469.7
1426040 469.7
1426050 471.6
1426060 473.3
1426070 473.3
1426080 474.4
1426090 475.5
1426100 475.5
1426110 477.4
1426120 478.9
1426130 478.9
1426140 479.6
1426150 480.0
1426160 480.2
1426170 480.2
1426180 480.3
1426190 480.0
1426200 480.0
1426210 479.4
1426220 478.9
1426230 478.9
1426240 478.3
1426250 477.7
1426260 477.7
1426270 477.1
1426280 476.6
1426290 476.6
1426300 476.1
1426310 475.6
1426320 475.6
1426330 475.1
1426340 474.7
1426350 474.7
1426360 474.2
1426370 473.9
1426380 473.9
1426390 473.6
1426400 473.3
1426410 473.3
1426420 473.3
1426430 473.2
1426440 473.2
1426450 473.3
1426460 473.4
1426470 473.4
1426480 473.6
1426490 473.5
1426500 473.5
1426510 473.5
1426520 473.9
1426530 473.9
1426540 474.0
1426550 474.1
1426560 474.1
1426570 474.0
1426580 474.0
1426590 474.0
1426600 473.7
1426610 473.2
1426620 473.2
1426630 472.6
1426640 472.0
1426650 472.0
1426660 470.8
1426670 469.8
1426680 469.8
1426690 468.2
1426700 466.9
1426710 466.9
1426720 465.7
1426730 464.6
1426740 464.6
1426750 463.6
1426760 462.7
1426770 462.7
1426780 461.9
1426790 461.2
1426800 461.2
1426810 460.4
1426820 459.9
1426830 459.9
1426840 459.3
1426850 458.8
1426860 458.8
1426870 458.4
1426880 458.1
1426890 458.1
1426900 457.7
1426910 457.3
1426920 457.3
1426930 457.0
1426940 457.1
1426950 457.1
1426960 457.2
1426970 457.4
1426980 457.4
1426990 457.6
1427000 457.6
1427010 457.6
1427020 457.7
1427030 457.6
1427040 457.6
1427050 457.8
1427060 458.3
1427070 458.3
1427080 458.6
1427090 458.7
1427100 458.7
1427110 458.9
1427120 459.0
1427130 459.0
1427140 459.4
1427150 459.6
1427160 459.6
1427170 459.8
1427180 460.0
1427190 460.0
1427200 460.1
1427210 460.2
1427220 460.2
1427230 460.3
1427240 460.4
1427250 460.4
1427260 460.5
1427270 460.5
1427280 460.5
1427290 460.6
1427300 460.8
1427310 460.8
1427320 460.9
1427330 461.0
1427340 461.0
1427350 461.1
1427360 461.3
1427370 461.3
1427380 461.4
1427390 461.6
1427400 461.6
1427410 461.7
1427420 461.8
1427430 461.8
1427440 462.1
1427450 462.2
1427460 462.2
1427470 462.1
1427480 462.2
1427490 462.2
1427500 462.3
1427510 462.3
1427520 462.3
1427530 462.3
1427540 462.4
1427550 462.4
1427560 462.5
1427570 462.6
1427580 462.6
1427590 462.6
1427600 462.7
1427610 462.7
1427620 462.7
1427630 462.6
1427640 462.6
1427650 462.6
1427660 462.6
1427670 462.6
1427680 462.5
1427690 462.6
1427700 462.6
1427710 462.7
1427720 462.4
1427730 462.4
1427740 462.1
1427750 462.1
1427760 462.1
1427770 462.1
1427780 462.1
1427790 462.1
1427800 462.1
1427810 462.0
1427820 462.0
1427830 462.1
1427840 462.1
1427850 462.1
1427860 462.1
1427870 462.1
1427880 462.3
1427890 462.3
1427900 462.3
1427910 462.3
1427920 462.3
1427930 461.9
1427940 460.8
1427950 460.8
1427960 460.1
1427970 459.7
1427980 459.7
1427990 459.3
1428000 459.0
1428010 459.0
1428020 458.6
1428030 458.4
1428040 458.4
1428050 458.5
1428060 458.9
1428070 458.9
1428080 459.9
1428090 461.0
1428100 461.0
1428110 461.9
1428120 463.0
1428130 463.0
1428140 464.1
1428150 464.9
1428160 464.9
1428170 465.5
1428180 465.9
1428190 465.9
1428200 466.2
1428210 466.6
1428220 466.6
1428230 467.0
1428240 467.4
1428250 467.4
1428260 467.6
1428270 467.8
1428280 467.8
1428290 468.0
1428300 468.2
1428310 468.2
1428320 468.5
1428330 468.8
1428340 468.8
1428350 469.3
1428360 469.5
1428370 469.5
1428380 469.6
1428390 469.7
1428400 469.7
1428410 469.4
1428420 469.6
1428430 469.6
1428440 469.7
1428450 469.7
1428460 469.7
1428470 469.5
1428480 469.2
1428490 469.2
1428500 469.1
1428510 468.9
1428520 468.9
1428530 468.7
1428540 468.4
1428550 468.4
1428560 468.3
1428570 468.2
1428580 468.2
1428590 468.0
1428600 467.9
1428610 467.9
1428620 467.6
1428630 467.3
1428640 467.3
1428650 467.0
1428660 466.6
1428670 466.6
1428680 466.4
1428690 466.2
1428700 466.2
1428710 466.0
1428720 465.8
1428730 465.8
1428740 465.5
1428750 465.3
1428760 465.3
1428770 465.1
1428780 464.8
1428790 464.8
1428800 464.6
1428810 464.4
1428820 464.4
1428830 464.1
1428840 463.8
1428850 463.8
1428860 463.8
1428870 463.8
1428880 463.8
1428890 463.8
1428900 463.9
1428910 463.9
1428920 463.9
1428930 463.7
1428940 463.7
1428950 463.8
1428960 464.0
1428970 464.0
1428980 464.1
1428990 464.3
1429000 464.3
1429010 464.4
1429020 464.5
1429030 464.5
1429040 464.6
1429050 464.7
1429060 464.7
1429070 464.7
1429080 464.6
1429090 464.6
1429100 464.4
1429110 464.1
1429120 464.1
1429130 463.9
1429140 463.1
1429150 463.1
1429160 461.6
1429170 459.4
1429180 459.4
1429190 457.8
1429200 457.1
1429210 457.1
1429220 456.8
1429230 456.7
1429240 456.7
1429250 456.4
1429260 456.0
1429270 456.0
1429280 455.8
1429290 455.6
1429300 455.6
1429310 455.5
1429320 455.5
1429330 455.5
1429340 455.4
1429350 455.3
1429360 455.3
1429370 455.2
1429380 455.1
1429390 455.1
1429400 455.0
1429410 454.9
1429420 454.9
1429430 454.8
1429440 454.7
1429450 454.7
1429460 454.6
1429470 454.5
1429480 454.5
1429490 454.4
1429500 454.4
1429510 454.4
1429520 454.5
1429530 455.5
1429540 456.4
1429550 456.4
1429560 454.7
1429570 454.3
1429580 454.3
1429590 454.2
1429600 454.2
1429610 454.2
1429620 454.2
1429630 454.1
1429640 454.1
1429650 454.1
1429660 454.1
1429670 454.1
1429680 454.2
1429690 454.3
1429700 454.3
1429710 454.4
1429720 454.5
1429730 454.5
1429740 454.6
1429750 454.6
1429760 454.6
1429770 454.8
1429780 454.8
1429790 454.8
1429800 454.9
1429810 455.0
1429820 455.0
1429830 455.1
1429840 455.2
1429850 455.2
1429860 455.3
1429870 455.3
1429880 455.3
1429890 455.4
1429900 455.5
1429910 455.5
1429920 455.4
1429930 455.5
1429940 455.5
1429950 455.6
1429960 455.7
1429970 455.7
1429980 455.7
1429990 455.7
1430000 455.7
1430010 455.8
1430020 455.7
1430030 455.7
1430040 455.8
1430050 455.8
1430060 455.8
1430070 455.9
1430080 455.9
1430090 455.9
1430100 455.8
1430110 456.0
1430120 456.0
1430130 455.8
1430140 455.9
1430150 455.9
1430160 455.9
1430170 456.0
1430180 456.0
1430190 455.9
1430200 456.0
1430210 456.0
1430220 455.8
1430230 455.8
1430240 455.8
1430250 455.8
1430260 455.8
1430270 455.8
1430280 455.9
1430290 455.9
1430300 455.9
1430310 456.1
1430320 456.0
1430330 456.0
1430340 456.0
1430350 456.1
1430360 456.1
1430370 456.0
1430380 456.1
1430390 456.1
1430400 456.0
1430410 456.0
1430420 456.0
1430430 455.9
1430440 455.9
1430450 455.9
1430460 455.8
1430470 455.8
1430480 455.8
1430490 455.8
1430500 455.8
1430510 455.8
1430520 455.8
1430530 455.8
1430540 455.8
1430550 455.8
1430560 455.7
1430570 455.7
1430580 455.7
1430590 455.8
1430600 455.8
1430610 455.8
1430620 455.9
1430630 455.9
1430640 455.9
1430650 455.9
1430660 455.9
1430670 456.0
1430680 456.2
1430690 456.2
1430700 456.4
1430710 456.5
1430720 456.5
1430730 456.5
1430740 456.5
1430750 456.5
1430760 456.6
1430770 456.5
1430780 456.5
1430790 456.5
1430800 456.5
1430810 456.5
1430820 456.4
1430830 456.4
1430840 456.4
1430850 456.4
1430860 456.4
1430870 456.4
1430880 456.4
1430890 456.4
1430900 456.4
1430910 456.5
1430920 456.6
1430930 456.6
1430940 456.6
1430950 456.7
1430960 456.7
1430970 456.8
1430980 456.9
1430990 456.9
1431000 457.0
1431010 457.0
1431020 457.0
1431030 457.0
1431040 457.0
1431050 457.0
1431060 457.3
1431070 457.3
1431080 457.3
1431090 457.2
1431100 457.2
1431110 457.2
1431120 457.2
1431130 457.2
1431140 457.2
1431150 457.2
1431160 457.3
1431170 457.3
1431180 457.3
1431190 457.4
1431200 457.4
1431210 457.4
1431220 457.4
1431230 457.4
1431240 457.4
1431250 457.4
1431260 457.4
1431270 457.4
1431280 457.4
1431290 457.3
1431300 457.3
1431310 457.4
1431320 457.3
1431330 457.3
1431340 457.1
1431350 457.2
1431360 457.2
1431370 457.2
1431380 457.2
1431390 457.2
1431400 457.4
1431410 457.4
1431420 457.4
1431430 457.2
1431440 457.1
1431450 457.1
1431460 457.0
1431470 456.8
1431480 456.8
1431490 456.8
1431500 456.7
1431510 456.7
1431520 456.7
1431530 456.6
1431540 456.6
1431550 456.6
1431560 456.5
1431570 456.5
1431580 456.5
1431590 456.4
1431600 456.4
1431610 456.2
1431620 456.2
1431630 456.2
1431640 456.2
1431650 456.0
1431660 456.0
1431670 455.8
1431680 455.7
1431690 455.7
1431700 455.7
1431710 455.6
1431720 455.6
1431730 455.5
1431740 455.5
1431750 455.5
1431760 455.5
1431770 455.5
1431780 455.5
1431790 455.4
1431800 455.3
1431810 455.3
1431820 455.2
1431830 455.1
1431840 455.1
1431850 454.9
1431860 454.8
1431870 454.8
1431880 454.7
1431890 454.5
1431900 454.5
1431910 454.4
1431920 454.3
1431930 454.3
1431940 454.3
1431950 454.3
1431960 454.3
1431970 454.1
1431980 454.0
1431990 454.0
1432000 453.9
1432010 453.9
1432020 453.9
1432030 453.8
1432040 453.7
1432050 453.7
1432060 453.6
1432070 453.6
1432080 453.6
1432090 453.5
1432100 453.5
1432110 453.5
1432120 453.4
1432130 453.2
1432140 453.2
1432150 453.1
1432160 453.0
1432170 453.0
1432180 452.9
1432190 452.9
1432200 452.9
1432210 452.9
1432220 452.8
1432230 452.8
1432240 452.8
1432250 452.7
1432260 452.7
1432270 452.7
1432280 452.7
1432290 452.7
1432300 452.5
1432310 452.2
1432320 452.2
1432330 452.0
1432340 451.5
1432350 451.5
1432360 451.0
1432370 450.6
1432380 450.6
1432390 450.3
1432400 450.0
1432410 450.0
1432420 449.6
1432430 449.3
1432440 449.3
1432450 449.1
1432460 448.8
1432470 448.8
1432480 448.9
1432490 449.5
1432500 449.5
1432510 450.1
1432520 450.6
1432530 450.6
1432540 450.9
1432550 451.2
1432560 451.2
1432570 451.3
1432580 451.1
1432590 451.1
1432600 450.9
1432610 450.9
1432620 450.9
1432630 450.9
1432640 450.4
1432650 450.4
1432660 449.5
1432670 447.9
1432680 447.9
1432690 447.1
1432700 446.8
1432710 446.8
1432720 446.6
1432730 445.8
1432740 445.8
1432750 445.1
1432760 445.0
1432770 445.0
1432780 445.3
1432790 445.4
1432800 445.4
1432810 445.2
1432820 445.3
1432830 445.3
1432840 445.2
1432850 445.0
1432860 445.0
1432870 444.9
1432880 444.7
1432890 444.7
1432900 444.5
1432910 444.3
1432920 444.3
1432930 444.1
1432940 444.1
1432950 444.1
1432960 444.1
1432970 444.0
1432980 444.1
1432990 444.1
1433000 444.5
1433010 444.6
1433020 444.6
1433030 444.5
1433040 444.6
1433050 444.6
1433060 444.5
1433070 444.6
1433080 444.6
1433090 444.5
1433100 444.5
1433110 444.5
1433120 444.3
1433130 443.9
1433140 443.9
1433150 443.5
1433160 443.3
1433170 443.3
1433180 443.0
1433190 443.0
1433200 443.0
1433210 443.1
1433220 443.1
1433230 443.1
1433240 443.0
1433250 442.9
1433260 442.9
1433270 442.8
1433280 442.8
1433290 442.8
1433300 442.9
1433310 443.0
1433320 443.0
1433330 443.0
1433340 443.0
1433350 443.0
1433360 443.0
1433370 443.0
1433380 443.0
1433390 443.0
1433400 443.1
1433410 443.1
1433420 442.9
1433430 442.8
1433440 442.8
1433450 442.7
1433460 442.9
1433470 442.9
1433480 442.7
1433490 441.5
1433500 441.5
1433510 440.7
1433520 440.4
1433530 440.4
1433540 440.3
1433550 440.1
1433560 440.1
1433570 440.0
1433580 439.8
1433590 439.8
1433600 439.6
1433610 439.4
1433620 439.4
1433630 439.3
1433640 439.5
1433650 439.5
1433660 439.5
1433670 439.2
1433680 439.2
1433690 439.1
1433700 439.1
1433710 439.1
1433720 439.1
1433730 439.5
1433740 439.5
1433750 440.1
1433760 440.8
1433770 440.8
1433780 443.2
1433790 446.6
1433800 446.6
1433810 447.7
1433820 447.8
1433830 447.8
1433840 447.7
1433850 447.7
1433860 447.7
1433870 447.5
1433880 447.4
1433890 447.4
1433900 447.3
1433910 447.3
1433920 447.3
1433930 447.2
1433940 447.1
1433950 447.1
1433960 447.1
1433970 447.1
1433980 447.1
1433990 447.1
1434000 446.9
1434010 446.9
1434020 446.7
1434030 446.6
1434040 446.6
1434050 446.5
1434060 446.4
1434070 446.4
1434080 446.2
1434090 445.8
1434100 445.8
1434110 445.5
1434120 445.6
1434130 445.6
1434140 445.5
1434150 445.5
1434160 445.5
1434170 445.3
1434180 445.3
1434190 445.3
1434200 445.2
1434210 445.2
1434220 445.2
1434230 445.1
1434240 445.1
1434250 445.1
1434260 444.9
1434270 444.2
1434280 444.2
1434290 443.9
1434300 443.8
1434310 443.8
1434320 444.0
1434330 444.7
1434340 444.7
1434350 445.3
1434360 445.5
1434370 445.5
1434380 445.7
1434390 445.8
1434400 445.8
1434410 445.9
1434420 446.0
1434430 446.0
1434440 446.1
1434450 446.1
1434460 446.1
1434470 446.3
1434480 446.4
1434490 446.4
1434500 446.3
1434510 446.3
1434520 446.3
1434530 446.3
1434540 446.5
1434550 446.5
1434560 446.7
1434570 446.9
1434580 446.9
1434590 446.9
1434600 446.9
1434610 446.9
1434620 447.1
1434630 447.1
1434640 447.1
1434650 447.3
1434660 447.4
1434670 447.5
1434680 447.5
1434690 447.5
1434700 447.5
1434710 447.5
1434720 447.7
1434730 447.7
1434740 447.7
1434750 447.6
1434760 447.7
1434770 447.7
1434780 447.8
1434790 447.9
1434800 447.9
1434810 448.0
1434820 448.1
1434830 448.1
1434840 448.2
1434850 448.2
1434860 448.2
1434870 448.2
1434880 448.3
1434890 448.3
1434900 448.3
1434910 448.4
1434920 448.4
1434930 448.5
1434940 448.6
1434950 448.6
1434960 448.5
1434970 448.5
1434980 448.5
1434990 448.6
1435000 448.7
1435010 448.7
1435020 448.7
1435030 448.7
1435040 448.7
1435050 448.7
1435060 448.7
1435070 448.7
1435080 448.6
1435090 448.5
1435100 448.5
1435110 448.4
1435120 448.2
1435130 448.2
1435140 448.0
1435150 448.1
1435160 448.1
1435170 448.2
1435180 448.1
1435190 448.1
1435200 448.2
1435210 448.2
1435220 448.2
1435230 448.2
1435240 447.9
1435250 447.9
1435260 447.5
1435270 447.4
1435280 447.4
1435290 447.0
1435300 446.7
1435310 446.7
1435320 446.4
1435330 446.4
1435340 446.4
1435350 446.4
1435360 446.6
1435370 446.6
1435380 447.1
1435390 448.1
1435400 448.1
1435410 448.5
1435420 448.6
1435430 448.6
1435440 448.8
1435450 449.0
1435460 449.0
1435470 449.0
1435480 449.0
1435490 449.0
1435500 449.0
1435510 448.9
1435520 448.9
1435530 448.9
1435540 449.1
1435550 449.1
1435560 449.1
1435570 449.1
1435580 449.1
1435590 449.2
1435600 449.1
1435610 449.1
1435620 449.2
1435630 449.4
1435640 449.4
1435650 449.6
1435660 449.6
1435670 449.6
1435680 449.6
1435690 449.7
1435700 449.7
1435710 449.9
1435720 449.8
1435730 449.8
1435740 450.0
1435750 450.0
1435760 450.0
1435770 449.9
1435780 449.8
1435790 449.8
1435800 449.7
1435810 449.9
1435820 449.9
1435830 450.0
1435840 449.9
1435850 449.9
1435860 449.8
1435870 449.9
1435880 449.9
1435890 450.1
1435900 450.2
1435910 450.2
1435920 450.1
1435930 450.2
1435940 450.2
1435950 450.2
1435960 450.2
1435970 450.2
1435980 450.2
1435990 450.2
1436000 450.2
1436010 450.0
1436020 450.1
1436030 450.1
1436040 450.4
1436050 450.4
1436060 450.4
1436070 450.4
1436080 450.4
1436090 450.4
1436100 450.4
1436110 450.4
1436120 450.4
1436130 450.4
1436140 450.4
1436150 450.4
1436160 450.5
1436170 450.6
1436180 450.6
1436190 450.5
1436200 450.4
1436210 450.4
1436220 450.4
1436230 450.4
1436240 450.4
1436250 450.3
1436260 450.3
1436270 450.3
1436280 450.6
1436290 450.7
1436300 450.7
1436310 450.6
1436320 450.6
1436330 450.6
1436340 450.6
1436350 450.6
1436360 450.6
1436370 450.6
1436380 450.6
1436390 450.6
1436400 450.6
1436410 450.7
1436420 450.6
1436430 450.6
1436440 450.6
1436450 450.7
1436460 450.7
1436470 450.6
1436480 450.5
1436490 450.5
1436500 450.4
1436510 450.3
1436520 450.3
1436530 450.3
1436540 450.3
1436550 450.3
1436560 450.3
1436570 450.3
1436580 450.3
1436590 450.6
1436600 451.4
1436610 451.4
1436620 451.8
1436630 451.7
1436640 451.7
1436650 451.9
1436660 452.0
1436670 452.0
1436680 452.2
1436690 452.1
1436700 452.1
1436710 452.1
1436720 452.1
1436730 452.1
1436740 452.2
1436750 452.4
1436760 452.4
1436770 452.5
1436780 452.6
1436790 452.6
1436800 452.8
1436810 452.9
1436820 452.9
1436830 452.9
1436840 452.8
1436850 452.8
1436860 452.7
1436870 452.8
1436880 452.8
1436890 453.0
1436900 453.1
1436910 453.1
1436920 453.2
1436930 453.4
1436940 453.4
1436950 453.4
1436960 453.4
1436970 453.4
1436980 453.4
1436990 453.5
1437000 453.5
1437010 453.6
1437020 453.8
1437030 453.8
1437040 454.4
1437050 455.9
1437060 455.9
1437070 457.8
1437080 459.4
1437090 459.4
1437100 460.9
1437110 462.3
1437120 462.3
1437130 463.6
1437140 464.6
1437150 464.6
1437160 465.6
1437170 466.3
1437180 466.3
1437190 466.7
1437200 467.0
1437210 467.0
1437220 467.0
1437230 467.0
1437240 467.0
1437250 466.7
1437260 466.2
1437270 466.2
1437280 465.5
1437290 464.4
1437300 464.4
1437310 462.5
1437320 460.0
1437330 460.0
1437340 458.0
1437350 456.7
1437360 456.7
1437370 456.1
1437380 455.9
1437390 455.9
1437400 455.7
1437410 455.5
1437420 455.5
1437430 455.3
1437440 455.0
1437450 455.0
1437460 454.9
1437470 454.9
1437480 454.9
1437490 454.7
1437500 454.3
1437510 454.3
1437520 453.4
1437530 452.8
1437540 452.8
1437550 452.5
1437560 452.3
1437570 452.3
1437580 452.3
1437590 452.3
1437600 452.3
1437610 452.2
1437620 452.2
1437630 452.2
1437640 452.1
1437650 452.1
1437660 452.1
1437670 452.2
1437680 452.2
1437690 452.2
1437700 452.3
1437710 452.2
1437720 452.2
1437730 452.2
1437740 452.2
1437750 452.2
1437760 452.2
1437770 451.9
1437780 451.9
1437790 451.6
1437800 451.3
1437810 451.3
1437820 451.0
1437830 450.7
1437840 450.7
1437850 450.7
1437860 450.8
1437870 450.8
1437880 450.9
1437890 451.1
1437900 451.1
1437910 451.7
1437920 452.1
1437930 452.1
1437940 452.3
1437950 452.8
1437960 452.8
1437970 453.1
1437980 453.2
1437990 453.2
1438000 453.3
1438010 453.5
1438020 453.5
1438030 453.7
1438040 453.7
1438050 453.7
1438060 453.7
1438070 453.9
1438080 454.1
1438090 454.1
1438100 454.2
1438110 454.3
1438120 454.3
1438130 454.4
1438140 454.7
1438150 454.7
1438160 455.1
1438170 455.5
1438180 455.5
1438190 455.8
1438200 456.3
1438210 456.3
1438220 457.6
1438230 460.2
1438240 460.2
1438250 462.8
1438260 463.9
1438270 463.9
1438280 464.4
1438290 465.1
1438300 465.1
1438310 465.9
1438320 466.3
1438330 466.3
1438340 466.6
1438350 466.8
1438360 466.8
1438370 466.9
1438380 467.0
1438390 467.0
1438400 467.1
1438410 467.1
1438420 467.1
1438430 467.2
1438440 467.2
1438450 467.2
1438460 467.1
1438470 466.9
1438480 466.9
1438490 466.7
1438500 466.3
1438510 466.3
1438520 465.8
1438530 465.3
1438540 465.3
1438550 464.7
1438560 464.4
1438570 464.4
1438580 464.3
1438590 464.3
1438600 464.3
1438610 464.4
1438620 464.5
1438630 464.5
1438640 464.7
1438650 464.9
1438660 464.9
1438670 465.1
1438680 465.3
1438690 465.3
1438700 465.6
1438710 465.8
1438720 465.8
1438730 466.2
1438740 466.6
1438750 466.6
1438760 466.5
1438770 466.5
1438780 466.5
1438790 466.6
1438800 466.7
1438810 466.7
1438820 466.8
1438830 466.8
1438840 466.8
1438850 466.6
1438860 466.4
1438870 466.4
1438880 465.9
1438890 465.4
1438900 465.4
1438910 464.7
1438920 464.1
1438930 464.1
1438940 463.6
1438950 463.2
1438960 463.2
1438970 462.8
1438980 462.5
1438990 462.5
1439000 462.3
1439010 462.5
1439020 462.5
1439030 462.5
1439040 462.6
1439050 462.6
1439060 462.8
1439070 462.9
1439080 462.9
1439090 463.1
1439100 463.2
1439110 463.2
1439120 463.3
1439130 463.4
1439140 463.4
1439150 463.5
1439160 463.6
1439170 463.6
1439180 463.7
1439190 463.8
1439200 463.8
1439210 464.0
1439220 464.3
1439230 464.3
1439240 464.4
1439250 464.4
1439260 464.4
1439270 464.4
1439280 464.5
1439290 464.5
1439300 464.6
1439310 464.6
1439320 464.6
1439330 464.8
1439340 464.9
1439350 464.9
1439360 465.0
1439370 465.1
1439380 465.1
1439390 465.5
1439400 466.1
1439410 466.1
1439420 466.0
1439430 465.7
1439440 465.7
1439450 465.8
1439460 466.4
1439470 466.4
1439480 467.0
1439490 467.5
1439500 467.5
1439510 467.9
1439520 468.3
1439530 468.3
1439540 468.5
1439550 468.8
1439560 468.8
1439570 469.0
1439580 469.1
1439590 469.1
1439600 469.3
1439610 469.5
1439620 469.5
1439630 469.6
1439640 469.7
1439650 469.7
1439660 469.9
1439670 469.9
1439680 469.9
1439690 469.9
1439700 470.0
1439710 470.0
1439720 470.0
1439730 470.0
1439740 470.0
1439750 470.1
1439760 470.1
1439770 470.1
1439780 470.2
1439790 470.3
1439800 470.5
1439810 470.5
1439820 470.7
1439830 471.0
1439840 471.0
1439850 471.3
1439860 471.6
1439870 471.6
1439880 472.0
1439890 472.6
1439900 472.6
1439910 472.5
1439920 472.7
1439930 472.7
1439940 472.8
1439950 472.9
1439960 472.9
1439970 473.1
1439980 473.2
1439990 473.2
