1420000 423.9
1420010 423.9
1420020 423.3
1420030 421.8
1420040 421.8
1420050 417.9
1420060 412.8
1420070 412.8
1420080 408.3
1420090 404.1
1420100 404.1
1420110 401.5
1420120 400.8
1420130 400.8
1420140 399.7
1420150 395.4
1420160 395.4
1420170 392.4
1420180 388.8
1420190 388.8
1420200 382.4
1420210 375.4
1420220 375.4
1420230 369.8
1420240 366.9
1420250 366.9
1420260 366.1
1420270 364.5
1420280 364.5
1420290 362.3
1420300 361.6
1420310 361.6
1420320 361.6
1420330 361.6
1420340 361.6
1420350 361.6
1420360 361.6
1420370 361.6
1420380 361.6
1420390 361.6
1420400 361.6
1420410 362.2
1420420 364.5
1420430 364.5
1420440 366.0
1420450 366.2
1420460 366.2
1420470 366.3
1420480 367.4
1420490 367.4
1420500 372.4
1420510 378.8
1420520 378.8
1420530 386.5
1420540 393.8
1420550 393.8
1420560 401.2
1420570 409.0
1420580 409.0
1420590 413.1
1420600 415.0
1420610 415.0
1420620 418.0
1420630 421.3
1420640 421.3
1420650 424.1
1420660 425.5
1420670 425.5
1420680 427.1
1420690 428.8
1420700 428.8
1420710 429.7
1420720 430.4
1420730 430.4
1420740 431.2
1420750 432.0
1420760 432.0
1420770 433.1
1420780 434.6
1420790 434.6
1420800 435.5
1420810 441.1
1420820 441.1
1420830 443.1
1420840 444.5
1420850 444.5
1420860 446.3
1420870 450.1
1420880 450.1
1420890 450.7
1420900 451.5
1420910 454.4
1420920 454.4
1420930 457.1
1420940 458.2
1420950 458.2
1420960 461.9
1420970 464.1
1420980 464.1
1420990 464.6
1421000 464.7
1421010 464.7
1421020 464.6
1421030 464.8
1421040 464.8
1421050 465.0
1421060 465.0
1421070 465.0
1421080 465.0
1421090 465.1
1421100 465.1
1421110 465.3
1421120 465.4
1421130 465.5
1421140 465.5
1421150 465.7
1421160 465.7
1421170 466.2
1421180 466.3
1421190 466.3
1421200 466.4
1421210 466.7
1421220 466.7
1421230 467.1
1421240 467.6
1421250 467.6
1421260 468.1
1421270 468.2
1421280 468.2
1421290 468.2
1421300 468.3
1421310 468.3
1421320 468.3
1421330 468.2
1421340 468.2
1421350 468.2
1421360 468.0
1421370 468.0
1421380 467.8
1421390 467.7
1421400 467.7
1421410 467.6
1421420 467.5
1421430 467.5
1421440 467.4
1421450 467.4
1421460 467.4
1421470 467.2
1421480 467.2
1421490 467.2
1421500 467.1
1421510 467.2
1421520 467.2
1421530 467.1
1421540 466.7
1421550 466.7
1421560 466.4
1421570 466.2
1421580 466.2
1421590 466.1
1421600 466.0
1421610 466.0
1421620 466.0
1421630 466.0
1421640 466.0
1421650 466.0
1421660 466.1
1421670 466.1
1421680 466.1
1421690 466.0
1421700 466.0
1421710 465.8
1421720 465.7
1421730 465.7
1421740 465.8
1421750 465.8
1421760 465.8
1421770 465.8
1421780 465.6
1421790 465.6
1421800 465.7
1421810 465.7
1421820 465.7
1421830 465.5
1421840 465.5
1421850 465.5
1421860 465.4
1421870 465.4
1421880 465.4
1421890 465.4
1421900 465.4
1421910 465.4
1421920 465.3
1421930 465.3
1421940 465.3
1421950 465.4
1421960 465.2
1421970 465.2
1421980 465.1
1421990 465.1
1422000 465.1
1422010 465.0
1422020 464.9
1422030 464.9
1422040 464.8
1422050 464.8
1422060 464.8
1422070 464.8
1422080 464.7
1422090 464.7
1422100 464.6
1422110 464.4
1422120 464.4
1422130 464.4
1422140 464.3
1422150 464.3
1422160 464.2
1422170 464.3
1422180 464.3
1422190 464.0
1422200 463.7
1422210 463.7
1422220 463.5
1422230 463.2
1422240 463.2
1422250 463.3
1422260 463.4
1422270 463.4
1422280 463.5
1422290 463.4
1422300 463.4
1422310 463.2
1422320 463.1
1422330 463.1
1422340 463.0
1422350 462.1
1422360 462.1
1422370 459.7
1422380 456.4
1422390 456.4
1422400 454.2
1422410 455.3
1422420 455.3
1422430 458.4
1422440 460.2
1422450 460.2
1422460 461.1
1422470 460.0
1422480 460.0
1422490 454.2
1422500 446.3
1422510 446.3
1422520 439.6
1422530 435.4
1422540 435.4
1422550 430.6
1422560 425.0
1422570 425.0
1422580 419.6
1422590 417.0
1422600 417.5
1422610 417.5
1422620 413.7
1422630 409.1
1422640 409.1
1422650 411.0
1422660 416.2
1422670 416.2
1422680 422.6
1422690 428.0
1422700 428.0
1422710 429.7
1422720 432.5
1422730 432.5
1422740 438.0
1422750 442.4
1422760 442.4
1422770 439.5
1422780 437.7
1422790 437.7
1422800 436.9
1422810 437.1
1422820 437.1
1422830 436.3
1422840 432.1
1422850 432.1
1422860 428.6
1422870 426.5
1422880 426.5
1422890 427.5
1422900 428.6
1422910 428.6
1422920 428.8
1422930 426.9
1422940 426.9
1422950 428.9
1422960 427.6
1422970 427.6
1422980 424.8
1422990 423.2
1423000 423.2
1423010 426.1
1423020 428.6
1423030 428.6
1423040 427.8
1423050 427.2
1423060 427.2
1423070 425.7
1423080 426.4
1423090 426.4
1423100 427.2
1423110 429.9
1423120 429.9
1423130 432.1
1423140 432.9
1423150 432.9
1423160 432.1
1423170 428.0
1423180 428.0
1423190 424.0
1423200 425.6
1423210 425.6
1423220 419.4
1423230 414.4
1423240 414.4
1423250 412.1
1423260 417.0
1423270 417.0
1423280 423.7
1423290 430.6
1423300 430.6
1423310 434.9
1423320 437.7
1423330 437.7
1423340 441.2
1423350 447.6
1423360 447.6
1423370 456.3
1423380 465.4
1423390 465.4
1423400 468.7
1423410 469.9
1423420 469.9
1423430 471.2
1423440 472.6
1423450 472.6
1423460 473.5
1423470 474.1
1423480 474.1
1423490 474.6
1423500 474.9
1423510 474.9
1423520 474.9
1423530 475.0
1423540 475.0
1423550 475.0
1423560 475.0
1423570 475.0
1423580 475.0
1423590 474.8
1423600 474.8
1423610 474.8
1423620 474.7
1423630 474.7
1423640 474.6
1423650 474.5
1423660 474.5
1423670 474.4
1423680 474.1
1423690 474.1
1423700 474.0
1423710 473.9
1423720 473.9
1423730 473.6
1423740 473.4
1423750 473.4
1423760 473.3
1423770 473.1
1423780 473.1
1423790 473.0
1423800 472.8
1423810 472.8
1423820 472.6
1423830 472.4
1423840 472.4
1423850 472.1
1423860 471.9
1423870 471.9
1423880 471.6
1423890 471.3
1423900 471.3
1423910 471.0
1423920 470.8
1423930 470.8
1423940 470.5
1423950 470.1
1423960 470.1
1423970 469.6
1423980 469.0
1423990 469.0
1424000 467.9
1424010 466.6
1424020 466.6
1424030 465.8
1424040 465.6
1424050 465.6
1424060 465.4
1424070 465.4
1424080 465.4
1424090 465.0
1424100 464.5
1424110 464.5
1424120 465.0
1424130 465.6
1424140 465.6
1424150 465.7
1424160 465.9
1424170 465.9
1424180 466.1
1424190 466.2
1424200 466.2
1424210 466.2
1424220 466.3
1424230 466.3
1424240 466.4
1424250 466.3
1424260 466.3
1424270 466.3
1424280 466.2
1424290 466.0
1424300 466.0
1424310 465.7
1424320 465.6
1424330 465.6
1424340 465.4
1424350 465.4
1424360 465.4
1424370 465.6
1424380 466.0
1424390 466.0
1424400 466.3
1424410 466.4
1424420 466.4
1424430 466.4
1424440 466.4
1424450 466.4
1424460 466.8
1424470 466.8
1424480 466.8
1424490 466.8
1424500 466.8
1424510 466.8
1424520 466.6
1424530 466.6
1424540 466.6
1424550 466.6
1424560 466.5
1424570 466.5
1424580 466.5
1424590 466.6
1424600 466.6
1424610 466.6
1424620 466.5
1424630 466.5
1424640 466.7
1424650 466.6
1424660 466.6
1424670 466.4
1424680 466.4
1424690 466.4
1424700 466.4
1424710 466.5
1424720 466.5
1424730 466.4
1424740 466.4
1424750 466.4
1424760 466.3
1424770 466.0
1424780 466.0
1424790 465.3
1424800 465.1
1424810 465.1
1424820 464.8
1424830 464.5
1424840 464.5
1424850 464.3
1424860 464.3
1424870 464.3
1424880 464.3
1424890 464.4
1424900 464.4
1424910 464.6
1424920 464.7
1424930 464.7
1424940 464.7
1424950 464.7
1424960 464.7
1424970 464.7
1424980 464.7
1424990 464.7
1425000 464.7
1425010 465.0
1425020 465.0
1425030 465.1
1425040 465.0
1425050 465.0
1425060 465.1
1425070 465.3
1425080 465.3
1425090 465.3
1425100 465.2
1425110 465.2
1425120 465.2
1425130 465.1
1425140 465.1
1425150 465.0
1425160 465.0
1425170 465.0
1425180 464.8
1425190 464.5
1425200 464.5
1425210 464.5
1425220 464.4
1425230 464.4
1425240 464.5
1425250 464.5
1425260 464.5
1425270 464.4
1425280 464.3
1425290 464.3
1425300 464.2
1425310 464.2
1425320 464.2
1425330 464.1
1425340 464.1
1425350 464.3
1425360 464.1
1425370 464.1
1425380 464.1
1425390 464.1
1425400 464.0
1425410 464.0
1425420 463.9
1425430 463.9
1425440 463.9
1425450 463.9
1425460 463.9
1425470 463.9
1425480 463.9
1425490 463.9
1425500 463.9
1425510 464.0
1425520 463.9
1425530 463.9
1425540 464.1
1425550 464.4
1425560 464.4
1425570 464.6
1425580 464.8
1425590 464.8
1425600 465.2
1425610 465.3
1425620 465.3
1425630 465.2
1425640 465.2
1425650 465.2
1425660 465.3
1425670 465.3
1425680 465.3
1425690 465.3
1425700 465.2
1425710 465.2
1425720 465.1
1425730 465.1
1425740 465.1
1425750 465.1
1425760 465.0
1425770 465.0
1425780 464.9
1425790 464.5
1425800 464.5
1425810 464.1
1425820 463.9
1425830 463.9
1425840 463.8
1425850 463.2
1425860 463.2
1425870 462.3
1425880 461.8
1425890 461.8
1425900 461.6
1425910 461.8
1425920 461.8
1425930 462.4
1425940 463.1
1425950 463.1
1425960 463.7
1425970 464.2
1425980 464.8
1425990 464.8
1426000 465.8
1426010 467.3
1426020 467.3
1426030 469.1
1426040 470.8
1426050 470.8
1426060 472.3
1426070 473.5
1426080 473.5
1426090 475.0
1426100 476.4
1426110 476.4
1426120 477.6
1426130 478.4
1426140 478.4
1426150 478.9
1426160 479.1
1426170 479.1
1426180 479.3
1426190 479.3
1426200 479.3
1426210 478.8
1426220 478.1
1426230 478.1
1426240 477.5
1426250 476.9
1426260 476.9
1426270 476.3
1426280 475.7
1426290 475.7
1426300 475.0
1426310 474.5
1426320 474.5
1426330 474.1
1426340 473.6
1426350 473.6
1426360 473.1
1426370 472.8
1426380 472.8
1426390 472.5
1426400 472.2
1426410 472.2
1426420 472.1
1426430 472.1
1426440 472.1
1426450 472.1
1426460 472.4
1426470 472.4
1426480 472.2
1426490 472.2
1426500 472.2
1426510 472.2
1426520 472.5
1426530 472.5
1426540 472.8
1426550 473.2
1426560 473.2
1426570 473.6
1426580 474.0
1426590 474.0
1426600 474.2
1426610 474.2
1426620 474.2
1426630 474.0
1426640 473.9
1426650 473.9
1426660 473.6
1426670 473.2
1426680 473.2
1426690 472.5
1426700 471.6
1426710 471.6
1426720 470.5
1426730 469.2
1426740 469.2
1426750 467.7
1426760 466.3
1426770 466.3
1426780 465.0
1426790 463.9
1426800 463.9
1426810 462.8
1426820 461.9
1426830 461.9
1426840 461.2
1426850 460.4
1426860 460.4
1426870 459.6
1426880 459.1
1426890 459.1
1426900 458.6
1426910 458.1
1426920 458.1
1426930 457.5
1426940 457.0
1426950 457.0
1426960 456.8
1426970 456.8
1426980 456.8
1426990 457.0
1427000 457.4
1427010 457.4
1427020 457.7
1427030 458.0
1427040 458.0
1427050 458.2
1427060 458.3
1427070 458.3
1427080 458.3
1427090 458.2
1427100 458.2
1427110 458.1
1427120 458.4
1427130 458.4
1427140 458.7
1427150 458.8
1427160 458.8
1427170 458.8
1427180 459.0
1427190 459.0
1427200 459.2
1427210 459.4
1427220 459.4
1427230 459.6
1427240 459.8
1427250 459.8
1427260 460.0
1427270 460.1
1427280 460.1
1427290 460.2
1427300 460.2
1427310 460.2
1427320 460.5
1427330 460.6
1427340 460.6
1427350 460.6
1427360 460.7
1427370 460.7
1427380 460.8
1427390 461.0
1427400 461.0
1427410 461.2
1427420 461.1
1427430 461.1
1427440 461.2
1427450 461.3
1427460 461.3
1427470 461.4
1427480 461.5
1427490 461.5
1427500 461.5
1427510 461.6
1427520 461.6
1427530 461.6
1427540 461.7
1427550 461.7
1427560 461.6
1427570 461.7
1427580 461.8
1427590 461.9
1427600 461.9
1427610 461.9
1427620 461.9
1427630 462.0
1427640 462.0
1427650 462.0
1427660 462.0
1427670 461.9
1427680 461.9
1427690 461.8
1427700 462.1
1427710 462.1
1427720 461.8
1427730 461.6
1427740 461.6
1427750 461.6
1427760 461.5
1427770 461.5
1427780 461.5
1427790 461.4
1427800 461.4
1427810 461.4
1427820 461.5
1427830 461.5
1427840 461.4
1427850 461.5
1427860 461.5
1427870 461.6
1427880 461.7
1427890 461.7
1427900 461.7
1427910 461.7
1427920 461.7
1427930 461.7
1427940 461.5
1427950 461.5
1427960 460.7
1427970 459.6
1427980 459.6
1427990 459.2
1428000 459.1
1428010 459.1
1428020 458.8
1428030 458.5
1428040 458.5
1428050 458.2
1428060 457.8
1428070 457.8
1428080 457.9
1428090 458.6
1428100 458.6
1428110 459.5
1428120 459.9
1428130 459.9
1428140 460.8
1428150 461.9
1428160 461.9
1428170 463.0
1428180 463.7
1428190 463.7
1428200 464.2
1428210 464.6
1428220 464.6
1428230 464.9
1428240 465.2
1428250 465.2
1428260 465.5
1428270 465.9
1428280 465.9
1428290 466.1
1428300 466.3
1428310 466.3
1428320 466.7
1428330 466.9
1428340 466.9
1428350 467.1
1428360 467.2
1428370 467.2
1428380 467.5
1428390 467.9
1428400 467.9
1428410 468.3
1428420 468.4
1428430 468.4
1428440 468.6
1428450 468.8
1428460 468.8
1428470 468.9
1428480 468.9
1428490 468.9
1428500 468.9
1428510 469.0
1428520 469.0
1428530 469.0
1428540 468.9
1428550 468.9
1428560 469.0
1428570 469.0
1428580 469.0
1428590 468.9
1428600 468.9
1428610 468.9
1428620 468.8
1428630 468.7
1428640 468.7
1428650 468.5
1428660 468.3
1428670 468.3
1428680 468.1
1428690 467.9
1428700 467.9
1428710 467.7
1428720 467.7
1428730 467.7
1428740 467.6
1428750 467.5
1428760 467.5
1428770 467.4
1428780 467.3
1428790 467.3
1428800 467.2
1428810 466.9
1428820 466.9
1428830 466.8
1428840 467.7
1428850 467.7
1428860 475.1
1428870 468.7
1428880 468.7
1428890 467.0
1428900 466.2
1428910 466.2
1428920 465.8
1428930 465.7
1428940 465.7
1428950 465.6
1428960 465.5
1428970 465.5
1428980 465.4
1428990 465.4
1429000 465.4
1429010 465.4
1429020 465.4
1429030 465.4
1429040 465.4
1429050 465.5
1429060 465.5
1429070 465.5
1429080 465.5
1429090 465.5
1429100 465.4
1429110 465.4
1429120 465.4
1429130 465.4
1429140 465.3
1429150 465.3
1429160 465.1
1429170 464.9
1429180 464.9
1429190 464.2
1429200 462.6
1429210 462.6
1429220 460.5
1429230 458.3
1429240 458.3
1429250 457.1
1429260 456.5
1429270 456.5
1429280 456.2
1429290 455.9
1429300 455.9
1429310 455.7
1429320 455.4
1429330 455.4
1429340 455.2
1429350 455.0
1429360 455.0
1429370 454.8
1429380 454.6
1429390 454.5
1429400 454.5
1429410 454.3
1429420 454.2
1429430 454.2
1429440 454.1
1429450 454.0
1429460 454.0
1429470 454.0
1429480 453.9
1429490 453.9
1429500 453.8
1429510 453.8
1429520 453.8
1429530 453.8
1429540 453.8
1429550 453.8
1429560 453.7
1429570 453.6
1429580 453.6
1429590 452.6
1429600 453.3
1429610 453.3
1429620 453.8
1429630 453.9
1429640 453.9
1429650 453.9
1429660 453.9
1429670 453.9
1429680 453.9
1429690 453.8
1429700 453.8
1429710 453.8
1429720 453.9
1429730 453.9
1429740 453.9
1429750 454.0
1429760 454.0
1429770 454.0
1429780 454.1
1429790 454.1
1429800 454.2
1429810 454.2
1429820 454.2
1429830 454.4
1429840 454.5
1429850 454.5
1429860 454.6
1429870 454.7
1429880 454.7
1429890 454.7
1429900 454.9
1429910 454.9
1429920 454.9
1429930 455.0
1429940 455.0
1429950 455.1
1429960 455.1
1429970 455.1
1429980 455.1
1429990 455.1
1430000 455.1
1430010 455.2
1430020 455.2
1430030 455.2
1430040 455.2
1430050 455.2
1430060 455.2
1430070 455.2
1430080 455.2
1430090 455.2
1430100 455.2
1430110 455.2
1430120 455.2
1430130 455.3
1430140 455.3
1430150 455.3
1430160 455.3
1430170 455.4
1430180 455.4
1430190 455.4
1430200 455.3
1430210 455.3
1430220 455.2
1430230 455.2
1430240 455.2
1430250 455.2
1430260 455.2
1430270 455.2
1430280 455.3
1430290 455.4
1430300 455.4
1430310 455.4
1430320 455.4
1430330 455.4
1430340 455.4
1430350 455.5
1430360 455.5
1430370 455.4
1430380 455.4
1430390 455.4
1430400 455.5
1430410 455.4
1430420 455.4
1430430 455.3
1430440 455.3
1430450 455.3
1430460 455.4
1430470 455.3
1430480 455.3
1430490 455.3
1430500 455.4
1430510 455.4
1430520 455.4
1430530 455.4
1430540 455.4
1430550 455.3
1430560 455.3
1430570 455.3
1430580 455.4
1430590 455.4
1430600 455.4
1430610 455.4
1430620 455.5
1430630 455.5
1430640 455.5
1430650 455.5
1430660 455.5
1430670 455.6
1430680 455.6
1430690 455.6
1430700 455.7
1430710 455.8
1430720 455.8
1430730 455.9
1430740 455.9
1430750 455.9
1430760 456.0
1430770 456.0
1430780 456.0
1430790 456.1
1430800 456.2
1430810 456.2
1430820 456.1
1430830 456.1
1430840 456.1
1430850 456.1
1430860 456.0
1430870 456.0
1430880 455.9
1430890 456.0
1430900 456.0
1430910 455.9
1430920 456.0
1430930 456.0
1430940 456.1
1430950 456.2
1430960 456.2
1430970 456.3
1430980 456.4
1430990 456.4
1431000 456.4
1431010 456.4
1431020 456.4
1431030 456.3
1431040 456.4
1431050 456.4
1431060 456.4
1431070 456.5
1431080 456.5
1431090 456.5
1431100 456.6
1431110 456.6
1431120 456.6
1431130 456.7
1431140 456.7
1431150 456.7
1431160 456.7
1431170 456.6
1431180 456.6
1431190 456.6
1431200 456.6
1431210 456.6
1431220 456.7
1431230 456.8
1431240 456.8
1431250 456.7
1431260 456.7
1431270 456.7
1431280 456.7
1431290 456.8
1431300 456.8
1431310 456.7
1431320 456.6
1431330 456.6
1431340 456.7
1431350 456.7
1431360 456.7
1431370 456.6
1431380 456.5
1431390 456.5
1431400 456.5
1431410 456.5
1431420 456.5
1431430 456.7
1431440 456.5
1431450 456.5
1431460 456.2
1431470 456.2
1431480 456.2
1431490 456.3
1431500 456.2
1431510 456.2
1431520 456.2
1431530 456.1
1431540 456.1
1431550 456.0
1431560 455.9
1431570 455.9
1431580 455.9
1431590 455.8
1431600 455.8
1431610 455.8
1431620 455.8
1431630 455.8
1431640 455.6
1431650 455.6
1431660 455.6
1431670 455.6
1431680 455.6
1431690 455.6
1431700 455.5
1431710 455.2
1431720 455.2
1431730 455.1
1431740 455.1
1431750 455.1
1431760 455.0
1431770 455.0
1431780 455.0
1431790 454.8
1431800 454.8
1431810 454.8
1431820 454.7
1431830 454.6
1431840 454.6
1431850 454.5
1431860 454.5
1431870 454.5
1431880 454.4
1431890 454.3
1431900 454.3
1431910 454.3
1431920 454.2
1431930 454.2
1431940 454.2
1431950 454.1
1431960 454.1
1431970 454.0
1431980 453.8
1431990 453.8
1432000 453.7
1432010 453.6
1432020 453.6
1432030 453.4
1432040 453.3
1432050 453.3
1432060 453.2
1432070 453.2
1432080 453.2
1432090 453.0
1432100 452.9
1432110 452.9
1432120 452.7
1432130 452.5
1432140 452.5
1432150 452.4
1432160 452.3
1432170 452.3
1432180 452.3
1432190 452.3
1432200 452.3
1432210 452.3
1432220 452.3
1432230 452.3
1432240 452.3
1432250 452.1
1432260 452.1
1432270 452.1
1432280 452.0
1432290 452.0
1432300 451.9
1432310 451.9
1432320 451.9
1432330 452.0
1432340 451.8
1432350 451.8
1432360 451.7
1432370 451.6
1432380 451.6
1432390 451.5
1432400 451.4
1432410 451.4
1432420 451.3
1432430 451.0
1432440 451.0
1432450 450.5
1432460 450.0
1432470 450.0
1432480 449.4
1432490 449.0
1432500 449.0
1432510 448.5
1432520 448.2
1432530 448.2
1432540 447.9
1432550 447.8
1432560 447.8
1432570 447.7
1432580 447.6
1432590 447.6
1432600 447.9
1432610 448.2
1432620 448.2
1432630 448.2
1432640 448.4
1432650 448.4
1432660 448.4
1432670 447.5
1432680 447.5
1432690 446.9
1432700 446.7
1432710 446.7
1432720 446.5
1432730 446.4
1432740 446.4
1432750 446.3
1432760 446.3
1432770 446.3
1432780 446.3
1432790 446.2
1432800 446.2
1432810 446.1
1432820 446.0
1432830 445.8
1432840 445.8
1432850 445.7
1432860 445.5
1432870 445.5
1432880 445.2
1432890 445.0
1432900 445.0
1432910 444.7
1432920 444.4
1432930 444.4
1432940 444.2
1432950 443.9
1432960 443.9
1432970 443.7
1432980 443.6
1432990 443.6
1433000 443.7
1433010 444.0
1433020 444.0
1433030 444.3
1433040 444.4
1433050 444.4
1433060 444.4
1433070 444.4
1433080 444.4
1433090 444.3
1433100 444.1
1433110 444.1
1433120 443.9
1433130 443.6
1433140 443.6
1433150 443.3
1433160 443.1
1433170 443.1
1433180 443.0
1433190 442.9
1433200 442.9
1433210 442.8
1433220 442.7
1433230 442.7
1433240 442.7
1433250 442.9
1433260 442.9
1433270 442.9
1433280 442.7
1433290 442.7
1433300 442.6
1433310 442.6
1433320 442.6
1433330 442.7
1433340 442.6
1433350 442.6
1433360 442.8
1433370 442.8
1433380 442.8
1433390 442.8
1433400 442.7
1433410 442.7
1433420 442.6
1433430 442.7
1433440 442.7
1433450 442.6
1433460 442.5
1433470 442.5
1433480 442.5
1433490 442.0
1433500 442.0
1433510 440.8
1433520 440.6
1433530 440.6
1433540 440.4
1433550 440.0
1433560 440.0
1433570 439.7
1433580 439.6
1433590 439.6
1433600 439.5
1433610 439.4
1433620 439.4
1433630 439.3
1433640 439.1
1433650 439.1
1433660 439.2
1433670 439.0
1433680 439.0
1433690 438.9
1433700 438.8
1433710 438.8
1433720 439.0
1433730 439.3
1433740 439.3
1433750 439.6
1433760 440.4
1433770 440.4
1433780 442.7
1433790 444.8
1433800 444.8
1433810 445.8
1433820 446.5
1433830 446.5
1433840 447.2
1433850 447.2
1433860 447.2
1433870 447.2
1433880 447.1
1433890 447.1
1433900 447.1
1433910 447.0
1433920 447.0
1433930 447.0
1433940 446.9
1433950 446.9
1433960 446.7
1433970 446.7
1433980 446.7
1433990 446.6
1434000 446.5
1434010 446.5
1434020 446.4
1434030 446.3
1434040 446.3
1434050 445.9
1434060 445.4
1434070 445.4
1434080 445.2
1434090 445.2
1434100 445.2
1434110 445.2
1434120 445.1
1434130 445.1
1434140 445.1
1434150 445.0
1434160 445.0
1434170 444.8
1434180 444.6
1434190 444.6
1434200 444.5
1434210 444.3
1434220 444.3
1434230 443.8
1434240 443.3
1434250 443.3
1434260 443.0
1434270 443.1
1434280 443.1
1434290 443.7
1434300 444.4
1434310 444.4
1434320 444.7
1434330 444.9
1434340 444.9
1434350 445.0
1434360 445.2
1434370 445.2
1434380 445.3
1434390 445.3
1434400 445.3
1434410 445.4
1434420 445.4
1434430 445.4
1434440 445.5
1434450 445.6
1434460 445.6
1434470 445.7
1434480 445.7
1434490 445.7
1434500 445.7
1434510 445.9
1434520 445.9
1434530 446.0
1434540 446.2
1434550 446.4
1434560 446.4
1434570 446.6
1434580 446.5
1434590 446.5
1434600 446.6
1434610 446.9
1434620 446.9
1434630 447.1
1434640 447.1
1434650 447.1
1434660 447.0
1434670 446.9
1434680 446.9
1434690 446.9
1434700 447.0
1434710 447.0
1434720 447.1
1434730 447.2
1434740 447.2
1434750 447.3
1434760 447.4
1434770 447.4
1434780 447.5
1434790 447.7
1434800 447.7
1434810 447.8
1434820 447.8
1434830 447.8
1434840 447.8
1434850 447.9
1434860 448.0
1434870 448.0
1434880 448.0
1434890 448.0
1434900 448.1
1434910 448.1
1434920 448.1
1434930 448.1
1434940 448.1
1434950 448.1
1434960 448.1
1434970 448.2
1434980 448.2
1434990 448.2
1435000 448.2
1435010 448.2
1435020 448.2
1435030 448.2
1435040 448.2
1435050 448.1
1435060 448.0
1435070 448.0
1435080 448.1
1435090 448.0
1435100 448.0
1435110 447.9
1435120 447.8
1435130 447.8
1435140 447.7
1435150 447.7
1435160 447.7
1435170 447.8
1435180 447.9
1435190 447.9
1435200 447.9
1435210 447.7
1435220 447.7
1435230 447.3
1435240 447.1
1435250 447.1
1435260 446.8
1435270 446.4
1435280 446.4
1435290 446.1
1435300 446.0
1435310 446.0
1435320 446.0
1435330 446.0
1435340 446.0
1435350 446.3
1435360 447.2
1435370 447.2
1435380 447.9
1435390 448.1
1435400 448.1
1435410 448.3
1435420 448.5
1435430 448.5
1435440 448.6
1435450 448.6
1435460 448.6
1435470 448.5
1435480 448.5
1435490 448.5
1435500 448.6
1435510 448.6
1435520 448.6
1435530 448.6
1435540 448.7
1435550 448.7
1435560 448.7
1435570 448.7
1435580 448.7
1435590 448.7
1435600 448.8
1435610 448.8
1435620 448.8
1435630 448.9
1435640 448.9
1435650 449.1
1435660 449.2
1435670 449.2
1435680 449.2
1435690 449.5
1435700 449.5
1435710 449.3
1435720 449.4
1435730 449.4
1435740 449.3
1435750 449.2
1435760 449.2
1435770 449.2
1435780 449.3
1435790 449.3
1435800 449.5
1435810 449.4
1435820 449.4
1435830 449.4
1435840 449.4
1435850 449.4
1435860 449.4
1435870 449.3
1435880 449.3
1435890 449.3
1435900 449.4
1435910 449.4
1435920 449.5
1435930 449.5
1435940 449.5
1435950 449.3
1435960 449.4
1435970 449.4
1435980 449.6
1435990 449.6
1436000 449.6
1436010 449.6
1436020 449.7
1436030 449.7
1436040 449.7
1436050 449.7
1436060 449.7
1436070 449.7
1436080 449.7
1436090 449.7
1436100 449.8
1436110 449.7
1436120 449.7
1436130 449.8
1436140 449.8
1436150 449.8
1436160 449.8
1436170 449.9
1436180 449.9
1436190 449.8
1436200 449.7
1436210 449.7
1436220 449.5
1436230 449.4
1436240 449.4
1436250 449.7
1436260 449.9
1436270 450.0
1436280 450.0
1436290 450.1
1436300 450.0
1436310 450.0
1436320 450.0
1436330 450.0
1436340 450.0
1436350 449.9
1436360 449.8
1436370 449.8
1436380 449.8
1436390 449.7
1436400 449.7
1436410 449.5
1436420 449.4
1436430 449.4
1436440 449.5
1436450 449.4
1436460 449.4
1436470 449.4
1436480 449.4
1436490 449.4
1436500 449.6
1436510 449.9
1436520 449.9
1436530 450.5
1436540 450.9
1436550 450.9
1436560 451.1
1436570 451.2
1436580 451.2
1436590 451.4
1436600 451.4
1436610 451.4
1436620 451.5
1436630 451.6
1436640 451.6
1436650 451.7
1436660 451.7
1436670 451.7
1436680 451.9
1436690 452.0
1436700 452.0
1436710 452.2
1436720 452.2
1436730 452.2
1436740 452.3
1436750 452.4
1436760 452.4
1436770 452.3
1436780 452.3
1436790 452.3
1436800 452.4
1436810 452.4
1436820 452.4
1436830 452.3
1436840 452.3
1436850 452.3
1436860 452.4
1436870 452.4
1436880 452.4
1436890 452.6
1436900 452.7
1436910 452.7
1436920 452.7
1436930 452.8
1436940 452.8
1436950 452.7
1436960 452.8
1436970 452.8
1436980 452.8
1436990 452.9
1437000 452.9
1437010 453.0
1437020 453.2
1437030 453.2
1437040 453.8
1437050 455.3
1437060 455.3
1437070 458.0
1437080 460.3
1437090 460.3
1437100 462.1
1437110 463.2
1437120 463.2
1437130 464.2
1437140 465.2
1437150 465.2
1437160 466.0
1437170 466.6
1437180 466.6
1437190 467.0
1437200 467.3
1437210 467.3
1437220 467.3
1437230 467.1
1437240 467.1
1437250 466.9
1437260 466.6
1437270 466.6
1437280 466.2
1437290 465.8
1437300 465.8
1437310 465.2
1437320 464.6
1437330 464.6
1437340 463.8
1437350 462.6
1437360 462.6
1437370 461.0
1437380 459.1
1437390 459.1
1437400 457.3
1437410 456.2
1437420 456.2
1437430 455.6
1437440 455.3
1437450 455.3
1437460 454.9
1437470 454.1
1437480 454.1
1437490 453.0
1437500 452.3
1437510 452.3
1437520 452.1
1437530 451.9
1437540 452.0
1437550 451.9
1437560 451.8
1437570 451.8
1437580 451.8
1437590 451.8
1437600 451.8
1437610 451.8
1437620 451.7
1437630 451.7
1437640 451.6
1437650 451.7
1437660 451.7
1437670 451.6
1437680 451.6
1437690 451.6
1437700 451.6
1437710 451.6
1437720 451.6
1437730 451.5
1437740 451.1
1437750 451.1
1437760 450.8
1437770 450.7
1437780 450.7
1437790 450.5
1437800 450.4
1437810 450.4
1437820 450.5
1437830 450.7
1437840 450.7
1437850 450.8
1437860 451.1
1437870 451.1
1437880 451.4
1437890 451.7
1437900 451.7
1437910 451.8
1437920 452.5
1437930 452.5
1437940 452.8
1437950 452.9
1437960 453.0
1437970 453.0
1437980 453.1
1437990 453.3
1438000 453.3
1438010 453.4
1438020 453.5
1438030 453.5
1438040 453.6
1438050 453.7
1438060 453.7
1438070 453.8
1438080 453.9
1438090 453.9
1438100 454.0
1438110 454.3
1438120 454.3
1438130 454.6
1438140 455.2
1438150 455.2
1438160 456.3
1438170 458.3
1438180 458.3
1438190 460.4
1438200 463.1
1438210 463.1
1438220 464.6
1438230 465.4
1438240 465.4
1438250 465.9
1438260 466.4
1438270 466.4
1438280 466.7
1438290 467.0
1438300 467.0
1438310 467.2
1438320 467.3
1438330 467.3
1438340 467.3
1438350 467.4
1438360 467.4
1438370 467.4
1438380 467.4
1438390 467.4
1438400 467.5
1438410 467.5
1438420 467.5
1438430 467.6
1438440 467.5
1438450 467.5
1438460 467.5
1438470 467.4
1438480 467.4
1438490 467.3
1438500 467.1
1438510 467.1
1438520 467.0
1438530 466.9
1438540 466.9
1438550 466.8
1438560 466.9
1438570 466.9
1438580 467.0
1438590 467.0
1438600 467.0
1438610 467.1
1438620 467.2
1438630 467.2
1438640 467.3
1438650 467.4
1438660 467.4
1438670 467.6
1438680 467.7
1438690 467.7
1438700 467.9
1438710 467.9
1438720 467.9
1438730 467.8
1438740 467.8
1438750 467.8
1438760 467.8
1438770 467.8
1438780 467.8
1438790 467.7
1438800 467.6
1438810 467.6
1438820 467.4
1438830 467.1
1438840 467.1
1438850 466.8
1438860 466.4
1438870 466.4
1438880 466.0
1438890 465.7
1438900 465.7
1438910 465.4
1438920 465.2
1438930 465.2
1438940 465.0
1438950 465.0
1438960 465.0
1438970 465.0
1438980 465.1
1438990 465.1
1439000 465.2
1439010 465.6
1439020 465.6
1439030 465.9
1439040 466.1
1439050 466.1
1439060 466.3
1439070 466.5
1439080 466.5
1439090 466.7
1439100 467.0
1439110 467.0
1439120 467.2
1439130 467.4
1439140 467.4
1439150 467.5
1439160 467.6
1439170 467.6
1439180 467.7
1439190 467.7
1439200 467.7
1439210 467.8
1439220 467.9
1439230 467.9
1439240 468.0
1439250 468.3
1439260 468.3
1439270 468.5
1439280 468.5
1439290 468.5
1439300 468.4
1439310 468.5
1439320 468.5
1439330 468.5
1439340 468.5
1439350 468.5
1439360 468.4
1439370 468.3
1439380 468.3
1439390 468.0
1439400 467.7
1439410 467.7
1439420 467.5
1439430 466.9
1439440 466.9
1439450 466.7
1439460 467.2
1439470 467.2
1439480 467.1
1439490 467.5
1439500 467.5
1439510 468.4
1439520 469.1
1439530 469.1
1439540 469.6
1439550 470.0
1439560 470.0
1439570 470.4
1439580 470.6
1439590 470.6
1439600 470.6
1439610 470.5
1439620 470.5
1439630 470.7
1439640 470.8
1439650 470.8
1439660 471.1
1439670 471.3
1439680 471.3
1439690 471.3
1439700 471.4
1439710 471.5
1439720 471.5
1439730 471.7
1439740 471.7
1439750 471.7
1439760 471.7
1439770 471.6
1439780 471.6
1439790 471.5
1439800 471.4
1439810 471.4
1439820 471.4
1439830 471.4
1439840 471.4
1439850 471.6
1439860 472.2
1439870 472.2
1439880 472.7
1439890 472.7
1439900 472.7
1439910 472.7
1439920 472.9
1439930 472.9
1439940 473.1
1439950 473.3
1439960 473.3
1439970 473.5
1439980 473.7
1439990 473.7
