1420000 392.1
1420010 392.1
1420020 390.1
1420030 388.9
1420040 388.9
1420050 387.0
1420060 386.3
1420070 386.3
1420080 386.3
1420090 386.6
1420100 386.6
1420110 386.2
1420120 383.2
1420130 383.2
1420140 379.2
1420150 375.3
1420160 371.5
1420170 371.5
1420180 368.7
1420190 367.6
1420200 367.6
1420210 366.9
1420220 366.2
1420230 366.2
1420240 365.3
1420250 364.3
1420260 364.3
1420270 362.4
1420280 361.4
1420290 361.4
1420300 361.4
1420310 361.4
1420320 361.4
1420330 361.4
1420340 361.4
1420350 361.4
1420360 361.4
1420370 361.4
1420380 361.4
1420390 361.4
1420400 361.5
1420410 361.5
1420420 364.6
1420430 365.7
1420440 365.7
1420450 366.6
1420460 368.9
1420470 368.9
1420480 373.7
1420490 378.9
1420500 378.9
1420510 382.3
1420520 385.6
1420530 385.6
1420540 389.2
1420550 392.9
1420560 392.9
1420570 396.0
1420580 398.3
1420590 398.3
1420600 400.6
1420610 402.3
1420620 402.3
1420630 403.2
1420640 404.0
1420650 404.0
1420660 404.9
1420670 406.4
1420680 406.4
1420690 407.9
1420700 409.6
1420710 409.6
1420720 411.8
1420730 414.7
1420740 414.7
1420750 416.9
1420760 415.6
1420770 415.6
1420780 417.3
1420790 419.8
1420800 419.8
1420810 422.5
1420820 424.6
1420830 424.6
1420840 427.1
1420850 430.6
1420860 430.6
1420870 432.9
1420880 433.3
1420890 433.3
1420900 433.9
1420910 434.6
1420920 434.6
1420930 436.2
1420940 438.5
1420950 438.5
1420960 441.2
1420970 446.2
1420980 446.2
1420990 447.0
1421000 448.0
1421010 448.0
1421020 449.9
1421030 454.7
1421040 454.7
1421050 456.4
1421060 456.3
1421070 456.3
1421080 456.5
1421090 457.3
1421100 457.3
1421110 458.4
1421120 459.4
1421130 459.4
1421140 460.9
1421150 462.1
1421160 462.1
1421170 463.1
1421180 463.6
1421190 463.6
1421200 464.0
1421210 464.3
1421220 464.3
1421230 464.6
1421240 465.1
1421250 465.1
1421260 466.0
1421270 467.2
1421280 467.2
1421290 468.1
1421300 468.5
1421310 468.5
1421320 468.6
1421330 468.3
1421340 468.3
1421350 468.2
1421360 468.4
1421370 468.4
1421380 468.5
1421390 468.4
1421400 468.4
1421410 468.2
1421420 468.1
1421430 468.1
1421440 468.0
1421450 467.8
1421460 467.8
1421470 467.8
1421480 467.8
1421490 467.8
1421500 467.9
1421510 468.0
1421520 468.0
1421530 468.0
1421540 468.1
1421550 468.1
1421560 468.3
1421570 468.4
1421580 468.4
1421590 468.5
1421600 468.7
1421610 468.7
1421620 468.8
1421630 468.9
1421640 468.9
1421650 469.1
1421660 469.3
1421670 469.3
1421680 469.5
1421690 469.6
1421700 469.6
1421710 469.8
1421720 470.0
1421730 470.0
1421740 470.1
1421750 470.2
1421760 470.2
1421770 470.3
1421780 470.5
1421790 470.5
1421800 470.5
1421810 470.7
1421820 470.7
1421830 470.6
1421840 470.3
1421850 470.3
1421860 469.9
1421870 469.6
1421880 469.1
1421890 469.1
1421900 468.4
1421910 467.4
1421920 467.4
1421930 465.7
1421940 463.5
1421950 463.5
1421960 461.4
1421970 459.5
1421980 459.5
1421990 457.9
1422000 456.4
1422010 456.4
1422020 454.3
1422030 451.2
1422040 451.2
1422050 447.6
1422060 443.9
1422070 443.9
1422080 441.0
1422090 438.7
1422100 438.7
1422110 437.2
1422120 436.3
1422130 436.3
1422140 435.6
1422150 434.8
1422160 434.8
1422170 433.9
1422180 433.1
1422190 433.1
1422200 432.4
1422210 432.0
1422220 432.0
1422230 431.6
1422240 431.4
1422250 431.4
1422260 431.1
1422270 430.5
1422280 430.5
1422290 426.9
1422300 420.1
1422310 420.1
1422320 414.2
1422330 408.2
1422340 408.2
1422350 401.2
1422360 394.8
1422370 394.8
1422380 391.6
1422390 390.5
1422400 390.5
1422410 388.7
1422420 385.6
1422430 385.6
1422440 381.9
1422450 379.9
1422460 379.9
1422470 378.7
1422480 377.5
1422490 377.5
1422500 376.7
1422510 376.0
1422520 376.0
1422530 375.1
1422540 374.0
1422550 374.0
1422560 371.4
1422570 370.1
1422580 370.1
1422590 369.4
1422600 369.0
1422610 369.0
1422620 369.2
1422630 369.3
1422640 369.3
1422650 369.0
1422660 369.0
1422670 369.0
1422680 369.3
1422690 368.8
1422700 368.8
1422710 368.3
1422720 367.8
1422730 367.8
1422740 367.6
1422750 367.4
1422760 367.4
1422770 366.7
1422780 366.0
1422790 366.0
1422800 365.2
1422810 364.2
1422820 364.2
1422830 363.9
1422840 363.9
1422850 363.9
1422860 363.9
1422870 363.6
1422880 363.6
1422890 363.6
1422900 363.6
1422910 363.6
1422920 363.7
1422930 363.4
1422940 363.4
1422950 363.0
1422960 363.0
1422970 363.0
1422980 363.2
1422990 363.1
1423000 363.1
1423010 363.2
1423020 363.3
1423030 363.3
1423040 363.3
1423050 363.3
1423060 363.3
1423070 363.1
1423080 363.1
1423090 363.1
1423100 363.1
1423110 363.0
1423120 363.0
1423130 362.9
1423140 362.9
1423150 362.9
1423160 363.0
1423170 362.9
1423180 362.9
1423190 362.5
1423200 363.3
1423210 363.3
1423220 365.1
1423230 366.3
1423240 366.3
1423250 367.2
1423260 368.2
1423270 368.2
1423280 369.4
1423290 370.8
1423300 370.8
1423310 371.7
1423320 371.9
1423330 371.9
1423340 372.2
1423350 373.3
1423360 373.3
1423370 374.5
1423380 375.7
1423390 375.7
1423400 378.7
1423410 383.5
1423420 383.5
1423430 386.7
1423440 390.1
1423450 390.1
1423460 394.3
1423470 400.2
1423480 400.2
1423490 405.2
1423500 408.5
1423510 408.5
1423520 411.3
1423530 415.1
1423540 415.1
1423550 419.1
1423560 425.2
1423570 425.2
1423580 430.7
1423590 435.7
1423600 441.5
1423610 441.5
1423620 447.2
1423630 453.5
1423640 453.5
1423650 461.2
1423660 466.3
1423670 466.3
1423680 469.3
1423690 469.6
1423700 469.6
1423710 469.4
1423720 469.2
1423730 469.2
1423740 469.1
1423750 468.7
1423760 468.7
1423770 468.4
1423780 468.2
1423790 468.2
1423800 467.8
1423810 467.6
1423820 467.6
1423830 467.1
1423840 466.8
1423850 466.8
1423860 466.4
1423870 466.1
1423880 466.1
1423890 465.7
1423900 465.7
1423910 465.7
1423920 465.3
1423930 465.0
1423940 465.0
1423950 464.4
1423960 463.8
1423970 463.8
1423980 463.2
1423990 462.7
1424000 462.7
1424010 462.2
1424020 461.0
1424030 461.0
1424040 459.5
1424050 458.0
1424060 458.0
1424070 457.8
1424080 460.1
1424090 460.1
1424100 462.2
1424110 462.6
1424120 462.6
1424130 462.6
1424140 462.6
1424150 462.6
1424160 462.5
1424170 462.6
1424180 462.6
1424190 462.7
1424200 462.7
1424210 462.7
1424220 462.8
1424230 462.8
1424240 462.8
1424250 462.9
1424260 462.9
1424270 462.9
1424280 463.0
1424290 463.0
1424300 463.0
1424310 462.9
1424320 462.7
1424330 462.7
1424340 462.4
1424350 462.1
1424360 462.1
1424370 461.8
1424380 461.7
1424390 461.7
1424400 461.8
1424410 461.9
1424420 461.9
1424430 462.0
1424440 462.2
1424450 462.2
1424460 462.5
1424470 462.8
1424480 462.8
1424490 463.0
1424500 463.2
1424510 463.2
1424520 463.2
1424530 463.3
1424540 463.3
1424550 463.4
1424560 463.3
1424570 463.3
1424580 463.3
1424590 463.3
1424600 463.3
1424610 463.2
1424620 463.2
1424630 463.2
1424640 463.1
1424650 463.1
1424660 463.1
1424670 463.2
1424680 463.3
1424690 463.3
1424700 463.4
1424710 463.0
1424720 463.0
1424730 462.7
1424740 462.8
1424750 462.8
1424760 462.7
1424770 462.6
1424780 462.6
1424790 462.4
1424800 462.1
1424810 462.1
1424820 461.8
1424830 461.7
1424840 461.7
1424850 461.8
1424860 461.8
1424870 461.8
1424880 461.9
1424890 462.0
1424900 462.0
1424910 462.2
1424920 462.4
1424930 462.4
1424940 462.3
1424950 461.9
1424960 461.9
1424970 461.8
1424980 461.9
1424990 461.9
1425000 461.9
1425010 462.0
1425020 462.0
1425030 462.5
1425040 462.9
1425050 462.9
1425060 463.0
1425070 462.9
1425080 462.9
1425090 463.0
1425100 463.2
1425110 463.2
1425120 463.4
1425130 463.3
1425140 463.3
1425150 463.3
1425160 463.3
1425170 463.3
1425180 463.3
1425190 463.2
1425200 463.2
1425210 463.0
1425220 462.8
1425230 462.8
1425240 462.7
1425250 462.6
1425260 462.6
1425270 462.6
1425280 462.5
1425290 462.5
1425300 462.5
1425310 462.5
1425320 462.5
1425330 462.5
1425340 462.4
1425350 462.2
1425360 462.2
1425370 462.1
1425380 462.0
1425390 462.0
1425400 462.0
1425410 461.9
1425420 461.9
1425430 461.9
1425440 461.8
1425450 461.8
1425460 461.7
1425470 461.6
1425480 461.6
1425490 461.5
1425500 461.4
1425510 461.4
1425520 461.2
1425530 461.1
1425540 461.1
1425550 461.1
1425560 461.1
1425570 461.1
1425580 461.0
1425590 460.9
1425600 460.9
1425610 460.8
1425620 460.7
1425630 460.7
1425640 460.6
1425650 460.5
1425660 460.5
1425670 460.4
1425680 460.5
1425690 460.5
1425700 460.6
1425710 460.9
1425720 460.9
1425730 461.2
1425740 461.4
1425750 461.4
1425760 461.9
1425770 462.2
1425780 462.2
1425790 462.3
1425800 462.6
1425810 462.6
1425820 462.5
1425830 462.5
1425840 462.5
1425850 462.5
1425860 462.2
1425870 462.2
1425880 461.8
1425890 461.1
1425900 461.1
1425910 460.2
1425920 459.4
1425930 459.4
1425940 459.1
1425950 458.9
1425960 458.9
1425970 459.4
1425980 460.3
1425990 460.3
1426000 461.3
1426010 461.9
1426020 461.9
1426030 462.2
1426040 462.6
1426050 462.6
1426060 463.2
1426070 463.7
1426080 464.0
1426090 464.3
1426100 464.6
1426110 464.6
1426120 464.7
1426130 465.1
1426140 465.1
1426150 465.5
1426160 465.8
1426170 465.8
1426180 466.2
1426190 466.7
1426200 466.7
1426210 467.1
1426220 467.6
1426230 467.6
1426240 467.8
1426250 468.2
1426260 468.2
1426270 468.5
1426280 468.8
1426290 468.8
1426300 469.0
1426310 468.9
1426320 468.9
1426330 468.8
1426340 468.4
1426350 468.4
1426360 468.2
1426370 468.1
1426380 468.1
1426390 467.9
1426400 467.6
1426410 467.6
1426420 467.9
1426430 467.9
1426440 467.9
1426450 468.1
1426460 468.2
1426470 468.2
1426480 468.4
1426490 468.6
1426500 468.6
1426510 468.9
1426520 469.3
1426530 469.3
1426540 469.6
1426550 470.0
1426560 470.0
1426570 470.3
1426580 470.6
1426590 470.6
1426600 471.0
1426610 471.2
1426620 471.2
1426630 471.4
1426640 471.6
1426650 471.6
1426660 471.8
1426670 472.0
1426680 472.0
1426690 472.1
1426700 472.2
1426710 472.2
1426720 472.2
1426730 472.2
1426740 472.2
1426750 472.3
1426760 472.2
1426770 472.2
1426780 472.0
1426790 471.8
1426800 471.8
1426810 471.5
1426820 471.2
1426830 471.2
1426840 470.4
1426850 469.3
1426860 469.3
1426870 467.6
1426880 466.1
1426890 466.1
1426900 464.5
1426910 462.1
1426920 462.1
1426930 459.2
1426940 457.5
1426950 457.5
1426960 456.9
1426970 456.6
1426980 456.6
1426990 456.5
1427000 456.4
1427010 456.4
1427020 456.3
1427030 456.4
1427040 456.6
1427050 456.6
1427060 456.8
1427070 457.0
1427080 457.0
1427090 457.1
1427100 457.2
1427110 457.2
1427120 457.2
1427130 457.2
1427140 457.2
1427150 457.3
1427160 457.5
1427170 457.5
1427180 457.5
1427190 457.6
1427200 457.6
1427210 457.7
1427220 457.7
1427230 457.7
1427240 457.6
1427250 457.6
1427260 457.6
1427270 457.7
1427280 457.7
1427290 457.7
1427300 457.8
1427310 458.5
1427320 458.5
1427330 458.6
1427340 458.4
1427350 458.4
1427360 458.4
1427370 458.7
1427380 458.7
1427390 459.6
1427400 461.3
1427410 461.3
1427420 461.4
1427430 460.5
1427440 460.5
1427450 460.0
1427460 459.9
1427470 459.9
1427480 460.9
1427490 461.2
1427500 461.2
1427510 460.8
1427520 460.3
1427530 460.3
1427540 459.9
1427550 459.7
1427560 459.7
1427570 459.6
1427580 459.5
1427590 459.5
1427600 459.2
1427610 459.0
1427620 459.0
1427630 458.8
1427640 458.6
1427650 458.6
1427660 458.6
1427670 458.5
1427680 458.5
1427690 458.6
1427700 458.7
1427710 458.7
1427720 459.0
1427730 458.8
1427740 458.8
1427750 458.7
1427760 458.6
1427770 458.6
1427780 458.6
1427790 458.6
1427800 458.6
1427810 458.7
1427820 458.7
1427830 458.7
1427840 458.8
1427850 458.9
1427860 458.9
1427870 458.9
1427880 459.0
1427890 459.0
1427900 458.9
1427910 458.9
1427920 458.9
1427930 459.0
1427940 458.9
1427950 458.9
1427960 458.8
1427970 458.8
1427980 458.8
1427990 458.8
1428000 458.8
1428010 458.8
1428020 458.6
1428030 458.8
1428040 458.8
1428050 459.0
1428060 459.0
1428070 459.0
1428080 458.9
1428090 458.7
1428100 458.7
1428110 458.0
1428120 457.0
1428130 457.0
1428140 456.4
1428150 456.1
1428160 456.1
1428170 455.9
1428180 455.7
1428190 455.7
1428200 455.6
1428210 455.5
1428220 455.5
1428230 455.3
1428240 455.2
1428250 455.2
1428260 454.9
1428270 454.4
1428280 454.4
1428290 454.0
1428300 453.9
1428310 453.9
1428320 454.1
1428330 454.9
1428340 455.8
1428350 456.5
1428360 456.9
1428370 456.9
1428380 457.3
1428390 457.7
1428400 457.7
1428410 458.0
1428420 458.3
1428430 458.3
1428440 458.5
1428450 458.8
1428460 458.8
1428470 459.1
1428480 459.2
1428490 459.2
1428500 459.4
1428510 459.6
1428520 459.6
1428530 459.8
1428540 459.8
1428550 459.8
1428560 460.0
1428570 460.1
1428580 460.1
1428590 460.2
1428600 460.2
1428610 460.2
1428620 460.2
1428630 460.3
1428640 460.3
1428650 460.4
1428660 460.5
1428670 460.5
1428680 460.5
1428690 460.6
1428700 460.6
1428710 460.7
1428720 460.8
1428730 460.8
1428740 460.8
1428750 460.8
1428760 461.0
1428770 461.0
1428780 461.2
1428790 461.1
1428800 461.1
1428810 461.2
1428820 461.3
1428830 461.3
1428840 461.5
1428850 461.6
1428860 461.6
1428870 461.7
1428880 461.9
1428890 461.9
1428900 462.0
1428910 462.1
1428920 462.1
1428930 462.2
1428940 462.3
1428950 462.3
1428960 462.3
1428970 462.5
1428980 462.5
1428990 462.6
1429000 462.8
1429010 462.8
1429020 462.9
1429030 463.1
1429040 463.1
1429050 463.4
1429060 463.8
1429070 463.8
1429080 463.8
1429090 463.8
1429100 463.8
1429110 463.9
1429120 464.0
1429130 464.0
1429140 464.1
1429150 464.2
1429160 464.2
1429170 464.3
1429180 464.5
1429190 464.5
1429200 464.6
1429210 464.7
1429220 464.7
1429230 464.8
1429240 464.9
1429250 464.9
1429260 465.1
1429270 465.3
1429280 465.3
1429290 465.6
1429300 465.7
1429310 465.7
1429320 465.7
1429330 465.8
1429340 465.8
1429350 465.8
1429360 465.9
1429370 465.9
1429380 465.9
1429390 465.8
1429400 465.8
1429410 465.7
1429420 465.5
1429430 465.5
1429440 465.3
1429450 465.1
1429460 465.1
1429470 464.8
1429480 464.5
1429490 464.5
1429500 464.1
1429510 463.6
1429520 463.6
1429530 463.2
1429540 462.8
1429550 462.8
1429560 462.2
1429570 461.5
1429580 461.5
1429590 460.9
1429600 460.3
1429610 460.3
1429620 459.8
1429630 459.2
1429640 459.2
1429650 458.7
1429660 458.1
1429670 458.1
1429680 457.5
1429690 457.0
1429700 457.0
1429710 456.6
1429720 456.4
1429730 456.4
1429740 456.1
1429750 455.9
1429760 455.9
1429770 455.8
1429780 455.5
1429790 455.5
1429800 455.2
1429810 454.8
1429820 454.8
1429830 454.5
1429840 454.1
1429850 454.1
1429860 453.8
1429870 453.3
1429880 453.3
1429890 452.9
1429900 452.7
1429910 452.7
1429920 452.5
1429930 452.5
1429940 452.5
1429950 452.5
1429960 452.4
1429970 452.4
1429980 452.5
1429990 452.6
1430000 452.6
1430010 452.6
1430020 452.6
1430030 452.6
1430040 452.4
1430050 452.3
1430060 452.3
1430070 452.1
1430080 451.9
1430090 451.9
1430100 452.0
1430110 452.3
1430120 452.3
1430130 452.4
1430140 452.6
1430150 452.6
1430160 452.8
1430170 452.9
1430180 452.9
1430190 452.8
1430200 452.8
1430210 452.8
1430220 452.8
1430230 452.8
1430240 452.8
1430250 452.9
1430260 452.8
1430270 452.8
1430280 452.6
1430290 452.5
1430300 452.5
1430310 452.5
1430320 452.5
1430330 452.5
1430340 452.6
1430350 452.6
1430360 452.6
1430370 451.4
1430380 448.9
1430390 448.9
1430400 447.7
1430410 447.5
1430420 447.5
1430430 447.8
1430440 447.7
1430450 447.7
1430460 447.5
1430470 451.1
1430480 452.6
1430490 452.6
1430500 452.8
1430510 453.0
1430520 453.0
1430530 453.1
1430540 453.1
1430550 453.1
1430560 453.1
1430570 453.1
1430580 453.1
1430590 453.1
1430600 453.1
1430610 453.1
1430620 453.1
1430630 453.1
1430640 453.1
1430650 453.2
1430660 453.3
1430670 453.3
1430680 453.3
1430690 453.3
1430700 453.4
1430710 453.4
1430720 453.5
1430730 453.5
1430740 453.5
1430750 453.6
1430760 453.6
1430770 453.7
1430780 453.7
1430790 453.7
1430800 453.7
1430810 453.8
1430820 453.8
1430830 453.8
1430840 453.8
1430850 453.8
1430860 453.9
1430870 454.0
1430880 454.0
1430890 454.0
1430900 453.9
1430910 453.9
1430920 453.9
1430930 454.0
1430940 454.0
1430950 454.0
1430960 454.1
1430970 454.1
1430980 454.1
1430990 454.1
1431000 454.1
1431010 454.2
1431020 454.2
1431030 454.2
1431040 454.2
1431050 454.3
1431060 454.3
1431070 454.2
1431080 454.3
1431090 454.3
1431100 454.3
1431110 454.4
1431120 454.4
1431130 454.3
1431140 453.2
1431150 453.2
1431160 450.9
1431170 450.8
1431180 450.8
1431190 451.7
1431200 452.7
1431210 452.7
1431220 453.8
1431230 454.3
1431240 454.3
1431250 454.3
1431260 454.3
1431270 454.3
1431280 454.4
1431290 454.5
1431300 454.5
1431310 454.5
1431320 454.5
1431330 454.5
1431340 454.5
1431350 454.5
1431360 454.5
1431370 454.4
1431380 454.4
1431390 454.4
1431400 454.4
1431410 454.4
1431420 454.4
1431430 454.4
1431440 454.3
1431450 454.3
1431460 454.3
1431470 454.2
1431480 454.2
1431490 454.2
1431500 454.1
1431510 454.1
1431520 454.0
1431530 454.0
1431540 454.0
1431550 454.0
1431560 453.8
1431570 453.8
1431580 453.7
1431590 453.6
1431600 453.6
1431610 453.5
1431620 453.5
1431630 453.5
1431640 453.6
1431650 453.4
1431660 453.4
1431670 453.2
1431680 453.1
1431690 453.1
1431700 453.2
1431710 453.2
1431720 453.2
1431730 453.2
1431740 453.1
1431750 453.1
1431760 453.2
1431770 453.2
1431780 453.2
1431790 453.1
1431800 453.2
1431810 453.2
1431820 453.2
1431830 453.1
1431840 453.1
1431850 453.0
1431860 452.9
1431870 452.9
1431880 452.9
1431890 452.9
1431900 452.9
1431910 452.8
1431920 452.6
1431930 452.6
1431940 452.8
1431950 452.7
1431960 452.7
1431970 452.7
1431980 452.7
1431990 452.7
1432000 452.5
1432010 452.4
1432020 452.4
1432030 452.1
1432040 452.0
1432050 452.0
1432060 451.9
1432070 451.8
1432080 451.8
1432090 451.8
1432100 451.7
1432110 451.7
1432120 451.6
1432130 451.5
1432140 451.5
1432150 451.3
1432160 451.2
1432170 451.2
1432180 451.0
1432190 451.0
1432200 450.8
1432210 450.8
1432220 450.8
1432230 450.7
1432240 450.7
1432250 450.5
1432260 450.3
1432270 450.3
1432280 450.1
1432290 450.0
1432300 450.0
1432310 449.9
1432320 449.7
1432330 449.7
1432340 449.4
1432350 449.2
1432360 449.2
1432370 448.8
1432380 448.5
1432390 448.5
1432400 448.3
1432410 448.0
1432420 448.0
1432430 447.6
1432440 447.3
1432450 447.3
1432460 447.0
1432470 447.1
1432480 447.1
1432490 447.7
1432500 448.3
1432510 448.3
1432520 448.5
1432530 448.5
1432540 448.5
1432550 448.5
1432560 448.4
1432570 448.4
1432580 448.3
1432590 448.1
1432600 448.1
1432610 448.0
1432620 448.0
1432630 448.0
1432640 448.1
1432650 447.8
1432660 447.8
1432670 447.7
1432680 447.6
1432690 447.6
1432700 447.4
1432710 447.2
1432720 447.2
1432730 447.0
1432740 447.0
1432750 447.0
1432760 447.0
1432770 446.9
1432780 446.9
1432790 446.8
1432800 446.5
1432810 446.5
1432820 446.0
1432830 445.1
1432840 445.1
1432850 444.5
1432860 444.0
1432870 444.0
1432880 443.6
1432890 443.4
1432900 443.4
1432910 443.1
1432920 443.0
1432930 443.0
1432940 442.9
1432950 442.8
1432960 442.8
1432970 442.7
1432980 442.6
1432990 442.6
1433000 442.5
1433010 442.4
1433020 442.4
1433030 442.5
1433040 442.5
1433050 442.5
1433060 442.4
1433070 442.2
1433080 442.2
1433090 442.0
1433100 441.9
1433110 441.9
1433120 441.8
1433130 441.9
1433140 441.9
1433150 441.9
1433160 441.7
1433170 441.7
1433180 441.6
1433190 441.4
1433200 441.4
1433210 441.3
1433220 441.2
1433230 441.2
1433240 441.5
1433250 441.6
1433260 441.6
1433270 441.6
1433280 441.5
1433290 441.5
1433300 441.3
1433310 441.4
1433320 441.4
1433330 441.7
1433340 441.7
1433350 441.7
1433360 441.7
1433370 441.5
1433380 441.5
1433390 441.3
1433400 441.0
1433410 441.0
1433420 441.0
1433430 441.1
1433440 441.1
1433450 441.1
1433460 441.0
1433470 441.0
1433480 440.4
1433490 439.4
1433500 439.4
1433510 439.1
1433520 439.1
1433530 439.1
1433540 439.1
1433550 439.1
1433560 439.1
1433570 439.3
1433580 439.2
1433590 439.2
1433600 438.9
1433610 438.3
1433620 438.3
1433630 438.4
1433640 438.7
1433650 438.7
1433660 438.9
1433670 439.0
1433680 439.0
1433690 438.9
1433700 438.9
1433710 438.9
1433720 438.8
1433730 438.8
1433740 438.8
1433750 439.1
1433760 439.3
1433770 439.3
1433780 439.2
1433790 439.1
1433800 439.1
1433810 439.0
1433820 438.7
1433830 438.7
1433840 438.5
1433850 438.6
1433860 438.6
1433870 438.9
1433880 439.0
1433890 439.0
1433900 439.3
1433910 439.7
1433920 439.7
1433930 440.3
1433940 440.8
1433950 441.1
1433960 441.1
1433970 441.4
1433980 441.7
1433990 441.7
1434000 442.0
1434010 442.4
1434020 442.4
1434030 442.7
1434040 443.0
1434050 443.0
1434060 443.0
1434070 442.9
1434080 442.9
1434090 442.8
1434100 442.7
1434110 442.7
1434120 441.7
1434130 440.6
1434140 440.6
1434150 440.3
1434160 440.4
1434170 440.4
1434180 441.4
1434190 442.5
1434200 442.5
1434210 443.2
1434220 443.4
1434230 443.4
1434240 443.5
1434250 443.5
1434260 443.5
1434270 443.5
1434280 443.4
1434290 443.4
1434300 443.4
1434310 443.6
1434320 443.6
1434330 443.8
1434340 443.9
1434350 443.9
1434360 444.0
1434370 444.1
1434380 444.1
1434390 444.2
1434400 444.3
1434410 444.3
1434420 444.3
1434430 444.4
1434440 444.4
1434450 444.5
1434460 444.5
1434470 444.5
1434480 444.6
1434490 444.6
1434500 444.6
1434510 444.8
1434520 445.2
1434530 445.2
1434540 445.6
1434550 446.4
1434560 446.4
1434570 447.1
1434580 447.7
1434590 447.7
1434600 448.3
1434610 448.7
1434620 448.7
1434630 449.0
1434640 449.1
1434650 449.1
1434660 449.0
1434670 448.5
1434680 448.5
1434690 447.8
1434700 446.8
1434710 446.8
1434720 446.1
1434730 445.9
1434740 445.9
1434750 445.8
1434760 445.8
1434770 445.8
1434780 445.9
1434790 446.1
1434800 446.1
1434810 446.1
1434820 446.0
1434830 446.0
1434840 446.1
1434850 446.2
1434860 446.2
1434870 446.2
1434880 446.2
1434890 446.2
1434900 446.0
1434910 445.8
1434920 445.8
1434930 445.7
1434940 445.6
1434950 445.6
1434960 445.7
1434970 445.8
1434980 445.8
1434990 445.8
1435000 445.9
1435010 445.9
1435020 446.0
1435030 446.0
1435040 446.0
1435050 446.1
1435060 446.0
1435070 446.0
1435080 445.9
1435090 445.6
1435100 445.6
1435110 445.1
1435120 444.4
1435130 444.4
1435140 444.3
1435150 444.1
1435160 444.1
1435170 444.0
1435180 444.0
1435190 444.0
1435200 444.0
1435210 444.3
1435220 444.3
1435230 445.5
1435240 446.2
1435250 446.2
1435260 446.6
1435270 446.7
1435280 446.7
1435290 446.6
1435300 446.5
1435310 446.5
1435320 446.5
1435330 446.5
1435340 446.5
1435350 446.5
1435360 446.5
1435370 446.5
1435380 446.5
1435390 446.5
1435400 446.5
1435410 446.4
1435420 446.5
1435430 446.5
1435440 446.5
1435450 446.5
1435460 446.5
1435470 446.6
1435480 446.7
1435490 446.7
1435500 446.8
1435510 446.9
1435520 446.9
1435530 447.0
1435540 447.0
1435550 447.0
1435560 447.1
1435570 447.1
1435580 447.1
1435590 447.2
1435600 447.2
1435610 447.2
1435620 447.1
1435630 447.2
1435640 447.2
1435650 447.2
1435660 447.2
1435670 447.2
1435680 447.1
1435690 447.2
1435700 447.2
1435710 447.2
1435720 446.9
1435730 446.8
1435740 447.0
1435750 447.0
1435760 446.9
1435770 446.9
1435780 446.8
1435790 446.9
1435800 446.9
1435810 447.0
1435820 447.2
1435830 447.2
1435840 447.2
1435850 447.2
1435860 447.2
1435870 447.3
1435880 447.4
1435890 447.4
1435900 447.3
1435910 447.4
1435920 447.4
1435930 447.3
1435940 447.1
1435950 447.1
1435960 447.0
1435970 447.0
1435980 447.0
1435990 446.7
1436000 446.2
1436010 446.2
1436020 445.8
1436030 445.7
1436040 445.7
1436050 445.7
1436060 445.9
1436070 445.9
1436080 446.1
1436090 446.7
1436100 446.7
1436110 447.7
1436120 448.2
1436130 448.2
1436140 448.4
1436150 448.3
1436160 448.3
1436170 448.2
1436180 448.3
1436190 448.3
1436200 448.5
1436210 448.5
1436220 448.5
1436230 448.7
1436240 448.9
1436250 448.9
1436260 449.0
1436270 448.9
1436280 448.9
1436290 449.1
1436300 449.2
1436310 449.2
1436320 449.3
1436330 449.5
1436340 449.5
1436350 449.5
1436360 449.5
1436370 449.5
1436380 449.6
1436390 449.6
1436400 449.6
1436410 449.6
1436420 449.7
1436430 449.7
1436440 449.7
1436450 449.8
1436460 449.8
1436470 449.8
1436480 449.8
1436490 449.8
1436500 449.9
1436510 449.8
1436520 449.8
1436530 449.9
1436540 450.0
1436550 450.0
1436560 449.9
1436570 449.8
1436580 449.8
1436590 450.0
1436600 450.1
1436610 450.1
1436620 450.2
1436630 450.2
1436640 450.2
1436650 450.3
1436660 450.4
1436670 450.4
1436680 450.5
1436690 450.4
1436700 450.4
1436710 450.4
1436720 450.5
1436730 450.5
1436740 450.5
1436750 450.6
1436760 450.6
1436770 450.7
1436780 450.5
1436790 450.5
1436800 450.3
1436810 450.2
1436820 450.2
1436830 450.3
1436840 450.4
1436850 450.4
1436860 450.4
1436870 450.4
1436880 450.4
1436890 450.6
1436900 450.5
1436910 450.5
1436920 450.5
1436930 450.6
1436940 450.6
1436950 450.7
1436960 450.8
1436970 450.8
1436980 450.8
1436990 450.7
1437000 450.7
1437010 450.9
1437020 451.0
1437030 451.0
1437040 451.4
1437050 452.4
1437060 452.4
1437070 454.5
1437080 455.8
1437090 455.8
1437100 456.2
1437110 456.7
1437120 456.7
1437130 457.4
1437140 458.3
1437150 458.3
1437160 459.0
1437170 459.7
1437180 459.7
1437190 460.3
1437200 460.7
1437210 460.7
1437220 461.0
1437230 461.2
1437240 461.2
1437250 461.3
1437260 461.2
1437270 461.2
1437280 461.1
1437290 461.1
1437300 461.1
1437310 461.0
1437320 461.0
1437330 461.0
1437340 461.0
1437350 460.9
1437360 460.9
1437370 460.9
1437380 460.9
1437390 460.9
1437400 460.9
1437410 460.9
1437420 460.8
1437430 460.8
1437440 460.7
1437450 460.5
1437460 460.5
1437470 460.2
1437480 459.4
1437490 459.4
1437500 457.0
1437510 453.2
1437520 453.2
1437530 451.4
1437540 450.6
1437550 450.6
1437560 450.4
1437570 450.0
1437580 450.0
1437590 449.7
1437600 449.5
1437610 449.5
1437620 449.3
1437630 449.4
1437640 449.4
1437650 449.3
1437660 449.1
1437670 449.1
1437680 448.7
1437690 448.7
1437700 448.7
1437710 448.7
1437720 448.7
1437730 448.7
1437740 448.6
1437750 448.6
1437760 448.6
1437770 448.7
1437780 449.2
1437790 449.2
1437800 449.9
1437810 450.7
1437820 450.7
1437830 451.3
1437840 451.6
1437850 451.6
1437860 451.9
1437870 452.4
1437880 452.4
1437890 453.3
1437900 454.4
1437910 454.4
1437920 455.9
1437930 459.0
1437940 459.0
1437950 460.8
1437960 461.7
1437970 461.7
1437980 462.3
1437990 462.7
1438000 462.7
1438010 463.0
1438020 463.1
1438030 463.1
1438040 463.1
1438050 463.1
1438060 463.1
1438070 462.9
1438080 462.7
1438090 462.7
1438100 462.4
1438110 462.2
1438120 462.2
1438130 462.0
1438140 461.7
1438150 461.7
1438160 461.2
1438170 460.9
1438180 460.9
1438190 460.8
1438200 460.8
1438210 460.8
1438220 460.8
1438230 460.8
1438240 460.8
1438250 460.8
1438260 460.8
1438270 460.8
1438280 460.7
1438290 460.4
1438300 460.4
1438310 459.5
1438320 457.9
1438330 457.9
1438340 456.4
1438350 455.7
1438360 455.7
1438370 456.5
1438380 458.0
1438390 458.0
1438400 458.7
1438410 459.5
1438420 459.5
1438430 460.3
1438440 461.0
1438450 461.0
1438460 461.7
1438470 462.7
1438480 462.7
1438490 463.3
1438500 463.8
1438510 463.8
1438520 464.3
1438530 464.9
1438540 464.9
1438550 465.6
1438560 465.9
1438570 465.9
1438580 466.2
1438590 466.5
1438600 466.5
1438610 466.8
1438620 467.2
1438630 467.2
1438640 467.6
1438650 467.9
1438660 467.9
1438670 468.2
1438680 468.4
1438690 468.4
1438700 468.7
1438710 468.9
1438720 468.9
1438730 469.1
1438740 469.3
1438750 469.3
1438760 469.4
1438770 469.6
1438780 469.6
1438790 469.7
1438800 469.8
1438810 469.8
1438820 470.0
1438830 470.2
1438840 470.2
1438850 470.4
1438860 470.6
1438870 470.6
1438880 470.7
1438890 470.8
1438900 470.8
1438910 470.8
1438920 470.9
1438930 470.9
1438940 471.0
1438950 470.9
1438960 470.9
1438970 470.8
1438980 470.8
1438990 470.8
1439000 470.9
1439010 471.0
1439020 471.0
1439030 471.2
1439040 471.6
1439050 471.6
1439060 471.8
1439070 472.0
1439080 472.0
1439090 472.1
1439100 472.2
1439110 472.2
1439120 472.2
1439130 472.4
1439140 472.6
1439150 472.6
1439160 472.7
1439170 472.8
1439180 472.8
1439190 472.9
1439200 473.0
1439210 473.0
1439220 473.2
1439230 473.3
1439240 473.3
1439250 473.3
1439260 473.4
1439270 473.4
1439280 473.4
1439290 473.5
1439300 473.5
1439310 473.6
1439320 473.5
1439330 473.5
1439340 473.5
1439350 473.4
1439360 473.4
1439370 473.3
1439380 473.2
1439390 473.2
1439400 473.0
1439410 472.8
1439420 472.8
1439430 472.5
1439440 472.3
1439450 472.3
1439460 471.8
1439470 471.4
1439480 471.4
1439490 471.0
1439500 470.7
1439510 470.7
1439520 470.3
1439530 470.1
1439540 470.1
1439550 470.0
1439560 470.1
1439570 470.1
1439580 470.4
1439590 470.8
1439600 470.8
1439610 471.2
1439620 471.7
1439630 471.7
1439640 472.1
1439650 472.5
1439660 472.5
1439670 472.8
1439680 473.1
1439690 473.1
1439700 473.5
1439710 473.7
1439720 473.7
1439730 473.9
1439740 474.1
1439750 474.1
1439760 474.3
1439770 474.5
1439780 474.5
1439790 474.6
1439800 474.6
1439810 474.6
1439820 474.5
1439830 474.3
1439840 474.3
1439850 474.4
1439860 474.9
1439870 474.9
1439880 475.1
1439890 475.5
1439900 475.5
1439910 475.7
1439920 475.8
1439930 475.8
1439940 475.9
1439950 476.0
1439960 476.0
1439970 476.0
1439980 476.2
1439990 476.2
