1420000 383.5
1420010 382.8
1420020 382.8
1420030 381.0
1420040 378.9
1420050 378.9
1420060 376.4
1420070 374.7
1420080 374.7
1420090 374.9
1420100 373.0
1420110 373.0
1420120 368.2
1420130 364.5
1420140 364.5
1420150 361.9
1420160 361.1
1420170 361.1
1420180 361.1
1420190 361.1
1420200 361.1
1420210 361.1
1420220 361.0
1420230 361.0
1420240 361.0
1420250 361.0
1420260 361.0
1420270 361.2
1420280 361.5
1420290 361.5
1420300 362.7
1420310 365.1
1420320 365.1
1420330 366.6
1420340 368.6
1420350 368.6
1420360 370.7
1420370 373.1
1420380 373.1
1420390 375.7
1420400 379.3
1420410 379.3
1420420 382.0
1420430 384.4
1420440 388.5
1420450 388.5
1420460 389.8
1420470 390.8
1420480 390.8
1420490 390.7
1420500 391.0
1420510 391.0
1420520 392.1
1420530 392.9
1420540 392.9
1420550 394.3
1420560 395.8
1420570 395.8
1420580 398.6
1420590 402.4
1420600 402.4
1420610 404.4
1420620 405.7
1420630 405.7
1420640 408.7
1420650 412.9
1420660 412.9
1420670 417.9
1420680 423.8
1420690 423.8
1420700 431.9
1420710 439.9
1420720 439.9
1420730 442.6
1420740 442.8
1420750 442.8
1420760 442.9
1420770 442.9
1420780 442.9
1420790 442.8
1420800 442.7
1420810 442.7
1420820 442.5
1420830 442.6
1420840 442.6
1420850 442.6
1420860 442.5
1420870 442.5
1420880 442.4
1420890 442.2
1420900 442.2
1420910 442.2
1420920 442.1
1420930 442.1
1420940 441.9
1420950 441.6
1420960 441.6
1420970 441.2
1420980 441.1
1420990 441.1
1421000 441.6
1421010 441.5
1421020 441.5
1421030 441.4
1421040 441.4
1421050 441.4
1421060 441.3
1421070 441.4
1421080 441.4
1421090 441.4
1421100 441.3
1421110 441.3
1421120 441.2
1421130 440.9
1421140 440.9
1421150 440.8
1421160 440.9
1421170 440.9
1421180 440.9
1421190 441.2
1421200 441.2
1421210 441.3
1421220 441.2
1421230 441.2
1421240 441.2
1421250 441.1
1421260 441.1
1421270 441.1
1421280 441.3
1421290 441.3
1421300 441.4
1421310 441.2
1421320 441.2
1421330 441.0
1421340 440.8
1421350 440.8
1421360 440.6
1421370 440.3
1421380 440.3
1421390 440.1
1421400 440.2
1421410 440.2
1421420 440.5
1421430 440.6
1421440 440.6
1421450 440.7
1421460 440.7
1421470 440.7
1421480 440.8
1421490 440.8
1421500 440.8
1421510 440.8
1421520 440.7
1421530 440.7
1421540 440.6
1421550 440.6
1421560 440.6
1421570 440.5
1421580 440.5
1421590 440.5
1421600 440.4
1421610 440.0
1421620 440.0
1421630 436.8
1421640 430.3
1421650 430.3
1421660 422.9
1421670 414.9
1421680 414.9
1421690 406.3
1421700 401.7
1421710 401.7
1421720 397.9
1421730 393.6
1421740 393.6
1421750 390.1
1421760 387.7
1421770 387.7
1421780 385.9
1421790 383.2
1421800 383.2
1421810 381.3
1421820 380.7
1421830 380.7
1421840 379.8
1421850 378.7
1421860 378.7
1421870 377.2
1421880 374.8
1421890 374.8
1421900 373.8
1421910 373.7
1421920 373.7
1421930 373.5
1421940 372.9
1421950 372.9
1421960 371.9
1421970 370.9
1421980 370.9
1421990 370.3
1422000 370.1
1422010 370.1
1422020 370.1
1422030 370.2
1422040 370.2
1422050 370.4
1422060 370.5
1422070 370.5
1422080 370.4
1422090 370.3
1422100 370.3
1422110 370.3
1422120 370.5
1422130 370.5
1422140 370.9
1422150 371.0
1422160 371.0
1422170 369.6
1422180 367.3
1422190 367.3
1422200 365.5
1422210 364.0
1422220 363.5
1422230 363.5
1422240 363.5
1422250 363.7
1422260 363.7
1422270 363.8
1422280 363.9
1422290 363.9
1422300 364.0
1422310 364.1
1422320 364.1
1422330 364.1
1422340 363.7
1422350 363.7
1422360 362.6
1422370 360.8
1422380 360.8
1422390 360.1
1422400 360.1
1422410 360.1
1422420 360.0
1422430 359.9
1422440 359.9
1422450 359.6
1422460 359.2
1422470 359.2
1422480 359.1
1422490 359.1
1422500 359.1
1422510 359.1
1422520 359.1
1422530 359.1
1422540 359.1
1422550 359.0
1422560 359.0
1422570 359.0
1422580 359.0
1422590 359.0
1422600 359.1
1422610 359.8
1422620 359.8
1422630 361.7
1422640 363.6
1422650 363.6
1422660 363.9
1422670 363.5
1422680 363.5
1422690 363.4
1422700 363.7
1422710 363.7
1422720 364.5
1422730 367.5
1422740 367.5
1422750 372.9
1422760 377.5
1422770 377.5
1422780 382.7
1422790 386.0
1422800 386.0
1422810 387.1
1422820 387.7
1422830 387.7
1422840 388.7
1422850 389.7
1422860 389.7
1422870 390.5
1422880 391.3
1422890 391.3
1422900 391.5
1422910 391.4
1422920 391.4
1422930 391.3
1422940 391.2
1422950 391.2
1422960 391.0
1422970 391.0
1422980 391.0
1422990 390.9
1423000 390.9
1423010 390.9
1423020 390.9
1423030 390.9
1423040 390.9
1423050 390.9
1423060 390.8
1423070 390.8
1423080 390.8
1423090 390.5
1423100 390.5
1423110 390.0
1423120 389.9
1423130 389.9
1423140 389.9
1423150 389.7
1423160 389.7
1423170 389.6
1423180 389.3
1423190 389.3
1423200 388.8
1423210 387.0
1423220 387.0
1423230 384.8
1423240 382.6
1423250 382.6
1423260 379.7
1423270 377.4
1423280 377.4
1423290 374.2
1423300 371.4
1423310 371.4
1423320 369.5
1423330 368.8
1423340 368.8
1423350 368.6
1423360 368.3
1423370 368.3
1423380 368.5
1423390 366.0
1423400 366.0
1423410 364.0
1423420 363.8
1423430 363.8
1423440 363.7
1423450 363.5
1423460 363.5
1423470 363.2
1423480 362.4
1423490 362.4
1423500 362.0
1423510 360.3
1423520 360.3
1423530 358.8
1423540 358.4
1423550 358.4
1423560 358.3
1423570 358.3
1423580 358.3
1423590 358.3
1423600 358.3
1423610 358.3
1423620 358.3
1423630 358.3
1423640 358.3
1423650 358.3
1423660 358.5
1423670 358.5
1423680 360.7
1423690 362.4
1423700 362.4
1423710 363.0
1423720 365.5
1423730 365.5
1423740 372.7
1423750 380.1
1423760 380.1
1423770 387.1
1423780 396.0
1423790 396.0
1423800 403.1
1423810 406.3
1423820 406.3
1423830 407.6
1423840 408.0
1423850 408.0
1423860 408.2
1423870 408.2
1423880 408.2
1423890 408.0
1423900 407.3
1423910 407.3
1423920 406.5
1423930 406.0
1423940 406.0
1423950 406.4
1423960 407.1
1423970 407.9
1423980 407.9
1423990 410.3
1424000 414.6
1424010 414.6
1424020 419.3
1424030 424.3
1424040 424.3
1424050 429.3
1424060 433.9
1424070 433.9
1424080 438.2
1424090 442.2
1424100 442.2
1424110 445.4
1424120 448.4
1424130 448.4
1424140 451.3
1424150 454.4
1424160 454.4
1424170 456.0
1424180 456.3
1424190 456.3
1424200 456.5
1424210 456.7
1424220 456.7
1424230 455.5
1424240 450.9
1424250 450.9
1424260 445.9
1424270 444.4
1424280 444.4
1424290 446.9
1424300 450.4
1424310 450.4
1424320 454.1
1424330 456.4
1424340 456.4
1424350 457.2
1424360 457.3
1424370 457.3
1424380 457.3
1424390 456.3
1424400 456.3
1424410 453.9
1424420 454.0
1424430 454.0
1424440 455.8
1424450 456.7
1424460 456.7
1424470 457.0
1424480 457.3
1424490 457.3
1424500 457.4
1424510 457.5
1424520 457.5
1424530 457.5
1424540 457.5
1424550 457.5
1424560 457.5
1424570 457.6
1424580 457.6
1424590 457.7
1424600 457.7
1424610 457.8
1424620 457.8
1424630 457.7
1424640 457.7
1424650 457.6
1424660 457.4
1424670 457.4
1424680 457.2
1424690 457.1
1424700 457.1
1424710 457.2
1424720 457.2
1424730 457.2
1424740 456.8
1424750 454.9
1424760 454.9
1424770 452.6
1424780 451.0
1424790 451.0
1424800 451.3
1424810 453.9
1424820 453.9
1424830 456.8
1424840 457.8
1424850 457.8
1424860 458.0
1424870 457.9
1424880 457.9
1424890 457.9
1424900 457.9
1424910 457.9
1424920 457.8
1424930 457.8
1424940 457.8
1424950 458.0
1424960 458.0
1424970 458.0
1424980 457.9
1424990 457.8
1425000 457.8
1425010 457.7
1425020 457.8
1425030 457.8
1425040 457.7
1425050 457.6
1425060 457.6
1425070 457.7
1425080 457.7
1425090 457.7
1425100 457.8
1425110 458.1
1425120 458.1
1425130 458.1
1425140 458.1
1425150 458.1
1425160 458.1
1425170 458.1
1425180 458.1
1425190 458.1
1425200 457.9
1425210 457.9
1425220 457.8
1425230 457.8
1425240 457.8
1425250 457.8
1425260 457.8
1425270 457.8
1425280 457.5
1425290 457.5
1425300 457.5
1425310 457.4
1425320 457.3
1425330 457.3
1425340 457.4
1425350 457.4
1425360 457.4
1425370 457.4
1425380 457.4
1425390 457.4
1425400 457.5
1425410 457.5
1425420 457.5
1425430 457.4
1425440 457.4
1425450 457.4
1425460 457.4
1425470 457.3
1425480 457.3
1425490 457.2
1425500 457.1
1425510 457.1
1425520 457.1
1425530 457.0
1425540 457.0
1425550 457.1
1425560 457.0
1425570 457.0
1425580 457.0
1425590 456.9
1425600 456.9
1425610 456.8
1425620 456.6
1425630 456.6
1425640 456.5
1425650 456.3
1425660 456.3
1425670 456.4
1425680 456.4
1425690 456.4
1425700 456.2
1425710 456.2
1425720 456.2
1425730 456.2
1425740 456.2
1425750 456.2
1425760 456.2
1425770 456.2
1425780 456.0
1425790 456.0
1425800 455.9
1425810 455.9
1425820 455.9
1425830 455.9
1425840 455.9
1425850 455.9
1425860 455.9
1425870 455.8
1425880 455.8
1425890 455.6
1425900 455.4
1425910 455.4
1425920 455.3
1425930 455.3
1425940 455.3
1425950 455.2
1425960 455.0
1425970 455.0
1425980 455.0
1425990 454.8
1426000 454.8
1426010 454.6
1426020 454.5
1426030 454.5
1426040 454.4
1426050 454.4
1426060 454.4
1426070 454.5
1426080 454.5
1426090 454.5
1426100 454.5
1426110 454.5
1426120 454.5
1426130 455.1
1426140 456.4
1426150 456.4
1426160 457.7
1426170 458.9
1426180 458.9
1426190 460.1
1426200 461.4
1426210 461.4
1426220 462.7
1426230 463.7
1426240 463.7
1426250 464.5
1426260 464.6
1426270 464.6
1426280 464.5
1426290 464.6
1426300 464.6
1426310 464.6
1426320 464.6
1426330 464.6
1426340 464.7
1426350 464.8
1426360 464.8
1426370 464.9
1426380 465.0
1426390 465.0
1426400 465.0
1426410 465.0
1426420 465.0
1426430 465.1
1426440 465.0
1426450 465.0
1426460 465.0
1426470 465.1
1426480 465.1
1426490 465.2
1426500 465.4
1426510 465.4
1426520 465.7
1426530 466.0
1426540 466.0
1426550 465.8
1426560 465.0
1426570 465.0
1426580 464.3
1426590 463.8
1426600 463.8
1426610 463.6
1426620 462.9
1426630 462.9
1426640 462.1
1426650 461.2
1426660 461.2
1426670 460.3
1426680 459.1
1426690 459.1
1426700 457.9
1426710 456.8
1426720 456.8
1426730 455.8
1426740 455.1
1426750 455.1
1426760 454.7
1426770 454.3
1426780 454.3
1426790 454.1
1426800 453.7
1426810 454.2
1426820 453.8
1426830 453.4
1426840 453.4
1426850 453.1
1426860 452.8
1426870 452.8
1426880 452.8
1426890 452.7
1426900 452.7
1426910 452.8
1426920 452.9
1426930 452.9
1426940 452.9
1426950 453.0
1426960 453.0
1426970 453.1
1426980 453.1
1426990 453.1
1427000 453.1
1427010 453.1
1427020 453.1
1427030 453.2
1427040 453.1
1427050 453.1
1427060 453.1
1427070 453.2
1427080 453.2
1427090 453.3
1427100 453.2
1427110 453.2
1427120 453.2
1427130 453.2
1427140 453.2
1427150 453.1
1427160 453.3
1427170 453.3
1427180 453.5
1427190 453.4
1427200 453.4
1427210 453.3
1427220 453.3
1427230 453.3
1427240 453.3
1427250 453.4
1427260 453.4
1427270 453.5
1427280 453.5
1427290 453.5
1427300 453.6
1427310 453.6
1427320 453.6
1427330 453.7
1427340 453.7
1427350 453.7
1427360 453.7
1427370 453.8
1427380 453.8
1427390 453.8
1427400 453.9
1427410 453.9
1427420 453.8
1427430 453.8
1427440 453.8
1427450 453.7
1427460 453.7
1427470 453.7
1427480 453.7
1427490 453.6
1427500 453.5
1427510 453.5
1427520 453.2
1427530 453.1
1427540 453.1
1427550 453.1
1427560 453.1
1427570 453.1
1427580 452.9
1427590 452.9
1427600 452.9
1427610 452.9
1427620 453.0
1427630 453.0
1427640 452.9
1427650 452.9
1427660 452.9
1427670 453.1
1427680 453.0
1427690 453.0
1427700 453.0
1427710 453.1
1427720 453.1
1427730 453.2
1427740 453.2
1427750 453.2
1427760 453.0
1427770 453.1
1427780 453.1
1427790 453.2
1427800 453.2
1427810 453.2
1427820 453.2
1427830 453.3
1427840 453.3
1427850 453.2
1427860 453.0
1427870 453.0
1427880 453.1
1427890 453.2
1427900 453.2
1427910 453.3
1427920 453.4
1427930 453.4
1427940 453.4
1427950 453.5
1427960 453.5
1427970 453.9
1427980 453.8
1427990 453.8
1428000 453.7
1428010 453.6
1428020 453.6
1428030 453.6
1428040 453.6
1428050 453.6
1428060 453.7
1428070 453.7
1428080 453.7
1428090 453.8
1428100 453.8
1428110 453.8
1428120 453.8
1428130 453.7
1428140 453.7
1428150 453.8
1428160 453.7
1428170 453.7
1428180 453.7
1428190 453.8
1428200 453.8
1428210 453.7
1428220 453.6
1428230 453.6
1428240 453.7
1428250 453.4
1428260 453.4
1428270 453.3
1428280 453.3
1428290 453.3
1428300 453.3
1428310 453.3
1428320 453.3
1428330 453.3
1428340 453.3
1428350 453.3
1428360 453.3
1428370 453.1
1428380 453.1
1428390 453.0
1428400 452.7
1428410 452.7
1428420 451.9
1428430 450.5
1428440 450.5
1428450 449.8
1428460 449.5
1428470 449.5
1428480 449.3
1428490 449.2
1428500 449.2
1428510 449.1
1428520 449.0
1428530 449.0
1428540 449.0
1428550 449.0
1428560 449.0
1428570 448.8
1428580 448.8
1428590 448.8
1428600 448.8
1428610 448.8
1428620 448.8
1428630 448.6
1428640 448.5
1428650 448.5
1428660 448.4
1428670 448.2
1428680 448.2
1428690 447.8
1428700 447.3
1428710 447.3
1428720 446.8
1428730 447.6
1428740 447.6
1428750 448.1
1428760 448.3
1428770 448.3
1428780 448.4
1428790 448.2
1428800 448.2
1428810 447.9
1428820 447.7
1428830 447.7
1428840 447.6
1428850 447.6
1428860 447.6
1428870 447.7
1428880 447.7
1428890 447.7
1428900 447.6
1428910 447.6
1428920 447.6
1428930 447.4
1428940 447.2
1428950 447.2
1428960 447.2
1428970 447.6
1428980 447.6
1428990 448.3
1429000 449.0
1429010 449.0
1429020 449.7
1429030 450.3
1429040 450.3
1429050 450.6
1429060 450.9
1429070 450.9
1429080 451.2
1429090 451.5
1429100 451.7
1429110 451.9
1429120 452.2
1429130 452.2
1429140 452.4
1429150 452.6
1429160 452.6
1429170 452.9
1429180 453.1
1429190 453.1
1429200 453.3
1429210 453.5
1429220 453.6
1429230 453.6
1429240 453.9
1429250 454.3
1429260 454.3
1429270 454.5
1429280 454.6
1429290 454.6
1429300 454.8
1429310 454.9
1429320 454.9
1429330 455.0
1429340 455.0
1429350 455.0
1429360 455.1
1429370 455.1
1429380 455.1
1429390 455.2
1429400 455.2
1429410 455.2
1429420 455.2
1429430 455.2
1429440 455.2
1429450 455.3
1429460 455.3
1429470 455.3
1429480 455.4
1429490 455.4
1429500 455.4
1429510 455.5
1429520 455.5
1429530 455.5
1429540 455.6
1429550 455.7
1429560 455.7
1429570 455.8
1429580 455.8
1429590 455.8
1429600 455.9
1429610 456.0
1429620 456.0
1429630 456.2
1429640 456.3
1429650 456.3
1429660 456.4
1429670 456.5
1429680 456.5
1429690 456.7
1429700 456.9
1429710 456.9
1429720 457.1
1429730 457.2
1429740 457.2
1429750 457.3
1429760 457.3
1429770 457.3
1429780 457.4
1429790 457.6
1429800 457.6
1429810 457.7
1429820 457.8
1429830 457.8
1429840 457.9
1429850 458.0
1429860 458.0
1429870 458.1
1429880 458.2
1429890 458.2
1429900 458.2
1429910 458.1
1429920 458.1
1429930 458.1
1429940 458.2
1429950 458.2
1429960 458.1
1429970 458.1
1429980 458.1
1429990 458.0
1430000 458.0
1430010 458.0
1430020 457.9
1430030 457.9
1430040 457.9
1430050 457.7
1430060 457.5
1430070 457.5
1430080 457.4
1430090 457.1
1430100 457.1
1430110 456.9
1430120 456.6
1430130 456.6
1430140 456.3
1430150 456.0
1430160 456.0
1430170 455.6
1430180 455.3
1430190 455.3
1430200 455.0
1430210 454.5
1430220 454.5
1430230 454.0
1430240 453.6
1430250 453.6
1430260 453.2
1430270 452.7
1430280 452.7
1430290 452.3
1430300 451.8
1430310 451.8
1430320 451.5
1430330 451.2
1430340 451.2
1430350 451.1
1430360 451.0
1430370 451.0
1430380 450.9
1430390 451.0
1430400 451.0
1430410 451.0
1430420 450.9
1430430 450.9
1430440 450.9
1430450 450.9
1430460 450.9
1430470 450.8
1430480 450.9
1430490 450.9
1430500 450.9
1430510 450.8
1430520 450.8
1430530 450.7
1430540 450.6
1430550 450.6
1430560 450.6
1430570 450.7
1430580 450.7
1430590 450.7
1430600 450.7
1430610 450.7
1430620 450.7
1430630 450.7
1430640 450.7
1430650 450.6
1430660 450.4
1430670 450.4
1430680 450.2
1430690 450.0
1430700 450.0
1430710 450.1
1430720 450.3
1430730 450.3
1430740 450.3
1430750 450.3
1430760 450.3
1430770 450.4
1430780 450.5
1430790 450.5
1430800 450.5
1430810 450.5
1430820 450.5
1430830 450.6
1430840 450.5
1430850 450.5
1430860 450.5
1430870 450.3
1430880 450.3
1430890 450.2
1430900 450.1
1430910 450.1
1430920 449.9
1430930 449.8
1430940 449.8
1430950 449.6
1430960 449.3
1430970 449.3
1430980 449.0
1430990 448.9
1431000 448.9
1431010 448.9
1431020 449.0
1431030 449.1
1431040 449.1
1431050 449.2
1431060 449.4
1431070 449.4
1431080 449.6
1431090 449.8
1431100 449.8
1431110 450.1
1431120 450.4
1431130 450.4
1431140 450.7
1431150 450.9
1431160 450.9
1431170 451.0
1431180 451.2
1431190 451.2
1431200 451.5
1431210 451.8
1431220 451.8
1431230 452.1
1431240 452.3
1431250 452.3
1431260 452.6
1431270 452.9
1431280 452.9
1431290 453.2
1431300 453.6
1431310 453.6
1431320 453.8
1431330 454.1
1431340 454.1
1431350 454.4
1431360 454.6
1431370 454.6
1431380 454.9
1431390 455.1
1431400 455.1
1431410 455.3
1431420 455.5
1431430 455.5
1431440 455.8
1431450 456.0
1431460 456.0
1431470 456.1
1431480 456.3
1431490 456.3
1431500 456.5
1431510 456.6
1431520 456.6
1431530 456.7
1431540 456.7
1431550 456.7
1431560 456.7
1431570 456.6
1431580 456.6
1431590 456.5
1431600 456.4
1431610 456.4
1431620 456.3
1431630 456.1
1431640 456.1
1431650 455.9
1431660 455.7
1431670 455.7
1431680 455.5
1431690 455.1
1431700 455.1
1431710 454.8
1431720 454.3
1431730 454.3
1431740 454.0
1431750 453.7
1431760 453.7
1431770 453.3
1431780 453.0
1431790 453.0
1431800 452.4
1431810 452.0
1431820 452.0
1431830 451.6
1431840 451.1
1431850 451.1
1431860 450.5
1431870 450.0
1431880 450.0
1431890 449.6
1431900 449.3
1431910 449.3
1431920 449.1
1431930 449.0
1431940 449.0
1431950 448.8
1431960 448.7
1431970 448.7
1431980 448.6
1431990 448.5
1432000 448.5
1432010 448.5
1432020 448.5
1432030 448.5
1432040 448.4
1432050 448.3
1432060 448.3
1432070 448.2
1432080 448.3
1432090 448.3
1432100 448.5
1432110 448.4
1432120 448.4
1432130 448.4
1432140 448.4
1432150 448.4
1432160 448.4
1432170 448.3
1432180 448.3
1432190 448.3
1432200 448.2
1432210 448.2
1432220 448.2
1432230 448.2
1432240 448.2
1432250 448.1
1432260 448.1
1432270 448.1
1432280 448.0
1432290 448.0
1432300 448.0
1432310 448.0
1432320 447.9
1432330 447.9
1432340 447.9
1432350 447.9
1432360 447.9
1432370 447.8
1432380 447.8
1432390 447.8
1432400 447.7
1432410 447.7
1432420 447.7
1432430 447.6
1432440 447.5
1432450 447.5
1432460 447.4
1432470 447.4
1432480 447.4
1432490 447.4
1432500 447.4
1432510 447.4
1432520 447.5
1432530 447.2
1432540 447.2
1432550 446.9
1432560 446.8
1432570 446.8
1432580 446.6
1432590 446.6
1432600 446.6
1432610 446.5
1432620 446.4
1432630 446.4
1432640 446.2
1432650 446.0
1432660 446.0
1432670 445.8
1432680 445.6
1432690 445.6
1432700 445.4
1432710 445.2
1432720 445.2
1432730 445.1
1432740 445.0
1432750 445.0
1432760 445.0
1432770 444.9
1432780 444.8
1432790 444.8
1432800 444.8
1432810 444.9
1432820 444.9
1432830 445.1
1432840 445.4
1432850 445.4
1432860 445.9
1432870 446.5
1432880 446.5
1432890 447.1
1432900 447.8
1432910 447.8
1432920 448.5
1432930 449.1
1432940 449.1
1432950 449.8
1432960 450.4
1432970 450.4
1432980 451.1
1432990 451.7
1433000 451.7
1433010 452.2
1433020 452.6
1433030 452.6
1433040 453.0
1433050 453.3
1433060 453.3
1433070 453.6
1433080 453.9
1433090 453.9
1433100 454.3
1433110 454.5
1433120 454.5
1433130 454.9
1433140 455.2
1433150 455.2
1433160 455.2
1433170 455.3
1433180 455.3
1433190 455.4
1433200 455.5
1433210 455.5
1433220 455.7
1433230 455.8
1433240 455.8
1433250 455.9
1433260 455.9
1433270 455.9
1433280 455.9
1433290 455.8
1433300 455.8
1433310 455.8
1433320 455.6
1433330 455.6
1433340 455.4
1433350 455.2
1433360 455.2
1433370 454.8
1433380 454.4
1433390 454.4
1433400 454.0
1433410 453.6
1433420 453.6
1433430 453.0
1433440 452.4
1433450 452.4
1433460 452.0
1433470 451.0
1433480 451.0
1433490 448.1
1433500 444.9
1433510 444.9
1433520 442.9
1433530 441.8
1433540 441.8
1433550 440.8
1433560 440.1
1433570 440.1
1433580 439.4
1433590 438.9
1433600 438.9
1433610 438.5
1433620 438.3
1433630 438.3
1433640 438.0
1433650 437.9
1433660 437.9
1433670 437.4
1433680 437.2
1433690 437.2
1433700 437.1
1433710 437.0
1433720 437.0
1433730 437.0
1433740 436.9
1433750 436.9
1433760 436.9
1433770 436.9
1433780 436.9
1433790 437.1
1433800 437.1
1433810 437.1
1433820 436.9
1433830 436.7
1433840 436.7
1433850 436.6
1433860 436.6
1433870 436.6
1433880 436.7
1433890 436.7
1433900 436.7
1433910 436.6
1433920 436.4
1433930 436.4
1433940 436.1
1433950 435.9
1433960 435.9
1433970 435.9
1433980 435.8
1433990 435.8
1434000 435.9
1434010 436.2
1434020 436.2
1434030 436.3
1434040 436.5
1434050 436.5
1434060 436.7
1434070 436.7
1434080 436.7
1434090 436.6
1434100 436.5
1434110 436.5
1434120 436.4
1434130 436.4
1434140 436.4
1434150 436.5
1434160 436.4
1434170 436.4
1434180 436.4
1434190 436.7
1434200 436.7
1434210 436.7
1434220 437.0
1434230 437.0
1434240 437.8
1434250 439.4
1434260 439.4
1434270 440.4
1434280 441.2
1434290 441.2
1434300 442.1
1434310 443.7
1434320 443.7
1434330 445.2
1434340 446.1
1434350 446.1
1434360 446.4
1434370 446.6
1434380 446.6
1434390 446.7
1434400 446.6
1434410 446.6
1434420 446.4
1434430 446.2
1434440 446.2
1434450 445.9
1434460 445.6
1434470 445.6
1434480 445.2
1434490 444.6
1434500 444.6
1434510 443.4
1434520 441.8
1434530 441.8
1434540 440.0
1434550 440.2
1434560 442.4
1434570 442.4
1434580 443.8
1434590 444.8
1434600 444.8
1434610 445.5
1434620 445.9
1434630 445.9
1434640 446.2
1434650 446.4
1434660 446.4
1434670 446.4
1434680 446.3
1434690 446.3
1434700 445.8
1434710 444.6
1434720 444.6
1434730 443.4
1434740 442.3
1434750 442.3
1434760 441.2
1434770 440.3
1434780 440.3
1434790 439.8
1434800 439.9
1434810 439.9
1434820 439.8
1434830 440.0
1434840 440.0
1434850 440.3
1434860 440.7
1434870 440.7
1434880 441.4
1434890 441.9
1434900 441.9
1434910 442.2
1434920 442.3
1434930 442.3
1434940 442.5
1434950 442.4
1434960 442.4
1434970 442.4
1434980 442.4
1434990 442.4
1435000 442.4
1435010 442.4
1435020 442.4
1435030 442.9
1435040 443.2
1435050 443.2
1435060 443.3
1435070 443.4
1435080 443.4
1435090 443.4
1435100 443.3
1435110 443.3
1435120 443.3
1435130 443.2
1435140 443.2
1435150 443.2
1435160 443.2
1435170 443.2
1435180 443.1
1435190 443.1
1435200 443.1
1435210 443.3
1435220 443.1
1435230 443.1
1435240 443.0
1435250 443.1
1435260 443.1
1435270 443.1
1435280 443.0
1435290 443.0
1435300 443.0
1435310 442.9
1435320 442.9
1435330 442.9
1435340 443.0
1435350 443.0
1435360 442.9
1435370 442.9
1435380 442.9
1435390 443.0
1435400 443.1
1435410 443.1
1435420 443.1
1435430 442.9
1435440 442.9
1435450 442.6
1435460 442.3
1435470 442.3
1435480 442.4
1435490 442.5
1435500 442.5
1435510 442.6
1435520 442.5
1435530 442.5
1435540 442.2
1435550 441.7
1435560 441.7
1435570 441.6
1435580 441.1
1435590 441.1
1435600 441.0
1435610 441.1
1435620 441.1
1435630 441.1
1435640 441.2
1435650 441.2
1435660 441.4
1435670 441.9
1435680 441.9
1435690 442.9
1435700 443.2
1435710 443.2
1435720 443.2
1435730 443.2
1435740 443.2
1435750 443.2
1435760 443.2
1435770 443.2
1435780 443.4
1435790 443.4
1435800 443.4
1435810 443.6
1435820 443.7
1435830 443.7
1435840 443.8
1435850 444.0
1435860 444.0
1435870 444.0
1435880 444.3
1435890 444.3
1435900 444.6
1435910 444.9
1435920 444.9
1435930 445.0
1435940 445.0
1435950 445.0
1435960 445.1
1435970 445.2
1435980 445.2
1435990 445.2
1436000 445.3
1436010 445.3
1436020 445.4
1436030 445.4
1436040 445.4
1436050 445.3
1436060 445.4
1436070 445.4
1436080 445.5
1436090 445.6
1436100 445.6
1436110 445.6
1436120 445.6
1436130 445.6
1436140 445.6
1436150 445.6
1436160 445.6
1436170 445.6
1436180 445.6
1436190 445.6
1436200 445.6
1436210 445.6
1436220 445.6
1436230 445.6
1436240 445.7
1436250 445.7
1436260 445.7
1436270 445.7
1436280 445.7
1436290 445.7
1436300 445.7
1436310 445.7
1436320 445.9
1436330 445.9
1436340 445.9
1436350 445.9
1436360 445.9
1436370 446.0
1436380 446.0
1436390 446.0
1436400 446.0
1436410 446.0
1436420 445.9
1436430 445.9
1436440 445.9
1436450 446.0
1436460 446.1
1436470 446.1
1436480 446.2
1436490 446.3
1436500 446.3
1436510 446.3
1436520 446.4
1436530 446.4
1436540 446.3
1436550 446.3
1436560 446.3
1436570 446.2
1436580 446.2
1436590 446.2
1436600 446.2
1436610 446.2
1436620 446.3
1436630 446.5
1436640 446.5
1436650 446.5
1436660 446.5
1436670 446.6
1436680 446.6
1436690 446.7
1436700 446.8
1436710 446.8
1436720 446.8
1436730 446.6
1436740 446.6
1436750 446.7
1436760 446.6
1436770 446.6
1436780 446.7
1436790 446.7
1436800 446.7
1436810 446.8
1436820 446.8
1436830 446.8
1436840 446.7
1436850 446.6
1436860 446.6
1436870 446.6
1436880 446.7
1436890 446.7
1436900 446.6
1436910 446.6
1436920 446.6
1436930 446.7
1436940 446.6
1436950 446.6
1436960 446.7
1436970 446.7
1436980 446.7
1436990 446.6
1437000 446.4
1437010 446.4
1437020 446.4
1437030 446.4
1437040 446.4
1437050 446.4
1437060 446.4
1437070 446.4
1437080 446.4
1437090 446.4
1437100 446.4
1437110 446.5
1437120 446.4
1437130 446.4
1437140 446.4
1437150 446.4
1437160 446.4
1437170 446.3
1437180 446.2
1437190 446.2
1437200 446.1
1437210 446.1
1437220 446.1
1437230 446.1
1437240 446.1
1437250 446.1
1437260 446.2
1437270 445.8
1437280 445.8
1437290 445.7
1437300 445.7
1437310 445.7
1437320 445.7
1437330 445.7
1437340 445.7
1437350 445.8
1437360 445.9
1437370 445.9
1437380 446.0
1437390 446.0
1437400 446.0
1437410 445.8
1437420 445.7
1437430 445.7
1437440 445.6
1437450 445.4
1437460 445.4
1437470 445.1
1437480 445.0
1437490 445.0
1437500 444.8
1437510 444.8
1437520 444.8
1437530 445.1
1437540 445.4
1437550 445.4
1437560 445.9
1437570 446.5
1437580 446.5
1437590 446.8
1437600 447.1
1437610 447.1
1437620 447.3
1437630 447.5
1437640 447.5
1437650 447.7
1437660 448.0
1437670 448.0
1437680 448.4
1437690 448.9
1437700 448.9
1437710 449.4
1437720 450.0
1437730 450.0
1437740 450.9
1437750 452.1
1437760 452.1
1437770 453.0
1437780 453.8
1437790 453.8
1437800 454.8
1437810 455.9
1437820 455.9
1437830 457.1
1437840 458.3
1437850 458.3
1437860 459.3
1437870 459.9
1437880 459.9
1437890 460.4
1437900 460.8
1437910 460.8
1437920 461.3
1437930 461.7
1437940 461.7
1437950 461.7
1437960 461.6
1437970 461.6
1437980 461.5
1437990 461.2
1438000 461.2
1438010 460.8
1438020 460.3
1438030 460.3
1438040 459.7
1438050 459.1
1438060 459.1
1438070 458.7
1438080 458.4
1438090 458.4
1438100 458.5
1438110 459.0
1438120 460.1
1438130 460.1
1438140 461.2
1438150 462.3
1438160 462.3
1438170 463.4
1438180 464.5
1438190 464.5
1438200 465.6
1438210 466.6
1438220 466.6
1438230 467.3
1438240 468.0
1438250 468.0
1438260 468.6
1438270 469.1
1438280 469.1
1438290 469.6
1438300 470.0
1438310 470.0
1438320 470.4
1438330 470.7
1438340 470.7
1438350 471.1
1438360 471.4
1438370 471.4
1438380 471.7
1438390 472.1
1438400 472.1
1438410 472.3
1438420 472.5
1438430 472.5
1438440 472.7
1438450 473.0
1438460 473.0
1438470 473.2
1438480 473.5
1438490 473.5
1438500 473.6
1438510 473.7
1438520 473.7
1438530 473.9
1438540 474.1
1438550 474.1
1438560 474.2
1438570 474.3
1438580 474.3
1438590 474.5
1438600 474.5
1438610 474.5
1438620 474.6
1438630 474.4
1438640 474.4
1438650 474.3
1438660 474.3
1438670 474.3
1438680 474.3
1438690 474.2
1438700 474.2
1438710 474.3
1438720 474.7
1438730 474.7
1438740 474.9
1438750 475.2
1438760 475.2
1438770 475.6
1438780 475.9
1438790 475.9
1438800 475.8
1438810 475.2
1438820 475.2
1438830 476.0
1438840 477.0
1438850 477.0
1438860 477.1
1438870 477.2
1438880 477.2
1438890 477.2
1438900 477.2
1438910 477.2
1438920 476.9
1438930 476.2
1438940 476.2
1438950 476.9
1438960 477.2
1438970 477.2
1438980 477.2
1438990 477.3
1439000 477.3
1439010 477.3
1439020 477.2
1439030 477.2
1439040 477.2
1439050 477.2
1439060 477.2
1439070 477.3
1439080 477.2
1439090 477.2
1439100 477.2
1439110 477.2
1439120 477.2
1439130 477.2
1439140 477.2
1439150 477.2
1439160 477.3
1439170 477.3
1439180 477.3
1439190 477.3
1439200 477.2
1439210 477.2
1439220 477.2
1439230 477.2
1439240 477.2
1439250 477.2
1439260 477.4
1439270 477.4
1439280 477.5
1439290 477.5
1439300 477.5
1439310 477.4
1439320 477.3
1439330 477.3
1439340 477.2
1439350 477.0
1439360 477.0
1439370 476.9
1439380 477.0
1439390 477.0
1439400 477.4
1439410 477.7
1439420 477.7
1439430 477.7
1439440 477.6
1439450 477.6
1439460 477.6
1439470 477.6
1439480 477.6
1439490 477.6
1439500 477.6
1439510 477.6
1439520 477.6
1439530 477.6
1439540 477.6
1439550 477.5
1439560 477.4
1439570 477.4
1439580 477.4
1439590 477.4
1439600 477.4
1439610 477.5
1439620 477.5
1439630 477.5
1439640 477.5
1439650 477.5
1439660 477.5
1439670 477.5
1439680 477.6
1439690 477.6
1439700 477.7
1439710 477.8
1439720 477.8
1439730 477.8
1439740 477.8
1439750 477.8
1439760 477.8
1439770 477.8
1439780 477.8
1439790 477.8
1439800 477.7
1439810 477.7
1439820 477.6
1439830 477.5
1439840 477.5
1439850 477.5
1439860 477.4
1439870 477.3
1439880 477.3
1439890 477.3
1439900 477.1
1439910 477.1
1439920 477.0
1439930 476.9
1439940 476.9
1439950 476.8
1439960 476.7
1439970 476.7
1439980 476.6
1439990 476.6
