1420000 421.3
1420010 420.8
1420020 420.8
1420030 420.8
1420040 421.0
1420050 419.6
1420060 419.6
1420070 415.3
1420080 411.4
1420090 411.4
1420100 408.6
1420110 406.9
1420120 406.9
1420130 407.8
1420140 408.6
1420150 408.6
1420160 407.3
1420170 405.4
1420180 405.4
1420190 403.9
1420200 403.3
1420210 403.3
1420220 404.1
1420230 403.7
1420240 403.7
1420250 400.8
1420260 398.9
1420270 398.9
1420280 398.8
1420290 400.2
1420300 400.2
1420310 400.6
1420320 401.1
1420330 401.1
1420340 402.5
1420350 404.1
1420360 404.1
1420370 404.0
1420380 400.8
1420390 400.8
1420400 396.8
1420410 393.7
1420420 393.7
1420430 390.7
1420440 387.3
1420450 387.3
1420460 384.1
1420470 381.6
1420480 381.6
1420490 377.8
1420500 374.0
1420510 374.0
1420520 371.7
1420530 370.8
1420540 371.0
1420550 371.0
1420560 371.8
1420570 371.4
1420580 371.4
1420590 369.9
1420600 366.8
1420610 366.8
1420620 365.2
1420630 364.9
1420640 364.9
1420650 364.6
1420660 364.2
1420670 364.2
1420680 363.7
1420690 363.0
1420700 363.0
1420710 361.8
1420720 361.4
1420730 361.4
1420740 361.0
1420750 360.8
1420760 360.8
1420770 360.8
1420780 360.8
1420790 360.8
1420800 360.7
1420810 360.7
1420820 360.7
1420830 360.7
1420840 360.7
1420850 360.7
1420860 360.7
1420870 360.7
1420880 360.7
1420890 360.6
1420900 360.6
1420910 360.6
1420920 360.6
1420930 360.6
1420940 360.6
1420950 360.6
1420960 360.6
1420970 360.6
1420980 360.5
1420990 360.5
1421000 360.5
1421010 360.5
1421020 360.5
1421030 360.5
1421040 360.5
1421050 360.4
1421060 360.4
1421070 360.4
1421080 360.4
1421090 360.4
1421100 360.4
1421110 360.4
1421120 360.4
1421130 360.3
1421140 360.3
1421150 360.3
1421160 360.3
1421170 360.3
1421180 360.3
1421190 360.3
1421200 360.3
1421210 360.3
1421220 360.3
1421230 360.2
1421240 360.2
1421250 360.2
1421260 360.3
1421270 360.3
1421280 360.2
1421290 360.2
1421300 360.2
1421310 360.2
1421320 360.2
1421330 360.2
1421340 360.2
1421350 360.2
1421360 360.2
1421370 360.2
1421380 360.1
1421390 360.1
1421400 360.2
1421410 360.3
1421420 360.3
1421430 360.3
1421440 360.4
1421450 360.4
1421460 360.6
1421470 360.8
1421480 360.8
1421490 360.9
1421500 361.0
1421510 361.0
1421520 361.4
1421530 362.2
1421540 362.2
1421550 362.7
1421560 363.0
1421570 363.0
1421580 363.6
1421590 363.8
1421600 363.8
1421610 364.2
1421620 364.5
1421630 364.5
1421640 364.8
1421650 365.0
1421660 365.0
1421670 365.5
1421680 365.7
1421690 365.7
1421700 366.1
1421710 367.8
1421720 367.8
1421730 370.1
1421740 370.6
1421750 370.6
1421760 371.7
1421770 374.1
1421780 369.5
1421790 370.9
1421800 373.0
1421810 373.0
1421820 376.4
1421830 380.0
1421840 380.0
1421850 384.2
1421860 385.6
1421870 385.6
1421880 387.7
1421890 390.5
1421900 390.5
1421910 392.3
1421920 394.1
1421930 394.1
1421940 395.0
1421950 395.5
1421960 395.5
1421970 396.3
1421980 396.8
1421990 396.8
1422000 396.7
1422010 396.2
1422020 396.2
1422030 395.7
1422040 395.6
1422050 395.6
1422060 396.3
1422070 397.2
1422080 397.2
1422090 397.4
1422100 397.7
1422110 397.7
1422120 398.4
1422130 399.2
1422140 399.2
1422150 400.1
1422160 400.9
1422170 400.9
1422180 401.4
1422190 402.0
1422200 402.0
1422210 402.3
1422220 402.8
1422230 402.8
1422240 403.2
1422250 403.6
1422260 403.6
1422270 404.0
1422280 404.4
1422290 404.4
1422300 404.4
1422310 404.8
1422320 404.8
1422330 405.3
1422340 406.5
1422350 407.9
1422360 407.9
1422370 408.9
1422380 410.1
1422390 410.1
1422400 411.9
1422410 413.4
1422420 413.4
1422430 414.2
1422440 414.7
1422450 414.7
1422460 415.2
1422470 415.5
1422480 415.5
1422490 415.7
1422500 416.0
1422510 416.0
1422520 415.9
1422530 415.5
1422540 415.5
1422550 415.6
1422560 415.6
1422570 415.6
1422580 415.7
1422590 415.8
1422600 415.8
1422610 415.9
1422620 416.1
1422630 416.1
1422640 416.5
1422650 416.8
1422660 416.8
1422670 417.1
1422680 417.4
1422690 417.4
1422700 417.7
1422710 418.7
1422720 418.7
1422730 418.5
1422740 417.5
1422750 417.5
1422760 417.6
1422770 418.3
1422780 418.3
1422790 418.2
1422800 417.5
1422810 417.5
1422820 417.2
1422830 416.9
1422840 416.9
1422850 417.2
1422860 417.1
1422870 417.1
1422880 417.1
1422890 417.0
1422900 417.0
1422910 416.8
1422920 416.4
1422930 416.4
1422940 416.1
1422950 415.8
1422960 415.8
1422970 415.7
1422980 415.6
1422990 415.6
1423000 415.7
1423010 415.1
1423020 415.1
1423030 413.8
1423040 412.6
1423050 412.6
1423060 411.6
1423070 410.3
1423080 410.3
1423090 408.6
1423100 406.8
1423110 406.8
1423120 405.3
1423130 404.0
1423140 404.0
1423150 403.0
1423160 402.2
1423170 402.2
1423180 401.6
1423190 401.0
1423200 401.0
1423210 400.3
1423220 399.7
1423230 399.7
1423240 399.5
1423250 399.4
1423260 399.4
1423270 399.4
1423280 399.8
1423290 399.8
1423300 399.9
1423310 399.6
1423320 399.6
1423330 399.1
1423340 398.3
1423350 398.3
1423360 398.0
1423370 397.8
1423380 397.8
1423390 397.3
1423400 397.2
1423410 397.2
1423420 397.3
1423430 397.2
1423440 397.2
1423450 397.0
1423460 396.7
1423470 396.7
1423480 396.6
1423490 396.5
1423500 396.5
1423510 396.4
1423520 396.1
1423530 396.1
1423540 395.8
1423550 395.7
1423560 395.7
1423570 395.7
1423580 395.7
1423590 395.7
1423600 395.7
1423610 395.7
1423620 395.7
1423630 395.6
1423640 395.5
1423650 395.5
1423660 395.4
1423670 392.4
1423680 392.4
1423690 386.9
1423700 380.3
1423710 380.3
1423720 372.9
1423730 366.3
1423740 366.3
1423750 362.8
1423760 361.5
1423770 361.5
1423780 359.0
1423790 357.8
1423800 357.8
1423810 357.6
1423820 357.6
1423830 357.6
1423840 357.6
1423850 357.6
1423860 357.6
1423870 357.6
1423880 357.9
1423890 357.9
1423900 358.1
1423910 358.4
1423920 358.4
1423930 358.7
1423940 359.5
1423950 359.5
1423960 361.2
1423970 362.2
1423980 362.2
1423990 362.4
1424000 362.4
1424010 362.4
1424020 362.7
1424030 364.9
1424040 364.9
1424050 366.9
1424060 368.3
1424070 368.3
1424080 368.7
1424090 370.0
1424100 370.0
1424110 374.0
1424120 380.9
1424130 380.9
1424140 384.8
1424150 389.9
1424160 394.7
1424170 394.7
1424180 395.8
1424190 397.1
1424200 397.1
1424210 403.1
1424220 410.6
1424230 410.6
1424240 417.4
1424250 424.6
1424260 424.6
1424270 434.0
1424280 440.2
1424290 440.2
1424300 445.1
1424310 449.1
1424320 449.1
1424330 450.6
1424340 450.9
1424350 450.9
1424360 450.7
1424370 449.6
1424380 449.6
1424390 447.0
1424400 442.8
1424410 442.8
1424420 438.2
1424430 433.9
1424440 433.9
1424450 430.6
1424460 428.7
1424470 428.7
1424480 428.0
1424490 426.4
1424500 426.4
1424510 424.2
1424520 422.8
1424530 422.8
1424540 424.3
1424550 428.0
1424560 428.0
1424570 432.1
1424580 436.3
1424590 436.3
1424600 440.8
1424610 445.4
1424620 445.4
1424630 449.7
1424640 451.9
1424650 451.9
1424660 452.4
1424670 452.4
1424680 452.4
1424690 452.4
1424700 452.4
1424710 452.4
1424720 452.3
1424730 452.3
1424740 452.3
1424750 452.2
1424760 452.3
1424770 452.3
1424780 452.2
1424790 452.2
1424800 452.2
1424810 452.3
1424820 452.4
1424830 452.4
1424840 452.2
1424850 452.2
1424860 452.2
1424870 452.2
1424880 452.2
1424890 452.2
1424900 452.1
1424910 452.2
1424920 452.2
1424930 452.2
1424940 452.2
1424950 452.2
1424960 452.2
1424970 452.1
1424980 452.1
1424990 452.2
1425000 452.2
1425010 452.2
1425020 452.2
1425030 452.2
1425040 452.2
1425050 452.2
1425060 452.2
1425070 452.2
1425080 452.1
1425090 452.3
1425100 452.3
1425110 452.2
1425120 452.1
1425130 452.1
1425140 452.2
1425150 452.2
1425160 452.2
1425170 452.2
1425180 452.2
1425190 452.2
1425200 452.0
1425210 451.7
1425220 451.7
1425230 451.7
1425240 451.7
1425250 451.7
1425260 451.9
1425270 451.8
1425280 451.8
1425290 451.6
1425300 451.7
1425310 451.7
1425320 451.7
1425330 451.7
1425340 451.7
1425350 451.7
1425360 451.6
1425370 451.6
1425380 451.6
1425390 451.6
1425400 451.6
1425410 451.6
1425420 451.5
1425430 451.5
1425440 451.4
1425450 451.3
1425460 451.3
1425470 451.2
1425480 451.1
1425490 451.1
1425500 451.1
1425510 451.0
1425520 451.0
1425530 451.0
1425540 450.9
1425550 450.9
1425560 450.7
1425570 450.8
1425580 450.8
1425590 450.9
1425600 451.1
1425610 451.1
1425620 451.1
1425630 451.1
1425640 451.1
1425650 451.0
1425660 451.0
1425670 451.0
1425680 451.0
1425690 451.1
1425700 451.1
1425710 451.1
1425720 451.0
1425730 451.0
1425740 451.0
1425750 450.9
1425760 450.9
1425770 450.9
1425780 450.9
1425790 450.9
1425800 450.8
1425810 450.8
1425820 450.8
1425830 450.7
1425840 450.5
1425850 450.5
1425860 450.4
1425870 450.2
1425880 450.2
1425890 450.1
1425900 450.0
1425910 450.0
1425920 449.9
1425930 449.8
1425940 449.7
1425950 449.7
1425960 449.6
1425970 449.6
1425980 449.6
1425990 449.5
1426000 449.4
1426010 449.4
1426020 449.5
1426030 449.7
1426040 449.8
1426050 449.8
1426060 449.8
1426070 449.8
1426080 449.6
1426090 449.6
1426100 449.6
1426110 449.7
1426120 449.7
1426130 449.7
1426140 449.7
1426150 449.7
1426160 449.7
1426170 449.6
1426180 449.5
1426190 449.5
1426200 449.7
1426210 449.9
1426220 449.9
1426230 449.8
1426240 449.7
1426250 449.7
1426260 449.6
1426270 449.6
1426280 449.6
1426290 449.7
1426300 450.0
1426310 450.0
1426320 450.0
1426330 450.4
1426340 450.4
1426350 450.7
1426360 451.1
1426370 451.1
1426380 451.3
1426390 451.5
1426400 451.5
1426410 451.5
1426420 451.7
1426430 451.7
1426440 451.5
1426450 451.4
1426460 451.4
1426470 451.3
1426480 451.2
1426490 451.2
1426500 451.0
1426510 450.9
1426520 450.9
1426530 450.7
1426540 450.5
1426550 450.5
1426560 450.3
1426570 450.1
1426580 450.1
1426590 449.9
1426600 449.7
1426610 449.7
1426620 449.6
1426630 449.5
1426640 449.5
1426650 449.4
1426660 449.4
1426670 449.4
1426680 449.4
1426690 449.4
1426700 449.4
1426710 449.2
1426720 448.9
1426730 448.9
1426740 448.5
1426750 448.1
1426760 448.1
1426770 447.7
1426780 447.5
1426790 447.5
1426800 447.4
1426810 447.4
1426820 447.4
1426830 447.4
1426840 447.3
1426850 447.3
1426860 447.5
1426870 447.6
1426880 447.6
1426890 447.7
1426900 447.8
1426910 447.8
1426920 448.1
1426930 448.0
1426940 448.0
1426950 447.9
1426960 447.9
1426970 447.9
1426980 448.0
1426990 448.0
1427000 448.0
1427010 448.0
1427020 448.0
1427030 448.0
1427040 448.1
1427050 448.1
1427060 448.1
1427070 448.0
1427080 448.1
1427090 448.1
1427100 448.0
1427110 448.1
1427120 448.1
1427130 448.1
1427140 448.1
1427150 448.1
1427160 448.1
1427170 448.1
1427180 448.1
1427190 448.0
1427200 447.9
1427210 447.9
1427220 447.9
1427230 447.9
1427240 447.9
1427250 447.9
1427260 448.0
1427270 448.0
1427280 448.0
1427290 447.9
1427300 447.9
1427310 447.8
1427320 447.8
1427330 447.8
1427340 447.8
1427350 447.8
1427360 447.8
1427370 447.8
1427380 447.7
1427390 447.7
1427400 447.8
1427410 447.8
1427420 447.8
1427430 447.7
1427440 447.6
1427450 447.6
1427460 447.6
1427470 447.8
1427480 447.8
1427490 447.8
1427500 447.8
1427510 447.8
1427520 447.7
1427530 447.8
1427540 447.8
1427550 447.8
1427560 447.9
1427570 447.9
1427580 447.9
1427590 447.9
1427600 447.9
1427610 447.9
1427620 447.9
1427630 447.9
1427640 447.8
1427650 447.6
1427660 447.6
1427670 447.4
1427680 447.3
1427690 447.3
1427700 447.2
1427710 447.1
1427720 447.1
1427730 447.1
1427740 447.1
1427750 447.1
1427760 447.1
1427770 447.4
1427780 447.6
1427790 447.6
1427800 447.7
1427810 447.8
1427820 447.8
1427830 447.8
1427840 447.8
1427850 447.8
1427860 448.0
1427870 448.3
1427880 448.3
1427890 448.4
1427900 448.4
1427910 448.4
1427920 448.5
1427930 448.7
1427940 448.7
1427950 448.9
1427960 449.1
1427970 449.1
1427980 449.0
1427990 448.8
1428000 448.8
1428010 448.8
1428020 448.8
1428030 448.8
1428040 448.5
1428050 448.3
1428060 448.3
1428070 448.3
1428080 448.3
1428090 448.3
1428100 448.1
1428110 448.0
1428120 448.0
1428130 448.0
1428140 448.0
1428150 448.0
1428160 448.1
1428170 447.9
1428180 447.9
1428190 447.6
1428200 447.0
1428210 447.0
1428220 446.0
1428230 445.1
1428240 445.1
1428250 444.6
1428260 444.6
1428270 444.6
1428280 444.9
1428290 445.4
1428300 445.7
1428310 446.2
1428320 446.8
1428330 446.8
1428340 447.3
1428350 447.7
1428360 447.7
1428370 448.0
1428380 448.3
1428390 448.3
1428400 448.4
1428410 448.5
1428420 448.5
1428430 448.4
1428440 448.4
1428450 448.4
1428460 448.4
1428470 448.3
1428480 448.3
1428490 448.1
1428500 448.0
1428510 448.0
1428520 447.8
1428530 447.6
1428540 447.6
1428550 447.4
1428560 447.3
1428570 447.3
1428580 447.3
1428590 447.3
1428600 447.3
1428610 447.4
1428620 447.5
1428630 447.5
1428640 447.6
1428650 447.7
1428660 447.7
1428670 447.8
1428680 447.8
1428690 447.8
1428700 447.9
1428710 447.9
1428720 447.9
1428730 448.0
1428740 447.9
1428750 447.9
1428760 447.8
1428770 447.8
1428780 447.8
1428790 447.7
1428800 447.6
1428810 447.6
1428820 447.5
1428830 447.3
1428840 447.3
1428850 447.1
1428860 446.7
1428870 446.7
1428880 446.3
1428890 445.7
1428900 445.7
1428910 445.0
1428920 444.2
1428930 444.2
1428940 443.6
1428950 443.3
1428960 443.3
1428970 443.1
1428980 443.0
1428990 443.0
1429000 442.8
1429010 442.7
1429020 442.7
1429030 442.6
1429040 442.5
1429050 442.5
1429060 442.1
1429070 441.6
1429080 441.6
1429090 440.8
1429100 440.2
1429110 440.2
1429120 440.2
1429130 440.6
1429140 440.6
1429150 441.3
1429160 442.1
1429170 442.1
1429180 442.7
1429190 443.5
1429200 443.5
1429210 444.7
1429220 446.1
1429230 446.1
1429240 447.3
1429250 448.1
1429260 448.1
1429270 448.3
1429280 448.4
1429290 448.4
1429300 448.5
1429310 448.5
1429320 448.5
1429330 448.5
1429340 448.5
1429350 448.5
1429360 448.3
1429370 447.8
1429380 447.8
1429390 446.8
1429400 445.6
1429410 445.6
1429420 444.1
1429430 442.7
1429440 442.7
1429450 441.5
1429460 441.1
1429470 441.1
1429480 441.5
1429490 442.4
1429500 442.4
1429510 443.9
1429520 445.5
1429530 445.5
1429540 446.7
1429550 447.5
1429560 448.0
1429570 448.0
1429580 448.1
1429590 448.1
1429600 448.1
1429610 448.0
1429620 448.0
1429630 448.0
1429640 447.8
1429650 447.2
1429660 447.2
1429670 445.4
1429680 444.3
1429690 444.3
1429700 444.0
1429710 444.1
1429720 444.1
1429730 444.4
1429740 444.8
1429750 444.8
1429760 445.4
1429770 446.3
1429780 446.3
1429790 447.6
1429800 448.5
1429810 448.5
1429820 448.9
1429830 449.1
1429840 449.1
1429850 449.3
1429860 449.3
1429870 449.3
1429880 449.4
1429890 450.0
1429900 450.0
1429910 450.3
1429920 450.4
1429930 450.4
1429940 450.7
1429950 450.9
1429960 450.9
1429970 451.3
1429980 451.3
1429990 451.3
1430000 451.4
1430010 451.5
1430020 451.5
1430030 451.5
1430040 451.5
1430050 451.5
1430060 451.6
1430070 451.7
1430080 451.7
1430090 451.9
1430100 451.9
1430110 451.9
1430120 452.0
1430130 452.1
1430140 452.1
1430150 452.2
1430160 452.2
1430170 452.2
1430180 452.2
1430190 452.3
1430200 452.3
1430210 452.3
1430220 452.3
1430230 452.3
1430240 452.4
1430250 452.4
1430260 452.4
1430270 452.5
1430280 452.5
1430290 452.5
1430300 452.6
1430310 452.6
1430320 452.6
1430330 452.6
1430340 452.7
1430350 452.7
1430360 452.7
1430370 452.7
1430380 452.7
1430390 452.7
1430400 452.6
1430410 452.6
1430420 452.7
1430430 452.7
1430440 452.7
1430450 452.7
1430460 452.7
1430470 452.7
1430480 452.7
1430490 452.7
1430500 452.7
1430510 452.6
1430520 452.5
1430530 452.5
1430540 452.4
1430550 452.4
1430560 452.4
1430570 452.4
1430580 452.5
1430590 452.5
1430600 452.4
1430610 452.2
1430620 452.2
1430630 452.0
1430640 451.8
1430650 451.8
1430660 451.6
1430670 451.5
1430680 451.5
1430690 451.4
1430700 451.3
1430710 451.3
1430720 451.2
1430730 451.1
1430740 451.1
1430750 451.0
1430760 450.9
1430770 450.9
1430780 450.9
1430790 450.9
1430800 450.9
1430810 450.8
1430820 450.8
1430830 450.8
1430840 450.8
1430850 450.8
1430860 450.8
1430870 450.8
1430880 450.8
1430890 450.8
1430900 450.9
1430910 451.0
1430920 451.0
1430930 451.1
1430940 451.1
1430950 451.1
1430960 451.2
1430970 451.3
1430980 451.3
1430990 451.4
1431000 451.5
1431010 451.5
1431020 451.7
1431030 451.9
1431040 451.9
1431050 452.1
1431060 452.3
1431070 452.3
1431080 452.5
1431090 452.7
1431100 452.7
1431110 452.8
1431120 452.9
1431130 452.9
1431140 453.2
1431150 453.4
1431160 453.4
1431170 453.9
1431180 454.4
1431190 454.4
1431200 454.6
1431210 454.8
1431220 454.8
1431230 455.0
1431240 455.3
1431250 455.3
1431260 455.7
1431270 456.0
1431280 456.0
1431290 456.3
1431300 456.7
1431310 456.7
1431320 457.0
1431330 457.4
1431340 457.4
1431350 457.7
1431360 458.1
1431370 458.5
1431380 458.5
1431390 458.8
1431400 459.1
1431410 459.1
1431420 459.4
1431430 459.7
1431440 459.7
1431450 460.2
1431460 460.7
1431470 460.7
1431480 461.1
1431490 461.5
1431500 461.5
1431510 461.7
1431520 462.0
1431530 462.0
1431540 462.1
1431550 462.3
1431560 462.3
1431570 462.4
1431580 462.6
1431590 462.6
1431600 462.7
1431610 462.9
1431620 462.9
1431630 463.0
1431640 463.0
1431650 463.0
1431660 463.1
1431670 463.1
1431680 463.1
1431690 463.1
1431700 463.0
1431710 463.0
1431720 463.0
1431730 462.8
1431740 462.8
1431750 462.7
1431760 462.5
1431770 462.5
1431780 462.1
1431790 461.7
1431800 461.7
1431810 461.4
1431820 461.0
1431830 461.0
1431840 460.7
1431850 459.9
1431860 459.9
1431870 459.0
1431880 458.8
1431890 458.8
1431900 458.5
1431910 457.9
1431920 457.9
1431930 456.9
1431940 455.8
1431950 455.8
1431960 454.7
1431970 453.8
1431980 453.8
1431990 453.0
1432000 452.4
1432010 452.4
1432020 451.9
1432030 451.4
1432040 451.4
1432050 451.0
1432060 450.8
1432070 450.8
1432080 450.6
1432090 450.4
1432100 450.4
1432110 450.4
1432120 450.3
1432130 450.3
1432140 450.2
1432150 450.1
1432160 450.1
1432170 450.0
1432180 449.9
1432190 449.9
1432200 449.8
1432210 449.6
1432220 449.6
1432230 449.4
1432240 449.2
1432250 449.2
1432260 449.0
1432270 448.9
1432280 448.9
1432290 448.8
1432300 448.8
1432310 448.8
1432320 448.9
1432330 449.0
1432340 449.0
1432350 449.1
1432360 449.2
1432370 449.2
1432380 449.4
1432390 449.6
1432400 449.6
1432410 449.7
1432420 449.8
1432430 449.8
1432440 450.0
1432450 450.1
1432460 450.1
1432470 450.1
1432480 450.3
1432490 450.3
1432500 450.5
1432510 450.8
1432520 450.8
1432530 451.0
1432540 451.2
1432550 451.2
1432560 451.6
1432570 451.8
1432580 451.8
1432590 452.2
1432600 452.7
1432610 452.7
1432620 452.9
1432630 453.1
1432640 453.1
1432650 453.4
1432660 453.8
1432670 453.8
1432680 454.3
1432690 454.8
1432700 454.8
1432710 455.4
1432720 455.9
1432730 455.9
1432740 456.5
1432750 457.0
1432760 457.0
1432770 457.5
1432780 458.1
1432790 458.1
1432800 458.6
1432810 459.2
1432820 459.2
1432830 459.7
1432840 460.2
1432850 460.2
1432860 460.8
1432870 461.5
1432880 461.5
1432890 462.2
1432900 462.9
1432910 462.9
1432920 463.5
1432930 464.2
1432940 464.2
1432950 464.9
1432960 465.6
1432970 465.6
1432980 466.3
1432990 466.9
1433000 466.9
1433010 467.5
1433020 468.0
1433030 468.0
1433040 468.4
1433050 468.7
1433060 468.7
1433070 469.0
1433080 469.3
1433090 469.3
1433100 469.6
1433110 470.3
1433120 470.3
1433130 470.2
1433140 470.0
1433150 470.0
1433160 469.9
1433170 469.7
1433180 469.7
1433190 469.4
1433200 468.8
1433210 468.2
1433220 468.2
1433230 467.6
1433240 466.9
1433250 466.9
1433260 466.3
1433270 465.7
1433280 465.7
1433290 465.2
1433300 464.6
1433310 464.6
1433320 464.2
1433330 463.5
1433340 463.5
1433350 462.9
1433360 462.4
1433370 462.4
1433380 461.9
1433390 461.4
1433400 461.4
1433410 461.0
1433420 460.8
1433430 460.8
1433440 460.4
1433450 459.0
1433460 459.0
1433470 459.3
1433480 459.4
1433490 459.4
1433500 459.4
1433510 459.4
1433520 459.4
1433530 459.7
1433540 459.3
1433550 459.3
1433560 458.8
1433570 458.7
1433580 458.7
1433590 458.5
1433600 457.9
1433610 457.9
1433620 457.5
1433630 456.7
1433640 456.7
1433650 455.3
1433660 452.5
1433670 452.5
1433680 448.5
1433690 445.2
1433700 445.2
1433710 443.0
1433720 441.5
1433730 441.5
1433740 440.1
1433750 439.0
1433760 439.0
1433770 438.1
1433780 437.6
1433790 437.6
1433800 437.2
1433810 436.8
1433820 436.8
1433830 436.4
1433840 436.0
1433850 436.0
1433860 435.4
1433870 435.2
1433880 435.2
1433890 435.2
1433900 435.2
1433910 435.2
1433920 435.2
1433930 435.1
1433940 435.1
1433950 435.0
1433960 434.7
1433970 434.7
1433980 434.5
1433990 434.2
1434000 434.2
1434010 433.9
1434020 433.7
1434030 433.7
1434040 433.6
1434050 433.6
1434060 433.6
1434070 433.6
1434080 433.5
1434090 433.5
1434100 433.6
1434110 433.5
1434120 433.5
1434130 433.5
1434140 433.5
1434150 433.5
1434160 433.6
1434170 433.7
1434180 433.7
1434190 433.7
1434200 433.6
1434210 433.6
1434220 433.6
1434230 433.5
1434240 433.5
1434250 433.4
1434260 433.6
1434270 433.6
1434280 433.7
1434290 433.9
1434300 433.9
1434310 433.9
1434320 433.9
1434330 433.9
1434340 433.9
1434350 434.1
1434360 434.1
1434370 434.4
1434380 434.5
1434390 434.5
1434400 434.7
1434410 434.9
1434420 434.9
1434430 435.0
1434440 434.9
1434450 434.9
1434460 434.8
1434470 434.7
1434480 434.7
1434490 434.6
1434500 434.6
1434510 434.6
1434520 434.7
1434530 434.7
1434540 434.7
1434550 434.9
1434560 435.2
1434570 435.2
1434580 435.2
1434590 435.3
1434600 435.3
1434610 436.1
1434620 437.3
1434630 437.3
1434640 439.4
1434650 442.0
1434660 442.0
1434670 443.9
1434680 444.7
1434690 444.7
1434700 445.2
1434710 445.7
1434720 445.7
1434730 446.1
1434740 446.3
1434750 446.3
1434760 446.5
1434770 446.5
1434780 446.5
1434790 446.7
1434800 446.8
1434810 446.8
1434820 446.8
1434830 446.6
1434840 446.6
1434850 446.5
1434860 446.2
1434870 446.2
1434880 445.8
1434890 445.1
1434900 445.1
1434910 443.8
1434920 441.6
1434930 441.6
1434940 440.2
1434950 439.5
1434960 439.5
1434970 439.3
1434980 439.2
1434990 439.2
1435000 439.2
1435010 439.2
1435020 439.1
1435030 439.1
1435040 438.9
1435050 438.6
1435060 438.6
1435070 438.5
1435080 438.3
1435090 438.3
1435100 438.3
1435110 438.2
1435120 438.2
1435130 438.0
1435140 437.9
1435150 437.9
1435160 437.6
1435170 437.1
1435180 437.1
1435190 436.7
1435200 436.4
1435210 436.4
1435220 436.3
1435230 436.4
1435240 436.4
1435250 436.6
1435260 436.7
1435270 436.7
1435280 436.9
1435290 437.3
1435300 437.3
1435310 438.0
1435320 438.4
1435330 438.4
1435340 438.5
1435350 438.6
1435360 438.6
1435370 438.7
1435380 438.7
1435390 438.7
1435400 438.5
1435410 438.5
1435420 438.5
1435430 438.5
1435440 438.8
1435450 438.8
1435460 439.0
1435470 439.0
1435480 439.0
1435490 438.9
1435500 438.9
1435510 438.9
1435520 438.9
1435530 438.9
1435540 438.9
1435550 439.0
1435560 439.3
1435570 439.3
1435580 439.7
1435590 439.8
1435600 439.8
1435610 439.9
1435620 440.0
1435630 440.0
1435640 440.0
1435650 440.0
1435660 440.0
1435670 440.1
1435680 440.1
1435690 440.1
1435700 440.2
1435710 440.2
1435720 440.2
1435730 440.1
1435740 440.1
1435750 440.1
1435760 440.1
1435770 440.2
1435780 440.2
1435790 440.1
1435800 440.2
1435810 440.2
1435820 440.3
1435830 440.3
1435840 440.3
1435850 440.4
1435860 440.5
1435870 440.5
1435880 440.5
1435890 440.4
1435900 440.4
1435910 440.5
1435920 440.6
1435930 440.6
1435940 440.7
1435950 440.7
1435960 440.7
1435970 440.8
1435980 440.7
1435990 440.7
1436000 440.8
1436010 440.8
1436020 440.8
1436030 440.8
1436040 440.8
1436050 440.8
1436060 440.8
1436070 440.6
1436080 440.6
1436090 440.7
1436100 440.9
1436110 440.9
1436120 441.0
1436130 441.0
1436140 441.0
1436150 441.0
1436160 441.1
1436170 441.1
1436180 441.2
1436190 441.2
1436200 441.2
1436210 441.0
1436220 441.0
1436230 441.0
1436240 441.1
1436250 441.2
1436260 441.2
1436270 441.3
1436280 441.2
1436290 441.2
1436300 441.3
1436310 441.4
1436320 441.4
1436330 441.4
1436340 441.2
1436350 441.2
1436360 441.1
1436370 441.1
1436380 441.1
1436390 441.1
1436400 441.1
1436410 441.1
1436420 441.4
1436430 441.5
1436440 441.5
1436450 441.5
1436460 441.5
1436470 441.5
1436480 441.5
1436490 441.5
1436500 441.5
1436510 441.5
1436520 441.6
1436530 441.6
1436540 441.7
1436550 441.7
1436560 441.7
1436570 441.7
1436580 441.6
1436590 441.6
1436600 441.7
1436610 441.8
1436620 441.8
1436630 441.8
1436640 441.8
1436650 441.8
1436660 441.8
1436670 441.9
1436680 441.9
1436690 441.9
1436700 442.0
1436710 442.0
1436720 441.9
1436730 441.9
1436740 441.9
1436750 442.0
1436760 442.3
1436770 442.3
1436780 442.8
1436790 443.3
1436800 443.3
1436810 443.4
1436820 443.3
1436830 443.3
1436840 442.8
1436850 442.3
1436860 442.1
1436870 442.1
1436880 442.0
1436890 441.9
1436900 441.9
1436910 442.1
1436920 442.2
1436930 442.2
1436940 442.2
1436950 442.2
1436960 442.2
1436970 442.1
1436980 442.1
1436990 442.1
1437000 442.1
1437010 442.0
1437020 442.0
1437030 441.8
1437040 441.7
1437050 441.7
1437060 441.7
1437070 441.6
1437080 441.6
1437090 441.7
1437100 441.4
1437110 441.4
1437120 441.0
1437130 440.7
1437140 440.7
1437150 440.1
1437160 439.9
1437170 439.9
1437180 439.9
1437190 440.0
1437200 440.0
1437210 440.1
1437220 440.2
1437230 440.2
1437240 441.1
1437250 442.2
1437260 442.2
1437270 442.6
1437280 442.8
1437290 442.8
1437300 443.0
1437310 443.0
1437320 443.0
1437330 443.1
1437340 443.1
1437350 443.1
1437360 443.2
1437370 443.3
1437380 443.3
1437390 443.3
1437400 443.4
1437410 443.4
1437420 443.4
1437430 443.6
1437440 443.6
1437450 443.7
1437460 443.9
1437470 443.9
1437480 444.2
1437490 444.8
1437500 444.8
1437510 445.7
1437520 447.8
1437530 447.8
1437540 449.9
1437550 451.3
1437560 451.3
1437570 452.4
1437580 452.2
1437590 452.2
1437600 451.6
1437610 451.0
1437620 451.0
1437630 450.4
1437640 449.8
1437650 449.8
1437660 449.9
1437670 450.7
1437680 450.7
1437690 452.2
1437700 453.9
1437710 453.9
1437720 456.1
1437730 457.9
1437740 457.9
1437750 458.9
1437760 459.6
1437770 459.6
1437780 460.1
1437790 460.7
1437800 460.7
1437810 461.2
1437820 461.7
1437830 461.7
1437840 462.3
1437850 462.7
1437860 462.7
1437870 463.1
1437880 463.3
1437890 463.3
1437900 463.4
1437910 463.4
1437920 463.4
1437930 463.3
1437940 463.1
1437950 463.1
1437960 462.7
1437970 462.3
1437980 462.3
1437990 462.1
1438000 462.1
1438010 462.1
1438020 461.9
1438030 461.7
1438040 461.7
1438050 462.1
1438060 462.3
1438070 462.3
1438080 462.3
1438090 462.3
1438100 462.3
1438110 462.3
1438120 462.1
1438130 462.1
1438140 462.1
1438150 462.0
1438160 462.0
1438170 461.7
1438180 461.4
1438190 461.4
1438200 461.1
1438210 460.9
1438220 460.9
1438230 460.7
1438240 460.4
1438250 460.4
1438260 460.0
1438270 459.6
1438280 459.6
1438290 459.3
1438300 458.9
1438310 458.9
1438320 457.7
1438330 454.5
1438340 454.5
1438350 452.4
1438360 452.5
1438370 452.5
1438380 453.0
1438390 453.5
1438400 453.5
1438410 453.9
1438420 454.3
1438430 456.0
1438440 456.2
1438450 456.4
1438460 456.4
1438470 456.6
1438480 456.7
1438490 456.7
1438500 456.8
1438510 456.9
1438520 456.9
1438530 457.1
1438540 457.5
1438550 457.5
1438560 458.0
1438570 458.6
1438580 458.6
1438590 459.1
1438600 459.6
1438610 459.6
1438620 460.1
1438630 460.5
1438640 460.5
1438650 461.0
1438660 461.4
1438670 461.7
1438680 461.7
1438690 462.1
1438700 462.4
1438710 462.4
1438720 462.6
1438730 462.9
1438740 462.9
1438750 463.3
1438760 463.5
1438770 463.5
1438780 463.8
1438790 464.0
1438800 464.0
1438810 464.1
1438820 464.4
1438830 464.4
1438840 464.5
1438850 464.6
1438860 464.6
1438870 464.8
1438880 464.9
1438890 464.9
1438900 464.9
1438910 464.9
1438920 464.9
1438930 464.8
1438940 464.8
1438950 464.8
1438960 464.7
1438970 464.5
1438980 464.5
1438990 464.3
1439000 464.0
1439010 464.0
1439020 463.6
1439030 463.1
1439040 463.1
1439050 462.9
1439060 462.7
1439070 462.7
1439080 462.9
1439090 463.2
1439100 463.2
1439110 463.4
1439120 463.4
1439130 463.4
1439140 463.4
1439150 463.5
1439160 463.5
1439170 463.8
1439180 464.0
1439190 464.0
1439200 464.0
1439210 464.0
1439220 464.0
1439230 463.9
1439240 463.9
1439250 463.9
1439260 463.9
1439270 463.9
1439280 463.9
1439290 463.9
1439300 463.8
1439310 463.8
1439320 463.7
1439330 463.6
1439340 463.6
1439350 463.5
1439360 463.4
1439370 463.4
1439380 463.4
1439390 463.0
1439400 463.0
1439410 462.7
1439420 462.4
1439430 462.4
1439440 462.1
1439450 461.9
1439460 461.9
1439470 461.7
1439480 461.6
1439490 461.6
1439500 461.5
1439510 461.8
1439520 461.8
1439530 462.0
1439540 462.5
1439550 462.5
1439560 463.1
1439570 463.6
1439580 463.6
1439590 464.1
1439600 464.6
1439610 464.6
1439620 464.7
1439630 464.9
1439640 464.9
1439650 465.1
1439660 465.3
1439670 465.3
1439680 465.5
1439690 465.7
1439700 465.7
1439710 465.8
1439720 465.9
1439730 465.9
1439740 466.1
1439750 466.2
1439760 466.2
1439770 466.2
1439780 466.4
1439790 466.4
1439800 466.5
1439810 466.6
1439820 466.6
1439830 466.7
1439840 466.8
1439850 466.8
1439860 466.9
1439870 467.0
1439880 467.0
1439890 467.1
1439900 467.3
1439910 467.3
1439920 467.5
1439930 467.7
1439940 467.7
1439950 467.9
1439960 468.1
1439970 468.1
1439980 468.3
1439990 468.5
