1423130 452.5
1423140 452.5
1423150 452.3
1423160 452.0
1423170 452.0
1423180 451.7
1423190 451.3
1423200 451.3
1423210 450.8
1423220 450.4
1423230 450.4
1423240 449.9
1423250 449.4
1423260 449.4
1423270 448.8
1423280 448.2
1423290 448.2
1423300 447.6
1423310 447.0
1423320 447.0
1423330 446.6
1423340 446.3
1423350 446.3
1423360 446.1
1423370 445.9
1423380 445.9
1423390 445.8
1423400 445.6
1423410 445.6
1423420 445.5
1423430 445.4
1423440 445.4
1423450 445.3
1423460 445.3
1423470 445.3
1423480 445.4
1423490 445.3
1423500 445.3
1423510 445.2
1423520 445.1
1423530 445.1
1423540 445.1
1423550 445.0
1423560 445.0
1423570 445.0
1423580 445.0
1423590 444.9
1423600 444.9
1423610 444.7
1423620 444.6
1423630 444.6
1423640 444.5
1423650 444.4
1423660 444.4
1423670 444.4
1423680 444.0
1423690 444.0
1423700 444.0
1423710 444.3
1423720 444.3
1423730 444.4
1423740 444.2
1423750 444.2
1423760 443.7
1423770 440.7
1423780 440.7
1423790 436.7
1423800 434.8
1423810 434.8
1423820 434.4
1423830 434.2
1423840 434.2
1423850 433.0
1423860 428.7
1423870 428.7
1423880 427.1
1423890 424.9
1423900 424.9
1423910 420.5
1423920 414.2
1423930 414.2
1423940 408.1
1423950 403.7
1423960 403.7
1423970 400.7
1423980 397.9
1423990 397.9
1424000 396.6
1424010 396.2
1424020 396.2
1424030 396.3
1424040 396.8
1424050 396.8
1424060 396.9
1424070 397.0
1424080 397.0
1424090 396.9
1424100 396.5
1424110 396.5
1424120 396.4
1424130 396.4
1424140 396.4
1424150 396.0
1424160 395.7
1424170 395.7
1424180 395.4
1424190 395.0
1424200 395.0
1424210 394.6
1424220 394.7
1424230 394.7
1424240 393.8
1424250 391.7
1424260 391.7
1424270 386.7
1424280 381.6
1424290 381.6
1424300 377.1
1424310 374.0
1424320 374.0
1424330 370.8
1424340 368.0
1424350 368.0
1424360 365.3
1424370 364.1
1424380 364.1
1424390 364.2
1424400 363.0
1424410 363.0
1424420 362.3
1424430 362.0
1424440 362.0
1424450 361.6
1424460 361.1
1424470 361.1
1424480 360.7
1424490 360.7
1424500 360.7
1424510 360.7
1424520 360.5
1424530 360.5
1424540 359.4
1424550 357.0
1424560 357.0
1424570 356.3
1424580 356.3
1424590 356.3
1424600 356.3
1424610 356.3
1424620 356.3
1424630 356.3
1424640 356.3
1424650 356.3
1424660 356.3
1424670 356.3
1424680 356.3
1424690 356.6
1424700 359.4
1424710 359.4
1424720 361.6
1424730 365.1
1424740 365.1
1424750 370.4
1424760 379.2
1424770 379.2
1424780 388.4
1424790 392.1
1424800 392.1
1424810 392.5
1424820 392.5
1424830 392.5
1424840 392.5
1424850 392.5
1424860 392.5
1424870 392.5
1424880 392.5
1424890 392.5
1424900 392.5
1424910 392.5
1424920 392.5
1424930 392.4
1424940 392.4
1424950 392.4
1424960 392.4
1424970 392.4
1424980 392.4
1424990 392.4
1425000 392.4
1425010 392.4
1425020 392.4
1425030 392.4
1425040 392.4
1425050 392.4
1425060 392.3
1425070 392.3
1425080 392.3
1425090 392.3
1425100 392.3
1425110 392.2
1425120 392.2
1425130 392.2
1425140 392.1
1425150 392.1
1425160 392.1
1425170 392.0
1425180 392.0
1425190 392.0
1425200 391.9
1425210 391.8
1425220 391.8
1425230 391.8
1425240 391.8
1425250 391.8
1425260 391.9
1425270 391.8
1425280 391.8
1425290 391.8
1425300 391.7
1425310 391.7
1425320 391.6
1425330 391.5
1425340 391.5
1425350 391.5
1425360 391.5
1425370 391.5
1425380 391.5
1425390 391.3
1425400 391.3
1425410 391.1
1425420 390.8
1425430 390.8
1425440 390.6
1425450 390.5
1425460 390.5
1425470 390.6
1425480 390.7
1425490 390.7
1425500 390.9
1425510 391.6
1425520 392.6
1425530 392.6
1425540 393.9
1425550 395.1
1425560 395.1
1425570 396.6
1425580 398.5
1425590 398.5
1425600 400.5
1425610 402.8
1425620 402.8
1425630 404.9
1425640 406.0
1425650 406.0
1425660 406.4
1425670 406.3
1425680 406.3
1425690 406.2
1425700 406.0
1425710 406.0
1425720 405.9
1425730 405.8
1425740 405.8
1425750 405.7
1425760 405.7
1425770 405.7
1425780 406.0
1425790 406.7
1425800 406.7
1425810 407.6
1425820 408.3
1425830 408.3
1425840 409.0
1425850 409.6
1425860 409.6
1425870 409.8
1425880 409.8
1425890 409.8
1425900 410.1
1425910 410.6
1425920 410.6
1425930 411.0
1425940 411.6
1425950 411.6
1425960 412.4
1425970 413.6
1425980 413.6
1425990 415.0
1426000 416.2
1426010 416.2
1426020 416.7
1426030 417.6
1426040 417.6
1426050 418.2
1426060 418.6
1426070 418.6
1426080 418.8
1426090 419.0
1426100 419.0
1426110 419.1
1426120 419.2
1426130 419.2
1426140 419.3
1426150 419.3
1426160 419.3
1426170 419.3
1426180 419.4
1426190 419.4
1426200 419.4
1426210 419.3
1426220 419.3
1426230 419.3
1426240 419.2
1426250 419.2
1426260 419.2
1426270 419.1
1426280 419.1
1426290 419.0
1426300 418.9
1426310 418.9
1426320 419.0
1426330 419.0
1426340 419.0
1426350 419.1
1426360 419.3
1426370 419.3
1426380 419.5
1426390 419.5
1426400 419.5
1426410 419.5
1426420 419.5
1426430 419.5
1426440 419.6
1426450 419.6
1426460 419.6
1426470 419.6
1426480 419.7
1426490 419.7
1426500 419.7
1426510 419.5
1426520 419.5
1426530 418.8
1426540 417.2
1426550 417.2
1426560 417.3
1426570 417.1
1426580 417.1
1426590 416.4
1426600 413.3
1426610 413.3
1426620 414.2
1426630 416.9
1426640 416.9
1426650 419.1
1426660 419.8
1426670 419.8
1426680 420.0
1426690 419.9
1426700 419.9
1426710 419.6
1426720 419.2
1426730 419.2
1426740 418.7
1426750 418.4
1426760 418.4
1426770 418.5
1426780 420.0
1426790 420.0
1426800 421.3
1426810 423.2
1426820 423.2
1426830 426.2
1426840 428.1
1426850 428.1
1426860 428.7
1426870 429.0
1426880 429.0
1426890 429.1
1426900 429.2
1426910 429.2
1426920 429.2
1426930 429.2
1426940 429.2
1426950 429.1
1426960 429.0
1426970 429.0
1426980 429.0
1426990 428.8
1427000 428.8
1427010 428.8
1427020 428.9
1427030 428.9
1427040 428.9
1427050 429.0
1427060 429.0
1427070 429.2
1427080 429.7
1427090 429.7
1427100 430.3
1427110 431.1
1427120 431.1
1427130 431.4
1427140 431.1
1427150 431.1
1427160 430.4
1427170 429.6
1427180 429.6
1427190 428.6
1427200 424.9
1427210 424.9
1427220 414.9
1427230 406.4
1427240 406.4
1427250 398.5
1427260 391.7
1427270 391.7
1427280 388.8
1427290 393.6
1427300 393.6
1427310 400.8
1427320 409.3
1427330 409.3
1427340 420.5
1427350 429.1
1427360 429.1
1427370 430.6
1427380 430.8
1427390 430.8
1427400 431.5
1427410 432.7
1427420 432.7
1427430 434.6
1427440 437.3
1427450 437.3
1427460 440.2
1427470 442.2
1427480 442.2
1427490 443.9
1427500 445.6
1427510 447.9
1427520 447.9
1427530 448.9
1427540 449.7
1427550 449.7
1427560 450.6
1427570 451.4
1427580 451.4
1427590 452.2
1427600 453.0
1427610 453.0
1427620 453.8
1427630 454.6
1427640 454.6
1427650 455.3
1427660 456.1
1427670 456.1
1427680 456.4
1427690 456.8
1427700 456.8
1427710 457.2
1427720 457.6
1427730 457.6
1427740 457.9
1427750 458.2
1427760 458.2
1427770 458.4
1427780 458.5
1427790 458.5
1427800 458.7
1427810 458.8
1427820 458.8
1427830 458.8
1427840 458.9
1427850 458.9
1427860 458.9
1427870 458.8
1427880 458.8
1427890 458.7
1427900 458.5
1427910 458.5
1427920 458.3
1427930 458.1
1427940 458.1
1427950 457.8
1427960 457.5
1427970 457.5
1427980 457.3
1427990 457.1
1428000 457.1
1428010 457.0
1428020 456.9
1428030 456.9
1428040 456.6
1428050 455.9
1428060 455.9
1428070 455.5
1428080 455.1
1428090 455.1
1428100 454.8
1428110 454.4
1428120 454.4
1428130 453.9
1428140 453.5
1428150 453.1
1428160 452.7
1428170 452.2
1428180 452.2
1428190 451.6
1428200 450.9
1428210 450.9
1428220 450.2
1428230 449.4
1428240 449.4
1428250 448.3
1428260 446.8
1428270 446.8
1428280 445.3
1428290 444.2
1428300 444.2
1428310 443.6
1428320 443.2
1428330 443.2
1428340 442.9
1428350 442.8
1428360 442.8
1428370 442.8
1428380 443.2
1428390 443.2
1428400 443.8
1428410 444.6
1428420 444.6
1428430 445.4
1428440 446.3
1428450 446.3
1428460 447.2
1428470 448.2
1428480 448.2
1428490 449.1
1428500 450.2
1428510 450.2
1428520 451.3
1428530 452.4
1428540 452.4
1428550 453.5
1428560 454.4
1428570 454.4
1428580 455.0
1428590 455.4
1428600 455.4
1428610 455.7
1428620 456.0
1428630 456.0
1428640 456.3
1428650 456.6
1428660 456.6
1428670 456.9
1428680 457.1
1428690 457.1
1428700 457.3
1428710 457.5
1428720 457.5
1428730 457.9
1428740 458.2
1428750 458.2
1428760 458.4
1428770 458.4
1428780 458.4
1428790 458.4
1428800 458.8
1428810 458.8
1428820 459.3
1428830 459.5
1428840 459.5
1428850 459.8
1428860 460.0
1428870 460.0
1428880 460.2
1428890 460.5
1428900 460.5
1428910 460.8
1428920 461.0
1428930 461.0
1428940 461.3
1428950 461.6
1428960 461.6
1428970 461.9
1428980 462.6
1428990 462.6
1429000 462.8
1429010 462.7
1429020 462.7
1429030 462.7
1429040 462.9
1429050 462.9
1429060 463.0
1429070 463.2
1429080 463.2
1429090 463.4
1429100 463.5
1429110 463.5
1429120 463.7
1429130 463.8
1429140 463.8
1429150 464.0
1429160 464.2
1429170 464.2
1429180 464.4
1429190 464.4
1429200 464.4
1429210 464.5
1429220 464.6
1429230 464.6
1429240 464.6
1429250 464.7
1429260 464.7
1429270 464.7
1429280 464.4
1429290 464.4
1429300 464.1
1429310 463.9
1429320 463.9
1429330 464.0
1429340 464.2
1429350 464.2
1429360 464.4
1429370 464.3
1429380 464.3
1429390 464.1
1429400 464.0
1429410 464.0
1429420 463.7
1429430 463.4
1429440 463.4
1429450 463.1
1429460 462.8
1429470 462.8
1429480 462.5
1429490 462.4
1429500 462.4
1429510 462.2
1429520 461.9
1429530 461.6
1429540 461.6
1429550 461.4
1429560 461.0
1429570 461.0
1429580 460.7
1429590 460.5
1429600 460.5
1429610 460.1
1429620 459.7
1429630 459.7
1429640 459.4
1429650 459.2
1429660 459.2
1429670 459.1
1429680 459.1
1429690 459.1
1429700 459.0
1429710 458.9
1429720 458.9
1429730 458.9
1429740 458.8
1429750 458.8
1429760 458.9
1429770 458.8
1429780 458.8
1429790 458.8
1429800 458.7
1429810 458.7
1429820 458.7
1429830 458.7
1429840 458.7
1429850 458.7
1429860 458.7
1429870 458.7
1429880 458.7
1429890 458.2
1429900 458.2
1429910 458.0
1429920 458.0
1429930 458.0
1429940 457.9
1429950 457.9
1429960 457.9
1429970 458.0
1429980 458.0
1429990 458.0
1430000 458.1
1430010 458.2
1430020 458.2
1430030 458.3
1430040 458.3
1430050 458.3
1430060 458.4
1430070 458.3
1430080 458.3
1430090 458.3
1430100 458.3
1430110 458.3
1430120 458.3
1430130 458.3
1430140 458.3
1430150 458.3
1430160 458.4
1430170 458.4
1430180 458.4
1430190 458.3
1430200 458.3
1430210 458.1
1430220 458.2
1430230 458.2
1430240 458.3
1430250 458.1
1430260 458.1
1430270 458.0
1430280 457.9
1430290 457.9
1430300 457.9
1430310 457.9
1430320 457.9
1430330 457.9
1430340 458.0
1430350 458.0
1430360 458.1
1430370 458.1
1430380 458.1
1430390 458.2
1430400 458.4
1430410 458.4
1430420 458.5
1430430 458.7
1430440 458.7
1430450 458.9
1430460 458.9
1430470 458.9
1430480 458.9
1430490 458.9
1430500 458.8
1430510 458.8
1430520 458.8
1430530 458.8
1430540 458.8
1430550 458.6
1430560 458.6
1430570 458.6
1430580 458.6
1430590 458.6
1430600 458.0
1430610 457.4
1430620 457.4
1430630 457.1
1430640 456.8
1430650 456.8
1430660 456.6
1430670 456.4
1430680 456.4
1430690 456.3
1430700 456.2
1430710 456.2
1430720 456.1
1430730 456.0
1430740 456.0
1430750 456.0
1430760 456.0
1430770 456.0
1430780 456.1
1430790 456.2
1430800 456.2
1430810 456.2
1430820 456.2
1430830 456.2
1430840 456.3
1430850 456.3
1430860 456.3
1430870 456.4
1430880 456.6
1430890 456.6
1430900 456.6
1430910 456.7
1430920 456.7
1430930 456.7
1430940 456.7
1430950 456.7
1430960 456.7
1430970 456.8
1430980 456.8
1430990 456.8
1431000 456.8
1431010 456.8
1431020 456.9
1431030 457.0
1431040 457.0
1431050 457.0
1431060 457.1
1431070 457.1
1431080 457.2
1431090 457.2
1431100 457.2
1431110 457.2
1431120 457.2
1431130 457.2
1431140 457.3
1431150 457.4
1431160 457.4
1431170 457.5
1431180 457.6
1431190 457.6
1431200 457.6
1431210 457.5
1431220 457.5
1431230 457.5
1431240 457.6
1431250 457.6
1431260 457.5
1431270 457.5
1431280 457.5
1431290 457.5
1431300 457.5
1431310 457.5
1431320 457.7
1431330 458.0
1431340 458.0
1431350 458.3
1431360 458.4
1431370 458.4
1431380 458.2
1431390 457.9
1431400 457.9
1431410 457.6
1431420 457.2
1431430 457.2
1431440 456.8
1431450 456.3
1431460 456.3
1431470 455.7
1431480 454.8
1431490 454.8
1431500 453.8
1431510 453.3
1431520 453.3
1431530 453.5
1431540 453.8
1431550 454.0
1431560 454.0
1431570 454.3
1431580 454.7
1431590 454.7
1431600 455.2
1431610 455.9
1431620 455.9
1431630 456.3
1431640 456.6
1431650 456.6
1431660 457.0
1431670 457.2
1431680 457.2
1431690 457.4
1431700 457.6
1431710 457.6
1431720 457.7
1431730 457.7
1431740 457.7
1431750 457.9
1431760 458.0
1431770 458.0
1431780 458.0
1431790 458.1
1431800 458.1
1431810 458.1
1431820 458.1
1431830 458.1
1431840 457.9
1431850 457.5
1431860 457.5
1431870 457.1
1431880 456.9
1431890 456.9
1431900 456.9
1431910 457.0
1431920 457.0
1431930 456.7
1431940 456.3
1431950 456.3
1431960 455.7
1431970 455.0
1431980 455.0
1431990 454.5
1432000 454.0
1432010 454.0
1432020 453.4
1432030 452.9
1432040 452.9
1432050 452.1
1432060 451.2
1432070 451.2
1432080 450.8
1432090 450.4
1432100 450.4
1432110 450.0
1432120 449.7
1432130 449.7
1432140 449.6
1432150 449.5
1432160 449.5
1432170 449.4
1432180 449.5
1432190 449.5
1432200 449.8
1432210 450.5
1432220 450.5
1432230 451.2
1432240 452.0
1432250 452.0
1432260 452.8
1432270 453.4
1432280 453.4
1432290 454.0
1432300 454.5
1432310 454.5
1432320 454.9
1432330 455.3
1432340 455.3
1432350 455.7
1432360 456.0
1432370 456.0
1432380 456.3
1432390 456.5
1432400 456.5
1432410 456.6
1432420 456.8
1432430 456.8
1432440 456.8
1432450 456.8
1432460 456.8
1432470 456.9
1432480 456.9
1432490 456.9
1432500 457.0
1432510 457.1
1432520 457.1
1432530 457.3
1432540 457.4
1432550 457.4
1432560 457.6
1432570 457.7
1432580 457.7
1432590 457.9
1432600 458.1
1432610 458.1
1432620 458.3
1432630 458.6
1432640 458.6
1432650 458.9
1432660 459.1
1432670 459.1
1432680 459.3
1432690 459.4
1432700 459.4
1432710 459.6
1432720 459.7
1432730 459.7
1432740 460.0
1432750 460.1
1432760 460.1
1432770 460.3
1432780 460.4
1432790 460.4
1432800 460.6
1432810 460.8
1432820 460.8
1432830 461.0
1432840 461.3
1432850 461.3
1432860 461.4
1432870 461.4
1432880 461.4
1432890 461.5
1432900 461.6
1432910 461.6
1432920 461.7
1432930 461.8
1432940 461.8
1432950 462.0
1432960 462.1
1432970 462.1
1432980 462.2
1432990 462.3
1433000 462.3
1433010 462.5
1433020 462.7
1433030 462.7
1433040 462.8
1433050 463.0
1433060 463.0
1433070 463.1
1433080 463.3
1433090 463.3
1433100 463.5
1433110 463.8
1433120 463.8
1433130 463.9
1433140 464.0
1433150 464.0
1433160 464.2
1433170 464.4
1433180 464.4
1433190 464.5
1433200 464.7
1433210 464.7
1433220 464.8
1433230 465.0
1433240 465.0
1433250 465.1
1433260 465.2
1433270 465.2
1433280 465.3
1433290 465.5
1433300 465.5
1433310 465.6
1433320 465.8
1433330 465.8
1433340 465.8
1433350 465.8
1433360 465.8
1433370 465.6
1433380 465.2
1433390 465.2
1433400 464.7
1433410 464.0
1433420 464.0
1433430 463.1
1433440 462.2
1433450 462.2
1433460 461.3
1433470 460.4
1433480 460.4
1433490 459.5
1433500 458.6
1433510 458.6
1433520 457.7
1433530 456.7
1433540 456.7
1433550 455.7
1433560 454.8
1433570 452.9
1433580 452.9
1433590 449.0
1433600 443.8
1433610 443.8
1433620 439.1
1433630 435.1
1433640 435.1
1433650 432.0
1433660 430.0
1433670 430.0
1433680 428.8
1433690 428.3
1433700 428.3
1433710 427.8
1433720 427.3
1433730 427.3
1433740 427.0
1433750 426.9
1433760 426.9
1433770 426.9
1433780 426.9
1433790 426.9
1433800 426.8
1433810 426.8
1433820 426.8
1433830 426.8
1433840 426.8
1433850 426.8
1433860 426.8
1433870 426.8
1433880 426.8
1433890 426.8
1433900 426.7
1433910 426.7
1433920 426.7
1433930 426.7
1433940 426.7
1433950 426.7
1433960 426.8
1433970 426.8
1433980 426.8
1433990 426.8
1434000 426.8
1434010 426.9
1434020 426.9
1434030 426.9
1434040 427.0
1434050 427.1
1434060 427.1
1434070 427.1
1434080 427.3
1434090 427.3
1434100 427.3
1434110 427.3
1434120 427.3
1434130 427.2
1434140 427.3
1434150 427.3
1434160 427.5
1434170 427.4
1434180 427.4
1434190 427.4
1434200 427.4
1434210 427.4
1434220 427.5
1434230 427.4
1434240 427.4
1434250 427.5
1434260 427.4
1434270 427.4
1434280 427.5
1434290 427.4
1434300 427.4
1434310 427.4
1434320 427.5
1434330 427.5
1434340 427.6
1434350 427.5
1434360 427.5
1434370 427.6
1434380 427.7
1434390 427.7
1434400 427.8
1434410 427.7
1434420 427.7
1434430 427.4
1434440 427.1
1434450 427.1
1434460 426.8
1434470 426.7
1434480 426.7
1434490 426.8
1434500 426.9
1434510 426.9
1434520 426.8
1434530 426.7
1434540 426.7
1434550 426.5
1434560 426.4
1434570 426.4
1434580 426.2
1434590 426.2
1434600 426.2
1434610 426.2
1434620 426.4
1434630 426.4
1434640 426.5
1434650 426.5
1434660 426.5
1434670 426.3
1434680 426.2
1434690 426.2
1434700 426.2
1434710 426.1
1434720 426.1
1434730 426.1
1434740 426.1
1434750 426.1
1434760 426.3
1434770 426.3
1434780 426.3
1434790 426.2
1434800 426.2
1434810 426.2
1434820 426.1
1434830 426.0
1434840 426.0
1434850 425.9
1434860 425.9
1434870 425.9
1434880 425.7
1434890 425.7
1434900 425.7
1434910 425.7
1434920 425.7
1434930 425.7
1434940 425.7
1434950 425.7
1434960 425.7
1434970 425.6
1434980 425.7
1434990 425.7
1435000 425.8
1435010 425.7
1435020 425.7
1435030 425.5
1435040 425.7
1435050 425.7
1435060 425.7
1435070 425.5
1435080 425.5
1435090 425.3
1435100 425.2
1435110 425.2
1435120 425.2
1435130 425.3
1435140 425.3
1435150 425.4
1435160 425.4
1435170 425.4
1435180 425.1
1435190 424.9
1435200 424.9
1435210 424.8
1435220 424.9
1435230 424.9
1435240 424.9
1435250 424.8
1435260 424.8
1435270 424.7
1435280 424.4
1435290 424.4
1435300 424.3
1435310 424.4
1435320 424.4
1435330 424.5
1435340 424.4
1435350 424.4
1435360 424.2
1435370 424.1
1435380 424.1
1435390 423.9
1435400 423.8
1435410 423.8
1435420 423.8
1435430 423.8
1435440 423.8
1435450 423.6
1435460 423.5
1435470 423.5
1435480 423.3
1435490 423.1
1435500 423.1
1435510 423.2
1435520 423.4
1435530 423.5
1435540 423.4
1435550 423.3
1435560 423.3
1435570 423.2
1435580 423.1
1435590 422.9
1435600 422.9
1435610 422.7
1435620 422.7
1435630 422.7
1435640 422.6
1435650 422.5
1435660 422.5
1435670 422.5
1435680 422.4
1435690 422.4
1435700 422.5
1435710 422.7
1435720 422.7
1435730 422.6
1435740 422.2
1435750 422.2
1435760 422.0
1435770 422.1
1435780 422.1
1435790 422.1
1435800 422.0
1435810 422.0
1435820 421.9
1435830 421.9
1435840 421.9
1435850 422.1
1435860 422.0
1435870 422.0
1435880 422.2
1435890 422.6
1435900 422.6
1435910 423.6
1435920 424.5
1435930 424.5
1435940 424.8
1435950 424.8
1435960 424.8
1435970 424.8
1435980 424.9
1435990 424.9
1436000 424.9
1436010 424.8
1436020 424.8
1436030 424.9
1436040 425.2
1436050 425.2
1436060 425.9
1436070 426.5
1436080 426.5
1436090 426.6
1436100 426.7
1436110 426.7
1436120 426.5
1436130 426.5
1436140 426.5
1436150 426.5
1436160 426.6
1436170 426.6
1436180 426.5
1436190 426.3
1436200 426.3
1436210 426.2
1436220 426.5
1436230 426.5
1436240 426.7
1436250 426.9
1436260 426.9
1436270 427.0
1436280 426.9
1436290 426.9
1436300 426.9
1436310 426.9
1436320 426.9
1436330 426.9
1436340 427.0
1436350 427.0
1436360 427.1
1436370 427.3
1436380 427.3
1436390 427.4
1436400 427.4
1436410 427.4
1436420 427.3
1436430 426.9
1436440 426.9
1436450 424.1
1436460 419.1
1436470 419.1
1436480 411.3
1436490 405.4
1436500 405.4
1436510 402.4
1436520 402.5
1436530 402.5
1436540 403.8
1436550 404.3
1436560 404.3
1436570 405.6
1436580 407.1
1436590 407.1
1436600 407.6
1436610 407.1
1436620 407.1
1436630 406.5
1436640 405.1
1436650 405.1
1436660 404.6
1436670 404.5
1436680 404.5
1436690 405.5
1436700 406.6
1436710 406.6
1436720 406.7
1436730 406.4
1436740 406.4
1436750 405.6
1436760 404.1
1436770 404.1
1436780 402.8
1436790 404.0
1436800 404.0
1436810 409.0
1436820 413.6
1436830 413.6
1436840 415.6
1436850 415.3
1436860 415.3
1436870 414.2
1436880 414.3
1436890 414.3
1436900 414.5
1436910 414.6
1436920 414.6
1436930 414.8
1436940 414.9
1436950 414.9
1436960 415.1
1436970 415.7
1436980 415.7
1436990 418.5
1437000 419.4
1437010 419.4
1437020 418.7
1437030 416.6
1437040 416.6
1437050 416.2
1437060 418.2
1437070 418.2
1437080 423.4
1437090 427.0
1437100 427.0
1437110 431.3
1437120 430.2
1437130 430.2
1437140 428.2
1437150 427.8
1437160 427.8
1437170 427.7
1437180 427.7
1437190 427.7
1437200 427.6
1437210 427.6
1437220 427.6
1437230 427.5
1437240 427.4
1437250 427.4
1437260 427.4
1437270 427.3
1437280 427.3
1437290 427.3
1437300 427.1
1437310 427.1
1437320 427.0
1437330 426.8
1437340 426.8
1437350 426.6
1437360 426.4
1437370 426.4
1437380 426.1
1437390 425.9
1437400 425.9
1437410 425.6
1437420 425.5
1437430 425.5
1437440 425.4
1437450 425.2
1437460 425.2
1437470 424.9
1437480 424.8
1437490 424.8
1437500 424.9
1437510 425.1
1437520 425.1
1437530 424.8
1437540 424.6
1437550 424.6
1437560 424.6
1437570 425.1
1437580 425.1
1437590 425.8
1437600 426.7
1437610 426.7
1437620 426.9
1437630 427.1
1437640 427.4
1437650 427.4
1437660 427.7
1437670 428.0
1437680 428.0
1437690 428.3
1437700 429.0
1437710 429.0
1437720 430.1
1437730 431.1
1437740 431.1
1437750 432.3
1437760 433.5
1437770 433.5
1437780 434.8
1437790 436.4
1437800 436.4
1437810 438.2
1437820 439.4
1437830 439.4
1437840 440.9
1437850 442.4
1437860 442.4
1437870 443.5
1437880 444.0
1437890 444.0
1437900 445.4
1437910 447.1
1437920 447.1
1437930 448.8
1437940 450.7
1437950 450.7
1437960 451.9
1437970 452.6
1437980 452.6
1437990 453.3
1438000 453.7
1438010 453.7
1438020 453.9
1438030 454.0
1438040 454.0
1438050 453.9
1438060 453.9
1438070 453.9
1438080 453.9
1438090 453.9
1438100 453.9
1438110 454.1
1438120 454.3
1438130 454.3
1438140 454.4
1438150 454.5
1438160 454.5
1438170 454.7
1438180 454.8
1438190 454.8
1438200 454.9
1438210 455.0
1438220 455.0
1438230 455.0
1438240 455.1
1438250 455.1
1438260 455.8
1438270 455.8
1438280 455.8
1438290 455.8
1438300 455.8
1438310 455.8
1438320 455.8
1438330 455.8
1438340 455.8
1438350 455.9
1438360 455.9
1438370 455.9
1438380 455.9
1438390 456.0
1438400 456.0
1438410 456.1
1438420 456.0
1438430 456.0
1438440 455.5
1438450 454.8
1438460 454.8
1438470 454.7
1438480 454.5
1438490 454.5
1438500 454.6
1438510 454.9
1438520 454.9
1438530 455.0
1438540 455.0
1438550 455.0
1438560 454.7
1438570 454.4
1438580 454.4
1438590 454.2
1438600 453.8
1438610 453.8
1438620 453.3
1438630 453.1
1438640 453.1
1438650 452.7
1438660 452.2
1438670 452.2
1438680 452.0
1438690 451.9
1438700 451.9
1438710 452.2
1438720 452.5
1438730 452.5
1438740 452.7
1438750 452.8
1438760 452.8
1438770 452.8
1438780 452.8
1438790 452.8
1438800 452.6
1438810 452.3
1438820 452.3
1438830 452.0
1438840 451.4
1438850 451.4
1438860 450.6
1438870 449.4
1438880 449.4
1438890 448.0
1438900 446.6
1438910 446.6
1438920 445.2
1438930 444.3
1438940 444.3
1438950 444.2
1438960 444.9
1438970 444.9
1438980 446.1
1438990 447.3
1439000 447.3
1439010 448.4
1439020 449.5
1439030 449.5
1439040 450.4
1439050 451.1
1439060 451.1
1439070 451.6
1439080 452.0
1439090 452.0
1439100 452.5
1439110 453.0
1439120 453.0
1439130 453.5
1439140 453.6
1439150 453.6
1439160 453.7
1439170 453.8
1439180 453.8
1439190 454.0
1439200 454.1
1439210 454.1
1439220 454.2
1439230 454.2
1439240 454.2
1439250 454.1
1439260 454.0
1439270 454.0
1439280 453.8
1439290 453.6
1439300 453.6
1439310 453.4
1439320 453.2
1439330 453.2
1439340 452.9
1439350 452.6
1439360 452.6
1439370 452.3
1439380 451.7
1439390 451.7
1439400 450.4
1439410 448.8
1439420 448.8
1439430 447.2
1439440 446.5
1439450 446.5
1439460 448.2
1439470 450.1
1439480 450.1
1439490 451.2
1439500 452.0
1439510 452.0
1439520 452.7
1439530 453.1
1439540 453.1
1439550 453.4
1439560 453.6
1439570 453.6
1439580 453.7
1439590 453.7
1439600 453.7
1439610 453.7
1439620 453.7
1439630 453.7
1439640 453.7
1439650 453.7
1439660 453.6
1439670 453.6
1439680 453.6
1439690 453.7
1439700 453.7
1439710 453.8
1439720 453.8
1439730 453.8
1439740 453.7
1439750 453.8
1439760 453.8
1439770 453.9
1439780 454.0
1439790 454.0
1439800 454.2
1439810 454.4
1439820 454.4
1439830 454.6
1439840 454.7
1439850 454.7
1439860 454.9
1439870 455.3
1439880 455.3
1439890 455.3
1439900 455.3
1439910 455.3
1439920 455.4
1439930 455.6
1439940 455.6
1439950 455.8
1439960 455.9
1439970 455.9
1439980 456.1
1439990 456.2
