1423130 452.8
1423140 452.8
1423150 452.4
1423160 451.8
1423170 451.8
1423180 451.0
1423190 450.6
1423200 450.6
1423210 450.3
1423220 449.9
1423230 449.9
1423240 449.5
1423250 449.0
1423260 449.0
1423270 448.5
1423280 448.1
1423290 448.1
1423300 447.6
1423310 447.1
1423320 447.1
1423330 446.7
1423340 446.5
1423350 446.5
1423360 446.2
1423370 446.0
1423380 446.0
1423390 445.9
1423400 445.9
1423410 445.9
1423420 445.9
1423430 445.8
1423440 445.8
1423450 445.5
1423460 445.4
1423470 445.4
1423480 445.3
1423490 445.3
1423500 445.3
1423510 445.3
1423520 445.3
1423530 445.3
1423540 445.2
1423550 445.2
1423560 445.2
1423570 445.2
1423580 445.2
1423590 445.2
1423600 445.1
1423610 445.1
1423620 445.1
1423630 445.0
1423640 444.8
1423650 444.8
1423660 443.9
1423670 441.2
1423680 437.6
1423690 437.6
1423700 436.1
1423710 435.6
1423720 435.6
1423730 435.0
1423740 431.7
1423750 431.7
1423760 429.5
1423770 428.3
1423780 428.3
1423790 427.5
1423800 426.5
1423810 426.5
1423820 425.2
1423830 424.0
1423840 424.0
1423850 423.1
1423860 422.4
1423870 422.4
1423880 420.5
1423890 416.2
1423900 416.2
1423910 409.7
1423920 404.2
1423930 404.2
1423940 401.3
1423950 398.8
1423960 398.8
1423970 397.3
1423980 396.4
1423990 396.4
1424000 396.7
1424010 397.0
1424020 397.0
1424030 396.8
1424040 396.5
1424050 396.5
1424060 396.6
1424070 396.6
1424080 396.6
1424090 396.5
1424100 396.3
1424110 396.3
1424120 396.4
1424130 395.9
1424140 395.9
1424150 395.8
1424160 395.5
1424170 395.5
1424180 395.1
1424190 394.8
1424200 394.8
1424210 394.4
1424220 393.9
1424230 393.9
1424240 389.9
1424250 384.0
1424260 384.0
1424270 380.1
1424280 376.7
1424290 376.7
1424300 374.2
1424310 371.7
1424320 371.7
1424330 369.1
1424340 366.3
1424350 366.3
1424360 364.3
1424370 363.0
1424380 363.0
1424390 362.6
1424400 362.4
1424410 362.4
1424420 362.2
1424430 362.0
1424440 362.0
1424450 361.6
1424460 361.3
1424470 361.3
1424480 361.0
1424490 360.9
1424500 360.9
1424510 360.9
1424520 360.8
1424530 360.8
1424540 361.0
1424550 357.7
1424560 357.7
1424570 356.4
1424580 356.4
1424590 356.4
1424600 356.4
1424610 356.3
1424620 356.3
1424630 356.4
1424640 356.3
1424650 356.3
1424660 356.3
1424670 356.4
1424680 356.4
1424690 356.5
1424700 358.5
1424710 358.5
1424720 360.8
1424730 364.7
1424740 364.7
1424750 368.9
1424760 374.3
1424770 374.3
1424780 384.2
1424790 391.0
1424800 391.0
1424810 392.3
1424820 392.3
1424830 392.3
1424840 392.3
1424850 392.3
1424860 392.3
1424870 392.3
1424880 392.4
1424890 392.4
1424900 392.5
1424910 392.4
1424920 392.4
1424930 392.3
1424940 392.2
1424950 392.2
1424960 392.2
1424970 392.2
1424980 392.2
1424990 392.1
1425000 392.1
1425010 392.1
1425020 392.1
1425030 392.2
1425040 392.2
1425050 392.2
1425060 392.1
1425070 392.1
1425080 392.1
1425090 392.2
1425100 392.2
1425110 392.2
1425120 392.2
1425130 392.2
1425140 392.3
1425150 392.4
1425160 392.4
1425170 392.4
1425180 392.5
1425190 392.5
1425200 392.7
1425210 392.7
1425220 392.7
1425230 392.6
1425240 392.6
1425250 392.6
1425260 392.6
1425270 392.7
1425280 392.7
1425290 392.7
1425300 392.6
1425310 392.6
1425320 392.6
1425330 392.5
1425340 392.5
1425350 392.4
1425360 392.2
1425370 392.2
1425380 392.0
1425390 391.8
1425400 391.8
1425410 391.6
1425420 391.4
1425430 391.4
1425440 391.2
1425450 391.4
1425460 391.4
1425470 392.2
1425480 395.1
1425490 395.1
1425500 399.8
1425510 404.8
1425520 404.8
1425530 406.6
1425540 406.7
1425550 406.7
1425560 406.6
1425570 406.4
1425580 406.4
1425590 406.2
1425600 406.1
1425610 406.1
1425620 406.0
1425630 406.0
1425640 406.0
1425650 406.1
1425660 406.3
1425670 406.2
1425680 406.2
1425690 406.1
1425700 406.2
1425710 406.2
1425720 406.3
1425730 406.6
1425740 406.6
1425750 407.2
1425760 408.3
1425770 408.3
1425780 409.4
1425790 410.0
1425800 410.0
1425810 410.5
1425820 411.8
1425830 411.8
1425840 413.4
1425850 414.9
1425860 414.9
1425870 416.6
1425880 418.1
1425890 418.1
1425900 420.3
1425910 420.3
1425920 420.3
1425930 420.2
1425940 420.1
1425950 420.1
1425960 420.0
1425970 420.0
1425980 420.0
1425990 419.9
1426000 419.8
1426010 419.8
1426020 419.8
1426030 419.7
1426040 419.7
1426050 419.5
1426060 419.4
1426070 419.4
1426080 419.6
1426090 419.8
1426100 419.8
1426110 420.0
1426120 420.1
1426130 420.1
1426140 420.3
1426150 420.5
1426160 420.5
1426170 420.7
1426180 420.8
1426190 420.8
1426200 420.7
1426210 420.5
1426220 420.5
1426230 420.4
1426240 420.1
1426250 420.1
1426260 420.1
1426270 420.3
1426280 420.3
1426290 420.7
1426300 421.1
1426310 421.1
1426320 421.5
1426330 421.7
1426340 421.7
1426350 421.8
1426360 421.9
1426370 421.9
1426380 422.0
1426390 422.3
1426400 422.3
1426410 422.2
1426420 421.7
1426430 421.7
1426440 421.8
1426450 421.6
1426460 421.6
1426470 421.2
1426480 420.7
1426490 420.7
1426500 420.4
1426510 420.1
1426520 420.1
1426530 420.0
1426540 419.9
1426550 419.9
1426560 419.8
1426570 420.0
1426580 420.0
1426590 419.8
1426600 416.6
1426610 416.6
1426620 417.8
1426630 419.6
1426640 419.6
1426650 420.0
1426660 419.8
1426670 419.8
1426680 419.8
1426690 420.1
1426700 420.1
1426710 420.7
1426720 420.8
1426730 420.8
1426740 420.9
1426750 421.1
1426760 421.1
1426770 421.2
1426780 420.9
1426790 420.9
1426800 421.3
1426810 421.7
1426820 421.7
1426830 423.4
1426840 426.3
1426850 426.3
1426860 428.5
1426870 429.2
1426880 429.2
1426890 429.2
1426900 429.2
1426910 429.2
1426920 429.1
1426930 429.1
1426940 429.1
1426950 429.1
1426960 429.0
1426970 429.0
1426980 429.1
1426990 429.3
1427000 429.3
1427010 429.7
1427020 430.2
1427030 430.2
1427040 430.8
1427050 431.5
1427060 431.5
1427070 432.0
1427080 432.0
1427090 432.0
1427100 431.8
1427110 431.6
1427120 431.6
1427130 431.4
1427140 431.2
1427150 431.2
1427160 430.8
1427170 430.5
1427180 430.5
1427190 430.2
1427200 429.8
1427210 429.8
1427220 429.3
1427230 426.0
1427240 426.0
1427250 415.9
1427260 408.3
1427270 408.3
1427280 400.7
1427290 394.5
1427300 394.5
1427310 398.0
1427320 405.3
1427330 405.3
1427340 413.0
1427350 422.1
1427360 422.1
1427370 429.4
1427380 430.9
1427390 430.9
1427400 431.7
1427410 433.2
1427420 433.2
1427430 435.1
1427440 437.0
1427450 437.0
1427460 438.9
1427470 441.1
1427480 441.1
1427490 443.9
1427500 446.5
1427510 446.5
1427520 448.6
1427530 449.7
1427540 449.7
1427550 450.5
1427560 451.1
1427570 451.1
1427580 452.0
1427590 452.8
1427600 452.8
1427610 453.6
1427620 454.7
1427630 454.7
1427640 455.3
1427650 455.6
1427660 456.0
1427670 456.0
1427680 456.3
1427690 456.7
1427700 456.7
1427710 457.1
1427720 457.5
1427730 457.5
1427740 457.8
1427750 458.0
1427760 458.0
1427770 458.2
1427780 458.4
1427790 458.4
1427800 458.6
1427810 458.7
1427820 458.7
1427830 458.8
1427840 458.8
1427850 458.8
1427860 458.8
1427870 458.7
1427880 458.7
1427890 458.6
1427900 458.4
1427910 458.4
1427920 458.1
1427930 457.9
1427940 457.9
1427950 457.7
1427960 457.4
1427970 457.4
1427980 457.2
1427990 456.9
1428000 456.9
1428010 456.4
1428020 455.8
1428030 455.8
1428040 455.2
1428050 454.7
1428060 454.7
1428070 454.3
1428080 453.9
1428090 453.9
1428100 453.4
1428110 453.0
1428120 453.0
1428130 452.4
1428140 451.9
1428150 451.9
1428160 450.9
1428170 450.1
1428180 450.1
1428190 449.3
1428200 448.4
1428210 448.4
1428220 447.5
1428230 446.5
1428240 446.5
1428250 445.5
1428260 444.3
1428270 444.3
1428280 443.1
1428290 442.1
1428300 442.1
1428310 441.6
1428320 441.5
1428330 441.5
1428340 441.6
1428350 441.9
1428360 441.9
1428370 442.5
1428380 443.3
1428390 443.3
1428400 444.4
1428410 445.6
1428420 445.6
1428430 446.9
1428440 448.2
1428450 448.2
1428460 449.5
1428470 450.6
1428480 450.6
1428490 451.5
1428500 452.2
1428510 452.2
1428520 452.8
1428530 453.4
1428540 453.4
1428550 453.9
1428560 454.3
1428570 454.3
1428580 454.7
1428590 455.0
1428600 455.0
1428610 455.3
1428620 455.6
1428630 455.6
1428640 455.8
1428650 456.1
1428660 456.1
1428670 456.3
1428680 456.6
1428690 456.6
1428700 456.8
1428710 457.1
1428720 457.1
1428730 457.3
1428740 457.8
1428750 457.8
1428760 458.0
1428770 457.7
1428780 457.7
1428790 457.9
1428800 458.4
1428810 458.4
1428820 458.8
1428830 459.0
1428840 459.0
1428850 459.3
1428860 459.5
1428870 459.5
1428880 459.7
1428890 459.9
1428900 459.9
1428910 460.1
1428920 460.3
1428930 460.3
1428940 460.6
1428950 460.8
1428960 460.8
1428970 461.2
1428980 462.1
1428990 462.1
1429000 462.1
1429010 461.8
1429020 461.8
1429030 461.9
1429040 462.0
1429050 462.0
1429060 462.1
1429070 462.2
1429080 462.2
1429090 462.4
1429100 462.5
1429110 462.5
1429120 462.6
1429130 462.8
1429140 462.8
1429150 463.0
1429160 463.1
1429170 463.1
1429180 463.2
1429190 463.4
1429200 463.4
1429210 463.4
1429220 463.5
1429230 463.5
1429240 463.6
1429250 463.7
1429260 463.7
1429270 463.7
1429280 463.8
1429290 463.8
1429300 463.8
1429310 463.8
1429320 463.8
1429330 463.7
1429340 463.5
1429350 463.5
1429360 463.2
1429370 463.2
1429380 463.2
1429390 463.1
1429400 463.0
1429410 463.0
1429420 462.8
1429430 462.5
1429440 462.5
1429450 462.2
1429460 462.0
1429470 462.0
1429480 461.8
1429490 461.6
1429500 461.6
1429510 461.6
1429520 461.4
1429530 461.4
1429540 461.2
1429550 460.9
1429560 460.9
1429570 460.7
1429580 460.4
1429590 460.4
1429600 460.3
1429610 460.2
1429620 460.2
1429630 459.8
1429640 459.5
1429650 459.5
1429660 459.3
1429670 459.2
1429680 459.1
1429690 459.1
1429700 458.9
1429710 458.9
1429720 458.9
1429730 459.0
1429740 459.0
1429750 459.0
1429760 459.0
1429770 459.0
1429780 459.0
1429790 459.0
1429800 459.0
1429810 459.0
1429820 459.0
1429830 459.0
1429840 459.0
1429850 459.1
1429860 459.2
1429870 459.2
1429880 459.0
1429890 458.8
1429900 458.8
1429910 458.6
1429920 458.4
1429930 458.4
1429940 458.3
1429950 458.1
1429960 458.1
1429970 458.0
1429980 457.8
1429990 457.8
1430000 457.6
1430010 457.5
1430020 457.5
1430030 457.4
1430040 457.4
1430050 457.4
1430060 457.4
1430070 457.3
1430080 457.3
1430090 457.3
1430100 457.3
1430110 457.3
1430120 457.3
1430130 457.4
1430140 457.4
1430150 457.4
1430160 457.5
1430170 457.5
1430180 457.7
1430190 457.8
1430200 457.8
1430210 457.6
1430220 457.6
1430230 457.6
1430240 457.5
1430250 457.5
1430260 457.5
1430270 457.6
1430280 457.7
1430290 457.7
1430300 457.6
1430310 457.6
1430320 457.6
1430330 457.6
1430340 457.7
1430350 457.7
1430360 457.7
1430370 457.8
1430380 457.8
1430390 457.9
1430400 458.0
1430410 458.0
1430420 458.2
1430430 458.3
1430440 458.3
1430450 458.5
1430460 458.6
1430470 458.6
1430480 458.7
1430490 458.7
1430500 458.7
1430510 458.5
1430520 458.4
1430530 458.4
1430540 458.4
1430550 458.5
1430560 458.5
1430570 458.3
1430580 458.2
1430590 458.2
1430600 458.0
1430610 457.8
1430620 457.8
1430630 457.8
1430640 457.8
1430650 457.8
1430660 457.4
1430670 457.0
1430680 457.0
1430690 456.9
1430700 456.8
1430710 456.8
1430720 456.6
1430730 456.5
1430740 456.5
1430750 456.6
1430760 456.6
1430770 456.6
1430780 456.7
1430790 456.8
1430800 456.8
1430810 456.8
1430820 456.9
1430830 456.9
1430840 456.8
1430850 456.8
1430860 456.8
1430870 456.9
1430880 457.0
1430890 457.0
1430900 457.1
1430910 457.2
1430920 457.2
1430930 457.3
1430940 457.4
1430950 457.4
1430960 457.4
1430970 457.4
1430980 457.4
1430990 457.3
1431000 457.2
1431010 457.2
1431020 457.1
1431030 457.0
1431040 457.0
1431050 457.2
1431060 457.5
1431070 457.5
1431080 457.6
1431090 457.9
1431100 457.9
1431110 458.1
1431120 458.0
1431130 458.0
1431140 457.9
1431150 457.9
1431160 457.9
1431170 457.9
1431180 457.9
1431190 457.9
1431200 457.8
1431210 457.8
1431220 457.8
1431230 457.8
1431240 457.9
1431250 457.9
1431260 458.0
1431270 458.0
1431280 458.0
1431290 457.9
1431300 457.8
1431310 457.8
1431320 457.6
1431330 457.5
1431340 457.5
1431350 457.5
1431360 456.9
1431370 456.9
1431380 456.3
1431390 455.5
1431400 455.5
1431410 455.6
1431420 456.6
1431430 456.6
1431440 456.4
1431450 455.1
1431460 455.1
1431470 453.6
1431480 452.4
1431490 452.4
1431500 451.7
1431510 451.6
1431520 451.6
1431530 451.7
1431540 452.1
1431550 452.1
1431560 452.5
1431570 452.9
1431580 452.9
1431590 453.4
1431600 453.9
1431610 453.9
1431620 454.4
1431630 454.9
1431640 454.9
1431650 455.4
1431660 455.7
1431670 455.7
1431680 455.9
1431690 455.9
1431700 456.2
1431710 456.2
1431720 456.4
1431730 456.7
1431740 456.7
1431750 457.0
1431760 456.9
1431770 456.9
1431780 456.8
1431790 456.7
1431800 456.7
1431810 456.6
1431820 456.5
1431830 456.5
1431840 456.5
1431850 456.4
1431860 456.4
1431870 456.4
1431880 456.1
1431890 456.1
1431900 455.8
1431910 455.5
1431920 455.5
1431930 455.1
1431940 454.7
1431950 454.7
1431960 454.3
1431970 453.9
1431980 453.9
1431990 453.5
1432000 453.1
1432010 453.1
1432020 452.6
1432030 452.1
1432040 452.1
1432050 451.5
1432060 450.9
1432070 450.9
1432080 450.3
1432090 449.9
1432100 449.9
1432110 449.6
1432120 449.3
1432130 449.3
1432140 449.2
1432150 449.3
1432160 449.3
1432170 449.4
1432180 449.8
1432190 449.8
1432200 450.4
1432210 451.2
1432220 451.2
1432230 452.1
1432240 453.0
1432250 453.0
1432260 454.0
1432270 455.0
1432280 455.0
1432290 456.0
1432300 456.8
1432310 456.8
1432320 457.5
1432330 457.9
1432340 457.9
1432350 458.2
1432360 458.4
1432370 458.4
1432380 458.6
1432390 458.7
1432400 458.7
1432410 458.8
1432420 458.8
1432430 458.8
1432440 458.9
1432450 458.9
1432460 458.9
1432470 459.0
1432480 459.1
1432490 459.1
1432500 459.2
1432510 459.2
1432520 459.2
1432530 459.2
1432540 459.2
1432550 459.2
1432560 459.3
1432570 459.5
1432580 459.5
1432590 459.6
1432600 459.7
1432610 459.7
1432620 459.9
1432630 460.0
1432640 460.0
1432650 460.1
1432660 460.2
1432670 460.2
1432680 460.3
1432690 460.5
1432700 460.5
1432710 460.6
1432720 460.7
1432730 460.7
1432740 460.9
1432750 461.0
1432760 461.0
1432770 461.1
1432780 461.3
1432790 461.3
1432800 461.4
1432810 461.5
1432820 461.5
1432830 461.6
1432840 461.6
1432850 461.6
1432860 461.7
1432870 461.8
1432880 461.8
1432890 461.9
1432900 462.0
1432910 462.0
1432920 462.1
1432930 462.3
1432940 462.3
1432950 462.4
1432960 462.6
1432970 462.6
1432980 462.7
1432990 462.9
1433000 462.9
1433010 463.1
1433020 463.2
1433030 463.2
1433040 463.4
1433050 463.5
1433060 463.5
1433070 463.7
1433080 463.9
1433090 463.9
1433100 464.2
1433110 464.5
1433120 464.5
1433130 464.8
1433140 465.0
1433150 465.0
1433160 465.0
1433170 464.9
1433180 464.9
1433190 464.7
1433200 464.6
1433210 464.6
1433220 464.6
1433230 464.7
1433240 464.7
1433250 464.8
1433260 464.8
1433270 464.8
1433280 464.9
1433290 465.0
1433300 465.0
1433310 465.1
1433320 465.3
1433330 465.3
1433340 465.1
1433350 464.5
1433360 464.5
1433370 464.0
1433380 463.6
1433390 463.6
1433400 462.8
1433410 461.7
1433420 461.7
1433430 460.6
1433440 459.5
1433450 459.5
1433460 458.5
1433470 457.6
1433480 457.6
1433490 456.7
1433500 455.6
1433510 455.6
1433520 454.6
1433530 453.7
1433540 453.7
1433550 452.9
1433560 451.6
1433570 451.6
1433580 449.1
1433590 445.0
1433600 445.0
1433610 439.5
1433620 434.4
1433630 434.4
1433640 431.6
1433650 430.1
1433660 430.1
1433670 429.0
1433680 428.3
1433690 428.3
1433700 427.8
1433710 427.5
1433720 427.3
1433730 427.3
1433740 427.2
1433750 427.2
1433760 427.2
1433770 427.1
1433780 427.1
1433790 427.1
1433800 427.1
1433810 427.1
1433820 427.1
1433830 427.1
1433840 427.1
1433850 427.1
1433860 427.1
1433870 427.2
1433880 427.2
1433890 427.2
1433900 427.4
1433910 427.4
1433920 427.4
1433930 427.4
1433940 427.4
1433950 427.3
1433960 427.2
1433970 427.2
1433980 427.2
1433990 427.2
1434000 427.2
1434010 427.1
1434020 427.1
1434030 427.1
1434040 427.2
1434050 427.2
1434060 427.2
1434070 427.3
1434080 427.4
1434090 427.4
1434100 427.6
1434110 427.6
1434120 427.6
1434130 427.6
1434140 427.6
1434150 427.6
1434160 427.8
1434170 427.8
1434180 427.8
1434190 427.7
1434200 427.8
1434210 427.8
1434220 427.8
1434230 427.7
1434240 427.7
1434250 427.7
1434260 427.6
1434270 427.6
1434280 427.6
1434290 427.6
1434300 427.6
1434310 427.7
1434320 427.8
1434330 427.8
1434340 427.8
1434350 427.8
1434360 427.8
1434370 427.8
1434380 427.8
1434390 427.8
1434400 428.0
1434410 427.9
1434420 427.9
1434430 427.9
1434440 427.6
1434450 427.6
1434460 427.2
1434470 427.0
1434480 427.0
1434490 426.9
1434500 426.7
1434510 426.7
1434520 426.5
1434530 426.5
1434540 426.5
1434550 426.6
1434560 426.6
1434570 426.6
1434580 426.6
1434590 426.7
1434600 426.7
1434610 426.7
1434620 426.6
1434630 426.6
1434640 426.5
1434650 426.5
1434660 426.5
1434670 426.5
1434680 426.6
1434690 426.6
1434700 426.5
1434710 426.4
1434720 426.4
1434730 426.3
1434740 426.3
1434750 426.3
1434760 426.4
1434770 426.4
1434780 426.4
1434790 426.5
1434800 426.4
1434810 426.4
1434820 426.2
1434830 426.1
1434840 426.1
1434850 426.0
1434860 426.1
1434870 426.1
1434880 426.1
1434890 426.2
1434900 426.2
1434910 426.1
1434920 426.0
1434930 426.0
1434940 425.9
1434950 425.9
1434960 425.9
1434970 425.9
1434980 426.1
1434990 426.1
1435000 426.1
1435010 426.0
1435020 426.0
1435030 425.9
1435040 425.9
1435050 425.9
1435060 425.7
1435070 425.6
1435080 425.6
1435090 425.7
1435100 425.8
1435110 425.8
1435120 425.8
1435130 425.7
1435140 425.7
1435150 425.5
1435160 425.3
1435170 425.3
1435180 425.0
1435190 425.0
1435200 425.0
1435210 425.0
1435220 424.9
1435230 424.9
1435240 424.9
1435250 424.8
1435260 424.8
1435270 424.7
1435280 424.6
1435290 424.6
1435300 424.6
1435310 424.6
1435320 424.6
1435330 424.4
1435340 424.3
1435350 424.3
1435360 424.3
1435370 424.4
1435380 424.4
1435390 424.3
1435400 424.1
1435410 424.1
1435420 424.1
1435430 423.9
1435440 423.9
1435450 423.6
1435460 423.5
1435470 423.5
1435480 423.6
1435490 423.6
1435500 423.6
1435510 423.7
1435520 423.4
1435530 423.4
1435540 423.2
1435550 423.1
1435560 423.1
1435570 423.2
1435580 423.0
1435590 423.0
1435600 422.7
1435610 422.8
1435620 422.8
1435630 422.8
1435640 422.8
1435650 422.8
1435660 422.5
1435670 422.3
1435680 422.3
1435690 422.3
1435700 422.3
1435710 422.3
1435720 422.4
1435730 422.5
1435740 422.5
1435750 422.5
1435760 422.4
1435770 422.3
1435780 422.3
1435790 422.3
1435800 422.3
1435810 422.3
1435820 422.4
1435830 422.8
1435840 422.8
1435850 423.2
1435860 423.6
1435870 423.6
1435880 423.9
1435890 424.1
1435900 424.1
1435910 424.5
1435920 424.8
1435930 424.8
1435940 425.0
1435950 425.1
1435960 425.1
1435970 425.2
1435980 425.3
1435990 425.3
1436000 425.3
1436010 425.4
1436020 425.4
1436030 425.8
1436040 426.6
1436050 426.6
1436060 427.1
1436070 427.1
1436080 427.1
1436090 427.1
1436100 427.1
1436110 427.1
1436120 427.1
1436130 427.0
1436140 427.0
1436150 427.0
1436160 427.0
1436170 427.0
1436180 427.0
1436190 427.0
1436200 427.0
1436210 427.0
1436220 427.0
1436230 427.0
1436240 427.1
1436250 427.2
1436260 427.2
1436270 427.2
1436280 427.2
1436290 427.2
1436300 427.2
1436310 427.2
1436320 427.2
1436330 427.3
1436340 427.6
1436350 427.6
1436360 427.7
1436370 427.8
1436380 427.8
1436390 427.9
1436400 427.9
1436410 427.9
1436420 427.9
1436430 427.5
1436440 427.5
1436450 426.2
1436460 420.6
1436470 420.6
1436480 409.2
1436490 407.3
1436500 407.3
1436510 407.9
1436520 409.6
1436530 409.6
1436540 412.0
1436550 414.0
1436560 414.0
1436570 415.6
1436580 417.2
1436590 417.2
1436600 417.7
1436610 418.2
1436620 418.2
1436630 418.4
1436640 417.9
1436650 417.9
1436660 417.0
1436670 415.7
1436680 415.7
1436690 414.4
1436700 414.2
1436710 414.2
1436720 413.7
1436730 413.8
1436740 413.8
1436750 414.1
1436760 414.7
1436770 414.7
1436780 414.4
1436790 412.9
1436800 412.9
1436810 412.4
1436820 412.8
1436830 412.8
1436840 414.1
1436850 415.6
1436860 415.6
1436870 416.1
1436880 416.5
1436890 416.5
1436900 418.2
1436910 420.1
1436920 420.1
1436930 421.2
1436940 422.5
1436950 422.5
1436960 423.0
1436970 423.2
1436980 423.2
1436990 423.9
1437000 424.0
1437010 424.0
1437020 424.5
1437030 426.6
1437040 426.6
1437050 427.2
1437060 427.4
1437070 427.4
1437080 428.7
1437090 431.6
1437100 431.6
1437110 428.8
1437120 428.3
1437130 428.3
1437140 428.2
1437150 428.2
1437160 428.2
1437170 428.1
1437180 428.1
1437190 428.1
1437200 428.1
1437210 428.0
1437220 428.0
1437230 427.9
1437240 427.8
1437250 427.8
1437260 427.8
1437270 427.7
1437280 427.7
1437290 427.6
1437300 427.5
1437310 427.5
1437320 427.3
1437330 427.2
1437340 427.2
1437350 427.1
1437360 426.9
1437370 426.9
1437380 426.6
1437390 426.2
1437400 426.2
1437410 425.7
1437420 425.4
1437430 425.4
1437440 425.1
1437450 424.9
1437460 424.9
1437470 424.9
1437480 424.8
1437490 424.8
1437500 425.0
1437510 425.1
1437520 425.1
1437530 425.1
1437540 424.8
1437550 424.8
1437560 424.9
1437570 425.5
1437580 425.5
1437590 426.4
1437600 427.1
1437610 427.1
1437620 428.7
1437630 432.7
1437640 432.7
1437650 437.4
1437660 440.4
1437670 440.4
1437680 442.5
1437690 444.5
1437700 444.5
1437710 446.4
1437720 447.7
1437730 447.7
1437740 448.4
1437750 449.3
1437760 450.5
1437770 450.5
1437780 452.0
1437790 453.4
1437800 453.4
1437810 454.8
1437820 455.8
1437830 455.8
1437840 456.7
1437850 457.7
1437860 457.7
1437870 458.9
1437880 459.4
1437890 459.4
1437900 459.6
1437910 459.8
1437920 459.8
1437930 459.8
1437940 459.8
1437950 459.8
1437960 459.8
1437970 459.6
1437980 459.6
1437990 459.3
1438000 458.8
1438010 458.8
1438020 458.4
1438030 458.0
1438040 458.0
1438050 457.8
1438060 457.6
1438070 457.6
1438080 457.5
1438090 457.5
1438100 457.5
1438110 457.5
1438120 457.4
1438130 457.4
1438140 457.3
1438150 457.3
1438160 457.3
1438170 457.3
1438180 457.2
1438190 457.2
1438200 457.2
1438210 457.2
1438220 457.2
1438230 457.2
1438240 457.3
1438250 457.3
1438260 457.3
1438270 457.9
1438280 457.9
1438290 457.9
1438300 457.9
1438310 457.9
1438320 458.0
1438330 458.0
1438340 458.0
1438350 457.9
1438360 457.9
1438370 457.9
1438380 457.9
1438390 457.8
1438400 457.8
1438410 457.8
1438420 457.8
1438430 457.8
1438440 457.8
1438450 457.4
1438460 457.4
1438470 456.6
1438480 456.8
1438490 456.8
1438500 456.8
1438510 456.8
1438520 456.8
1438530 456.7
1438540 456.5
1438550 456.5
1438560 456.2
1438570 455.7
1438580 455.7
1438590 455.1
1438600 454.5
1438610 454.5
1438620 454.1
1438630 453.7
1438640 453.7
1438650 453.4
1438660 453.2
1438670 453.2
1438680 453.1
1438690 453.2
1438700 453.2
1438710 453.5
1438720 453.8
1438730 453.8
1438740 453.8
1438750 453.8
1438760 453.8
1438770 453.8
1438780 453.7
1438790 453.7
1438800 453.6
1438810 453.4
1438820 453.4
1438830 453.1
1438840 452.8
1438850 452.8
1438860 452.3
1438870 451.6
1438880 451.6
1438890 450.8
1438900 449.8
1438910 449.8
1438920 448.1
1438930 446.2
1438940 446.2
1438950 445.4
1438960 445.6
1438970 445.6
1438980 446.5
1438990 447.7
1439000 447.7
1439010 448.8
1439020 449.9
1439030 449.9
1439040 450.7
1439050 451.3
1439060 451.3
1439070 451.9
1439080 452.4
1439090 452.4
1439100 452.9
1439110 453.2
1439120 453.2
1439130 453.5
1439140 453.8
1439150 453.8
1439160 454.0
1439170 454.2
1439180 454.2
1439190 454.4
1439200 454.5
1439210 454.5
1439220 454.7
1439230 454.8
1439240 454.8
1439250 454.8
1439260 454.8
1439270 454.8
1439280 454.8
1439290 454.7
1439300 454.7
1439310 454.6
1439320 454.5
1439330 454.5
1439340 454.3
1439350 454.0
1439360 454.0
1439370 453.9
1439380 453.6
1439390 453.6
1439400 453.4
1439410 453.2
1439420 453.2
1439430 452.8
1439440 451.8
1439450 451.8
1439460 450.4
1439470 449.2
1439480 449.2
1439490 449.3
1439500 451.0
1439510 451.0
1439520 452.0
1439530 452.8
1439540 452.8
1439550 453.4
1439560 453.8
1439570 453.8
1439580 454.1
1439590 454.3
1439600 454.3
1439610 454.6
1439620 454.7
1439630 454.7
1439640 454.8
1439650 454.9
1439660 454.9
1439670 455.0
1439680 455.1
1439690 455.1
1439700 455.1
1439710 455.2
1439720 455.2
1439730 455.3
1439740 455.3
1439750 455.3
1439760 455.1
1439770 454.9
1439780 455.0
1439790 455.0
1439800 455.7
1439810 455.9
1439820 455.9
1439830 455.9
1439840 455.8
1439850 455.8
1439860 455.7
1439870 455.6
1439880 455.6
1439890 455.7
1439900 455.7
1439910 455.7
1439920 455.9
1439930 456.1
1439940 456.1
1439950 456.3
1439960 456.4
1439970 456.4
1439980 456.4
1439990 456.5
