1423380 449.3
1423390 449.2
1423400 449.2
1423410 449.0
1423420 448.8
1423430 448.8
1423440 448.8
1423450 448.8
1423460 448.8
1423470 449.0
1423480 449.1
1423490 449.1
1423500 449.2
1423510 449.2
1423520 449.2
1423530 449.2
1423540 449.1
1423550 449.1
1423560 449.0
1423570 448.9
1423580 448.9
1423590 448.8
1423600 448.7
1423610 448.7
1423620 448.6
1423630 448.6
1423640 448.6
1423650 448.6
1423660 448.6
1423670 448.6
1423680 448.7
1423690 448.7
1423700 448.7
1423710 448.7
1423720 448.6
1423730 448.6
1423740 448.6
1423750 448.5
1423760 448.5
1423770 448.5
1423780 448.5
1423790 448.5
1423800 448.6
1423810 448.7
1423820 448.7
1423830 448.8
1423840 448.9
1423850 448.9
1423860 448.9
1423870 448.9
1423880 448.9
1423890 448.9
1423900 448.9
1423910 448.9
1423920 448.9
1423930 448.8
1423940 448.8
1423950 448.8
1423960 448.8
1423970 448.8
1423980 448.8
1423990 448.8
1424000 448.8
1424010 448.9
1424020 448.9
1424030 448.9
1424040 449.0
1424050 449.2
1424060 449.2
1424070 449.2
1424080 449.1
1424090 449.1
1424100 449.1
1424110 449.1
1424120 449.1
1424130 449.1
1424140 449.2
1424150 449.2
1424160 449.2
1424170 449.3
1424180 449.3
1424190 449.3
1424200 449.3
1424210 449.3
1424220 449.3
1424230 449.3
1424240 449.3
1424250 449.1
1424260 449.1
1424270 449.1
1424280 449.2
1424290 449.2
1424300 449.2
1424310 449.2
1424320 449.2
1424330 449.2
1424340 449.3
1424350 449.3
1424360 449.3
1424370 449.3
1424380 449.3
1424390 449.3
1424400 449.2
1424410 449.2
1424420 449.2
1424430 449.1
1424440 449.1
1424450 449.1
1424460 449.1
1424470 449.0
1424480 449.0
1424490 449.0
1424500 449.0
1424510 448.9
1424520 448.9
1424530 448.8
1424540 448.8
1424550 448.8
1424560 448.8
1424570 448.8
1424580 448.8
1424590 448.9
1424600 448.9
1424610 448.9
1424620 448.8
1424630 448.7
1424640 448.7
1424650 448.6
1424660 448.3
1424670 448.3
1424680 447.8
1424690 447.6
1424700 447.6
1424710 447.3
1424720 446.9
1424730 446.9
1424740 446.3
1424750 445.5
1424760 445.5
1424770 443.2
1424780 431.6
1424790 431.6
1424800 425.1
1424810 419.6
1424820 419.6
1424830 413.8
1424840 410.8
1424850 410.8
1424860 409.8
1424870 408.3
1424880 408.3
1424890 405.5
1424900 402.2
1424910 402.2
1424920 400.5
1424930 401.2
1424940 401.2
1424950 401.4
1424960 402.0
1424970 402.0
1424980 402.0
1424990 401.6
1425000 401.6
1425010 399.0
1425020 392.5
1425030 392.5
1425040 388.8
1425050 386.1
1425060 386.1
1425070 383.2
1425080 378.0
1425090 378.0
1425100 372.9
1425110 367.9
1425120 367.9
1425130 365.3
1425140 364.7
1425150 364.7
1425160 364.6
1425170 364.7
1425180 364.7
1425190 364.7
1425200 364.5
1425210 364.5
1425220 364.5
1425230 366.3
1425240 366.3
1425250 368.3
1425260 370.1
1425270 370.1
1425280 370.7
1425290 369.6
1425300 369.6
1425310 368.0
1425320 366.7
1425330 366.7
1425340 365.0
1425350 363.2
1425360 363.2
1425370 361.8
1425380 360.6
1425390 360.6
1425400 359.0
1425410 357.0
1425420 357.0
1425430 356.3
1425440 355.7
1425450 355.7
1425460 355.5
1425470 355.4
1425480 355.4
1425490 355.4
1425500 355.4
1425510 355.4
1425520 355.4
1425530 355.4
1425540 355.4
1425550 355.4
1425560 355.4
1425570 355.4
1425580 355.4
1425590 355.4
1425600 355.4
1425610 355.4
1425620 355.4
1425630 355.4
1425640 355.4
1425650 355.4
1425660 355.4
1425670 355.4
1425680 355.4
1425690 355.4
1425700 355.4
1425710 355.6
1425720 355.6
1425730 356.7
1425740 357.9
1425750 357.9
1425760 359.0
1425770 359.8
1425780 359.8
1425790 360.1
1425800 360.3
1425810 360.3
1425820 361.1
1425830 363.0
1425840 363.0
1425850 364.7
1425860 367.0
1425870 367.0
1425880 370.3
1425890 372.5
1425900 372.5
1425910 373.3
1425920 374.2
1425930 374.2
1425940 375.7
1425950 375.9
1425960 375.9
1425970 375.8
1425980 376.0
1425990 376.0
1426000 375.5
1426010 374.4
1426020 374.4
1426030 375.9
1426040 376.7
1426050 376.7
1426060 377.1
1426070 377.3
1426080 377.3
1426090 376.8
1426100 377.0
1426110 377.0
1426120 376.8
1426130 376.4
1426140 376.4
1426150 376.2
1426160 376.1
1426170 376.1
1426180 376.0
1426190 375.7
1426200 375.7
1426210 375.4
1426220 374.9
1426230 374.9
1426240 373.7
1426250 373.9
1426260 373.9
1426270 373.8
1426280 373.5
1426290 373.5
1426300 372.6
1426310 370.3
1426320 370.3
1426330 369.8
1426340 369.4
1426350 369.4
1426360 368.5
1426370 367.9
1426380 367.9
1426390 367.7
1426400 367.9
1426410 367.9
1426420 367.7
1426430 367.0
1426440 367.0
1426450 366.8
1426460 366.5
1426470 366.5
1426480 366.2
1426490 366.5
1426500 366.5
1426510 366.6
1426520 366.4
1426530 366.4
1426540 366.4
1426550 366.3
1426560 366.3
1426570 365.9
1426580 366.1
1426590 366.0
1426600 366.0
1426610 365.8
1426620 365.7
1426630 365.7
1426640 365.4
1426650 365.2
1426660 365.2
1426670 365.0
1426680 364.8
1426690 364.8
1426700 364.7
1426710 364.7
1426720 364.7
1426730 364.7
1426740 364.5
1426750 364.5
1426760 364.2
1426770 364.1
1426780 364.1
1426790 364.0
1426800 364.0
1426810 364.0
1426820 364.0
1426830 363.8
1426840 363.8
1426850 363.7
1426860 363.7
1426870 363.7
1426880 363.6
1426890 363.4
1426900 363.4
1426910 363.2
1426920 363.1
1426930 363.1
1426940 363.0
1426950 362.9
1426960 362.9
1426970 363.0
1426980 363.1
1426990 363.1
1427000 363.1
1427010 363.0
1427020 363.0
1427030 362.6
1427040 362.2
1427050 362.2
1427060 362.1
1427070 362.0
1427080 362.0
1427090 362.0
1427100 362.3
1427110 362.3
1427120 362.7
1427130 362.7
1427140 362.7
1427150 362.8
1427160 362.8
1427170 362.8
1427180 363.0
1427190 363.1
1427200 363.1
1427210 363.4
1427220 364.0
1427230 364.0
1427240 365.8
1427250 366.9
1427260 366.9
1427270 367.2
1427280 367.5
1427290 371.3
1427300 373.2
1427310 376.7
1427320 376.7
1427330 380.4
1427340 382.7
1427350 382.7
1427360 385.2
1427370 390.2
1427380 390.2
1427390 394.2
1427400 399.7
1427410 399.7
1427420 403.6
1427430 407.4
1427440 407.4
1427450 412.5
1427460 415.8
1427470 415.8
1427480 416.8
1427490 417.5
1427500 417.5
1427510 418.3
1427520 419.1
1427530 419.1
1427540 420.0
1427550 421.2
1427560 421.2
1427570 422.5
1427580 424.0
1427590 424.0
1427600 425.6
1427610 427.2
1427620 427.2
1427630 428.7
1427640 429.9
1427650 429.9
1427660 431.3
1427670 433.2
1427680 433.2
1427690 435.8
1427700 438.6
1427710 438.6
1427720 440.1
1427730 440.8
1427740 440.8
1427750 441.3
1427760 441.8
1427770 441.8
1427780 442.3
1427790 439.6
1427800 439.6
1427810 435.9
1427820 433.5
1427830 433.5
1427840 428.4
1427850 422.4
1427860 422.4
1427870 419.3
1427880 424.8
1427890 424.8
1427900 433.4
1427910 441.6
1427920 441.6
1427930 445.7
1427940 447.4
1427950 447.4
1427960 448.8
1427970 449.8
1427980 449.8
1427990 450.5
1428000 451.0
1428010 451.0
1428020 451.3
1428030 451.3
1428040 451.3
1428050 451.3
1428060 451.2
1428070 451.2
1428080 450.1
1428090 447.3
1428100 447.3
1428110 446.5
1428120 448.6
1428130 448.6
1428140 451.5
1428150 452.7
1428160 452.7
1428170 453.2
1428180 453.8
1428190 453.8
1428200 454.3
1428210 454.8
1428220 454.8
1428230 455.2
1428240 455.6
1428250 455.6
1428260 456.0
1428270 456.4
1428280 456.4
1428290 456.7
1428300 457.0
1428310 457.0
1428320 457.3
1428330 457.6
1428340 457.6
1428350 457.8
1428360 458.1
1428370 458.1
1428380 458.4
1428390 458.5
1428400 458.5
1428410 458.7
1428420 458.9
1428430 458.9
1428440 459.0
1428450 459.2
1428460 459.2
1428470 459.2
1428480 459.3
1428490 459.3
1428500 459.4
1428510 459.4
1428520 459.4
1428530 459.4
1428540 459.4
1428550 459.4
1428560 459.5
1428570 459.7
1428580 459.7
1428590 459.8
1428600 459.9
1428610 459.9
1428620 460.0
1428630 460.0
1428640 460.0
1428650 459.9
1428660 459.9
1428670 459.9
1428680 459.9
1428690 460.0
1428700 460.1
1428710 460.1
1428720 460.4
1428730 460.7
1428740 460.7
1428750 460.7
1428760 460.5
1428770 460.5
1428780 460.4
1428790 460.5
1428800 460.5
1428810 461.0
1428820 461.1
1428830 461.1
1428840 460.7
1428850 460.4
1428860 460.4
1428870 460.4
1428880 460.2
1428890 460.2
1428900 460.1
1428910 460.0
1428920 460.0
1428930 459.7
1428940 459.8
1428950 459.8
1428960 459.6
1428970 459.4
1428980 459.4
1428990 459.2
1429000 459.3
1429010 459.3
1429020 459.4
1429030 459.3
1429040 459.3
1429050 459.3
1429060 459.4
1429070 459.4
1429080 459.4
1429090 459.5
1429100 459.5
1429110 459.3
1429120 459.3
1429130 459.3
1429140 459.4
1429150 459.7
1429160 459.7
1429170 459.9
1429180 460.0
1429190 460.0
1429200 460.1
1429210 460.0
1429220 460.0
1429230 459.8
1429240 459.4
1429250 459.4
1429260 459.3
1429270 459.3
1429280 459.3
1429290 459.4
1429300 459.5
1429310 459.5
1429320 459.7
1429330 460.0
1429340 460.0
1429350 460.2
1429360 460.3
1429370 460.3
1429380 460.4
1429390 460.5
1429400 460.5
1429410 460.5
1429420 460.6
1429430 460.6
1429440 460.6
1429450 460.6
1429460 460.6
1429470 460.6
1429480 460.5
1429490 460.5
1429500 460.4
1429510 460.4
1429520 460.4
1429530 460.3
1429540 460.3
1429550 460.3
1429560 460.2
1429570 460.1
1429580 460.1
1429590 459.9
1429600 460.5
1429610 460.5
1429620 460.5
1429630 460.6
1429640 460.6
1429650 460.6
1429660 460.3
1429670 460.3
1429680 460.2
1429690 460.3
1429700 460.3
1429710 460.3
1429720 460.4
1429730 460.4
1429740 460.5
1429750 460.6
1429760 460.6
1429770 460.8
1429780 460.9
1429790 460.9
1429800 461.1
1429810 461.2
1429820 461.2
1429830 461.3
1429840 461.5
1429850 461.5
1429860 461.8
1429870 462.0
1429880 462.0
1429890 461.9
1429900 461.9
1429910 461.9
1429920 461.9
1429930 462.2
1429940 462.2
1429950 462.3
1429960 462.1
1429970 462.1
1429980 461.6
1429990 461.0
1430000 461.0
1430010 460.2
1430020 459.8
1430030 459.8
1430040 461.4
1430050 462.4
1430060 462.4
1430070 462.5
1430080 462.6
1430090 462.6
1430100 462.7
1430110 462.7
1430120 462.7
1430130 462.6
1430140 462.6
1430150 462.6
1430160 462.5
1430170 462.4
1430180 462.4
1430190 462.3
1430200 462.2
1430210 462.2
1430220 462.2
1430230 462.2
1430240 462.2
1430250 462.1
1430260 461.9
1430270 461.9
1430280 461.5
1430290 461.1
1430300 461.1
1430310 460.8
1430320 460.6
1430330 460.6
1430340 460.3
1430350 460.0
1430360 460.0
1430370 459.6
1430380 459.5
1430390 459.5
1430400 459.6
1430410 459.7
1430420 459.7
1430430 459.9
1430440 459.8
1430450 459.8
1430460 459.3
1430470 458.8
1430480 458.8
1430490 458.4
1430500 458.1
1430510 458.1
1430520 457.6
1430530 457.3
1430540 457.3
1430550 456.8
1430560 456.0
1430570 456.0
1430580 455.0
1430590 454.4
1430600 454.4
1430610 454.0
1430620 453.8
1430630 453.8
1430640 453.4
1430650 453.2
1430660 453.2
1430670 453.1
1430680 452.9
1430690 452.9
1430700 452.6
1430710 452.4
1430720 452.4
1430730 452.3
1430740 452.1
1430750 452.1
1430760 452.0
1430770 451.9
1430780 451.9
1430790 451.9
1430800 451.9
1430810 451.9
1430820 451.9
1430830 452.0
1430840 452.0
1430850 452.0
1430860 452.0
1430870 452.0
1430880 452.0
1430890 451.9
1430900 451.9
1430910 451.9
1430920 451.8
1430930 451.8
1430940 451.8
1430950 451.7
1430960 451.8
1430970 451.8
1430980 451.7
1430990 451.6
1431000 451.6
1431010 451.4
1431020 451.3
1431030 451.3
1431040 451.2
1431050 451.1
1431060 451.1
1431070 451.0
1431080 450.8
1431090 450.8
1431100 450.7
1431110 450.6
1431120 450.6
1431130 450.3
1431140 449.9
1431150 449.9
1431160 449.6
1431170 449.3
1431180 449.3
1431190 449.0
1431200 448.7
1431210 448.7
1431220 448.6
1431230 448.6
1431240 448.6
1431250 448.7
1431260 448.8
1431270 448.8
1431280 449.0
1431290 449.2
1431300 449.2
1431310 449.5
1431320 449.8
1431330 449.8
1431340 450.3
1431350 450.7
1431360 450.7
1431370 451.1
1431380 451.5
1431390 451.5
1431400 451.9
1431410 452.3
1431420 452.3
1431430 452.9
1431440 453.2
1431450 453.2
1431460 453.6
1431470 454.0
1431480 454.0
1431490 454.2
1431500 454.4
1431510 454.4
1431520 454.6
1431530 454.7
1431540 454.7
1431550 455.0
1431560 455.2
1431570 455.2
1431580 455.3
1431590 455.5
1431600 455.5
1431610 455.7
1431620 455.8
1431630 455.8
1431640 455.9
1431650 456.1
1431660 456.1
1431670 456.1
1431680 456.4
1431690 456.4
1431700 456.7
1431710 456.9
1431720 456.9
1431730 457.1
1431740 457.1
1431750 457.1
1431760 457.0
1431770 456.9
1431780 456.9
1431790 456.9
1431800 457.0
1431810 457.0
1431820 457.0
1431830 457.1
1431840 457.1
1431850 457.2
1431860 457.3
1431870 457.3
1431880 457.4
1431890 457.5
1431900 457.5
1431910 457.6
1431920 457.8
1431930 457.8
1431940 458.0
1431950 458.1
1431960 458.1
1431970 458.3
1431980 458.4
1431990 458.4
1432000 458.4
1432010 458.6
1432020 458.6
1432030 458.5
1432040 458.6
1432050 458.6
1432060 458.6
1432070 458.6
1432080 458.6
1432090 458.6
1432100 458.6
1432110 458.6
1432120 458.6
1432130 458.5
1432140 458.5
1432150 458.4
1432160 458.4
1432170 458.4
1432180 458.3
1432190 458.3
1432200 458.3
1432210 458.5
1432220 458.3
1432230 458.3
1432240 458.2
1432250 458.2
1432260 458.2
1432270 458.2
1432280 458.1
1432290 458.1
1432300 458.1
1432310 458.1
1432320 458.1
1432330 458.2
1432340 458.2
1432350 458.2
1432360 458.1
1432370 458.0
1432380 458.0
1432390 458.0
1432400 458.3
1432410 458.3
1432420 458.6
1432430 458.8
1432440 458.8
1432450 459.1
1432460 459.3
1432470 459.3
1432480 459.5
1432490 459.8
1432500 459.8
1432510 460.1
1432520 460.3
1432530 460.3
1432540 460.5
1432550 460.6
1432560 460.6
1432570 460.8
1432580 461.1
1432590 461.1
1432600 461.2
1432610 461.4
1432620 461.4
1432630 461.5
1432640 461.6
1432650 461.6
1432660 461.6
1432670 461.6
1432680 461.6
1432690 461.7
1432700 461.8
1432710 461.8
1432720 461.9
1432730 461.8
1432740 461.8
1432750 461.7
1432760 461.7
1432770 461.7
1432780 461.6
1432790 461.3
1432800 461.3
1432810 461.1
1432820 461.0
1432830 461.0
1432840 460.8
1432850 460.7
1432860 460.7
1432870 460.7
1432880 460.5
1432890 460.5
1432900 460.4
1432910 460.3
1432920 460.3
1432930 460.2
1432940 460.1
1432950 460.0
1432960 460.0
1432970 459.9
1432980 459.7
1432990 459.7
1433000 459.6
1433010 459.6
1433020 459.6
1433030 459.5
1433040 459.5
1433050 459.5
1433060 459.5
1433070 459.5
1433080 459.5
1433090 459.6
1433100 459.6
1433110 459.6
1433120 459.7
1433130 459.9
1433140 459.9
1433150 460.1
1433160 460.3
1433170 460.3
1433180 460.3
1433190 460.4
1433200 460.4
1433210 460.6
1433220 460.7
1433230 460.7
1433240 460.6
1433250 460.6
1433260 460.6
1433270 460.5
1433280 460.3
1433290 460.3
1433300 460.2
1433310 460.1
1433320 460.1
1433330 459.9
1433340 459.7
1433350 459.7
1433360 459.5
1433370 459.3
1433380 459.3
1433390 459.0
1433400 458.7
1433410 458.7
1433420 458.4
1433430 458.1
1433440 458.1
1433450 457.7
1433460 457.2
1433470 457.2
1433480 456.8
1433490 456.4
1433500 456.4
1433510 455.9
1433520 454.6
1433530 454.6
1433540 452.4
1433550 450.3
1433560 450.3
1433570 448.6
1433580 447.2
1433590 447.2
1433600 446.0
1433610 444.4
1433620 444.4
1433630 440.6
1433640 432.1
1433650 432.1
1433660 427.7
1433670 425.3
1433680 425.3
1433690 423.7
1433700 423.0
1433710 423.0
1433720 422.6
1433730 422.4
1433740 422.4
1433750 422.3
1433760 422.4
1433770 422.4
1433780 422.4
1433790 422.5
1433800 422.5
1433810 422.5
1433820 422.5
1433830 422.5
1433840 422.5
1433850 422.5
1433860 422.5
1433870 422.5
1433880 422.4
1433890 422.4
1433900 422.4
1433910 422.4
1433920 422.4
1433930 422.3
1433940 422.2
1433950 422.2
1433960 422.2
1433970 422.2
1433980 422.2
1433990 422.1
1434000 422.1
1434010 422.1
1434020 422.0
1434030 422.0
1434040 422.0
1434050 422.1
1434060 422.1
1434070 422.1
1434080 422.1
1434090 422.1
1434100 422.1
1434110 422.0
1434120 422.1
1434130 422.1
1434140 422.1
1434150 422.2
1434160 422.2
1434170 422.3
1434180 422.4
1434190 422.4
1434200 422.4
1434210 422.2
1434220 422.2
1434230 422.2
1434240 422.2
1434250 422.2
1434260 422.2
1434270 422.1
1434280 422.1
1434290 422.1
1434300 422.2
1434310 422.2
1434320 422.3
1434330 422.4
1434340 422.4
1434350 422.5
1434360 422.6
1434370 422.6
1434380 422.7
1434390 422.7
1434400 422.7
1434410 422.8
1434420 422.8
1434430 422.8
1434440 422.7
1434450 422.6
1434460 422.6
1434470 422.6
1434480 422.7
1434490 422.7
1434500 422.8
1434510 422.8
1434520 422.8
1434530 422.9
1434540 422.9
1434550 422.9
1434560 422.9
1434570 422.9
1434580 422.9
1434590 422.8
1434600 422.8
1434610 422.8
1434620 422.8
1434630 422.7
1434640 422.7
1434650 422.5
1434660 422.3
1434670 422.3
1434680 422.0
1434690 421.9
1434700 421.9
1434710 421.8
1434720 421.9
1434730 421.9
1434740 421.9
1434750 421.8
1434760 421.8
1434770 421.8
1434780 421.8
1434790 421.8
1434800 421.9
1434810 421.8
1434820 421.8
1434830 421.8
1434840 421.9
1434850 421.9
1434860 421.8
1434870 421.5
1434880 421.5
1434890 421.4
1434900 421.3
1434910 421.3
1434920 421.4
1434930 421.5
1434940 421.5
1434950 421.4
1434960 421.3
1434970 421.3
1434980 421.1
1434990 421.2
1435000 421.2
1435010 421.6
1435020 421.7
1435030 421.7
1435040 421.5
1435050 421.5
1435060 421.5
1435070 421.5
1435080 421.4
1435090 421.3
1435100 421.3
1435110 421.3
1435120 421.3
1435130 421.3
1435140 421.4
1435150 421.5
1435160 421.5
1435170 421.5
1435180 421.5
1435190 421.5
1435200 421.4
1435210 421.4
1435220 421.4
1435230 421.4
1435240 421.1
1435250 421.1
1435260 420.8
1435270 420.8
1435280 420.8
1435290 420.8
1435300 420.7
1435310 420.7
1435320 420.7
1435330 420.8
1435340 420.8
1435350 420.9
1435360 420.9
1435370 420.9
1435380 420.9
1435390 420.8
1435400 420.8
1435410 420.7
1435420 420.8
1435430 420.8
1435440 420.7
1435450 420.6
1435460 420.6
1435470 420.6
1435480 420.7
1435490 420.7
1435500 420.8
1435510 420.7
1435520 420.7
1435530 420.5
1435540 420.5
1435550 420.5
1435560 420.4
1435570 420.6
1435580 420.6
1435590 420.6
1435600 420.4
1435610 420.4
1435620 420.4
1435630 420.3
1435640 420.3
1435650 420.4
1435660 420.6
1435670 420.6
1435680 420.7
1435690 420.7
1435700 420.7
1435710 420.7
1435720 420.5
1435730 420.5
1435740 420.4
1435750 420.5
1435760 420.5
1435770 420.5
1435780 420.5
1435790 420.5
1435800 420.5
1435810 420.5
1435820 420.5
1435830 420.5
1435840 420.4
1435850 420.4
1435860 420.0
1435870 419.8
1435880 419.8
1435890 419.8
1435900 419.7
1435910 419.7
1435920 419.6
1435930 419.6
1435940 419.6
1435950 419.4
1435960 419.2
1435970 419.2
1435980 419.3
1435990 419.4
1436000 419.4
1436010 419.3
1436020 419.2
1436030 419.2
1436040 419.1
1436050 419.0
1436060 419.0
1436070 418.8
1436080 418.7
1436090 418.7
1436100 418.8
1436110 418.6
1436120 418.6
1436130 418.3
1436140 418.3
1436150 418.3
1436160 418.4
1436170 418.4
1436180 418.4
1436190 418.4
1436200 418.3
1436210 418.3
1436220 418.2
1436230 418.1
1436240 418.1
1436250 417.9
1436260 417.7
1436270 417.7
1436280 417.6
1436290 417.5
1436300 417.5
1436310 417.6
1436320 417.7
1436330 417.7
1436340 417.7
1436350 417.9
1436360 417.9
1436370 417.8
1436380 417.5
1436390 417.5
1436400 417.3
1436410 417.4
1436420 417.4
1436430 417.4
1436440 417.3
1436450 417.3
1436460 417.3
1436470 417.3
1436480 417.3
1436490 417.3
1436500 417.0
1436510 417.0
1436520 416.7
1436530 417.1
1436540 417.1
1436550 417.1
1436560 416.9
1436570 416.9
1436580 417.0
1436590 417.7
1436600 417.7
1436610 417.8
1436620 417.7
1436630 417.7
1436640 417.5
1436650 417.5
1436660 417.5
1436670 417.7
1436680 417.7
1436690 417.7
1436700 417.7
1436710 417.7
1436720 417.7
1436730 417.7
1436740 417.6
1436750 417.6
1436760 417.6
1436770 417.5
1436780 417.5
1436790 417.4
1436800 417.3
1436810 417.3
1436820 417.6
1436830 418.2
1436840 418.2
1436850 418.9
1436860 419.6
1436870 419.6
1436880 420.5
1436890 421.2
1436900 421.2
1436910 421.2
1436920 421.1
1436930 421.1
1436940 421.2
1436950 421.3
1436960 421.3
1436970 421.3
1436980 421.4
1436990 421.4
1437000 421.5
1437010 421.4
1437020 421.4
1437030 421.3
1437040 421.3
1437050 421.3
1437060 421.3
1437070 421.2
1437080 421.2
1437090 421.2
1437100 421.2
1437110 421.2
1437120 421.0
1437130 420.8
1437140 420.8
1437150 420.7
1437160 420.6
1437170 420.6
1437180 420.5
1437190 420.5
1437200 420.5
1437210 420.5
1437220 420.7
1437230 420.7
1437240 420.7
1437250 420.7
1437260 420.7
1437270 420.7
1437280 420.6
1437290 420.6
1437300 420.6
1437310 420.7
1437320 420.7
1437330 420.7
1437340 420.7
1437350 420.7
1437360 420.7
1437370 420.7
1437380 420.7
1437390 420.7
1437400 420.7
1437410 420.6
1437420 420.6
1437430 420.6
1437440 420.6
1437450 420.6
1437460 420.6
1437470 420.6
1437480 420.6
1437490 420.6
1437500 420.7
1437510 420.7
1437520 420.7
1437530 420.6
1437540 420.6
1437550 420.6
1437560 420.6
1437570 420.6
1437580 420.7
1437590 420.6
1437600 420.6
1437610 420.5
1437620 420.5
1437630 420.5
1437640 420.5
1437650 420.4
1437660 420.4
1437670 420.4
1437680 420.3
1437690 420.3
1437700 420.2
1437710 420.1
1437720 420.1
1437730 420.0
1437740 420.0
1437750 420.0
1437760 419.8
1437770 419.8
1437780 419.8
1437790 419.8
1437800 419.8
1437810 419.8
1437820 419.8
1437830 419.7
1437840 419.7
1437850 419.7
1437860 419.6
1437870 419.6
1437880 419.6
1437890 419.5
1437900 419.5
1437910 419.5
1437920 419.4
1437930 419.4
1437940 419.4
1437950 419.3
1437960 419.3
1437970 419.2
1437980 419.1
1437990 419.1
1438000 418.9
1438010 418.8
1438020 418.8
1438030 418.7
1438040 418.5
1438050 418.5
1438060 418.4
1438070 418.3
1438080 418.3
1438090 418.2
1438100 418.2
1438110 418.2
1438120 418.1
1438130 418.0
1438140 418.0
1438150 417.9
1438160 417.9
1438170 417.9
1438180 417.9
1438190 417.9
1438200 417.9
1438210 417.9
1438220 417.9
1438230 417.9
1438240 417.9
1438250 417.6
1438260 417.6
1438270 417.5
1438280 417.4
1438290 417.4
1438300 417.5
1438310 417.5
1438320 417.5
1438330 417.5
1438340 417.6
1438350 417.6
1438360 417.7
1438370 417.8
1438380 417.8
1438390 417.6
1438400 417.5
1438410 417.5
1438420 417.4
1438430 417.5
1438440 417.5
1438450 417.4
1438460 417.4
1438470 417.4
1438480 417.3
1438490 417.2
1438500 417.2
1438510 417.1
1438520 417.0
1438530 417.0
1438540 416.9
1438550 416.8
1438560 416.8
1438570 416.9
1438580 416.8
1438590 416.8
1438600 416.8
1438610 416.7
1438620 416.7
1438630 416.5
1438640 416.4
1438650 416.4
1438660 416.4
1438670 416.3
1438680 416.3
1438690 416.2
1438700 416.1
1438710 416.1
1438720 416.0
1438730 415.9
1438740 415.9
1438750 415.8
1438760 415.7
1438770 415.7
1438780 415.6
1438790 415.5
1438800 415.5
1438810 415.5
1438820 415.4
1438830 415.4
1438840 415.4
1438850 415.5
1438860 415.5
1438870 415.6
1438880 415.6
1438890 415.6
1438900 415.6
1438910 415.6
1438920 415.6
1438930 415.7
1438940 415.9
1438950 415.9
1438960 415.7
1438970 415.6
1438980 415.6
1438990 415.5
1439000 415.5
1439010 415.5
1439020 415.5
1439030 415.5
1439040 415.5
1439050 415.4
1439060 415.4
1439070 415.4
1439080 415.4
1439090 416.0
1439100 416.0
1439110 417.4
1439120 418.6
1439130 418.6
1439140 422.0
1439150 427.4
1439160 427.4
1439170 429.9
1439180 428.7
1439190 428.7
1439200 427.8
1439210 427.2
1439220 427.2
1439230 425.5
1439240 422.6
1439250 422.6
1439260 419.9
1439270 418.2
1439280 418.2
1439290 417.2
1439300 416.9
1439310 416.9
1439320 416.9
1439330 417.1
1439340 417.1
1439350 417.4
1439360 417.8
1439370 418.3
1439380 418.3
1439390 418.9
1439400 419.6
1439410 419.6
1439420 420.8
1439430 423.1
1439440 423.1
1439450 425.7
1439460 428.6
1439470 428.6
1439480 431.5
1439490 434.6
1439500 434.6
1439510 437.7
1439520 440.9
1439530 440.9
1439540 444.1
1439550 445.7
1439560 445.7
1439570 446.2
1439580 446.5
1439590 446.5
1439600 446.8
1439610 446.9
1439620 446.9
1439630 447.1
1439640 447.7
1439650 447.7
1439660 448.3
1439670 448.3
1439680 448.3
1439690 447.9
1439700 447.6
1439710 447.6
1439720 447.6
1439730 447.7
1439740 447.7
1439750 447.9
1439760 448.3
1439770 448.3
1439780 448.5
1439790 448.7
1439800 448.7
1439810 448.9
1439820 449.2
1439830 449.2
1439840 449.4
1439850 449.6
1439860 449.6
1439870 449.8
1439880 450.0
1439890 450.0
1439900 450.1
1439910 450.2
1439920 450.2
1439930 450.3
1439940 450.4
1439950 450.4
1439960 450.6
1439970 450.7
1439980 450.7
1439990 450.6
