1423930 444.0
1423940 443.9
1423950 443.9
1423960 443.9
1423970 443.8
1423980 443.8
1423990 443.7
1424000 443.8
1424010 443.8
1424020 443.9
1424030 444.1
1424040 444.1
1424050 444.3
1424060 444.5
1424070 444.5
1424080 444.4
1424090 444.2
1424100 444.2
1424110 443.8
1424120 443.5
1424130 443.5
1424140 443.3
1424150 443.3
1424160 443.3
1424170 443.5
1424180 443.7
1424190 443.7
1424200 443.7
1424210 443.6
1424220 443.6
1424230 443.5
1424240 443.4
1424250 443.4
1424260 443.4
1424270 443.2
1424280 443.2
1424290 443.1
1424300 443.0
1424310 443.0
1424320 442.9
1424330 442.7
1424340 442.7
1424350 442.6
1424360 442.3
1424370 442.3
1424380 442.1
1424390 442.0
1424400 442.0
1424410 441.8
1424420 441.6
1424430 441.6
1424440 441.3
1424450 441.1
1424460 441.1
1424470 440.8
1424480 440.5
1424490 440.5
1424500 440.3
1424510 440.0
1424520 440.0
1424530 439.9
1424540 439.8
1424550 439.8
1424560 439.8
1424570 439.7
1424580 439.7
1424590 439.6
1424600 439.5
1424610 439.3
1424620 439.3
1424630 439.0
1424640 438.5
1424650 438.5
1424660 438.4
1424670 438.3
1424680 438.3
1424690 438.1
1424700 438.1
1424710 438.1
1424720 438.6
1424730 439.0
1424740 439.0
1424750 438.9
1424760 438.8
1424770 438.8
1424780 438.6
1424790 438.3
1424800 438.3
1424810 438.1
1424820 437.8
1424830 437.8
1424840 437.6
1424850 437.5
1424860 437.5
1424870 437.5
1424880 437.4
1424890 437.4
1424900 437.3
1424910 437.3
1424920 437.3
1424930 437.3
1424940 437.4
1424950 437.4
1424960 437.7
1424970 437.7
1424980 437.7
1424990 437.8
1425000 437.8
1425010 437.8
1425020 437.9
1425030 437.7
1425040 437.7
1425050 437.6
1425060 437.6
1425070 437.6
1425080 437.7
1425090 437.7
1425100 437.7
1425110 437.8
1425120 437.8
1425130 437.8
1425140 437.8
1425150 437.8
1425160 437.8
1425170 437.8
1425180 437.9
1425190 437.9
1425200 437.9
1425210 437.8
1425220 437.8
1425230 437.8
1425240 437.8
1425250 437.8
1425260 437.6
1425270 437.5
1425280 437.5
1425290 437.3
1425300 437.1
1425310 437.1
1425320 437.0
1425330 436.8
1425340 436.8
1425350 436.7
1425360 436.6
1425370 436.6
1425380 436.5
1425390 436.4
1425400 436.4
1425410 436.4
1425420 436.3
1425430 436.3
1425440 436.3
1425450 436.2
1425460 436.2
1425470 436.2
1425480 436.1
1425490 436.1
1425500 436.1
1425510 436.0
1425520 436.0
1425530 436.0
1425540 436.0
1425550 436.0
1425560 435.9
1425570 435.9
1425580 435.9
1425590 435.9
1425600 436.0
1425610 436.0
1425620 436.0
1425630 435.8
1425640 435.8
1425650 435.6
1425660 435.5
1425670 435.5
1425680 435.4
1425690 435.2
1425700 435.2
1425710 434.9
1425720 432.7
1425730 432.7
1425740 423.7
1425750 419.3
1425760 419.3
1425770 414.6
1425780 408.9
1425790 408.9
1425800 404.3
1425810 400.3
1425820 400.3
1425830 397.9
1425840 396.6
1425850 396.6
1425860 395.6
1425870 394.9
1425880 394.9
1425890 394.4
1425900 393.1
1425910 393.1
1425920 392.1
1425930 391.7
1425940 391.7
1425950 391.5
1425960 391.0
1425970 391.0
1425980 391.0
1425990 391.1
1426000 391.1
1426010 391.2
1426020 391.1
1426030 391.1
1426040 391.1
1426050 391.1
1426060 391.1
1426070 391.2
1426080 391.2
1426090 391.2
1426100 391.1
1426110 391.0
1426120 391.0
1426130 390.8
1426140 390.7
1426150 390.7
1426160 390.7
1426170 390.8
1426180 390.8
1426190 390.8
1426200 390.8
1426210 390.8
1426220 390.7
1426230 390.8
1426240 390.8
1426250 390.8
1426260 390.8
1426270 390.8
1426280 390.6
1426290 390.2
1426300 390.2
1426310 390.1
1426320 390.0
1426330 390.0
1426340 389.9
1426350 389.9
1426360 389.9
1426370 390.0
1426380 390.0
1426390 390.0
1426400 390.0
1426410 389.9
1426420 389.9
1426430 388.3
1426440 388.5
1426450 388.5
1426460 389.2
1426470 389.3
1426480 389.3
1426490 389.4
1426500 389.6
1426510 389.6
1426520 389.7
1426530 389.5
1426540 389.5
1426550 389.4
1426560 389.1
1426570 389.1
1426580 389.4
1426590 389.4
1426600 389.4
1426610 389.4
1426620 389.4
1426630 389.4
1426640 389.4
1426650 389.4
1426660 389.4
1426670 389.4
1426680 389.3
1426690 389.3
1426700 389.2
1426710 389.0
1426720 389.0
1426730 389.0
1426740 388.7
1426750 388.7
1426760 388.5
1426770 388.4
1426780 388.3
1426790 388.3
1426800 388.3
1426810 388.3
1426820 388.3
1426830 387.9
1426840 388.3
1426850 388.3
1426860 388.4
1426870 388.3
1426880 388.3
1426890 384.6
1426900 379.4
1426910 379.4
1426920 376.5
1426930 375.6
1426940 375.6
1426950 374.8
1426960 374.3
1426970 374.3
1426980 373.6
1426990 373.4
1427000 373.4
1427010 373.6
1427020 373.8
1427030 373.8
1427040 374.0
1427050 374.1
1427060 374.1
1427070 374.3
1427080 374.5
1427090 374.5
1427100 374.8
1427110 374.8
1427120 374.8
1427130 374.3
1427140 373.8
1427150 373.8
1427160 373.5
1427170 373.2
1427180 373.2
1427190 373.1
1427200 372.9
1427210 372.9
1427220 372.7
1427230 372.5
1427240 372.5
1427250 372.1
1427260 371.6
1427270 371.6
1427280 371.4
1427290 371.2
1427300 371.2
1427310 371.0
1427320 371.0
1427330 371.0
1427340 370.7
1427350 370.0
1427360 370.0
1427370 369.7
1427380 369.0
1427390 369.0
1427400 368.6
1427410 368.4
1427420 368.4
1427430 368.4
1427440 368.4
1427450 368.4
1427460 367.9
1427470 367.1
1427480 367.1
1427490 366.1
1427500 365.8
1427510 365.8
1427520 365.7
1427530 365.4
1427540 365.4
1427550 365.3
1427560 365.3
1427570 365.3
1427580 365.2
1427590 364.7
1427600 364.7
1427610 364.5
1427620 364.3
1427630 364.3
1427640 364.1
1427650 363.4
1427660 363.4
1427670 363.0
1427680 362.8
1427690 362.8
1427700 362.6
1427710 362.5
1427720 362.5
1427730 362.4
1427740 362.1
1427750 362.1
1427760 362.3
1427770 362.1
1427780 362.1
1427790 361.8
1427800 361.8
1427810 361.8
1427820 362.1
1427830 362.5
1427840 362.5
1427850 362.4
1427860 362.0
1427870 362.0
1427880 361.7
1427890 361.5
1427900 361.5
1427910 361.4
1427920 361.0
1427930 361.0
1427940 360.6
1427950 360.3
1427960 360.3
1427970 360.1
1427980 360.7
1427990 360.7
1428000 360.7
1428010 360.3
1428020 360.3
1428030 358.9
1428040 356.9
1428050 356.9
1428060 356.0
1428070 355.5
1428080 355.5
1428090 355.3
1428100 355.3
1428110 355.3
1428120 355.3
1428130 355.3
1428140 355.3
1428150 355.3
1428160 355.3
1428170 355.3
1428180 355.3
1428190 355.3
1428200 355.3
1428210 355.3
1428220 355.5
1428230 355.5
1428240 357.2
1428250 359.6
1428260 359.6
1428270 362.3
1428280 364.3
1428290 364.3
1428300 366.7
1428310 369.4
1428320 369.4
1428330 373.2
1428340 378.3
1428350 378.3
1428360 381.9
1428370 383.9
1428380 383.9
1428390 385.2
1428400 385.8
1428410 385.8
1428420 389.2
1428430 392.6
1428440 392.6
1428450 395.6
1428460 398.6
1428470 398.6
1428480 403.6
1428490 411.0
1428500 411.0
1428510 418.2
1428520 420.8
1428530 420.8
1428540 421.4
1428550 421.8
1428560 421.8
1428570 422.1
1428580 422.6
1428590 422.6
1428600 423.0
1428610 423.5
1428620 423.5
1428630 424.1
1428640 424.6
1428650 424.6
1428660 425.3
1428670 425.7
1428680 425.7
1428690 426.4
1428700 427.0
1428710 427.0
1428720 427.1
1428730 425.8
1428740 425.8
1428750 417.8
1428760 410.5
1428770 410.5
1428780 410.0
1428790 416.4
1428800 416.4
1428810 424.5
1428820 431.7
1428830 431.7
1428840 435.8
1428850 438.1
1428860 438.1
1428870 438.7
1428880 439.2
1428890 439.2
1428900 439.7
1428910 440.1
1428920 440.1
1428930 440.6
1428940 441.0
1428950 441.0
1428960 441.3
1428970 441.6
1428980 441.9
1428990 441.9
1429000 442.1
1429010 442.3
1429020 442.3
1429030 442.4
1429040 442.6
1429050 442.6
1429060 442.7
1429070 442.9
1429080 442.9
1429090 443.1
1429100 443.2
1429110 443.2
1429120 443.4
1429130 443.6
1429140 443.6
1429150 443.7
1429160 443.8
1429170 443.8
1429180 444.0
1429190 444.2
1429200 444.2
1429210 444.4
1429220 444.5
1429230 444.5
1429240 444.7
1429250 444.8
1429260 444.8
1429270 444.9
1429280 444.9
1429290 444.9
1429300 443.9
1429310 444.4
1429320 444.4
1429330 444.8
1429340 444.9
1429350 444.9
1429360 444.4
1429370 443.9
1429380 443.9
1429390 443.3
1429400 441.7
1429410 441.7
1429420 442.2
1429430 442.3
1429440 442.3
1429450 442.4
1429460 442.8
1429470 442.8
1429480 443.2
1429490 443.4
1429500 443.4
1429510 443.6
1429520 443.7
1429530 443.7
1429540 443.7
1429550 443.7
1429560 443.7
1429570 443.7
1429580 443.7
1429590 443.7
1429600 443.6
1429610 443.5
1429620 443.5
1429630 443.3
1429640 443.1
1429650 443.1
1429660 442.7
1429670 442.3
1429680 442.3
1429690 441.6
1429700 439.7
1429710 439.7
1429720 437.0
1429730 439.6
1429740 439.6
1429750 440.9
1429760 441.7
1429770 441.7
1429780 442.3
1429790 442.8
1429800 442.8
1429810 443.2
1429820 443.5
1429830 443.5
1429840 443.7
1429850 444.0
1429860 444.0
1429870 444.3
1429880 444.4
1429890 444.4
1429900 444.5
1429910 444.5
1429920 444.5
1429930 444.6
1429940 444.6
1429950 444.6
1429960 444.5
1429970 444.6
1429980 444.6
1429990 444.6
1430000 444.6
1430010 444.6
1430020 444.5
1430030 444.5
1430040 444.5
1430050 444.5
1430060 444.5
1430070 444.5
1430080 444.5
1430090 444.5
1430100 444.5
1430110 444.6
1430120 444.7
1430130 444.7
1430140 444.8
1430150 444.9
1430160 444.9
1430170 445.0
1430180 445.2
1430190 445.2
1430200 445.3
1430210 445.1
1430220 445.1
1430230 445.3
1430240 445.5
1430250 445.5
1430260 445.5
1430270 445.4
1430280 445.4
1430290 445.3
1430300 445.1
1430310 445.1
1430320 445.6
1430330 445.3
1430340 445.3
1430350 445.0
1430360 444.8
1430370 444.8
1430380 444.8
1430390 444.9
1430400 444.9
1430410 445.1
1430420 445.3
1430430 445.3
1430440 445.4
1430450 445.8
1430460 445.8
1430470 447.2
1430480 447.9
1430490 447.9
1430500 448.0
1430510 448.2
1430520 448.2
1430530 448.3
1430540 448.4
1430550 448.4
1430560 448.5
1430570 448.2
1430580 448.2
1430590 448.1
1430600 447.8
1430610 447.8
1430620 447.5
1430630 447.6
1430640 447.6
1430650 448.2
1430660 448.5
1430670 448.5
1430680 448.7
1430690 449.1
1430700 449.1
1430710 449.2
1430720 449.2
1430730 449.2
1430740 449.2
1430750 449.3
1430760 449.3
1430770 449.3
1430780 449.2
1430790 449.2
1430800 449.2
1430810 449.2
1430820 449.2
1430830 449.1
1430840 449.1
1430850 449.1
1430860 449.1
1430870 449.1
1430880 449.1
1430890 449.0
1430900 449.0
1430910 449.0
1430920 449.0
1430930 448.9
1430940 448.9
1430950 448.7
1430960 448.2
1430970 448.2
1430980 448.1
1430990 448.0
1431000 448.0
1431010 448.0
1431020 448.0
1431030 448.0
1431040 448.1
1431050 448.1
1431060 448.1
1431070 448.2
1431080 448.1
1431090 448.1
1431100 447.8
1431110 447.7
1431120 447.7
1431130 447.7
1431140 447.4
1431150 447.2
1431160 447.2
1431170 447.0
1431180 446.8
1431190 446.8
1431200 446.6
1431210 446.3
1431220 446.3
1431230 446.1
1431240 445.8
1431250 445.8
1431260 445.5
1431270 445.1
1431280 445.1
1431290 444.7
1431300 444.3
1431310 444.3
1431320 443.9
1431330 443.6
1431340 443.6
1431350 443.8
1431360 444.3
1431370 444.3
1431380 444.9
1431390 445.6
1431400 445.6
1431410 446.3
1431420 447.0
1431430 447.0
1431440 447.7
1431450 448.3
1431460 448.3
1431470 448.8
1431480 449.1
1431490 449.1
1431500 449.5
1431510 449.9
1431520 449.9
1431530 450.3
1431540 450.6
1431550 450.6
1431560 450.8
1431570 451.0
1431580 451.0
1431590 451.1
1431600 451.3
1431610 451.3
1431620 451.4
1431630 451.6
1431640 451.6
1431650 451.7
1431660 451.6
1431670 451.6
1431680 451.3
1431690 451.1
1431700 451.1
1431710 451.0
1431720 451.0
1431730 451.0
1431740 451.1
1431750 451.3
1431760 451.3
1431770 451.4
1431780 451.4
1431790 451.4
1431800 451.2
1431810 450.9
1431820 450.9
1431830 450.6
1431840 450.4
1431850 450.4
1431860 450.5
1431870 450.5
1431880 450.5
1431890 450.6
1431900 450.8
1431910 450.8
1431920 450.8
1431930 450.9
1431940 450.9
1431950 451.1
1431960 451.2
1431970 451.2
1431980 451.4
1431990 451.6
1432000 451.6
1432010 451.8
1432020 451.9
1432030 451.9
1432040 452.0
1432050 452.1
1432060 452.1
1432070 452.2
1432080 452.2
1432090 452.2
1432100 452.2
1432110 452.3
1432120 452.3
1432130 452.3
1432140 452.5
1432150 452.5
1432160 452.5
1432170 452.3
1432180 452.3
1432190 452.2
1432200 452.2
1432210 452.2
1432220 452.1
1432230 452.1
1432240 452.1
1432250 452.0
1432260 451.9
1432270 451.9
1432280 451.8
1432290 451.7
1432300 451.7
1432310 451.6
1432320 451.6
1432330 451.6
1432340 451.6
1432350 451.7
1432360 451.7
1432370 451.6
1432380 451.5
1432390 451.5
1432400 451.5
1432410 451.4
1432420 451.4
1432430 451.4
1432440 451.4
1432450 451.4
1432460 451.3
1432470 451.3
1432480 451.3
1432490 451.3
1432500 451.3
1432510 451.3
1432520 451.2
1432530 451.2
1432540 451.2
1432550 451.2
1432560 451.1
1432570 451.1
1432580 450.7
1432590 450.4
1432600 450.4
1432610 450.2
1432620 449.9
1432630 449.9
1432640 449.7
1432650 449.5
1432660 449.5
1432670 449.3
1432680 449.2
1432690 449.2
1432700 449.2
1432710 449.0
1432720 449.0
1432730 448.5
1432740 448.0
1432750 448.0
1432760 447.8
1432770 447.2
1432780 447.2
1432790 446.6
1432800 446.0
1432810 446.0
1432820 445.5
1432830 445.2
1432840 445.2
1432850 444.8
1432860 444.6
1432870 444.6
1432880 444.5
1432890 444.5
1432900 444.5
1432910 444.5
1432920 444.9
1432930 444.9
1432940 445.5
1432950 446.0
1432960 446.0
1432970 446.3
1432980 446.6
1432990 446.6
1433000 446.8
1433010 447.0
1433020 447.0
1433030 447.1
1433040 447.2
1433050 447.2
1433060 447.0
1433070 446.7
1433080 446.7
1433090 446.5
1433100 446.2
1433110 446.2
1433120 445.9
1433130 445.4
1433140 445.4
1433150 444.7
1433160 443.1
1433170 443.1
1433180 441.2
1433190 439.7
1433200 439.7
1433210 437.5
1433220 434.2
1433230 434.2
1433240 429.6
1433250 425.9
1433260 425.9
1433270 423.1
1433280 421.0
1433290 421.0
1433300 420.1
1433310 419.5
1433320 419.5
1433330 419.2
1433340 418.9
1433350 418.9
1433360 418.9
1433370 418.9
1433380 418.8
1433390 418.8
1433400 418.8
1433410 418.9
1433420 418.9
1433430 418.9
1433440 418.9
1433450 418.9
1433460 418.9
1433470 418.9
1433480 418.9
1433490 418.9
1433500 419.0
1433510 419.0
1433520 419.3
1433530 419.3
1433540 419.3
1433550 419.2
1433560 419.1
1433570 419.1
1433580 419.1
1433590 419.1
1433600 419.1
1433610 419.0
1433620 418.9
1433630 418.9
1433640 419.3
1433650 419.4
1433660 419.4
1433670 419.4
1433680 419.3
1433690 419.3
1433700 419.2
1433710 419.2
1433720 419.2
1433730 419.3
1433740 419.4
1433750 419.4
1433760 419.4
1433770 419.4
1433780 419.4
1433790 419.4
1433800 419.5
1433810 419.5
1433820 419.5
1433830 419.5
1433840 419.5
1433850 419.6
1433860 419.7
1433870 419.7
1433880 419.7
1433890 419.7
1433900 419.7
1433910 419.6
1433920 419.6
1433930 419.6
1433940 419.5
1433950 419.5
1433960 419.5
1433970 419.5
1433980 419.6
1433990 419.6
1434000 419.7
1434010 419.8
1434020 419.8
1434030 419.8
1434040 419.8
1434050 419.8
1434060 419.7
1434070 419.6
1434080 419.6
1434090 419.6
1434100 419.5
1434110 419.5
1434120 419.5
1434130 419.6
1434140 419.6
1434150 419.7
1434160 419.7
1434170 419.7
1434180 419.7
1434190 419.8
1434200 419.8
1434210 419.7
1434220 419.6
1434230 419.6
1434240 419.7
1434250 419.5
1434260 419.5
1434270 419.6
1434280 419.5
1434290 419.5
1434300 419.5
1434310 419.5
1434320 419.5
1434330 419.6
1434340 419.7
1434350 419.7
1434360 419.6
1434370 419.6
1434380 419.6
1434390 419.6
1434400 419.7
1434410 419.7
1434420 419.8
1434430 419.8
1434440 419.8
1434450 419.7
1434460 419.7
1434470 419.7
1434480 419.8
1434490 419.9
1434500 419.9
1434510 419.9
1434520 419.9
1434530 419.9
1434540 419.9
1434550 419.9
1434560 419.9
1434570 419.9
1434580 419.9
1434590 419.9
1434600 420.0
1434610 419.9
1434620 419.9
1434630 419.9
1434640 419.8
1434650 419.8
1434660 419.8
1434670 419.9
1434680 419.9
1434690 419.9
1434700 419.9
1434710 419.9
1434720 419.9
1434730 419.8
1434740 419.8
1434750 419.7
1434760 419.7
1434770 419.7
1434780 419.5
1434790 419.3
1434800 419.3
1434810 419.0
1434820 419.0
1434830 419.0
1434840 419.1
1434850 419.1
1434860 419.1
1434870 419.2
1434880 419.1
1434890 419.1
1434900 419.0
1434910 419.0
1434920 419.0
1434930 419.1
1434940 418.9
1434950 418.9
1434960 419.0
1434970 419.0
1434980 419.0
1434990 419.1
1435000 419.1
1435010 419.1
1435020 419.1
1435030 419.0
1435040 419.0
1435050 419.1
1435060 419.1
1435070 419.1
1435080 419.1
1435090 419.0
1435100 419.0
1435110 419.1
1435120 419.1
1435130 419.1
1435140 419.0
1435150 418.8
1435160 418.8
1435170 418.6
1435180 418.6
1435190 418.6
1435200 418.6
1435210 418.6
1435220 418.6
1435230 418.6
1435240 418.5
1435250 418.5
1435260 418.2
1435270 418.2
1435280 418.2
1435290 418.3
1435300 418.3
1435310 418.3
1435320 418.3
1435330 418.3
1435340 418.3
1435350 418.2
1435360 418.3
1435370 418.3
1435380 418.3
1435390 418.5
1435400 418.5
1435410 418.6
1435420 418.6
1435430 418.6
1435440 418.6
1435450 418.4
1435460 418.4
1435470 418.4
1435480 418.5
1435490 418.5
1435500 418.5
1435510 418.4
1435520 418.4
1435530 418.5
1435540 418.5
1435550 418.5
1435560 418.4
1435570 418.2
1435580 418.3
1435590 418.3
1435600 418.3
1435610 418.3
1435620 418.3
1435630 418.3
1435640 418.3
1435650 418.3
1435660 418.4
1435670 418.4
1435680 418.4
1435690 418.2
1435700 418.3
1435710 418.3
1435720 418.2
1435730 418.3
1435740 418.3
1435750 418.3
1435760 418.4
1435770 418.4
1435780 418.1
1435790 417.9
1435800 417.9
1435810 418.0
1435820 417.9
1435830 417.9
1435840 417.8
1435850 418.0
1435860 418.0
1435870 418.0
1435880 418.1
1435890 418.1
1435900 418.2
1435910 418.1
1435920 418.1
1435930 418.1
1435940 417.7
1435950 417.7
1435960 417.5
1435970 417.6
1435980 417.6
1435990 417.7
1436000 417.8
1436010 417.8
1436020 417.7
1436030 417.6
1436040 417.6
1436050 417.7
1436060 417.8
1436070 417.8
1436080 417.8
1436090 417.7
1436100 417.7
1436110 417.7
1436120 417.7
1436130 417.7
1436140 417.5
1436150 417.2
1436160 417.2
1436170 417.0
1436180 416.8
1436190 416.8
1436200 417.0
1436210 417.0
1436220 417.0
1436230 416.9
1436240 417.0
1436250 417.0
1436260 417.0
1436270 416.9
1436280 416.9
1436290 417.0
1436300 417.1
1436310 417.1
1436320 417.1
1436330 417.2
1436340 417.2
1436350 417.2
1436360 416.7
1436370 416.7
1436380 416.3
1436390 416.2
1436400 416.2
1436410 416.1
1436420 415.8
1436430 415.8
1436440 415.6
1436450 415.5
1436460 415.5
1436470 415.5
1436480 415.4
1436490 415.4
1436500 415.6
1436510 415.6
1436520 415.6
1436530 415.6
1436540 415.5
1436550 415.5
1436560 415.5
1436570 415.5
1436580 415.5
1436590 415.5
1436600 415.5
1436610 415.5
1436620 415.5
1436630 415.5
1436640 415.5
1436650 415.5
1436660 415.5
1436670 415.5
1436680 415.2
1436690 415.1
1436700 415.1
1436710 415.2
1436720 415.1
1436730 415.1
1436740 415.0
1436750 414.8
1436760 414.8
1436770 414.7
1436780 415.0
1436790 415.0
1436800 414.9
1436810 414.9
1436820 414.9
1436830 414.8
1436840 414.8
1436850 414.8
1436860 414.8
1436870 414.7
1436880 414.7
1436890 414.7
1436900 414.7
1436910 414.7
1436920 414.6
1436930 414.3
1436940 414.3
1436950 414.2
1436960 414.2
1436970 414.2
1436980 414.1
1436990 413.9
1437000 413.9
1437010 414.0
1437020 414.0
1437030 414.0
1437040 413.9
1437050 413.8
1437060 413.8
1437070 413.7
1437080 413.7
1437090 413.7
1437100 413.7
1437110 413.5
1437120 413.5
1437130 413.5
1437140 414.0
1437150 414.0
1437160 414.5
1437170 414.8
1437180 414.8
1437190 414.7
1437200 414.6
1437210 414.6
1437220 414.5
1437230 414.4
1437240 414.4
1437250 414.4
1437260 414.3
1437270 414.3
1437280 414.4
1437290 414.7
1437300 414.7
1437310 415.2
1437320 415.3
1437330 415.3
1437340 415.3
1437350 415.3
1437360 415.3
1437370 415.4
1437380 415.5
1437390 415.5
1437400 415.8
1437410 416.0
1437420 416.0
1437430 416.1
1437440 416.2
1437450 416.2
1437460 416.4
1437470 416.3
1437480 416.3
1437490 416.4
1437500 416.3
1437510 416.3
1437520 416.3
1437530 416.3
1437540 416.3
1437550 416.3
1437560 416.3
1437570 416.3
1437580 416.3
1437590 416.2
1437600 416.2
1437610 416.2
1437620 416.2
1437630 416.2
1437640 416.2
1437650 416.2
1437660 416.2
1437670 416.2
1437680 416.2
1437690 416.2
1437700 416.1
1437710 416.1
1437720 416.1
1437730 416.0
1437740 415.9
1437750 415.9
1437760 415.9
1437770 415.8
1437780 415.8
1437790 415.8
1437800 415.8
1437810 415.8
1437820 415.8
1437830 415.7
1437840 415.6
1437850 415.6
1437860 415.7
1437870 415.7
1437880 415.7
1437890 415.6
1437900 415.6
1437910 415.6
1437920 415.6
1437930 415.6
1437940 415.6
1437950 415.4
1437960 415.4
1437970 415.4
1437980 415.3
1437990 415.2
1438000 415.2
1438010 415.0
1438020 415.1
1438030 415.1
1438040 415.2
1438050 415.3
1438060 415.4
1438070 415.4
1438080 415.1
1438090 415.1
1438100 415.0
1438110 415.0
1438120 415.0
1438130 415.0
1438140 414.9
1438150 414.9
1438160 414.9
1438170 414.8
1438180 414.8
1438190 414.7
1438200 414.7
1438210 414.7
1438220 414.7
1438230 414.6
1438240 414.6
1438250 414.5
1438260 414.4
1438270 414.4
1438280 414.3
1438290 414.4
1438300 414.4
1438310 414.3
1438320 414.3
1438330 414.3
1438340 414.2
1438350 414.1
1438360 414.1
1438370 413.9
1438380 413.9
1438390 413.9
1438400 413.9
1438410 413.8
1438420 413.8
1438430 413.7
1438440 413.6
1438450 413.6
1438460 413.6
1438470 413.5
1438480 413.5
1438490 413.4
1438500 413.3
1438510 413.3
1438520 413.3
1438530 413.3
1438540 413.3
1438550 413.2
1438560 413.2
1438570 413.2
1438580 413.2
1438590 413.1
1438600 413.1
1438610 413.0
1438620 413.0
1438630 413.0
1438640 413.0
1438650 412.9
1438660 412.9
1438670 412.9
1438680 413.1
1438690 413.1
1438700 412.8
1438710 412.6
1438720 412.6
1438730 412.6
1438740 412.6
1438750 412.6
1438760 412.5
1438770 412.5
1438780 412.5
1438790 412.3
1438800 412.3
1438810 412.3
1438820 412.1
1438830 411.9
1438840 411.9
1438850 411.9
1438860 411.8
1438870 411.8
1438880 411.8
1438890 411.8
1438900 411.8
1438910 411.9
1438920 412.1
1438930 412.1
1438940 412.3
1438950 412.5
1438960 412.5
1438970 413.5
1438980 414.8
1438990 414.8
1439000 416.3
1439010 418.2
1439020 418.2
1439030 420.3
1439040 423.3
1439050 423.3
1439060 426.9
1439070 430.8
1439080 430.8
1439090 435.1
1439100 439.0
1439110 439.0
1439120 440.5
1439130 440.7
1439140 440.7
1439150 441.2
1439160 441.5
1439170 441.5
1439180 441.8
1439190 442.0
1439200 442.0
1439210 442.2
1439220 442.1
1439230 442.1
1439240 442.1
1439250 442.1
1439260 442.1
1439270 442.0
1439280 441.9
1439290 441.9
1439300 441.8
1439310 441.6
1439320 441.6
1439330 441.4
1439340 440.5
1439350 440.5
1439360 437.4
1439370 432.4
1439380 432.4
1439390 429.3
1439400 433.4
1439410 433.4
1439420 437.2
1439430 439.6
1439440 439.6
1439450 440.1
1439460 440.7
1439470 440.7
1439480 441.3
1439490 441.7
1439500 441.7
1439510 442.2
1439520 442.6
1439530 442.6
1439540 442.8
1439550 443.0
1439560 443.0
1439570 443.2
1439580 443.4
1439590 443.4
1439600 443.6
1439610 443.6
1439620 443.6
1439630 443.6
1439640 443.6
1439650 443.6
1439660 443.5
1439670 443.7
1439680 443.7
1439690 444.1
1439700 444.2
1439710 444.2
1439720 444.4
1439730 444.6
1439740 444.6
1439750 444.8
1439760 445.0
1439770 445.0
1439780 445.2
1439790 445.3
1439800 445.3
1439810 445.4
1439820 445.5
1439830 445.5
1439840 445.7
1439850 445.9
1439860 445.9
1439870 446.1
1439880 446.2
1439890 446.2
1439900 446.3
1439910 446.4
1439920 446.4
1439930 446.5
1439940 446.5
1439950 446.5
1439960 446.3
1439970 446.2
1439980 446.1
1439990 446.1
