1424390 440.9
1424400 441.0
1424410 441.0
1424420 440.9
1424430 440.8
1424440 440.8
1424450 440.7
1424460 440.5
1424470 440.5
1424480 440.3
1424490 440.2
1424500 440.2
1424510 440.1
1424520 439.9
1424530 439.9
1424540 439.6
1424550 439.3
1424560 439.3
1424570 438.9
1424580 438.4
1424590 438.4
1424600 438.1
1424610 437.8
1424620 437.8
1424630 437.6
1424640 437.4
1424650 437.4
1424660 437.2
1424670 437.0
1424680 437.0
1424690 436.7
1424700 436.4
1424710 436.4
1424720 436.2
1424730 436.2
1424740 436.2
1424750 436.1
1424760 436.1
1424770 436.1
1424780 436.1
1424790 436.0
1424800 436.0
1424810 436.0
1424820 435.9
1424830 435.9
1424840 435.8
1424850 435.8
1424860 435.8
1424870 435.7
1424880 435.7
1424890 435.7
1424900 435.7
1424910 435.7
1424920 435.7
1424930 435.7
1424940 435.7
1424950 435.7
1424960 435.8
1424970 435.9
1424980 435.9
1424990 436.0
1425000 436.1
1425010 436.1
1425020 436.2
1425030 436.3
1425040 436.3
1425050 436.3
1425060 436.4
1425070 436.4
1425080 436.5
1425090 436.6
1425100 436.6
1425110 436.5
1425120 436.6
1425130 436.6
1425140 436.5
1425150 436.5
1425160 436.5
1425170 436.6
1425180 436.6
1425190 436.6
1425200 436.8
1425210 436.7
1425220 436.7
1425230 436.7
1425240 436.6
1425250 436.6
1425260 436.4
1425270 436.2
1425280 436.2
1425290 436.1
1425300 436.2
1425310 436.2
1425320 436.2
1425330 436.3
1425340 436.3
1425350 436.3
1425360 436.3
1425370 436.3
1425380 436.3
1425390 436.3
1425400 436.3
1425410 436.2
1425420 436.2
1425430 436.2
1425440 436.1
1425450 435.9
1425460 435.9
1425470 435.9
1425480 436.0
1425490 436.0
1425500 435.9
1425510 435.9
1425520 435.9
1425530 435.9
1425540 435.9
1425550 435.9
1425560 435.9
1425570 435.8
1425580 435.8
1425590 435.8
1425600 435.7
1425610 435.7
1425620 435.6
1425630 435.4
1425640 435.4
1425650 435.3
1425660 435.1
1425670 435.1
1425680 435.2
1425690 435.2
1425700 435.2
1425710 435.1
1425720 435.2
1425730 435.2
1425740 435.2
1425750 435.2
1425760 435.2
1425770 435.2
1425780 435.2
1425790 435.2
1425800 435.1
1425810 435.0
1425820 435.0
1425830 434.7
1425840 434.9
1425850 434.9
1425860 435.0
1425870 434.9
1425880 434.9
1425890 434.9
1425900 434.7
1425910 434.7
1425920 434.6
1425930 434.5
1425940 434.4
1425950 434.4
1425960 434.4
1425970 434.4
1425980 434.4
1425990 434.3
1426000 434.3
1426010 434.3
1426020 434.3
1426030 434.3
1426040 434.3
1426050 434.4
1426060 434.3
1426070 434.3
1426080 434.3
1426090 434.1
1426100 434.1
1426110 434.1
1426120 434.1
1426130 434.1
1426140 434.0
1426150 434.0
1426160 434.0
1426170 434.0
1426180 433.8
1426190 433.8
1426200 433.6
1426210 433.3
1426220 433.3
1426230 432.5
1426240 431.3
1426250 431.3
1426260 429.7
1426270 427.8
1426280 427.8
1426290 425.8
1426300 423.6
1426310 423.6
1426320 421.0
1426330 417.4
1426340 417.4
1426350 413.6
1426360 410.1
1426370 410.1
1426380 406.6
1426390 403.3
1426400 403.3
1426410 400.7
1426420 398.8
1426430 398.8
1426440 393.6
1426450 392.4
1426460 392.4
1426470 391.1
1426480 390.2
1426490 390.2
1426500 389.3
1426510 388.9
1426520 388.9
1426530 389.0
1426540 389.5
1426550 389.5
1426560 390.1
1426570 390.4
1426580 390.4
1426590 390.5
1426600 390.5
1426610 390.5
1426620 390.2
1426630 389.7
1426640 389.7
1426650 389.1
1426660 388.7
1426670 388.7
1426680 388.3
1426690 388.2
1426700 388.2
1426710 388.2
1426720 388.2
1426730 388.2
1426740 388.2
1426750 388.4
1426760 388.4
1426770 388.4
1426780 388.2
1426790 388.2
1426800 388.2
1426810 388.1
1426820 388.1
1426830 388.1
1426840 388.1
1426850 388.1
1426860 388.0
1426870 387.8
1426880 387.8
1426890 387.5
1426900 387.3
1426910 387.3
1426920 386.8
1426930 386.0
1426940 386.0
1426950 385.0
1426960 381.8
1426970 381.8
1426980 378.7
1426990 377.5
1427000 377.5
1427010 377.3
1427020 376.5
1427030 376.5
1427040 375.9
1427050 375.4
1427060 375.4
1427070 375.2
1427080 374.8
1427090 374.8
1427100 374.9
1427110 375.0
1427120 375.0
1427130 375.0
1427140 374.2
1427150 374.2
1427160 373.6
1427170 372.6
1427180 372.6
1427190 372.3
1427200 372.1
1427210 372.1
1427220 372.0
1427230 371.8
1427240 371.8
1427250 371.7
1427260 371.1
1427270 371.1
1427280 369.5
1427290 369.2
1427300 369.2
1427310 369.2
1427320 369.3
1427330 369.3
1427340 369.2
1427350 369.2
1427360 369.2
1427370 369.1
1427380 368.6
1427390 368.6
1427400 368.5
1427410 368.5
1427420 368.5
1427430 368.4
1427440 368.3
1427450 368.3
1427460 367.8
1427470 367.7
1427480 367.7
1427490 367.2
1427500 367.6
1427510 367.6
1427520 368.0
1427530 367.9
1427540 367.9
1427550 367.8
1427560 367.5
1427570 367.5
1427580 366.5
1427590 367.0
1427600 367.0
1427610 367.4
1427620 367.7
1427630 367.7
1427640 369.2
1427650 373.2
1427660 373.2
1427670 378.6
1427680 384.6
1427690 384.6
1427700 382.9
1427710 376.9
1427720 376.9
1427730 370.8
1427740 366.2
1427750 366.2
1427760 364.9
1427770 364.8
1427780 364.8
1427790 365.1
1427800 365.1
1427810 365.1
1427820 365.2
1427830 365.2
1427840 365.2
1427850 365.3
1427860 365.2
1427870 365.2
1427880 365.4
1427890 365.3
1427900 365.3
1427910 364.8
1427920 365.1
1427930 365.1
1427940 367.8
1427950 371.8
1427960 371.8
1427970 377.1
1427980 381.7
1427990 381.7
1428000 387.2
1428010 393.2
1428020 393.2
1428030 398.7
1428040 405.0
1428050 405.0
1428060 408.1
1428070 408.3
1428080 408.3
1428090 405.9
1428100 401.8
1428110 401.8
1428120 396.6
1428130 392.2
1428140 388.3
1428150 388.3
1428160 384.9
1428170 381.3
1428180 381.3
1428190 377.6
1428200 373.6
1428210 373.6
1428220 368.0
1428230 365.2
1428240 365.2
1428250 362.9
1428260 361.3
1428270 361.3
1428280 360.9
1428290 361.0
1428300 361.0
1428310 360.6
1428320 360.7
1428330 360.7
1428340 360.4
1428350 358.5
1428360 358.5
1428370 356.0
1428380 355.1
1428390 355.1
1428400 355.0
1428410 355.0
1428420 355.0
1428430 355.0
1428440 355.0
1428450 355.0
1428460 355.0
1428470 355.0
1428480 355.0
1428490 355.0
1428500 355.0
1428510 355.0
1428520 355.0
1428530 355.0
1428540 355.0
1428550 355.0
1428560 355.2
1428570 355.2
1428580 356.9
1428590 359.9
1428600 359.9
1428610 361.7
1428620 363.5
1428630 363.5
1428640 364.8
1428650 367.7
1428660 367.7
1428670 371.8
1428680 375.7
1428690 375.7
1428700 380.1
1428710 384.0
1428720 386.8
1428730 388.1
1428740 391.1
1428750 391.1
1428760 393.9
1428770 397.9
1428780 397.9
1428790 405.8
1428800 415.7
1428810 415.7
1428820 419.4
1428830 419.7
1428840 419.7
1428850 419.6
1428860 419.6
1428870 419.6
1428880 419.6
1428890 419.7
1428900 419.7
1428910 419.8
1428920 419.9
1428930 419.9
1428940 420.1
1428950 420.2
1428960 420.2
1428970 420.4
1428980 420.5
1428990 420.5
1429000 420.6
1429010 420.7
1429020 420.7
1429030 421.2
1429040 423.3
1429050 423.3
1429060 426.6
1429070 430.1
1429080 430.1
1429090 433.7
1429100 435.3
1429110 435.3
1429120 435.8
1429130 435.6
1429140 435.6
1429150 435.0
1429160 435.9
1429170 435.9
1429180 436.4
1429190 436.7
1429200 436.7
1429210 437.0
1429220 437.1
1429230 437.1
1429240 437.2
1429250 437.2
1429260 437.2
1429270 437.2
1429280 437.3
1429290 437.3
1429300 437.5
1429310 437.8
1429320 437.8
1429330 438.1
1429340 438.2
1429350 438.2
1429360 438.2
1429370 438.1
1429380 438.1
1429390 437.9
1429400 437.7
1429410 437.7
1429420 437.4
1429430 436.9
1429440 436.9
1429450 436.3
1429460 435.0
1429470 435.0
1429480 433.0
1429490 431.4
1429500 431.4
1429510 430.9
1429520 430.6
1429530 430.6
1429540 430.7
1429550 431.9
1429560 431.9
1429570 434.3
1429580 436.6
1429590 436.6
1429600 437.7
1429610 439.1
1429620 439.1
1429630 439.8
1429640 440.3
1429650 440.3
1429660 440.8
1429670 441.3
1429680 441.3
1429690 441.8
1429700 442.1
1429710 442.1
1429720 442.4
1429730 442.6
1429740 442.6
1429750 442.8
1429760 442.9
1429770 442.9
1429780 443.1
1429790 443.2
1429800 443.2
1429810 443.3
1429820 443.4
1429830 443.4
1429840 443.5
1429850 443.5
1429860 443.5
1429870 443.6
1429880 443.6
1429890 443.6
1429900 443.7
1429910 443.8
1429920 443.8
1429930 443.8
1429940 443.9
1429950 443.9
1429960 443.5
1429970 441.8
1429980 441.8
1429990 441.3
1430000 441.4
1430010 441.4
1430020 441.5
1430030 441.9
1430040 441.9
1430050 442.2
1430060 442.4
1430070 442.4
1430080 442.8
1430090 443.8
1430100 443.8
1430110 444.5
1430120 444.7
1430130 444.7
1430140 444.8
1430150 444.8
1430160 444.8
1430170 444.9
1430180 444.9
1430190 444.9
1430200 444.9
1430210 444.9
1430220 444.9
1430230 444.9
1430240 444.9
1430250 444.9
1430260 445.0
1430270 444.9
1430280 444.9
1430290 444.9
1430300 444.9
1430310 444.9
1430320 444.9
1430330 444.9
1430340 444.9
1430350 444.9
1430360 445.0
1430370 445.1
1430380 445.1
1430390 445.2
1430400 445.3
1430410 445.3
1430420 445.4
1430430 445.5
1430440 445.5
1430450 445.6
1430460 445.7
1430470 445.7
1430480 445.8
1430490 445.9
1430500 445.9
1430510 446.0
1430520 446.1
1430530 446.1
1430540 446.1
1430550 446.1
1430560 446.1
1430570 446.2
1430580 446.2
1430590 446.2
1430600 446.3
1430610 446.3
1430620 446.3
1430630 446.2
1430640 446.1
1430650 446.1
1430660 446.0
1430670 445.8
1430680 445.8
1430690 445.7
1430700 445.7
1430710 445.7
1430720 445.8
1430730 445.8
1430740 445.8
1430750 445.9
1430760 446.0
1430770 446.0
1430780 446.2
1430790 446.3
1430800 446.3
1430810 446.4
1430820 446.3
1430830 446.3
1430840 446.3
1430850 446.3
1430860 446.3
1430870 446.3
1430880 446.3
1430890 446.3
1430900 446.2
1430910 446.2
1430920 446.2
1430930 446.1
1430940 446.0
1430950 446.0
1430960 445.9
1430970 445.8
1430980 445.8
1430990 445.5
1431000 445.2
1431010 445.2
1431020 444.9
1431030 444.6
1431040 444.6
1431050 444.3
1431060 443.9
1431070 443.9
1431080 443.5
1431090 443.2
1431100 443.2
1431110 442.6
1431120 441.9
1431130 441.9
1431140 441.1
1431150 440.3
1431160 440.3
1431170 439.6
1431180 439.5
1431190 439.5
1431200 440.1
1431210 441.9
1431220 441.9
1431230 442.9
1431240 443.4
1431250 443.4
1431260 443.9
1431270 444.3
1431280 444.3
1431290 444.7
1431300 445.1
1431310 445.1
1431320 445.5
1431330 445.9
1431340 445.9
1431350 446.3
1431360 446.8
1431370 446.8
1431380 447.3
1431390 447.7
1431400 447.7
1431410 447.9
1431420 448.0
1431430 448.0
1431440 448.1
1431450 448.3
1431460 448.3
1431470 448.4
1431480 448.6
1431490 448.6
1431500 448.7
1431510 448.8
1431520 448.8
1431530 448.9
1431540 449.0
1431550 449.0
1431560 449.1
1431570 449.1
1431580 449.1
1431590 449.1
1431600 449.2
1431610 449.2
1431620 449.2
1431630 449.2
1431640 449.2
1431650 449.3
1431660 449.5
1431670 449.5
1431680 449.8
1431690 449.7
1431700 449.7
1431710 449.4
1431720 449.3
1431730 449.3
1431740 449.2
1431750 449.1
1431760 449.1
1431770 448.9
1431780 448.8
1431790 448.8
1431800 448.6
1431810 448.4
1431820 448.4
1431830 448.2
1431840 448.1
1431850 448.1
1431860 448.0
1431870 448.0
1431880 448.0
1431890 448.1
1431900 448.3
1431910 448.3
1431920 448.4
1431930 448.6
1431940 448.6
1431950 448.8
1431960 448.9
1431970 448.9
1431980 449.0
1431990 449.2
1432000 449.2
1432010 449.3
1432020 449.3
1432030 449.3
1432040 449.3
1432050 449.3
1432060 449.3
1432070 449.3
1432080 449.3
1432090 449.3
1432100 449.3
1432110 449.3
1432120 449.3
1432130 449.3
1432140 449.3
1432150 449.3
1432160 448.9
1432170 448.7
1432180 448.7
1432190 448.4
1432200 448.3
1432210 448.3
1432220 448.1
1432230 448.1
1432240 448.1
1432250 448.0
1432260 448.0
1432270 448.0
1432280 448.0
1432290 448.0
1432300 448.0
1432310 447.9
1432320 447.8
1432330 447.8
1432340 447.8
1432350 447.9
1432360 447.9
1432370 448.0
1432380 448.1
1432390 448.1
1432400 448.4
1432410 448.6
1432420 448.6
1432430 448.5
1432440 448.4
1432450 448.4
1432460 448.4
1432470 448.4
1432480 448.4
1432490 448.2
1432500 448.3
1432510 448.3
1432520 448.5
1432530 448.6
1432540 448.6
1432550 448.7
1432560 448.7
1432570 448.7
1432580 448.7
1432590 448.6
1432600 448.6
1432610 448.6
1432620 448.6
1432630 448.6
1432640 448.6
1432650 448.6
1432660 448.5
1432670 448.5
1432680 448.4
1432690 448.1
1432700 448.1
1432710 448.0
1432720 447.8
1432730 447.8
1432740 447.6
1432750 447.1
1432760 447.1
1432770 446.2
1432780 445.2
1432790 445.2
1432800 443.9
1432810 442.2
1432820 442.2
1432830 441.1
1432840 440.9
1432850 440.9
1432860 440.9
1432870 441.0
1432880 441.0
1432890 441.4
1432900 442.6
1432910 442.6
1432920 443.8
1432930 444.7
1432940 444.7
1432950 445.5
1432960 446.3
1432970 446.3
1432980 447.1
1432990 447.7
1433000 447.7
1433010 448.4
1433020 448.8
1433030 448.8
1433040 449.2
1433050 449.1
1433060 449.1
1433070 449.0
1433080 448.8
1433090 448.8
1433100 448.2
1433110 447.6
1433120 447.6
1433130 446.9
1433140 446.2
1433150 446.2
1433160 445.4
1433170 443.6
1433180 443.6
1433190 438.4
1433200 433.4
1433210 433.4
1433220 428.7
1433230 424.5
1433240 424.5
1433250 421.3
1433260 419.5
1433270 419.5
1433280 418.5
1433290 418.0
1433300 418.0
1433310 417.6
1433320 417.5
1433330 417.5
1433340 417.4
1433350 417.3
1433360 417.3
1433370 417.4
1433380 417.4
1433390 417.4
1433400 417.5
1433410 417.6
1433420 417.6
1433430 417.6
1433440 417.6
1433450 417.6
1433460 417.5
1433470 417.5
1433480 417.5
1433490 417.5
1433500 417.6
1433510 417.6
1433520 417.6
1433530 417.6
1433540 417.6
1433550 417.6
1433560 417.7
1433570 417.7
1433580 417.8
1433590 417.8
1433600 417.8
1433610 417.7
1433620 417.6
1433630 417.6
1433640 417.5
1433650 417.6
1433660 417.6
1433670 417.7
1433680 417.7
1433690 417.7
1433700 417.8
1433710 417.8
1433720 417.8
1433730 417.9
1433740 417.9
1433750 417.9
1433760 418.1
1433770 418.1
1433780 418.1
1433790 418.2
1433800 418.2
1433810 418.2
1433820 418.6
1433830 418.6
1433840 418.6
1433850 418.3
1433860 418.2
1433870 418.2
1433880 418.2
1433890 418.3
1433900 418.3
1433910 418.4
1433920 418.4
1433930 418.4
1433940 418.6
1433950 418.6
1433960 418.6
1433970 418.7
1433980 418.7
1433990 418.7
1434000 418.6
1434010 418.6
1434020 418.6
1434030 418.6
1434040 418.6
1434050 418.6
1434060 418.6
1434070 418.6
1434080 418.6
1434090 418.6
1434100 418.5
1434110 418.5
1434120 418.5
1434130 418.5
1434140 418.5
1434150 418.4
1434160 418.5
1434170 418.5
1434180 418.6
1434190 418.4
1434200 418.4
1434210 418.4
1434220 418.5
1434230 418.5
1434240 418.4
1434250 418.5
1434260 418.5
1434270 418.3
1434280 418.3
1434290 418.3
1434300 418.3
1434310 418.3
1434320 418.3
1434330 418.3
1434340 418.4
1434350 418.4
1434360 418.5
1434370 418.5
1434380 418.5
1434390 418.4
1434400 418.4
1434410 418.4
1434420 418.3
1434430 418.3
1434440 418.3
1434450 418.3
1434460 418.2
1434470 418.2
1434480 418.2
1434490 418.3
1434500 418.3
1434510 418.5
1434520 418.5
1434530 418.5
1434540 418.4
1434550 418.5
1434560 418.5
1434570 418.6
1434580 418.6
1434590 418.6
1434600 418.6
1434610 418.4
1434620 418.4
1434630 418.3
1434640 418.4
1434650 418.4
1434660 418.5
1434670 418.5
1434680 418.5
1434690 418.5
1434700 418.5
1434710 418.5
1434720 418.4
1434730 418.5
1434740 418.5
1434750 418.4
1434760 418.5
1434770 418.5
1434780 418.4
1434790 418.4
1434800 418.4
1434810 418.4
1434820 418.3
1434830 418.4
1434840 418.4
1434850 418.3
1434860 418.1
1434870 418.1
1434880 418.0
1434890 417.9
1434900 417.9
1434910 417.9
1434920 418.1
1434930 418.1
1434940 418.0
1434950 418.0
1434960 418.0
1434970 417.9
1434980 417.9
1434990 417.9
1435000 417.8
1435010 417.7
1435020 417.7
1435030 417.8
1435040 417.9
1435050 417.9
1435060 418.0
1435070 418.0
1435080 418.0
1435090 418.0
1435100 417.9
1435110 417.9
1435120 417.7
1435130 417.8
1435140 417.8
1435150 417.9
1435160 417.9
1435170 417.9
1435180 417.9
1435190 417.8
1435200 417.8
1435210 417.8
1435220 417.8
1435230 417.8
1435240 417.8
1435250 417.8
1435260 417.8
1435270 417.7
1435280 417.5
1435290 417.5
1435300 417.4
1435310 417.3
1435320 417.3
1435330 417.2
1435340 417.1
1435350 417.1
1435360 417.2
1435370 417.1
1435380 417.1
1435390 417.0
1435400 416.8
1435410 416.8
1435420 416.7
1435430 416.9
1435440 416.9
1435450 417.1
1435460 416.9
1435470 416.9
1435480 417.0
1435490 417.1
1435500 417.1
1435510 417.1
1435520 416.9
1435530 416.9
1435540 416.8
1435550 417.1
1435560 417.1
1435570 417.0
1435580 416.9
1435590 416.9
1435600 416.9
1435610 416.6
1435620 416.6
1435630 416.8
1435640 416.9
1435650 416.9
1435660 417.0
1435670 417.0
1435680 417.0
1435690 416.9
1435700 416.8
1435710 416.8
1435720 416.8
1435730 416.8
1435740 416.8
1435750 416.9
1435760 416.7
1435770 416.7
1435780 416.8
1435790 417.1
1435800 417.1
1435810 417.2
1435820 417.0
1435830 417.0
1435840 416.9
1435850 416.9
1435860 416.9
1435870 417.0
1435880 416.9
1435890 416.9
1435900 416.8
1435910 416.8
1435920 416.8
1435930 416.7
1435940 416.7
1435950 416.7
1435960 416.9
1435970 416.9
1435980 416.9
1435990 416.9
1436000 416.8
1436010 416.8
1436020 416.7
1436030 416.7
1436040 416.7
1436050 416.7
1436060 416.6
1436070 416.6
1436080 416.5
1436090 416.4
1436100 416.4
1436110 416.5
1436120 416.6
1436130 416.6
1436140 416.5
1436150 416.5
1436160 416.5
1436170 416.3
1436180 416.1
1436190 416.1
1436200 416.2
1436210 416.5
1436220 416.5
1436230 416.4
1436240 416.4
1436250 416.4
1436260 416.3
1436270 416.2
1436280 416.2
1436290 416.1
1436300 416.0
1436310 416.0
1436320 415.9
1436330 415.7
1436340 415.7
1436350 415.5
1436360 415.6
1436370 415.6
1436380 415.5
1436390 415.3
1436400 415.3
1436410 415.2
1436420 415.5
1436430 415.5
1436440 415.7
1436450 415.8
1436460 415.8
1436470 415.7
1436480 415.7
1436490 415.7
1436500 415.7
1436510 415.6
1436520 415.6
1436530 415.5
1436540 415.3
1436550 415.3
1436560 415.2
1436570 415.0
1436580 415.0
1436590 414.9
1436600 414.8
1436610 414.8
1436620 414.7
1436630 414.6
1436640 414.6
1436650 414.6
1436660 414.6
1436670 414.6
1436680 414.6
1436690 414.7
1436700 414.7
1436710 414.7
1436720 414.5
1436730 414.5
1436740 414.3
1436750 414.2
1436760 414.2
1436770 414.3
1436780 414.3
1436790 414.3
1436800 414.2
1436810 414.1
1436820 414.1
1436830 414.2
1436840 414.2
1436850 414.2
1436860 414.0
1436870 413.9
1436880 413.9
1436890 413.7
1436900 413.7
1436910 413.7
1436920 413.8
1436930 413.9
1436940 413.9
1436950 413.9
1436960 413.9
1436970 413.9
1436980 413.9
1436990 413.8
1437000 413.8
1437010 413.6
1437020 413.5
1437030 413.5
1437040 413.2
1437050 413.0
1437060 413.0
1437070 413.1
1437080 413.2
1437090 413.1
1437100 413.1
1437110 413.0
1437120 413.2
1437130 413.2
1437140 412.9
1437150 412.6
1437160 412.6
1437170 412.7
1437180 412.8
1437190 412.8
1437200 412.8
1437210 412.6
1437220 412.6
1437230 412.6
1437240 412.5
1437250 412.5
1437260 412.4
1437270 412.5
1437280 412.5
1437290 412.5
1437300 412.5
1437310 412.5
1437320 412.5
1437330 412.3
1437340 412.3
1437350 412.3
1437360 412.4
1437370 412.4
1437380 412.9
1437390 413.1
1437400 413.1
1437410 413.1
1437420 413.1
1437430 413.1
1437440 413.0
1437450 413.0
1437460 413.0
1437470 413.0
1437480 412.9
1437490 412.9
1437500 412.8
1437510 412.8
1437520 412.8
1437530 412.7
1437540 412.7
1437550 412.7
1437560 413.1
1437570 413.4
1437580 413.4
1437590 413.3
1437600 413.4
1437610 413.4
1437620 413.5
1437630 413.8
1437640 413.8
1437650 414.0
1437660 414.1
1437670 414.1
1437680 414.2
1437690 414.2
1437700 414.2
1437710 414.1
1437720 414.1
1437730 414.1
1437740 414.1
1437750 414.1
1437760 414.1
1437770 414.1
1437780 414.0
1437790 414.0
1437800 413.9
1437810 413.9
1437820 413.9
1437830 413.9
1437840 413.9
1437850 413.9
1437860 413.8
1437870 413.7
1437880 413.7
1437890 413.7
1437900 413.7
1437910 413.7
1437920 413.7
1437930 413.6
1437940 413.6
1437950 413.5
1437960 413.4
1437970 413.4
1437980 413.4
1437990 413.4
1438000 413.4
1438010 413.4
1438020 413.3
1438030 413.3
1438040 413.3
1438050 413.2
1438060 413.2
1438070 413.2
1438080 413.0
1438090 413.0
1438100 413.0
1438110 413.1
1438120 413.1
1438130 413.2
1438140 413.2
1438150 413.2
1438160 413.0
1438170 413.0
1438180 413.0
1438190 412.9
1438200 413.0
1438210 413.0
1438220 413.0
1438230 412.9
1438240 412.9
1438250 413.0
1438260 412.8
1438270 412.8
1438280 412.7
1438290 412.6
1438300 412.6
1438310 412.6
1438320 412.5
1438330 412.5
1438340 412.4
1438350 412.3
1438360 412.3
1438370 412.3
1438380 412.3
1438390 412.3
1438400 412.2
1438410 412.1
1438420 412.1
1438430 412.1
1438440 412.0
1438450 412.0
1438460 411.9
1438470 411.8
1438480 411.8
1438490 411.8
1438500 411.7
1438510 411.7
1438520 411.7
1438530 411.6
1438540 411.6
1438550 411.5
1438560 411.4
1438570 411.4
1438580 411.5
1438590 411.4
1438600 411.4
1438610 411.5
1438620 411.5
1438630 411.5
1438640 411.3
1438650 411.4
1438660 411.4
1438670 411.4
1438680 411.5
1438690 411.5
1438700 411.5
1438710 411.5
1438720 411.5
1438730 411.3
1438740 411.1
1438750 411.1
1438760 411.1
1438770 411.0
1438780 411.0
1438790 411.0
1438800 410.9
1438810 410.9
1438820 411.0
1438830 411.2
1438840 411.2
1438850 410.9
1438860 410.8
1438870 410.8
1438880 410.9
1438890 410.9
1438900 410.9
1438910 410.7
1438920 410.6
1438930 410.6
1438940 410.6
1438950 410.6
1438960 410.6
1438970 410.7
1438980 410.9
1438990 410.9
1439000 411.3
1439010 411.9
1439020 411.9
1439030 413.9
1439040 418.3
1439050 418.3
1439060 424.0
1439070 430.0
1439080 430.0
1439090 435.5
1439100 436.6
1439110 436.6
1439120 434.0
1439130 431.1
1439140 431.1
1439150 428.3
1439160 425.2
1439170 425.2
1439180 421.1
1439190 417.5
1439200 417.5
1439210 416.3
1439220 415.0
1439230 415.0
1439240 414.5
1439250 414.4
1439260 414.4
1439270 414.7
1439280 415.4
1439290 415.4
1439300 416.3
1439310 416.6
1439320 417.1
1439330 417.1
1439340 419.5
1439350 422.4
1439360 422.4
1439370 423.0
1439380 423.6
1439390 423.6
1439400 424.7
1439410 426.7
1439420 426.7
1439430 429.6
1439440 432.7
1439450 432.7
1439460 435.3
1439470 437.3
1439480 437.3
1439490 439.0
1439500 439.3
1439510 439.3
1439520 439.7
1439530 440.3
1439540 440.3
1439550 440.9
1439560 441.4
1439570 441.4
1439580 441.8
1439590 442.1
1439600 442.1
1439610 442.3
1439620 442.4
1439630 442.4
1439640 442.5
1439650 442.5
1439660 442.5
1439670 442.6
1439680 442.4
1439690 442.4
1439700 442.4
1439710 442.4
1439720 442.4
1439730 442.5
1439740 442.5
1439750 442.5
1439760 442.5
1439770 442.5
1439780 442.5
1439790 442.5
1439800 442.6
1439810 442.6
1439820 442.6
1439830 442.5
1439840 442.5
1439850 442.5
1439860 442.5
1439870 442.5
1439880 442.4
1439890 442.3
1439900 442.3
1439910 442.3
1439920 442.2
1439930 442.2
1439940 442.1
1439950 442.0
1439960 442.0
1439970 441.9
1439980 441.7
1439990 441.7
