1427220 423.8
1427230 423.8
1427240 423.8
1427250 423.9
1427260 423.9
1427270 423.8
1427280 424.0
1427290 424.0
1427300 424.9
1427310 424.6
1427320 424.6
1427330 424.2
1427340 423.8
1427350 423.8
1427360 419.6
1427370 413.9
1427380 413.9
1427390 412.0
1427400 411.8
1427410 411.8
1427420 407.7
1427430 401.3
1427440 401.3
1427450 395.1
1427460 389.8
1427470 389.8
1427480 384.2
1427490 378.2
1427500 378.2
1427510 372.9
1427520 369.2
1427530 369.2
1427540 367.9
1427550 367.5
1427560 367.5
1427570 367.3
1427580 367.1
1427590 367.1
1427600 367.0
1427610 366.9
1427620 366.9
1427630 367.2
1427640 367.4
1427650 367.4
1427660 367.5
1427670 367.6
1427680 367.6
1427690 367.7
1427700 367.7
1427710 367.7
1427720 367.8
1427730 367.9
1427740 367.9
1427750 368.2
1427760 368.7
1427770 368.7
1427780 369.3
1427790 369.9
1427800 369.9
1427810 370.6
1427820 371.3
1427830 371.3
1427840 372.0
1427850 373.1
1427860 373.1
1427870 373.8
1427880 373.9
1427890 373.9
1427900 373.9
1427910 373.9
1427920 373.9
1427930 374.1
1427940 374.4
1427950 374.4
1427960 374.5
1427970 374.5
1427980 374.5
1427990 374.5
1428000 374.5
1428010 374.5
1428020 374.6
1428030 374.3
1428040 374.3
1428050 374.2
1428060 374.1
1428070 374.1
1428080 373.9
1428090 373.3
1428100 373.3
1428110 372.5
1428120 370.9
1428130 370.9
1428140 368.4
1428150 367.2
1428160 367.2
1428170 366.5
1428180 366.3
1428190 366.3
1428200 366.3
1428210 366.3
1428220 366.3
1428230 366.3
1428240 366.3
1428250 366.3
1428260 366.3
1428270 366.3
1428280 366.3
1428290 366.6
1428300 368.8
1428310 368.8
1428320 373.3
1428330 379.1
1428340 379.1
1428350 385.8
1428360 392.8
1428370 392.8
1428380 400.4
1428390 408.1
1428400 408.1
1428410 415.8
1428420 419.9
1428430 419.9
1428440 420.9
1428450 421.0
1428460 421.0
1428470 420.9
1428480 420.6
1428490 420.6
1428500 418.0
1428510 414.6
1428520 414.6
1428530 412.5
1428540 404.9
1428550 404.9
1428560 396.2
1428570 389.0
1428580 389.0
1428590 380.8
1428600 373.0
1428610 373.0
1428620 365.4
1428630 361.4
1428640 361.4
1428650 360.4
1428660 358.5
1428670 358.5
1428680 356.2
1428690 354.6
1428700 354.6
1428710 354.3
1428720 354.3
1428730 354.3
1428740 354.3
1428750 354.3
1428760 354.3
1428770 354.3
1428780 354.3
1428790 354.3
1428800 354.3
1428810 354.3
1428820 354.3
1428830 354.4
1428840 356.3
1428850 356.3
1428860 357.5
1428870 358.9
1428880 358.9
1428890 368.2
1428900 376.0
1428910 376.0
1428920 382.6
1428930 387.2
1428940 387.2
1428950 391.0
1428960 395.4
1428970 395.4
1428980 398.0
1428990 398.9
1429000 398.9
1429010 399.1
1429020 399.3
1429030 399.4
1429040 399.4
1429050 399.6
1429060 399.5
1429070 399.5
1429080 399.6
1429090 399.6
1429100 399.6
1429110 399.8
1429120 399.9
1429130 399.9
1429140 400.1
1429150 400.4
1429160 400.4
1429170 400.7
1429180 401.0
1429190 401.0
1429200 401.8
1429210 402.8
1429220 402.8
1429230 403.0
1429240 403.3
1429250 403.3
1429260 403.6
1429270 403.9
1429280 403.9
1429290 404.3
1429300 405.6
1429310 405.6
1429320 408.1
1429330 411.7
1429340 416.7
1429350 418.7
1429360 419.0
1429370 419.0
1429380 419.0
1429390 419.0
1429400 419.0
1429410 419.1
1429420 419.0
1429430 419.0
1429440 419.2
1429450 419.1
1429460 419.1
1429470 418.8
1429480 418.5
1429490 418.5
1429500 418.2
1429510 416.6
1429520 416.6
1429530 410.3
1429540 399.4
1429550 399.4
1429560 389.5
1429570 390.0
1429580 390.0
1429590 397.0
1429600 404.9
1429610 404.9
1429620 410.3
1429630 413.7
1429640 413.7
1429650 416.2
1429660 417.1
1429670 417.1
1429680 417.3
1429690 417.4
1429700 417.4
1429710 418.3
1429720 422.1
1429730 422.1
1429740 427.5
1429750 432.0
1429760 432.0
1429770 433.3
1429780 433.7
1429790 433.7
1429800 434.1
1429810 434.5
1429820 434.5
1429830 434.9
1429840 435.2
1429850 435.2
1429860 435.3
1429870 435.5
1429880 435.5
1429890 435.5
1429900 435.6
1429910 435.6
1429920 435.7
1429930 435.8
1429940 435.8
1429950 435.9
1429960 436.0
1429970 436.0
1429980 436.1
1429990 436.2
1430000 436.2
1430010 436.2
1430020 436.2
1430030 436.2
1430040 436.3
1430050 436.4
1430060 436.4
1430070 436.5
1430080 436.6
1430090 436.6
1430100 436.6
1430110 436.7
1430120 436.7
1430130 436.8
1430140 437.0
1430150 437.0
1430160 437.3
1430170 437.4
1430180 437.4
1430190 437.4
1430200 437.3
1430210 437.3
1430220 437.3
1430230 437.5
1430240 437.5
1430250 437.7
1430260 438.0
1430270 438.0
1430280 438.1
1430290 438.0
1430300 438.0
1430310 437.9
1430320 438.0
1430330 438.0
1430340 438.0
1430350 438.1
1430360 438.1
1430370 438.1
1430380 438.1
1430390 438.1
1430400 438.1
1430410 438.1
1430420 438.1
1430430 438.2
1430440 438.0
1430450 438.0
1430460 437.9
1430470 437.3
1430480 437.3
1430490 437.2
1430500 437.1
1430510 437.1
1430520 437.0
1430530 436.8
1430540 436.8
1430550 436.6
1430560 436.5
1430570 436.5
1430580 436.6
1430590 436.7
1430600 436.7
1430610 437.0
1430620 437.3
1430630 437.3
1430640 437.6
1430650 437.9
1430660 437.9
1430670 438.2
1430680 438.4
1430690 438.4
1430700 438.6
1430710 438.7
1430720 438.7
1430730 438.8
1430740 439.0
1430750 439.0
1430760 439.0
1430770 439.0
1430780 439.0
1430790 439.0
1430800 438.9
1430810 438.9
1430820 438.9
1430830 439.0
1430840 439.0
1430850 439.0
1430860 439.1
1430870 439.1
1430880 439.2
1430890 439.2
1430900 439.2
1430910 439.2
1430920 439.1
1430930 439.1
1430940 439.0
1430950 439.0
1430960 439.0
1430970 439.0
1430980 438.9
1430990 438.9
1431000 438.9
1431010 438.8
1431020 438.8
1431030 438.9
1431040 438.9
1431050 438.9
1431060 438.8
1431070 438.6
1431080 438.6
1431090 438.5
1431100 438.4
1431110 438.4
1431120 438.2
1431130 438.2
1431140 438.2
1431150 438.0
1431160 437.9
1431170 437.9
1431180 437.6
1431190 437.4
1431200 437.4
1431210 437.2
1431220 437.0
1431230 437.0
1431240 436.6
1431250 436.0
1431260 436.0
1431270 435.4
1431280 434.6
1431290 434.6
1431300 433.2
1431310 431.0
1431320 431.0
1431330 427.5
1431340 424.8
1431350 424.8
1431360 423.2
1431370 422.0
1431380 421.2
1431390 421.2
1431400 420.6
1431410 420.4
1431420 420.4
1431430 420.7
1431440 422.3
1431450 422.3
1431460 426.8
1431470 431.3
1431480 431.3
1431490 433.5
1431500 433.9
1431510 433.9
1431520 433.7
1431530 432.8
1431540 432.8
1431550 431.6
1431560 430.5
1431570 430.5
1431580 430.2
1431590 430.7
1431600 430.7
1431610 431.6
1431620 432.5
1431630 432.5
1431640 433.1
1431650 433.5
1431660 433.5
1431670 434.1
1431680 434.3
1431690 434.3
1431700 434.6
1431710 435.0
1431720 435.0
1431730 435.1
1431740 435.4
1431750 435.4
1431760 435.3
1431770 434.9
1431780 434.9
1431790 434.3
1431800 433.5
1431810 433.5
1431820 432.3
1431830 429.3
1431840 429.3
1431850 425.6
1431860 422.9
1431870 422.9
1431880 422.8
1431890 423.2
1431900 423.2
1431910 424.0
1431920 425.3
1431930 425.3
1431940 427.5
1431950 430.0
1431960 430.0
1431970 432.5
1431980 434.8
1431990 434.8
1432000 436.3
1432010 437.1
1432020 437.1
1432030 437.6
1432040 438.0
1432050 438.0
1432060 438.3
1432070 438.7
1432080 438.7
1432090 439.1
1432100 439.4
1432110 439.4
1432120 439.7
1432130 440.0
1432140 440.0
1432150 440.3
1432160 440.5
1432170 440.5
1432180 440.7
1432190 440.9
1432200 440.9
1432210 441.0
1432220 441.2
1432230 441.2
1432240 441.3
1432250 441.3
1432260 441.3
1432270 441.4
1432280 441.4
1432290 441.4
1432300 441.5
1432310 441.7
1432320 441.7
1432330 441.6
1432340 441.3
1432350 441.3
1432360 441.2
1432370 441.0
1432380 441.0
1432390 440.9
1432400 440.7
1432410 440.7
1432420 440.4
1432430 440.1
1432440 440.1
1432450 439.7
1432460 439.3
1432470 439.3
1432480 438.9
1432490 438.5
1432500 438.5
1432510 438.0
1432520 437.6
1432530 437.6
1432540 437.3
1432550 436.9
1432560 436.9
1432570 436.6
1432580 436.3
1432590 436.3
1432600 436.0
1432610 435.8
1432620 435.8
1432630 435.1
1432640 431.7
1432650 431.7
1432660 426.3
1432670 421.5
1432680 421.5
1432690 418.7
1432700 417.5
1432710 417.5
1432720 416.4
1432730 415.6
1432740 415.6
1432750 414.9
1432760 414.4
1432770 414.4
1432780 414.0
1432790 413.9
1432800 413.9
1432810 413.8
1432820 413.8
1432830 413.8
1432840 413.4
1432850 413.2
1432860 413.2
1432870 413.2
1432880 413.4
1432890 413.4
1432900 413.8
1432910 415.6
1432920 415.6
1432930 417.8
1432940 418.0
1432950 418.0
1432960 418.3
1432970 419.0
1432980 419.0
1432990 420.3
1433000 423.1
1433010 423.1
1433020 423.1
1433030 423.3
1433040 423.3
1433050 424.7
1433060 423.3
1433070 423.3
1433080 419.6
1433090 417.1
1433100 417.1
1433110 415.6
1433120 415.0
1433130 415.0
1433140 415.2
1433150 415.4
1433160 415.4
1433170 415.0
1433180 413.7
1433190 413.7
1433200 412.8
1433210 412.5
1433220 412.5
1433230 412.3
1433240 412.1
1433250 412.1
1433260 412.1
1433270 412.0
1433280 412.0
1433290 412.1
1433300 412.2
1433310 412.2
1433320 412.2
1433330 412.3
1433340 412.3
1433350 412.3
1433360 412.3
1433370 412.3
1433380 412.4
1433390 412.4
1433400 412.4
1433410 412.4
1433420 412.5
1433430 412.5
1433440 412.6
1433450 412.7
1433460 412.7
1433470 412.7
1433480 412.8
1433490 412.8
1433500 412.9
1433510 412.9
1433520 412.9
1433530 412.9
1433540 412.9
1433550 412.9
1433560 412.8
1433570 412.7
1433580 412.7
1433590 412.6
1433600 412.4
1433610 412.4
1433620 412.2
1433630 412.3
1433640 412.3
1433650 412.4
1433660 412.4
1433670 412.4
1433680 412.4
1433690 412.4
1433700 412.4
1433710 412.3
1433720 412.3
1433730 412.3
1433740 412.4
1433750 412.3
1433760 412.2
1433770 412.2
1433780 412.4
1433790 412.5
1433800 412.5
1433810 412.5
1433820 412.3
1433830 412.3
1433840 412.4
1433850 412.4
1433860 412.4
1433870 412.5
1433880 412.4
1433890 412.4
1433900 412.3
1433910 412.4
1433920 412.4
1433930 412.5
1433940 412.5
1433950 412.5
1433960 412.5
1433970 412.6
1433980 412.6
1433990 412.5
1434000 412.6
1434010 412.6
1434020 412.6
1434030 412.6
1434040 412.6
1434050 412.5
1434060 412.6
1434070 412.6
1434080 412.6
1434090 412.6
1434100 412.6
1434110 412.6
1434120 412.5
1434130 412.5
1434140 412.5
1434150 412.5
1434160 412.5
1434170 412.5
1434180 412.4
1434190 412.4
1434200 412.4
1434210 412.6
1434220 412.6
1434230 412.6
1434240 412.6
1434250 412.6
1434260 412.6
1434270 412.6
1434280 412.6
1434290 412.7
1434300 412.7
1434310 412.7
1434320 412.7
1434330 412.7
1434340 412.7
1434350 412.9
1434360 412.9
1434370 412.9
1434380 412.9
1434390 412.7
1434400 412.7
1434410 412.7
1434420 412.6
1434430 412.6
1434440 412.3
1434450 411.7
1434460 411.7
1434470 412.4
1434480 412.7
1434490 412.7
1434500 412.8
1434510 412.7
1434520 412.7
1434530 412.7
1434540 412.7
1434550 412.7
1434560 412.7
1434570 412.9
1434580 412.9
1434590 412.8
1434600 412.8
1434610 412.8
1434620 412.8
1434630 412.9
1434640 412.9
1434650 412.9
1434660 412.7
1434670 412.7
1434680 412.6
1434690 412.5
1434700 412.5
1434710 412.8
1434720 412.7
1434730 412.7
1434740 412.7
1434750 412.8
1434760 412.8
1434770 412.8
1434780 412.7
1434790 412.7
1434800 412.7
1434810 412.8
1434820 412.8
1434830 412.8
1434840 412.7
1434850 412.7
1434860 412.8
1434870 412.9
1434880 412.9
1434890 413.0
1434900 412.9
1434910 412.9
1434920 412.9
1434930 412.9
1434940 412.9
1434950 412.9
1434960 412.8
1434970 412.8
1434980 412.8
1434990 412.9
1435000 412.9
1435010 412.9
1435020 413.1
1435030 413.1
1435040 413.1
1435050 413.0
1435060 413.0
1435070 412.9
1435080 412.8
1435090 412.8
1435100 412.8
1435110 412.8
1435120 412.8
1435130 412.9
1435140 412.9
1435150 412.9
1435160 412.9
1435170 412.9
1435180 412.9
1435190 412.9
1435200 413.0
1435210 413.0
1435220 413.0
1435230 412.9
1435240 412.9
1435250 412.9
1435260 413.0
1435270 413.0
1435280 412.9
1435290 412.9
1435300 412.9
1435310 412.7
1435320 412.6
1435330 412.6
1435340 412.7
1435350 412.9
1435360 412.9
1435370 412.9
1435380 412.9
1435390 412.9
1435400 412.8
1435410 412.8
1435420 412.8
1435430 412.7
1435440 412.8
1435450 412.8
1435460 412.8
1435470 412.8
1435480 412.8
1435490 412.7
1435500 412.7
1435510 412.7
1435520 412.7
1435530 412.7
1435540 412.7
1435550 412.7
1435560 412.5
1435570 412.5
1435580 412.5
1435590 412.5
1435600 412.5
1435610 412.7
1435620 412.7
1435630 412.7
1435640 412.7
1435650 412.6
1435660 412.6
1435670 412.6
1435680 412.6
1435690 412.6
1435700 412.5
1435710 412.5
1435720 412.5
1435730 412.5
1435740 412.4
1435750 412.4
1435760 412.5
1435770 412.6
1435780 412.6
1435790 412.5
1435800 412.5
1435810 412.5
1435820 412.5
1435830 412.3
1435840 412.3
1435850 412.2
1435860 412.2
1435870 412.2
1435880 412.3
1435890 412.3
1435900 412.3
1435910 412.3
1435920 412.3
1435930 412.3
1435940 412.3
1435950 412.2
1435960 412.2
1435970 412.2
1435980 412.3
1435990 412.3
1436000 412.1
1436010 411.9
1436020 411.9
1436030 411.8
1436040 411.6
1436050 411.6
1436060 411.4
1436070 411.4
1436080 411.4
1436090 411.6
1436100 411.8
1436110 411.8
1436120 411.7
1436130 411.8
1436140 411.8
1436150 411.8
1436160 411.7
1436170 411.7
1436180 411.7
1436190 411.6
1436200 411.4
1436210 411.4
1436220 411.5
1436230 411.6
1436240 411.6
1436250 411.6
1436260 411.7
1436270 411.7
1436280 411.7
1436290 411.6
1436300 411.6
1436310 411.5
1436320 411.6
1436330 411.6
1436340 411.6
1436350 411.6
1436360 411.6
1436370 411.5
1436380 411.3
1436390 411.3
1436400 411.3
1436410 411.4
1436420 411.4
1436430 411.4
1436440 411.4
1436450 411.4
1436460 411.5
1436470 411.5
1436480 411.5
1436490 411.5
1436500 411.4
1436510 411.4
1436520 411.4
1436530 411.4
1436540 411.4
1436550 411.3
1436560 411.3
1436570 411.3
1436580 411.1
1436590 411.0
1436600 411.0
1436610 411.0
1436620 411.0
1436630 411.0
1436640 410.8
1436650 410.7
1436660 410.7
1436670 410.8
1436680 410.9
1436690 410.9
1436700 410.9
1436710 410.9
1436720 410.9
1436730 410.7
1436740 410.7
1436750 410.7
1436760 410.6
1436770 410.7
1436780 410.7
1436790 410.8
1436800 410.7
1436810 410.7
1436820 410.7
1436830 410.7
1436840 410.7
1436850 410.7
1436860 410.7
1436870 410.7
1436880 410.6
1436890 410.6
1436900 410.7
1436910 410.6
1436920 410.4
1436930 410.4
1436940 410.2
1436950 410.2
1436960 410.2
1436970 410.3
1436980 410.3
1436990 410.3
1437000 410.3
1437010 410.4
1437020 410.4
1437030 410.3
1437040 410.4
1437050 410.4
1437060 410.5
1437070 410.4
1437080 410.4
1437090 410.3
1437100 410.1
1437110 410.1
1437120 410.0
1437130 410.1
1437140 410.1
1437150 410.0
1437160 410.0
1437170 410.0
1437180 410.0
1437190 409.9
1437200 409.9
1437210 409.8
1437220 409.7
1437230 409.7
1437240 409.7
1437250 409.6
1437260 409.6
1437270 409.6
1437280 409.5
1437290 409.5
1437300 409.4
1437310 409.3
1437320 409.3
1437330 409.2
1437340 409.2
1437350 409.2
1437360 409.2
1437370 409.1
1437380 409.1
1437390 409.0
1437400 409.0
1437410 409.0
1437420 409.0
1437430 409.0
1437440 409.0
1437450 409.0
1437460 409.0
1437470 409.0
1437480 409.1
1437490 409.3
1437500 409.3
1437510 409.3
1437520 409.2
1437530 409.2
1437540 409.1
1437550 409.0
1437560 409.0
1437570 408.9
1437580 409.0
1437590 409.0
1437600 408.9
1437610 408.9
1437620 408.9
1437630 408.7
1437640 408.6
1437650 408.6
1437660 408.6
1437670 408.6
1437680 408.6
1437690 408.5
1437700 408.5
1437710 408.5
1437720 408.5
1437730 408.4
1437740 408.4
1437750 408.4
1437760 408.5
1437770 408.5
1437780 408.5
1437790 408.4
1437800 408.4
1437810 408.4
1437820 408.4
1437830 408.4
1437840 408.4
1437850 408.3
1437860 408.3
1437870 408.3
1437880 408.1
1437890 408.1
1437900 408.1
1437910 408.0
1437920 408.0
1437930 407.8
1437940 407.9
1437950 407.9
1437960 408.0
1437970 408.0
1437980 408.0
1437990 407.9
1438000 408.0
1438010 408.0
1438020 407.9
1438030 407.9
1438040 407.9
1438050 407.8
1438060 407.8
1438070 407.8
1438080 407.8
1438090 407.8
1438100 407.8
1438110 407.8
1438120 407.6
1438130 407.6
1438140 407.6
1438150 407.6
1438160 407.6
1438170 407.5
1438180 407.4
1438190 407.4
1438200 407.3
1438210 407.3
1438220 407.3
1438230 407.3
1438240 407.2
1438250 407.2
1438260 407.1
1438270 407.1
1438280 407.1
1438290 407.2
1438300 407.1
1438310 407.1
1438320 407.1
1438330 406.9
1438340 406.9
1438350 406.8
1438360 406.8
1438370 406.8
1438380 406.7
1438390 406.6
1438400 406.6
1438410 406.5
1438420 406.3
1438430 406.3
1438440 406.2
1438450 406.1
1438460 406.1
1438470 405.8
1438480 405.6
1438490 405.6
1438500 405.5
1438510 405.5
1438520 405.5
1438530 405.5
1438540 405.6
1438550 405.6
1438560 405.6
1438570 405.5
1438580 405.4
1438590 405.4
1438600 405.4
1438610 405.5
1438620 405.5
1438630 405.5
1438640 405.4
1438650 405.4
1438660 405.3
1438670 405.3
1438680 405.3
1438690 405.4
1438700 405.4
1438710 405.4
1438720 405.3
1438730 405.2
1438740 405.2
1438750 405.3
1438760 405.3
1438770 405.3
1438780 405.2
1438790 405.2
1438800 405.2
1438810 405.3
1438820 405.0
1438830 405.0
1438840 405.0
1438850 404.9
1438860 404.9
1438870 404.8
1438880 404.8
1438890 404.8
1438900 404.8
1438910 404.8
1438920 404.8
1438930 404.7
1438940 404.7
1438950 404.7
1438960 404.8
1438970 404.9
1438980 404.9
1438990 404.8
1439000 404.8
1439010 404.8
1439020 404.8
1439030 404.7
1439040 404.7
1439050 404.7
1439060 404.7
1439070 404.7
1439080 404.7
1439090 404.8
1439100 404.8
1439110 405.0
1439120 405.1
1439130 405.1
1439140 405.5
1439150 406.2
1439160 406.2
1439170 407.4
1439180 409.4
1439190 409.4
1439200 412.8
1439210 418.9
1439220 418.9
1439230 422.9
1439240 425.4
1439250 425.4
1439260 424.5
1439270 420.9
1439280 420.9
1439290 417.9
1439300 417.0
1439310 417.0
1439320 416.9
1439330 417.3
1439340 417.3
1439350 418.3
1439360 419.4
1439370 419.4
1439380 419.4
1439390 422.5
1439400 422.5
1439410 423.6
1439420 421.4
1439430 421.4
1439440 419.9
1439450 419.9
1439460 419.9
1439470 420.9
1439480 423.5
1439490 423.5
1439500 428.0
1439510 431.5
1439520 431.5
1439530 433.8
1439540 434.9
1439550 434.9
1439560 435.2
1439570 435.4
1439580 435.4
1439590 435.7
1439600 435.9
1439610 435.9
1439620 436.1
1439630 436.3
1439640 436.3
1439650 436.5
1439660 436.6
1439670 436.6
1439680 436.6
1439690 436.4
1439700 436.4
1439710 436.2
1439720 436.2
1439730 436.2
1439740 436.0
1439750 436.0
1439760 436.0
1439770 436.0
1439780 436.0
1439790 436.0
1439800 436.0
1439810 436.0
1439820 436.0
1439830 436.1
1439840 436.1
1439850 436.1
1439860 436.3
1439870 436.5
1439880 436.5
1439890 436.7
1439900 436.9
1439910 436.9
1439920 437.1
1439930 437.4
1439940 437.4
1439950 437.6
1439960 437.9
1439970 437.9
1439980 438.3
1439990 438.7
