1427370 422.5
1427380 422.5
1427390 422.5
1427400 422.4
1427410 422.5
1427420 422.5
1427430 422.6
1427440 422.7
1427450 422.7
1427460 422.8
1427470 422.7
1427480 422.7
1427490 422.7
1427500 422.6
1427510 422.6
1427520 422.5
1427530 422.6
1427540 422.6
1427550 422.4
1427560 422.3
1427570 422.3
1427580 422.3
1427590 422.3
1427600 422.3
1427610 422.1
1427620 422.0
1427630 422.0
1427640 422.2
1427650 422.2
1427660 422.2
1427670 422.2
1427680 422.2
1427690 422.2
1427700 422.1
1427710 422.0
1427720 422.0
1427730 422.1
1427740 422.2
1427750 422.2
1427760 422.3
1427770 422.3
1427780 422.3
1427790 422.3
1427800 422.3
1427810 422.3
1427820 422.2
1427830 422.2
1427840 422.2
1427850 422.3
1427860 422.2
1427870 422.2
1427880 422.1
1427890 421.9
1427900 421.9
1427910 421.9
1427920 421.7
1427930 421.7
1427940 421.7
1427950 421.6
1427960 421.6
1427970 421.4
1427980 421.3
1427990 421.3
1428000 421.3
1428010 421.3
1428020 421.3
1428030 421.4
1428040 421.6
1428050 421.6
1428060 421.7
1428070 421.8
1428080 421.8
1428090 421.7
1428100 421.7
1428110 421.7
1428120 421.8
1428130 421.6
1428140 421.6
1428150 421.4
1428160 421.4
1428170 421.4
1428180 421.5
1428190 421.6
1428200 421.6
1428210 421.7
1428220 421.3
1428230 421.3
1428240 421.2
1428250 421.4
1428260 421.4
1428270 421.4
1428280 421.4
1428290 421.4
1428300 421.1
1428310 421.4
1428320 421.4
1428330 421.5
1428340 421.4
1428350 421.4
1428360 421.3
1428370 421.3
1428380 421.3
1428390 421.2
1428400 421.2
1428410 421.2
1428420 421.3
1428430 421.3
1428440 421.3
1428450 421.4
1428460 421.5
1428470 421.6
1428480 421.2
1428490 421.5
1428500 421.5
1428510 421.5
1428520 421.4
1428530 421.4
1428540 421.3
1428550 421.3
1428560 421.3
1428570 421.3
1428580 421.3
1428590 421.3
1428600 421.3
1428610 421.3
1428620 421.3
1428630 421.2
1428640 421.2
1428650 421.2
1428660 421.3
1428670 421.2
1428680 421.2
1428690 421.2
1428700 421.1
1428710 421.1
1428720 421.1
1428730 421.1
1428740 421.1
1428750 421.2
1428760 421.5
1428770 421.5
1428780 421.5
1428790 421.4
1428800 421.4
1428810 421.1
1428820 420.8
1428830 420.8
1428840 420.9
1428850 420.9
1428860 420.9
1428870 420.9
1428880 420.2
1428890 420.2
1428900 418.3
1428910 415.5
1428920 415.5
1428930 413.0
1428940 410.9
1428950 410.9
1428960 401.0
1428970 395.5
1428980 395.5
1428990 391.3
1429000 387.4
1429010 387.4
1429020 383.4
1429030 380.1
1429040 380.1
1429050 378.1
1429060 375.6
1429070 375.6
1429080 372.2
1429090 368.5
1429100 368.5
1429110 363.5
1429120 360.6
1429130 360.6
1429140 359.2
1429150 356.6
1429160 356.6
1429170 355.5
1429180 355.0
1429190 355.0
1429200 354.8
1429210 354.4
1429220 354.4
1429230 354.1
1429240 354.1
1429250 354.1
1429260 354.1
1429270 354.1
1429280 354.1
1429290 354.0
1429300 354.0
1429310 354.0
1429320 354.0
1429330 354.0
1429340 354.0
1429350 354.0
1429360 354.0
1429370 354.0
1429380 354.0
1429390 354.2
1429400 354.2
1429410 354.5
1429420 354.9
1429430 354.9
1429440 355.2
1429450 355.6
1429460 355.6
1429470 357.1
1429480 359.5
1429490 359.5
1429500 362.0
1429510 364.3
1429520 364.3
1429530 366.9
1429540 369.4
1429550 371.7
1429560 371.7
1429570 374.4
1429580 377.7
1429590 377.7
1429600 382.0
1429610 387.5
1429620 387.5
1429630 388.6
1429640 390.2
1429650 390.2
1429660 401.9
1429670 408.5
1429680 408.5
1429690 405.9
1429700 402.7
1429710 402.7
1429720 400.2
1429730 398.7
1429740 398.7
1429750 397.3
1429760 398.0
1429770 398.0
1429780 398.5
1429790 395.7
1429800 395.7
1429810 392.0
1429820 386.7
1429830 386.7
1429840 380.3
1429850 373.4
1429860 373.4
1429870 366.9
1429880 362.0
1429890 362.0
1429900 358.3
1429910 356.4
1429920 356.4
1429930 355.1
1429940 355.0
1429950 355.0
1429960 354.6
1429970 354.4
1429980 354.4
1429990 353.8
1430000 353.2
1430010 353.2
1430020 352.9
1430030 352.9
1430040 352.9
1430050 352.9
1430060 352.9
1430070 352.9
1430080 352.9
1430090 352.9
1430100 352.9
1430110 352.9
1430120 352.9
1430130 352.9
1430140 352.9
1430150 352.9
1430160 352.9
1430170 352.9
1430180 352.9
1430190 352.9
1430200 352.9
1430210 352.9
1430220 352.9
1430230 353.2
1430240 356.8
1430250 356.8
1430260 374.3
1430270 386.7
1430280 386.7
1430290 393.9
1430300 396.1
1430310 396.1
1430320 392.7
1430330 388.6
1430340 388.6
1430350 382.3
1430360 382.0
1430370 382.0
1430380 388.9
1430390 396.8
1430400 396.8
1430410 406.7
1430420 417.2
1430430 417.2
1430440 425.7
1430450 429.7
1430460 429.7
1430470 430.3
1430480 430.7
1430490 430.7
1430500 431.3
1430510 432.3
1430520 432.3
1430530 432.6
1430540 432.8
1430550 432.8
1430560 432.9
1430570 433.4
1430580 433.4
1430590 433.5
1430600 433.6
1430610 433.6
1430620 433.8
1430630 434.1
1430640 434.1
1430650 434.7
1430660 434.7
1430670 434.7
1430680 434.8
1430690 434.9
1430700 434.9
1430710 435.0
1430720 435.1
1430730 435.1
1430740 435.4
1430750 435.5
1430760 435.5
1430770 435.4
1430780 435.5
1430790 435.5
1430800 435.7
1430810 435.5
1430820 435.5
1430830 435.3
1430840 435.4
1430850 435.4
1430860 435.5
1430870 435.7
1430880 435.7
1430890 435.6
1430900 435.3
1430910 435.3
1430920 435.3
1430930 435.3
1430940 435.3
1430950 435.4
1430960 435.4
1430970 435.4
1430980 435.5
1430990 435.5
1431000 435.5
1431010 435.5
1431020 435.5
1431030 435.5
1431040 435.3
1431050 435.5
1431060 435.5
1431070 435.5
1431080 435.4
1431090 435.4
1431100 435.2
1431110 434.9
1431120 434.9
1431130 434.6
1431140 434.5
1431150 434.5
1431160 434.5
1431170 434.5
1431180 434.5
1431190 433.6
1431200 433.6
1431210 433.6
1431220 433.1
1431230 432.0
1431240 432.0
1431250 431.2
1431260 430.5
1431270 430.5
1431280 429.5
1431290 428.7
1431300 428.7
1431310 427.8
1431320 426.7
1431330 426.7
1431340 425.9
1431350 425.0
1431360 425.0
1431370 423.8
1431380 422.3
1431390 422.3
1431400 421.4
1431410 420.9
1431420 420.9
1431430 420.0
1431440 419.0
1431450 419.0
1431460 418.3
1431470 417.3
1431480 417.3
1431490 416.9
1431500 416.6
1431510 416.6
1431520 416.6
1431530 416.5
1431540 416.5
1431550 416.5
1431560 416.5
1431570 416.5
1431580 416.5
1431590 416.6
1431600 416.6
1431610 416.6
1431620 417.4
1431630 417.4
1431640 417.4
1431650 417.3
1431660 417.3
1431670 417.3
1431680 417.1
1431690 417.1
1431700 416.4
1431710 417.1
1431720 417.1
1431730 417.6
1431740 418.3
1431750 418.3
1431760 419.2
1431770 419.9
1431780 419.9
1431790 423.9
1431800 426.2
1431810 426.2
1431820 428.0
1431830 429.3
1431840 429.3
1431850 430.2
1431860 430.8
1431870 430.8
1431880 431.0
1431890 430.9
1431900 430.9
1431910 430.7
1431920 430.3
1431930 430.3
1431940 429.7
1431950 429.3
1431960 429.3
1431970 429.3
1431980 429.9
1431990 430.7
1432000 430.7
1432010 431.6
1432020 432.2
1432030 432.2
1432040 432.5
1432050 432.8
1432060 432.8
1432070 433.3
1432080 433.8
1432090 433.8
1432100 434.5
1432110 435.1
1432120 435.1
1432130 435.7
1432140 436.3
1432150 436.3
1432160 436.8
1432170 437.0
1432180 437.0
1432190 437.1
1432200 437.3
1432210 437.3
1432220 437.5
1432230 437.7
1432240 437.7
1432250 437.8
1432260 437.9
1432270 437.9
1432280 438.0
1432290 438.1
1432300 438.1
1432310 438.2
1432320 438.4
1432330 438.4
1432340 438.3
1432350 437.7
1432360 437.7
1432370 437.2
1432380 436.8
1432390 436.8
1432400 436.4
1432410 436.1
1432420 436.1
1432430 435.9
1432440 435.9
1432450 435.9
1432460 436.5
1432470 437.0
1432480 437.0
1432490 437.4
1432500 437.8
1432510 437.8
1432520 438.1
1432530 438.4
1432540 438.4
1432550 438.5
1432560 438.5
1432570 438.5
1432580 438.5
1432590 438.5
1432600 438.5
1432610 438.5
1432620 438.3
1432630 438.3
1432640 438.2
1432650 438.0
1432660 438.0
1432670 437.7
1432680 437.4
1432690 437.4
1432700 437.1
1432710 436.7
1432720 436.7
1432730 436.4
1432740 436.0
1432750 436.0
1432760 435.7
1432770 435.3
1432780 435.3
1432790 435.0
1432800 434.6
1432810 434.6
1432820 434.2
1432830 434.0
1432840 434.0
1432850 433.9
1432860 433.8
1432870 433.8
1432880 433.8
1432890 433.6
1432900 433.6
1432910 432.7
1432920 430.6
1432930 430.6
1432940 428.8
1432950 426.8
1432960 426.8
1432970 424.0
1432980 420.7
1432990 420.7
1433000 417.9
1433010 414.9
1433020 414.9
1433030 412.1
1433040 411.5
1433050 411.5
1433060 411.8
1433070 411.6
1433080 411.6
1433090 411.8
1433100 411.5
1433110 411.5
1433120 410.9
1433130 410.8
1433140 410.8
1433150 410.7
1433160 410.5
1433170 410.5
1433180 410.5
1433190 410.5
1433200 410.5
1433210 410.4
1433220 410.4
1433230 410.4
1433240 410.4
1433250 410.4
1433260 410.4
1433270 410.4
1433280 410.4
1433290 410.4
1433300 410.4
1433310 410.3
1433320 410.3
1433330 410.3
1433340 410.2
1433350 410.2
1433360 410.2
1433370 410.2
1433380 410.2
1433390 410.2
1433400 410.3
1433410 410.3
1433420 410.3
1433430 410.3
1433440 410.3
1433450 410.3
1433460 410.3
1433470 410.3
1433480 410.2
1433490 410.2
1433500 410.2
1433510 410.2
1433520 410.2
1433530 410.2
1433540 410.2
1433550 410.3
1433560 410.3
1433570 410.4
1433580 410.3
1433590 410.3
1433600 410.4
1433610 410.4
1433620 410.4
1433630 410.4
1433640 410.3
1433650 410.3
1433660 410.3
1433670 410.4
1433680 410.4
1433690 410.8
1433700 410.7
1433710 410.7
1433720 410.6
1433730 410.3
1433740 410.3
1433750 410.3
1433760 410.2
1433770 410.2
1433780 410.3
1433790 410.3
1433800 410.3
1433810 410.4
1433820 410.3
1433830 410.3
1433840 410.3
1433850 410.3
1433860 410.3
1433870 410.4
1433880 410.2
1433890 410.2
1433900 410.1
1433910 410.1
1433920 410.1
1433930 410.1
1433940 410.1
1433950 410.1
1433960 410.0
1433970 409.9
1433980 409.9
1433990 409.8
1434000 409.8
1434010 409.8
1434020 409.6
1434030 409.4
1434040 409.4
1434050 409.3
1434060 409.4
1434070 409.4
1434080 409.5
1434090 409.7
1434100 409.7
1434110 409.7
1434120 409.7
1434130 409.7
1434140 409.8
1434150 409.9
1434160 409.9
1434170 410.0
1434180 410.1
1434190 410.1
1434200 410.1
1434210 410.1
1434220 410.1
1434230 409.9
1434240 410.0
1434250 410.0
1434260 410.2
1434270 410.2
1434280 410.2
1434290 410.1
1434300 410.3
1434310 410.3
1434320 410.3
1434330 410.2
1434340 410.2
1434350 410.0
1434360 410.0
1434370 410.0
1434380 410.2
1434390 410.2
1434400 410.2
1434410 410.2
1434420 410.1
1434430 410.1
1434440 410.3
1434450 410.2
1434460 410.3
1434470 410.3
1434480 410.3
1434490 410.3
1434500 410.3
1434510 410.2
1434520 410.1
1434530 410.1
1434540 410.1
1434550 410.0
1434560 410.0
1434570 410.0
1434580 410.0
1434590 410.0
1434600 410.0
1434610 410.0
1434620 410.0
1434630 410.0
1434640 410.1
1434650 410.1
1434660 410.2
1434670 410.1
1434680 410.1
1434690 410.2
1434700 410.1
1434710 410.1
1434720 410.3
1434730 410.2
1434740 410.2
1434750 410.2
1434760 410.1
1434770 410.1
1434780 410.1
1434790 410.0
1434800 410.0
1434810 410.2
1434820 410.2
1434830 410.2
1434840 410.3
1434850 410.4
1434860 410.4
1434870 410.4
1434880 410.4
1434890 410.4
1434900 410.4
1434910 410.4
1434920 410.4
1434930 410.4
1434940 410.4
1434950 410.4
1434960 410.3
1434970 410.4
1434980 410.4
1434990 410.4
1435000 410.5
1435010 410.5
1435020 410.5
1435030 410.5
1435040 410.5
1435050 410.6
1435060 410.5
1435070 410.5
1435080 410.4
1435090 410.6
1435100 410.6
1435110 410.5
1435120 410.5
1435130 410.5
1435140 410.4
1435150 410.3
1435160 410.3
1435170 410.2
1435180 410.1
1435190 410.1
1435200 410.0
1435210 410.0
1435220 410.0
1435230 410.1
1435240 410.1
1435250 410.1
1435260 410.0
1435270 410.1
1435280 410.1
1435290 410.1
1435300 410.2
1435310 410.2
1435320 410.2
1435330 410.1
1435340 410.1
1435350 410.1
1435360 410.2
1435370 410.2
1435380 410.2
1435390 410.1
1435400 410.1
1435410 409.8
1435420 410.0
1435430 410.0
1435440 409.9
1435450 410.1
1435460 410.1
1435470 410.0
1435480 410.1
1435490 410.1
1435500 409.9
1435510 409.9
1435520 409.9
1435530 409.8
1435540 409.8
1435550 409.8
1435560 409.8
1435570 409.8
1435580 409.8
1435590 409.7
1435600 409.6
1435610 409.6
1435620 409.4
1435630 409.5
1435640 409.5
1435650 409.6
1435660 409.7
1435670 409.7
1435680 409.6
1435690 409.8
1435700 409.8
1435710 409.7
1435720 409.7
1435730 409.7
1435740 409.8
1435750 409.8
1435760 409.8
1435770 409.7
1435780 409.7
1435790 409.7
1435800 409.7
1435810 409.6
1435820 409.6
1435830 409.5
1435840 409.6
1435850 409.6
1435860 409.7
1435870 409.7
1435880 409.7
1435890 409.7
1435900 409.7
1435910 409.7
1435920 409.8
1435930 409.8
1435940 409.8
1435950 409.8
1435960 409.8
1435970 409.8
1435980 409.8
1435990 409.8
1436000 409.8
1436010 409.9
1436020 409.8
1436030 409.8
1436040 409.8
1436050 409.9
1436060 409.9
1436070 409.7
1436080 409.6
1436090 409.6
1436100 409.6
1436110 409.8
1436120 409.8
1436130 409.7
1436140 409.7
1436150 409.7
1436160 409.7
1436170 409.6
1436180 409.6
1436190 409.6
1436200 409.5
1436210 409.5
1436220 409.4
1436230 409.4
1436240 409.4
1436250 409.5
1436260 409.6
1436270 409.6
1436280 409.6
1436290 409.5
1436300 409.5
1436310 409.4
1436320 409.4
1436330 409.4
1436340 409.4
1436350 409.4
1436360 409.4
1436370 409.4
1436380 409.4
1436390 409.4
1436400 409.1
1436410 409.1
1436420 409.1
1436430 409.2
1436440 409.1
1436450 409.1
1436460 409.1
1436470 409.0
1436480 409.0
1436490 409.0
1436500 408.9
1436510 408.9
1436520 408.9
1436530 408.7
1436540 408.7
1436550 408.5
1436560 408.6
1436570 408.6
1436580 408.6
1436590 408.8
1436600 408.8
1436610 408.8
1436620 408.8
1436630 408.8
1436640 408.7
1436650 408.7
1436660 408.7
1436670 408.7
1436680 408.7
1436690 408.7
1436700 408.7
1436710 408.8
1436720 408.8
1436730 408.8
1436740 408.7
1436750 408.7
1436760 408.7
1436770 408.6
1436780 408.6
1436790 408.6
1436800 408.5
1436810 408.5
1436820 408.5
1436830 408.4
1436840 408.4
1436850 408.4
1436860 408.6
1436870 408.6
1436880 408.3
1436890 408.1
1436900 408.1
1436910 408.2
1436920 408.2
1436930 408.2
1436940 408.2
1436950 408.1
1436960 408.2
1436970 408.2
1436980 408.1
1436990 408.2
1437000 408.2
1437010 408.1
1437020 408.0
1437030 408.0
1437040 407.8
1437050 407.6
1437060 407.6
1437070 407.6
1437080 407.6
1437090 407.6
1437100 407.6
1437110 407.7
1437120 407.7
1437130 407.7
1437140 407.6
1437150 407.6
1437160 407.5
1437170 407.6
1437180 407.6
1437190 407.5
1437200 407.5
1437210 407.5
1437220 407.6
1437230 407.5
1437240 407.5
1437250 407.5
1437260 407.5
1437270 407.5
1437280 407.7
1437290 407.6
1437300 407.6
1437310 407.6
1437320 407.4
1437330 407.4
1437340 407.2
1437350 407.4
1437360 407.4
1437370 407.3
1437380 407.4
1437390 407.4
1437400 407.3
1437410 407.2
1437420 407.2
1437430 407.1
1437440 407.1
1437450 407.1
1437460 407.1
1437470 407.0
1437480 407.0
1437490 406.9
1437500 406.9
1437510 406.9
1437520 406.9
1437530 407.0
1437540 407.0
1437550 407.0
1437560 406.8
1437570 406.8
1437580 406.7
1437590 406.8
1437600 406.8
1437610 406.9
1437620 406.9
1437630 406.9
1437640 406.8
1437650 406.8
1437660 406.8
1437670 406.8
1437680 406.7
1437690 406.7
1437700 406.8
1437710 406.8
1437720 406.8
1437730 406.7
1437740 406.6
1437750 406.6
1437760 406.6
1437770 406.7
1437780 406.7
1437790 406.6
1437800 406.5
1437810 406.5
1437820 406.4
1437830 406.2
1437840 406.2
1437850 406.2
1437860 406.1
1437870 406.1
1437880 406.0
1437890 405.9
1437900 405.9
1437910 405.8
1437920 405.9
1437930 405.9
1437940 405.9
1437950 405.8
1437960 405.8
1437970 405.7
1437980 405.7
1437990 405.7
1438000 405.7
1438010 405.7
1438020 405.7
1438030 405.6
1438040 405.5
1438050 405.5
1438060 405.5
1438070 405.4
1438080 405.4
1438090 405.3
1438100 405.3
1438110 405.3
1438120 405.2
1438130 405.3
1438140 405.3
1438150 405.3
1438160 405.4
1438170 405.4
1438180 405.4
1438190 405.3
1438200 405.3
1438210 405.3
1438220 405.1
1438230 405.1
1438240 405.0
1438250 404.8
1438260 404.8
1438270 404.8
1438280 404.9
1438290 404.9
1438300 404.9
1438310 404.8
1438320 404.8
1438330 404.7
1438340 404.5
1438350 404.5
1438360 404.3
1438370 404.2
1438380 404.2
1438390 404.2
1438400 404.3
1438410 404.3
1438420 404.2
1438430 404.3
1438440 404.3
1438450 404.3
1438460 404.3
1438470 404.3
1438480 404.4
1438490 404.4
1438500 404.4
1438510 404.4
1438520 404.3
1438530 404.3
1438540 404.3
1438550 404.3
1438560 404.3
1438570 404.3
1438580 404.3
1438590 404.3
1438600 404.3
1438610 404.2
1438620 404.2
1438630 404.3
1438640 404.3
1438650 404.3
1438660 404.1
1438670 404.2
1438680 404.2
1438690 404.1
1438700 404.1
1438710 404.1
1438720 404.0
1438730 403.9
1438740 403.9
1438750 403.9
1438760 403.7
1438770 403.7
1438780 403.8
1438790 403.8
1438800 403.8
1438810 403.6
1438820 403.6
1438830 403.6
1438840 403.4
1438850 403.2
1438860 403.2
1438870 403.1
1438880 403.1
1438890 403.1
1438900 403.0
1438910 402.9
1438920 402.9
1438930 402.8
1438940 402.8
1438950 402.8
1438960 402.8
1438970 402.8
1438980 402.8
1438990 402.8
1439000 402.9
1439010 402.9
1439020 402.9
1439030 402.9
1439040 402.9
1439050 403.0
1439060 403.0
1439070 403.0
1439080 402.9
1439090 402.9
1439100 402.9
1439110 402.9
1439120 402.9
1439130 402.9
1439140 402.8
1439150 402.7
1439160 402.7
1439170 402.7
1439180 402.7
1439190 402.7
1439200 402.7
1439210 402.7
1439220 402.7
1439230 402.7
1439240 402.8
1439250 402.8
1439260 402.9
1439270 403.0
1439280 403.0
1439290 403.1
1439300 403.2
1439310 403.2
1439320 403.4
1439330 403.6
1439340 403.6
1439350 404.0
1439360 404.4
1439370 404.4
1439380 404.9
1439390 405.9
1439400 408.3
1439410 408.3
1439420 412.8
1439430 417.7
1439440 417.7
1439450 421.1
1439460 423.6
1439470 423.6
1439480 425.4
1439490 426.7
1439500 426.7
1439510 428.1
1439520 429.4
1439530 429.4
1439540 430.4
1439550 431.3
1439560 431.3
1439570 432.0
1439580 432.6
1439590 432.6
1439600 433.3
1439610 434.2
1439620 434.2
1439630 434.6
1439640 434.9
1439650 434.9
1439660 435.1
1439670 435.2
1439680 435.2
1439690 435.3
1439700 435.3
1439710 435.3
1439720 435.8
1439730 435.9
1439740 435.9
1439750 436.2
1439760 436.3
1439770 436.3
1439780 436.2
1439790 435.9
1439800 435.9
1439810 435.5
1439820 435.2
1439830 435.2
1439840 434.7
1439850 434.2
1439860 434.2
1439870 433.7
1439880 433.2
1439890 433.2
1439900 432.6
1439910 432.0
1439920 432.0
1439930 431.7
1439940 431.7
1439950 431.7
1439960 431.6
1439970 431.6
1439980 431.6
1439990 431.9
