1427270 423.1
1427280 423.0
1427290 423.0
1427300 423.1
1427310 423.3
1427320 423.3
1427330 423.4
1427340 423.7
1427350 423.7
1427360 423.5
1427370 423.5
1427380 423.5
1427390 423.1
1427400 423.2
1427410 423.2
1427420 423.0
1427430 423.1
1427440 423.1
1427450 422.9
1427460 421.9
1427470 421.9
1427480 422.8
1427490 422.9
1427500 422.9
1427510 422.9
1427520 423.0
1427530 423.0
1427540 422.9
1427550 423.0
1427560 423.0
1427570 422.9
1427580 422.7
1427590 422.7
1427600 422.8
1427610 422.9
1427620 422.9
1427630 422.8
1427640 422.5
1427650 422.5
1427660 421.0
1427670 419.2
1427680 419.2
1427690 415.4
1427700 411.4
1427710 411.4
1427720 408.4
1427730 404.3
1427740 404.3
1427750 395.6
1427760 391.8
1427770 391.8
1427780 389.0
1427790 386.0
1427800 386.0
1427810 382.2
1427820 378.7
1427830 378.7
1427840 375.5
1427850 372.9
1427860 372.9
1427870 370.4
1427880 368.6
1427890 368.6
1427900 367.4
1427910 366.8
1427920 366.8
1427930 366.5
1427940 366.6
1427950 366.6
1427960 366.7
1427970 367.1
1427980 367.1
1427990 367.4
1428000 367.4
1428010 367.2
1428020 367.2
1428030 366.9
1428040 366.7
1428050 366.7
1428060 366.7
1428070 366.9
1428080 366.9
1428090 367.0
1428100 366.7
1428110 366.7
1428120 366.5
1428130 366.5
1428140 366.5
1428150 367.0
1428160 368.0
1428170 368.0
1428180 370.5
1428190 373.4
1428200 373.4
1428210 375.9
1428220 378.6
1428230 378.6
1428240 383.3
1428250 388.9
1428260 388.9
1428270 393.4
1428280 398.9
1428290 398.9
1428300 405.0
1428310 411.5
1428320 411.5
1428330 417.4
1428340 420.5
1428350 420.5
1428360 421.4
1428370 421.2
1428380 421.2
1428390 421.3
1428400 421.3
1428410 421.3
1428420 421.4
1428430 421.6
1428440 421.6
1428450 421.9
1428460 421.9
1428470 421.9
1428480 422.0
1428490 422.1
1428500 422.1
1428510 421.7
1428520 421.3
1428530 421.3
1428540 420.8
1428550 418.5
1428560 418.5
1428570 414.7
1428580 414.6
1428590 414.6
1428600 415.7
1428610 416.0
1428620 416.0
1428630 412.4
1428640 408.5
1428650 408.5
1428660 401.7
1428670 392.2
1428680 392.2
1428690 383.6
1428700 374.8
1428710 374.8
1428720 367.4
1428730 361.3
1428740 361.3
1428750 357.7
1428760 355.7
1428770 355.7
1428780 354.3
1428790 354.1
1428800 354.1
1428810 354.0
1428820 354.1
1428830 354.1
1428840 354.0
1428850 354.0
1428860 354.0
1428870 354.0
1428880 353.9
1428890 353.9
1428900 353.9
1428910 353.9
1428920 353.9
1428930 354.0
1428940 354.4
1428950 354.4
1428960 355.5
1428970 356.3
1428980 356.3
1428990 357.0
1429000 357.0
1429010 357.0
1429020 357.5
1429030 358.7
1429040 358.7
1429050 361.0
1429060 364.7
1429070 364.7
1429080 366.6
1429090 369.9
1429100 369.9
1429110 373.2
1429120 375.9
1429130 375.9
1429140 378.0
1429150 378.9
1429160 378.9
1429170 379.6
1429180 380.4
1429190 380.4
1429200 380.9
1429210 381.4
1429220 381.4
1429230 381.8
1429240 382.4
1429250 382.4
1429260 383.1
1429270 383.6
1429280 383.6
1429290 383.8
1429300 383.9
1429310 383.9
1429320 383.9
1429330 383.9
1429340 383.9
1429350 383.8
1429360 383.6
1429370 383.6
1429380 383.6
1429390 383.4
1429400 383.4
1429410 383.1
1429420 382.7
1429430 382.7
1429440 382.2
1429450 380.6
1429460 380.6
1429470 375.5
1429480 369.7
1429490 369.7
1429500 363.7
1429510 359.5
1429520 359.5
1429530 359.7
1429540 361.9
1429550 361.9
1429560 361.9
1429570 359.9
1429580 359.9
1429590 358.2
1429600 357.4
1429610 357.4
1429620 356.8
1429630 356.1
1429640 356.1
1429650 356.3
1429660 356.4
1429670 356.4
1429680 355.8
1429690 355.3
1429700 355.3
1429710 354.6
1429720 353.8
1429730 353.8
1429740 354.2
1429750 354.2
1429760 354.2
1429770 354.2
1429780 355.2
1429790 355.2
1429800 356.6
1429810 357.4
1429820 357.4
1429830 358.9
1429840 361.8
1429850 361.8
1429860 363.7
1429870 366.6
1429880 366.6
1429890 368.4
1429900 371.4
1429910 371.4
1429920 375.1
1429930 379.3
1429940 379.3
1429950 380.4
1429960 380.1
1429970 380.1
1429980 382.6
1429990 389.5
1430000 389.5
1430010 394.5
1430020 398.9
1430030 398.9
1430040 402.6
1430050 406.9
1430060 406.9
1430070 409.9
1430080 419.6
1430090 419.6
1430100 422.7
1430110 429.9
1430120 429.9
1430130 432.9
1430140 433.3
1430150 433.3
1430160 433.3
1430170 433.4
1430180 433.4
1430190 433.5
1430200 433.5
1430210 433.5
1430220 433.6
1430230 433.7
1430240 433.7
1430250 433.7
1430260 433.7
1430270 433.7
1430280 433.7
1430290 433.5
1430300 433.5
1430310 433.3
1430320 432.9
1430330 432.9
1430340 432.4
1430350 431.8
1430360 431.8
1430370 431.1
1430380 428.8
1430390 428.8
1430400 427.0
1430410 428.4
1430420 428.4
1430430 430.4
1430440 431.9
1430450 432.6
1430460 432.6
1430470 432.9
1430480 433.4
1430490 433.4
1430500 434.1
1430510 434.5
1430520 434.5
1430530 434.7
1430540 434.9
1430550 434.9
1430560 435.2
1430570 435.7
1430580 435.7
1430590 436.1
1430600 436.4
1430610 436.4
1430620 436.5
1430630 436.5
1430640 436.5
1430650 436.6
1430660 436.7
1430670 436.7
1430680 436.6
1430690 436.7
1430700 436.7
1430710 436.7
1430720 436.8
1430730 436.8
1430740 436.9
1430750 437.0
1430760 437.0
1430770 436.8
1430780 436.7
1430790 436.7
1430800 436.8
1430810 437.0
1430820 437.0
1430830 437.2
1430840 437.2
1430850 437.2
1430860 437.3
1430870 437.2
1430880 437.2
1430890 437.1
1430900 437.1
1430910 437.1
1430920 436.9
1430930 436.9
1430940 436.9
1430950 436.9
1430960 437.1
1430970 437.1
1430980 437.0
1430990 436.8
1431000 436.8
1431010 436.5
1431020 436.0
1431030 436.0
1431040 435.6
1431050 435.4
1431060 435.4
1431070 435.1
1431080 434.8
1431090 434.8
1431100 434.4
1431110 433.9
1431120 433.9
1431130 433.1
1431140 432.0
1431150 432.0
1431160 430.9
1431170 430.0
1431180 430.0
1431190 429.5
1431200 429.1
1431210 429.1
1431220 428.8
1431230 428.3
1431240 428.3
1431250 427.8
1431260 427.4
1431270 427.4
1431280 427.2
1431290 426.8
1431300 426.8
1431310 426.3
1431320 425.4
1431330 425.4
1431340 424.2
1431350 422.9
1431360 422.9
1431370 421.8
1431380 421.1
1431390 421.1
1431400 420.5
1431410 420.0
1431420 420.0
1431430 419.4
1431440 419.0
1431450 419.0
1431460 418.7
1431470 418.8
1431480 418.8
1431490 418.8
1431500 418.7
1431510 418.7
1431520 418.7
1431530 418.7
1431540 418.7
1431550 418.8
1431560 419.0
1431570 419.0
1431580 419.9
1431590 420.9
1431600 420.9
1431610 422.9
1431620 421.8
1431630 421.8
1431640 420.7
1431650 419.0
1431660 419.0
1431670 418.6
1431680 418.6
1431690 418.6
1431700 418.6
1431710 418.7
1431720 418.7
1431730 418.7
1431740 419.1
1431750 419.1
1431760 420.7
1431770 424.0
1431780 424.0
1431790 427.0
1431800 429.9
1431810 429.9
1431820 431.4
1431830 431.8
1431840 431.8
1431850 432.2
1431860 432.8
1431870 432.8
1431880 433.4
1431890 433.9
1431900 433.9
1431910 434.3
1431920 434.7
1431930 434.7
1431940 435.1
1431950 435.6
1431960 435.6
1431970 436.0
1431980 436.4
1431990 436.4
1432000 436.7
1432010 436.9
1432020 436.9
1432030 437.2
1432040 437.4
1432050 437.4
1432060 437.6
1432070 437.8
1432080 437.8
1432090 438.0
1432100 438.2
1432110 438.2
1432120 438.4
1432130 438.6
1432140 438.6
1432150 438.8
1432160 439.0
1432170 439.0
1432180 439.2
1432190 439.4
1432200 439.4
1432210 439.5
1432220 439.7
1432230 439.7
1432240 439.7
1432250 439.8
1432260 439.8
1432270 439.8
1432280 439.3
1432290 439.3
1432300 439.0
1432310 438.9
1432320 438.9
1432330 439.1
1432340 439.3
1432350 439.3
1432360 439.5
1432370 439.8
1432380 439.8
1432390 440.0
1432400 440.2
1432410 440.2
1432420 440.4
1432430 440.6
1432440 440.6
1432450 440.7
1432460 440.6
1432470 440.6
1432480 440.5
1432490 440.5
1432500 440.5
1432510 440.6
1432520 440.8
1432530 440.8
1432540 440.8
1432550 440.9
1432560 440.9
1432570 441.1
1432580 441.3
1432590 441.3
1432600 441.2
1432610 441.2
1432620 441.2
1432630 441.2
1432640 441.2
1432650 441.2
1432660 441.2
1432670 441.1
1432680 441.1
1432690 441.0
1432700 440.9
1432710 440.9
1432720 440.8
1432730 440.7
1432740 440.7
1432750 440.6
1432760 440.3
1432770 440.3
1432780 440.1
1432790 439.9
1432800 439.9
1432810 439.7
1432820 439.6
1432830 439.4
1432840 439.4
1432850 439.3
1432860 439.1
1432870 439.1
1432880 439.0
1432890 438.8
1432900 438.8
1432910 438.6
1432920 438.4
1432930 438.4
1432940 438.1
1432950 437.9
1432960 437.9
1432970 437.6
1432980 437.5
1432990 437.5
1433000 437.3
1433010 437.1
1433020 437.1
1433030 436.8
1433040 436.4
1433050 436.4
1433060 436.1
1433070 435.7
1433080 435.7
1433090 435.2
1433100 434.7
1433110 434.7
1433120 434.0
1433130 430.6
1433140 430.6
1433150 424.6
1433160 418.8
1433170 418.8
1433180 414.5
1433190 413.0
1433200 413.0
1433210 412.4
1433220 412.0
1433230 412.0
1433240 411.7
1433250 411.5
1433260 411.5
1433270 411.4
1433280 411.3
1433290 411.3
1433300 411.3
1433310 411.2
1433320 411.2
1433330 411.2
1433340 411.2
1433350 411.2
1433360 411.2
1433370 411.2
1433380 411.2
1433390 411.3
1433400 411.3
1433410 411.3
1433420 411.3
1433430 411.4
1433440 411.4
1433450 411.5
1433460 411.5
1433470 411.5
1433480 411.5
1433490 411.5
1433500 411.5
1433510 411.5
1433520 411.5
1433530 411.5
1433540 411.5
1433550 411.5
1433560 411.5
1433570 411.6
1433580 411.6
1433590 411.6
1433600 411.5
1433610 411.4
1433620 411.4
1433630 411.4
1433640 411.4
1433650 411.4
1433660 411.4
1433670 411.3
1433680 411.3
1433690 411.2
1433700 411.2
1433710 411.2
1433720 411.2
1433730 411.3
1433740 411.3
1433750 411.5
1433760 411.2
1433770 411.2
1433780 411.0
1433790 410.9
1433800 410.9
1433810 410.9
1433820 410.9
1433830 410.9
1433840 411.0
1433850 411.0
1433860 411.0
1433870 411.0
1433880 410.9
1433890 410.9
1433900 410.9
1433910 410.9
1433920 410.9
1433930 411.0
1433940 411.0
1433950 411.0
1433960 410.9
1433970 410.9
1433980 410.9
1433990 410.9
1434000 410.9
1434010 410.9
1434020 410.9
1434030 410.9
1434040 410.9
1434050 411.0
1434060 411.0
1434070 411.0
1434080 411.1
1434090 411.0
1434100 411.0
1434110 411.0
1434120 411.0
1434130 411.0
1434140 410.9
1434150 411.0
1434160 411.0
1434170 410.9
1434180 410.9
1434190 410.9
1434200 410.9
1434210 410.8
1434220 410.8
1434230 410.8
1434240 411.0
1434250 411.0
1434260 411.1
1434270 411.1
1434280 411.1
1434290 411.1
1434300 411.1
1434310 411.1
1434320 411.1
1434330 411.1
1434340 411.1
1434350 411.1
1434360 411.3
1434370 411.3
1434380 411.3
1434390 411.4
1434400 411.4
1434410 411.4
1434420 411.4
1434430 411.4
1434440 411.3
1434450 411.3
1434460 411.3
1434470 411.4
1434480 411.3
1434490 411.3
1434500 411.4
1434510 411.4
1434520 411.4
1434530 411.5
1434540 411.5
1434550 411.5
1434560 411.5
1434570 411.5
1434580 411.5
1434590 411.4
1434600 411.2
1434610 411.2
1434620 411.3
1434630 411.3
1434640 411.3
1434650 411.3
1434660 411.3
1434670 411.3
1434680 411.4
1434690 411.5
1434700 411.5
1434710 411.4
1434720 411.3
1434730 411.3
1434740 411.4
1434750 411.4
1434760 411.4
1434770 411.5
1434780 411.4
1434790 411.4
1434800 411.3
1434810 411.4
1434820 411.4
1434830 411.4
1434840 411.4
1434850 411.4
1434860 411.4
1434870 411.5
1434880 411.5
1434890 411.6
1434900 411.6
1434910 411.6
1434920 411.6
1434930 411.5
1434940 411.5
1434950 411.5
1434960 411.5
1434970 411.5
1434980 411.5
1434990 411.7
1435000 411.7
1435010 411.7
1435020 411.6
1435030 411.6
1435040 411.5
1435050 411.7
1435060 411.7
1435070 411.5
1435080 411.6
1435090 411.6
1435100 411.5
1435110 411.8
1435120 411.8
1435130 411.6
1435140 411.7
1435150 411.7
1435160 411.7
1435170 411.6
1435180 411.6
1435190 411.5
1435200 411.7
1435210 411.7
1435220 411.7
1435230 411.7
1435240 411.7
1435250 411.5
1435260 411.5
1435270 411.5
1435280 411.5
1435290 411.5
1435300 411.5
1435310 411.5
1435320 411.4
1435330 411.5
1435340 411.5
1435350 411.7
1435360 411.6
1435370 411.6
1435380 411.4
1435390 411.4
1435400 411.4
1435410 411.3
1435420 411.3
1435430 411.3
1435440 411.2
1435450 411.3
1435460 411.3
1435470 411.3
1435480 411.2
1435490 411.2
1435500 411.3
1435510 411.4
1435520 411.4
1435530 411.4
1435540 411.1
1435550 411.1
1435560 411.1
1435570 411.1
1435580 411.1
1435590 411.1
1435600 411.1
1435610 411.1
1435620 411.0
1435630 410.9
1435640 410.9
1435650 410.9
1435660 411.1
1435670 411.1
1435680 411.1
1435690 411.0
1435700 411.0
1435710 411.0
1435720 411.1
1435730 411.1
1435740 411.1
1435750 411.2
1435760 411.2
1435770 411.2
1435780 411.2
1435790 411.2
1435800 411.2
1435810 411.0
1435820 411.0
1435830 411.0
1435840 411.1
1435850 411.1
1435860 411.1
1435870 411.2
1435880 411.2
1435890 411.2
1435900 411.1
1435910 411.1
1435920 411.0
1435930 411.0
1435940 411.0
1435950 411.1
1435960 411.0
1435970 411.0
1435980 410.8
1435990 410.9
1436000 410.9
1436010 410.9
1436020 410.8
1436030 410.8
1436040 410.8
1436050 410.9
1436060 410.9
1436070 410.9
1436080 410.8
1436090 410.8
1436100 410.8
1436110 410.8
1436120 410.8
1436130 410.8
1436140 410.6
1436150 410.6
1436160 410.4
1436170 410.5
1436180 410.5
1436190 410.5
1436200 410.5
1436210 410.5
1436220 410.6
1436230 410.5
1436240 410.5
1436250 410.4
1436260 410.4
1436270 410.4
1436280 410.4
1436290 410.4
1436300 410.4
1436310 410.4
1436320 410.4
1436330 410.4
1436340 410.3
1436350 410.2
1436360 410.2
1436370 410.0
1436380 410.1
1436390 410.1
1436400 410.2
1436410 410.2
1436420 410.2
1436430 410.1
1436440 410.0
1436450 410.0
1436460 410.1
1436470 410.1
1436480 410.1
1436490 410.1
1436500 410.0
1436510 410.0
1436520 409.9
1436530 409.9
1436540 409.9
1436550 409.9
1436560 410.1
1436570 410.1
1436580 410.2
1436590 410.2
1436600 410.2
1436610 410.1
1436620 410.1
1436630 410.1
1436640 409.9
1436650 409.8
1436660 409.8
1436670 409.8
1436680 409.9
1436690 409.9
1436700 410.0
1436710 410.0
1436720 410.0
1436730 409.8
1436740 409.6
1436750 409.6
1436760 409.5
1436770 409.5
1436780 409.5
1436790 409.7
1436800 409.6
1436810 409.6
1436820 409.4
1436830 409.4
1436840 409.4
1436850 409.4
1436860 409.5
1436870 409.5
1436880 409.3
1436890 409.3
1436900 409.3
1436910 409.3
1436920 409.2
1436930 409.2
1436940 409.1
1436950 409.2
1436960 409.2
1436970 409.2
1436980 409.2
1436990 409.2
1437000 409.2
1437010 409.1
1437020 409.1
1437030 409.1
1437040 409.0
1437050 409.0
1437060 409.0
1437070 409.0
1437080 409.0
1437090 409.0
1437100 409.0
1437110 409.0
1437120 409.0
1437130 408.9
1437140 408.9
1437150 408.8
1437160 408.5
1437170 408.5
1437180 408.4
1437190 408.3
1437200 408.3
1437210 408.2
1437220 408.2
1437230 408.2
1437240 408.4
1437250 408.6
1437260 408.6
1437270 408.5
1437280 408.5
1437290 408.5
1437300 408.4
1437310 408.3
1437320 408.3
1437330 408.2
1437340 408.2
1437350 408.2
1437360 408.2
1437370 408.2
1437380 408.2
1437390 408.2
1437400 408.0
1437410 408.0
1437420 408.1
1437430 408.3
1437440 408.3
1437450 408.3
1437460 408.2
1437470 408.2
1437480 408.2
1437490 408.0
1437500 408.0
1437510 407.8
1437520 407.8
1437530 407.8
1437540 407.7
1437550 407.7
1437560 407.7
1437570 407.7
1437580 407.6
1437590 407.6
1437600 407.5
1437610 407.4
1437620 407.4
1437630 407.5
1437640 407.7
1437650 407.7
1437660 407.7
1437670 407.5
1437680 407.5
1437690 407.3
1437700 407.3
1437710 407.2
1437720 407.2
1437730 407.2
1437740 407.2
1437750 407.2
1437760 407.1
1437770 406.9
1437780 407.0
1437790 407.0
1437800 406.8
1437810 406.8
1437820 406.7
1437830 406.7
1437840 406.7
1437850 406.7
1437860 406.8
1437870 406.8
1437880 406.9
1437890 407.1
1437900 407.1
1437910 407.1
1437920 407.0
1437930 407.0
1437940 406.8
1437950 406.7
1437960 406.7
1437970 406.5
1437980 406.5
1437990 406.5
1438000 406.5
1438010 406.4
1438020 406.4
1438030 406.5
1438040 406.7
1438050 406.7
1438060 406.8
1438070 406.6
1438080 406.6
1438090 406.5
1438100 406.5
1438110 406.5
1438120 406.4
1438130 406.4
1438140 406.4
1438150 406.3
1438160 406.4
1438170 406.4
1438180 406.3
1438190 406.3
1438200 406.3
1438210 406.4
1438220 406.4
1438230 406.4
1438240 406.4
1438250 406.4
1438260 406.4
1438270 406.3
1438280 406.2
1438290 406.2
1438300 406.1
1438310 406.0
1438320 406.0
1438330 406.0
1438340 406.0
1438350 406.0
1438360 406.0
1438370 405.9
1438380 405.9
1438390 405.9
1438400 405.8
1438410 405.8
1438420 405.9
1438430 405.9
1438440 405.9
1438450 405.8
1438460 405.8
1438470 405.8
1438480 405.8
1438490 405.7
1438500 405.7
1438510 405.7
1438520 405.6
1438530 405.6
1438540 405.5
1438550 405.4
1438560 405.4
1438570 405.5
1438580 405.4
1438590 405.4
1438600 405.5
1438610 405.2
1438620 405.2
1438630 405.1
1438640 405.1
1438650 405.1
1438660 405.0
1438670 405.0
1438680 405.0
1438690 404.9
1438700 404.9
1438710 404.9
1438720 404.9
1438730 404.9
1438740 404.9
1438750 404.7
1438760 404.5
1438770 404.5
1438780 404.2
1438790 404.0
1438800 404.0
1438810 403.9
1438820 403.9
1438830 403.9
1438840 404.0
1438850 404.1
1438860 404.1
1438870 403.7
1438880 403.7
1438890 403.7
1438900 403.9
1438910 403.9
1438920 403.9
1438930 403.8
1438940 403.9
1438950 403.9
1438960 403.9
1438970 403.9
1438980 403.9
1438990 403.9
1439000 403.9
1439010 403.9
1439020 403.9
1439030 403.9
1439040 403.9
1439050 404.0
1439060 404.0
1439070 404.0
1439080 404.0
1439090 404.0
1439100 404.0
1439110 404.0
1439120 403.9
1439130 403.9
1439140 403.8
1439150 403.9
1439160 403.9
1439170 403.9
1439180 403.9
1439190 403.9
1439200 404.0
1439210 404.1
1439220 404.1
1439230 404.2
1439240 404.2
1439250 404.2
1439260 404.2
1439270 404.3
1439280 404.3
1439290 404.3
1439300 404.4
1439310 404.4
1439320 404.7
1439330 405.8
1439340 405.8
1439350 409.1
1439360 413.7
1439370 413.7
1439380 418.5
1439390 423.0
1439400 423.0
1439410 427.2
1439420 430.8
1439430 430.8
1439440 433.0
1439450 433.9
1439460 433.9
1439470 434.2
1439480 434.4
1439490 434.4
1439500 434.8
1439510 435.3
1439520 435.3
1439530 436.0
1439540 436.6
1439550 436.6
1439560 437.1
1439570 437.4
1439580 437.4
1439590 437.6
1439600 437.7
1439610 437.7
1439620 437.9
1439630 438.0
1439640 438.0
1439650 438.2
1439660 438.4
1439670 438.4
1439680 438.6
1439690 438.8
1439700 438.8
1439710 439.0
1439720 439.2
1439730 439.2
1439740 439.5
1439750 439.8
1439760 439.8
1439770 440.1
1439780 440.4
1439790 440.4
1439800 440.7
1439810 441.0
1439820 441.0
1439830 441.3
1439840 441.7
1439850 441.7
1439860 442.1
1439870 442.0
1439880 442.0
1439890 441.7
1439900 441.4
1439910 441.4
1439920 441.1
1439930 441.1
1439940 441.1
1439950 441.2
1439960 441.2
1439970 441.2
1439980 441.0
1439990 440.4
