1431110 360.6
1431120 360.6
1431130 360.6
1431140 360.6
1431150 360.6
1431160 360.6
1431170 360.6
1431180 360.6
1431190 360.6
1431200 360.7
1431210 360.9
1431220 360.9
1431230 360.9
1431240 360.9
1431250 360.9
1431260 361.0
1431270 361.3
1431280 361.3
1431290 361.0
1431300 360.8
1431310 360.8
1431320 360.8
1431330 360.9
1431340 360.9
1431350 361.0
1431360 361.1
1431370 361.1
1431380 361.1
1431390 361.2
1431400 361.2
1431410 361.2
1431420 361.3
1431430 361.3
1431440 361.3
1431450 361.4
1431460 361.4
1431470 361.4
1431480 361.4
1431490 361.4
1431500 361.5
1431510 361.6
1431520 361.6
1431530 361.6
1431540 361.6
1431550 361.6
1431560 361.5
1431570 361.4
1431580 361.4
1431590 361.3
1431600 361.0
1431610 361.0
1431620 360.8
1431630 360.6
1431640 360.6
1431650 360.5
1431660 360.4
1431670 360.4
1431680 360.5
1431690 360.5
1431700 360.5
1431710 360.6
1431720 360.7
1431730 360.7
1431740 360.4
1431750 357.5
1431760 357.5
1431770 353.0
1431780 352.1
1431790 352.1
1431800 351.9
1431810 351.7
1431820 351.7
1431830 351.8
1431840 352.0
1431850 352.0
1431860 352.1
1431870 352.1
1431880 352.1
1431890 352.1
1431900 352.0
1431910 352.0
1431920 352.2
1431930 352.3
1431940 352.3
1431950 352.4
1431960 352.5
1431970 352.5
1431980 352.5
1431990 352.5
1432000 352.5
1432010 352.5
1432020 352.4
1432030 352.4
1432040 352.5
1432050 352.7
1432060 352.7
1432070 353.0
1432080 354.1
1432090 354.1
1432100 353.9
1432110 351.9
1432120 351.9
1432130 351.4
1432140 351.8
1432150 351.8
1432160 352.0
1432170 352.2
1432180 352.2
1432190 352.4
1432200 352.6
1432210 352.6
1432220 352.5
1432230 351.9
1432240 351.9
1432250 351.1
1432260 350.7
1432270 350.7
1432280 350.3
1432290 350.2
1432300 350.2
1432310 350.2
1432320 350.3
1432330 350.3
1432340 350.7
1432350 351.0
1432360 351.0
1432370 350.5
1432380 350.0
1432390 350.0
1432400 350.1
1432410 350.0
1432420 350.0
1432430 350.0
1432440 350.0
1432450 350.0
1432460 350.0
1432470 350.0
1432480 350.0
1432490 350.0
1432500 350.0
1432510 350.0
1432520 350.0
1432530 350.0
1432540 350.0
1432550 350.0
1432560 350.0
1432570 350.0
1432580 350.1
1432590 350.7
1432600 350.7
1432610 350.7
1432620 350.9
1432630 350.9
1432640 351.2
1432650 351.7
1432660 352.2
1432670 352.2
1432680 351.9
1432690 351.8
1432700 351.8
1432710 351.6
1432720 351.6
1432730 351.6
1432740 351.5
1432750 351.4
1432760 351.4
1432770 351.2
1432780 351.2
1432790 351.2
1432800 351.7
1432810 351.9
1432820 351.9
1432830 351.9
1432840 351.9
1432850 351.9
1432860 351.9
1432870 352.1
1432880 352.1
1432890 353.3
1432900 354.0
1432910 354.0
1432920 353.8
1432930 352.7
1432940 352.7
1432950 351.8
1432960 351.5
1432970 351.5
1432980 351.4
1432990 351.4
1433000 351.4
1433010 351.4
1433020 351.5
1433030 351.5
1433040 351.4
1433050 351.4
1433060 351.4
1433070 351.5
1433080 351.5
1433090 351.5
1433100 351.5
1433110 351.5
1433120 351.5
1433130 351.5
1433140 351.5
1433150 351.5
1433160 351.5
1433170 351.4
1433180 351.4
1433190 351.3
1433200 351.3
1433210 351.3
1433220 351.3
1433230 351.2
1433240 351.2
1433250 351.2
1433260 351.2
1433270 351.2
1433280 351.0
1433290 350.8
1433300 350.8
1433310 350.7
1433320 350.7
1433330 350.7
1433340 350.8
1433350 351.2
1433360 351.2
1433370 351.3
1433380 351.4
1433390 351.4
1433400 351.3
1433410 350.6
1433420 350.6
1433430 349.5
1433440 349.2
1433450 349.2
1433460 349.5
1433470 350.2
1433480 350.2
1433490 350.7
1433500 350.9
1433510 350.9
1433520 350.8
1433530 350.9
1433540 350.9
1433550 351.1
1433560 351.3
1433570 351.3
1433580 351.8
1433590 352.2
1433600 352.2
1433610 352.2
1433620 352.2
1433630 352.2
1433640 352.2
1433650 352.3
1433660 352.3
1433670 352.3
1433680 352.3
1433690 352.3
1433700 352.4
1433710 352.5
1433720 352.5
1433730 352.7
1433740 352.9
1433750 352.9
1433760 353.1
1433770 353.2
1433780 353.0
1433790 353.2
1433800 353.2
1433810 353.2
1433820 353.1
1433830 353.1
1433840 353.1
1433850 353.1
1433860 353.1
1433870 353.1
1433880 353.2
1433890 353.3
1433900 353.3
1433910 353.3
1433920 353.2
1433930 353.2
1433940 353.1
1433950 353.0
1433960 353.0
1433970 353.0
1433980 352.8
1433990 352.8
1434000 352.6
1434010 352.3
1434020 352.3
1434030 352.1
1434040 351.9
1434050 351.9
1434060 352.0
1434070 352.2
1434080 352.2
1434090 352.2
1434100 352.0
1434110 352.0
1434120 351.8
1434130 351.6
1434140 351.6
1434150 351.5
1434160 351.6
1434170 351.6
1434180 351.7
1434190 351.6
1434200 351.6
1434210 351.2
1434220 351.1
1434230 351.1
1434240 351.1
1434250 351.1
1434260 351.1
1434270 351.1
1434280 351.2
1434290 351.2
1434300 351.2
1434310 351.3
1434320 351.3
1434330 351.3
1434340 351.3
1434350 351.3
1434360 351.4
1434370 351.4
1434380 351.4
1434390 351.3
1434400 351.2
1434410 351.2
1434420 351.1
1434430 351.1
1434440 351.1
1434450 351.1
1434460 351.1
1434470 351.1
1434480 351.1
1434490 351.0
1434500 351.0
1434510 350.9
1434520 350.9
1434530 350.9
1434540 351.0
1434550 351.2
1434560 351.2
1434570 351.2
1434580 351.1
1434590 351.1
1434600 351.0
1434610 350.9
1434620 350.9
1434630 350.8
1434640 350.7
1434650 350.7
1434660 350.6
1434670 350.5
1434680 350.5
1434690 350.5
1434700 350.4
1434710 350.4
1434720 350.5
1434730 350.6
1434740 350.6
1434750 350.6
1434760 350.6
1434770 350.6
1434780 350.5
1434790 350.4
1434800 350.4
1434810 350.3
1434820 350.2
1434830 350.2
1434840 350.1
1434850 350.1
1434860 350.1
1434870 350.1
1434880 350.2
1434890 350.2
1434900 350.3
1434910 350.4
1434920 350.4
1434930 350.3
1434940 350.4
1434950 350.4
1434960 350.4
1434970 350.4
1434980 350.4
1434990 350.4
1435000 350.3
1435010 350.3
1435020 350.3
1435030 350.2
1435040 350.2
1435050 350.0
1435060 350.0
1435070 350.0
1435080 349.9
1435090 349.8
1435100 349.8
1435110 349.5
1435120 348.9
1435130 348.9
1435140 348.8
1435150 348.8
1435160 348.8
1435170 348.8
1435180 348.7
1435190 348.7
1435200 348.7
1435210 348.7
1435220 348.7
1435230 348.5
1435240 348.0
1435250 348.0
1435260 348.5
1435270 349.0
1435280 349.0
1435290 349.1
1435300 349.0
1435310 349.0
1435320 349.0
1435330 349.0
1435340 349.0
1435350 349.0
1435360 349.1
1435370 349.1
1435380 349.0
1435390 349.0
1435400 349.0
1435410 349.1
1435420 349.0
1435430 349.0
1435440 349.0
1435450 349.1
1435460 349.1
1435470 349.0
1435480 349.0
1435490 349.0
1435500 349.0
1435510 348.8
1435520 348.8
1435530 348.7
1435540 348.7
1435550 348.7
1435560 348.6
1435570 348.6
1435580 348.6
1435590 348.6
1435600 348.5
1435610 348.5
1435620 348.4
1435630 348.3
1435640 348.3
1435650 348.3
1435660 348.3
1435670 348.3
1435680 348.2
1435690 348.2
1435700 348.2
1435710 348.2
1435720 348.2
1435730 348.2
1435740 348.2
1435750 348.2
1435760 348.2
1435770 348.2
1435780 348.1
1435790 348.1
1435800 348.0
1435810 348.0
1435820 348.0
1435830 347.9
1435840 348.0
1435850 348.0
1435860 348.1
1435870 348.1
1435880 348.1
1435890 348.4
1435900 348.3
1435910 348.3
1435920 348.1
1435930 347.6
1435940 347.6
1435950 347.4
1435960 347.3
1435970 347.3
1435980 347.3
1435990 347.5
1436000 347.5
1436010 347.8
1436020 348.2
1436030 348.2
1436040 348.5
1436050 349.4
1436060 349.4
1436070 350.9
1436080 353.1
1436090 353.1
1436100 355.8
1436110 359.3
1436120 359.3
1436130 362.3
1436140 365.6
1436150 365.6
1436160 368.4
1436170 371.9
1436180 371.9
1436190 375.7
1436200 379.9
1436210 384.4
1436220 384.4
1436230 389.5
1436240 394.2
1436250 394.2
1436260 397.1
1436270 397.8
1436280 397.8
1436290 397.4
1436300 396.9
1436310 396.9
1436320 396.6
1436330 396.6
1436340 396.6
1436350 396.5
1436360 396.4
1436370 396.4
1436380 396.5
1436390 396.7
1436400 396.7
1436410 397.0
1436420 397.2
1436430 397.2
1436440 397.4
1436450 397.5
1436460 397.5
1436470 397.4
1436480 397.2
1436490 397.2
1436500 397.0
1436510 396.8
1436520 396.8
1436530 396.8
1436540 396.9
1436550 396.9
1436560 396.9
1436570 397.1
1436580 397.1
1436590 397.1
1436600 397.1
1436610 397.1
1436620 397.1
1436630 397.1
1436640 397.1
1436650 397.1
1436660 397.1
1436670 397.1
1436680 397.0
1436690 396.8
1436700 396.8
1436710 396.9
1436720 396.9
1436730 396.9
1436740 396.9
1436750 396.8
1436760 396.8
1436770 396.7
1436780 396.7
1436790 396.7
1436800 396.6
1436810 396.6
1436820 396.6
1436830 396.8
1436840 396.8
1436850 396.8
1436860 396.8
1436870 396.8
1436880 396.8
1436890 396.8
1436900 396.8
1436910 396.8
1436920 396.8
1436930 396.5
1436940 396.5
1436950 396.4
1436960 396.5
1436970 396.5
1436980 396.5
1436990 396.5
1437000 396.5
1437010 396.4
1437020 396.4
1437030 396.4
1437040 396.5
1437050 396.4
1437060 396.4
1437070 396.3
1437080 396.2
1437090 396.2
1437100 396.0
1437110 395.9
1437120 395.9
1437130 395.8
1437140 395.7
1437150 395.7
1437160 395.8
1437170 395.7
1437180 395.7
1437190 395.7
1437200 395.7
1437210 395.7
1437220 395.7
1437230 395.7
1437240 395.7
1437250 395.6
1437260 395.6
1437270 395.6
1437280 395.6
1437290 395.6
1437300 395.6
1437310 395.7
1437320 395.7
1437330 395.7
1437340 395.5
1437350 395.5
1437360 395.5
1437370 395.4
1437380 395.4
1437390 395.4
1437400 395.5
1437410 395.5
1437420 395.5
1437430 395.4
1437440 395.4
1437450 395.4
1437460 395.4
1437470 395.3
1437480 395.3
1437490 395.2
1437500 395.0
1437510 395.0
1437520 395.0
1437530 395.0
1437540 395.0
1437550 395.0
1437560 395.0
1437570 395.0
1437580 394.9
1437590 394.8
1437600 394.8
1437610 394.7
1437620 394.6
1437630 394.6
1437640 394.5
1437650 394.5
1437660 394.5
1437670 394.5
1437680 394.5
1437690 394.5
1437700 394.4
1437710 394.3
1437720 394.3
1437730 394.2
1437740 394.2
1437750 394.2
1437760 394.2
1437770 394.3
1437780 394.3
1437790 394.4
1437800 394.4
1437810 394.4
1437820 394.4
1437830 394.4
1437840 394.4
1437850 394.3
1437860 394.2
1437870 394.2
1437880 394.1
1437890 394.3
1437900 394.3
1437910 394.0
1437920 393.8
1437930 393.8
1437940 393.8
1437950 393.7
1437960 393.7
1437970 392.7
1437980 388.6
1437990 388.6
1438000 387.6
1438010 387.7
1438020 387.7
1438030 388.4
1438040 388.8
1438050 388.8
1438060 389.7
1438070 391.5
1438080 391.5
1438090 393.1
1438100 393.4
1438110 393.4
1438120 393.6
1438130 393.6
1438140 393.6
1438150 393.5
1438160 393.6
1438170 393.6
1438180 393.6
1438190 393.7
1438200 393.7
1438210 393.5
1438220 393.4
1438230 393.4
1438240 393.3
1438250 393.4
1438260 393.4
1438270 393.4
1438280 393.3
1438290 393.3
1438300 393.2
1438310 393.1
1438320 393.1
1438330 393.1
1438340 393.2
1438350 393.2
1438360 393.3
1438370 393.2
1438380 393.2
1438390 393.2
1438400 393.2
1438410 393.2
1438420 393.1
1438430 393.1
1438440 393.1
1438450 393.0
1438460 393.0
1438470 393.0
1438480 393.1
1438490 393.1
1438500 393.1
1438510 392.9
1438520 392.9
1438530 392.9
1438540 392.9
1438550 392.8
1438560 392.8
1438570 392.8
1438580 392.6
1438590 392.6
1438600 392.5
1438610 392.4
1438620 392.4
1438630 392.4
1438640 392.5
1438650 392.5
1438660 392.5
1438670 392.5
1438680 392.5
1438690 392.5
1438700 392.5
1438710 392.5
1438720 392.4
1438730 392.4
1438740 392.4
1438750 392.3
1438760 392.2
1438770 392.2
1438780 392.2
1438790 392.2
1438800 392.2
1438810 392.1
1438820 392.1
1438830 392.1
1438840 392.0
1438850 391.9
1438860 391.9
1438870 391.9
1438880 391.8
1438890 391.8
1438900 391.8
1438910 391.7
1438920 391.7
1438930 391.8
1438940 391.7
1438950 391.7
1438960 391.6
1438970 391.6
1438980 391.6
1438990 391.7
1439000 391.6
1439010 391.6
1439020 391.5
1439030 391.4
1439040 391.4
1439050 391.4
1439060 391.5
1439070 391.5
1439080 391.4
1439090 391.5
1439100 391.5
1439110 391.4
1439120 391.3
1439130 391.3
1439140 391.3
1439150 391.3
1439160 391.3
1439170 391.3
1439180 391.2
1439190 391.2
1439200 391.1
1439210 391.1
1439220 391.1
1439230 391.1
1439240 391.0
1439250 391.0
1439260 390.9
1439270 390.9
1439280 390.9
1439290 391.1
1439300 391.0
1439310 391.0
1439320 390.8
1439330 390.8
1439340 390.8
1439350 390.9
1439360 390.9
1439370 390.9
1439380 390.8
1439390 390.7
1439400 390.7
1439410 390.7
1439420 390.7
1439430 390.7
1439440 390.7
1439450 390.5
1439460 390.5
1439470 390.5
1439480 390.5
1439490 390.5
1439500 390.5
1439510 390.4
1439520 390.4
1439530 390.3
1439540 390.3
1439550 390.3
1439560 390.2
1439570 390.2
1439580 390.2
1439590 390.2
1439600 390.2
1439610 390.2
1439620 390.0
1439630 389.9
1439640 389.9
1439650 389.9
1439660 390.0
1439670 390.0
1439680 389.9
1439690 390.0
1439700 390.0
1439710 390.0
1439720 389.9
1439730 389.9
1439740 389.9
1439750 389.8
1439760 389.8
1439770 389.8
1439780 389.8
1439790 389.8
1439800 389.8
1439810 389.8
1439820 389.8
1439830 389.8
1439840 389.7
1439850 389.7
1439860 389.4
1439870 389.3
1439880 389.3
1439890 389.3
1439900 389.4
1439910 389.3
1439920 389.3
1439930 389.3
1439940 389.4
1439950 389.4
1439960 389.4
1439970 389.3
1439980 389.3
1439990 389.3
