1432220 365.2
1432230 365.2
1432240 365.3
1432250 365.3
1432260 365.3
1432270 365.3
1432280 365.3
1432290 365.3
1432300 365.3
1432310 365.3
1432320 365.3
1432330 365.3
1432340 365.4
1432350 365.4
1432360 365.6
1432370 365.8
1432380 365.8
1432390 365.9
1432400 366.1
1432410 366.1
1432420 366.1
1432430 366.0
1432440 366.0
1432450 366.0
1432460 366.0
1432470 366.0
1432480 366.3
1432490 366.2
1432500 366.2
1432510 366.3
1432520 366.5
1432530 366.5
1432540 366.4
1432550 366.6
1432560 366.6
1432570 366.4
1432580 366.4
1432590 366.4
1432600 366.4
1432610 366.4
1432620 366.4
1432630 366.8
1432640 366.9
1432650 366.9
1432660 366.7
1432670 366.5
1432680 366.5
1432690 366.6
1432700 366.7
1432710 366.7
1432720 366.8
1432730 366.9
1432740 366.9
1432750 366.8
1432760 367.0
1432770 367.0
1432780 367.2
1432790 366.9
1432800 366.9
1432810 366.9
1432820 366.8
1432830 366.8
1432840 366.6
1432850 366.5
1432860 366.5
1432870 366.4
1432880 366.3
1432890 366.3
1432900 366.2
1432910 366.1
1432920 366.1
1432930 366.1
1432940 366.0
1432950 366.0
1432960 365.9
1432970 365.8
1432980 365.8
1432990 365.8
1433000 365.8
1433010 365.8
1433020 365.9
1433030 366.0
1433040 366.0
1433050 366.1
1433060 366.1
1433070 366.1
1433080 366.1
1433090 366.0
1433100 366.0
1433110 365.6
1433120 365.1
1433130 365.1
1433140 364.8
1433150 364.6
1433160 364.6
1433170 364.3
1433180 364.2
1433190 364.3
1433200 364.3
1433210 364.1
1433220 363.9
1433230 363.9
1433240 363.7
1433250 363.6
1433260 363.6
1433270 364.1
1433280 364.1
1433290 364.1
1433300 363.6
1433310 363.4
1433320 363.4
1433330 362.7
1433340 362.7
1433350 362.7
1433360 362.8
1433370 362.9
1433380 362.9
1433390 363.2
1433400 363.2
1433410 363.2
1433420 363.2
1433430 362.6
1433440 362.6
1433450 359.8
1433460 354.3
1433470 354.3
1433480 353.4
1433490 353.8
1433500 353.8
1433510 352.6
1433520 351.4
1433530 351.4
1433540 350.9
1433550 350.5
1433560 350.5
1433570 350.0
1433580 349.8
1433590 349.8
1433600 350.0
1433610 350.1
1433620 350.1
1433630 350.1
1433640 350.2
1433650 350.2
1433660 350.2
1433670 350.1
1433680 350.1
1433690 350.1
1433700 350.0
1433710 350.0
1433720 350.0
1433730 350.0
1433740 350.0
1433750 350.1
1433760 350.0
1433770 350.0
1433780 350.1
1433790 350.5
1433800 350.5
1433810 350.7
1433820 350.6
1433830 350.6
1433840 350.5
1433850 350.5
1433860 350.5
1433870 350.6
1433880 350.3
1433890 350.3
1433900 350.3
1433910 350.2
1433920 350.2
1433930 350.0
1433940 349.8
1433950 349.8
1433960 349.9
1433970 350.2
1433980 350.2
1433990 350.4
1434000 350.8
1434010 350.8
1434020 350.8
1434030 350.7
1434040 350.7
1434050 350.8
1434060 350.8
1434070 350.8
1434080 350.8
1434090 350.7
1434100 350.7
1434110 350.6
1434120 350.6
1434130 350.6
1434140 350.6
1434150 350.6
1434160 350.6
1434170 350.6
1434180 350.7
1434190 350.7
1434200 350.6
1434210 350.4
1434220 350.4
1434230 350.4
1434240 350.2
1434250 350.2
1434260 350.2
1434270 350.1
1434280 350.1
1434290 350.1
1434300 350.1
1434310 350.1
1434320 350.3
1434330 350.3
1434340 350.3
1434350 350.2
1434360 350.2
1434370 350.2
1434380 350.1
1434390 350.1
1434400 350.1
1434410 350.1
1434420 350.1
1434430 350.1
1434440 350.1
1434450 350.2
1434460 350.2
1434470 350.2
1434480 350.3
1434490 350.3
1434500 350.2
1434510 349.3
1434520 349.3
1434530 349.2
1434540 349.6
1434550 349.6
1434560 349.7
1434570 349.7
1434580 349.7
1434590 349.7
1434600 350.1
1434610 350.1
1434620 350.1
1434630 350.3
1434640 350.3
1434650 350.2
1434660 350.1
1434670 350.1
1434680 350.1
1434690 350.0
1434700 350.0
1434710 349.9
1434720 349.8
1434730 349.8
1434740 349.8
1434750 349.9
1434760 349.9
1434770 350.0
1434780 350.1
1434790 350.1
1434800 350.2
1434810 350.2
1434820 350.2
1434830 350.1
1434840 350.1
1434850 350.1
1434860 350.2
1434870 350.2
1434880 350.2
1434890 350.2
1434900 350.4
1434910 350.4
1434920 351.0
1434930 351.6
1434940 351.6
1434950 351.7
1434960 350.9
1434970 350.9
1434980 351.1
1434990 351.1
1435000 351.1
1435010 351.1
1435020 351.2
1435030 351.2
1435040 351.3
1435050 351.3
1435060 351.3
1435070 351.4
1435080 351.4
1435090 351.4
1435100 351.4
1435110 351.3
1435120 351.3
1435130 351.3
1435140 351.3
1435150 351.3
1435160 351.2
1435170 351.1
1435180 351.1
1435190 351.0
1435200 350.9
1435210 350.9
1435220 350.9
1435230 351.1
1435240 351.1
1435250 351.2
1435260 351.1
1435270 351.1
1435280 351.0
1435290 350.9
1435300 350.9
1435310 350.9
1435320 351.1
1435330 351.1
1435340 351.3
1435350 351.3
1435360 351.3
1435370 351.4
1435380 351.5
1435390 351.5
1435400 351.5
1435410 351.6
1435420 351.6
1435430 351.8
1435440 351.9
1435450 351.9
1435460 352.1
1435470 352.2
1435480 352.2
1435490 352.0
1435500 351.4
1435510 351.4
1435520 350.7
1435530 350.3
1435540 350.3
1435550 349.7
1435560 349.4
1435570 349.4
1435580 349.3
1435590 349.3
1435600 349.3
1435610 349.2
1435620 349.2
1435630 349.2
1435640 349.1
1435650 349.2
1435660 349.2
1435670 349.3
1435680 349.3
1435690 349.3
1435700 349.3
1435710 349.4
1435720 349.4
1435730 349.3
1435740 349.3
1435750 349.3
1435760 349.2
1435770 349.1
1435780 349.1
1435790 349.0
1435800 348.7
1435810 348.7
1435820 348.5
1435830 348.4
1435840 348.4
1435850 348.5
1435860 348.2
1435870 348.2
1435880 348.5
1435890 348.8
1435900 348.8
1435910 348.4
1435920 347.6
1435930 347.6
1435940 347.7
1435950 348.0
1435960 348.0
1435970 348.0
1435980 348.0
1435990 348.0
1436000 347.9
1436010 347.8
1436020 347.8
1436030 347.7
1436040 347.6
1436050 347.6
1436060 347.6
1436070 347.6
1436080 347.6
1436090 347.6
1436100 347.6
1436110 347.6
1436120 347.7
1436130 347.6
1436140 347.6
1436150 347.7
1436160 347.7
1436170 347.7
1436180 347.7
1436190 347.7
1436200 347.7
1436210 347.7
1436220 347.9
1436230 347.9
1436240 347.9
1436250 347.9
1436260 347.9
1436270 347.9
1436280 347.9
1436290 347.9
1436300 348.0
1436310 347.9
1436320 347.9
1436330 347.9
1436340 347.9
1436350 347.9
1436360 348.0
1436370 347.9
1436380 347.9
1436390 348.0
1436400 348.0
1436410 348.0
1436420 348.0
1436430 347.9
1436440 347.9
1436450 347.9
1436460 347.9
1436470 347.9
1436480 347.8
1436490 347.6
1436500 347.6
1436510 347.6
1436520 347.5
1436530 347.5
1436540 347.5
1436550 347.5
1436560 347.5
1436570 347.5
1436580 347.5
1436590 347.5
1436600 347.5
1436610 347.2
1436620 347.2
1436630 347.1
1436640 347.2
1436650 347.2
1436660 347.5
1436670 347.7
1436680 347.7
1436690 347.7
1436700 347.9
1436710 347.9
1436720 348.1
1436730 348.0
1436740 348.0
1436750 348.3
1436760 348.5
1436770 348.5
1436780 348.7
1436790 348.5
1436800 348.5
1436810 348.0
1436820 347.7
1436830 347.7
1436840 347.8
1436850 347.6
1436860 347.6
1436870 347.6
1436880 347.5
1436890 347.5
1436900 347.6
1436910 348.0
1436920 348.0
1436930 348.3
1436940 348.3
1436950 348.3
1436960 348.5
1436970 348.5
1436980 348.5
1436990 348.5
1437000 348.4
1437010 348.4
1437020 348.2
1437030 348.1
1437040 348.1
1437050 348.0
1437060 348.0
1437070 348.0
1437080 348.0
1437090 348.1
1437100 348.1
1437110 347.9
1437120 346.8
1437130 346.8
1437140 347.2
1437150 347.3
1437160 347.3
1437170 347.2
1437180 346.9
1437190 346.9
1437200 347.4
1437210 348.6
1437220 348.6
1437230 351.0
1437240 352.5
1437250 352.5
1437260 350.3
1437270 349.5
1437280 349.5
1437290 349.4
1437300 349.4
1437310 349.4
1437320 349.4
1437330 349.6
1437340 349.6
1437350 349.6
1437360 349.6
1437370 349.9
1437380 349.9
1437390 350.1
1437400 350.2
1437410 350.2
1437420 350.2
1437430 350.0
1437440 350.0
1437450 350.1
1437460 350.0
1437470 350.0
1437480 349.9
1437490 350.0
1437500 350.0
1437510 349.8
1437520 349.6
1437530 349.6
1437540 349.5
1437550 349.6
1437560 349.6
1437570 349.5
1437580 349.5
1437590 349.5
1437600 349.7
1437610 349.8
1437620 349.8
1437630 349.8
1437640 349.9
1437650 349.9
1437660 349.9
1437670 349.8
1437680 349.8
1437690 350.0
1437700 349.8
1437710 349.8
1437720 349.8
1437730 349.7
1437740 349.7
1437750 349.6
1437760 349.6
1437770 349.6
1437780 349.9
1437790 349.9
1437800 349.9
1437810 349.7
1437820 349.4
1437830 349.4
1437840 349.6
1437850 349.7
1437860 349.7
1437870 349.8
1437880 349.5
1437890 349.5
1437900 349.6
1437910 349.6
1437920 349.6
1437930 349.5
1437940 349.6
1437950 349.6
1437960 349.5
1437970 349.5
1437980 349.5
1437990 349.6
1438000 349.4
1438010 349.4
1438020 349.5
1438030 349.5
1438040 349.5
1438050 349.5
1438060 349.5
1438070 349.5
1438080 349.6
1438090 349.6
1438100 349.6
1438110 349.6
1438120 349.5
1438130 349.5
1438140 349.4
1438150 349.5
1438160 349.5
1438170 349.6
1438180 349.5
1438190 349.5
1438200 349.5
1438210 349.5
1438220 349.5
1438230 349.5
1438240 349.5
1438250 349.5
1438260 349.5
1438270 349.4
1438280 349.4
1438290 349.5
1438300 349.5
1438310 349.5
1438320 349.4
1438330 349.4
1438340 349.4
1438350 349.4
1438360 349.4
1438370 349.4
1438380 349.4
1438390 349.4
1438400 349.4
1438410 349.4
1438420 349.4
1438430 349.4
1438440 349.5
1438450 349.5
1438460 349.5
1438470 349.5
1438480 349.5
1438490 349.5
1438500 349.5
1438510 349.5
1438520 349.5
1438530 349.5
1438540 349.5
1438550 349.5
1438560 349.5
1438570 349.5
1438580 349.5
1438590 349.5
1438600 349.5
1438610 349.5
1438620 349.4
1438630 349.4
1438640 349.4
1438650 349.5
1438660 349.5
1438670 349.5
1438680 349.6
1438690 349.9
1438700 349.9
1438710 350.0
1438720 350.0
1438730 350.0
1438740 350.0
1438750 349.9
1438760 349.9
1438770 349.9
1438780 349.9
1438790 349.9
1438800 349.7
1438810 349.5
1438820 349.5
1438830 349.5
1438840 349.5
1438850 349.5
1438860 349.5
1438870 349.5
1438880 349.5
1438890 349.5
1438900 349.5
1438910 349.5
1438920 349.5
1438930 349.5
1438940 349.5
1438950 349.5
1438960 349.5
1438970 349.5
1438980 349.5
1438990 349.5
1439000 349.5
1439010 349.5
1439020 349.5
1439030 349.5
1439040 349.5
1439050 349.6
1439060 349.6
1439070 349.5
1439080 349.5
1439090 349.5
1439100 349.5
1439110 349.5
1439120 349.5
1439130 349.5
1439140 349.5
1439150 349.5
1439160 349.5
1439170 349.5
1439180 349.5
1439190 349.5
1439200 349.5
1439210 349.5
1439220 349.5
1439230 349.5
1439240 349.5
1439250 349.5
1439260 349.5
1439270 349.5
1439280 349.5
1439290 349.5
1439300 349.5
1439310 349.5
1439320 349.5
1439330 349.5
1439340 349.5
1439350 349.5
1439360 349.5
1439370 349.5
1439380 349.5
1439390 349.5
1439400 349.5
1439410 349.5
1439420 349.5
1439430 349.5
1439440 349.5
1439450 349.5
1439460 349.5
1439470 349.5
1439480 349.5
1439490 349.5
1439500 349.5
1439510 349.5
1439520 349.5
1439530 349.5
1439540 349.5
1439550 349.5
1439560 349.5
1439570 349.5
1439580 349.5
1439590 349.5
1439600 349.5
1439610 349.5
1439620 349.5
1439630 349.5
1439640 349.5
1439650 349.5
1439660 349.5
1439670 349.5
1439680 349.5
1439690 349.5
1439700 349.5
1439710 349.5
1439720 349.5
1439730 349.5
1439740 349.5
1439750 349.5
1439760 349.6
1439770 349.8
1439780 349.8
1439790 350.0
1439800 349.5
1439810 349.5
1439820 349.5
1439830 349.6
1439840 349.6
1439850 349.9
1439860 350.3
1439870 350.3
1439880 350.2
1439890 349.8
1439900 349.8
1439910 349.5
1439920 349.5
1439930 349.5
1439940 349.5
1439950 349.5
1439960 349.5
1439970 349.4
1439980 349.4
1439990 349.4
