1432520 366.1
1432530 366.1
1432540 366.1
1432550 366.3
1432560 366.1
1432570 366.1
1432580 366.0
1432590 366.0
1432600 366.0
1432610 366.0
1432620 365.9
1432630 365.9
1432640 365.8
1432650 365.8
1432660 365.8
1432670 365.8
1432680 365.8
1432690 365.8
1432700 365.8
1432710 365.9
1432720 365.9
1432730 365.9
1432740 366.0
1432750 366.0
1432760 366.1
1432770 366.2
1432780 366.2
1432790 366.3
1432800 366.3
1432810 366.3
1432820 366.4
1432830 366.4
1432840 366.4
1432850 366.5
1432860 366.6
1432870 366.6
1432880 366.6
1432890 366.6
1432900 366.6
1432910 366.3
1432920 366.2
1432930 366.2
1432940 366.3
1432950 366.2
1432960 366.2
1432970 366.1
1432980 366.2
1432990 366.2
1433000 366.2
1433010 366.2
1433020 366.2
1433030 366.2
1433040 366.2
1433050 366.2
1433060 366.2
1433070 366.3
1433080 366.3
1433090 366.3
1433100 366.2
1433110 366.2
1433120 366.0
1433130 365.9
1433140 365.9
1433150 365.9
1433160 365.8
1433170 365.8
1433180 365.9
1433190 365.7
1433200 365.7
1433210 365.6
1433220 365.5
1433230 365.5
1433240 365.4
1433250 365.4
1433260 365.3
1433270 365.3
1433280 365.4
1433290 365.4
1433300 365.6
1433310 365.9
1433320 365.9
1433330 366.2
1433340 366.3
1433350 366.3
1433360 366.3
1433370 366.5
1433380 366.5
1433390 366.4
1433400 366.3
1433410 366.3
1433420 366.3
1433430 366.3
1433440 366.3
1433450 366.2
1433460 366.2
1433470 366.2
1433480 366.2
1433490 366.2
1433500 366.2
1433510 366.2
1433520 366.2
1433530 366.2
1433540 366.3
1433550 366.3
1433560 366.3
1433570 366.2
1433580 366.1
1433590 366.1
1433600 366.0
1433610 366.0
1433620 366.0
1433630 365.9
1433640 365.9
1433650 365.9
1433660 365.8
1433670 365.8
1433680 365.8
1433690 365.8
1433700 365.7
1433710 365.7
1433720 365.7
1433730 365.7
1433740 365.7
1433750 365.7
1433760 365.7
1433770 365.7
1433780 365.8
1433790 365.8
1433800 365.8
1433810 365.7
1433820 365.4
1433830 365.4
1433840 364.7
1433850 363.7
1433860 363.7
1433870 362.7
1433880 362.6
1433890 362.6
1433900 363.0
1433910 362.8
1433920 362.8
1433930 362.6
1433940 362.4
1433950 362.4
1433960 362.3
1433970 362.1
1433980 362.1
1433990 362.0
1434000 362.1
1434010 362.1
1434020 362.2
1434030 362.5
1434040 362.5
1434050 362.5
1434060 362.6
1434070 362.6
1434080 362.8
1434090 363.1
1434100 363.1
1434110 363.3
1434120 363.5
1434130 363.5
1434140 363.7
1434150 363.9
1434160 363.9
1434170 364.0
1434180 364.2
1434190 364.2
1434200 364.7
1434210 364.9
1434220 364.9
1434230 364.9
1434240 364.8
1434250 364.8
1434260 364.8
1434270 364.6
1434280 364.6
1434290 364.5
1434300 364.2
1434310 364.2
1434320 364.4
1434330 363.6
1434340 363.6
1434350 360.1
1434360 358.5
1434370 358.5
1434380 358.1
1434390 358.0
1434400 358.0
1434410 358.0
1434420 357.9
1434430 357.9
1434440 357.9
1434450 358.0
1434460 358.0
1434470 358.0
1434480 358.2
1434490 358.2
1434500 358.7
1434510 358.5
1434520 358.5
1434530 358.7
1434540 358.7
1434550 358.7
1434560 358.9
1434570 359.0
1434580 359.0
1434590 359.2
1434600 359.2
1434610 359.2
1434620 359.2
1434630 359.2
1434640 359.2
1434650 359.2
1434660 359.3
1434670 359.3
1434680 359.4
1434690 359.4
1434700 359.4
1434710 359.3
1434720 359.4
1434730 359.4
1434740 359.5
1434750 359.4
1434760 359.4
1434770 359.4
1434780 359.1
1434790 359.1
1434800 359.1
1434810 359.0
1434820 359.0
1434830 359.0
1434840 358.9
1434850 358.9
1434860 358.9
1434870 358.9
1434880 358.9
1434890 358.8
1434900 358.8
1434910 358.8
1434920 358.7
1434930 358.6
1434940 358.6
1434950 358.4
1434960 358.6
1434970 358.6
1434980 358.6
1434990 358.5
1435000 358.5
1435010 358.6
1435020 358.4
1435030 358.4
1435040 357.2
1435050 354.2
1435060 354.2
1435070 352.6
1435080 351.8
1435090 351.8
1435100 351.5
1435110 350.9
1435120 350.9
1435130 350.7
1435140 350.8
1435150 350.8
1435160 350.9
1435170 351.0
1435180 351.0
1435190 350.9
1435200 350.8
1435210 350.8
1435220 350.8
1435230 350.8
1435240 350.8
1435250 350.9
1435260 351.0
1435270 351.0
1435280 351.1
1435290 351.1
1435300 351.1
1435310 351.2
1435320 351.2
1435330 351.2
1435340 351.2
1435350 351.1
1435360 351.1
1435370 350.9
1435380 350.5
1435390 350.5
1435400 350.4
1435410 350.4
1435420 350.4
1435430 350.5
1435440 350.6
1435450 350.6
1435460 350.7
1435470 350.7
1435480 350.7
1435490 350.7
1435500 350.6
1435510 350.6
1435520 350.6
1435530 350.6
1435540 350.6
1435550 350.7
1435560 350.7
1435570 350.7
1435580 350.8
1435590 350.9
1435600 350.9
1435610 350.9
1435620 350.9
1435630 350.9
1435640 350.9
1435650 350.8
1435660 350.8
1435670 350.3
1435680 350.8
1435690 350.8
1435700 350.7
1435710 350.6
1435720 350.6
1435730 350.5
1435740 350.3
1435750 350.3
1435760 350.2
1435770 350.1
1435780 350.1
1435790 350.0
1435800 349.6
1435810 349.6
1435820 349.4
1435830 349.2
1435840 349.2
1435850 349.0
1435860 349.0
1435870 349.0
1435880 349.0
1435890 349.0
1435900 349.0
1435910 349.0
1435920 349.0
1435930 349.0
1435940 349.0
1435950 349.1
1435960 349.1
1435970 349.2
1435980 349.1
1435990 349.1
1436000 349.0
1436010 349.0
1436020 349.0
1436030 348.9
1436040 348.9
1436050 348.9
1436060 349.0
1436070 349.1
1436080 349.1
1436090 349.1
1436100 349.1
1436110 349.1
1436120 349.1
1436130 349.1
1436140 349.1
1436150 349.1
1436160 349.1
1436170 349.0
1436180 349.0
1436190 348.8
1436200 348.9
1436210 348.9
1436220 349.0
1436230 349.0
1436240 349.0
1436250 349.0
1436260 349.0
1436270 349.0
1436280 349.1
1436290 349.2
1436300 349.2
1436310 349.2
1436320 349.2
1436330 349.2
1436340 349.3
1436350 349.2
1436360 349.2
1436370 349.1
1436380 349.0
1436390 349.0
1436400 348.9
1436410 348.9
1436420 348.9
1436430 348.7
1436440 347.9
1436450 347.9
1436460 347.5
1436470 347.9
1436480 347.9
1436490 348.3
1436500 348.6
1436510 348.6
1436520 348.6
1436530 348.6
1436540 348.6
1436550 348.6
1436560 348.7
1436570 348.7
1436580 348.6
1436590 348.5
1436600 348.5
1436610 348.5
1436620 348.5
1436630 348.5
1436640 348.4
1436650 348.3
1436660 348.3
1436670 348.4
1436680 348.5
1436690 348.5
1436700 348.5
1436710 348.5
1436720 348.5
1436730 348.4
1436740 348.4
1436750 348.4
1436760 348.5
1436770 348.6
1436780 348.6
1436790 348.5
1436800 348.6
1436810 348.6
1436820 348.5
1436830 348.5
1436840 348.5
1436850 348.3
1436860 348.4
1436870 348.4
1436880 348.5
1436890 348.4
1436900 348.4
1436910 348.4
1436920 348.4
1436930 348.4
1436940 348.3
1436950 348.3
1436960 348.3
1436970 348.3
1436980 348.4
1436990 348.4
1437000 348.4
1437010 348.3
1437020 348.3
1437030 348.3
1437040 348.5
1437050 348.5
1437060 348.5
1437070 348.5
1437080 348.5
1437090 348.6
1437100 348.7
1437110 348.7
1437120 348.6
1437130 348.5
1437140 348.5
1437150 348.5
1437160 348.0
1437170 348.0
1437180 347.4
1437190 347.5
1437200 347.5
1437210 347.7
1437220 347.7
1437230 347.7
1437240 347.2
1437250 347.5
1437260 347.5
1437270 347.4
1437280 347.3
1437290 347.3
1437300 347.1
1437310 347.1
1437320 347.1
1437330 347.1
1437340 348.2
1437350 348.2
1437360 350.3
1437370 352.4
1437380 352.4
1437390 350.8
1437400 349.9
1437410 349.9
1437420 349.8
1437430 349.8
1437440 349.8
1437450 350.0
1437460 350.2
1437470 350.2
1437480 350.0
1437490 349.9
1437500 349.9
1437510 350.0
1437520 350.4
1437530 350.4
1437540 350.4
1437550 350.2
1437560 350.2
1437570 350.3
1437580 350.1
1437590 350.1
1437600 350.1
1437610 349.9
1437620 349.9
1437630 349.7
1437640 349.8
1437650 349.8
1437660 350.0
1437670 350.0
1437680 350.0
1437690 350.0
1437700 350.1
1437710 350.1
1437720 350.0
1437730 349.9
1437740 349.9
1437750 349.9
1437760 350.0
1437770 350.0
1437780 350.0
1437790 350.0
1437800 350.0
1437810 349.9
1437820 350.0
1437830 350.0
1437840 350.1
1437850 350.1
1437860 350.1
1437870 350.0
1437880 349.8
1437890 349.8
1437900 349.7
1437910 349.8
1437920 349.8
1437930 349.9
1437940 349.9
1437950 349.9
1437960 349.7
1437970 349.5
1437980 349.5
1437990 349.4
1438000 349.4
1438010 349.4
1438020 349.5
1438030 349.5
1438040 349.5
1438050 349.5
1438060 349.5
1438070 349.5
1438080 349.5
1438090 349.5
1438100 349.5
1438110 349.6
1438120 349.6
1438130 349.6
1438140 349.6
1438150 349.6
1438160 349.6
1438170 349.6
1438180 349.6
1438190 349.6
1438200 349.6
1438210 349.6
1438220 349.6
1438230 349.6
1438240 349.6
1438250 349.6
1438260 349.6
1438270 349.6
1438280 349.6
1438290 349.5
1438300 349.3
1438310 349.3
1438320 349.4
1438330 349.8
1438340 349.8
1438350 350.0
1438360 350.1
1438370 350.1
1438380 350.1
1438390 350.1
1438400 350.1
1438410 350.1
1438420 350.1
1438430 350.1
1438440 349.9
1438450 349.8
1438460 349.8
1438470 349.8
1438480 349.8
1438490 349.8
1438500 349.9
1438510 349.9
1438520 349.9
1438530 349.7
1438540 349.6
1438550 349.6
1438560 349.6
1438570 349.6
1438580 349.6
1438590 349.5
1438600 349.5
1438610 349.5
1438620 349.5
1438630 349.5
1438640 349.5
1438650 349.5
1438660 349.5
1438670 349.5
1438680 349.5
1438690 349.6
1438700 349.6
1438710 349.6
1438720 349.6
1438730 349.6
1438740 349.6
1438750 349.6
1438760 349.6
1438770 349.6
1438780 349.6
1438790 349.6
1438800 349.6
1438810 349.6
1438820 349.6
1438830 349.6
1438840 349.7
1438850 349.7
1438860 349.7
1438870 349.6
1438880 349.6
1438890 349.6
1438900 349.6
1438910 349.6
1438920 349.6
1438930 349.6
1438940 349.6
1438950 349.6
1438960 349.6
1438970 349.6
1438980 349.5
1438990 349.5
1439000 349.5
1439010 349.5
1439020 349.5
1439030 349.5
1439040 349.5
1439050 349.5
1439060 349.5
1439070 349.5
1439080 349.5
1439090 349.5
1439100 349.6
1439110 349.6
1439120 349.6
1439130 349.7
1439140 349.8
1439150 349.8
1439160 349.9
1439170 349.9
1439180 349.9
1439190 349.9
1439200 349.9
1439210 349.9
1439220 349.8
1439230 349.7
1439240 349.7
1439250 349.7
1439260 349.7
1439270 349.7
1439280 349.7
1439290 349.7
1439300 349.7
1439310 349.8
1439320 349.7
1439330 349.7
1439340 349.7
1439350 349.7
1439360 349.7
1439370 349.6
1439380 349.9
1439390 349.9
1439400 350.2
1439410 349.9
1439420 349.9
1439430 349.7
1439440 349.5
1439450 349.5
1439460 349.5
1439470 349.5
1439480 349.5
1439490 349.5
1439500 349.6
1439510 349.6
1439520 349.7
1439530 349.8
1439540 349.8
1439550 350.1
1439560 349.9
1439570 349.9
1439580 349.3
1439590 349.3
1439600 349.3
1439610 349.4
1439620 349.4
1439630 349.4
1439640 349.5
1439650 349.5
1439660 349.5
1439670 349.1
1439680 349.2
1439690 349.2
1439700 349.6
1439710 349.6
1439720 349.6
1439730 349.7
1439740 349.7
1439750 349.7
1439760 350.5
1439770 351.7
1439780 351.7
1439790 352.3
1439800 353.7
1439810 353.7
1439820 355.0
1439830 356.6
1439840 356.6
1439850 357.2
1439860 357.1
1439870 357.1
1439880 357.1
1439890 356.9
1439900 356.9
1439910 356.8
1439920 356.8
1439930 356.8
1439940 356.8
1439950 356.7
1439960 356.7
1439970 356.4
1439980 356.4
1439990 356.4
